0.858125
0.858125
0.858125
0.858125
0.86375
0.90625
0.929375
0.96375
0.95875
0.916875
0.87375
0.83375
0.814375
0.8275
0.839375
0.85625
0.899375
0.92125
0.93625
0.953125
0.933125
0.898125
0.880625
0.854375
0.86625
0.92
0.955
1.015625
1.08375
1.11125
1.148125
1.10875
1.025
0.993125
0.96375
0.986875
1.014375
0.9925
0.989375
0.98
0.9825
1.01625
1.003125
0.99625
0.98125
0.916875
0.8675
0.833125
0.799375
0.801875
0.8475
0.859375
0.89125
0.915625
0.8925
0.879375
0.835625
0.81875
0.82
0.826875
0.873125
0.893125
0.935625
1.000625
1.03375
1.075625
1.063125
1.01125
1.00875
0.979375
0.983125
0.99875
0.973125
1.006875
1.0125
1.03375
1.009375
0.960625
0.98625
1.01125
1.108125
1.15625
1.126875
1.06625
0.9925
0.955
0.9275
0.968125
1.001875
1.025625
1.083125
1.069375
1.030625
1.02125
0.978125
0.95
0.933125
0.895625
0.889375
0.890625
0.929375
0.970625
0.97625
0.988125
0.950625
0.910625
0.891875
0.851875
0.83375
0.806875
0.828125
0.904375
0.985
1.11125
1.145625
1.144375
1.1625
1.135
1.148125
1.16875
1.163125
1.130625
1.111875
1.05625
0.984375
0.970625
0.955625
0.945
0.981875
1.015625
1.069375
1.165625
1.225625
1.249375
1.1975
1.11625
1.02125
0.921875
0.888125
0.85875
0.869375
0.904375
0.900625
0.91875
0.88125
0.844375
0.84375
0.815
0.84125
0.873125
0.888125
0.914375
0.915625
0.92
0.924375
0.92875
0.975625
1.01
1.035625
1.096875
1.095625
1.095625
1.10625
1.055625
1.034375
1.003125
0.979375
0.98125
0.97125
0.973125
0.943125
0.913125
0.8825
0.835625
0.824375
0.82875
0.886875
0.983125
1.053125
1.08375
1.04375
0.97875
0.926875
0.9325
0.9675
1.000625
1.083125
1.134375
1.21
1.269375
1.233125
1.1675
1.05875
1.01
1.004375
1.05
1.115625
1.12375
1.13375
1.119375
1.086875
1.059375
1.054375
1.051875
1.074375
1.119375
1.12875
1.119375
1.079375
1.044375
1.065
1.09125
1.13
1.165625
1.1625
1.184375
1.24125
1.273125
1.25875
1.19625
1.07625
0.951875
0.89875
0.89625
0.931875
0.986875
1.00375
1.00375
1.02375
1.03
1.025
1.0
0.954375
0.911875
0.901875
0.9225
0.928125
0.95
0.955625
0.955625
0.935
0.9175
0.900625
0.87625
0.88875
0.870625
0.90625
0.970625
1.009375
1.075625
1.06625
1.01375
1.011875
1.013125
1.036875
1.104375
1.101875
1.09875
1.103125
1.036875
1.02875
1.01375
0.995625
1.038125
1.039375
1.046875
1.03875
1.030625
1.041875
0.999375
0.9675
0.885
0.820625
0.815
0.814375
0.875
0.933125
0.97625
1.04125
1.04625
1.02125
0.978125
0.9275
0.921875
0.90875
0.926875
0.91375
0.875
0.87875
0.87875
0.874375
0.883125
0.85
0.800625
0.785
0.780625
0.80875
0.86125
0.903125
0.93375
0.941875
0.9125
0.9175
0.960625
1.03625
1.14
1.158125
1.128125
1.066875
0.989375
0.9725
0.9375
0.914375
0.919375
0.913125
0.92375
0.930625
0.93375
0.93875
0.988125
1.028125
1.0225
1.013125
0.974375
0.96
0.9775
1.006875
1.0425
1.051875
1.0475
1.05875
1.013125
0.99375
0.985625
0.9275
0.929375
0.905
0.891875
0.9175
0.96625
1.065
1.15125
1.2075
1.189375
1.144375
1.11625
1.095625
1.12
1.103125
1.045
1.03125
0.9925
0.9825
0.998125
0.949375
0.931875
0.953125
0.963125
0.993125
1.0
0.9425
0.943125
0.96125
1.00875
1.11
1.154375
1.17
1.16625
1.093125
0.993125
0.91
0.826875
0.83375
0.914375
0.996875
1.0675
1.055625
0.9925
0.963125
0.984375
1.05125
1.143125
1.181875
1.179375
1.184375
1.15875
1.140625
1.125
1.06375
1.0275
1.05
1.03125
1.08
1.12125
1.1025
1.1225
1.06
0.99
0.899375
0.81125
0.7725
0.760625
0.83125
0.91875
1.005
1.063125
1.026875
0.965
0.88625
0.8275
0.825625
0.84125
0.88875
0.91875
0.9425
0.940625
0.9075
0.894375
0.8825
0.8975
0.93375
0.954375
0.970625
1.003125
1.019375
1.0275
1.05875
1.046875
1.046875
1.065
1.04875
1.049375
1.048125
1.035625
1.006875
0.975625
0.93125
0.93375
0.971875
1.015
1.056875
1.02875
0.97
0.899375
0.86
0.83
0.823125
0.8325
0.815
0.840625
0.900625
0.939375
0.9725
0.9925
0.960625
0.940625
0.95375
0.923125
0.909375
0.905625
0.878125
0.916875
0.9375
0.945625
0.93875
0.87875
0.85125
0.82875
0.8275
0.86625
0.888125
0.9075
0.97
1.0125
1.03625
1.059375
1.008125
0.935
0.91875
0.928125
0.955
1.015
1.0225
0.988125
1.003125
0.984375
0.96
0.973125
0.945
0.97625
1.075625
1.13625
1.153125
1.11875
0.99625
0.896875
0.865625
0.859375
0.938125
1.01
1.04875
1.056875
0.994375
0.95875
0.97
0.99375
1.033125
1.061875
1.01375
1.000625
1.020625
1.015625
1.051875
1.028125
0.9675
0.905625
0.85375
0.845
0.855625
0.924375
0.9875
1.05125
1.10125
1.079375
1.08
1.045625
1.00625
0.985
0.939375
0.93875
0.965
1.0125
1.0575
1.06
1.06125
1.039375
0.97125
0.93625
0.868125
0.82375
0.835625
0.82375
0.83625
0.825
0.80125
0.813125
0.8375
0.91
0.995625
1.068125
1.12875
1.111875
1.084375
1.05
1.040625
1.040625
1.040625
1.040625
