0.969375
0.969375
0.969375
0.969375
0.93
0.90375
0.854375
0.819375
0.8275
0.833125
0.859375
0.886875
0.870625
0.87375
0.88875
0.900625
0.914375
0.913125
0.915625
0.925625
0.950625
0.9675
0.936875
0.88625
0.85
0.8075
0.8225
0.855
0.893125
0.94375
0.9475
0.95375
0.92375
0.895625
0.870625
0.825625
0.800625
0.790625
0.814375
0.855625
0.885625
0.875
0.865
0.845
0.86
0.89875
0.921875
0.951875
0.951875
0.956875
0.945
0.929375
0.895
0.85875
0.829375
0.828125
0.884375
0.929375
0.97375
1.01125
1.0075
1.01875
1.035
1.02375
1.034375
1.0475
1.094375
1.145
1.14
1.125625
1.0525
0.98375
0.963125
0.96875
1.014375
1.029375
1.024375
0.968125
0.896875
0.868125
0.86625
0.89125
0.93875
0.97125
0.9775
1.015625
1.005625
0.9875
1.026875
1.006875
1.025
1.07125
1.054375
1.051875
1.030625
0.9775
0.90625
0.83
0.76625
0.7175
0.7125
0.74
0.754375
0.76875
0.766875
0.768125
0.784375
0.81
0.865625
0.874375
0.88125
0.88
0.841875
0.83125
0.83125
0.820625
0.834375
0.846875
0.843125
0.858125
0.87875
0.93625
1.004375
1.09875
1.15375
1.1375
1.090625
0.976875
0.888125
0.86375
0.864375
0.9275
1.020625
1.1025
1.19375
1.218125
1.1975
1.10625
0.98375
0.884375
0.82625
0.856875
0.96
1.075625
1.120625
1.136875
1.0975
1.063125
1.089375
1.086875
1.055625
1.0175
0.98125
0.96375
1.00875
1.098125
1.146875
1.203125
1.1825
1.06875
0.96625
0.873125
0.8275
0.839375
0.894375
0.908125
0.96625
1.01875
1.02
1.07875
1.04625
1.009375
0.975
0.8825
0.844375
0.811875
0.811875
0.838125
0.855
0.866875
0.85625
0.863125
0.85875
0.858125
0.884375
0.895
0.91875
0.956875
0.943125
0.925
0.95
0.944375
0.986875
1.030625
1.0
0.985625
0.954375
0.93375
0.92375
0.91125
0.88
0.824375
0.833125
0.858125
0.914375
1.01875
1.035
1.038125
1.03875
1.023125
1.04875
1.101875
1.13375
1.105625
1.114375
1.050625
1.005625
1.005625
0.945
0.924375
0.910625
0.89375
0.900625
0.923125
0.90125
0.885625
0.863125
0.816875
0.800625
0.779375
0.76625
0.76125
0.78625
0.815
0.84375
0.87875
0.869375
0.869375
0.881875
0.893125
0.905
0.894375
0.860625
0.83875
0.825625
0.846875
0.890625
0.896875
0.91
0.890625
0.859375
0.868125
0.885625
0.890625
0.893125
0.885
0.869375
0.8975
0.93625
0.954375
0.970625
0.99625
1.039375
1.14125
1.270625
1.32375
1.305625
1.21375
1.085
1.020625
0.994375
0.998125
0.9725
0.9425
0.926875
0.895625
0.901875
0.850625
0.809375
0.831875
0.873125
0.964375
1.021875
1.02875
1.015
0.993125
0.98625
0.955
0.925625
0.943125
0.964375
0.995
1.023125
0.96
0.930625
0.93
0.9225
1.0025
1.02625
1.029375
1.055625
1.0125
0.991875
1.015
1.005625
1.02125
1.03875
0.979375
0.93875
0.895625
0.874375
0.911875
0.96375
1.055625
1.088125
1.130625
1.16125
1.108125
1.069375
0.96875
0.850625
0.791875
0.7575
0.79
0.836875
0.906875
0.976875
1.013125
1.0675
1.041875
1.01875
0.984375
0.94
0.97875
1.01
1.050625
1.074375
1.028125
1.015
1.024375
1.0375
1.083125
1.06125
1.016875
0.966875
0.924375
0.935625
0.955625
0.986875
1.03125
1.030625
1.043125
1.0575
1.02
1.03375
0.99625
0.971875
0.97875
0.94625
0.935
0.89375
0.8675
0.856875
0.87375
0.91625
0.953125
0.97125
0.96875
0.980625
0.975625
0.988125
1.00625
0.956875
0.898125
0.8475
0.788125
0.793125
0.825625
0.856875
0.91125
0.94375
0.9675
0.965
0.945625
0.9575
0.9675
1.0075
1.05
1.015
0.9825
0.93875
0.893125
0.886875
0.875625
0.87
0.865
0.88875
0.923125
0.9725
1.02625
1.043125
1.051875
0.9975
0.94
0.92625
0.904375
0.933125
0.963125
0.93625
0.914375
0.88625
0.843125
0.85625
0.8725
0.9125
0.976875
0.998125
1.019375
1.021875
1.003125
0.985625
0.951875
0.919375
0.895625
0.885625
0.9
0.86375
0.866875
0.87
0.865
0.93
0.921875
0.911875
0.91125
0.865
0.854375
0.883125
0.891875
0.908125
0.935
0.898125
0.884375
0.88125
0.8575
0.85125
0.829375
0.80875
0.7975
0.806875
0.8225
0.82875
0.835625
0.819375
0.7875
0.78
0.7725
0.775
0.800625
0.8
0.7925
0.78625
0.76
0.744375
0.755
0.765625
0.784375
0.813125
0.809375
0.79875
0.790625
0.77625
0.78625
0.845625
0.9025
0.950625
0.989375
0.949375
0.923125
0.89375
0.85125
0.845625
0.8275
0.81375
0.81
0.81625
0.810625
0.80125
0.839375
0.87125
0.925
1.005
0.9925
0.960625
0.90625
0.8325
0.798125
0.78
0.7775
0.7625
0.77375
0.78375
0.790625
0.81125
0.82875
0.861875
0.895
0.92625
0.910625
0.861875
0.811875
0.761875
0.745
0.756875
0.786875
0.826875
0.865
0.88125
0.87625
0.8525
0.825
0.80625
0.79625
0.79625
0.8025
0.8125
0.81375
0.81375
0.809375
0.803125
0.835
0.878125
0.915625
0.981875
0.969375
0.935625
0.928125
0.863125
0.841875
0.829375
0.783125
0.778125
0.774375
0.775625
0.793125
0.798125
0.80125
0.8
0.795
0.776875
0.775
0.774375
0.77875
0.8
0.806875
0.81375
0.814375
0.81875
0.823125
0.8275
0.851875
0.858125
0.8875
0.916875
0.914375
0.923125
0.88375
0.86125
0.85375
0.84625
0.85125
0.839375
0.825625
0.81
0.80875
0.80125
0.81
0.82
0.829375
0.834375
0.829375
0.845
0.858125
0.8825
0.931875
0.956875
0.98125
1.005625
0.954375
0.906875
0.863125
0.8175
0.81875
0.80125
0.794375
0.78875
0.7825
0.809375
0.81125
0.84875
0.885625
0.89375
0.9125
0.870625
0.841875
0.829375
0.821875
0.875
0.92
0.96125
0.998125
0.953125
0.8975
0.858125
0.82
0.843125
0.861875
0.889375
0.915
0.910625
0.915
0.873125
0.833125
0.808125
0.788125
0.77875
0.77125
0.76375
0.751875
0.750625
0.77625
0.833125
0.89125
0.954375
1.00625
1.03125
1.054375
1.07125
1.024375
0.95
0.8775
0.81
0.79
0.780625
0.77125
0.76
0.74625
0.77625
0.8175
0.856875
0.8975
0.876875
0.84625
0.83625
0.82625
0.854375
0.88
0.868125
0.8575
0.830625
0.805
0.8
0.7925
0.8025
0.80125
0.8075
0.813125
0.79875
0.79875
0.796875
0.834375
0.8825
0.92625
0.958125
0.915
0.87
0.8275
0.776875
0.76375
0.754375
0.740625
0.74875
0.756875
0.77375
0.796875
0.80125
0.85375
0.885
0.91
0.95375
0.90125
0.859375
0.82375
0.78625
0.834375
0.8825
0.924375
0.94
0.880625
0.83375
0.7925
0.771875
0.791875
0.80375
0.848125
0.88875
0.925
0.94
0.884375
0.830625
0.790625
0.78
0.805
0.833125
0.853125
0.88375
0.9125
0.935
0.94875
0.901875
0.85875
0.835625
0.815
0.8625
0.925
0.96625
1.009375
1.02875
1.025
1.0275
1.065625
1.06125
1.0525
1.04
0.93875
0.89
0.864375
0.85875
0.92375
0.9675
0.99875
1.01875
1.054375
1.09875
1.143125
1.1575
1.093125
1.005625
0.90375
0.810625
0.763125
0.734375
0.765625
0.765625
0.765625
0.765625
