0.955625
0.955625
0.955625
0.955625
0.943125
0.946875
0.945
0.966875
0.9975
1.003125
0.99625
0.9775
0.956875
0.958125
0.98
1.015625
1.03125
1.039375
1.041875
1.033125
1.035625
1.03375
1.02625
1.0075
0.99375
0.985625
0.971875
0.978125
0.976875
0.965
0.971875
0.958125
0.951875
0.97125
0.9675
0.983125
0.98625
0.971875
0.975625
0.986875
1.004375
1.02375
1.034375
1.019375
1.000625
0.971875
0.9425
0.9225
0.918125
0.93
0.949375
0.966875
0.97
0.960625
0.9425
0.929375
0.9225
0.928125
0.95625
0.973125
0.988125
0.996875
0.979375
0.9675
0.959375
0.959375
0.968125
0.995625
1.014375
1.015
1.011875
0.99
0.97625
0.97125
0.96625
0.966875
0.965625
0.96875
0.976875
0.989375
1.00375
1.019375
1.026875
1.011875
0.990625
0.968125
0.955
0.963125
0.9775
0.984375
1.000625
1.019375
1.026875
1.035
1.019375
0.98375
0.955
0.92875
0.915625
0.92
0.926875
0.944375
0.963125
0.986875
1.0175
1.039375
1.04875
1.043125
1.023125
0.9975
0.990625
0.993125
1.001875
1.020625
1.03
1.020625
1.018125
1.014375
1.0125
1.02875
1.041875
1.0475
1.05375
1.0575
1.045625
1.023125
0.99
0.963125
0.964375
0.9875
1.03125
1.05875
1.046875
1.038125
1.013125
1.0
1.02625
1.0375
1.0425
1.049375
1.034375
1.024375
1.03
1.030625
1.03625
1.023125
1.000625
0.9775
0.9575
0.975
0.999375
1.02125
1.034375
1.030625
1.014375
1.003125
0.998125
0.991875
1.000625
0.9975
0.999375
0.99875
0.994375
0.996875
0.99
0.971875
0.94375
0.9325
0.93375
0.96
0.998125
1.011875
1.0175
0.991875
0.97375
0.976875
0.975
1.0
1.015
1.02375
1.034375
1.036875
1.026875
1.00375
0.991875
0.981875
0.9925
1.015625
1.019375
1.011875
0.99125
0.9575
0.935
0.93375
0.944375
0.96875
1.0
1.03
1.045
1.0475
1.0325
0.995625
0.954375
0.93875
0.934375
0.94125
0.966875
0.976875
0.9975
1.00625
1.01125
1.016875
1.005625
1.016875
1.0275
1.03125
1.045
1.044375
1.031875
1.02125
1.0075
0.995625
1.00125
1.0125
1.021875
1.033125
1.0275
1.00375
0.969375
0.94
0.921875
0.9375
0.970625
0.99375
1.015
1.021875
1.030625
1.043125
1.058125
1.060625
1.059375
1.074375
1.0775
1.084375
1.08
1.05375
1.039375
1.030625
1.023125
1.0225
1.02375
1.016875
1.024375
1.016875
0.995625
0.976875
0.93125
0.91875
0.913125
0.9175
0.954375
0.97
0.99
1.013125
1.020625
1.0275
1.04
1.035625
1.0325
1.021875
0.984375
0.95625
0.933125
0.929375
0.95125
0.971875
0.973125
0.961875
0.955
0.948125
0.966875
1.005625
1.0125
1.018125
1.0125
0.98625
0.98
0.980625
0.97
0.96
0.958125
0.941875
0.946875
0.96125
0.963125
0.980625
0.989375
0.991875
1.003125
1.009375
1.013125
1.008125
1.005
0.999375
0.988125
0.998125
0.999375
0.98625
0.97625
0.961875
0.935
0.9375
0.9625
0.97
1.0075
1.023125
1.01625
1.02375
1.004375
0.98875
0.95875
0.92125
0.908125
0.91375
0.946875
0.975625
0.99
0.98625
0.979375
0.9925
1.000625
1.005
0.9975
0.98125
0.978125
0.97375
0.98
0.979375
0.9725
0.98875
0.994375
0.993125
0.98875
0.958125
0.931875
0.930625
0.93625
0.959375
0.985
0.99625
1.004375
1.00625
1.011875
1.003125
0.994375
0.98875
0.986875
1.005625
1.026875
1.04125
1.036875
1.030625
1.00625
0.991875
0.9875
0.964375
0.968125
0.965625
0.968125
1.0025
1.0275
1.04
1.04375
1.03
1.01375
1.025
1.04375
1.0625
1.071875
1.06375
1.03375
0.999375
0.984375
0.969375
0.985625
1.00625
1.01375
1.02375
1.010625
0.99375
0.983125
0.975
0.983125
1.000625
1.023125
1.050625
1.084375
1.115
1.12625
1.110625
1.07375
1.0325
1.005625
0.9975
1.003125
1.014375
1.015625
1.03625
1.043125
1.04
1.03625
1.0075
0.993125
0.99
0.994375
1.0075
1.021875
1.03125
1.040625
1.033125
1.000625
0.965
0.935625
0.935
0.970625
1.0125
1.048125
1.059375
1.04
0.999375
0.961875
0.934375
0.931875
0.9475
0.946875
0.9575
0.955625
0.966875
1.010625
1.026875
1.035625
1.021875
0.98375
0.973125
0.965
0.96625
0.961875
0.941875
0.9325
0.936875
0.951875
0.970625
0.98625
0.988125
1.0125
1.028125
1.038125
1.04
1.010625
1.001875
0.99125
1.0025
1.01625
1.0225
1.038125
1.016875
0.990625
0.945625
0.89625
0.873125
0.875625
0.9025
0.925
0.964375
0.984375
1.00875
1.028125
1.004375
0.983125
0.925
0.89
0.878125
0.879375
0.910625
0.924375
0.953125
0.963125
0.963125
0.968125
0.956875
0.96
0.97375
0.984375
1.004375
1.0175
1.025
1.03625
1.03125
1.021875
1.015625
1.01125
1.004375
1.005625
0.990625
0.966875
0.96375
0.95125
0.953125
0.968125
0.969375
0.985
1.0025
1.01125
1.02875
1.038125
1.034375
1.03125
1.02625
1.015625
1.019375
1.02125
1.0175
1.025
1.02
1.01875
1.03125
1.023125
1.02375
1.01875
0.99125
0.998125
1.015
1.0375
1.074375
1.07625
1.053125
1.019375
0.975625
0.955
0.955625
0.958125
0.95625
0.9425
0.90875
0.885625
0.88375
0.8925
0.9275
0.95875
0.985
1.0075
0.99625
0.994375
0.981875
0.960625
0.973125
0.98625
1.01375
1.055625
1.07875
1.083125
1.075625
1.05375
1.028125
1.006875
0.985
0.961875
0.9575
0.960625
0.964375
0.986875
0.995
1.005
1.0275
1.043125
1.065
1.085625
1.105625
1.1175
1.121875
1.11
1.078125
1.0475
1.020625
1.015
1.02375
1.03
1.036875
1.025
1.0075
0.99625
0.985625
0.98625
0.991875
1.013125
1.035
1.065625
1.101875
1.118125
1.118125
1.0925
1.040625
0.9725
0.94125
0.94
0.95875
1.004375
1.00625
0.9825
0.95625
0.918125
0.925
0.943125
0.970625
1.00875
1.010625
1.0125
1.005
0.989375
0.995
1.001875
1.018125
1.05125
1.08
1.1075
1.1
1.064375
1.014375
0.9675
0.95625
0.96
0.966875
0.976875
0.99125
0.996875
1.020625
1.024375
1.0025
0.995
0.975625
0.981875
1.001875
1.01
1.028125
1.026875
1.021875
1.01375
0.984375
0.9675
0.95875
0.96875
0.981875
0.986875
0.994375
0.97875
0.9825
0.98625
0.976875
0.99125
0.99875
1.01625
1.0275
1.02
1.01
0.9925
0.984375
0.985
0.98625
0.988125
0.994375
0.998125
0.98875
0.980625
0.965625
0.95625
0.965625
0.96875
0.975625
0.9725
0.961875
0.955
0.941875
0.9425
0.95
0.97
1.0125
1.043125
1.07
1.0775
1.064375
1.05375
1.02625
1.013125
1.0075
0.9975
1.001875
1.000625
0.993125
1.003125
1.02375
1.04375
1.0675
1.07125
1.0675
1.055
1.035625
1.02375
1.00625
0.99125
0.98625
0.97625
0.968125
0.973125
0.975625
0.989375
1.0125
1.025625
1.036875
1.04125
1.031875
1.036875
1.04625
1.049375
1.05375
1.043125
1.02875
1.0275
1.025
1.015625
0.991875
0.965625
0.956875
0.968125
1.000625
1.01125
1.0025
0.989375
0.9775
0.990625
1.0025
0.994375
0.981875
0.965
0.9625
0.986875
0.985625
0.981875
0.961875
0.923125
0.928125
0.94125
0.968125
1.000625
0.99875
0.984375
0.97375
0.971875
0.986875
1.008125
1.010625
0.995
0.974375
0.955
0.953125
0.9675
0.985
1.004375
1.025625
1.045
1.064375
1.07
1.059375
1.035
1.00125
0.97125
0.958125
0.965625
0.96875
0.9825
0.9775
0.95625
0.959375
0.945
0.94375
0.95125
0.94375
0.960625
0.98125
1.009375
1.0375
1.055
1.061875
1.050625
1.031875
1.01125
0.989375
0.975625
0.98625
1.00125
1.015
1.02125
1.010625
0.97375
0.949375
0.935
0.925
0.94625
0.9675
0.9775
0.9875
0.993125
0.985
0.996875
1.00625
1.009375
1.02125
1.029375
1.02875
1.029375
1.02875
1.01125
1.0075
0.9975
0.988125
0.9875
0.9675
0.95625
0.95625
0.953125
0.97875
1.005625
1.0025
1.0025
0.981875
0.961875
0.96625
0.963125
0.9675
0.958125
0.9425
0.94
0.9425
0.9575
0.975625
1.000625
1.01875
1.02625
1.02125
0.996875
0.968125
0.95
0.9525
0.955
0.961875
0.978125
0.9825
0.995625
1.019375
1.02625
1.0225
1.02875
1.0125
0.985625
0.966875
0.9175
0.9
0.919375
0.945
1.004375
1.0325
1.02625
1.0175
0.985
0.953125
0.928125
0.913125
0.90875
0.934375
0.98
1.00375
1.0225
1.011875
0.976875
0.964375
0.958125
0.96125
0.975625
0.975625
0.968125
0.978125
0.995625
1.011875
1.04125
1.043125
1.021875
1.015625
1.0
0.991875
1.00375
1.003125
0.9975
0.998125
0.996875
0.981875
0.9725
0.958125
0.94
0.9375
0.94125
0.943125
0.935
0.926875
0.91125
0.908125
0.929375
0.96
0.985625
1.003125
0.991875
0.97625
0.968125
0.948125
0.939375
0.92625
0.916875
0.925625
0.945625
0.96
0.976875
0.98125
0.97875
0.9825
0.966875
0.965625
0.956875
0.94375
0.935625
0.9175
0.910625
0.906875
0.9225
0.9375
0.953125
0.96375
0.95
0.945625
0.935
0.94375
0.97625
1.0025
1.019375
1.019375
1.0075
0.995625
1.00375
1.009375
1.015
1.018125
1.01125
1.015
1.02125
1.034375
1.04875
1.04875
1.03125
0.990625
0.95625
0.936875
0.9425
0.980625
0.9925
0.994375
0.99125
0.9825
1.00875
1.029375
1.03625
1.020625
0.986875
0.98
0.990625
1.015
1.03875
1.0425
1.036875
1.04
1.030625
1.02375
1.018125
0.99375
1.001875
1.001875
1.00125
1.0175
1.00875
1.010625
0.994375
0.9675
0.955625
0.945
0.968125
0.993125
1.0025
1.013125
0.99625
0.98625
0.985
0.960625
0.9625
0.94875
0.928125
0.936875
0.93625
0.949375
0.968125
0.9825
0.984375
0.994375
1.0175
1.01875
1.029375
1.02875
1.013125
1.02375
1.024375
1.025
1.02625
1.013125
1.020625
1.033125
1.05125
1.074375
1.06625
1.04375
1.009375
0.974375
0.964375
0.971875
0.995625
1.013125
1.023125
1.0125
0.988125
0.985625
0.98
0.9925
1.010625
0.996875
0.99875
0.98375
0.976875
0.99125
0.990625
1.011875
1.025625
1.02875
1.035625
1.035625
1.035
1.04375
1.055625
1.06375
1.066875
1.073125
1.075
1.068125
1.06125
1.033125
1.00875
0.999375
1.0
1.01375
1.02375
1.02
1.0125
1.01375
1.01625
1.03125
1.0375
1.026875
1.016875
1.00375
0.99125
0.98125
0.9625
0.941875
0.94625
0.9575
0.979375
1.0
0.9875
0.97875
0.969375
0.954375
0.955
0.944375
0.924375
0.921875
0.933125
0.9525
1.001875
1.038125
1.051875
1.0575
1.0225
0.989375
0.96875
0.96625
0.988125
1.004375
1.02
1.02375
1.016875
1.0175
1.010625
0.995
0.988125
0.97375
0.96375
0.96375
0.948125
0.9575
0.9625
0.969375
0.9875
0.97625
0.970625
0.95375
0.95125
0.96375
0.969375
0.998125
1.0125
1.010625
1.02
1.01125
0.995
1.005
1.00875
1.015625
1.03
1.015625
1.005
0.9975
0.99
1.0
0.99125
0.964375
0.9425
0.9325
0.945625
0.97875
1.018125
1.03
1.029375
1.01875
0.97875
0.945
0.90875
0.8825
0.88125
0.89
0.9275
0.96125
0.990625
1.024375
1.02875
1.038125
1.0425
1.033125
1.030625
1.009375
0.985
0.965
0.94125
0.945
0.966875
0.985
1.01375
1.01875
1.0025
1.003125
1.00375
1.02125
1.045625
1.0575
1.054375
1.0325
1.010625
0.981875
0.96625
0.96875
0.9775
0.99625
1.006875
1.005
0.994375
0.98125
0.9675
0.95875
0.959375
0.96
0.965
0.96375
0.956875
0.955625
0.948125
0.96125
0.97625
0.98625
1.013125
1.0175
1.0125
1.000625
0.97375
0.960625
0.95875
0.968125
0.979375
0.991875
1.000625
1.004375
1.010625
1.01
1.01375
1.006875
0.996875
0.96875
0.941875
0.931875
0.9475
0.993125
1.026875
1.0675
1.06875
1.051875
1.045625
1.0125
0.99
0.97375
0.941875
0.9275
0.935625
0.94375
0.960625
0.970625
0.954375
0.935625
0.941875
0.9525
0.973125
1.0075
1.01125
1.005625
1.008125
0.995625
0.99375
1.00375
0.9975
0.99875
0.994375
0.98875
0.99125
0.98625
0.989375
0.99
0.995
1.003125
1.004375
1.005625
0.991875
0.975
0.963125
0.945625
0.95125
0.96
0.965
0.985
0.976875
0.969375
0.958125
0.9325
0.935625
0.943125
0.95
0.960625
0.95875
0.946875
0.95
0.9575
0.96375
0.985625
1.003125
1.03375
1.065
1.0775
1.07375
1.040625
1.011875
1.000625
1.02
1.0625
1.0925
1.105
1.085
1.05125
1.025625
1.015
1.0175
1.01375
1.0075
0.995
0.97875
0.96625
0.960625
0.9575
0.964375
0.984375
1.00375
1.02
1.02375
1.025625
1.024375
1.0175
1.016875
1.009375
1.00375
1.00875
1.0225
1.039375
1.045
1.04
1.0175
0.993125
0.981875
0.970625
0.976875
0.976875
0.965625
0.966875
0.959375
0.97
0.994375
1.018125
1.033125
1.025625
1.006875
0.976875
0.95625
0.9575
0.973125
0.988125
1.014375
1.020625
1.016875
1.03125
1.025
1.038125
1.043125
1.03625
1.038125
1.023125
1.00875
0.9825
0.9525
0.93375
0.940625
0.970625
0.99875
1.020625
1.015625
1.000625
1.005625
1.01
1.023125
1.02875
1.013125
1.00625
1.001875
1.0125
1.03
1.030625
1.0275
1.006875
0.984375
0.98125
0.973125
0.9725
0.968125
0.9575
0.945
0.92875
0.929375
0.91625
0.920625
0.93625
0.9325
0.94625
0.950625
0.955
0.97375
0.98625
1.004375
1.018125
1.021875
1.0125
1.001875
0.9875
0.980625
0.99375
0.996875
0.995625
0.995
0.99625
1.0075
1.015625
1.015625
1.006875
0.99
0.991875
0.993125
0.998125
0.99625
0.99125
1.000625
1.013125
1.055625
1.083125
1.09875
1.088125
1.044375
1.011875
0.975
0.9575
0.95125
0.9475
0.948125
0.96375
0.981875
0.995
1.0225
1.03125
1.048125
1.06
1.045625
1.028125
1.01375
1.004375
1.015625
1.036875
1.02375
1.020625
1.0025
0.97625
0.976875
0.951875
0.938125
0.929375
0.92
0.9375
0.95
0.9725
0.98875
0.988125
1.003125
1.008125
1.03125
1.065
1.089375
1.10375
1.095625
1.08125
1.05125
1.03125
1.02
1.0
0.99125
0.988125
0.9825
0.9975
1.000625
0.99
0.975625
0.963125
0.973125
0.99375
1.028125
1.039375
1.044375
1.055
1.051875
1.061875
1.0625
1.055
1.056875
1.053125
1.05125
1.049375
1.040625
1.029375
1.020625
1.009375
0.98875
0.97375
0.965
0.946875
0.956875
0.973125
0.97875
1.0
1.000625
0.98625
0.97625
0.965
0.9575
0.961875
0.975
0.991875
0.995
0.991875
0.9725
0.94875
0.95375
0.961875
0.975625
0.973125
0.96375
0.95875
0.95625
0.971875
0.975625
0.97375
0.971875
0.96625
0.954375
0.955625
0.953125
0.966875
0.988125
0.989375
0.99125
0.956875
0.93125
0.915625
0.903125
0.925
0.946875
0.954375
0.979375
0.99
0.995625
1.021875
1.0325
1.0325
1.025625
1.00875
0.98
0.96875
0.969375
0.9725
0.979375
0.975
0.969375
0.96
0.976875
0.991875
0.99
0.99375
0.96875
0.95375
0.95875
0.95875
0.95625
0.95625
0.94125
0.931875
0.944375
0.95125
0.980625
1.011875
1.01875
1.020625
0.98875
0.95875
0.961875
0.966875
1.006875
1.035625
1.02875
1.020625
0.988125
0.949375
0.926875
0.908125
0.900625
0.910625
0.933125
0.961875
0.983125
0.995
0.985625
0.975625
0.969375
0.96875
0.991875
1.0075
1.0275
1.038125
1.02625
1.020625
1.01375
1.018125
1.02875
1.033125
1.029375
1.025625
1.025625
1.025
1.038125
1.045625
1.044375
1.041875
1.0225
0.995625
0.983125
0.986875
0.996875
1.02
1.026875
1.02125
1.020625
1.01
1.005
0.981875
0.95625
0.935625
0.92625
0.9425
0.96375
0.98875
1.00375
1.009375
1.0025
0.986875
0.97625
0.9675
0.96875
0.97625
0.979375
0.9825
0.98875
0.9975
0.99875
1.0
0.9875
0.969375
0.9675
0.965625
0.971875
0.98625
0.984375
0.9825
0.98375
0.970625
0.970625
0.979375
0.996875
1.030625
1.054375
1.060625
1.03625
1.0
0.96875
0.948125
0.9525
0.960625
0.973125
0.985625
0.991875
1.00625
1.009375
1.00875
1.008125
0.986875
0.975
0.961875
0.9475
0.949375
0.94875
0.95125
0.96
0.966875
0.981875
1.003125
1.021875
1.03375
1.023125
1.00625
0.980625
0.963125
0.96375
0.959375
0.97
0.97
0.97
0.97
