1.07275
1.07275
1.07275
1.07275
1.163125
1.2259375
1.198375
1.24225
1.2233125
1.1776875
1.20525
1.17
1.170875
1.1951875
1.162
1.1649375
1.13175
1.1498125
1.22775
1.242875
1.2760625
1.220375
1.1528125
1.1566875
1.1384375
1.1763125
1.1780625
1.1225
1.0805625
1.0085625
0.9270625
0.8846875
0.8508125
0.8265625
0.8268125
0.814
0.8011875
0.7935625
0.7929375
0.796
0.8013125
0.8035625
0.8095625
0.813375
0.813375
0.8195
0.8369375
0.861375
0.935375
1.0039375
1.0715625
1.1619375
1.1634375
1.2153125
1.224625
1.1805625
1.17025
1.1119375
1.057875
1.02725
1.05175
1.05175
1.06875
1.137
1.13275
1.1295
1.1775
1.153
1.1295
1.1288125
1.035375
0.9453125
0.8896875
0.8354375
0.8706875
0.9279375
0.9665625
1.0525
1.0456875
1.041875
1.0500625
1.01025
1.0255625
1.037
1.0398125
1.018125
1.006875
1.012
1.03925
1.0784375
1.0863125
1.0543125
0.994375
0.947
0.9259375
0.93075
0.9340625
0.9296875
0.8968125
0.8624375
0.843625
0.8325
0.833
0.832625
0.8485625
0.86125
0.875
0.9335
0.99625
1.064625
1.13625
1.1450625
1.1113125
1.1208125
1.1783125
1.2255
1.2608125
1.2324375
1.1560625
1.1065
1.1168125
1.1168125
1.09875
1.13025
1.1318125
1.18675
1.237375
1.214375
1.1799375
1.0963125
1.0540625
1.0374375
1.06175
1.1071875
1.1103125
1.098625
1.00875
0.925875
0.8654375
0.8138125
0.8139375
0.8144375
0.821
0.83525
0.8473125
0.8475
0.8381875
0.8719375
0.9125
0.9681875
1.0281875
1.0434375
1.0471875
1.0381875
1.0335
1.0288125
1.0240625
1.0236875
1.0114375
0.9991875
1.0060625
1.0121875
1.02825
1.00725
0.9600625
0.9176875
0.897125
0.9250625
0.959625
0.9900625
0.992125
0.98275
0.9776875
0.974375
0.956125
0.9454375
0.9795
1.017
1.118375
1.184625
1.161375
1.128625
1.0106875
0.9659375
1.0106875
1.07675
1.186625
1.206125
1.13525
1.02975
0.939875
0.9395
1.030375
1.142125
1.2529375
1.3009375
1.3033125
1.3489375
1.3584375
1.4040625
1.4496875
1.4040625
1.3489375
1.230125
1.1113125
1.08375
1.08375
1.13025
1.1363125
1.052
1.0133125
1.0004375
1.0684375
1.2259375
1.2921875
1.33175
1.30525
1.188375
1.118
1.0209375
0.9295
0.888875
0.892125
0.9668125
1.0615
1.14275
1.1305625
1.073625
1.0175625
0.9736875
1.0271875
1.04025
1.0485
1.0519375
0.988625
0.9605625
0.9670625
0.9744375
0.999875
1.0305
1.0305
1.0305
1.008375
0.9831875
0.935875
0.8855
0.84875
0.819
0.8035625
0.791875
0.792625
0.7894375
0.7973125
0.80775
0.8409375
0.87325
0.898375
0.9163125
0.880875
0.8663125
0.859625
0.8608125
0.8854375
0.8709375
0.84925
0.8503125
0.857875
0.91125
0.9978125
1.031
1.1056875
1.127
1.118375
1.1811875
1.1545
1.15125
1.1251875
1.0363125
1.0369375
1.0631875
1.1075
1.1879375
1.178
1.1265625
1.079875
0.970375
0.9065
0.9065
0.9065
0.996
1.0824375
1.124125
1.16275
1.156625
1.156625
1.156625
1.16275
1.168875
1.1719375
1.1263125
1.07525
0.9761875
0.8823125
0.86775
0.8579375
0.8985
0.9743125
1.0375625
1.0984375
1.162125
1.1445
1.1088125
1.0700625
1.0209375
1.0079375
0.9693125
0.9368125
0.9146875
0.9429375
0.982
1.063625
1.1400625
1.170875
1.2569375
1.2569375
1.297375
1.289125
1.2404375
1.272625
1.264375
1.3354375
1.360875
1.30025
1.194875
1.0313125
0.9103125
0.8325625
0.8443125
0.8805625
0.9685625
1.0613125
1.09125
1.12425
1.087125
1.0530625
1.0149375
0.9853125
0.9805
0.97025
1.0223125
1.057375
1.0669375
1.0710625
0.9948125
0.9353125
0.9014375
0.87775
0.894
0.9179375
0.9303125
0.9340625
0.9604375
0.96975
1.00625
1.0539375
1.048625
1.048625
1.055125
1.066125
1.1108125
1.127125
1.069125
0.9875
0.927
0.8915625
0.9320625
1.000375
1.0195
1.0420625
1.0179375
0.9528125
0.9224375
0.910125
0.9366875
0.9890625
1.0503125
1.0839375
1.070875
1.054625
1.0145
0.9815
1.003
1.034
1.0479375
1.0366875
0.9791875
0.9106875
0.8636875
0.859125
0.8735625
0.8901875
0.9540625
0.9988125
1.0375625
1.0788125
1.0334375
0.9689375
0.9166875
0.86125
0.8453125
0.8528125
0.8728125
0.903
0.9343125
0.97725
1.0048125
1.0245625
1.0598125
1.0634375
1.0636875
1.0771875
1.0811875
1.094625
1.078125
1.0496875
0.9864375
0.9356875
0.9414375
0.9715
1.05075
1.1425
1.2021875
1.18825
1.1386875
1.0470625
0.94225
0.893
0.8503125
0.8300625
0.8508125
0.886375
0.9386875
1.0105625
1.0354375
1.0379375
1.0465
1.022875
1.0719375
1.0981875
1.0953125
1.10075
1.01775
0.95825
0.927875
0.9026875
0.9209375
0.9385
0.9456875
0.9580625
0.9815625
0.999625
1.0135
1.014625
0.9769375
0.949875
0.9040625
0.873625
0.8788125
0.8790625
0.8895625
0.89225
0.880875
0.86925
0.8691875
0.89125
0.911
0.9305
0.9305
0.9305
0.9305
