0.269375
0.269375
0.269375
0.269375
0.21375
0.174375
0.163125
0.15625
0.17875
0.1775
0.183125
0.185
0.191875
0.214375
0.208125
0.195625
0.173125
0.150625
0.16125
0.168125
0.199375
0.223125
0.204375
0.201875
0.184375
0.20625
0.25875
0.311875
0.343125
0.32
0.30375
0.2775
0.269375
0.28375
0.273125
0.25
0.22875
0.210625
0.204375
0.213125
0.219375
0.215625
0.204375
0.184375
0.164375
0.1575
0.16375
0.1825
0.20125
0.2075
0.2075
0.21
0.215625
0.229375
0.23375
0.235
0.23
0.215625
0.220625
0.199375
0.195625
0.206875
0.23125
0.269375
0.2875
0.316875
0.296875
0.294375
0.285625
0.244375
0.2325
0.208125
0.189375
0.179375
0.18
0.206875
0.2375
0.291875
0.3325
0.319375
0.318125
0.279375
0.235
0.2175
0.216875
0.259375
0.29875
0.353125
0.345625
0.30375
0.294375
0.28625
0.32125
0.344375
0.320625
0.269375
0.20875
0.17
0.168125
0.1675
0.18375
0.2075
0.211875
0.258125
0.300625
0.335625
0.385
0.383125
0.35
0.31875
0.27125
0.26
0.27875
0.28875
0.284375
0.265625
0.246875
0.244375
0.285625
0.33125
0.335
0.339375
0.311875
0.274375
0.300625
0.2975
0.314375
0.31875
0.2825
0.285
0.255625
0.244375
0.22125
0.16625
0.135625
0.11
0.111875
0.129375
0.1475
0.179375
0.2025
0.245625
0.291875
0.29875
0.32625
0.304375
0.290625
0.30375
0.295
0.310625
0.295
0.26375
0.221875
0.200625
0.19625
0.204375
0.24
0.256875
0.264375
0.2725
0.273125
0.268125
0.275
0.300625
0.32625
0.34875
0.37875
0.353125
0.32125
0.3125
0.28
0.289375
0.275
0.231875
0.224375
0.213125
0.225625
0.239375
0.23125
0.2375
0.2525
0.31125
0.37125
0.37875
0.38
0.330625
0.27
0.25625
0.22625
0.206875
0.211875
0.2
0.214375
0.27
0.320625
0.385625
0.425
0.43
0.395625
0.35
0.30875
0.27
0.29125
0.291875
0.31375
0.315625
0.26125
0.248125
0.241875
0.258125
0.313125
0.33625
0.320625
0.3
0.254375
0.236875
0.2525
0.2875
0.325625
0.35
0.35625
0.326875
0.3275
0.31625
0.29
0.275
0.21875
0.149375
0.099375
0.0625
0.055625
0.0775
0.096875
0.1125
0.145
0.174375
0.211875
0.260625
0.24625
0.228125
0.21375
0.174375
0.171875
0.169375
0.163125
0.169375
0.19875
0.239375
0.276875
0.316875
0.338125
0.34
0.32375
0.299375
0.25375
0.21625
0.199375
0.201875
0.23375
0.28875
0.32875
0.338125
0.33375
0.3
0.28125
0.2825
0.27625
0.25625
0.23125
0.205
0.21125
0.25
0.29375
0.32875
0.303125
0.26625
0.2475
0.241875
0.276875
0.3
0.27625
0.26875
0.2675
0.27375
0.299375
0.301875
0.30375
0.31125
0.325
0.335
0.325625
0.32375
0.318125
0.286875
0.285625
0.274375
0.2575
0.276875
0.256875
0.21375
0.1875
0.150625
0.120625
0.1225
0.104375
0.105
0.13
0.160625
0.23875
0.28125
0.331875
0.34875
0.305
0.29125
0.2375
0.215625
0.22875
0.225625
0.24
0.229375
0.19375
0.17
0.175
0.21625
0.264375
0.30875
0.300625
0.263125
0.251875
0.2625
0.31625
0.3675
0.386875
0.363125
0.319375
0.280625
0.25375
0.2475
0.244375
0.246875
0.2675
0.2775
0.27375
0.2775
0.249375
0.251875
0.294375
0.316875
0.35125
0.368125
0.345
0.3225
0.295625
0.2625
0.233125
0.219375
0.23625
0.245
0.278125
0.316875
0.3175
0.33
0.3225
0.295
0.2775
0.27
0.256875
0.26125
0.275
0.266875
0.2825
0.29
0.2825
0.295
0.295
0.278125
0.295
0.291875
0.269375
0.2625
0.2275
0.203125
0.21875
0.229375
0.235
0.245
0.233125
0.255625
0.284375
0.32875
0.361875
0.343125
0.34
0.2975
0.27875
0.275625
0.240625
0.21625
0.191875
0.19375
0.244375
0.31125
0.3475
0.354375
0.305625
0.248125
0.20625
0.174375
0.1725
0.1725
0.18
0.205
0.219375
0.235625
0.24125
0.2
0.2
0.2
0.2
