-0.316875
-0.316875
-0.316875
-0.316875
-0.328125
-0.314375
-0.2325
-0.14875
-0.05125
0.02375
0.08
0.089375
0.100625
0.094375
0.054375
-0.001875
-0.089375
-0.135625
-0.13625
-0.083125
0.00125
0.01375
0.02625
0.045625
0.04875
0.085
0.07
0.025625
0.011875
0.049375
0.086875
0.1025
0.043125
-0.060625
-0.07625
-0.00125
0.13375
0.21
0.208125
0.113125
0.00375
-0.01
-0.0175
0.01625
0.05875
0.066875
0.09125
0.0825
0.064375
0.03375
-0.029375
-0.0625
-0.095
-0.133125
-0.103125
-0.06125
-0.03
0.0325
0.07875
0.08125
0.07875
0.07
-0.008125
-0.06
-0.080625
-0.088125
-0.04875
-0.00875
0.01375
-0.033125
-0.055625
-0.055625
-0.055
0.016875
0.055
0.059375
0.065
0.021875
-0.02625
-0.07875
-0.121875
-0.115625
-0.073125
0.03
0.123125
0.213125
0.270625
0.259375
0.20875
0.105625
0.01625
-0.06
-0.081875
-0.08875
-0.11375
-0.119375
-0.139375
-0.15875
-0.163125
-0.178125
-0.194375
-0.156875
-0.094375
-0.040625
0.028125
0.034375
0.006875
-0.00125
-0.03875
-0.0525
-0.073125
-0.11375
-0.139375
-0.149375
-0.15875
-0.1875
-0.169375
-0.18375
-0.154375
-0.069375
-0.053125
-0.01875
-0.041875
-0.07875
-0.10375
-0.12875
-0.088125
-0.059375
-0.02875
0.023125
0.015625
0.026875
0.064375
0.066875
0.106875
0.098125
0.07125
0.07
0.050625
0.060625
0.060625
0.0475
0.050625
0.05375
0.066875
0.0775
0.056875
0.045625
0.03125
0.011875
0.02625
0.0075
0.004375
0.005625
-0.00875
0.025
0.021875
0.021875
-3.46944695195e-18
-0.064375
-0.079375
-0.106875
-0.090625
-0.048125
-0.099375
-0.1125
-0.123125
-0.15625
-0.051875
0.01375
0.023125
0.031875
-0.02875
-0.04375
-0.026875
-0.000625
0.001875
-0.071875
-0.15875
-0.20375
-0.268125
-0.29
-0.320625
-0.40375
-0.3525
-0.299375
-0.1575
0.025
0.085
0.19125
0.190625
0.14125
0.13375
0.0575
0.0
-0.0325
-0.055625
-0.125625
-0.135
-0.14375
-0.21625
-0.15375
-0.100625
-0.028125
0.135625
0.226875
0.233125
0.181875
0.091875
0.008125
-0.02125
0.055625
0.07125
0.05625
0.066875
-0.0225
-0.104375
-0.134375
-0.211875
-0.283125
-0.24875
-0.1875
-0.06125
0.089375
0.208125
0.225
0.18
0.181875
0.113125
0.14125
0.17875
0.134375
0.1375
0.033125
-0.07625
-0.14
-0.215
-0.205625
-0.156875
-0.126875
-0.07625
-0.04375
-0.059375
-0.036875
0.003125
0.05125
0.124375
0.10875
0.029375
-0.07
-0.186875
-0.230625
-0.210625
-0.1675
-0.091875
-0.030625
-0.048125
-0.046875
-0.056875
-0.06625
-0.026875
-0.059375
-0.08125
-0.088125
-0.084375
-0.0325
-0.018125
-0.05
-0.096875
-0.111875
-0.09125
-0.01875
0.06875
0.07625
0.080625
0.0425
-0.0325
-0.038125
-0.063125
-0.0525
0.0075
0.000625
-0.011875
-0.014375
-0.0425
-0.054375
-0.03125
-0.0125
-0.0025
0.04375
0.063125
-0.025625
-0.095625
-0.181875
-0.255625
-0.196875
-0.171875
-0.165
-0.161875
-0.218125
-0.235
-0.205625
-0.218125
-0.20125
-0.199375
-0.21625
-0.19375
-0.2
-0.19875
-0.17625
-0.123125
-0.039375
0.02625
0.018125
0.01
-0.00125
0.01125
0.115
0.148125
0.178125
0.195
0.118125
0.07375
0.010625
-0.076875
-0.105625
-0.125625
-0.153125
-0.176875
-0.225
-0.289375
-0.2825
-0.22
-0.15875
-0.068125
-0.088125
-0.158125
-0.200625
-0.25625
-0.25625
-0.241875
-0.23375
-0.2425
-0.25
-0.211875
-0.165625
-0.065
0.058125
0.091875
0.10375
0.10375
0.10375
0.10375
