0.675625
0.675625
0.675625
0.675625
0.728125
0.781875
0.804375
0.805
0.810625
0.85125
0.88875
0.90625
0.91875
0.93625
0.92625
0.954375
1.028125
0.956875
0.925
0.855625
0.675625
0.6025
0.5425
0.518125
0.643125
0.831875
1.044375
1.315625
1.5025
1.59
1.575
1.426875
1.246875
1.0825
0.961875
0.8825
0.875
0.95125
1.060625
1.16375
1.15125
1.061875
0.95375
0.871875
0.901875
0.91
0.884375
0.939375
0.919375
0.900625
1.01125
0.97
1.045625
1.259375
1.308125
1.394375
1.31875
1.064375
0.913125
0.81375
0.785625
0.83
0.795
0.74875
0.803125
0.85375
0.9925
1.19375
1.23125
1.311875
1.309375
1.158125
1.0925
0.95375
0.85375
0.826875
0.83
0.865625
0.90125
0.94625
0.88875
0.8125
0.743125
0.665
0.6725
0.71875
0.795625
0.92
1.02125
1.09
1.050625
0.8875
0.7575
0.650625
0.62625
0.7775
0.851875
1.00125
1.191875
1.285
1.4275
1.408125
1.30125
1.126875
0.95125
0.858125
0.8
0.81125
0.81875
0.82
0.788125
0.828125
0.844375
0.8325
0.8625
0.7225
0.674375
0.721875
0.780625
1.02375
1.18625
1.323125
1.44375
1.47625
1.4675
1.335
1.195625
1.006875
0.92375
0.911875
0.88
0.849375
0.77875
0.74125
0.72625
0.78125
0.811875
0.81375
0.911875
1.014375
1.095
1.161875
1.124375
1.021875
0.96875
1.009375
0.9925
1.1025
1.24625
1.268125
1.325
1.218125
1.07
1.015625
1.023125
1.09375
1.0825
0.98375
0.85375
0.805
0.830625
0.92625
1.095
1.146875
1.21375
1.284375
1.198125
1.143125
1.05625
0.88875
0.810625
0.76375
0.72875
0.744375
0.824375
0.871875
0.8975
0.9675
0.87
0.81125
0.809375
0.7575
0.833125
0.885625
0.973125
1.078125
1.150625
1.2075
1.114375
0.953125
0.768125
0.61375
0.558125
0.56875
0.61375
0.65625
0.68875
0.68875
0.69875
0.666875
0.646875
0.688125
0.715625
0.77625
0.806875
0.780625
0.745625
0.7175
0.69625
0.74125
0.795625
0.865
0.923125
0.868125
0.805625
0.793125
0.790625
0.874375
0.996875
0.95375
0.98375
0.9675
0.87625
0.891875
0.808125
0.749375
0.768125
0.776875
0.82
0.92
0.915
0.895625
0.845625
0.6725
0.5975
0.540625
0.545625
0.644375
0.68875
0.7225
0.79
0.834375
0.91375
0.998125
0.998125
0.99375
1.060625
1.200625
1.31375
1.425
1.4525
1.311875
1.251875
1.229375
1.110625
1.080625
0.9775
0.85125
0.878125
0.93125
1.093125
1.230625
1.245
1.3025
1.298125
1.2525
1.305625
1.27375
1.1375
1.089375
1.048125
0.9575
1.059375
1.105625
1.070625
1.095
0.930625
0.8075
0.728125
0.659375
0.718125
0.740625
0.761875
0.813125
0.886875
1.049375
1.20625
1.3475
1.391875
1.25875
1.20875
1.1225
1.04125
1.090625
1.05375
1.058125
1.0925
1.095
1.05625
0.970625
0.94
0.925625
0.945
1.035
1.02375
1.0175
1.0075
0.9
0.848125
0.73375
0.655625
0.715
0.769375
0.975
1.165625
1.240625
1.380625
1.310625
1.206875
1.100625
0.86375
0.73375
0.663125
0.659375
0.689375
0.795
0.92375
0.98375
1.0975
1.090625
0.9825
0.945625
0.8925
0.883125
1.0025
1.048125
1.088125
1.12125
1.04875
1.014375
0.984375
0.968125
1.006875
1.048125
1.054375
1.020625
0.866875
0.7125
0.615
0.576875
0.645625
0.746875
0.82875
0.884375
0.964375
0.97625
0.979375
0.986875
0.92125
0.889375
0.85875
0.819375
0.860625
0.8825
0.900625
0.993125
0.98875
1.05625
1.100625
1.083125
1.194375
1.265625
1.3775
1.4075
1.325625
1.175
1.02
0.92875
0.826875
0.7725
0.715
0.655
0.6775
0.70875
0.8125
0.94125
0.975625
1.026875
0.9725
0.95
1.071875
1.2525
1.44875
1.535625
1.45
1.215625
0.94
0.80625
0.756875
0.82625
0.935625
0.995625
1.120625
1.13125
1.155
1.143125
1.054375
1.096875
1.169375
1.21875
1.24625
1.140625
1.053125
1.028125
1.01375
1.174375
1.256875
1.28875
1.44
1.413125
1.400625
1.35125
1.10125
0.99875
0.911875
0.9075
1.03375
1.0025
0.986875
0.924375
0.808125
0.78375
0.793125
0.8275
0.916875
0.969375
0.875
0.771875
0.71125
0.705625
0.863125
1.075625
1.153125
1.209375
1.15625
1.071875
1.098125
1.088125
1.1325
1.165625
1.105
1.1525
1.17875
1.196875
1.2675
1.26125
1.27125
1.175625
1.073125
0.905625
0.735
0.679375
0.60375
0.611875
0.58875
0.56875
0.591875
0.591875
0.649375
0.738125
0.824375
0.824375
0.824375
0.824375
