1.054375
1.054375
1.054375
1.054375
1.02875
0.974375
0.929375
0.928125
0.903125
0.899375
0.851875
0.78125
0.74125
0.7075
0.718125
0.764375
0.796875
0.83125
0.84625
0.8275
0.8225
0.8075
0.815625
0.826875
0.85875
0.929375
0.9725
1.02625
1.0375
0.98375
0.959375
0.949375
0.935
0.949375
0.9425
0.909375
0.93
0.955
0.9875
1.021875
0.994375
0.943125
0.8875
0.83375
0.801875
0.8075
0.8
0.809375
0.824375
0.805625
0.818125
0.81875
0.840625
0.87125
0.8625
0.865
0.830625
0.81
0.825
0.806875
0.835625
0.851875
0.87875
0.97625
1.00625
1.055
1.08
1.04625
1.05375
1.071875
1.053125
1.03
1.029375
0.968125
0.949375
0.93
0.855625
0.855
0.854375
0.875
0.93875
0.95
0.9475
0.94125
0.919375
0.905
0.915625
0.91125
0.908125
0.900625
0.861875
0.841875
0.809375
0.8
0.84625
0.9025
0.995
1.088125
1.13
1.135
1.09
1.01125
0.926875
0.869375
0.83125
0.826875
0.8175
0.818125
0.865625
0.901875
0.969375
1.005625
1.000625
0.985
0.97
0.9875
0.97125
0.96375
0.955625
0.928125
0.9425
0.97125
0.97875
0.96875
0.935
0.926875
0.91
0.934375
0.979375
0.936875
0.9475
0.93375
0.925625
0.986875
0.983125
0.97
0.94625
0.90375
0.906875
0.9225
0.9225
0.92125
0.906875
0.8925
0.89375
0.876875
0.848125
0.81375
0.79375
0.794375
0.798125
0.81875
0.805
0.803125
0.80875
0.813125
0.874375
0.92125
0.97625
1.010625
0.9925
0.953125
0.8975
0.8475
0.814375
0.825
0.85375
0.893125
0.93
0.943125
0.93875
0.94
0.92125
0.901875
0.89
0.86
0.898125
0.93125
1.008125
1.076875
1.074375
1.06625
0.980625
0.95625
0.946875
0.988125
1.060625
1.04
1.02125
0.940625
0.86
0.873125
0.909375
0.9775
1.06
1.06
1.04125
1.015625
0.976875
1.011875
1.07875
1.125
1.190625
1.171875
1.090625
1.02625
0.95125
0.941875
0.9925
1.045625
1.043125
1.038125
1.016875
1.0175
1.0675
1.06125
1.018125
0.94125
0.9125
0.97
1.0325
1.135625
1.158125
1.12375
1.12875
1.101875
1.109375
1.103125
1.110625
1.103125
1.076875
1.08125
1.015625
0.965625
0.9725
0.955625
0.978125
1.024375
0.9825
0.9875
0.98625
0.97625
1.024375
1.0275
1.04375
1.018125
1.019375
1.04
1.045625
1.11
1.109375
1.11875
1.143125
1.094375
1.099375
1.1
1.126875
1.205
1.2175
1.184375
1.12
1.045625
1.0025
0.984375
0.9475
0.908125
0.884375
0.893125
0.905
0.955625
1.02
1.050625
1.074375
1.030625
0.953125
0.899375
0.9025
0.951875
0.9925
1.035625
1.02625
0.996875
1.036875
1.025625
1.00875
1.01125
0.91875
0.88125
0.870625
0.836875
0.846875
0.843125
0.828125
0.811875
0.800625
0.77375
0.789375
0.834375
0.895
0.978125
0.993125
0.98625
0.9625
0.941875
0.9525
0.963125
0.9725
0.953125
0.93125
0.926875
0.900625
0.915625
0.95
1.000625
1.085625
1.1
1.09875
1.035
0.95625
0.936875
0.91625
0.963125
1.000625
1.001875
0.993125
0.92375
0.87875
0.890625
0.916875
0.94875
0.979375
0.97625
0.95875
0.98625
1.026875
1.024375
1.073125
1.074375
1.040625
1.0475
0.965
0.918125
0.868125
0.830625
0.860625
0.87125
0.873125
0.85125
0.82875
0.81125
0.81125
0.81125
0.81125
