125.9375
125.9375
125.9375
125.9375
112.4625
103.59375
99.9625
100.325
97.0125
92.6125
94.14375
96.5875
106.6125
119.99375
125.175
129.50625
124.3875
117.39375
105.95
94.9
93.96875
96.96875
106.29375
115.55625
116.06875
110.13125
106.375
103.9875
104.1625
111.76875
117.7375
122.9625
132.2
136.525
142.4625
144.55
137.475
128.525
114.4125
110.7625
118.8625
125.2375
135.46875
133.53125
121.4625
111.6875
104.6625
106.65625
114.78125
129.96875
143.43125
149.85
151.175
147.76875
134.2875
122.81875
120.58125
112.30625
115.41875
118.8375
115.25
118.36875
121.05625
125.6875
128.68125
131.30625
128.75
124.95
121.66875
113.0375
110.4875
113.4125
122.85625
136.01875
136.01875
136.01875
136.01875
