89.34375
89.34375
89.34375
89.34375
97.60625
95.73125
100.0625
112.01875
124.8875
132.96875
128.6375
116.775
104.0
96.0125
100.55625
97.6125
98.04375
103.38125
97.94375
112.125
125.375
130.58125
140.2375
133.63125
120.19375
109.99375
102.25625
100.43125
108.175
116.05
120.3125
122.24375
119.1875
118.325
116.90625
120.88125
123.5125
124.1
131.11875
132.51875
139.3875
146.425
150.73125
157.1375
152.9
147.5625
128.1
110.40625
104.01875
98.73125
112.03125
128.575
140.975
145.95
145.23125
134.4875
123.24375
125.2
125.2875
130.4875
135.925
135.0375
135.25625
134.8125
134.8
134.7875
136.1125
131.34375
122.4375
109.08125
92.2875
89.36875
92.55625
102.65625
119.64375
133.0
140.55625
147.6375
151.925
149.26875
150.65625
145.9125
137.3
134.85
129.76875
131.53125
134.7875
135.2375
144.3375
154.05625
163.09375
171.75
161.49375
142.24375
119.175
93.73125
85.76875
80.95625
84.3125
89.41875
92.6375
100.5625
104.09375
108.63125
108.1125
105.4125
103.11875
101.16875
100.8125
99.69375
100.98125
105.34375
107.8375
116.0
124.15
131.1375
141.7625
147.1
147.34375
143.45625
137.9
132.9875
132.51875
134.475
134.91875
133.775
130.48125
127.9625
128.16875
129.7
136.8625
137.7875
137.4
133.55
119.23125
108.4125
96.28125
92.0
100.5375
111.9
124.11875
134.34375
135.7
135.08125
139.70625
138.61875
136.0625
136.225
125.39375
116.1875
117.225
112.64375
115.75
120.55
110.36875
105.41875
97.50625
88.93125
89.975
89.35
93.49375
102.1
109.2875
116.375
120.175
120.05625
120.0
118.1375
115.7125
109.925
107.475
111.675
117.23125
126.73125
134.275
133.9375
132.575
133.8875
129.30625
126.35
126.6625
119.3875
119.56875
124.16875
122.59375
126.88125
125.15625
118.83125
118.78125
122.23125
135.0125
149.3875
157.5875
158.88125
147.525
136.16875
127.2875
120.1375
122.31875
124.5
126.0
121.81875
111.625
101.33125
97.975
100.5625
107.8
111.95
110.10625
110.7875
108.18125
114.70625
116.075
118.6
127.21875
125.43125
131.2
133.025
127.59375
128.6625
125.59375
120.13125
117.24375
111.9875
110.575
111.71875
111.68125
110.96875
112.3375
115.5
124.525
138.7
143.23125
144.375
140.95
127.05625
124.375
122.075
119.89375
130.24375
134.46875
141.31875
150.1625
151.475
154.125
155.79375
152.15
148.2375
141.6625
131.2375
121.775
113.80625
107.83125
106.85625
108.4375
106.93125
103.26875
96.64375
88.96875
87.00625
87.7625
93.2875
103.73125
110.60625
116.91875
119.94375
115.48125
112.0625
106.8375
101.5125
98.5625
101.00625
110.1
122.43125
137.84375
147.3125
145.6125
141.625
135.36875
124.81875
122.0125
113.90625
105.26875
106.31875
108.05
113.6875
121.08125
123.63125
123.75
125.51875
125.5
119.15625
113.14375
105.2625
98.7375
98.5375
105.25625
111.63125
114.15625
118.55625
109.21875
101.44375
96.95625
96.91875
102.2875
108.5125
116.6125
112.9125
111.275
107.6625
103.025
103.0125
103.1125
101.35
101.95625
107.8625
115.525
132.0375
140.80625
140.675
134.4
120.35625
116.59375
118.925
125.8875
136.2875
136.94375
133.91875
128.11875
119.65625
117.8
119.7875
127.00625
134.63125
135.25
130.775
120.68125
107.63125
103.875
103.40625
109.54375
122.5
125.64375
130.6625
127.34375
116.28125
115.58125
113.65625
115.85
121.88125
117.0
110.3625
101.39375
99.05625
108.95625
119.9625
137.59375
142.11875
133.5375
126.2625
109.9375
101.5
98.93125
93.75
93.15625
91.65625
95.1375
99.9875
109.5
119.275
124.90625
135.31875
141.675
146.90625
145.43125
135.5125
119.46875
102.98125
95.54375
90.4625
92.60625
95.91875
99.725
103.29375
108.23125
114.9125
112.43125
112.85
105.225
94.38125
92.20625
89.06875
91.29375
97.39375
99.4625
101.075
105.2375
106.11875
108.7625
110.95
108.5375
106.94375
109.34375
113.96875
124.075
136.9875
140.60625
145.475
145.225
139.3625
136.8625
133.3375
128.61875
128.06875
125.06875
117.81875
112.7625
102.88125
104.15
104.25625
104.59375
110.2625
108.94375
111.04375
112.38125
109.98125
110.15625
109.2875
108.075
109.49375
103.2
97.8875
93.68125
91.4125
99.80625
112.7875
127.075
139.9875
146.29375
148.075
152.15
150.175
147.0625
134.075
118.3375
105.84375
97.325
108.41875
112.96875
121.725
129.34375
126.3
133.79375
137.25625
139.86875
144.85
138.6625
135.0875
127.85625
119.0625
119.31875
117.725
119.55625
118.5875
113.65
113.01875
113.66875
116.675
123.78125
127.50625
131.7875
142.10625
146.65
151.6625
157.325
145.38125
136.35625
125.25
99.75625
86.39375
79.8125
76.71875
94.025
119.6
136.51875
144.4
146.0
141.31875
137.99375
148.23125
152.03125
148.9375
141.975
128.23125
123.3875
123.45
132.425
141.4
145.40625
153.9375
158.325
160.31875
161.3625
158.2625
154.78125
156.0875
154.525
152.58125
146.49375
125.88125
114.4875
102.575
98.95
112.80625
123.225
134.5625
136.85
137.25
138.08125
138.1125
144.91875
146.9
142.09375
140.08125
137.25
138.5875
145.06875
143.68125
145.10625
137.4
130.825
128.41875
119.89375
119.1125
117.89375
117.98125
119.2625
124.03125
123.94375
130.6375
141.7125
144.28125
144.975
130.6875
111.20625
94.01875
94.76875
111.91875
130.94375
145.925
136.64375
119.1625
102.53125
101.50625
123.71875
139.15
149.08125
150.63125
137.0875
137.10625
143.5875
145.9375
155.4125
156.23125
157.225
159.4125
158.4625
159.00625
154.75625
151.56875
147.8625
144.4
136.29375
125.4875
112.11875
95.80625
99.075
98.93125
102.43125
107.70625
98.59375
102.25
108.38125
114.4
121.6125
121.96875
109.03125
100.2375
83.69375
72.0
80.81875
87.475
109.4
122.025
121.25625
123.5125
123.1125
132.0125
142.28125
146.425
146.76875
141.49375
142.375
143.98125
141.7875
139.2375
133.66875
133.7125
143.23125
156.36875
171.06875
181.5875
185.10625
187.35625
172.6375
155.08125
134.15625
100.075
83.9625
68.34375
51.30625
56.1375
63.3625
75.1875
100.575
116.3625
124.38125
130.525
128.425
126.1875
126.8375
133.8125
144.6625
159.675
171.8
174.28125
163.94375
141.8625
112.4125
87.725
82.65
87.5125
101.1875
113.41875
112.35625
110.38125
118.6625
124.95625
139.01875
141.38125
133.10625
118.55
92.76875
91.28125
87.51875
102.28125
132.11875
146.0125
161.15
166.88125
162.5375
160.1
165.4
167.55625
166.68125
165.80625
160.5125
155.81875
157.9
154.50625
140.975
129.46875
116.09375
106.8875
105.51875
106.625
110.76875
121.975
132.09375
140.25625
145.0
136.8125
131.5875
126.5375
119.1125
125.06875
134.00625
138.6
145.2875
140.98125
132.475
125.69375
117.05
115.0625
113.78125
117.13125
127.34375
138.725
144.14375
148.4
150.30625
147.73125
149.45
147.41875
140.3625
135.8125
137.35625
141.625
141.7125
137.51875
125.9375
109.05625
104.80625
103.575
105.78125
112.4375
112.2
105.70625
94.16875
81.325
76.2875
87.9625
105.39375
127.05
142.2625
144.08125
143.2
141.00625
134.20625
128.775
120.96875
107.79375
106.0625
107.40625
115.13125
132.6375
141.16875
147.0875
152.8625
145.8375
141.06875
142.5125
137.31875
145.6875
154.05625
153.06875
146.5875
127.30625
105.6
89.75625
92.98125
96.1125
105.325
111.7125
107.84375
117.20625
122.6125
133.88125
134.89375
128.8875
122.25
109.175
116.23125
124.78125
124.3875
124.16875
110.3125
95.7875
99.95
111.6
130.775
145.74375
152.9625
152.63125
146.1125
145.23125
133.4125
123.0875
117.6125
108.1875
108.6375
106.8125
102.825
103.35
109.225
118.80625
126.8
131.99375
130.41875
123.45625
118.88125
114.1875
116.71875
128.46875
139.41875
149.9875
157.14375
162.7375
163.28125
164.5875
161.10625
152.3125
149.6125
146.53125
146.3625
147.925
151.78125
150.73125
145.3625
141.4875
132.025
129.56875
133.26875
133.44375
136.15
134.65625
130.80625
125.7875
117.86875
120.7375
121.45
130.53125
141.96875
141.4875
142.9625
141.40625
140.6125
139.4625
142.3125
141.4125
138.3375
140.44375
138.36875
131.84375
126.275
119.1125
112.33125
107.94375
105.11875
105.6125
102.6875
113.43125
126.86875
134.73125
139.55625
130.25625
118.00625
104.59375
109.76875
124.11875
136.3875
153.8875
159.25625
157.96875
156.30625
156.69375
151.60625
150.375
152.61875
145.325
143.50625
139.31875
129.58125
128.8
129.63125
131.225
137.2625
137.5
137.73125
132.675
129.5125
132.75625
134.39375
142.80625
149.79375
155.825
159.2
160.70625
155.2875
140.11875
120.3875
105.56875
101.2875
105.41875
127.025
136.9375
141.625
145.78125
134.775
134.0125
127.6875
110.425
102.59375
92.625
91.125
106.71875
118.16875
118.15625
109.1625
92.95
73.21875
73.21875
73.21875
73.21875
