0.05628719375
0.05628719375
0.05628719375
0.05628719375
0.0562068
0.0582435
0.0663994125
0.07620366875
0.08375549375
0.08637940625
0.08620794375
0.079221775
0.069827425
0.062982725
0.05399991875
0.04980355625
0.04869331875
0.05055359375
0.05378335625
0.056927425
0.05625165
0.051997475
0.05062595
0.05153984375
0.0577953625
0.0620390625
0.06631268125
0.0648647625
0.06030094375
0.05851011875
0.052580875
0.05369525625
0.0566419875
0.06148901875
0.0680662875
0.0705998375
0.0686954
0.065329625
0.06128590625
0.05893015
0.06456019375
0.06883435
0.07132249375
0.06980070625
0.06067303125
0.05463148125
0.055926025
0.06493658125
0.081961175
0.0965775875
0.10391368125
0.103705225
0.09595221875
0.0855268
0.07724533125
0.071636275
0.06869963125
0.069377575
0.06865580625
0.06835401875
0.06585250625
0.061730875
0.06360954375
0.06298430625
0.0671785
0.0720506375
0.06639219375
0.06512576875
0.05729784375
0.045683875
0.044050175
0.03726450625
0.04061485625
0.0512730625
0.058145225
0.066539175
0.062544675
0.0550283625
0.04789196875
0.045599475
0.053443
0.0622287
0.06999033125
0.07423015
0.07410819375
0.0721018875
0.07073973125
0.069377575
0.0684354
0.069377575
0.0684447
0.068454
0.0684633
0.0692606625
0.0716084
0.0720717875
0.07347735
0.073152675
0.0780248125
0.0803173125
0.07906151875
0.0760754875
0.06821731875
0.067402775
0.07085829375
0.075101875
0.07667304375
0.0747224
0.0717519625
0.0662018875
0.06374420625
0.0590868
0.05408326875
0.0542483125
0.05451556875
0.05751833125
0.0573282125
0.05830855625
0.05593813125
0.05511585
0.0595610875
0.058371875
0.06457005
0.0663116375
0.06370351875
0.0684600875
0.06246361875
0.05727068125
0.0520900375
0.03616770625
0.02800873125
0.02306565
0.02165645
0.0326357
0.0439985
0.052067775
0.061462775
0.0601047375
0.05946643125
0.06204401875
0.05883189375
0.0601123
0.05669203125
0.05209825
0.05079494375
0.05215475
0.05398249375
0.05964409375
0.06594523125
0.0668056625
0.07014259375
0.06491369375
0.059435775
0.06167386875
0.059473975
0.060214775
0.06084738125
0.05182140625
0.0502590375
0.05060535
0.0473788625
0.0494957875
0.0478950875
0.05100036875
0.05734354375
0.0637706375
0.0684132375
0.0661066
0.06350950625
0.05907366875
0.05491460625
0.0510217
0.04643355
0.04354764375
0.04440924375
0.04530415
0.0474318
0.0509289375
0.05117598125
0.05223848125
0.05340436875
0.0551045625
0.0607852125
0.0680395375
0.07331684375
0.07195649375
0.06499364375
0.05679568125
0.04988126875
0.04655366875
0.04563425
0.045320925
0.047207325
0.054608525
0.0612235875
0.06711369375
0.0682574875
0.05990405
0.05380083125
0.04809323125
0.0458148625
0.04855720625
0.04953744375
0.05080641875
0.05097029375
0.0522956125
0.05594721875
0.05902135
0.0623179375
0.0614894625
0.0537605875
0.04572654375
0.03770385
0.03227056875
0.03417338125
0.03755274375
0.04059608125
0.04428954375
0.04589896875
0.0463370125
0.04994360625
0.0528786625
0.05283696875
0.0545147875
0.0510949375
0.04794049375
0.04738288125
0.0443593375
0.04584338125
0.0471146
0.0503385
0.05882703125
0.06187103125
0.0645331125
0.0661846875
0.0636067875
0.06510226875
0.0694576375
0.07004225625
0.0688966375
0.06947449375
0.0633558375
0.06259630625
0.0632689875
0.05878373125
0.0604291875
0.059164175
0.0581971875
0.0620358125
0.063267025
0.0672863375
0.068461775
0.0670035
0.071060025
0.06651414375
0.0651368125
0.06481734375
0.05483929375
0.0529676375
0.050693675
0.04491319375
0.044476125
0.043214625
0.0446275875
0.0491984625
0.05385325625
0.05702604375
0.05695785
0.0583816125
0.062753075
0.0668253375
0.07101984375
0.073772975
0.06870804375
0.06542431875
0.0636043875
0.0598442125
0.062514725
0.06207281875
0.05871198125
0.05595259375
0.04814811875
0.04517914375
0.04354455
0.04254415625
0.0447009625
0.0442027
0.04681105625
0.04999113125
0.05474428125
0.05704665
0.05726498125
0.05752500625
0.05498245625
0.05465730625
0.05135540625
0.0459069
0.0403380625
0.03425295
0.03271735
0.0349517875
0.03851146875
0.04521164375
0.05263155
0.06242134375
0.07169994375
0.07586395625
0.07248341875
0.06019573125
0.04806421875
0.0405468
0.040365475
0.04515228125
0.049758325
0.05096513125
0.04892184375
0.04619248125
0.04538798125
0.0468955
0.04618925
0.04872089375
0.0478969
0.04483048125
0.0466761375
0.04273208125
0.04330971875
0.04517090625
0.04714955
0.05140773125
0.0528220375
0.0567003
0.05907113125
0.06275023125
0.06389878125
0.062583375
0.0579172
0.052546725
0.05107129375
0.04933163125
0.05324911875
0.05814818125
0.05868284375
0.05990171875
0.05734984375
0.05285751875
0.0530118625
0.0518043375
0.05195896875
0.05301754375
0.05078259375
0.04805875625
0.04194836875
0.03850109375
0.03930621875
0.04154211875
0.04733849375
0.0473258875
0.0436711375
0.04261321875
0.04130443125
0.0438231125
0.04777391875
0.0479618375
0.04775241875
0.04535855
0.0415795375
0.03990846875
0.03995564375
0.0441775875
0.0499829625
0.05536864375
0.0571377
0.05533089375
0.05293018125
0.04854319375
0.0461088875
0.04920361875
0.05072921875
0.05235440625
0.05397959375
0.04901770625
0.04562495
0.04353040625
0.04150214375
0.04353040625
0.04555866875
0.0476532125
0.051567875
0.0507818625
0.0519606
0.05417584375
0.05476891875
0.0584543875
0.06215215
0.06667175625
0.071605075
0.07837084375
0.0801715875
0.07825563125
0.07536370625
0.0649789375
0.0576035625
0.0508029875
0.04392051875
0.047518875
0.05012059375
0.0552894125
0.058909975
0.0546177125
0.05321284375
0.0514406
0.05159653125
0.0528678125
0.0533146625
0.05232343125
0.0513865
0.05264751875
0.05242653125
0.05324935625
0.0521057125
0.05390976875
0.05513786875
0.05232225
0.0555847625
0.05038655
0.04752305625
0.05212316875
0.04936658125
0.051729175
0.05137413125
0.0475994875
0.05050434375
0.0560570125
0.06510210625
0.07079643125
0.07205981875
0.06990615625
0.0656132125
0.0640825625
0.0634940875
0.0614507625
0.05978735625
0.0575749125
0.05444629375
0.0528991
0.05074781875
0.04921185625
0.0475555625
0.04669050625
0.0456296375
0.04778091875
0.0529213875
0.0592233
0.06339860625
0.066390025
0.0655423625
0.061580575
0.0605122375
0.0556854
0.0520633625
0.0521996
0.0516207
0.0492618625
0.0479529
0.041923525
0.03830851875
0.03881900625
0.04383335625
0.05232578125
0.06196643125
0.0713348
0.07410079375
0.07471005625
0.065930775
0.0565317
0.04818491875
0.041263625
0.041263625
0.041263625
0.041263625
