-0.150625
-0.150625
-0.150625
-0.150625
-0.120625
-0.0625
0.015
0.041875
0.0875
0.0775
0.068125
0.099375
0.083125
0.096875
0.09125
0.048125
-0.00125
-0.085625
-0.159375
-0.214375
-0.230625
-0.208125
-0.15125
-0.0825
-0.05125
-0.0425
-0.0575
-0.089375
-0.1025
-0.099375
-0.118125
-0.108125
-0.07125
-0.055
-0.01375
-0.041875
-0.12375
-0.16625
-0.22
-0.179375
-0.091875
-0.01625
0.070625
0.08625
0.061875
-0.00375
-0.04125
-0.0675
-0.080625
-0.038125
-0.063125
-0.08375
-0.08125
-0.114375
-0.104375
-0.060625
-0.049375
-0.006875
0.035625
0.0425
0.10625
0.11375
0.08625
0.05625
-0.048125
-0.09875
-0.1225
-0.12125
-0.0525
-0.005
0.080625
0.1575
0.16
0.166875
0.1125
0.035625
0.036875
0.00625
-0.029375
-0.04875
-0.125
-0.14375
-0.120625
-0.0825
-0.03625
-0.040625
-0.053125
-0.08125
-0.084375
-0.03875
0.013125
0.048125
0.089375
0.090625
0.051875
0.02375
-0.038125
-0.066875
-0.028125
0.045
0.145625
0.1925
0.158125
0.10625
0.01375
-0.01125
0.01125
0.005
0.049375
0.06
0.06875
0.0975
0.056875
-0.0175
-0.0925
-0.173125
-0.173125
-0.10875
-0.038125
0.04375
0.104375
0.10375
0.103125
0.096875
0.043125
0.013125
-0.058125
-0.1025
-0.12
-0.101875
-0.041875
-0.005
0.065625
0.085625
0.11375
0.11875
0.1075
0.151875
0.139375
0.156875
0.133125
0.061875
0.028125
-0.024375
-0.034375
-0.02
0.0125
0.06625
0.126875
0.176875
0.20875
0.219375
0.191875
0.126875
0.050625
-0.03625
-0.088125
-0.081875
-0.053125
0.028125
0.0975
0.144375
0.199375
0.2175
0.22
0.22375
0.1775
0.115
0.079375
0.045
0.04125
0.030625
-0.01
-0.051875
-0.081875
-0.059375
-0.029375
-0.025
-0.030625
-0.07375
-0.10875
-0.1175
-0.108125
-0.0825
-0.0425
0.039375
0.0675
0.070625
0.043125
-0.03125
-0.058125
-0.038125
-0.0025
0.0275
0.015
-0.0025
-0.02
-0.01125
0.04125
0.071875
0.118125
0.140625
0.16
0.164375
0.145
0.1
0.01625
-0.06
-0.113125
-0.08375
0.02125
0.13625
0.22125
0.216875
0.16375
0.128125
0.1025
0.143125
0.16875
0.174375
0.17125
0.1375
0.105
0.03875
-0.01375
-0.05625
-0.096875
-0.091875
-0.086875
-0.07875
-0.033125
-0.01125
0.0225
0.02625
0.019375
0.024375
0.0325
0.07625
0.085
0.09375
0.074375
0.015625
-0.025625
-0.066875
-0.10875
-0.113125
-0.0925
-0.071875
-0.010625
0.0525
0.073125
0.09375
0.074375
0.015625
-0.025625
-0.066875
-0.0975
-0.090625
-0.05875
-0.015
0.046875
0.110625
0.1125
0.1025
0.05
-0.008125
-0.02125
-0.04625
-0.030625
-0.045
-0.03125
-0.005625
0.019375
0.08
0.086875
0.09375
0.074375
0.015625
-0.025625
-0.066875
-0.09
-0.075625
-0.03625
0.014375
0.068125
0.098125
0.071875
0.036875
-0.014375
-0.033125
-0.004375
0.035
0.0775
0.085625
0.06625
0.006875
-0.0475
-0.074375
-0.094375
-0.07625
-0.053125
-0.0525
-0.026875
-0.0125
-0.021875
-0.000625
0.01
0.023125
0.055
0.051875
0.0225
-0.03
-0.06875
-0.094375
-0.09625
-0.059375
-0.03875
-0.005
0.01875
0.013125
-0.00125
-0.055625
-0.09125
-0.101875
-0.108125
-0.065625
-0.036875
-0.030625
0.000625
-0.011875
-0.01125
0.004375
0.004375
0.04
0.02875
-5.20417042793e-18
-0.03125
-0.085
-0.086875
-0.055625
-0.01125
0.055625
0.106875
0.128125
0.114375
0.079375
0.028125
-0.001875
-0.015
-0.031875
-0.02125
-0.036875
-0.0425
-0.025625
-0.03625
-0.01375
-0.00125
-0.01125
-0.0075
-0.04375
-0.06125
-0.0625
-0.041875
-0.003125
0.035
0.074375
0.07
0.055625
0.015
-0.029375
-0.05875
-0.065
-0.058125
-0.0625
-0.041875
-0.04375
-0.0325
-0.0175
-0.031875
-0.02125
-0.045625
-0.05375
-0.050625
-0.048125
-0.015
-0.004375
0.00625
-0.009375
-0.03375
-0.05375
-0.07375
-0.089375
-0.1075
-0.111875
-0.089375
-0.063125
-0.045625
-0.02125
-0.045625
-0.043125
-0.029375
-0.01625
0.0325
0.05125
0.07
0.0625
0.0275
0.00875
-0.01
-0.0025
0.0275
0.0275
0.04625
0.03
-0.00875
-0.025625
-0.053125
-0.036875
-0.006875
0.023125
0.031875
-0.003125
-0.024375
-0.031875
-0.013125
0.04125
0.068125
0.0675
0.031875
-0.03625
-0.090625
-0.104375
-0.0825
-0.041875
0.010625
0.009375
-0.024375
-0.058125
-0.110625
-0.13625
-0.129375
-0.095625
-0.04125
0.013125
0.04
0.018125
-0.03625
-0.090625
-0.104375
-0.10125
-0.0675
-0.021875
-0.01125
-0.00125
-0.015
-0.04125
-0.064375
-0.07125
-0.055
-0.049375
-0.025625
0.00125
0.005625
0.02125
0.02375
0.005625
0.025625
0.03875
0.046875
0.06375
0.031875
0.025
0.00125
-0.01125
-0.006875
-0.018125
-0.013125
-0.036875
-0.0625
-0.090625
-0.09625
-0.08375
-0.0525
-0.02375
-0.023125
-0.011875
-0.00375
-0.004375
0.00625
-0.023125
-0.075
-0.10375
-0.12125
-0.098125
-0.05625
-0.026875
-0.02
-0.040625
-0.07125
-0.1125
-0.1375
-0.1375
-0.1325
-0.089375
-0.0375
0.005625
0.04875
0.05
0.011875
-0.0425
-0.096875
-0.129375
-0.124375
-0.071875
-0.0075
0.058125
0.120625
0.129375
0.114375
0.078125
0.0125
-0.046875
-0.094375
-0.12875
-0.130625
-0.11875
-0.106875
-0.081875
-0.046875
-0.0025
0.060625
0.110625
0.111875
0.094375
0.039375
-0.02875
-0.065
-0.058125
-0.02125
0.041875
0.11375
0.129375
0.144375
0.119375
0.066875
0.059375
0.030625
0.02875
0.046875
0.035625
0.0425
0.063125
0.06625
0.049375
0.01125
-0.06125
-0.10875
-0.135
-0.13875
-0.088125
-0.05375
-0.008125
0.015
-0.0225
-0.046875
-0.076875
-0.07125
-0.025
0.000625
0.045
0.064375
0.075
0.08875
0.085
0.099375
0.101875
0.14
0.15
0.125
0.11375
0.05875
0.07125
0.09
0.096875
0.105
0.0725
0.0875
0.1125
0.15125
0.186875
0.185625
0.160625
0.130625
0.073125
-0.0175
-0.075625
-0.098125
-0.05625
0.0325
0.105
0.13
0.12125
0.130625
0.165
0.195625
0.1925
0.146875
0.038125
-0.029375
-0.029375
-0.030625
0.049375
0.12875
0.13375
0.1625
0.136875
0.07125
0.08
0.059375
0.04625
0.024375
-0.024375
-0.011875
0.006875
0.088125
0.140625
0.149375
0.158125
0.128125
0.10125
0.080625
0.05125
0.046875
0.101875
0.113125
0.146875
0.160625
0.1
0.09625
0.07375
0.05125
0.0675
0.058125
0.07375
0.060625
0.05125
0.0625
0.03375
0.03375
0.033125
0.04375
0.065625
0.075625
0.089375
0.046875
0.008125
0.015
-0.029375
-0.030625
-0.013125
-0.045
-0.026875
-0.000625
0.031875
0.1025
0.151875
0.151875
0.151875
0.151875
