0.751625
0.751625
0.751625
0.751625
0.823375
1.0341875
1.245
1.2721875
1.299375
1.1104375
0.9215
0.9001875
0.9009375
1.0186875
1.1593125
1.105125
1.0245625
0.9221875
0.809125
0.8070625
0.7904375
0.8869375
0.92275
0.9551875
1.0065
0.8425
0.8514375
0.866
0.9046875
1.167625
1.194
1.33025
1.530375
1.5354375
1.6888125
1.6179375
1.3709375
1.200875
0.9584375
0.8404375
0.8106875
0.7514375
0.7525
0.7529375
0.729125
0.7654375
0.767
0.7418125
0.787875
0.8331875
0.8794375
0.968
0.9634375
0.8965625
0.847875
0.759875
0.7145
0.7075625
0.6809375
0.6511875
0.655375
0.6629375
0.7045625
0.7925
0.8226875
0.8884375
0.9365
0.9145
0.9185625
0.843625
0.746625
0.7063125
0.7033125
0.8525
1.025125
1.27325
1.4851875
1.4818125
1.477
1.27575
1.0394375
0.9063125
0.7451875
0.7023125
0.717375
0.7635625
0.8404375
0.90225
0.9295
0.9095625
0.896875
0.9723125
1.066
1.1495
1.230125
1.1466875
1.0389375
0.9596875
0.8331875
0.8585625
0.93675
1.0196875
1.2486875
1.289625
1.2833125
1.375125
1.2315
1.2361875
1.238
1.0696875
1.08525
1.0524375
1.0549375
1.0753125
1.03625
1.007
0.932125
0.9081875
0.8460625
0.752375
0.6891875
0.616125
0.6844375
0.8273125
0.9650625
1.1234375
1.178625
1.277
1.4785625
1.765375
1.97625
2.1033125
2.1271875
2.05125
2.1271875
2.112625
2.026
1.8673125
1.55675
1.3391875
1.151375
0.98325
0.868375
0.728
0.6510625
0.7509375
0.907125
1.12525
1.310375
1.2566875
1.14625
0.985125
0.826625
0.7936875
0.759875
0.6971875
0.6821875
0.67625
0.7414375
0.887875
0.972
1.04675
1.025
0.9814375
0.95325
0.8830625
0.8885
0.8403125
0.8208125
0.8358125
0.828875
0.9565625
1.02775
1.10725
1.1833125
1.1595625
1.21275
1.2391875
1.247875
1.15675
0.9978125
0.957125
0.945125
1.04475
1.17425
1.1019375
1.022
0.925
0.868625
0.9256875
0.9864375
1.06975
1.08675
1.10775
1.1968125
1.2335
1.2931875
1.3990625
1.323875
1.2864375
1.2371875
1.1229375
1.1539375
1.187375
1.2338125
1.1558125
1.0376875
0.9416875
0.855
0.9185625
1.047125
1.131125
1.2168125
1.3103125
1.2244375
1.1731875
1.0735625
0.929375
0.91075
0.83975
0.8119375
0.7880625
0.7440625
0.7429375
0.7155
0.6535625
0.6016875
0.6451875
0.72925
0.9033125
1.0789375
1.037
0.964875
0.848125
0.7610625
0.8189375
0.88575
0.9486875
0.97925
0.9509375
0.9349375
0.9150625
0.860125
0.8211875
0.7938125
0.7624375
0.8011875
0.9766875
1.20425
1.4236875
1.684
1.70775
1.579625
1.484375
1.2010625
1.0581875
0.9766875
0.849125
0.846
0.8224375
0.828
0.8989375
0.946375
1.061875
1.17375
1.2494375
1.358375
1.2915625
1.154375
1.005125
0.92275
1.04
1.2328125
1.5256875
1.618625
1.4873125
1.3831875
1.1029375
0.9796875
1.029375
1.03575
1.1345625
1.1803125
1.1885
1.1736875
1.238375
1.298375
1.3244375
1.3735
1.2666875
1.1674375
1.1791875
1.1856875
1.228
1.2975
1.279
1.294
1.3655625
1.3793125
1.3930625
1.3785625
1.3319375
1.3319375
1.248125
1.1455
1.1545
1.1746875
1.250375
1.34575
1.2763125
1.160875
1.092625
1.034375
1.106125
1.1890625
1.235375
1.23075
1.0579375
0.9246875
0.9201875
0.96275
1.1466875
1.2868125
1.2509375
1.2010625
1.09
1.018125
0.9679375
0.9609375
0.9405
0.8686875
0.8375
0.8460625
0.9434375
1.073375
1.2138125
1.20625
1.1424375
1.075125
1.031125
1.0474375
1.0314375
1.03775
0.9851875
0.928375
1.019875
1.04225
1.120125
1.210625
1.1169375
1.18025
1.2119375
1.266375
1.4649375
1.4526875
1.432125
1.3728125
1.141625
1.0168125
0.916375
0.84525
0.9016875
1.0448125
1.1635625
1.277625
1.325
1.167
1.0255
0.90175
0.819625
0.8858125
0.9594375
0.992125
1.046625
1.0649375
1.040375
1.04075
0.9883125
0.9008125
0.8478125
0.79875
0.779125
0.822625
0.87875
0.8745625
0.868125
0.9165625
0.949875
1.063125
1.178625
1.111375
1.023
0.8795625
0.781
0.7915625
0.849625
1.0405
1.157125
1.25175
1.2829375
1.0948125
0.9160625
0.7881875
0.7326875
0.8110625
0.9323125
0.99225
0.9986875
0.95825
0.9819375
1.0170625
1.0544375
1.1629375
1.0928125
1.062125
1.078875
1.0103125
1.0195625
0.9699375
0.8640625
0.79125
0.731125
0.680875
0.6433125
0.647125
0.666
0.73075
0.8295625
0.8520625
0.8444375
0.8088125
0.738625
0.727375
0.74625
0.7835625
0.8291875
0.846
0.8326875
0.78925
0.761875
0.7595
0.7755625
0.82175
0.857625
0.8784375
0.8813125
0.8540625
0.8015625
0.7228125
0.667875
0.7311875
0.8285625
0.9784375
1.1131875
1.056625
1.0005625
0.8980625
0.8003125
0.7678125
0.7396875
0.7290625
0.7411875
0.7820625
0.7738125
0.8033125
0.8135625
0.8349375
0.8835
0.8619375
0.926125
0.9681875
1.062125
1.191125
1.1415
1.097
0.983375
0.98075
1.0593125
1.143
1.2498125
1.1575
1.0861875
1.004625
0.911375
0.994375
1.0428125
1.1015
1.1595625
1.017375
0.8980625
0.747375
0.6179375
0.62225
0.6470625
0.8125
0.9600625
1.08325
1.1654375
1.034625
1.024875
0.999
1.014125
1.1155
1.016625
0.9728125
0.8991875
0.840625
0.855125
0.8061875
0.7631875
0.7376875
0.7423125
0.78925
0.854625
0.8998125
0.9299375
0.945
0.939875
0.9508125
0.9739375
0.9970625
1.0465
1.04875
1.0115625
0.96925
0.8845625
0.8231875
0.7890625
0.7651875
0.7525625
0.7555625
0.86175
0.94775
1.0436875
1.1318125
1.004625
0.895875
0.765875
0.7390625
0.9365
1.14225
1.41775
1.486875
1.3194375
1.1174375
0.8430625
0.6818125
0.6584375
0.696875
0.7558125
0.826
0.8905625
0.8850625
0.986125
1.034875
1.0758125
1.1578125
1.071625
1.00875
0.94925
0.8609375
0.8145
0.79875
0.7913125
0.82675
0.8613125
0.8890625
0.9173125
0.9215625
0.962125
0.9705625
0.9344375
0.9864375
1.02275
1.16325
1.344625
1.34975
1.3733125
1.30875
1.2525625
1.261625
1.34375
1.335375
1.2820625
1.2505
1.031
0.904375
0.8058125
0.732375
0.7704375
0.80375
0.8575625
0.9105
0.9366875
0.9625
1.0583125
1.107875
1.175875
1.22775
1.077
0.9654375
0.8621875
0.8899375
1.0538125
1.14925
1.2490625
1.23675
1.18875
1.3175625
1.41425
1.3999375
1.385
1.1211875
0.86175
0.7121875
0.5989375
0.6235625
0.6715625
0.7218125
0.7240625
0.71875
0.68475
0.6846875
0.7448125
0.82825
0.9456875
1.015875
1.022625
0.988
0.936375
0.8729375
0.8518125
0.842875
0.8339375
0.873
0.897
0.9331875
0.969375
0.997625
1.114
1.206
1.298
1.446
1.505875
1.56625
1.626625
1.6149375
1.51
1.4233125
1.3526875
1.2820625
1.2869375
1.2701875
1.185
0.9888125
0.8215625
0.7776875
0.817375
0.975875
1.1198125
1.0444375
0.9279375
0.7958125
0.6670625
0.6493125
0.6415
0.6493125
0.657125
0.6649375
0.703875
0.766125
0.8595
0.9640625
1.0214375
1.0438125
1.0311875
1.03125
1.0271875
1.0124375
1.0775
1.1225625
1.2240625
1.3546875
1.3095625
1.2605625
1.1714375
1.071625
1.0955
1.08825
1.084875
1.07375
1.03875
1.03825
1.005375
0.976375
0.920125
0.9603125
1.06525
1.158
1.278
1.1871875
1.0518125
0.9446875
0.8475
0.896375
0.94575
1.051125
1.1315
1.25275
1.4095625
1.418375
1.474625
1.379
1.235625
1.244125
1.2080625
1.230625
1.2770625
1.2475625
1.2424375
1.25975
1.2770625
1.294375
1.3754375
1.4311875
1.58675
1.6490625
1.5473125
1.4619375
1.188625
1.02975
0.9711875
0.9565
1.0248125
1.144
1.251
1.39
1.5514375
1.516375
1.4328125
1.2121875
0.97425
0.885375
0.8761875
0.997
1.1178125
1.237875
1.355
1.3073125
1.2450625
1.146875
0.961
0.8815
0.831125
0.804875
0.8865625
0.955125
0.9918125
0.981375
0.89325
0.9115
0.9259375
1.0105
1.1210625
1.0413125
1.025
1.0495625
1.0858125
1.227125
1.289875
1.20075
1.127
1.0386875
0.9839375
1.0810625
1.11925
1.12125
1.2369375
1.19375
1.185625
1.226
1.044375
0.9526875
0.8688125
0.8724375
0.9870625
1.170625
1.3351875
1.324
1.320625
1.1480625
0.9900625
0.8729375
0.7401875
0.718
0.703625
0.759375
0.858
0.900875
1.032375
1.1288125
1.1901875
1.3284375
1.2909375
1.2295625
1.1720625
1.05225
1.0843125
1.2400625
1.3641875
1.51875
1.5253125
1.4320625
1.3904375
1.4355
1.50025
1.4745
1.3956875
1.1476875
0.988375
0.9219375
0.8788125
0.9875625
1.06
1.134375
1.2375
1.1766875
1.1135
1.005375
0.8865625
0.855625
0.841625
0.91675
0.9675
1.0305625
1.0790625
1.0551875
1.0233125
0.97925
0.900125
0.86875
0.8899375
0.8938125
0.9439375
0.9378125
0.8993125
0.8954375
0.90425
0.9293125
0.9305
0.865875
0.7628125
0.8003125
0.8785625
1.0538125
1.269125
1.247875
1.20975
1.0880625
0.9299375
0.9960625
1.0206875
1.1154375
1.172625
1.017875
0.92925
0.7976875
0.7740625
0.84175
0.8601875
0.89825
0.8698125
0.83375
0.85625
0.8280625
0.8069375
0.8265625
0.7995625
0.8226875
0.7934375
0.7555625
0.7284375
0.7018125
0.852
0.955625
1.0611875
1.16025
1.0510625
0.9785
0.935125
0.8663125
0.900125
0.933
0.89825
0.9869375
1.045875
1.0784375
1.1555
1.02425
0.8766875
0.775
0.6875625
0.7105625
0.7801875
0.8005625
0.8005
0.8016875
0.7563125
0.771875
0.791875
0.774125
0.791375
0.760625
0.69725
0.6811875
0.6884375
0.723375
0.793625
0.85625
0.856625
0.8366875
0.82675
0.817625
0.839625
0.85425
0.8570625
0.8289375
0.839
0.8484375
0.8273125
0.9399375
1.0073125
1.108625
1.2315
1.137125
1.0186875
0.881125
0.7511875
0.7231875
0.7456875
0.745375
0.8495625
0.9893125
1.0936875
1.242875
1.1805625
1.0738125
0.9830625
0.8635
0.8505
0.8494375
0.864375
0.8473125
0.8215625
0.759625
0.7655
0.81775
0.8683125
0.9798125
0.9315625
0.8878125
0.8750625
0.8376875
0.849
0.862625
0.849875
0.9369375
1.0655
1.1356875
1.186625
1.032625
0.850125
0.7455625
0.686625
0.738125
0.82325
0.851625
0.839
0.809875
0.76925
0.79225
0.8341875
0.895125
0.912
0.8454375
0.8080625
0.78225
0.8218125
0.8945
0.8836875
0.8535
0.77725
0.755125
0.9098125
1.0339375
1.162625
1.209375
1.0436875
0.934
0.836625
0.785875
0.846125
0.8666875
0.9273125
1.064125
1.170875
1.2806875
1.310375
1.1399375
0.9454375
0.7885
0.6948125
0.72025
0.7961875
0.8448125
0.8470625
0.84425
0.794875
0.7321875
0.728875
0.727
0.760125
0.802375
0.77925
0.7474375
0.746
0.769875
0.81975
0.8920625
0.9911875
1.0550625
1.1183125
1.144125
1.0168125
0.9079375
0.8390625
0.8055625
0.8339375
0.84775
0.8108125
0.8520625
0.945
1.0356875
1.1193125
1.0045625
0.850125
0.709125
0.59675
0.5948125
0.6265
0.66825
0.7191875
0.7648125
0.763875
0.80225
0.8101875
0.8246875
0.8775625
0.8350625
0.804875
0.7615625
0.7230625
0.75775
0.7996875
0.833625
0.8321875
0.773
0.7150625
0.70225
0.7088125
0.7605
0.78675
0.7630625
0.7775625
0.774125
0.8111875
0.9708125
1.0851875
1.215625
1.3028125
1.1816875
1.0365
0.85475
0.694625
0.6449375
0.64575
0.6704375
0.80725
0.914125
0.9744375
1.0653125
0.9790625
0.953875
0.9909375
0.99325
1.0204375
0.9870625
0.9064375
0.8341875
0.8020625
0.78175
0.86175
0.9493125
1.029875
1.147375
1.064625
0.942375
0.8633125
0.75625
0.7590625
0.8014375
0.77525
0.7675
0.8004375
0.8375
0.903125
0.9296875
0.9099375
0.8583125
0.8336875
0.8330625
0.830875
0.81825
0.78325
0.7844375
0.763875
0.7908125
0.82125
0.767
0.78025
0.7535
0.7064375
0.7271875
0.73475
0.7895
0.8479375
0.90325
0.9071875
0.8836875
0.9125625
0.9491875
1.1073125
1.2365
1.2833125
1.29525
1.1258125
0.995625
0.931625
0.86125
0.8841875
0.9128125
0.9200625
0.972875
1.00025
1.0031875
1.0035
0.9685
0.9664375
0.9503125
0.9103125
0.84625
0.772
0.7485625
0.756125
0.833
0.88325
0.899125
0.9293125
0.8753125
0.9575625
1.0299375
1.040375
1.1198125
0.982
0.8503125
0.80075
0.7018125
0.725125
0.764375
0.720625
0.706625
0.649125
0.584625
0.5979375
0.625625
0.69425
0.7435625
0.7566875
0.7548125
0.7449375
0.7883125
0.9195625
1.0505625
1.153875
1.208625
1.0755625
0.939875
0.8516875
0.7834375
0.831
0.8788125
0.89775
0.9206875
0.9285
0.9361875
0.9648125
1.074625
1.154375
1.257125
1.3136875
1.27975
1.276125
1.209375
1.18125
1.153125
1.123875
1.128875
1.139875
1.150875
1.16775
1.196375
1.196375
1.196375
1.196375
