0.63625
0.63625
0.63625
0.63625
0.6425
0.623125
0.623125
0.585
0.55
0.5475
0.53625
0.545625
0.531875
0.505625
0.470625
0.4375
0.42375
0.415
0.44125
0.469375
0.495625
0.54125
0.543125
0.565625
0.603125
0.598125
0.634375
0.64375
0.619375
0.648125
0.629375
0.593125
0.586875
0.546875
0.525625
0.52625
0.510625
0.483125
0.4675
0.460625
0.46125
0.46875
0.469375
0.46125
0.456875
0.459375
0.461875
0.464375
0.4575
0.45625
0.453125
0.45
0.456875
0.474375
0.485
0.48875
0.4875
0.45375
0.451875
0.46375
0.4775
0.513125
0.50375
0.4875
0.4675
0.44375
0.449375
0.44625
0.43625
0.4225
0.40125
0.3975
0.406875
0.443125
0.479375
0.524375
0.569375
0.576875
0.575625
0.563125
0.548125
0.560625
0.58375
0.59375
0.601875
0.585625
0.565625
0.5375
0.49875
0.460625
0.42625
0.398125
0.380625
0.37375
0.366875
0.370625
0.378125
0.383125
0.39125
0.39125
0.3875
0.38625
0.381875
0.38625
0.405
0.449375
0.5075
0.57375
0.605
0.59625
0.55625
0.50375
0.483125
0.498125
0.519375
0.544375
0.553125
0.514375
0.48375
0.449375
0.41625
0.431875
0.450625
0.4625
0.481875
0.47875
0.471875
0.4775
0.503125
0.52875
0.58375
0.633125
0.66125
0.6675
0.644375
0.625625
0.57625
0.553125
0.50375
0.4775
0.500625
0.5125
0.556875
0.55625
0.529375
0.51625
0.523125
0.565
0.598125
0.6175
0.604375
0.553125
0.5125
0.478125
0.459375
0.4775
0.50125
0.524375
0.51625
0.473125
0.45625
0.4425
0.451875
0.481875
0.451875
0.418125
0.38375
0.351875
0.35875
0.37125
0.39375
0.415625
0.425
0.42875
0.41625
0.40125
0.38875
0.386875
0.393125
0.409375
0.4375
0.4725
0.5025
0.51
0.499375
0.47
0.45125
0.449375
0.481875
0.491875
0.5025
0.516875
0.48
0.473125
0.474375
0.468125
0.511875
0.558125
0.5725
0.610625
0.598125
0.57875
0.590625
0.548125
0.540625
0.528125
0.48875
0.4825
0.463125
0.468125
0.498125
0.55375
0.636875
0.68625
0.701875
0.683125
0.6175
0.585
0.57375
0.5425
0.533125
0.475
0.44125
0.456875
0.494375
0.58625
0.655
0.70375
0.710625
0.6725
0.63125
0.57875
0.545625
0.53375
0.495625
0.445
0.396875
0.34375
0.323125
0.334375
0.37125
0.4425
0.53375
0.61375
0.670625
0.69625
0.67125
0.665
0.639375
0.5925
0.57375
0.53875
0.509375
0.509375
0.538125
0.560625
0.59875
0.620625
0.605
0.564375
0.515
0.491875
0.460625
0.4625
0.473125
0.48125
0.52
0.554375
0.5825
0.595625
0.599375
0.59875
0.610625
0.59125
0.5375
0.488125
0.42125
0.388125
0.41125
0.436875
0.493125
0.56875
0.601875
0.63
0.615625
0.565625
0.51625
0.47625
0.455
0.46125
0.5
0.531875
0.56375
0.5625
0.52125
0.49875
0.495
0.518125
0.5625
0.59125
0.584375
0.565625
0.5725
0.573125
0.61
0.65
0.663125
0.660625
0.6175
0.57625
0.514375
0.464375
0.45
0.435
0.46375
0.50375
0.510625
0.516875
0.475
0.445
0.43125
0.441875
0.501875
0.550625
0.601875
0.634375
0.648125
0.63125
0.623125
0.60625
0.5875
0.626875
0.673125
0.709375
0.73625
0.72375
0.666875
0.616875
0.56875
0.53
0.54875
0.60625
0.659375
0.681875
0.6675
0.59375
0.546875
0.530625
0.50625
0.52875
0.530625
0.5275
0.5475
0.525625
0.48125
0.443125
0.389375
0.3675
0.37375
0.40125
0.441875
0.47375
0.500625
0.47625
0.446875
0.413125
0.388125
0.386875
0.384375
0.3925
0.388125
0.415
0.44375
0.464375
0.504375
0.490625
0.4725
0.45625
0.4175
0.4025
0.39875
0.390625
0.3925
0.40625
0.410625
0.41875
0.421875
0.408125
0.399375
0.3875
0.3825
0.4025
0.415625
0.434375
0.455
0.435625
0.4225
0.4075
0.41
0.435625
0.4575
0.479375
0.450625
0.41625
0.385625
0.361875
0.37375
0.389375
0.40125
0.420625
0.451875
0.4875
0.526875
0.5325
0.5
0.469375
0.4325
0.41125
0.4075
0.413125
0.43625
0.471875
0.5075
0.511875
0.494375
0.46125
0.43375
0.42
0.410625
0.415
0.41625
0.4125
0.42
0.413125
0.43375
0.468125
0.468125
0.468125
0.468125
