-0.08825
-0.08825
-0.08825
-0.08825
-0.045
-0.0393125
-0.0060625
0.1059375
0.1350625
0.1735625
0.140375
0.141
0.206625
0.263625
0.377
0.40875
0.3855625
0.362375
0.3175625
0.296625
0.267375
0.2295
0.238625
0.2485
0.2784375
0.3246875
0.3194375
0.3141875
0.3065625
0.2835625
0.275875
0.2681875
0.2511875
0.241875
0.247875
0.253875
0.2684375
0.2930625
0.277
0.271
0.26575
0.241125
0.241875
0.2225
0.1923125
0.1706875
0.1498125
0.17375
0.2193125
0.2756875
0.3230625
0.311
0.288125
0.245875
0.219375
0.2075
0.195625
0.1923125
0.1915625
0.22625
0.311375
0.365625
0.3921875
0.368
0.2420625
0.171875
0.15225
0.166625
0.2418125
0.3080625
0.315125
0.3040625
0.24325
0.1179375
0.01975
-0.058
-0.0134375
0.1220625
0.264375
0.3943125
0.417125
0.4236875
0.44025
0.475
0.490625
0.4555
0.4026875
0.264625
0.1230625
0.007625
-0.152
-0.1495625
0.0175
0.2335
0.511625
0.5909375
0.5115
0.339625
0.1090625
0.031
0.0365625
0.041125
0.1628125
0.2016875
0.1736875
0.218
0.115125
0.1256875
0.1284375
0.102625
0.1828125
0.185125
0.1861875
0.2451875
0.262375
0.23725
0.280375
0.1835
0.069125
0.0550625
0.0068125
0.0361875
0.11375
0.1333125
0.16125
0.2288125
0.24825
0.20975
0.143375
0.035125
0.033
0.08875
0.2333125
0.3733125
0.43125
0.478
0.38625
0.3236875
0.22075
0.182625
0.1965
0.18575
0.2053125
0.1713125
0.183125
0.2091875
0.2453125
0.2150625
0.120625
-0.0001875
-0.121875
-0.156375
-0.15375
-0.0630625
-0.0254375
0.0013125
0.0265625
-0.0754375
-0.0600625
-0.045125
0.0039375
0.0825
0.0529375
0.006
-0.122375
-0.241
-0.2896875
-0.33875
-0.2509375
-0.125625
-0.01475
0.08025
0.0500625
0.0363125
-0.019875
-0.027875
0.035375
0.0568125
0.1919375
0.3096875
0.34625
0.447375
0.3971875
0.3095625
0.2708125
0.104875
0.06175
0.039375
0.010375
0.1041875
0.1104375
0.1936875
0.28025
0.2236875
0.192875
0.014875
-0.1839375
-0.22975
-0.314625
-0.2645
-0.151875
-0.130125
-0.0055
0.0729375
0.0920625
0.149875
0.186125
0.197625
0.19825
0.1876875
0.0535625
-0.0561875
-0.10225
-0.1825
-0.16
-0.2013125
-0.2421875
-0.2081875
-0.111
0.106625
0.22225
0.323375
0.27175
0.1451875
0.116625
0.086875
0.1828125
0.2895625
0.3215625
0.3128125
0.2975
0.2490625
0.3373125
0.405625
0.3446875
0.3578125
0.2355625
0.139
0.2154375
0.2501875
0.2993125
0.3260625
0.1970625
0.1084375
0.0651875
0.0785625
0.1611875
0.1630625
0.1403125
0.09325
0.0461875
0.079875
0.1285625
0.206125
0.295
0.30075
0.3228125
0.2743125
0.1671875
0.0535
-0.1110625
-0.2031875
-0.2248125
-0.1050625
0.031
0.0940625
0.1339375
0.0205
-0.0714375
-0.07725
-0.0166875
0.097125
0.224
0.314875
0.273
0.2263125
0.1220625
0.011375
-0.056125
-0.0800625
-0.0130625
0.0108125
0.1380625
0.2279375
0.1545625
0.1436875
-0.004375
-0.157125
-0.1244375
-0.101
0.021125
0.165875
0.1975
0.2159375
0.151
0.0923125
0.0995
0.1083125
0.1473125
0.1511875
0.0419375
-0.0764375
-0.1315625
-0.20475
-0.16175
-0.098875
-0.138
-0.1091875
-0.116375
-0.142625
-0.07625
0.003375
0.0943125
0.1595
0.1740625
0.1074375
0.005375
-0.0318125
-0.054125
-0.076
-0.007375
0.009625
0.02
0.102375
0.109
0.1934375
0.247125
0.231625
0.1813125
0.083375
0.0478125
0.06875
0.16275
0.1938125
0.192375
0.1668125
0.1276875
0.150125
0.1668125
0.1834375
0.12775
0.0560625
0.0085625
0.019125
0.16875
0.35525
0.5065625
0.5078125
0.36575
0.2195
0.090875
0.146375
0.255125
0.296875
0.3145625
0.2245
0.1424375
0.1606875
0.23375
0.256125
0.26125
0.168
0.0549375
0.074625
0.1288125
0.2480625
0.31025
0.2704375
0.2313125
0.1404375
0.1821875
0.252875
0.315125
0.3779375
0.2721875
0.1706875
0.0194375
-0.1225625
-0.1616875
-0.2244375
-0.234125
-0.222125
-0.1696875
-0.0465
0.0913125
0.2246875
0.21475
0.15225
0.0544375
-0.003125
0.061625
0.090375
0.134875
0.139125
0.052875
0.0348125
0.008875
-0.0249375
0.0143125
0.0480625
0.0739375
0.1155625
0.1431875
0.1620625
0.2134375
0.2051875
0.19725
0.1375625
0.0090625
0.0008125
-0.005625
0.019625
0.1165
0.077875
0.0686875
0.111125
0.1679375
0.3145625
0.371125
0.3851875
0.2881875
0.1958125
0.1335625
0.1235
0.200625
0.2316875
0.30025
0.2924375
0.2259375
0.13325
0.0046875
-0.1155625
-0.20825
-0.208875
-0.1626875
-0.1271875
-0.0785
-0.06875
-0.1079375
-0.066125
0.055875
0.1613125
0.26075
0.306625
0.2460625
0.169625
0.14775
0.09025
0.059875
0.110625
0.085625
0.089625
0.0819375
-0.008125
-0.0149375
-0.0264375
-0.035125
-0.026
-0.0086875
-0.004375
0.01675
0.05375
0.071625
0.1576875
0.255
0.300125
0.2774375
0.210125
0.1126875
0.103
0.0735625
-0.021625
-0.021625
-0.021625
-0.021625
