-1.4
-1.4
-1.4
-1.4
-2.20625
-1.775
-1.33125
0.06875
-0.0125
-0.05625
0.4125
0.6
0.93125
0.48125
-0.5
-2.13125
-2.96875
-3.54375
-2.71875
-0.5875
0.95
2.26875
2.5625
1.55
0.7625
0.69375
0.2125
1.325
2.325
2.78125
3.775
3.375
3.18125
2.45
0.9125
-0.175
-1.7875
-2.54375
-2.3
-2.09375
-1.325
-0.9375
-0.5625
-0.21875
-0.50625
-0.0625
-0.23125
-0.925
-1.1125
-1.88125
-2.11875
-1.7875
-1.91875
-2.65
-3.56875
-3.8625
-3.04375
-0.975
1.15625
2.33125
2.7375
2.89375
2.78125
3.65
4.0625
3.31875
3.11875
1.9
1.25
1.6875
1.675
1.675
1.75
1.50625
1.15
1.66875
1.3875
0.53125
-0.1375
-2.00625
-2.94375
-2.825
-2.7625
-1.85625
-1.1625
-0.4875
-0.0875
0.875
1.6625
1.2625
1.58125
0.45
-0.4875
-0.35
-0.65625
-0.45625
-0.175
-0.59375
-1.00625
-0.5625
-0.69375
-0.69375
-1.0
-1.84375
-2.325
-2.53125
-1.575
-0.88125
-0.18125
1.43125
1.89375
2.68125
3.6375
2.85625
2.30625
1.23125
-0.1125
-0.65
-0.7
-0.125
-0.0875
0.24375
-0.16875
-0.74375
-0.08125
1.38777878078e-16
-0.06875
-0.29375
-1.14375
-1.25
-0.4125
0.36875
0.65625
0.15
-0.8875
-2.38125
-3.19375
-3.98125
-4.35625
-4.1625
-4.09375
-3.1
-2.45625
-1.2375
-0.09375
0.09375
0.63125
0.3125
0.45
0.825
0.89375
1.24375
1.10625
1.4125
1.71875
2.30625
3.41875
4.15625
4.81875
4.84375
3.3875
1.5875
-0.75
-2.2125
-2.19375
-2.2125
-1.39375
-1.775
-2.49375
-2.675
-2.9375
-2.28125
-2.0625
-1.43125
-0.93125
-0.28125
1.1125
1.5625
1.65625
1.3625
-0.0375
-0.60625
-0.64375
-0.75
-0.175
-0.7875
-1.125
-1.0625
0.025
2.03125
3.36875
4.16875
3.8625
3.83125
3.86875
3.59375
2.5125
0.7625
-1.15625
-2.175
-1.41875
-0.625
0.6625
1.025
0.16875
-0.4875
-1.075
-0.5375
0.6625
1.8
2.8875
2.8125
1.51875
-0.25625
-3.125
-5.175
-5.45
-5.2125
-3.925
-3.1125
-3.50625
-3.33125
-3.24375
-2.68125
-1.6875
-1.8875
-2.1625
-2.96875
-3.8875
-4.125
-4.6
-4.725
-5.5875
-5.69375
-5.5625
-5.4875
-4.61875
-5.43125
-6.00625
-6.0
-6.05
-5.175
-4.775
-4.96875
-5.1625
-5.4125
-5.425
-6.05
-5.7875
-4.84375
-3.9
-2.275
-2.48125
-3.53125
-4.58125
-5.6875
-4.90625
-3.66875
-2.43125
-1.19375
-1.7875
-3.4875
-4.375
-5.2625
-5.2625
-4.50625
-4.4875
-3.58125
-2.73125
-1.2125
-0.7125
-1.9875
-3.15
-5.24375
-5.45
-4.825
-3.9375
-2.96875
-3.8875
-3.80625
-4.41875
-4.2375
-3.05625
-3.7625
-3.48125
-4.36875
-4.75625
-3.90625
-3.66875
-2.7625
-2.4125
-2.59375
-2.75
-2.9625
-3.73125
-4.31875
-5.56875
-6.00625
-5.8875
-5.1
-3.61875
-3.81875
-3.20625
-3.525
-3.35625
-1.45
-0.625
0.9625
2.35
2.6125
3.15625
2.51875
0.65
-0.9625
-3.2
-3.9625
-3.89375
-3.825
-3.0875
-3.2125
-2.3375
-2.075
-1.86875
-2.09375
-4.20625
-5.4125
-6.675
-7.4375
-6.65625
-6.40625
-6.04375
-5.56875
-5.8125
-5.81875
-5.88125
-6.0
-6.48125
-6.15
-5.81875
-4.93125
-3.50625
-3.7625
-4.01875
-5.3875
-6.8125
-6.5
-6.24375
-4.61875
-2.99375
-3.05
-2.56875
-3.76875
-4.96875
-5.35625
-6.06875
-5.9125
-5.51875
-5.125
-4.65625
-4.1875
-3.6375
-3.0875
-3.6375
-4.13125
-4.6875
-5.24375
-4.875
-4.00625
-4.2625
-3.70625
-2.78125
-3.025
-2.34375
-3.2875
-5.08125
-5.525
-5.2125
-4.0875
-2.5375
-1.85
-2.84375
-3.6375
-4.1125
-5.075
-5.1125
-5.55
-6.2
-6.18125
-6.21875
-6.05625
-6.225
-6.50625
-6.5875
-6.125
-5.2125
-4.24375
-3.675
-3.5125
-4.0
-4.43125
-4.6625
-5.2875
-5.4875
-5.425
-5.3625
-5.04375
-4.725
-5.04375
-4.79375
-4.96875
-5.14375
-4.575
-5.2
-5.4
-4.91875
-4.8625
-4.18125
-3.5
-3.5
-3.925
-3.75
-3.75
-3.75
-3.75
