0.0657442875
0.0657442875
0.0657442875
0.0657442875
0.0704746875
0.0734465625
0.07055170625
0.0670141875
0.064973725
0.0563308875
0.05166850625
0.0498485125
0.0498486375
0.056920625
0.06105584375
0.06325556875
0.06136916875
0.05995545625
0.06096913125
0.06145434375
0.06413928125
0.05795758125
0.053373
0.0496968
0.04848455625
0.05725258125
0.06452665
0.06831269375
0.070312725
0.06606275625
0.06143286875
0.0621108125
0.06064673125
0.0621823875
0.06140995
0.05817355625
0.0595955625
0.06481814375
0.0749549375
0.08316355625
0.08644761875
0.08314289375
0.07409015
0.06904950625
0.064796925
0.062796775
0.065222075
0.063479525
0.06101520625
0.05593118125
0.04956360625
0.0453868375
0.04453795625
0.04630878125
0.0473318375
0.047918675
0.0463196625
0.04718460625
0.053133675
0.06224065625
0.0708343875
0.07669993125
0.07335698125
0.06891569375
0.065180225
0.0643814
0.07091866875
0.0736974375
0.07680554375
0.0730117625
0.06648979375
0.0591522125
0.05174835
0.048244625
0.04767754375
0.054826475
0.062330425
0.0701637125
0.0710951125
0.0644819625
0.05704429375
0.05057685
0.04769621875
0.04696609375
0.047085075
0.0474142375
0.0486993875
0.0516725
0.05455474375
0.0544352875
0.05588890625
0.05333259375
0.0502650875
0.04802935
0.046579625
0.04856385625
0.05373168125
0.06023589375
0.05950888125
0.0581374875
0.05126511875
0.04666559375
0.0489312625
0.053559325
0.0589356375
0.05960831875
0.0556682375
0.0452541
0.03801991875
0.0328696625
0.0325563375
0.0399307875
0.0466258125
0.05498478125
0.057969325
0.055479375
0.052017425
0.046369625
0.0467076
0.05362335
0.0608684375
0.0669576125
0.0699048875
0.06649683125
0.0614533625
0.0602874375
0.0581793375
0.055943125
0.05834223125
0.05693196875
0.05294206875
0.04820488125
0.0404677875
0.0362142125
0.03942424375
0.049405875
0.06032939375
0.06559299375
0.06649481875
0.06525894375
0.0607748
0.066270925
0.0726070125
0.072356025
0.0767178
0.07169103125
0.06416035625
0.06371904375
0.05702955625
0.05239235
0.04983906875
0.0422246875
0.0420739125
0.04218253125
0.04395509375
0.04662279375
0.04844109375
0.051120625
0.0486144
0.0486974
0.0399137625
0.0337195375
0.03483316875
0.0350144
0.04271194375
0.04731958125
0.0462673
0.04838434375
0.052023175
0.055096175
0.06004305
0.0585870375
0.05197905625
0.04806845625
0.0438811
0.04380995
0.04610119375
0.04945520625
0.053097325
0.05594226875
0.06301496875
0.06318578125
0.0632676125
0.0632425625
0.05470598125
0.050398875
0.0483863125
0.04740890625
0.0522180375
0.05952640625
0.06499778125
0.06643409375
0.066733325
0.06170474375
0.05398815
0.0502466875
0.0437788625
0.0411098375
0.04241285
0.045287225
0.05329655625
0.06151606875
0.06833586875
0.07169290625
0.07395160625
0.07219766875
0.06734726875
0.06178263125
0.05181534375
0.04751251875
0.0512823375
0.06017133125
0.0726749125
0.08302420625
0.083574275
0.08236581875
0.0802151875
0.07389785
0.0749679
0.0697489
0.063587725
0.0661343125
0.0613883375
0.0657599875
0.07149379375
0.0674497875
0.07203573125
0.0700346
0.0655295625
0.06586009375
0.05982345
0.05517091875
0.05239120625
0.0513643625
0.05409579375
0.0539495625
0.0558894875
0.05805221875
0.055136075
0.06020573125
0.0643425125
0.06303254375
0.066566475
0.065114225
0.059891225
0.05838445
0.060427725
0.06299319375
0.06866399375
0.0712663
0.06726623125
0.06064645625
0.05577955
0.05867823125
0.063009125
0.07054980625
0.07375448125
0.0671150625
0.0581768375
0.0467363625
0.03596685625
0.029888725
0.026407425
0.03103251875
0.037293025
0.04537365
0.05540695625
0.05462094375
0.05383493125
0.05180666875
0.0504981375
0.05670955625
0.062920975
0.07051650625
0.07081453125
0.06753975625
0.068206775
0.06228671875
0.06039785
0.059342675
0.054569875
0.05463264375
0.0562262625
0.0599165625
0.06017054375
0.0582356
0.05477363125
0.04703096875
0.0454884375
0.04742720625
0.0502031
0.05280604375
0.05147911875
0.05117989375
0.050633625
0.05651804375
0.06295008125
0.06402710625
0.0677009625
0.0623589
0.0585915125
0.0596963375
0.06023259375
0.065782925
0.06768889375
0.06748083125
0.06037236875
0.0575950875
0.0601256375
0.0600881875
0.0636007875
0.06014639375
0.053848125
0.05268585625
0.05441480625
0.05893185625
0.06344890625
0.06448178125
0.06654235625
0.0656924625
0.06231201875
0.0592068625
0.0513036625
0.0478174125
0.04822620625
0.05125293125
0.05803793125
0.06106148125
0.06135604375
0.05736718125
0.04994620625
0.0446656875
0.04102641875
0.03938020625
0.0393700625
0.04337656875
0.0471589
0.0537185125
0.06096719375
0.05773959375
0.0534698875
0.04458559375
0.034801125
0.03312305
0.0376535
0.04365298125
0.04966999375
0.0537748375
0.0502525
0.04837011875
0.05011103125
0.05293968125
0.0583322625
0.06531830625
0.0669124
0.06627671875
0.06154349375
0.05279436875
0.05047593125
0.0536358875
0.062059725
0.0751419625
0.0822644875
0.08082118125
0.0811976875
0.07218565
0.06490385
0.060862
0.050849675
0.0486669875
0.04358944375
0.0429901875
0.045153225
0.0502396625
0.056651825
0.056433325
0.0560340625
0.049047725
0.0455426875
0.04832145
0.05354698125
0.0610988
0.06929026875
0.0743398375
0.0755800375
0.072058225
0.06152060625
0.0500408125
0.039827625
0.0382443875
0.0430898875
0.04535575
0.04836026875
0.04697465625
0.04465945
0.05206028125
0.05873615625
0.06521621875
0.07385544375
0.07271185625
0.07189760625
0.0724455125
0.0680688625
0.06846120625
0.07073995
0.07207651875
0.0748453
0.076589425
0.07686713125
0.07453871875
0.06834236875
0.06199026875
0.052845525
0.04705466875
0.0470651875
0.04613381875
0.04764139375
0.0519897875
0.0519897875
0.0519897875
0.0519897875
