0.524375
0.524375
0.524375
0.524375
0.49
0.470625
0.445
0.4775
0.50125
0.540625
0.581875
0.565625
0.5425
0.500625
0.4675
0.470625
0.50625
0.548125
0.599375
0.660625
0.6775
0.669375
0.655625
0.595625
0.56375
0.546875
0.523125
0.52875
0.5175
0.5175
0.490625
0.485625
0.495625
0.500625
0.556875
0.59625
0.61375
0.628125
0.6075
0.55125
0.505625
0.49375
0.481875
0.495
0.539375
0.535
0.554375
0.58125
0.5575
0.545625
0.49625
0.44125
0.406875
0.38625
0.3925
0.400625
0.42
0.441875
0.479375
0.538125
0.595625
0.6275
0.618125
0.591875
0.5725
0.56875
0.59625
0.589375
0.54
0.500625
0.47125
0.475625
0.525625
0.581875
0.5975
0.611875
0.619375
0.589375
0.595
0.624375
0.615
0.631875
0.629375
0.596875
0.61125
0.635625
0.673125
0.70625
0.715625
0.691875
0.644375
0.59125
0.53375
0.50125
0.50625
0.520625
0.533125
0.554375
0.5225
0.496875
0.4825
0.425
0.395
0.363125
0.335625
0.33875
0.374375
0.405625
0.456875
0.531875
0.549375
0.575625
0.54875
0.4875
0.46125
0.45625
0.486875
0.509375
0.523125
0.48375
0.433125
0.394375
0.394375
0.394375
0.394375
