0.965625
0.965625
0.965625
0.965625
0.974375
0.89875
0.911875
0.8975
0.87625
0.92
0.891875
0.899375
0.87875
0.83625
0.87125
0.880625
0.9125
0.945
0.885625
0.83625
0.825
0.820625
0.87125
0.900625
0.860625
0.820625
0.815
0.818125
0.8525
0.89375
0.8525
0.8375
0.838125
0.844375
0.933125
0.99
1.03
1.08625
1.076875
1.085625
1.07625
1.040625
1.018125
0.984375
0.989375
0.989375
0.99
1.02375
1.054375
1.07375
1.11625
1.09875
1.04
0.965
0.886875
0.85125
0.835
0.84625
0.84375
0.85375
0.88625
0.93875
0.97625
0.978125
0.99
0.965
0.96625
0.981875
0.939375
0.918125
0.8975
0.89375
0.95
1.004375
1.0875
1.134375
1.128125
1.14375
1.120625
1.115625
1.145625
1.134375
1.084375
1.02875
0.935
0.863125
0.849375
0.8625
0.934375
0.99875
1.036875
1.0225
0.9625
0.95625
0.9575
1.0025
1.050625
1.023125
1.004375
0.97625
0.969375
0.978125
1.00875
1.061875
1.0825
1.125625
1.09375
1.011875
0.9525
0.8725
0.875
0.8975
0.970625
1.058125
1.090625
1.115
1.045
0.951875
0.881875
0.831875
0.81875
0.841875
0.838125
0.819375
0.809375
0.761875
0.7375
0.71375
0.705625
0.755
0.85
0.9925
1.14625
1.22375
1.230625
1.18
1.05375
0.9725
0.89625
0.86125
0.87625
0.889375
0.94
0.955625
1.014375
1.05625
1.076875
1.11875
1.098125
1.10375
1.1
1.06125
1.01875
0.951875
0.93875
0.974375
1.05625
1.194375
1.265625
1.315
1.29875
1.1975
1.14
1.03625
0.993125
1.015
0.9925
1.00875
0.9825
0.89875
0.84125
0.82125
0.83375
0.905
1.01
1.048125
1.096875
1.08375
1.026875
1.01125
0.939375
0.923125
0.89125
0.858125
0.86625
0.844375
0.88625
0.91
0.954375
1.01875
0.99875
0.995625
0.931875
0.834375
0.77875
0.714375
0.694375
0.696875
0.723125
0.760625
0.775625
0.80375
0.84375
0.904375
0.97625
1.0275
1.035
1.02875
1.028125
1.0325
1.018125
0.943125
0.90625
0.86875
0.868125
0.936875
0.930625
0.974375
1.048125
1.075625
1.115
1.06625
0.940625
0.845625
0.776875
0.749375
0.763125
0.77
0.77
0.7775
0.7975
0.8275
0.8575
0.8725
0.855625
0.81375
0.769375
0.77625
0.82375
0.896875
0.975
0.95875
0.9
0.8225
0.7525
0.735
0.776875
0.845
0.890625
0.970625
0.996875
1.033125
1.1
1.099375
1.10875
1.04625
0.9625
0.925625
0.896875
0.90625
0.9375
0.953125
0.946875
0.959375
0.9375
0.895
0.9225
0.9225
0.938125
1.010625
0.981875
0.96875
0.954375
0.8725
0.8625
0.87375
0.8875
0.9325
0.941875
0.911875
0.865
0.818125
0.798125
0.79
0.81
0.87125
0.900625
0.945625
0.98125
0.95
0.961875
0.951875
0.91625
0.931875
0.919375
0.955
1.0275
1.033125
1.043125
0.985
0.9175
0.906875
0.899375
0.93875
0.95375
0.9325
0.898125
0.825625
0.795
0.806875
0.82875
0.874375
0.894375
0.89125
0.8825
0.919375
0.946875
0.96
1.0225
1.040625
1.085625
1.14625
1.114375
1.08
1.060625
1.04125
1.06875
1.058125
0.99
0.915
0.854375
0.841875
0.841875
0.84875
0.835
0.808125
0.791875
0.82625
0.864375
0.936875
1.035
1.07
1.109375
1.066875
0.98125
0.876875
0.774375
0.760625
0.78375
0.833125
0.9025
0.9025
0.875625
0.874375
0.85
0.87375
0.931875
0.95375
0.9925
0.9975
0.97625
0.970625
0.923125
0.8925
0.85375
0.815
0.8025
0.79
0.783125
0.78875
0.794375
0.8
0.829375
0.84125
0.84125
0.834375
0.841875
0.890625
0.9525
1.045
1.0775
1.07125
1.08625
1.07625
1.0825
1.065625
1.0025
0.955625
0.93125
0.911875
0.94
0.9225
0.885
0.86625
0.840625
0.8625
0.9
0.963125
0.99
0.983125
0.970625
0.933125
0.910625
0.910625
0.920625
0.933125
0.94
0.935625
0.936875
0.96375
1.01625
1.08875
1.158125
1.156875
1.14
1.0875
0.994375
0.938125
0.87625
0.835625
0.83875
0.850625
0.87375
0.91125
0.943125
0.9725
0.995
0.993125
0.97125
0.963125
0.951875
0.953125
0.930625
0.880625
0.825
0.798125
0.813125
0.846875
0.903125
0.89
0.85625
0.8375
0.80625
0.85125
0.93
0.965625
0.98875
0.98375
0.940625
0.93375
0.970625
0.96375
0.970625
0.97375
0.941875
0.9775
1.0375
1.081875
1.14375
1.174375
1.209375
1.24375
1.266875
1.2875
1.256875
1.265
1.22
1.125625
1.058125
0.9225
0.851875
0.84875
0.8275
0.863125
0.918125
0.955
1.00375
1.049375
1.036875
1.0175
1.01375
1.005625
1.020625
1.03
1.064375
1.059375
1.07375
1.14875
1.141875
1.161875
1.146875
1.035625
0.983125
0.90875
0.865625
0.870625
0.8725
0.90625
0.9
0.913125
0.9275
0.926875
0.9775
0.990625
0.95875
0.926875
0.84375
0.79875
0.800625
0.85375
0.970625
1.050625
1.118125
1.131875
1.095
1.070625
1.084375
1.069375
1.035625
1.013125
0.91375
0.87
0.888125
0.899375
0.96125
0.98
0.98125
0.999375
1.004375
1.0475
1.02875
0.98125
0.9125
0.83625
0.82625
0.856875
0.9475
1.03125
1.085
1.12
1.10375
1.114375
1.1325
1.109375
1.0975
1.023125
0.95875
0.93
0.886875
0.888125
0.87875
0.860625
0.855
0.82625
0.80875
0.795625
0.80125
0.8525
0.89125
0.9175
0.93875
0.94125
0.98875
1.04875
1.088125
1.064375
0.97125
0.921875
0.890625
0.93375
1.01375
1.00625
1.010625
0.98875
0.97
1.000625
0.996875
0.98125
0.9475
0.94625
0.9575
1.010625
1.08375
1.068125
1.076875
1.025625
1.025625
1.025625
1.025625
