-0.68125
-0.68125
-0.68125
-0.68125
-1.46875
-2.05
-1.56875
-0.65
0.8125
2.00625
1.9875
1.89375
0.58125
-0.16875
-0.475
-0.55625
-0.04375
-0.38125
-0.58125
-1.7875
-2.6125
-2.325
-2.2375
-1.06875
-0.325
-0.3375
0.03125
0.2125
0.00625
-0.35625
-0.5875
-1.29375
-1.6
-0.6
-0.96875
-0.36875
1.01875
1.11875
2.7
2.9875
1.7625
0.49375
-1.28125
-2.45625
-2.8625
-3.025
-3.2125
-3.275
-2.64375
-1.275
-0.125
1.35
2.15625
1.9125
2.5375
2.41875
2.225
2.575
1.2875
0.3375
-1.29375
-2.61875
-2.63125
-2.6375
-1.41875
-0.6
-0.075
1.0875
1.74375
1.90625
2.00625
1.14375
-0.13125
-0.63125
-1.1
-1.58125
-1.7125
-2.0375
-1.95
-1.21875
0.3
1.675
2.6375
3.0875
2.15
0.7125
-1.10625
-2.35
-2.51875
-1.8125
-0.55
0.4
0.5375
0.59375
-0.05625
-0.95625
-1.79375
-3.0875
-3.5125
-3.9375
-3.6875
-3.23125
-3.125
-3.1375
-3.825
-4.46875
-4.8125
-4.21875
-3.025
-1.975
-1.4875
-1.98125
-2.2625
-1.9375
-1.675
-0.9625
-0.85
-1.70625
-1.9625
-1.675
-1.64375
-0.70625
0.025
-0.08125
0.2875
-0.13125
0.025
-0.25
-0.68125
-0.48125
-1.8625
-1.74375
-1.73125
-2.34375
-1.6875
-2.5125
-3.01875
-2.9125
-2.49375
-0.825
0.80625
1.975
2.25625
1.225
0.25625
0.1125
0.26875
0.94375
1.8625
1.94375
1.5625
1.99375
1.38125
0.4875
0.25
-1.05
-1.725
-1.61875
-1.98125
-1.25625
0.13125
1.025
2.5375
2.625
1.15625
-0.075
-2.08125
-2.85
-2.08125
-1.38125
-0.375
0.175
-0.33125
-0.79375
-0.43125
-0.56875
-0.61875
-0.76875
-1.95625
-2.575
-2.625
-2.2
-1.1875
-0.53125
0.625
1.14375
0.7375
1.2375
0.61875
0.425
0.50625
-0.05625
-0.85625
-2.0875
-2.7
-3.80625
-4.06875
-4.2375
-4.19375
-3.54375
-3.03125
-2.11875
-1.8875
-1.59375
-1.45625
-1.875
-1.925
-2.325
-2.69375
-2.04375
-1.93125
-1.7375
-1.65
-2.85625
-3.68125
-4.35
-3.9875
-2.13125
-0.28125
2.13125
3.21875
2.75
2.1875
0.05
-1.85625
-3.06875
-3.80625
-3.33125
-2.65625
-1.63125
-1.2625
-0.68125
-0.1
-0.025
0.51875
-0.05625
-0.45625
-0.8125
-0.94375
0.4625
1.1625
1.94375
1.45
-0.83125
-1.84375
-2.775
-2.3875
-0.64375
0.18125
0.65
0.4375
-0.2375
-0.9625
-1.21875
-0.98125
-0.5625
-0.00625
0.18125
0.46875
0.45
0.3875
0.5
-0.425
-1.48125
-2.1375
-3.05625
-2.6875
-2.325
-1.63125
-0.4125
-0.5375
0.11875
-0.2125
-0.8375
-0.2375
-0.44375
-0.56875
-0.25
-1.08125
-1.25625
-1.0375
-1.35625
-0.76875
-0.98125
-0.8625
-1.23125
-1.60625
-1.475
-2.16875
-1.925
-2.01875
-2.28125
-2.1
-1.58125
-1.15625
-0.65
-0.3
-1.36875
-2.00625
-2.63125
-3.00625
-2.85625
-3.34375
-4.0625
-4.525
-4.225
-3.0375
-0.88125
1.14375
2.44375
2.825
1.73125
-0.6
-2.83125
-4.2375
-4.35
-2.94375
-1.075
0.25625
1.03125
0.8375
0.01875
-0.3
-0.93125
-1.21875
-1.25
-2.64375
-3.6125
-4.25625
-5.1625
-4.3875
-4.08125
-3.2875
-1.375
-0.31875
1.325
1.53125
0.625
-0.325
-1.38125
-1.6875
-1.48125
-1.075
-0.825
-0.13125
-0.325
-0.475
-0.18125
-0.1125
0.53125
1.51875
1.61875
1.46875
1.4375
0.53125
0.36875
0.16875
-0.0625
0.69375
0.96875
0.5625
0.125
-1.3125
-2.625
-3.21875
-3.18125
-2.13125
-0.69375
0.75625
0.81875
0.16875
-1.3125
-2.3375
-2.60625
-2.84375
-2.2875
-2.68125
-2.69375
-2.65625
-3.14375
-2.39375
-1.65
-0.675
1.3
1.85625
1.375
0.69375
-0.5125
-1.04375
-0.9125
0.01875
0.1125
0.1
0.11875
-0.90625
-1.63125
-1.8125
-2.025
-1.95625
-0.825
-0.8375
-0.88125
-1.06875
-2.11875
-2.15
-2.15
-1.69375
-1.36875
-1.0
-0.63125
-0.8875
-0.7125
-1.6
-2.56875
-2.675
-3.4875
-2.86875
-2.05625
-2.24375
-1.58125
-1.65625
-1.2125
-0.16875
0.975
1.9375
1.60625
1.3875
0.3375
-0.73125
-1.21875
-1.49375
-1.68125
-1.66875
-1.48125
-1.925
-1.6875
-1.4875
-1.45625
-1.2125
-1.35625
-1.425
-0.94375
-0.95625
-0.73125
-0.575
-1.275
-1.63125
-2.36875
-3.08125
-3.4125
-3.33125
-3.075
-2.775
-2.83125
-3.275
-3.7375
-4.3625
-4.275
-3.95625
-3.6
-3.35
-3.075
-2.90625
-2.88125
-2.26875
-2.775
-3.35625
-3.78125
-4.91875
-5.31875
-5.19375
-5.11875
-4.35
-2.84375
-1.7625
-0.58125
0.16875
0.18125
0.16875
0.28125
1.19375
1.6125
2.03125
2.325
1.7
1.6625
1.11875
0.61875
-0.40625
-1.30625
-1.19375
-1.60625
-1.01875
-0.85
-1.69375
-1.7375
-1.98125
-1.43125
-0.5125
-0.4875
-0.85
-2.525
-3.54375
-3.9875
-3.75
-2.79375
-2.70625
-2.93125
-3.86875
-4.425
-4.28125
-3.3875
-1.58125
-0.03125
0.88125
1.35625
0.95
0.2125
-0.3
-1.23125
-1.74375
-2.225
-2.8125
-3.09375
-3.18125
-3.35625
-2.84375
-2.3625
-2.04375
-1.025
-0.60625
-0.125
0.025
-0.2375
-0.2125
0.5375
1.49375
1.9625
1.825
-0.025
-1.41875
-1.49375
-1.16875
0.5
1.4625
1.35625
0.9125
0.01875
-1.3625
-3.26875
-4.59375
-5.475
-4.88125
-3.2875
-1.85625
-0.83125
-0.95625
-1.5125
-2.15
-3.2875
-4.09375
-4.58125
-4.65625
-3.85
-3.1125
-2.44375
-2.23125
-2.1125
-1.6
-0.8
-0.325
-0.375
-0.05625
-0.5375
-0.2375
0.83125
1.05
1.4375
1.0
-0.65
-2.41875
-3.1875
-3.54375
-2.8375
-1.775
-1.45
-1.125
-1.21875
-1.3125
-1.19375
-1.0625
-0.7125
-0.475
-1.15625
-1.8625
-2.81875
-3.35
-3.175
-2.95625
-2.10625
-1.8
-1.41875
-1.425
-2.44375
-3.4625
-4.51875
-4.23125
-2.68125
-0.6375
1.75
2.1625
1.0625
-0.39375
-2.6125
-3.75
-3.65
-2.76875
-1.61875
-0.39375
-0.00625
-0.51875
-0.9
-1.7125
-1.575
-1.35
-1.3125
-0.275
-0.225
-0.34375
-0.05
-0.90625
-1.6
-1.98125
-2.7
-3.06875
-3.4375
-3.91875
-3.8375
-2.96875
-1.40625
0.1
0.98125
0.475
-0.51875
-0.9
-1.06875
-0.2875
0.68125
0.63125
0.26875
-0.4375
-1.76875
-2.0125
-2.03125
-2.2125
-1.2125
-0.91875
-0.825
-0.49375
-1.475
-2.28125
-2.95
-3.66875
-3.61875
-3.56875
-3.1
-2.68125
-2.875
-2.4375
-2.29375
-1.78125
-0.83125
-0.7625
-1.08125
-1.95625
-2.6
-3.40625
-3.5
-2.85
-2.4
-1.125
-0.20625
-0.1625
-0.18125
-0.7375
-1.33125
-1.61875
-1.2125
-1.03125
-0.4375
0.2375
-0.4125
-0.74375
-1.7875
-2.3125
-2.18125
-1.89375
-1.0125
-0.7625
-0.5
-0.10625
-0.58125
-1.20625
-1.80625
-2.71875
-3.01875
-3.38125
-3.6
-3.9625
-4.09375
-3.53125
-3.31875
-3.0
-2.40625
-1.9125
-1.24375
-0.00625
0.3125
0.0875
-0.1375
-1.48125
-2.4125
-2.43125
-2.45
-1.5625
-0.675
-1.13125
-1.33125
-1.61875
-2.23125
-1.36875
-1.05
-0.825
-0.04375
-0.3125
-0.2625
-0.16875
-0.18125
0.39375
0.9375
0.8625
0.6625
-0.4625
-1.7125
-1.7625
-1.8125
-1.25
-0.46875
-1.1125
-1.7875
-2.4625
-3.21875
-3.4875
-3.81875
-4.20625
-4.94375
-5.125
-4.9125
-4.13125
-2.675
-1.53125
-0.48125
-0.6625
-1.18125
-1.51875
-2.24375
-1.90625
-1.56875
-1.63125
-2.06875
-2.20625
-2.125
-1.8375
-0.66875
-0.3375
0.16875
0.66875
0.7625
0.66875
-0.03125
-0.70625
-1.3
-1.09375
-1.18125
-1.3625
-1.46875
-2.61875
-3.49375
-4.325
-5.225
-5.48125
-4.89375
-4.1875
-2.825
-0.56875
1.15625
2.7375
3.025
1.6625
-0.11875
-2.10625
-3.08125
-3.53125
-3.3875
-2.98125
-3.69375
-3.5625
-3.94375
-3.7125
-2.1875
-1.8875
-1.13125
-1.24375
-2.15
-2.35
-3.04375
-3.8375
-4.7125
-5.25
-4.80625
-3.68125
-2.2375
-1.39375
-1.45
-1.89375
-2.0125
-1.70625
-1.56875
-1.36875
-1.49375
-1.75
-1.2875
-0.85625
-0.39375
-0.4375
-1.28125
-2.09375
-3.0625
-4.00625
-4.3625
-4.71875
-4.825
-4.575
-4.575
-4.575
-4.7
-4.58125
-4.0375
-3.03125
-2.05625
-0.58125
0.3875
0.29375
0.4625
-0.40625
-1.39375
-1.6125
-2.0875
-2.625
-2.575
-2.4
-2.40625
-1.65625
-0.69375
-0.35
0.6125
0.99375
0.51875
0.45625
-0.0625
-0.69375
-0.6875
-0.85625
-1.44375
-1.46875
-1.66875
-1.48125
-0.325
0.2625
0.43125
0.3
-0.38125
-0.25625
-0.15
0.0375
-0.19375
-1.3125
-2.075
-3.53125
-4.75625
-5.4
-6.04375
-6.075
-4.925
-4.2875
-3.65
-2.6875
-3.3
-3.23125
-2.825
-3.06875
-3.0125
-3.9375
-5.5375
-6.075
-5.95
-5.2125
-4.1375
-4.2125
-4.6375
-4.7375
-4.5
-3.4375
-2.44375
-1.15
0.41875
1.39375
2.5625
3.10625
2.825
2.725
3.14375
2.85625
2.78125
2.50625
0.85625
0.025
-0.93125
-1.8
-1.6375
-1.68125
-1.85625
-1.2125
-1.05
-0.71875
-0.1625
-0.9375
-1.1625
-1.475
-1.85
-0.9375
-0.0875
0.76875
2.2
2.2125
1.0375
0.1625
-1.58125
-2.24375
-1.875
-2.09375
-1.9125
-2.0
-1.74375
-1.5125
-1.1
-1.03125
-1.625
-1.66875
-2.20625
-2.45625
-2.9625
-3.60625
-4.18125
-4.725
-4.6
-4.55625
-3.95625
-3.2125
-2.7
-2.2125
-2.05
-2.0625
-2.4
-3.05
-3.6875
-4.85625
-5.375
-4.83125
-4.54375
-3.725
-2.60625
-2.60625
-2.13125
-1.65625
-2.01875
-1.64375
-1.1125
-0.3375
0.9
1.40625
1.55
1.4375
0.825
0.575
-0.4375
-0.68125
-0.71875
-0.5125
1.04375
1.46875
1.56875
1.59375
1.00625
0.5375
0.1125
-0.85625
-2.4375
-4.11875
-5.2125
-5.63125
-5.34375
-4.175
-3.2875
-3.3
-3.26875
-3.55
-3.79375
-3.1
-2.775
-3.075
-3.5625
-4.7
-5.60625
-5.4375
-4.6375
-3.28125
-1.83125
-1.69375
-2.2375
-2.50625
-2.35
-1.525
-0.5875
-0.55625
-1.65625
-2.575
-3.525
-4.05625
-3.7125
-3.43125
-2.49375
-1.2375
-0.15
0.8
1.3125
1.025
0.64375
-0.2
-1.20625
-1.65625
-2.23125
-1.5875
-1.15
-1.13125
-1.21875
-2.4375
-2.98125
-2.66875
-1.175
0.08125
0.85
1.50625
0.5875
0.375
-0.0875
-1.59375
-1.8125
-1.26875
-0.1125
1.9
2.2625
1.05
-0.85625
-3.01875
-3.45625
-2.85
-1.675
-0.65
-0.74375
-1.3625
-2.35
-3.51875
-4.6625
-5.73125
-5.61875
-4.5375
-3.1
-1.76875
-1.725
-2.675
-3.30625
-3.175
-3.075
-2.46875
-2.14375
-2.7875
-3.04375
-3.78125
-4.575
-4.66875
-4.30625
-2.85
-1.7125
-0.86875
-1.2375
-2.46875
-2.75
-2.79375
-1.40625
0.1875
1.25
2.26875
2.25625
1.79375
0.8
-0.81875
-2.45625
-3.51875
-3.6375
-2.96875
-1.68125
-0.775
-0.86875
-1.10625
-1.175
-0.9
0.18125
0.60625
0.85625
0.675
0.01875
-0.18125
-0.85
-1.1625
-1.125
-1.06875
-1.18125
-1.21875
-1.9625
-2.6125
-2.70625
-2.88125
-1.9125
-1.13125
-0.31875
0.325
0.48125
0.71875
0.75
0.8625
0.4375
0.11875
-0.61875
-1.5625
-2.1875
-2.89375
-3.175
-3.04375
-2.725
-2.01875
-1.31875
-1.2625
-1.3
-1.3
-1.3
-1.3
