-0.374375
-0.374375
-0.374375
-0.374375
-0.51
-0.33
-0.27
-0.42375
-0.70125
-0.689375
-0.840625
-0.64375
-0.27125
-0.43
-0.30125
-0.4375
-0.920625
-0.88375
-1.134375
-0.894375
-0.54875
-0.66625
-0.655
-1.00375
-1.21625
-1.2525
-1.0825
-1.19125
-1.3175
-1.3
-1.445625
-1.2175
-0.906875
-0.729375
-0.721875
-0.844375
-0.78625
-0.830625
-0.97125
-0.71875
-0.71
-0.495625
0.256875
0.353125
0.10875
-0.61
-1.59875
-2.075
-2.15625
-1.811875
-1.666875
-1.890625
-2.00625
-1.863125
-1.44875
-0.46125
0.434375
0.6175
0.81625
0.444375
-0.328125
-0.638125
-1.454375
-2.286875
-2.5375
-2.870625
-2.80625
-2.28125
-1.983125
-1.7325
-1.228125
-0.950625
-1.006875
-0.76875
-0.793125
-1.15125
-0.91125
-0.909375
-0.850625
-0.255625
0.05875
0.454375
0.77375
0.855
0.949375
0.905625
0.84375
0.54375
0.21125
-0.064375
-0.389375
-0.21375
-0.1275
-0.3125
-0.425625
-0.711875
-0.933125
-0.574375
-0.09875
0.2875
0.779375
1.014375
0.885
0.755625
0.46375
-0.240625
-0.3825
-0.57625
-0.76625
-0.286875
-0.4075
-0.47625
-0.43
-0.93625
-0.904375
-0.8725
-0.915625
-0.47125
-0.3425
-0.21375
-0.216875
-0.7725
-1.250625
-1.72875
-2.02875
-1.659375
-1.13125
-0.911875
-0.463125
-0.426875
-0.630625
-0.216875
-0.04125
0.238125
0.59875
0.650625
0.7025
0.67
0.75125
0.8325
0.8325
0.799375
0.600625
0.093125
-0.251875
-0.66625
-1.02875
-0.955
-0.900625
-0.591875
-0.591875
-0.838125
-1.455
-2.438125
-2.784375
-2.711875
-2.021875
-0.915625
-0.105
0.4575
0.47625
0.15625
-0.483125
-1.47
-2.295625
-2.689375
-2.56125
-1.841875
-0.975
-0.559375
-0.380625
-0.4975
-0.761875
-0.741875
-0.718125
-0.726875
-0.726875
-0.726875
-0.726875
