1.350625
1.350625
1.350625
1.350625
1.211875
1.34
1.30375
1.286875
1.355
1.135625
0.929375
0.773125
0.71
0.87125
1.06875
1.138125
1.05
0.978125
0.943125
1.025625
1.1775
1.108125
1.053125
0.913125
0.78375
0.78125
0.789375
0.780625
0.773125
0.76375
0.721875
0.73375
0.7875
0.855625
0.884375
0.9025
0.945625
1.13625
1.385
1.626875
1.6575
1.410625
1.1225
0.86625
0.789375
0.83875
1.009375
1.13
1.138125
1.1175
0.998125
0.880625
0.894375
0.936875
0.884375
0.855625
0.768125
0.69125
0.860625
1.070625
1.178125
1.33375
1.183125
1.12375
1.160625
1.224375
1.45375
1.43875
1.423125
1.1475
0.92
0.76125
0.6075
0.62875
0.676875
0.923125
1.181875
1.44
1.438125
1.195625
0.931875
0.785625
0.833125
0.973125
1.098125
1.0175
0.89875
0.74
0.6225
0.563125
0.610625
0.648125
0.645625
0.849375
1.050625
1.28375
1.570625
1.524375
1.21875
0.939375
0.605
0.45625
0.52875
0.625625
0.756875
0.834375
0.816875
0.73625
0.620625
0.53
0.54875
0.64125
0.73375
0.891875
0.945
0.865
0.805
0.68625
0.633125
0.831875
1.03
1.145
1.2375
1.02875
0.858125
0.833125
0.855
1.085625
1.335
1.434375
1.436875
1.28375
1.07375
0.96625
0.918125
0.973125
0.980625
0.975
1.000625
1.114375
1.228125
1.46875
1.628125
1.501875
1.470625
1.225
0.995
1.000625
0.949375
0.904375
0.884375
0.740625
0.65625
0.7975
1.004375
1.31125
1.65375
1.67625
1.583125
1.4225
1.040625
0.905
0.810625
0.9125
1.130625
1.27625
1.40875
1.260625
1.175
0.995
0.836875
0.739375
0.559375
0.5475
0.528125
0.575625
0.6475
0.724375
0.841875
0.9225
1.184375
1.18625
1.126875
1.090625
0.71375
0.51125
0.36125
0.306875
0.515625
0.76625
1.025
1.13125
1.108125
1.001875
0.82375
0.84
0.849375
1.0175
1.290625
1.33875
1.475625
1.406875
1.21375
1.1375
1.1525
1.235
1.355625
1.505
1.43625
1.40875
1.566875
1.5325
1.536875
1.5325
1.189375
1.113125
1.08375
1.176875
1.485
1.486875
1.535625
1.448125
1.31625
1.531875
1.66
1.61625
1.599375
1.296875
1.01
0.904375
0.7125
0.65875
0.640625
0.655
0.820625
0.91
1.04375
1.26375
1.345
1.479375
1.511875
1.339375
1.1975
1.05875
0.925625
0.864375
0.9775
1.084375
1.24
1.49
1.4525
1.38625
1.3525
1.229375
1.259375
1.306875
1.266875
1.06
0.775625
0.533125
0.37625
0.383125
0.446875
0.615625
0.74625
0.97
1.276875
1.279375
1.281875
1.17
1.060625
1.15625
1.251875
1.485625
1.465
1.39625
1.336875
0.991875
0.98625
1.010625
1.04
1.250625
1.1225
1.1025
1.015
0.950625
1.065625
0.9425
0.91125
0.81625
0.69625
0.625625
0.56375
0.591875
0.63375
0.9125
1.16625
1.36875
1.628125
1.606875
1.475
1.358125
1.29625
1.273125
1.3275
1.36125
1.128125
1.13625
1.198125
1.180625
1.3375
1.17625
0.971875
0.92625
0.828125
0.906875
0.985625
1.014375
1.133125
1.1575
1.12
0.935
0.630625
0.47625
0.47875
0.6475
0.9675
1.144375
1.13125
1.0225
0.77
0.546875
0.42625
0.371875
0.406875
0.63375
0.845
1.048125
1.171875
0.99375
1.0
0.96625
1.0225
1.18375
1.166875
1.188125
1.2725
1.3875
1.36
1.3225
1.063125
0.89125
0.881875
0.9075
0.984375
0.90125
0.790625
0.7
0.84625
1.21625
1.57625
1.96125
2.039375
1.791875
1.58625
1.16625
0.87875
0.941875
0.94125
1.038125
1.09875
0.84875
0.645
0.653125
0.730625
0.92
1.118125
1.030625
0.879375
0.773125
0.7225
0.763125
0.868125
0.950625
0.883125
0.833125
0.74625
0.70625
0.744375
0.809375
0.83875
0.77125
0.700625
0.591875
0.6175
0.82875
1.04625
1.31875
1.574375
1.638125
1.70125
1.676875
1.44125
1.17375
0.994375
0.861875
0.8825
1.009375
1.0075
0.986875
0.921875
0.83875
0.75375
0.7825
0.796875
0.85875
0.958125
1.01875
1.01875
1.01875
1.01875
