1.098125
1.098125
1.098125
1.098125
0.99375
0.944375
0.905
0.850625
0.770625
0.690625
0.67875
0.730625
0.808125
0.919375
0.946875
0.9525
1.016875
1.045625
1.1075
1.169375
1.145625
1.12875
1.12
1.103125
1.118125
1.128125
1.155
1.21
1.26
1.31
1.313125
1.264375
1.215625
1.1575
1.124375
1.123125
1.125
1.16375
1.19625
1.22375
1.248125
1.24875
1.24125
1.230625
1.205625
1.17125
1.15625
1.169375
1.23
1.276875
1.335
1.34625
1.29125
1.261875
1.21875
1.219375
1.28625
1.365625
1.43375
1.474375
1.47625
1.459375
1.431875
1.415625
1.379375
1.31
1.22
1.09125
0.960625
0.845
0.7825
0.7675
0.7925
0.85875
0.945625
1.018125
1.065625
1.059375
0.975625
0.88375
0.844375
0.851875
0.9425
1.049375
1.08875
1.12125
1.081875
1.006875
0.981875
0.975
0.971875
1.0
1.0025
0.924375
0.9025
0.88625
0.88125
0.929375
0.975
0.985625
0.97875
0.971875
0.890625
0.8475
0.81375
0.811875
0.89875
0.98625
1.055625
1.093125
1.04125
0.990625
1.000625
1.004375
1.0725
1.139375
1.134375
1.165
1.1525
1.099375
1.09
1.028125
1.0175
1.00875
0.951875
0.89875
0.828125
0.841875
0.923125
1.07
1.23375
1.28
1.305625
1.22625
1.09375
1.045625
0.9475
0.96125
0.9725
0.9325
0.940625
0.8425
0.828125
0.87
0.873125
0.988125
1.005
0.960625
0.9775
0.884375
0.868125
0.908125
0.9175
1.02375
1.093125
1.14625
1.159375
1.110625
1.05875
0.99625
0.998125
1.019375
1.055625
1.094375
1.13125
1.125
1.118125
1.115
1.039375
1.00375
0.961875
0.9025
0.89625
0.89
0.870625
0.863125
0.891875
0.94625
1.020625
1.09625
1.133125
1.1775
1.19375
1.240625
1.26
1.213125
1.23375
1.164375
1.115625
1.105
1.02
1.02125
1.019375
0.981875
0.958125
0.905
0.8325
0.790625
0.77375
0.733125
0.730625
0.763125
0.78875
0.84625
0.886875
0.8575
0.84875
0.864375
0.913125
1.055625
1.149375
1.2125
1.241875
1.18125
1.15125
1.090625
1.043125
1.058125
1.03
1.02625
1.014375
0.938125
0.929375
0.943125
0.9475
0.985
1.00125
0.99125
0.99375
1.004375
0.999375
1.025
1.01375
0.988125
0.943125
0.8875
0.881875
0.8625
0.8875
0.865625
0.848125
0.87375
0.884375
0.944375
0.959375
0.954375
0.9425
0.905625
0.90625
0.88625
0.87875
0.936875
0.95625
1.016875
1.03875
0.98625
0.959375
0.87625
0.83125
0.80625
0.806875
0.8725
0.96625
1.043125
1.076875
1.078125
1.001875
0.984375
1.006875
1.024375
1.123125
1.186875
1.250625
1.284375
1.259375
1.20375
1.1
1.03125
0.953125
0.89375
0.8725
0.8675
0.914375
0.94
0.929375
0.89875
0.870625
0.895625
0.928125
0.964375
0.9425
0.9
0.926875
0.95375
1.0375
1.098125
1.0875
1.064375
0.97875
0.91125
0.826875
0.81
0.85375
0.925
1.063125
1.099375
1.084375
1.001875
0.90875
0.866875
0.865625
0.935
0.961875
1.00875
1.056875
1.1025
1.163125
1.2175
1.2575
1.226875
1.176875
1.07
0.955
0.891875
0.88625
0.943125
0.9825
0.986875
0.958125
0.878125
0.83
0.8475
0.851875
0.879375
0.904375
0.861875
0.849375
0.833125
0.8275
0.876875
0.931875
1.020625
1.095
1.155
1.17125
1.13625
1.083125
1.016875
0.968125
0.970625
1.015625
1.0075
0.99125
0.93625
0.8325
0.781875
0.76375
0.74625
0.740625
0.743125
0.706875
0.723125
0.805
0.883125
0.980625
1.02375
0.98625
0.9625
0.92625
0.87875
0.849375
0.77125
0.764375
0.795625
0.8325
0.936875
0.92375
0.885625
0.864375
0.785625
0.778125
0.81375
0.8475
0.919375
1.0
1.0
1.0
1.0
