0.0476434426229
0.0476434426229
0.0476434426229
0.0476434426229
0.0742827868853
0.0729654566745
0.0870901639345
0.102093091335
0.0892857142858
0.0911885245903
0.0789666276347
0.0649882903982
0.0633782201405
0.0617681498829
0.0594994145199
0.0581088992974
0.0577429742388
0.0573770491803
0.0440573770491
0.030737704918
0.0182962529274
0.00585480093677
0.00570843091335
0.00556206088993
0.00365925058548
0.00175644028103
0.0152956674473
0.0288348946136
0.0570111241218
0.0860655737705
0.0862851288056
0.0865046838407
0.0739168618266
0.0739900468384
0.088700234192
0.103410421546
0.102678571429
0.0750146370024
0.0469115925059
0.0188085480094
0.00497658079627
0.00351288056207
0.00329332552694
0.00307377049181
0.00307377049181
0.00409836065575
0.00307377049181
0.00204918032787
0.00190281030445
0.00322014051522
0.00556206088993
0.0084162763466
0.0232728337236
0.0352019906323
0.0471311475409
0.0585480093676
0.0580357142856
0.0589871194379
0.0599385245901
0.0603776346604
0.0598653395784
0.0593530444965
0.0588407494145
0.0588407494145
0.0451551522248
0.0324941451991
0.0198331381733
0.00717213114756
0.0218823185012
0.0492535128806
0.0775029274004
0.106264637002
0.107508782201
0.0808694379391
0.0524736533958
0.0230532786885
0.00658665105386
0.0182230679157
0.031762295082
0.0595725995317
0.0891393442623
0.104800936768
0.118413348946
0.104508196721
0.102605386417
0.0867974238876
0.072819086651
0.0734045667446
0.047862997658
0.0362265807962
0.0229800936768
0.00812353629977
0.00600117096019
0.01712529274
0.0295667447306
0.04281323185
0.0575966042153
0.0600848946135
0.0615485948477
0.0632318501171
0.0766247072599
0.0743559718969
0.0873097189695
0.0998243559718
0.0858460187353
0.100995316159
0.100483021077
0.10019028103
0.128073770492
0.12712236534
0.127707845433
0.142637587822
0.128732435597
0.129244730679
0.114827283372
0.0727459016393
0.0450819672131
0.0174180327869
0.00409836065575
0.00329332552694
0.00248829039813
0.00168325526932
0.0152224824356
0.0303717798594
0.0592798594847
0.102898126464
0.117827868852
0.145638173302
0.145930913349
0.117022833724
0.102459016393
0.0605240046838
0.0325673302108
0.0191012880562
0.00563524590165
0.00483021077284
0.0173448477752
0.0311036299765
0.0448624121779
0.0734045667446
0.088407494145
0.100702576112
0.112997658079
0.0977751756438
0.0687939110069
0.0550351288055
0.0412763466041
0.0412763466041
0.0550351288055
0.0412763466041
0.0275175644028
0.028468969555
0.0441305620609
0.0740632318501
0.103995901639
0.10487412178
0.0763319672131
0.0467652224824
0.0171984777518
0.0159543325527
0.0431791569086
0.0711358313816
0.0990925058546
0.113070843091
0.0995316159249
0.0870169789226
0.0745023419203
0.047862997658
0.0349824355972
0.019394028103
0.00431791569087
0.00365925058548
0.0030005854801
0.00402517564403
0.00402517564403
0.00322014051522
0.00387880562061
0.00431791569087
0.0052693208431
0.00673302107729
0.0052693208431
0.00358606557377
0.00292740046839
0.002268735363
0.00307377049181
0.00409836065575
0.00307377049181
0.00204918032787
0.00124414519907
0.000658665105386
0.00109777517564
0.00256147540984
0.00461065573771
0.0205649882904
0.0365193208431
0.0504244730679
0.0624999999999
0.046106557377
0.0297131147541
0.0143442622951
0.0
0.0
0.0
0.0143442622951
0.0286885245901
0.0430327868852
0.0584016393442
0.0597921545667
0.0611826697892
0.0625731850117
0.0619145199063
0.0461797423888
0.0304449648712
0.0290544496487
0.0286885245901
0.0430327868852
0.0573770491803
0.0440573770491
0.030737704918
0.0174180327869
0.00409836065575
0.00307377049181
0.00204918032787
0.00102459016394
0.0
0.0
0.0143442622951
0.0286885245901
0.0430327868852
0.0573770491803
0.0567915690866
0.0706235362997
0.0844555035128
0.0982874707259
0.112704918033
0.11299765808
0.113290398126
0.113583138173
0.100629391101
0.0726727166276
0.0447160421545
0.0305181498829
0.0433987119437
0.0847482435596
0.126097775175
0.14044203747
0.126610070257
0.0996779859483
0.0727459016393
0.0593530444965
0.0603044496488
0.047643442623
0.0349824355972
0.0212236533958
0.00768442622952
0.0200526932085
0.0324209601874
0.0455942622951
0.0727459016394
0.0725263466043
0.086724238876
0.115266393443
0.115193208431
0.143296252927
0.14256440281
0.114168618267
0.10019028103
0.058694379391
0.0321282201405
0.0178571428571
0.00358606557378
0.00307377049181
0.0015368852459
0.00102459016394
0.0142710772833
0.0275175644028
0.0412763466041
0.0550351288055
0.0412763466041
0.0275175644028
0.0137587822014
0.0
0.0
0.0
0.0
0.0
0.0
0.0
0.0
0.0
0.0
0.0147101873536
0.0431791569086
0.0716481264636
0.100117096019
0.0991656908664
0.0844555035127
0.0707699063231
0.0570843091334
0.0581088992973
0.0453747072599
0.0305913348946
0.0158079625292
0.00102459016394
0.0
0.0
0.0
0.0
0.0
0.0
0.0147101873536
0.0431791569086
0.0859923887587
0.128805620609
0.142198477752
0.128073770492
0.0852605386416
0.0567915690866
0.0430327868852
0.0430327868852
0.0573770491803
0.0430327868852
0.0424473067915
0.0418618266978
0.0412763466041
0.0687939110069
0.0687939110069
0.0687939110069
0.0687939110069
0.0412763466041
0.0275175644028
0.0137587822014
0.0
0.0147101873536
0.0294203747073
0.0441305620609
0.059718969555
0.0458870023419
0.0320550351288
0.0182230679157
0.00263466042154
0.00175644028103
0.000878220140513
0.0
0.0
0.0
0.0
0.0
0.0
0.0
0.0
0.0
0.0
0.0
0.0
0.0
0.0143442622951
0.0286885245901
0.0430327868852
0.0573770491803
0.0430327868852
0.0286885245901
0.0143442622951
0.0
0.0137587822014
0.0275175644028
0.0412763466041
0.0550351288055
0.0550351288055
0.0555474238875
0.0698185011708
0.0851141686181
0.086651053864
0.087163348946
0.0601580796252
0.0311036299765
0.0295667447306
0.0285421545667
0.0412763466041
0.0550351288055
0.0412763466041
0.0275175644028
0.0137587822014
0.00102459016394
0.00204918032787
0.00307377049181
0.00409836065575
0.00409836065575
0.00409836065575
0.00409836065575
0.0188085480094
0.0324941451991
0.0461797423888
0.0608899297424
0.0605240046838
0.0755269320843
0.0905298594847
0.103483606557
0.102459016393
0.0732581967212
0.0440573770491
0.0161007025761
0.00248829039813
0.00365925058548
0.00483021077284
0.0060743559719
0.0075380562061
0.00658665105387
0.00585480093677
0.00431791569087
0.00234192037471
0.00182962529274
0.000878220140515
0.000439110070258
0.000731850117096
0.00102459016394
0.0015368852459
0.00292740046838
0.00329332552693
0.00365925058547
0.00402517564402
0.00263466042154
0.00175644028103
0.00175644028103
0.00175644028103
0.00263466042154
0.00351288056205
0.00263466042154
0.00263466042154
0.00263466042154
0.00263466042154
0.00351288056205
0.00263466042154
0.00175644028103
0.000878220140513
0.00146370023419
0.00292740046839
0.00490339578455
0.00790398126465
0.00797716627636
0.00856264637004
0.00812353629978
0.019394028103
0.0323477751756
0.0442769320842
0.0577429742388
0.0447160421545
0.045594262295
0.0469847775175
0.0463261124121
0.0738436768149
0.0743559718969
0.074868266979
0.0764051522249
0.0491071428572
0.0332259953162
0.0183694379391
0.0179303278689
0.0321282201406
0.0480093676816
0.0620608899298
0.0483021077284
0.0485216627635
0.0485216627635
0.0491071428572
0.0630854800938
0.0631586651055
0.0632318501171
0.063524590164
0.0638173302108
0.0493266978923
0.0356411007026
0.0219555035129
0.00724531615927
0.00768442622952
0.00629391100703
0.00512295081967
0.00600117096018
0.0197599531616
0.034543325527
0.0493998829041
0.0759660421546
0.0892857142857
0.103117681499
0.117169203747
0.119145199063
0.106337822014
0.106264637002
0.119072014052
0.116803278689
0.128805620609
0.114022248244
0.0714285714286
0.057962529274
0.0449355971897
0.0462529274005
0.061987704918
0.0483021077283
0.0341774004684
0.0185889929742
0.0030005854801
0.0168325526932
0.0446428571428
0.0871633489461
0.129903395784
0.143442622951
0.143223067916
0.114534543325
0.085406908665
0.0709162763465
0.056425644028
0.0563524590163
0.0564988290397
0.070550351288
0.0708430913348
0.0713553864169
0.0718676814989
0.044130562061
0.0310304449649
0.0174912177986
0.00417154566744
0.00483021077282
0.00395199063231
0.00329332552693
0.00219555035128
0.00131733021077
0.000878220140515
0.000658665105386
0.000658665105386
0.000658665105386
0.000878220140515
0.000658665105386
0.000439110070258
0.000439110070258
0.000439110070258
0.000878220140515
0.00131733021077
0.00131733021077
0.00131733021077
0.00109777517564
0.000878220140515
0.000878220140515
0.000878220140515
0.000658665105386
0.000658665105386
0.000658665105386
0.000878220140515
0.00131733021077
0.00131733021077
0.00131733021077
0.000878220140515
0.000439110070258
0.000219555035129
0.000878220140513
0.00263466042154
0.00439110070256
0.00614754098359
0.00614754098359
0.00461065573769
0.0030737704918
0.0015368852459
0.000878220140515
0.000658665105386
0.000439110070258
0.000219555035129
0.0
0.0
0.0
0.0
0.0
0.0
0.0
0.0
0.0
0.0
0.0
0.0
0.0
0.0
0.0
0.0
0.000878220140513
0.00175644028103
0.00263466042154
0.00351288056205
0.00351288056205
0.00351288056205
0.00351288056205
