0.3905
0.3905
0.3905
0.3905
0.4099375
0.43575
0.4341875
0.432625
0.4269375
0.4075
0.4104375
0.404875
0.4158125
0.4235
0.4225625
0.430125
0.4283125
0.417375
0.394
0.379125
0.35725
0.3558125
0.355375
0.3378125
0.32775
0.293625
0.2845625
0.29275
0.308875
0.3508125
0.378
0.3754375
0.3539375
0.3148125
0.2728125
0.2730625
0.2989375
0.3385625
0.3848125
0.4
0.401375
0.4039375
0.3974375
0.3941875
0.372
0.3305625
0.2800625
0.23175
0.2076875
0.20075
0.2116875
0.245
0.271875
0.29375
0.3011875
0.28025
0.271875
0.261875
0.280125
0.305375
0.3028125
0.31175
0.2886875
0.272625
0.27275
0.24925
0.2385
0.2295
0.246625
0.298625
0.36175
0.4181875
0.441
0.4289375
0.403
0.3673125
0.3205
0.2906875
0.2705
0.274125
0.301375
0.3285
0.339375
0.342875
0.3525625
0.3665
0.4001875
0.423375
0.4379375
0.445125
0.4424375
0.443
0.4408125
0.428125
0.4141875
0.404125
0.4018125
0.399375
0.3994375
0.4015
0.375375
0.359875
0.329375
0.273625
0.251625
0.2408125
0.2575
0.314125
0.3485
0.366
0.36975
0.336375
0.321375
0.31775
0.3215
0.3438125
0.35375
0.3513125
0.33825
0.3439375
0.36
0.399375
0.44525
0.472375
0.49225
0.488125
0.4635
0.420125
0.420125
0.420125
0.420125
