-0.1475
-0.1475
-0.1475
-0.1475
-0.093125
-0.0675
-0.05375
-0.06125
-0.079375
-0.105625
-0.114375
-0.08875
-0.079375
-0.0475
-0.018125
-0.01375
-0.018125
-0.01
-0.011875
-0.04375
-0.0025
-0.01
-0.011875
0.03125
0.004375
0.0
-0.013125
-0.03375
-0.00375
0.04875
0.12375
0.178125
0.199375
0.180625
0.170625
0.156875
0.1175
0.103125
0.065625
0.0675
0.1175
0.1575
0.168125
0.130625
0.073125
0.024375
0.01125
0.019375
0.00875
-0.0025
-0.0225
-0.015625
-0.02125
-0.044375
-0.076875
-0.136875
-0.134375
-0.11
-0.059375
-0.014375
0.02875
0.094375
0.16875
0.23125
0.236875
0.1825
0.075625
-0.01
-0.068125
-0.09375
-0.060625
-0.0225
0.01375
0.049375
0.055625
0.0525
0.055625
0.03375
-0.0175
-0.049375
-0.088125
-0.080625
-0.051875
-0.066875
-0.054375
-0.06875
-0.063125
-0.04125
-0.065
-0.06625
-0.09125
-0.05625
0.0225
0.090625
0.185
0.230625
0.253125
0.244375
0.244375
0.214375
0.184375
0.203125
0.16875
0.194375
0.190625
0.131875
0.10375
0.01625
-0.041875
-0.070625
-0.1
-0.1
-0.1
-0.095625
-0.09125
-0.086875
-0.0825
-0.086875
-0.091875
-0.096875
-0.0975
-0.094375
-0.090625
-0.086875
-0.091875
-0.09625
-0.100625
-0.105
-0.105
-0.105
-0.104375
-0.10375
-0.09875
-0.09875
-0.09875
-0.09875
