0.920625
0.920625
0.920625
0.920625
0.9075
0.92375
0.95
0.99
1.0125
1.011875
1.008125
0.981875
0.9575
0.9425
0.92625
0.91375
0.91375
0.925
0.930625
0.94625
0.955625
0.9375
0.93875
0.943125
0.945
0.969375
0.976875
0.971875
0.971875
0.978125
0.98
0.98875
0.99375
0.97375
0.96125
0.945
0.936875
0.93875
0.9475
0.96
0.96
0.96375
0.95
0.93
0.909375
0.8825
0.86625
0.86125
0.8675
0.87875
0.89
0.903125
0.91125
0.93375
0.9625
0.9725
0.991875
1.00125
1.004375
1.018125
1.011875
0.98625
0.96625
0.954375
0.953125
0.966875
0.969375
0.96625
0.978125
0.98625
0.9975
0.9925
0.968125
0.96625
0.974375
0.995625
1.006875
0.984375
0.9575
0.935
0.945625
0.97125
0.99125
1.015625
1.00625
0.996875
0.984375
0.96625
0.978125
1.000625
1.02875
1.05125
1.05
1.04
1.03875
1.033125
1.04125
1.04375
1.0325
1.021875
1.003125
0.979375
0.965625
0.97375
0.989375
1.024375
1.054375
1.0675
1.060625
1.035
1.00625
0.97
0.9525
0.943125
0.931875
0.948125
0.968125
0.99625
1.03875
1.050625
1.056875
1.0525
1.04125
1.050625
1.061875
1.071875
1.075625
1.066875
1.048125
1.03125
1.013125
0.989375
0.965
0.9425
0.925
0.9275
0.9375
0.941875
0.95125
0.955625
0.971875
0.99
1.0
0.990625
0.96875
0.960625
0.95
0.96375
0.97625
0.984375
1.008125
1.02125
1.038125
1.046875
1.044375
1.0375
1.028125
1.023125
1.0125
1.005625
0.999375
0.989375
0.984375
0.97375
0.955625
0.939375
0.925625
0.934375
0.95375
0.974375
0.9875
0.9825
0.975625
0.968125
0.9675
0.963125
0.955625
0.935625
0.928125
0.941875
0.959375
0.99875
1.018125
1.015625
1.009375
0.998125
1.004375
1.024375
1.04
1.05
1.045
1.0225
1.0125
1.0
0.994375
0.99125
0.985625
0.971875
0.950625
0.95375
0.948125
0.954375
0.97
0.9675
0.975
0.99625
1.01875
1.04375
1.065625
1.063125
1.050625
1.0225
0.980625
0.944375
0.906875
0.894375
0.890625
0.905
0.9325
0.951875
0.99
1.01625
1.025625
1.033125
1.023125
1.00625
1.005625
1.00125
1.003125
1.01
1.010625
1.006875
0.9875
0.960625
0.95
0.9625
0.996875
1.031875
1.041875
1.03375
1.016875
1.024375
1.036875
1.055
1.07125
1.070625
1.078125
1.08
1.075625
1.065625
1.043125
1.024375
1.013125
1.000625
0.99
0.983125
0.98
0.98
0.98625
0.98
0.975625
0.98
0.99875
1.02375
1.025625
1.0275
1.015
1.01
1.020625
1.010625
0.9975
0.979375
0.955625
0.96125
0.961875
0.964375
0.976875
0.97
0.9725
0.9575
0.94
0.92125
0.9075
0.9125
0.9225
0.94375
0.9475
0.94875
0.9325
0.920625
0.934375
0.945625
0.971875
0.978125
0.959375
0.941875
0.928125
0.925
0.93375
0.93875
0.93
0.9175
0.91
0.90625
0.9075
0.91625
0.9125
0.90875
0.916875
0.929375
0.954375
0.984375
0.989375
0.993125
0.983125
0.974375
0.985
0.97
0.973125
0.966875
0.969375
0.995625
0.996875
1.0075
1.004375
1.0025
1.03375
1.049375
1.04625
1.036875
0.99375
0.95875
0.94625
0.92625
0.93625
0.955
0.97125
0.99125
0.991875
0.9775
0.97125
0.9725
0.96875
0.983125
0.97875
0.985625
1.01125
1.011875
1.025
1.010625
0.9775
0.966875
0.94875
0.94875
0.956875
0.9525
0.9525
0.93875
0.936875
0.939375
0.953125
0.99
0.99875
1.01875
1.0275
0.999375
0.991875
0.955
0.90375
0.878125
0.868125
0.87625
0.9125
0.959375
0.975
1.0
0.99375
0.973125
0.95875
0.925625
0.928125
0.915625
0.90625
0.90625
0.879375
0.87375
0.880625
0.896875
0.915625
0.9225
0.92
0.916875
0.916875
0.91875
0.915
0.884375
0.86
0.853125
0.85125
0.885625
0.928125
0.9525
0.978125
0.976875
0.95
0.93625
0.935625
0.934375
0.950625
0.949375
0.920625
0.905
0.90625
0.9225
0.951875
0.995625
1.004375
0.998125
0.99875
0.974375
0.97
0.985
0.99125
0.99625
1.000625
0.985
0.971875
0.974375
0.968125
0.96625
0.975
0.961875
0.948125
0.954375
0.94625
0.959375
0.969375
0.949375
0.9275
0.891875
0.891875
0.891875
0.891875
