0.449375
0.449375
0.449375
0.449375
0.459375
0.456875
0.465625
0.4775
0.49
0.504375
0.508125
0.51
0.501875
0.489375
0.474375
0.459375
0.458125
0.47125
0.4875
0.494375
0.499375
0.4875
0.47375
0.476875
0.48
0.496875
0.51375
0.51125
0.495625
0.47375
0.445625
0.42875
0.430625
0.431875
0.445
0.45875
0.46625
0.469375
0.456875
0.456875
0.45125
0.439375
0.44625
0.44
0.430625
0.4375
0.4375
0.434375
0.4475
0.4625
0.47375
0.48875
0.494375
0.49375
0.4925
0.4825
0.463125
0.440625
0.414375
0.409375
0.4225
0.430625
0.449375
0.4475
0.4375
0.44375
0.4475
0.468125
0.479375
0.478125
0.468125
0.440625
0.431875
0.42
0.42
0.4375
0.435
0.44375
0.4425
0.423125
0.41375
0.40125
0.401875
0.4225
0.45375
0.475
0.48
0.470625
0.44875
0.445625
0.45875
0.475625
0.494375
0.49125
0.4725
0.44875
0.4225
0.418125
0.42125
0.434375
0.454375
0.453125
0.451875
0.435
0.403125
0.390625
0.38375
0.391875
0.418125
0.43375
0.435
0.440625
0.435625
0.435
0.443125
0.433125
0.42125
0.394375
0.378125
0.380625
0.394375
0.433125
0.46125
0.476875
0.49125
0.4925
0.494375
0.489375
0.4775
0.465625
0.450625
0.45875
0.45625
0.4525
0.451875
0.436875
0.44125
0.441875
0.44375
0.445625
0.445
0.4575
0.468125
0.47375
0.4675
0.45625
0.444375
0.44875
0.460625
0.468125
0.47875
0.4775
0.475625
0.4775
0.475
0.465625
0.456875
0.444375
0.425625
0.424375
0.431875
0.4325
0.45
0.45
0.44125
0.450625
0.450625
0.46875
0.486875
0.4825
0.47625
0.44875
0.421875
0.420625
0.426875
0.449375
0.461875
0.4625
0.4475
0.426875
0.425
0.4225
0.439375
0.45375
0.4575
0.46125
0.45625
0.45875
0.463125
0.46875
0.474375
0.484375
0.485625
0.48375
0.473125
0.455
0.455
0.445625
0.45375
0.46125
0.45875
0.476875
0.48625
0.495625
0.50375
0.501875
0.5
0.4975
0.495625
0.495
0.49625
0.49875
0.5025
0.508125
0.51
0.510625
0.508125
0.503125
0.50125
0.498125
0.501875
0.505
0.506875
0.514375
0.515625
0.518125
0.520625
0.510625
0.50375
0.495
0.475625
0.47375
0.46
0.439375
0.43625
0.414375
0.4125
0.4275
0.44
0.47125
0.491875
0.504375
0.50125
0.48875
0.478125
0.46625
0.474375
0.48375
0.491875
0.500625
0.496875
0.4925
0.49
0.489375
0.49375
0.489375
0.485
0.47
0.458125
0.454375
0.448125
0.459375
0.461875
0.465625
0.468125
0.45625
0.45125
0.45375
0.460625
0.476875
0.490625
0.49625
0.5
0.5
0.5
0.5
0.5
0.5
0.500625
0.501875
0.503125
0.504375
0.504375
0.503125
0.504375
0.50625
0.509375
0.513125
0.514375
0.51375
0.51
0.506875
0.503125
0.50125
0.495
0.488125
0.4775
0.458125
0.4525
0.44625
0.435
0.438125
0.43625
0.435
0.4575
0.475625
0.491875
0.505625
0.503125
0.500625
0.49125
0.485
0.480625
0.4725
0.478125
0.4725
0.45375
0.4375
0.414375
0.41625
0.444375
0.469375
0.490625
0.4975
0.49125
0.48875
0.49375
0.49625
0.498125
0.4925
0.475
0.460625
0.44875
0.4525
0.475
0.49875
0.506875
0.499375
0.480625
0.45875
0.461875
0.475
0.486875
0.490625
0.485625
0.475
0.466875
0.465625
0.451875
0.433125
0.415
0.41
0.4225
0.45
0.474375
0.486875
0.4925
0.478125
0.46375
0.44875
0.429375
0.435
0.445
0.4525
0.4675
0.46875
0.466875
0.4775
0.48625
0.495625
0.503125
0.500625
0.495
0.49
0.489375
0.495
0.493125
0.488125
0.481875
0.466875
0.469375
0.474375
0.479375
0.49125
0.494375
0.5
0.505
0.50875
0.50375
0.491875
0.479375
0.464375
0.468125
0.478125
0.486875
0.4875
0.476875
0.458125
0.43625
0.42375
0.40375
0.39875
0.405625
0.420625
0.44875
0.45875
0.4625
0.45875
0.454375
0.468125
0.476875
0.485625
0.49125
0.48875
0.48625
0.474375
0.4575
0.4375
0.43
0.430625
0.44
0.454375
0.46125
0.478125
0.490625
0.48875
0.48625
0.473125
0.45125
0.44125
0.43125
0.423125
0.431875
0.451875
0.46875
0.485
0.49375
0.47875
0.469375
0.4625
0.455
0.46375
0.470625
0.46375
0.449375
0.431875
0.410625
0.40875
0.413125
0.425625
0.444375
0.45625
0.475
0.480625
0.483125
0.475
0.464375
0.458125
0.453125
0.46625
0.4675
0.464375
0.45125
0.43
0.425
0.42125
0.429375
0.429375
0.421875
0.420625
0.413125
0.4225
0.435
0.444375
0.464375
0.473125
0.468125
0.471875
0.468125
0.46625
0.48375
0.4925
0.496875
0.49875
0.4825
0.465625
0.4575
0.454375
0.460625
0.4675
0.4675
0.4575
0.456875
0.45625
0.46
0.47875
0.480625
0.474375
0.466875
0.443125
0.426875
0.42625
0.4225
0.43625
0.453125
0.455
0.4525
0.44125
0.425625
0.42625
0.43375
0.44
0.450625
0.4525
0.455
0.459375
0.463125
0.46625
0.4775
0.48875
0.49875
0.51
0.503125
0.494375
0.483125
0.4625
0.460625
0.4525
0.443125
0.448125
0.443125
0.45375
0.460625
0.455625
0.443125
0.41375
0.396875
0.3975
0.411875
0.44
0.46375
0.47375
0.47125
0.459375
0.44375
0.43
0.433125
0.449375
0.46125
0.474375
0.47625
0.466875
0.471875
0.47875
0.489375
0.50625
0.50625
0.501875
0.481875
0.4525
0.4325
0.405625
0.40375
0.411875
0.41625
0.439375
0.441875
0.4375
0.446875
0.445
0.45125
0.4625
0.464375
0.4675
0.480625
0.49125
0.501875
0.5125
0.51375
0.515
0.51375
0.5125
0.51125
0.51
0.51
0.51
0.51125
0.5125
0.515
0.5175
0.51875
0.52
0.51875
0.5175
0.515
0.5125
0.513125
0.51375
0.516875
0.52
0.5075
0.495
0.48
0.45625
0.459375
0.4625
0.464375
0.4825
0.4875
0.4925
0.495
0.481875
0.46625
0.44125
0.43
0.431875
0.425625
0.42875
0.41875
0.408125
0.42125
0.445625
0.47875
0.5075
0.519375
0.505
0.486875
0.46875
0.458125
0.475625
0.48625
0.496875
0.501875
0.49375
0.4975
0.50125
0.50875
0.51625
0.518125
0.52
0.52
0.52
0.52
0.52
0.509375
0.49875
0.486875
0.471875
0.476875
0.483125
0.488125
0.499375
0.4925
0.483125
0.47875
0.473125
0.4775
0.483125
0.4875
0.488125
0.495
0.501875
0.501875
0.50375
0.4925
0.476875
0.470625
0.46
0.458125
0.465
0.46875
0.48125
0.493125
0.5025
0.51
0.5125
0.505
0.484375
0.461875
0.440625
0.434375
0.44125
0.455625
0.468125
0.464375
0.465
0.45375
0.435
0.433125
0.42625
0.431875
0.455625
0.473125
0.485
0.494375
0.490625
0.48375
0.485625
0.485
0.4925
0.49375
0.489375
0.475625
0.45875
0.458125
0.45125
0.463125
0.47125
0.469375
0.483125
0.4875
0.48625
0.485625
0.475
0.4525
0.44
0.424375
0.411875
0.424375
0.43375
0.45
0.46625
0.4675
0.48
0.4925
0.50375
0.5175
0.5175
0.51
0.4925
0.47375
0.451875
0.43625
0.44
0.435625
0.446875
0.456875
0.458125
0.468125
0.460625
0.448125
0.43375
0.42875
0.440625
0.456875
0.475625
0.484375
0.481875
0.4825
0.4775
0.47375
0.465625
0.446875
0.436875
0.425625
0.43375
0.4575
0.478125
0.496875
0.491875
0.4675
0.43625
0.403125
0.393125
0.405625
0.425625
0.456875
0.476875
0.47875
0.476875
0.455625
0.435
0.424375
0.42
0.440625
0.4575
0.476875
0.491875
0.494375
0.5
0.49875
0.49
0.481875
0.47625
0.471875
0.4825
0.479375
0.474375
0.46625
0.44125
0.4425
0.441875
0.44
0.456875
0.4575
0.460625
0.475625
0.4825
0.495625
0.506875
0.5125
0.515625
0.508125
0.50125
0.490625
0.480625
0.485
0.4875
0.489375
0.491875
0.488125
0.48875
0.485625
0.483125
0.4775
0.469375
0.46375
0.455
0.4525
0.4475
0.455625
0.46875
0.469375
0.4675
0.459375
0.439375
0.43125
0.433125
0.43375
0.445625
0.45875
0.46
0.459375
0.46125
0.45875
0.4725
0.48
0.485625
0.493125
0.493125
0.5025
0.51
0.515625
0.51875
0.5175
0.516875
0.515625
0.50125
0.4925
0.471875
0.450625
0.45125
0.43625
0.436875
0.434375
0.426875
0.4375
0.445
0.46125
0.475625
0.4825
0.49
0.49
0.484375
0.478125
0.46875
0.465625
0.4625
0.4625
0.46375
0.453125
0.4525
0.4525
0.451875
0.465625
0.474375
0.480625
0.478125
0.46375
0.453125
0.44125
0.44625
0.4575
0.455
0.4475
0.4325
0.418125
0.40875
0.40375
0.398125
0.400625
0.419375
0.450625
0.47875
0.498125
0.505
0.5
0.500625
0.496875
0.49375
0.493125
0.4875
0.4925
0.498125
0.50125
0.511875
0.51
0.495625
0.4825
0.46
0.45
0.455
0.4575
0.46375
0.451875
0.446875
0.4425
0.434375
0.44375
0.440625
0.43625
0.43625
0.435
0.428125
0.43125
0.44375
0.450625
0.474375
0.48875
0.49375
0.5
0.499375
0.50375
0.505625
0.508125
0.506875
0.503125
0.501875
0.498125
0.49625
0.495
0.49375
0.4875
0.48125
0.474375
0.468125
0.470625
0.47375
0.476875
0.478125
0.4775
0.47625
0.4675
0.460625
0.45375
0.4375
0.4275
0.4175
0.415
0.43125
0.448125
0.46375
0.46
0.44625
0.435
0.4225
0.43125
0.43375
0.4375
0.436875
0.43125
0.44
0.445625
0.4575
0.45875
0.45375
0.454375
0.46375
0.480625
0.495
0.50125
0.4975
0.493125
0.49
0.4925
0.49
0.489375
0.485625
0.4725
0.47
0.465
0.46625
0.478125
0.48125
0.485625
0.4825
0.465625
0.459375
0.443125
0.435625
0.446875
0.453125
0.475625
0.495
0.506875
0.515
0.5125
0.5075
0.495625
0.485625
0.474375
0.4525
0.435625
0.4225
0.418125
0.42875
0.435
0.439375
0.4425
0.43875
0.4425
0.435
0.42625
0.4325
0.43125
0.44625
0.456875
0.44875
0.445
0.439375
0.438125
0.44875
0.47
0.480625
0.479375
0.470625
0.44875
0.436875
0.434375
0.43
0.41625
0.39625
0.38625
0.39125
0.4175
0.446875
0.466875
0.4675
0.451875
0.425625
0.391875
0.375
0.369375
0.38625
0.41375
0.430625
0.448125
0.4525
0.44875
0.448125
0.43375
0.41625
0.414375
0.415625
0.425625
0.435
0.420625
0.409375
0.4
0.40125
0.415
0.420625
0.430625
0.436875
0.453125
0.47125
0.481875
0.4775
0.458125
0.42875
0.39375
0.38375
0.3825
0.391875
0.416875
0.428125
0.441875
0.46375
0.46875
0.47625
0.4725
0.44875
0.443125
0.438125
0.435625
0.4475
0.440625
0.43
0.4325
0.440625
0.465
0.490625
0.500625
0.499375
0.48625
0.47375
0.470625
0.47125
0.4825
0.49125
0.496875
0.50375
0.5025
0.498125
0.48125
0.460625
0.441875
0.4375
0.456875
0.4775
0.498125
0.5025
0.49375
0.485
0.47625
0.48125
0.476875
0.4725
0.469375
0.451875
0.45625
0.459375
0.46125
0.48
0.486875
0.495625
0.504375
0.495625
0.48125
0.468125
0.453125
0.455
0.458125
0.44875
0.44125
0.428125
0.431875
0.456875
0.481875
0.49
0.48625
0.471875
0.459375
0.47375
0.49
0.500625
0.509375
0.50625
0.499375
0.50375
0.50625
0.495625
0.4875
0.47375
0.4625
0.47375
0.476875
0.48
0.481875
0.478125
0.489375
0.500625
0.513125
0.520625
0.520625
0.520625
0.52
0.52
0.52
0.52
0.52125
0.5225
0.52125
0.518125
0.51375
0.49875
0.48625
0.47625
0.4625
0.468125
0.47375
0.47625
0.485
0.485
0.485
0.4875
0.486875
0.484375
0.475
0.466875
0.459375
0.455625
0.468125
0.480625
0.484375
0.484375
0.46625
0.438125
0.428125
0.4225
0.425625
0.43375
0.43375
0.42875
0.428125
0.44125
0.4425
0.439375
0.43625
0.415625
0.411875
0.41875
0.40875
0.4075
0.403125
0.391875
0.40125
0.418125
0.431875
0.45625
0.47375
0.475
0.475
0.46625
0.45875
0.456875
0.456875
0.461875
0.455625
0.46
0.465625
0.456875
0.46375
0.461875
0.458125
0.47375
0.4825
0.493125
0.50375
0.50375
0.505625
0.503125
0.49875
0.498125
0.495625
0.49625
0.498125
0.49625
0.494375
0.49375
0.494375
0.496875
0.499375
0.489375
0.47875
0.471875
0.465
0.479375
0.49125
0.499375
0.506875
0.49375
0.485625
0.4775
0.470625
0.48
0.48875
0.4975
0.505625
0.498125
0.4875
0.476875
0.46625
0.478125
0.49125
0.504375
0.5175
0.5175
0.516875
0.51625
0.515625
0.515
0.515
0.515
0.515625
0.51625
0.519375
0.52125
0.52375
0.525
0.523125
0.5225
0.520625
0.519375
0.51875
0.518125
0.5175
0.5175
0.5175
0.519375
0.52125
0.523125
0.525
0.523125
0.52125
0.52125
0.52
0.51625
0.50875
0.499375
0.479375
0.468125
0.464375
0.459375
0.479375
0.495
0.506875
0.52
0.514375
0.50875
0.494375
0.48125
0.478125
0.47625
0.4925
0.508125
0.520625
0.531875
0.531875
0.531875
0.531875
