0.9319375
0.9319375
0.9319375
0.9319375
0.927875
0.9285625
0.9788125
1.009625
1.0086875
0.99825
0.9455625
0.9048125
0.874125
0.8490625
0.8363125
0.8563125
0.8793125
0.9205625
0.9930625
1.0315625
1.0685625
1.0673125
1.0094375
0.941625
0.8996875
0.896
0.9488125
1.0408125
1.093375
1.1068125
1.07425
0.9889375
0.9419375
0.9360625
0.944875
0.9914375
1.015625
0.99675
1.0068125
1.0121875
1.011125
1.0375625
1.0379375
1.026625
1.005375
0.9738125
0.946
0.9236875
0.933
0.9631875
0.96425
0.976625
0.951375
0.8930625
0.8850625
0.883625
0.9269375
0.9965625
1.0506875
1.067625
1.039125
1.00125
0.925875
0.872875
0.846
0.838125
0.8625625
0.9080625
0.95525
0.9535
0.9545625
0.9434375
0.947
1.0051875
1.050625
1.050625
1.050625
1.050625
