0.901875
0.901875
0.901875
0.901875
0.91
0.945625
0.95125
0.97375
1.00125
1.02
1.033125
1.03125
0.99375
0.940625
0.914375
0.8725
0.85125
0.84
0.838125
0.87125
0.9
0.93875
0.9575
0.9575
0.96625
0.9375
0.915
0.89375
0.84625
0.845625
0.86625
0.8925
0.940625
0.96
0.92125
0.87875
0.858125
0.860625
0.914375
0.97
0.981875
0.96625
0.920625
0.84375
0.78875
0.790625
0.80625
0.8875
0.97875
1.011875
1.041875
0.995625
0.929375
0.859375
0.801875
0.7825
0.7925
0.8375
0.8925
0.99
1.068125
1.101875
1.1
1.013125
0.923125
0.85375
0.78875
0.80875
0.839375
0.8775
0.92
0.899375
0.8475
0.800625
0.80375
0.85875
0.9375
1.04875
1.075
1.016875
0.95875
0.84125
0.76625
0.744375
0.741875
0.756875
0.781875
0.824375
0.828125
0.84375
0.839375
0.8
0.78625
0.74125
0.756875
0.811875
0.854375
0.920625
0.928125
0.891875
0.869375
0.874375
0.855
0.878125
0.908125
0.910625
0.935625
0.961875
0.951875
0.9675
0.993125
0.954375
0.94375
0.896875
0.85
0.845625
0.849375
0.82125
0.793125
0.765
0.7225
0.7225
0.72875
0.735
0.728125
0.72875
0.716875
0.705
0.751875
0.78375
0.839375
0.91125
0.884375
0.865
0.828125
0.76875
0.78
0.826875
0.89875
0.966875
1.0425
1.0675
1.045625
1.03375
0.954375
0.869375
0.805
0.76125
0.76
0.806875
0.835625
0.823125
0.810625
0.743125
0.695
0.720625
0.766875
0.840625
0.924375
0.911875
0.91125
0.918125
0.943125
1.01125
1.031875
1.0375
0.976875
0.92375
0.885625
0.874375
0.92875
0.985625
1.011875
1.041875
1.016875
0.954375
0.915
0.829375
0.81375
0.833125
0.879375
0.971875
0.989375
0.999375
0.978125
0.89125
0.84625
0.813125
0.826875
0.906875
0.958125
0.9975
0.975625
0.91375
0.87875
0.84375
0.838125
0.860625
0.868125
0.88375
0.919375
0.945625
1.006875
1.05625
1.04
0.999375
0.941875
0.864375
0.853125
0.86375
0.83375
0.84375
0.80625
0.788125
0.79875
0.79875
0.844375
0.870625
0.89125
0.89125
0.869375
0.851875
0.849375
0.8825
0.931875
0.958125
0.973125
0.9675
0.929375
0.9325
0.955625
0.95625
0.97875
0.970625
0.95125
0.966875
0.97125
0.981875
0.96625
0.9425
0.93
0.92375
0.950625
0.975
0.97125
0.963125
0.945
0.908125
0.910625
0.90875
0.904375
0.929375
0.915625
0.89375
0.871875
0.84
0.851875
0.88125
0.89375
0.90125
0.886875
0.895625
0.938125
0.983125
1.01125
1.01125
0.9775
0.94625
0.944375
0.92625
0.955625
0.960625
0.955
0.965625
0.9375
0.953125
0.966875
0.996875
1.014375
1.01
1.005625
0.96875
0.9525
0.93625
0.9075
0.895
0.8825
0.87
0.890625
0.91125
0.9525
0.99375
0.991875
0.975625
0.933125
0.890625
0.885
0.88625
0.890625
0.896875
0.87625
0.885
0.89625
0.92
0.9575
0.959375
0.94875
0.92375
0.8975
0.89875
0.925
0.930625
0.95
0.953125
0.9625
0.9925
1.010625
1.03125
1.048125
1.100625
1.1275
1.141875
1.088125
0.961875
0.876875
0.80375
0.819375
0.855625
0.86375
0.89
0.845
0.83375
0.833125
0.841875
0.936875
1.005
1.07375
1.100625
1.03125
0.9825
0.956875
0.926875
0.9375
0.9175
0.86625
0.825
0.839375
0.92625
1.004375
1.1125
1.14125
1.083125
1.03375
0.955625
0.90625
0.878125
0.865625
0.85
0.834375
0.840625
0.8525
0.89875
0.93
0.9425
0.92625
0.86375
0.814375
0.789375
0.80375
0.8525
0.903125
0.924375
0.9
0.864375
0.843125
0.84625
0.86875
0.876875
0.859375
0.821875
0.81625
0.855625
0.9175
1.0325
1.0875
1.083125
1.05625
0.9425
0.850625
0.7875
0.734375
0.75375
0.801875
0.843125
0.88375
0.868125
0.81875
0.783125
0.75125
0.745625
0.7525
0.7525
0.750625
0.766875
0.800625
0.835625
0.86375
0.904375
0.935625
1.008125
1.109375
1.134375
1.15625
1.1125
1.044375
1.02375
0.970625
0.95125
0.953125
0.966875
1.020625
1.030625
0.98375
0.925625
0.84125
0.795
0.84
0.880625
0.935625
0.995
0.98375
1.01125
1.086875
1.15125
1.233125
1.245625
1.17875
1.12
1.0475
0.994375
0.974375
0.9625
0.9475
0.95
0.969375
0.943125
0.935625
0.92375
0.874375
0.866875
0.87
0.889375
0.91375
0.916875
0.89625
0.855
0.825625
0.81625
0.82625
0.8475
0.8625
0.851875
0.848125
0.82375
0.8075
0.8075
0.769375
0.775
0.78875
0.82625
0.88375
0.88375
0.8725
0.8375
0.8075
0.81875
0.8475
0.871875
0.894375
0.904375
0.8875
0.861875
0.83625
0.810625
0.795625
0.794375
0.79125
0.788125
0.8175
0.845625
0.89
0.934375
0.931875
0.943125
0.925625
0.908125
0.894375
0.90125
0.96
1.004375
1.1075
1.174375
1.1775
1.196875
1.1675
1.098125
1.060625
1.0225
0.944375
0.916875
0.889375
0.8525
0.855
0.855
0.845625
0.871875
0.90125
0.91
0.9225
0.91125
0.933125
0.970625
0.989375
0.973125
0.903125
0.835
0.80125
0.80625
0.819375
0.8375
0.819375
0.81
0.814375
0.801875
0.81625
0.81
0.8125
0.824375
0.84
0.8625
0.880625
0.92625
0.963125
1.02625
1.08375
1.105625
1.128125
1.121875
1.131875
1.1225
1.109375
1.0525
0.948125
0.8875
0.861875
0.88125
0.925
0.9425
0.898125
0.844375
0.818125
0.83125
0.85875
0.901875
0.92
0.890625
0.89
0.898125
0.936875
1.00375
1.0725
1.123125
1.155625
1.18625
1.215625
1.244375
1.214375
1.140625
1.034375
0.91875
0.89625
0.933125
0.9875
1.05125
1.051875
1.005
0.958125
0.961875
1.015
1.09875
1.185
1.175
1.090625
1.02
0.915625
0.8925
0.960625
1.023125
1.116875
1.156875
1.143125
1.09125
1.053125
1.060625
1.05
1.070625
1.073125
1.008125
0.976875
0.945625
0.91
0.9675
0.99375
1.0
1.01375
0.934375
0.931875
0.968125
1.02125
1.15125
1.1825
1.186875
1.15875
1.091875
1.09875
1.105625
1.151875
1.206875
1.24875
1.246875
1.201875
1.130625
1.014375
0.935
0.87625
0.82625
0.828125
0.843125
0.904375
0.979375
1.0075
1.046875
0.99375
0.955625
0.9675
0.9575
1.010625
1.066875
1.079375
1.119375
1.140625
1.105625
1.11625
1.085
1.040625
1.0525
1.025
0.9975
1.009375
0.98625
0.96125
0.958125
0.916875
0.884375
0.86625
0.879375
0.895625
0.924375
0.94875
0.89625
0.8475
0.795
0.73375
0.715
0.725
0.77
0.849375
0.97125
1.07
1.09
1.083125
1.03375
1.018125
1.066875
1.141875
1.198125
1.16875
1.100625
0.986875
0.885625
0.845625
0.824375
0.86375
0.915625
0.970625
1.0375
1.043125
1.02875
1.034375
1.029375
1.04625
1.105
1.105625
1.103125
1.1025
1.041875
1.00375
0.95
0.8925
0.884375
0.914375
0.951875
0.985625
0.985
0.904375
0.8825
0.879375
0.89375
0.968125
0.965
0.94625
0.950625
0.9275
0.914375
0.92125
0.88
0.876875
0.89375
0.88125
0.924375
0.928125
0.925625
0.9375
0.88625
0.841875
0.81125
0.795625
0.85625
0.97
1.09125
1.185625
1.185
1.10375
1.004375
0.91875
0.88375
0.88625
0.8725
0.903125
0.955625
1.0375
1.12125
1.116875
1.0925
0.99125
0.92125
0.89125
0.845625
0.883125
0.889375
0.891875
0.903125
0.8875
0.929375
1.01375
1.140625
1.20375
1.22375
1.223125
1.195625
1.24875
1.29375
1.290625
1.274375
1.225
1.14125
1.089375
0.999375
0.916875
0.89625
0.89875
0.948125
0.989375
0.996875
0.944375
0.879375
0.84125
0.8225
0.85
0.8975
0.9175
0.930625
0.946875
0.96375
1.009375
1.056875
1.0975
1.1075
1.07
1.048125
1.021875
1.00625
0.99625
0.96625
0.9125
0.85625
0.865625
0.868125
0.904375
0.97625
0.954375
0.94375
0.923125
0.8475
0.83875
0.838125
0.8375
0.878125
0.883125
0.870625
0.864375
0.84625
0.848125
0.860625
0.90125
0.938125
0.971875
1.004375
0.959375
0.93
0.91125
0.90625
0.95875
0.96875
1.000625
1.0325
1.08125
1.15875
1.174375
1.16
1.080625
1.004375
0.95125
0.9375
0.969375
0.99625
1.0475
1.050625
1.06125
1.0875
1.079375
1.08375
1.07125
1.029375
0.994375
0.994375
0.955
0.945625
0.95625
0.940625
0.945625
0.96875
0.984375
1.015625
1.090625
1.1075
1.148125
1.163125
1.16125
1.185
1.14125
1.095625
1.025
0.9475
0.928125
0.941875
0.95125
0.955
0.9375
0.929375
0.9525
1.018125
1.099375
1.145625
1.171875
1.135
1.0725
0.981875
0.9125
0.895
0.879375
0.9175
0.934375
0.929375
0.961875
0.980625
0.990625
1.0025
0.980625
0.955
0.969375
0.973125
1.0
1.016875
1.006875
1.00875
0.953125
0.895
0.846875
0.8075
0.8325
0.8725
0.8975
0.92125
0.920625
0.9175
0.909375
0.8875
0.899375
0.925625
0.96875
1.000625
0.95875
0.91875
0.8825
0.86875
0.91125
0.9075
0.931875
0.97375
1.0075
1.08375
1.09875
1.084375
1.05875
1.008125
0.96375
0.923125
0.916875
0.9225
0.975
1.036875
1.07
1.10375
1.125
1.136875
1.1175
1.1125
1.065625
1.01875
0.99375
0.9375
0.889375
0.826875
0.799375
0.78375
0.80125
0.858125
0.904375
0.963125
1.015625
1.031875
0.989375
0.95375
0.90625
0.8725
0.918125
0.95125
0.981875
1.01125
0.97875
0.97375
1.010625
1.05125
1.144375
1.17875
1.16
1.151875
1.128125
1.1375
1.1525
1.17375
1.169375
1.1575
1.17625
1.138125
1.09625
1.058125
0.965625
0.918125
0.8875
0.850625
0.86625
0.884375
0.9225
0.9875
1.03375
1.09
1.10875
1.119375
1.163125
1.161875
1.17125
1.1275
1.026875
0.965625
0.921875
0.929375
0.95875
0.966875
0.958125
0.92625
0.898125
0.868125
0.861875
0.865
0.86625
0.9125
0.94
0.989375
1.056875
1.0625
1.078125
1.06875
1.005
0.95625
0.896875
0.8325
0.828125
0.836875
0.845
0.863125
0.86125
0.8725
0.89625
0.9325
0.96375
0.974375
0.956875
0.918125
0.904375
0.886875
0.898125
0.936875
0.961875
1.006875
1.043125
1.09125
1.11875
1.141875
1.155625
1.104375
1.046875
0.983125
0.92875
0.899375
0.885625
0.85625
0.83
0.83125
0.861875
0.9175
0.981875
1.029375
1.031875
1.05
1.041875
1.015
0.983125
0.88875
0.825
0.796875
0.799375
0.8875
0.966875
1.03125
1.089375
1.084375
1.040625
0.995
0.96875
0.919375
0.925
0.916875
0.885
0.90125
0.876875
0.85625
0.823125
0.805625
0.803125
0.8325
0.880625
0.89125
0.949375
0.970625
1.015
1.066875
1.0225
1.039375
1.01875
0.993125
1.02625
0.98375
0.965
0.9525
0.96625
0.9925
0.978125
0.97625
0.948125
0.9475
1.021875
1.12125
1.204375
1.295
1.31375
1.300625
1.275
1.219375
1.185625
1.1125
1.06
1.011875
0.98625
1.016875
1.049375
1.095
1.115
1.133125
1.143125
1.168125
1.171875
1.1325
1.105625
1.05125
1.04125
1.046875
1.05
1.031875
0.98375
0.95
0.905625
0.88875
0.918125
0.945
0.975625
1.005
0.97875
0.9775
0.9825
0.994375
1.03375
1.04875
1.05625
1.084375
1.09125
1.080625
1.081875
1.064375
1.1075
1.155
1.21375
1.223125
1.143125
1.07375
0.970625
0.916875
0.92125
0.925625
0.94125
0.97875
1.01
1.0375
1.066875
1.05125
1.025
1.0025
1.013125
1.028125
1.035625
1.04125
0.998125
0.969375
0.96125
0.94125
0.95625
0.975
0.975625
0.98875
0.955
0.91625
0.900625
0.889375
0.890625
0.91125
0.91375
0.95375
1.039375
1.07375
1.10125
1.045625
0.96125
0.908125
0.883125
0.8925
0.919375
0.95375
0.973125
1.0225
1.036875
1.035
1.043125
1.03125
1.0175
1.00875
0.97625
0.941875
0.9175
0.910625
0.934375
0.985
1.054375
1.10625
1.120625
1.095625
1.095625
1.0875
1.0825
1.056875
0.97
0.89625
0.868125
0.92125
1.005
1.115625
1.200625
1.205
1.185625
1.155
1.08375
1.066875
1.105
1.0725
1.091875
1.070625
0.98
0.949375
0.92375
0.94375
1.01375
1.0775
1.088125
1.02625
0.95625
0.885625
0.8425
0.84
0.806875
0.785625
0.774375
0.791875
0.834375
0.855625
0.868125
0.839375
0.8225
0.840625
0.88
0.9525
1.023125
1.039375
1.031875
0.995
0.9175
0.861875
0.8
0.794375
0.810625
0.8575
0.95
0.9575
1.0075
1.03375
0.99875
1.03375
1.050625
1.06125
1.09
1.075
1.016875
0.96375
0.9425
0.95375
1.00125
1.069375
1.146875
1.18875
1.235
1.264375
1.251875
1.250625
1.19875
1.113125
1.0175
0.9725
0.963125
0.984375
1.021875
0.974375
0.926875
0.87375
0.826875
0.865
0.895625
0.9425
0.984375
0.94
0.91375
0.885
0.859375
0.886875
0.90375
0.900625
0.8975
0.8925
0.87375
0.870625
0.889375
0.884375
0.92875
0.961875
0.945
0.9575
0.908125
0.894375
0.90875
0.8975
0.918125
0.92625
0.975
1.035
1.089375
1.094375
1.04625
1.014375
0.970625
0.96
0.9475
0.90625
0.87375
0.85625
0.85125
0.883125
0.918125
0.940625
0.95
0.9325
0.918125
0.8875
0.886875
0.869375
0.83875
0.82125
0.77375
0.775625
0.794375
0.815
0.894375
0.9175
0.935
0.935
0.935
0.935
