3.2125
3.2125
3.2125
3.2125
3.21875
3.45625
3.41875
3.36875
3.20625
2.81875
2.63125
2.6
2.8
3.21875
3.5375
3.475
3.5875
3.5875
3.69375
4.0625
3.99375
3.60625
3.175
2.90625
2.85625
3.05625
3.25
3.1125
3.19375
3.16875
3.31875
3.51875
3.2
3.34375
3.425
4.0375
4.99375
5.34375
5.43125
4.63125
3.78125
3.06875
2.50625
2.58125
2.88125
3.24375
3.46875
3.3875
2.8625
2.4375
2.29375
2.225
2.43125
2.7
2.675
2.725
2.90625
3.0375
3.28125
3.73125
4.0
3.95
4.26875
4.24375
4.21875
4.4875
4.09375
3.6125
3.09375
2.58125
2.55
2.70625
2.75625
2.94375
3.23125
3.5125
4.11875
4.325
4.2125
4.26875
3.9625
4.025
3.975
3.79375
3.975
4.1
4.25
4.375
4.43125
4.40625
4.5375
4.5125
4.19375
3.8625
3.5375
3.3125
3.1625
2.9375
2.89375
2.9125
3.14375
3.2625
3.19375
3.15625
3.05
3.325
3.59375
3.81875
3.81875
3.5875
3.21875
2.79375
2.54375
2.225
2.23125
2.35
2.64375
2.99375
3.2
3.51875
3.925
4.56875
5.1
5.46875
5.23125
4.66875
4.0
3.29375
3.14375
3.2375
3.69375
4.0375
4.19375
4.3125
4.25
4.4375
4.5375
4.3375
4.0
3.625
3.13125
3.03125
3.2125
3.14375
3.28125
3.14375
2.91875
3.05625
3.58125
4.21875
4.55625
4.64375
3.96875
3.46875
3.45625
3.54375
3.99375
4.1
3.9
3.4875
3.21875
3.33125
3.54375
3.93125
4.0375
4.075
3.85625
3.90625
4.09375
3.775
3.63125
2.9625
2.46875
2.3375
2.55
3.43125
3.9625
4.675
4.825
4.2125
3.76875
3.075
2.90625
3.29375
3.69375
4.1625
4.36875
4.28125
4.4
4.51875
4.7125
5.09375
5.15625
5.21875
5.11875
4.925
4.8375
4.84375
5.025
5.1125
5.2
4.9875
4.6
4.3125
4.05625
4.11875
4.2125
4.3875
4.68125
4.8625
5.09375
5.25
5.075
5.00625
4.9125
4.80625
4.88125
4.5875
4.41875
4.14375
3.9
4.075
4.0625
4.25
4.48125
4.55625
4.61875
4.5875
4.375
4.1625
4.05
3.73125
3.4125
3.125
2.99375
3.21875
3.54375
3.65625
3.46875
3.13125
2.75625
2.60625
2.5625
2.575
2.6375
2.8
3.05625
3.1625
3.3
3.14375
3.225
3.46875
3.675
3.98125
3.7125
3.19375
2.88125
2.8875
3.175
3.64375
3.6625
3.30625
3.10625
2.90625
2.95
2.99375
2.8875
2.95625
3.30625
3.875
4.5
4.73125
4.4
3.9875
3.425
3.13125
3.375
3.65625
3.91875
4.04375
3.65
2.96875
2.40625
2.01875
2.01875
2.01875
2.01875
