-0.053125
-0.053125
-0.053125
-0.053125
0.028125
0.084375
0.140625
0.109375
0.0625
-0.009375
-0.065625
-0.078125
-0.0875
-0.078125
-0.1
-0.125
-0.146875
-0.13125
-0.121875
-0.1125
-0.1
-0.115625
-0.06875
0.01875
0.0975
0.17
0.183125
0.086875
0.02375
-0.020625
-0.030625
0.078125
0.134375
0.159375
0.1625
0.134375
0.13125
0.128125
0.071875
-0.01875
-0.109375
-0.17125
-0.12375
-0.06625
-0.05875
-0.061875
-0.111875
-0.17875
-0.16125
-0.1775
-0.190625
-0.15625
-0.15625
-0.06875
-0.01875
0.009375
0.0375
-0.0375
-0.08125
-0.18125
-0.246875
-0.240625
-0.19375
-0.06875
-0.01875
0.0125
-3.46944695195e-18
-0.0625
-0.08125
-0.1125
-0.140625
-0.11875
-0.096875
-0.06875
-0.078125
-0.071875
-0.028125
0.028125
0.128125
0.1875
0.165625
0.11875
0.059375
0.003125
0.00625
-0.03125
-0.065625
-0.096875
-0.140625
-0.103125
-0.06875
-0.0875
-0.1375
-0.190625
-0.228125
-0.196875
-0.115625
-0.046875
0.053125
0.140625
0.178125
0.1625
0.065625
-0.071875
-0.16875
-0.2
-0.21875
-0.209375
-0.215625
-0.246875
-0.18125
-0.109375
-0.01875
0.069375
0.085625
0.118125
0.11625
0.138125
0.145
0.16
0.2125
0.225
0.233125
0.191875
0.113125
0.03125
1.73472347598e-17
-0.009375
0.0125
0.028125
0.0375
0.053125
0.046875
0.1375
0.20625
0.278125
0.3625
0.378125
0.3875
0.3875
0.375
0.375
0.375
0.375
