-0.368125
-0.368125
-0.368125
-0.368125
-0.53875
-0.579375
-0.543125
-0.524375
-0.510625
-0.52125
-0.54
-0.5475
-0.45125
-0.26125
-0.06625
0.12875
0.110625
-0.114375
-0.349375
-0.485625
-0.52625
-0.3125
-0.09125
-0.06
0.024375
-0.17375
-0.371875
-0.484375
-0.513125
-0.405625
-0.27375
0.02375
0.050625
0.0825
0.070625
-0.19
-0.25875
-0.3275
-0.26375
-0.173125
-0.126875
0.025
-0.043125
-0.095
-0.125
-0.2675
-0.314375
-0.256875
-0.273125
-0.37
-0.448125
-0.585
-0.6175
-0.56875
-0.535
-0.42
-0.343125
-0.299375
-0.13
-0.181875
-0.294375
-0.234375
-0.38625
-0.245625
-0.059375
-0.105
-0.08125
-0.316875
-0.38875
-0.376875
-0.32375
-0.056875
-0.06125
0.063125
0.178125
0.028125
0.104375
-0.031875
-0.183125
-0.119375
-0.16875
-0.15375
-0.163125
-0.24125
-0.4375
-0.446875
-0.3925
-0.33125
-0.144375
-0.228125
-0.375625
-0.518125
-0.668125
-0.683125
-0.533125
-0.284375
-0.043125
0.169375
0.24875
0.130625
0.02
-0.066875
-0.15375
-0.03625
0.199375
0.371875
0.410625
0.35625
0.050625
-0.169375
-0.238125
-0.43
-0.449375
-0.491875
-0.551875
-0.491875
-0.47875
-0.32625
-0.190625
-0.07
0.025625
-0.18375
-0.37625
-0.454375
-0.484375
-0.401875
-0.33875
-0.39875
-0.466875
-0.47375
-0.4425
-0.495
-0.400625
-0.190625
0.01625
0.29875
0.41125
0.386875
0.3125
0.275625
0.093125
-0.220625
-0.5
-0.67625
-0.558125
-0.286875
0.00375
0.063125
-0.010625
-0.14375
-0.27625
-0.335
-0.495
-0.57625
-0.716875
-0.766875
-0.715625
-0.743125
-0.57875
-0.516875
-0.50625
-0.405
-0.566875
-0.62625
-0.634375
-0.703125
-0.703125
-0.81125
-0.919375
-0.92
-0.724375
-0.43
-0.09
0.011875
-0.160625
-0.278125
-0.435625
-0.41125
-0.14875
0.03625
0.21
0.345625
0.205
0.08875
-0.048125
-0.1925
-0.13125
-0.1575
-0.176875
-0.195
-0.256875
-0.4275
-0.42625
-0.461875
-0.394375
-0.1325
-0.13625
-0.064375
-0.21
-0.39375
-0.464375
-0.573125
-0.57125
-0.576875
-0.58
-0.46125
-0.3425
-0.261875
-0.225625
-0.429375
-0.640625
-0.815625
-0.906875
-0.918125
-0.961875
-0.994375
-1.07625
-1.066875
-0.9725
-0.849375
-0.71875
-0.685
-0.69625
-0.736875
-0.77
-0.715625
-0.66125
-0.518125
-0.385
-0.31625
-0.235625
-0.3425
-0.435
-0.473125
-0.54
-0.4
-0.28125
-0.245625
-0.193125
-0.364375
-0.54875
-0.63625
-0.706875
-0.70875
-0.7075
-0.7975
-0.955625
-1.0775
-1.160625
-1.198125
-1.125625
-0.99625
-0.86375
-0.691875
-0.61875
-0.49
-0.38625
-0.228125
-0.009375
0.00125
-0.030625
-0.25
-0.510625
-0.56875
-0.541875
-0.401875
-0.26
-0.371875
-0.558125
-0.8225
-1.068125
-1.16125
-1.22
-1.22
-1.22
-1.22
-1.22
-1.22
-1.225625
-1.236875
-1.248125
-1.259375
-1.259375
-1.248125
-1.2025
-1.1625
-1.13375
-1.110625
-1.121875
-1.1025
-1.0375
-0.930625
-0.81875
-0.75125
-0.706875
-0.700625
-0.584375
-0.29625
-0.041875
0.163125
0.295
0.15625
-2.77555756156e-17
-0.110625
-0.425
-0.655625
-0.851875
-0.89375
-0.7625
-0.5575
-0.219375
-0.155625
-0.103125
-0.129375
-0.421875
-0.48875
-0.46125
-0.4
-0.205625
-0.2175
-0.418125
-0.573125
-0.669375
-0.665
-0.57
-0.53
-0.6075
-0.705
-0.840625
-0.8475
-0.643125
-0.438125
-0.151875
-0.078125
-0.275
-0.413125
-0.43375
-0.33125
-0.105625
0.083125
-0.061875
-0.29
-0.5625
-0.828125
-0.896875
-0.8725
-0.766875
-0.685625
-0.51125
-0.354375
-0.241875
-0.13125
-0.266875
-0.45125
-0.6725
-0.861875
-0.9375
-0.860625
-0.71
-0.55
-0.311875
-0.2925
-0.29625
-0.230625
-0.2825
-0.278125
-0.330625
-0.629375
-0.83
-0.98875
-0.9475
-0.719375
-0.528125
-0.295
-0.35125
-0.441875
-0.424375
-0.45625
-0.3725
-0.28875
-0.42625
-0.55625
-0.625
-0.6825
-0.629375
-0.565
-0.53875
-0.53
-0.410625
-0.289375
-0.2175
-0.184375
-0.375
-0.603125
-0.75125
-0.7975
-0.728125
-0.51625
-0.24
-0.020625
0.306875
0.409375
0.28
0.11875
-0.246875
-0.5
-0.578125
-0.64375
-0.674375
-0.761875
-0.874375
-0.921875
-0.865
-0.71125
-0.480625
-0.18875
0.070625
0.273125
0.229375
-0.0225
-0.304375
-0.5675
-0.6325
-0.601875
-0.550625
-0.5125
-0.52
-0.548125
-0.473125
-0.3925
-0.315625
-0.231875
-0.4075
-0.619375
-0.715
-0.79125
-0.669375
-0.37125
-0.34
-0.274375
-0.254375
-0.463125
-0.471875
-0.498125
-0.436875
-0.185625
0.12875
0.394375
0.591875
0.5775
0.345625
0.171875
-0.155
-0.354375
-0.49625
-0.65875
-0.711875
-0.781875
-0.755625
-0.78625
-0.634375
-0.38875
-0.094375
0.293125
0.389375
0.275625
-0.00625
-0.23875
-0.338125
-0.205
0.076875
0.16875
0.275625
0.26625
0.09125
0.02625
0.064375
-0.008125
0.010625
0.018125
-0.203125
-0.36125
-0.5025
-0.655
-0.6875
-0.666875
-0.68
-0.670625
-0.670625
-0.67625
-0.6725
-0.5925
-0.518125
-0.44375
-0.39625
-0.5275
-0.565625
-0.45125
-0.256875
0.139375
0.448125
0.47125
0.4375
0.1825
-0.146875
-0.21
-0.245
-0.216875
0.0075
-0.011875
-0.048125
-0.011875
-0.24375
-0.4125
-0.48
-0.591875
-0.54625
-0.4475
-0.560625
-0.66
-0.776875
-0.8575
-0.818125
-0.748125
-0.665625
-0.514375
-0.378125
-0.13375
0.093125
0.21125
0.289375
0.081875
0.00375
-0.179375
-0.164375
0.054375
0.036875
0.105625
0.02375
-0.101875
-0.14375
-0.203125
-0.331875
-0.374375
-0.348125
-0.268125
-0.161875
-0.26
-0.274375
-0.3275
-0.365625
-0.300625
-0.50625
-0.658125
-0.76375
-0.856875
-0.74625
-0.6625
-0.601875
-0.526875
-0.401875
-0.17375
0.066875
0.27125
0.258125
0.02125
-0.118125
-0.248125
-0.27875
-0.19375
-0.316875
-0.4725
-0.58875
-0.7075
-0.734375
-0.67375
-0.638125
-0.6025
-0.5575
-0.56
-0.5575
-0.555
-0.5525
-0.55
-0.55
-0.55
-0.5525
-0.555
-0.56
-0.565
-0.5675
-0.57
-0.56375
-0.605
-0.64375
-0.6825
-0.73875
-0.7
-0.66625
-0.6325
-0.585625
-0.58625
-0.578125
-0.459375
-0.339375
-0.219375
-0.116875
-0.258125
-0.4025
-0.594375
-0.67625
-0.593125
-0.53
-0.3625
-0.3875
-0.436875
-0.449375
-0.51875
-0.515
-0.531875
-0.5625
-0.61
-0.61625
-0.609375
-0.610625
-0.489375
-0.39375
-0.301875
-0.2
-0.301875
-0.374375
-0.443125
-0.55625
-0.57125
-0.63
-0.68875
-0.66875
-0.64875
-0.609375
-0.57
-0.57
-0.57
-0.57
-0.57
-0.558125
-0.54625
-0.531875
-0.540625
-0.570625
-0.603125
-0.645625
-0.641875
-0.518125
-0.389375
-0.241875
-0.125
-0.138125
-0.15375
-0.186875
-0.2525
-0.39
-0.5275
-0.639375
-0.66375
-0.458125
-0.235625
-0.09125
0.0225
-0.14875
-0.40125
-0.549375
-0.73125
-0.759375
-0.683125
-0.67875
-0.699375
-0.63625
-0.59625
-0.490625
-0.2975
-0.283125
-0.20375
-0.176875
-0.221875
-0.0725
-0.11875
-0.064375
0.08375
-0.0275
0.00125
-0.15625
-0.468125
-0.588125
-0.72125
-0.748125
-0.629375
-0.5475
-0.495625
-0.45125
-0.4825
-0.425
-0.373125
-0.311875
-0.23625
-0.345625
-0.299375
-0.271875
-0.261875
-0.151875
-0.3275
-0.49375
-0.608125
-0.774375
-0.75375
-0.73875
-0.67375
-0.504375
-0.384375
-0.255625
-0.189375
-0.22125
-0.211875
-0.245
-0.410625
-0.521875
-0.663125
-0.719375
-0.6675
-0.630625
-0.545
-0.550625
-0.534375
-0.5525
-0.7025
-0.755625
-0.876875
-0.918125
-0.826875
-0.786875
-0.644375
-0.534375
-0.49625
-0.46375
-0.514375
-0.578125
-0.593125
-0.648125
-0.631875
-0.655
-0.68375
-0.625
-0.628125
-0.45875
-0.319375
-0.26375
-0.18
-0.381875
-0.576875
-0.575625
-0.585625
-0.406875
-0.2025
-0.17375
-0.175625
-0.25
-0.368125
-0.598125
-0.791875
-0.81625
-0.791875
-0.494375
-0.2025
-0.118125
-0.075
-0.311875
-0.51875
-0.670625
-0.801875
-0.793125
-0.80875
-0.85
-0.8075
-0.719375
-0.65
-0.484375
-0.49375
-0.454375
-0.350625
-0.189375
0.065
0.079375
0.021875
-0.165625
-0.368125
-0.400625
-0.431875
-0.580625
-0.7225
-0.861875
-0.970625
-0.900625
-0.825625
-0.69
-0.56
-0.51
-0.504375
-0.719375
-0.9
-1.000625
-1.059375
-0.943125
-0.85375
-0.68625
-0.473125
-0.309375
-0.153125
-0.07125
-0.04625
-0.00875
0.02125
-0.034375
-0.07125
-0.019375
0.13875
0.22625
0.315625
0.236875
-0.039375
-0.210625
-0.309375
-0.346875
-0.26875
-0.183125
-0.29375
-0.395
-0.57
-0.720625
-0.775625
-0.834375
-0.79625
-0.821875
-0.783125
-0.736875
-0.725625
-0.66
-0.64625
-0.6275
-0.545625
-0.47875
-0.39375
-0.31125
-0.345625
-0.363125
-0.385
-0.3925
-0.390625
-0.4225
-0.48625
-0.58
-0.611875
-0.506875
-0.37
-0.11125
0.141875
0.179375
0.1675
-0.065625
-0.221875
-0.306875
-0.308125
-0.08625
0.04375
0.209375
0.285625
0.253125
0.09875
-0.066875
-0.026875
-0.091875
-0.036875
-0.008125
-0.29
-0.46875
-0.54875
-0.48875
-0.281875
0.02625
0.13875
0.055625
-0.021875
-0.35875
-0.593125
-0.7575
-0.761875
-0.560625
-0.406875
-0.28625
-0.48
-0.704375
-0.886875
-0.979375
-0.89875
-0.859375
-0.825625
-0.881875
-0.94125
-0.951875
-0.915
-0.833125
-0.766875
-0.749375
-0.6575
-0.525625
-0.27375
0.055
0.154375
0.238125
0.180625
0.0425
-0.0025
0.0025
0.02875
0.07
0.163125
0.04875
-0.164375
-0.390625
-0.7
-0.8575
-0.91625
-0.94875
-0.890625
-0.87
-0.88375
-0.916875
-1.02875
-1.121875
-1.180625
-1.185625
-1.15125
-1.07125
-0.99125
-0.92875
-0.86625
-0.849375
-0.786875
-0.659375
-0.48625
-0.313125
-0.211875
-0.1925
-0.2225
-0.165
-0.100625
-0.03625
0.04125
0.050625
0.125
0.111875
0.08375
-0.065
-0.305
-0.466875
-0.66875
-0.6875
-0.62625
-0.5575
-0.31
-0.21875
-0.04375
0.133125
0.038125
0.0175
-0.12125
-0.235625
-0.16625
-0.11625
-0.176875
-0.16625
-0.198125
-0.230625
-0.175
-0.335
-0.4975
-0.625
-0.61625
-0.48
-0.23125
0.026875
0.1925
0.303125
0.14125
-0.058125
-0.3
-0.449375
-0.374375
-0.280625
-0.279375
-0.229375
-0.256875
-0.299375
-0.201875
-0.285625
-0.3625
-0.4375
-0.55
-0.46625
-0.37375
-0.289375
-0.07375
0.011875
0.089375
0.318125
0.314375
0.2175
0.2425
0.110625
0.08875
0.208125
0.255
0.24875
0.358125
0.429375
0.28
0.29875
0.08625
-0.149375
-0.075
-0.094375
0.004375
0.176875
0.1225
-0.05
-0.198125
-0.2725
-0.17875
-0.00125
0.093125
-0.026875
-0.158125
-0.1475
0.07625
0.344375
0.3875
0.37
0.078125
-0.109375
-0.133125
-0.27125
-0.1275
0.06
0.268125
0.6375
0.690625
0.578125
0.5175
0.1825
-0.04
-0.195625
-0.425625
-0.42375
-0.32125
-0.223125
-0.199375
-0.226875
-0.219375
-0.203125
-0.136875
0.01125
-0.0525
-0.041875
0.004375
-0.145
-0.16875
-0.3525
-0.5475
-0.61375
-0.533125
-0.23
0.114375
0.460625
0.450625
0.335
0.1425
-0.118125
-0.151875
-0.4
-0.66375
-0.72375
-0.83375
-0.57125
-0.22125
-0.136875
0.0125
-0.0525
-0.0375
0.184375
0.32625
0.383125
0.216875
-0.134375
-0.44
-0.613125
-0.690625
-0.66
-0.635
-0.688125
-0.745
-0.843125
-0.786875
-0.62625
-0.430625
-0.199375
-0.124375
-0.104375
-0.098125
-0.103125
-0.213125
-0.304375
-0.401875
-0.499375
-0.4025
-0.34125
-0.28
-0.21875
-0.35875
-0.455625
-0.5525
-0.655625
-0.613125
-0.62375
-0.660625
-0.69125
-0.805
-0.863125
-0.914375
-0.965625
-0.914375
-0.76875
-0.564375
-0.399375
-0.3175
-0.375
-0.46
-0.505625
-0.499375
-0.575
-0.674375
-0.77375
-0.7925
-0.70375
-0.603125
-0.463125
-0.56375
-0.625
-0.666875
-0.748125
-0.6475
-0.625625
-0.6425
-0.69875
-0.73125
-0.73
-0.709375
-0.655
-0.739375
-0.679375
-0.619375
-0.548125
-0.40375
-0.485625
-0.5675
-0.613125
-0.65375
-0.610625
-0.5675
-0.56625
-0.57
-0.6175
-0.665
-0.715
-0.765
-0.7275
-0.729375
-0.72875
-0.71625
-0.74375
-0.69
-0.64125
-0.655625
-0.67
-0.73375
-0.785
-0.785
-0.785
-0.7775
-0.819375
-0.826875
-0.8175
-0.823125
-0.786875
-0.819375
-0.874375
-0.888125
-0.850625
-0.744375
-0.525625
-0.22625
-0.035
0.081875
0.091875
0.03875
0.0875
0.21625
0.25125
0.080625
-0.123125
-0.35
-0.49625
-0.428125
-0.26875
0.003125
0.35
0.71
0.858125
0.84875
0.72875
0.385
0.14625
-0.1975
-0.396875
-0.299375
-0.220625
0.00625
-0.016875
-0.260625
-0.50125
-0.751875
-0.796875
-0.81125
-0.766875
-0.715625
-0.7325
-0.698125
-0.703125
-0.77125
-0.8225
-0.834375
-0.84625
-0.7725
-0.733125
-0.753125
-0.8125
-0.940625
-1.034375
-1.1275
-1.161875
-1.1275
-1.093125
-1.0
-0.945625
-0.925625
-0.905625
-0.913125
-0.90125
-0.884375
-0.8675
-0.874375
-0.8625
-0.855625
-0.829375
-0.678125
-0.564375
-0.450625
-0.375625
-0.531875
-0.63
-0.728125
-0.806875
-0.765625
-0.76125
-0.756875
-0.7525
-0.746875
-0.79125
-0.835625
-0.88
-0.9275
-0.921875
-0.91625
-0.910625
-0.905
-0.905
-0.905
-0.910625
-0.91625
-0.8875
-0.90375
-0.869375
-0.88
-0.92
-0.915
-0.955
-0.944375
-0.93875
-0.933125
-0.9275
-0.9275
-0.9275
-0.8875
-0.8475
-0.8075
-0.7675
-0.8075
-0.8475
-0.848125
-0.89375
-0.835
-0.78125
-0.766875
-0.665625
-0.645625
-0.615625
-0.583125
-0.589375
-0.57875
-0.573125
-0.57
-0.550625
-0.5275
-0.410625
-0.29625
-0.265625
-0.245
-0.416875
-0.59125
-0.65625
-0.715
-0.715
-0.715
-0.715
