-0.3905
-0.3905
-0.3905
-0.3905
-0.2990625
-0.25375
-0.1620625
-0.034375
-0.0014375
0.0468125
0.10425
0.1256875
0.1554375
0.1256875
0.0714375
0.004375
-0.0005625
0.0466875
0.0781875
0.1225
0.1073125
0.0533125
-0.0035625
-0.0296875
-0.058125
-0.04575
-0.0049375
0.0160625
0.0434375
0.0931875
0.1523125
0.1473125
0.14075
0.09025
-0.0636875
-0.0959375
-0.115375
-0.12
-0.005875
-0.02725
-0.0069375
-0.001125
-0.046
0.0185
0.0816875
0.1835625
0.3266875
0.3835625
0.4000625
0.3881875
0.2819375
0.2310625
0.1398125
0.023
0.0290625
0.0444375
0.080125
0.1063125
0.0040625
-0.1081875
-0.19125
-0.1734375
-0.0658125
0.0121875
0.0819375
0.033625
-0.0375
-0.03625
-0.0675
0.048
0.1748125
0.2140625
0.3251875
0.2735
0.21875
0.1896875
0.1465
0.15975
0.132375
0.155625
0.11875
0.1188125
0.175375
0.154875
0.193
0.223125
0.229125
0.23825
0.232125
0.236
0.27275
0.4075
0.4075
0.4075
0.4075
