-4.65625
-4.65625
-4.65625
-4.65625
-5.57
-6.118125
-6.06125
-6.95875
-6.76
-6.3075
-6.13
-6.343125
-6.8275
-7.40875
-8.358125
-8.718125
-9.30125
-9.884375
-9.72875
-9.738125
-9.198125
-8.755
-8.901875
-8.891875
-9.2575
-9.05
-8.3425
-7.635
-6.879375
-7.07625
-7.5525
-8.02875
-8.77625
-9.0475
-9.598125
-10.14875
-10.585
-10.593125
-10.470625
-9.92
-9.2125
-9.204375
-9.0475
-9.746875
-10.076875
-10.2925
-10.35125
-9.61125
-9.61
-9.02375
-8.2125
-7.714375
-6.846875
-6.67875
-7.43125
-8.669375
-9.9075
-11.03125
-11.188125
-10.768125
-10.35
-9.045
-7.983125
-7.21875
-5.9525
-5.6075
-5.911875
-5.970625
-6.930625
-7.761875
-7.779375
-7.4925
-6.17125
-4.46
-3.59625
-3.20375
-4.17625
-6.28
-7.409375
-8.8
-9.308125
-8.86375
-9.223125
-9.199375
-8.69875
-8.495625
-7.965
-6.825
-6.160625
-5.190625
-3.593125
-3.46875
-4.42625
-5.699375
-7.878125
-8.3225
-7.738125
-6.516875
-4.711875
-4.136875
-3.759375
-3.656875
-4.293125
-4.425
-4.3075
-4.53375
-4.018125
-4.13875
-4.02
-3.760625
-3.99125
-3.7825
-3.69875
-4.155625
-4.390625
-4.383125
-4.905625
-4.155625
-3.255
-3.211875
-2.829375
-3.229375
-3.9375
-4.030625
-4.654375
-5.40875
-5.929375
-5.909375
-4.81375
-3.421875
-2.87875
-2.801875
-4.1225
-5.395
-5.935625
-6.3875
-5.283125
-4.62
-3.526875
-3.0025
-3.353125
-3.310625
-4.12625
-4.53625
-4.99
-6.171875
-6.925625
-7.32
-7.3025
-5.895625
-3.990625
-2.805625
-1.898125
-2.545
-3.2675
-3.500625
-3.7275
-2.56125
-2.64125
-3.25125
-4.12625
-5.55
-5.5675
-5.12375
-4.033125
-2.7675
-2.394375
-1.699375
-1.93625
-2.655625
-3.434375
-4.40375
-4.695625
-4.9275
-4.06
-3.500625
-3.19625
-2.67
-3.605625
-4.539375
-5.346875
-6.735625
-6.614375
-6.14625
-5.5075
-3.55
-2.77625
-2.160625
-1.88375
-2.790625
-3.505625
-4.949375
-6.22375
-6.5425
-6.265625
-4.561875
-2.4975
-1.806875
-1.11625
-2.118125
-3.7825
-3.94375
-5.250625
-5.54
-5.3425
-5.9875
-5.655
-4.9775
-4.41875
-3.77125
-2.7875
-2.6275
-2.715
-2.463125
-2.878125
-2.1475
-1.363125
-1.149375
-1.251875
-2.610625
-3.4825
-4.398125
-4.4475
-4.4325
-5.506875
-6.3825
-8.01875
-9.07
-8.58125
-7.569375
-6.708125
-5.430625
-5.775
-6.364375
-5.794375
-6.099375
-5.49375
-5.144375
-6.1575
-6.86875
-6.999375
-6.560625
-4.6625
-3.194375
-2.68375
-2.6475
-3.389375
-3.27125
-2.76
-2.215
-1.67
-1.985
-2.87125
-4.105625
-5.5775
-6.14125
-6.256875
-5.7225
-4.56875
-3.565625
-2.205
-1.378125
-1.12375
-2.0025
-3.359375
-4.1725
-4.795
-4.240625
-3.77
-4.264375
-5.118125
-5.93625
-6.55
-6.570625
-5.8725
-5.6275
-4.91
-3.80125
-2.86125
-2.106875
-2.431875
-2.78625
-4.103125
-5.1475
-4.654375
-4.82375
-3.64
-2.259375
-2.573125
-2.73875
-3.7875
-5.31125
-5.59875
-5.3325
-4.4625
-3.465625
-3.3975
-3.670625
-4.165625
-4.439375
-3.476875
-2.16625
-1.64875
-0.970625
-1.20875
-2.484375
-2.34
-2.9075
-3.330625
-2.608125
-3.239375
-3.42875
-3.855625
-4.548125
-4.211875
-3.749375
-2.858125
-2.591875
-2.748125
-2.850625
-3.50375
-3.361875
-3.179375
-3.700625
-4.084375
-5.41
-6.50375
-6.501875
-5.650625
-3.99625
-3.30375
-3.375625
-4.423125
-5.286875
-4.9225
-4.366875
-3.7425
-3.930625
-4.57625
-5.1475
-4.858125
-3.755
-2.803125
-2.540625
-3.59125
-5.396875
-6.906875
-6.99625
-5.9825
-4.678125
-3.55875
-4.050625
-4.506875
-4.663125
-4.7025
-3.56375
-2.831875
-2.9575
-3.431875
-3.919375
-4.50375
-4.043125
-3.420625
-3.516875
-3.419375
-3.809375
-3.878125
-3.46
-3.416875
-3.210625
-3.936875
-4.675625
-5.5375
-6.205
-5.459375
-4.595625
-2.6975
-1.19625
-0.7875
-0.77875
-1.356875
-1.7875
-2.22875
-3.085625
-4.668125
-6.30125
-6.83125
-6.71875
-5.866875
-5.648125
-6.794375
-7.3475
-8.020625
-8.060625
-6.760625
-6.1475
-5.474375
-4.74125
-4.7425
-5.48625
-6.17
-6.97375
-7.68
-7.181875
-6.751875
-5.54875
-4.76375
-4.105
-2.810625
-2.890625
-2.6925
-2.7225
-4.059375
-4.08
-4.460625
-5.71875
-6.39625
-7.75625
-8.5275
-7.996875
-6.589375
-5.83375
-4.6175
-4.399375
-5.2375
-4.646875
-4.95375
-4.61
-3.6825
-3.43
-2.62125
-2.015
-1.5975
-1.561875
-2.1525
-2.011875
-1.988125
-2.113125
-1.471875
-1.915625
-3.13125
-3.50875
-4.47125
-5.028125
-4.46375
-4.09
-3.615625
-3.01375
-3.259375
-4.2775
-4.921875
-5.653125
-5.516875
-4.948125
-4.83125
-4.5175
-4.16625
-3.053125
-2.423125
-1.996875
-1.9075
-2.8875
-3.390625
-4.580625
-6.25875
-6.8275
-6.7675
-6.21125
-5.665
-6.425
-7.21875
-6.9275
-6.9275
-6.9275
-6.9275
