-5.068125
-5.068125
-5.068125
-5.068125
-4.840625
-5.444375
-4.825
-5.106875
-5.95
-5.685
-6.18
-6.0
-5.9
-6.550625
-6.550625
-6.515625
-6.149375
-5.485625
-5.908125
-6.890625
-7.356875
-7.77125
-7.454375
-7.165625
-7.8575
-8.549375
-8.665625
-8.554375
-7.97875
-7.35125
-7.97875
-8.65125
-9.044375
-9.638125
-8.976875
-8.07
-7.5
-6.005
-5.18375
-4.12125
-3.215
-3.0575
-3.045
-3.8125
-4.1525
-4.5475
-5.133125
-4.556875
-3.636875
-2.545
-0.73
-0.450625
-1.118125
-2.48125
-3.95375
-4.343125
-4.733125
-4.784375
-5.7975
-6.685625
-6.6025
-6.46375
-5.498125
-5.526875
-6.063125
-6.345625
-6.673125
-6.393125
-6.990625
-7.625
-7.961875
-7.974375
-6.406875
-4.899375
-3.435625
-2.735625
-2.858125
-2.4075
-2.29
-1.790625
-1.054375
-1.251875
-2.049375
-2.595625
-4.104375
-5.473125
-5.633125
-6.110625
-5.351875
-4.364375
-4.19
-4.41375
-4.985
-4.9175
-4.5775
-3.921875
-3.574375
-3.9475
-4.9
-5.275625
-5.570625
-5.983125
-5.080625
-4.258125
-3.65625
-2.671875
-3.083125
-3.88875
-4.363125
-5.260625
-5.0825
-5.588125
-5.386875
-5.451875
-6.58625
-6.841875
-8.459375
-9.580625
-9.35875
-8.93625
-7.910625
-6.88125
-7.31375
-8.445
-9.464375
-10.38875
-10.4225
-10.15875
-10.111875
-9.645625
-8.71875
-7.026875
-4.401875
-2.809375
-1.8825
-1.74875
-3.169375
-4.021875
-5.18875
-6.229375
-6.120625
-5.73625
-4.9325
-4.023125
-3.050625
-2.785
-3.00625
-3.53125
-4.37375
-4.435625
-3.920625
-3.18375
-2.98625
-3.31875
-3.1725
-3.16625
-2.425625
-1.121875
-0.79375
-0.368125
-1.06625
-2.52625
-3.25625
-4.66875
-4.839375
-4.545625
-4.945625
-4.6825
-5.279375
-6.4775
-7.36375
-7.494375
-6.654375
-4.578125
-2.22375
-1.456875
-0.84875
-1.83625
-3.265
-3.818125
-5.576875
-6.238125
-6.810625
-7.045
-6.40375
-5.868125
-4.993125
-4.95
-4.186875
-3.400625
-3.31375
-2.5125
-3.405625
-5.221875
-6.87625
-9.075625
-9.811875
-9.81625
-9.645
-9.149375
-9.735
-9.820625
-9.005625
-7.470625
-5.395
-4.16875
-3.936875
-4.62125
-5.155
-5.11875
-5.35625
-6.2275
-6.594375
-7.553125
-7.6575
-6.251875
-6.305
-5.20875
-4.265
-4.68625
-4.206875
-5.133125
-6.924375
-8.030625
-9.181875
-9.705625
-9.601875
-9.55
-9.55
-9.200625
-9.0
-8.26875
-7.5375
-7.505
-7.226875
-8.001875
-8.55625
-8.10625
-7.479375
-5.948125
-4.858125
-5.13
-5.949375
-7.32
-7.939375
-7.791875
-6.854375
-5.68875
-5.36375
-4.6425
-4.6225
-4.285625
-3.58
-3.795
-3.57375
-4.383125
-5.679375
-6.231875
-7.715
-8.69375
-8.63125
-8.848125
-8.28875
-7.07875
-6.666875
-6.52625
-5.775625
-5.92625
-5.891875
-5.13
-5.781875
-6.13125
-6.538125
-7.865625
-8.2125
-7.6125
-6.8975
-5.718125
-5.034375
-5.89625
-7.095
-8.29375
-9.419375
-9.839375
-10.12875
-9.790625
-9.206875
-8.249375
-6.715
-6.15625
-5.06125
-4.88875
-5.475625
-5.36625
-6.62
-6.718125
-6.08375
-6.425
-6.03625
-6.726875
-8.316875
-9.0
-9.255
-8.76625
-7.6825
-7.149375
-6.93375
-7.32875
-7.489375
-6.805625
-6.2325
-5.426875
-5.380625
-6.209375
-7.428125
-7.77
-7.535
-7.2775
-5.975
-5.423125
-4.798125
-3.89375
-4.29125
-4.71625
-4.93
-5.14375
-4.770625
-4.6625
-5.363125
-6.115625
-6.36625
-6.4625
-6.4625
-6.410625
-6.97
-7.846875
-8.43625
-8.31875
-8.304375
-7.058125
-5.54875
-4.936875
-4.0525
-4.67875
-5.9075
-7.41
-8.8525
-9.071875
-8.55875
-7.573125
-6.074375
-5.55625
-5.780625
-5.741875
-6.578125
-6.36875
-5.245
-4.671875
-3.611875
-3.714375
-5.12
-6.24625
-7.694375
-8.56125
-8.549375
-8.5375
-8.38875
-8.24
-8.291875
-8.4925
-8.693125
-8.89375
-8.46
-7.379375
-6.678125
-6.02875
-5.865
-5.89375
-5.641875
-4.705
-4.64125
-4.910625
-4.349375
-4.723125
-4.171875
-3.94125
-5.075625
-5.408125
-5.35875
-5.2325
-3.84
-3.726875
-4.675
-5.411875
-6.701875
-6.63125
-5.64
-3.955625
-2.790625
-2.788125
-3.175625
-4.498125
-5.0725
-4.675625
-4.389375
-3.499375
-3.44875
-4.178125
-4.611875
-5.27375
-5.125625
-4.365625
-3.6
-3.563125
-3.805625
-4.54375
-5.848125
-6.549375
-6.999375
-7.175625
-6.79125
-6.295
-6.30125
-5.90625
-5.533125
-5.37875
-5.030625
-5.2125
-5.720625
-5.57
-5.053125
-4.628125
-4.28375
-4.840625
-6.236875
-6.948125
-7.24625
-6.870625
-6.113125
-6.33625
-7.170625
-7.800625
-8.281875
-7.730625
-6.46375
-6.423125
-6.23375
-6.3975
-6.83625
-6.08375
-5.015625
-4.38875
-4.131875
-4.485
-4.995
-4.94875
-4.10125
-2.958125
-2.266875
-1.82625
-1.4675
-1.585625
-1.531875
-1.505625
-2.175625
-2.031875
-2.6225
-4.01875
-4.765
-6.590625
-7.308125
-7.218125
-8.01125
-7.816875
-7.745625
-7.67625
-7.0175
-6.48875
-6.284375
-5.54125
-4.424375
-3.359375
-2.55
-2.72125
-3.036875
-3.616875
-3.513125
-2.288125
-1.92
-1.478125
-1.498125
-2.876875
-3.295
-4.28625
-5.314375
-5.663125
-6.005
-5.454375
-4.86125
-4.365
-4.1425
-4.566875
-4.8425
-5.023125
-6.101875
-6.845
-7.736875
-8.254375
-7.50625
-6.146875
-4.448125
-3.123125
-2.24
-1.9425
-2.100625
-2.53
-2.694375
-3.333125
-4.245625
-4.83375
-6.014375
-6.2775
-5.296875
-4.368125
-2.858125
-2.574375
-3.194375
-3.233125
-3.8275
-3.27125
-3.2375
-4.03875
-4.869375
-6.22875
-7.098125
-7.38
-6.499375
-5.49125
-4.1775
-3.20375
-3.259375
-2.909375
-2.7
-3.288125
-4.0375
-5.43
-6.83875
-6.71375
-6.230625
-5.678125
-5.268125
-6.318125
-7.639375
-9.014375
-10.088125
-10.431875
-10.101875
-9.085625
-8.271875
-7.309375
-6.51625
-5.996875
-4.909375
-3.970625
-3.455
-3.836875
-5.199375
-5.906875
-6.961875
-6.676875
-5.5375
-5.708125
-4.726875
-4.738125
-5.3075
-4.831875
-5.154375
-5.339375
-5.250625
-5.286875
-5.56625
-4.851875
-4.29125
-4.7025
-3.875625
-4.584375
-4.584375
-4.584375
-4.584375
