0.06025
0.06025
0.06025
0.06025
0.028375
0.0523125
0.0098125
0.028125
0.1178125
0.14775
0.190625
0.250125
0.2620625
0.30975
0.3526875
0.2986875
0.246125
0.1505625
0.0904375
0.14725
0.187875
0.24525
0.2919375
0.3078125
0.3728125
0.4378125
0.441875
0.413875
0.3529375
0.30875
0.3529375
0.40525
0.44225
0.437125
0.343625
0.284125
0.264625
0.2516875
0.270125
0.2303125
0.1318125
0.0293125
-0.03625
-0.0360625
0.032125
0.1459375
0.243875
0.22875
0.078375
-0.1308125
-0.349875
-0.4331875
-0.35625
-0.1993125
-0.0715
0.0076875
0.06075
0.081375
0.164375
0.1779375
0.101625
0.013
-0.098625
-0.0581875
0.02925
0.1260625
0.231
0.2216875
0.264
0.2898125
0.272625
0.2269375
0.1208125
0.0225625
-0.0901875
-0.0965625
-0.0969375
-0.1296875
-0.098875
-0.12125
-0.154
-0.1335625
-0.09175
-0.0960625
0.003
0.1174375
0.1306875
0.2185625
0.1933125
0.10725
0.1089375
0.1150625
0.1300625
0.1273125
0.0871875
-0.01125
-0.0615
-0.059375
-0.043125
0.0085625
0.0536875
0.1129375
0.145875
0.139875
0.114875
0.041625
0.00675
-0.0120625
-0.0294375
0.0080625
0.0176875
0.07175
0.0755625
0.0495
0.0393125
0.022875
0.1236875
0.2740625
0.38525
0.4448125
0.420625
0.2955625
0.2841875
0.3253125
0.3753125
0.484375
0.4616875
0.396
0.3374375
0.2540625
0.2008125
0.1125625
0.00625
-0.0676875
-0.134875
-0.1388125
-0.0546875
0.03
0.1483125
0.2679375
0.2570625
0.21175
0.1665
0.06075
-0.0145625
-0.07125
-0.158875
-0.151125
-0.12575
-0.1108125
-0.0604375
-0.0489375
0.0296875
0.107875
0.1165
0.1075
0.0023125
-0.12375
-0.17675
-0.24375
-0.1749375
-0.026
0.040875
0.1975625
0.2203125
0.1785
0.232125
0.194125
0.236875
0.3278125
0.3765
0.39425
0.3136875
0.12
-0.091625
-0.18425
-0.26625
-0.204625
-0.1138125
-0.0696875
0.0851875
0.20275
0.309125
0.365875
0.3759375
0.317625
0.225125
0.181625
0.0411875
-0.081125
-0.1385
-0.2314375
-0.1389375
0.05975
0.2470625
0.47325
0.53625
0.5171875
0.4700625
0.42025
0.4863125
0.5010625
0.4828125
0.367625
0.1945
0.0989375
0.0790625
0.175375
0.246625
0.2554375
0.263125
0.3040625
0.3030625
0.3995
0.430125
0.3094375
0.297375
0.1548125
0.0338125
0.035125
0.0034375
0.0851875
0.2224375
0.3361875
0.4580625
0.53575
0.56925
0.586
0.586
0.55975
0.508125
0.3950625
0.282
0.2214375
0.194875
0.2665625
0.3020625
0.2443125
0.2040625
0.11875
0.1058125
0.210125
0.2621875
0.3191875
0.2785625
0.1798125
0.091
0.026375
0.0484375
0.0700625
0.1255
0.108375
0.086875
0.106625
0.062625
0.1373125
0.1810625
0.1765625
0.25425
0.29
0.32825
0.3818125
0.4079375
0.3576875
0.332625
0.29825
0.205
0.1725625
0.1225
0.0734375
0.124875
0.208625
0.3170625
0.46675
0.5923125
0.615625
0.5895625
0.5305625
0.4360625
0.437375
0.4786875
0.52
0.5453125
0.510625
0.43525
0.3156875
0.230125
0.1609375
0.1271875
0.1665
0.1569375
0.2135625
0.2586875
0.2460625
0.3053125
0.248625
0.183875
0.1921875
0.168875
0.2365
0.3145
0.333
0.3615625
0.341875
0.3299375
0.324
0.2904375
0.27075
0.243875
0.1939375
0.1615625
0.1724375
0.1718125
0.24525
0.3515625
0.3468125
0.3775
0.3818125
0.28625
0.237125
0.172
0.0915625
0.1205
0.17225
0.13825
0.10425
0.03575
0.001375
0.0950625
0.172
0.2249375
0.2613125
0.2613125
0.2780625
0.307625
0.3095625
0.2715625
0.1833125
0.1178125
0.02075
-0.042375
-0.0211875
-0.0194375
0.0741875
0.1570625
0.2388125
0.3126875
0.320125
0.3195
0.2613125
0.178625
0.1450625
0.122625
0.134125
0.2196875
0.2153125
0.1769375
0.1445625
0.052875
0.0751875
0.1615
0.2325
0.336375
0.38325
0.423875
0.4645
0.489875
0.51525
0.4985
0.456375
0.41425
0.372125
0.3020625
0.2565
0.211875
0.1505
0.1510625
0.11175
0.1133125
0.091375
0.071
0.1141875
0.0335
0.03475
0.0425625
0.0564375
0.192625
0.2105625
0.1416875
0.034625
-0.1529375
-0.1720625
-0.0683125
0.052625
0.2023125
0.203125
0.109625
-0.032
-0.08425
-0.0225
0.072125
0.2486875
0.2765625
0.2145625
0.170125
0.0423125
0.04675
0.1169375
0.1519375
0.218625
0.2085625
0.175
0.125
0.152
0.1943125
0.201125
0.2936875
0.3025
0.2651875
0.254
0.1735
0.101875
0.1225
0.133625
0.151125
0.2261875
0.2798125
0.333
0.4086875
0.383375
0.2625625
0.187875
0.0986875
0.0703125
0.1741875
0.2089375
0.25025
0.262625
0.1881875
0.162875
0.150375
0.158125
0.19125
0.192
0.20275
0.2313125
0.28525
0.344125
0.3313125
0.28375
0.177875
0.1011875
0.1313125
0.2198125
0.294
0.3323125
0.269
0.1278125
0.069875
0.0070625
-0.04425
-0.0336875
-0.0819375
-0.107375
-0.0750625
-0.1019375
-0.05575
0.0825
0.1501875
0.3088125
0.4076875
0.3640625
0.419125
0.4005
0.3734375
0.3968125
0.3385625
0.2536875
0.1739375
0.0866875
0.0158125
-0.0468125
-0.0549375
-0.0394375
-0.027
0.0295
-0.008875
-0.0908125
-0.141875
-0.2029375
-0.1993125
-0.1408125
-0.1035
-0.0338125
0.0484375
0.10325
0.1505625
0.1724375
0.1703125
0.1595625
0.113125
0.0774375
0.041625
0.064875
0.196375
0.2855625
0.374875
0.3980625
0.3416875
0.290375
0.204875
0.0895
-0.00975
-0.11375
-0.1495625
-0.120375
-0.1253125
-0.073625
-0.0230625
0.0248125
0.156125
0.2559375
0.2309375
0.1891875
0.0588125
-0.05375
-0.0495625
-0.102375
-0.0741875
-0.074125
-0.0565625
0.0573125
0.1280625
0.2439375
0.3166875
0.2993125
0.20825
0.0815625
-0.019
-0.06725
-0.0055
0.0026875
-0.039125
-0.0408125
-0.011
0.0836875
0.227625
0.2983125
0.2570625
0.24675
0.236875
0.29025
0.408625
0.475375
0.492
0.477
0.4330625
0.3655625
0.306375
0.2725625
0.2175
0.1613125
0.1056875
0.0246875
-0.0014375
0.05675
0.1640625
0.204375
0.2280625
0.16125
0.028625
0.03
0.0163125
0.10925
0.2773125
0.3455
0.438875
0.4565
0.4048125
0.351875
0.27125
0.1198125
-0.0021875
-0.0398125
-0.1105
-0.0454375
-0.0454375
-0.0454375
-0.0454375
