5.326875
5.326875
5.326875
5.326875
5.5275
6.198125
6.72375
6.638125
6.7275
6.2325
5.606875
5.403125
5.298125
4.96375
4.9975
4.93625
4.825625
5.204375
5.284375
5.283125
5.56625
5.5025
5.6475
5.87375
5.688125
6.17375
6.293125
6.665625
7.004375
6.864375
6.875
6.3925
6.36
5.84875
5.731875
6.020625
5.960625
6.474375
6.540625
6.286875
5.864375
5.730625
5.58125
5.58625
6.155
5.899375
5.789375
6.014375
5.798125
5.984375
6.231875
6.25
6.134375
6.38375
6.495
6.06
6.316875
5.781875
5.64125
5.998125
5.466875
5.805625
5.70375
5.716875
6.21875
5.96125
6.005
5.6525
5.479375
5.815625
5.6475
5.70375
5.239375
4.879375
4.99375
5.065625
5.715
5.964375
6.210625
6.541875
6.44375
6.626875
6.3425
6.3
6.211875
5.69875
5.555
4.98625
4.930625
5.159375
5.34125
5.49125
4.9875
4.768125
4.5825
4.623125
5.139375
5.086875
5.08625
5.059375
4.735
4.695
4.90375
5.189375
5.890625
6.644375
6.61625
6.763125
6.5625
6.400625
6.70625
6.115625
5.605625
4.751875
3.833125
3.7075
3.874375
4.37375
4.9675
5.346875
4.94625
4.494375
3.9525
3.821875
4.514375
5.230625
6.265625
6.703125
6.478125
6.47875
5.976875
5.92375
6.11
5.65875
5.725
5.23625
4.93625
5.00875
4.560625
4.7275
5.04625
5.524375
6.234375
6.525625
6.56375
6.41625
6.17375
6.059375
5.71625
5.19125
4.775
4.22125
4.23125
4.92375
5.68375
6.55875
7.204375
6.921875
6.79
6.821875
6.364375
6.57625
6.25625
5.979375
6.03375
5.60625
5.65125
5.23375
5.305
5.8825
6.183125
6.76375
6.443125
5.67
5.233125
4.94875
5.158125
5.541875
5.409375
4.985
4.675625
4.34875
4.45
4.695
4.79625
4.9825
5.025
4.9375
4.85
4.72
4.59
4.72
4.85
4.98
5.11
5.11
4.83625
4.70625
4.4325
4.13
4.375
4.3325
4.5775
4.88
4.90875
5.365625
5.67875
6.106875
6.3625
6.193125
6.02375
5.436875
5.195
4.92125
4.6475
4.7775
4.735
4.89375
5.0525
5.08125
5.11
5.394375
5.67875
5.963125
6.2475
5.963125
5.67875
5.365625
5.0525
5.02375
4.995
5.02375
5.0525
5.031875
5.01125
4.961875
4.9125
4.961875
5.01125
5.031875
4.88
4.73125
4.41
4.29
4.37125
4.49125
4.8375
5.01125
5.1275
5.06125
4.8875
4.71375
4.5975
4.66375
4.8125
4.96125
4.95125
4.85
5.050625
5.391875
5.964375
6.536875
6.448125
6.078125
5.606875
5.135625
4.96625
4.789375
4.591875
4.58125
4.680625
4.985
5.330625
5.315625
5.1175
4.794375
4.46375
4.145625
3.963125
4.08875
4.50125
5.050625
5.606875
5.67
5.2925
4.968125
4.721875
4.7825
4.98375
5.15625
4.93625
4.60875
4.28125
3.925
4.11625
4.36125
4.60625
4.90875
4.9375
4.995
5.0525
5.031875
4.92
4.779375
4.495
4.53375
4.66375
4.84625
5.225
5.076875
4.87625
4.855
4.8725
5.39625
6.11625
6.32
6.573125
6.34875
5.980625
5.8475
5.341875
5.031875
4.721875
4.946875
5.35125
5.76375
6.17625
5.666875
5.35375
5.110625
4.8675
5.060625
5.11
5.08125
5.193125
5.589375
5.985625
6.439375
6.611875
6.215625
5.819375
5.394375
5.11
5.11
5.11
5.08125
5.0525
4.995
4.789375
4.6125
4.291875
4.0
4.145
4.31875
4.6075
4.925
4.813125
4.6725
4.641875
4.635
4.76875
4.9025
5.04625
5.085
5.12375
5.1625
5.11
5.11
5.11
5.08125
5.0525
5.07625
4.95625
5.0375
4.975
4.77875
4.72625
4.641875
4.845
5.594375
6.674375
7.479375
7.996875
7.638125
6.9025
6.5875
6.56
6.87625
6.954375
6.3625
5.919375
5.73
5.809375
6.65625
6.77
6.838125
7.08125
6.475625
6.645625
6.675
6.35
6.625
6.340625
6.340625
6.340625
6.340625
