0.043832727347
0.043832727347
0.043832727347
0.043832727347
0.0283362054238
0.0143860628096
0.026073969947
0.0453628582995
0.0737227399
0.103750863484
0.105921179686
0.108023020671
0.0967524641792
0.084892324462
0.0843141150866
0.0644316974797
0.0519311403932
0.0354098114076
0.0206546787839
0.0197340933231
0.0332332279821
0.0496159816979
0.0707861976246
0.095940278469
0.0992616746764
0.104329537098
0.0997830148037
0.0818318304377
0.0656781785499
0.0459770461788
0.0388003791902
0.0465786996115
0.0582259858574
0.0824829252983
0.106060451314
0.126181255524
0.149497647238
0.151271039301
0.131192945056
0.0922646680879
0.0504381485416
0.0222098786294
0.00918914201249
0.0110720944224
0.0163876282227
0.0159011060024
0.0164120007576
0.0241907854177
0.0328295723804
0.0518229727621
0.0784326742381
0.0932219284106
0.107702695927
0.107405118882
0.0893292864093
0.0727285725958
0.0510579072859
0.0367103762933
0.0339769384754
0.0343859328228
0.0324642164764
0.0354469505084
0.0355862221364
0.0355119439348
0.0403033521752
0.036851272757
0.0289274134845
0.0228788466824
0.016888773964
0.0276022439445
0.0572072138989
0.086541300537
0.115894885203
0.127901956488
0.110714444882
0.0887202051564
0.074287254232
0.0638750752067
0.0696868802412
0.0787752824428
0.083241491432
0.0770513318082
0.0827377923776
0.0884242529471
0.0820860011588
0.0866615383759
0.0630819232855
0.0405185268404
0.0250967473575
0.0238372676021
0.0482158375982
0.0705619703036
0.0963427734738
0.100290892007
0.0904132839136
0.0825681131108
0.0715856167689
0.06097636839
0.0456472045398
0.0297347246878
0.0169595703749
0.0126484171315
0.0238112702315
0.0478669621701
0.0836797328212
0.11634148289
0.136412845672
0.133210526707
0.10964460666
0.0881078742321
0.073367829368
0.0637488022639
0.0611676347591
0.0608454530598
0.0540752271055
0.0628860145287
0.0787346615513
0.0998923430316
0.13296958679
0.159313511576
0.163844713992
0.157488356892
0.137429296437
0.0986723235706
0.0747879357344
0.0462813546858
0.02271125649
0.0137205765474
0.0122714552585
0.026100895795
0.0559588758736
0.0887981972679
0.11701532545
0.137593172719
0.130168137994
0.127729956027
0.11925759866
0.10292869664
0.109230505686
0.0970054743034
0.0908146183214
0.0940489697614
0.0801078798031
0.0844624393705
0.0751435426245
0.0631290435195
0.0561013971729
0.0336587028054
0.0295116579637
0.0309962935177
0.0431015513001
0.0630213401271
0.0690139661587
0.065636164942
0.0482334786709
0.0415461193353
0.0504516114656
0.071998557146
0.109138354292
0.127653588751
0.133846765927
0.124849354522
0.103529885834
0.0949342730762
0.0819409265461
0.0867943106609
0.0869277793044
0.0852249515334
0.0904952220547
0.0774631115882
0.0721680042933
0.0608387215979
0.050168425822
0.0459341040934
0.0416452343105
0.0433905399282
0.0462699808362
0.0598888890952
0.0753633596774
0.0770278877508
0.0832537937592
0.0742475618181
0.0617915716525
0.0634437973988
0.0535678141411
0.0447375286899
0.03920473115
0.0378340662116
0.0551072298688
0.0850534153117
0.111565626648
0.121829713509
0.104612722742
0.104612722742
0.104612722742
0.104612722742
