0.0334455503513
0.0334455503513
0.0334455503513
0.0334455503513
0.0202722482436
0.0223214285714
0.0517418032786
0.0945550351287
0.13444086651
0.146809133489
0.130781615925
0.10019028103
0.0712822014051
0.0561329039812
0.0556937939109
0.0421545667446
0.0281762295081
0.0152224824356
0.0160275175644
0.0305913348946
0.0453747072599
0.0581088992973
0.0576697892271
0.0572306791568
0.0567915690866
0.0711358313816
0.0705503512879
0.0699648711943
0.0693793911006
0.0412763466041
0.0275175644028
0.0147833723653
0.0158079625292
0.0443501170959
0.0739168618266
0.115193208431
0.128951990632
0.115193208431
0.0993852459014
0.0573038641685
0.0292008196721
0.0150761124121
0.00219555035129
0.00314695550351
0.00417154566745
0.00497658079625
0.0053425058548
0.00490339578455
0.00365925058548
0.0169057377049
0.0303717798595
0.044350117096
0.0590603044496
0.0583284543325
0.0578161592505
0.0573038641685
0.0563524590163
0.0425936768149
0.0431059718969
0.0450819672131
0.0472775175644
0.063744145199
0.0520345433255
0.0379098360656
0.0248097189696
0.0111973067916
0.0102459016394
0.0097336065574
0.00819672131149
0.00614754098362
0.00512295081968
0.0183694379391
0.0453015222482
0.0727459016393
0.100409836065
0.100556206089
0.0733313817329
0.0605240046838
0.0474970725996
0.0492535128806
0.0780884074943
0.0780884074943
0.0788934426231
0.077649297424
0.0491071428572
0.0349824355972
0.0190281030445
0.00431791569087
0.0030005854801
0.0160275175644
0.0300790398126
0.0436914519906
0.0580357142856
0.0436914519906
0.0298594847775
0.0300058548009
0.029713114754
0.0437646370023
0.0567915690865
0.0560597189694
0.0555474238875
0.0550351288055
0.0550351288055
0.0412763466041
0.0275175644028
0.0137587822014
0.0
0.0147101873536
0.0294203747073
0.0446428571428
0.0742096018735
0.0743559718969
0.0745023419203
0.0879683840748
0.0727459016392
0.0722336065573
0.0719408665104
0.0578893442623
0.0584016393443
0.0599385245902
0.0610362997659
0.047643442623
0.0338114754099
0.0316891100703
0.0297862997658
0.0423009367681
0.0552546838406
0.0419350117095
0.0286153395784
0.0152956674473
0.0015368852459
0.00109777517564
0.000658665105386
0.000219555035129
0.000219555035129
0.0141978922716
0.0290544496486
0.0439110070257
0.0585480093676
0.0600117096018
0.0744291569086
0.0890661592505
0.103703161592
0.103629976581
0.0750146370023
0.0459601873536
0.0304449648712
0.0288348946135
0.0419350117095
0.069013466042
0.0687939110069
0.0687939110069
0.0687939110069
0.0412763466041
0.0275175644028
0.0137587822014
0.00102459016394
0.00204918032787
0.00307377049181
0.00409836065575
0.00307377049181
0.00307377049181
0.00307377049181
0.00307377049181
0.00409836065575
0.00307377049181
0.00204918032787
0.00102459016394
0.000219555035129
0.0147833723653
0.0293471896955
0.0447160421545
0.0596457845432
0.0467652224824
0.0338846604215
0.019394028103
0.00512295081966
0.00365925058547
0.00219555035128
0.00256147540984
0.00292740046839
0.00395199063233
0.00519613583139
0.00541569086652
0.00585480093678
0.00607435597191
0.00585480093678
0.00461065573771
0.00314695550352
0.00190281030445
0.00109777517564
0.00131733021077
0.00131733021077
0.00131733021077
0.00109777517564
0.000878220140515
0.000878220140515
0.000878220140515
0.000658665105386
0.000439110070258
0.000219555035129
0.0
0.0
0.0
0.0
0.0
0.0
0.0
0.0
0.0
0.0
0.0
0.0
0.0
0.0
0.0
0.0
0.0
0.0
0.0
0.0
0.0
0.0
0.0
0.0
0.0
0.0
0.0
0.0
0.0
0.0
0.0
0.0
0.0
0.0
0.0
0.0
0.0
0.0
0.0
0.0
0.0
0.0
0.0
0.0
0.0
0.0
0.0
0.0
0.0143442622951
0.0286885245901
0.0430327868852
0.0575966042154
0.0434718969554
0.0295667447306
0.0300058548009
0.0300058548009
0.044350117096
0.0582552693208
0.0434718969554
0.0299326697892
0.0163934426229
0.00307377049181
0.00409836065575
0.00307377049181
0.00204918032787
0.0015368852459
0.0147833723653
0.0299326697892
0.0597921545666
0.0895052693207
0.091700819672
0.0921399297423
0.0631586651053
0.0343969555035
0.019906323185
0.00629391100703
0.00790398126464
0.0212236533958
0.0472775175643
0.0733313817329
0.0983606557375
0.0983606557375
0.0856996487118
0.0732581967212
0.0613290398126
0.0754537470725
0.0746487119437
0.0734045667446
0.0865778688524
0.0865046838408
0.100775761124
0.129025175644
0.128659250586
0.115266393443
0.1018735363
0.060963114754
0.0340310304449
0.0185889929742
0.00314695550352
0.00182962529274
0.00175644028103
0.0174912177986
0.0479361826698
0.0781615925058
0.107216042154
0.107581967213
0.0785275175643
0.0502781030445
0.0212968384075
0.0068793911007
0.00819672131148
0.00709894613584
0.00687939110072
0.00724531615927
0.0202722482436
0.035787470726
0.0513026932084
0.0787470725995
0.0777956674472
0.0747950819671
0.072306791569
0.043325526932
0.0437646370023
0.0452283372365
0.0458870023419
0.0750146370023
0.0747218969555
0.08818793911
0.101727166276
0.100556206089
0.114095433255
0.114534543325
0.116217798595
0.103190866511
0.0901639344263
0.0620608899298
0.0319086651054
0.0179303278689
0.0177107728337
0.0319086651053
0.0481557377048
0.0624999999999
0.0498389929742
0.0371779859484
0.0224677985948
0.00739168618269
0.0197599531616
0.0329332552693
0.047131147541
0.0621340749414
0.061987704918
0.0612558548009
0.0752341920374
0.0889929742388
0.089944379391
0.0898711943793
0.0603776346604
0.0311036299766
0.0155884074941
0.00102459016393
0.00117096018735
0.00131733021077
0.00146370023419
0.00109777517564
0.000731850117096
0.000878220140516
0.00102459016394
0.0159543325527
0.0455942622951
0.0750878220141
0.104800936768
0.105679156909
0.0771370023419
0.0620608899297
0.0474238875878
0.0472043325527
0.0616949648712
0.0476434426229
0.0458138173302
0.058694379391
0.0715749414519
0.0991656908664
0.114461358314
0.114461358314
0.114461358314
0.114461358314
