0.08375
0.08375
0.08375
0.08375
0.045625
-0.02375
-0.055625
-0.053125
-0.03125
-0.028125
-0.01875
-0.0125
0.040625
0.05625
0.025
0.003125
-0.08125
-0.078125
-0.0875
-0.05
0.009375
0.01625
0.11375
0.14875
0.161875
0.158125
0.05125
-0.04
-0.1375
-0.196875
-0.178125
-0.159375
-0.096875
0.003125
0.071875
0.140625
0.1875
0.171875
0.171875
0.15625
0.15
0.175
0.175
0.221875
0.265625
0.246875
0.2
0.084375
-0.075
-0.1875
-0.215625
-0.184375
-0.09375
0.01875
0.059375
0.078125
0.075
0.059375
0.071875
0.081875
0.1075
0.139375
0.143125
0.155
0.133125
0.095625
0.105
0.09
0.095625
0.07625
0.06
0.09375
0.103125
0.1375
0.146875
0.109375
0.115625
0.121875
0.0875
0.06875
0.025625
-0.008125
0.014375
0.036875
0.064375
0.073125
0.06625
0.059375
0.05
0.059375
0.046875
0.04375
0.040625
-0.003125
0.0125
0.009375
0.015625
0.053125
0.015625
-0.0125
-0.05625
-0.06875
-0.04375
-0.01875
0.009375
-0.003125
0.00625
0.015625
0.0125
0.01875
0.000625
-0.001875
0.03625
0.0525
0.083125
0.085625
0.00375
-0.025
-0.05625
-0.080625
0.001875
0.021875
-0.008125
-0.08
-0.221875
-0.3325
-0.380625
-0.33125
-0.234375
-0.115625
-0.06875
-0.09375
-0.19375
-0.3375
-0.38125
-0.38125
-0.271875
-0.1
6.93889390391e-18
0.028125
-0.0625
-0.2625
-0.434375
-0.53125
-0.54375
-0.453125
-0.375
-0.31875
-0.2625
-0.209375
-0.128125
-0.025
0.078125
0.1125
0.125
0.090625
0.015625
-0.03125
-0.080625
-0.114375
-0.191875
-0.25375
-0.32625
-0.389375
-0.34
-0.29375
-0.240625
-0.159375
-0.159375
-0.171875
-0.140625
-0.15
-0.090625
0.0125
0.0875
0.121875
0.103125
0.071875
0.00625
0.05625
0.09375
0.0625
0.034375
-0.071875
-0.115625
-0.115625
-0.046875
0.05
0.109375
0.2125
0.26875
0.265625
0.246875
0.15
0.028125
-0.075
-0.1875
-0.290625
-0.359375
-0.403125
-0.39375
-0.33125
-0.303125
-0.221875
-0.153125
-0.084375
0.003125
-0.015625
-0.05
-0.09375
-0.09375
-0.015625
0.021875
0.003125
-0.04375
-0.0875
-0.053125
0.025
0.053125
1.38777878078e-17
-0.121875
-0.246875
-0.365625
-0.38125
-0.346875
-0.2875
-0.19375
-0.175
-0.19375
-0.265625
-0.2875
-0.28125
-0.265625
-0.178125
-0.13125
-0.0875
-0.00625
-0.003125
6.93889390391e-18
0.034375
0.046875
0.109375
0.128125
0.090625
0.040625
-0.05
-0.065625
-0.05625
-0.059375
0.003125
-0.021875
-0.015625
0.05
0.0375
0.09375
0.08125
0.0125
-0.028125
-0.0875
-0.1375
-0.1625
-0.171875
-0.1875
-0.140625
-0.146875
-0.15625
-0.184375
-0.23125
-0.184375
-0.140625
-0.05
0.025
0.009375
-0.009375
-0.05625
-0.105625
-0.120625
-0.123125
-0.1475
-0.191875
-0.23
-0.24625
-0.1875
-0.065625
0.09375
0.225
0.27875
0.30125
0.220625
0.118125
0.02375
-0.120625
-0.14625
-0.175
-0.2125
-0.24375
-0.33125
-0.425
-0.465625
-0.421875
-0.371875
-0.240625
-0.109375
-0.05
-0.01875
-0.025
-0.040625
0.003125
0.04375
-1.73472347598e-17
-0.075
-0.178125
-0.2
-0.0875
0.01875
0.090625
0.05625
-0.059375
-0.153125
-0.221875
-0.178125
-0.103125
0.009375
0.125
0.121875
0.071875
-0.015625
-0.111875
-0.083125
-0.023125
0.04625
0.133125
0.116875
0.135
0.14375
0.15
0.234375
0.265625
0.271875
0.259375
0.165625
0.090625
0.038125
-0.014375
0.014375
0.02125
0.033125
0.051875
-0.03875
-0.085625
-0.185
-0.304375
-0.320625
-0.380625
-0.390625
-0.403125
-0.41875
-0.440625
-0.428125
-0.3375
-0.34375
-0.296875
-0.26875
-0.29375
-0.203125
-0.1375
-0.09
-0.045625
-0.073125
-0.125625
-0.16375
-0.24875
-0.27125
-0.26875
-0.2875
-0.25625
-0.30625
-0.30625
-0.278125
-0.25
-0.175
-0.15
-0.2125
-0.20625
-0.2125
-0.21875
-0.15625
-0.18125
-0.178125
-0.2
-0.19375
-0.14375
-0.118125
-0.045
0.03125
0.066875
0.085625
0.1
0.051875
-0.005625
-0.00625
-0.065625
-0.05625
0.01875
0.01875
0.084375
0.075
0.003125
-0.009375
-0.04375
-0.01875
0.028125
0.028125
0.021875
-0.00625
-0.034375
-0.034375
-0.053125
-0.071875
-0.09375
-0.11875
-0.08125
-0.04375
-0.01875
0.04375
0.046875
0.0475
0.054375
-0.041875
-0.14125
-0.22625
-0.2675
-0.18375
-0.03125
0.11875
0.225
0.26
0.248125
0.158125
0.0775
-0.01375
-0.145625
-0.143125
-0.1625
-0.184375
-0.1525
-0.18625
-0.22625
-0.21625
-0.216875
-0.24875
-0.2025
-0.15625
-0.1375
-0.09375
-0.08125
-0.11875
-0.090625
-0.025
0.01875
0.096875
0.134375
0.146875
0.1625
0.1625
0.146875
0.059375
-0.065625
-0.184375
-0.309375
-0.315625
-0.253125
-0.2
-0.103125
-0.04375
-6.93889390391e-18
0.103125
0.103125
0.103125
0.103125
