0.501875
0.501875
0.501875
0.501875
0.52625
0.535
0.55
0.55
0.524375
0.51125
0.464375
0.444375
0.4525
0.44125
0.49375
0.5475
0.57375
0.606875
0.61625
0.60375
0.61
0.618125
0.618125
0.620625
0.59
0.569375
0.526875
0.459375
0.423125
0.336875
0.254375
0.228125
0.194375
0.200625
0.273125
0.32125
0.369375
0.46
0.484375
0.51625
0.564375
0.561875
0.58625
0.5875
0.566875
0.55875
0.525625
0.5325
0.538125
0.539375
0.550625
0.5325
0.515625
0.494375
0.50375
0.508125
0.526875
0.55625
0.55625
0.5725
0.58
0.540625
0.495
0.41125
0.323125
0.31625
0.335
0.41
0.503125
0.555625
0.555
0.53125
0.475625
0.41375
0.429375
0.45375
0.505
0.56875
0.59375
0.605
0.61125
0.570625
0.525625
0.500625
0.46375
0.519375
0.58375
0.608125
0.646875
0.621875
0.59375
0.605
0.60125
0.608125
0.609375
0.595625
0.590625
0.588125
0.584375
0.581875
0.581875
0.5725
0.579375
0.5775
0.586875
0.6125
0.61875
0.620625
0.60875
0.583125
0.55875
0.561875
0.540625
0.53875
0.571875
0.58375
0.635
0.664375
0.644375
0.6325
0.6075
0.590625
0.608125
0.609375
0.60375
0.598125
0.57625
0.581875
0.58125
0.583125
0.575625
0.561875
0.535
0.4875
0.461875
0.414375
0.439375
0.50625
0.56
0.6275
0.6375
0.614375
0.5975
0.580625
0.574375
0.56875
0.56375
0.54875
0.524375
0.5175
0.50375
0.52375
0.568125
0.605625
0.643125
0.633125
0.593125
0.545
0.51125
0.5125
0.5175
0.534375
0.545625
0.54875
0.58
0.60625
0.62375
0.629375
0.614375
0.596875
0.586875
0.58
0.575625
0.574375
0.57375
0.595
0.611875
0.6275
0.6225
0.585
0.55625
0.5275
0.5325
0.565
0.58875
0.6125
0.616875
0.615
0.6225
0.6225
0.6225
0.6225
