121.59375
121.59375
121.59375
121.59375
120.38125
117.34375
116.6
120.91875
115.43125
109.5125
103.85625
95.34375
94.05625
99.24375
106.9875
117.75625
126.75625
132.36875
133.93125
126.68125
118.96875
111.35625
105.5375
107.04375
109.575
112.10625
116.13125
118.1875
119.68125
121.275
119.68125
121.20625
120.8625
123.3375
129.0
128.725
132.41875
131.86875
131.16875
131.58125
128.55625
127.91875
120.99375
117.68125
117.04375
114.28125
117.0625
122.95
134.0875
149.60625
162.24375
163.95
150.44375
127.94375
113.95
109.6
115.68125
127.09375
132.0625
135.8
140.76875
150.10625
156.54375
155.90625
151.85
140.75
132.76875
127.36875
122.6125
119.86875
113.7375
115.4625
115.6
116.74375
127.11875
125.98125
127.6125
133.3875
132.15625
136.68125
141.6375
138.65
135.13125
137.06875
132.21875
131.93125
136.275
131.0125
130.1
127.31875
115.175
107.74375
104.475
106.075
115.48125
127.24375
130.5625
130.5
133.68125
129.15625
129.4125
124.44375
113.425
110.65625
109.71875
118.46875
125.84375
131.2
134.7875
127.20625
122.86875
116.96875
113.825
123.2125
135.5375
145.0625
149.175
142.75
132.9625
122.80625
115.20625
116.26875
112.7625
115.83125
117.99375
112.80625
112.375
108.55625
109.76875
113.5375
119.7
129.95
134.85
140.675
145.24375
144.975
143.025
140.7125
133.15625
125.00625
120.5125
118.4375
119.05625
126.34375
136.4
141.31875
152.13125
152.49375
151.69375
150.325
141.25
136.85625
122.00625
112.86875
108.24375
104.70625
116.54375
129.275
136.95
145.14375
140.8625
133.025
134.40625
132.06875
134.575
134.1375
120.76875
108.95
98.04375
90.78125
90.69375
97.73125
103.91875
114.45625
129.875
134.2625
145.7625
147.3375
141.875
141.525
129.44375
122.70625
116.88125
109.15
106.53125
101.54375
102.2625
106.49375
115.5375
131.4625
139.50625
145.18125
139.61875
124.7625
113.9875
104.5375
101.01875
101.95
105.2375
107.9625
111.475
113.1125
111.46875
114.6375
117.4125
125.35
130.33125
127.08125
125.24375
119.35625
117.25
115.45625
114.90625
114.46875
111.6625
116.3125
118.56875
124.48125
135.6
139.13125
139.38125
135.03125
125.6875
119.58125
116.59375
115.2
115.4
115.5
115.5
112.2125
111.84375
115.0625
118.28125
128.075
131.93125
127.50625
122.31875
116.5
114.03125
115.55625
118.60625
116.24375
113.21875
111.9375
113.48125
116.775
119.9375
120.95
114.025
108.65
102.43125
101.84375
104.5
107.175
116.6125
118.86875
127.01875
132.7375
132.33125
133.16875
125.7375
120.175
112.2625
103.8875
97.6875
92.25
92.5875
97.9875
104.69375
111.18125
112.15625
108.63125
107.20625
105.8
107.48125
112.9375
114.19375
114.8875
115.01875
111.6375
112.225
112.8125
116.55
120.23125
124.9625
131.2875
131.675
132.46875
125.55625
113.5875
107.775
103.05625
104.89375
113.65625
119.1625
125.125
126.13125
122.08125
118.15
113.93125
119.10625
124.00625
124.11875
121.8
110.25625
101.34375
97.28125
96.85625
97.68125
101.8875
106.03125
107.09375
114.7125
113.28125
113.65625
118.35
115.3375
119.1
123.7125
126.38125
132.2
136.15
133.68125
130.15
128.8125
127.475
130.90625
129.875
121.89375
113.8125
103.01875
96.625
96.625
96.725
99.575
107.275
112.0
119.48125
126.58125
128.63125
131.025
127.44375
123.2
116.4625
112.25625
111.83125
110.4
111.2625
107.16875
101.40625
100.79375
101.20625
106.9875
113.1125
110.1875
109.7375
111.25
115.39375
125.75
130.03125
130.05
128.2
128.125
131.0875
131.25
131.4125
128.49375
125.575
125.475
128.29375
131.1125
133.93125
140.5375
138.01875
132.88125
127.64375
116.725
117.95625
120.49375
126.26875
135.3625
137.45
145.3
145.10625
140.66875
133.83125
119.40625
118.575
124.25
134.15
150.325
150.99375
144.4875
138.225
129.675
130.98125
134.06875
139.2875
140.0
134.6375
131.08125
119.48125
114.89375
111.5375
108.11875
114.5125
113.9625
117.025
121.45625
120.6
121.4625
120.75
121.95
120.875
121.66875
121.9
114.3875
109.43125
109.93125
110.7625
117.425
123.18125
118.025
109.68125
102.1875
95.39375
96.15625
102.63125
104.79375
105.3875
107.2375
107.325
109.36875
116.475
116.6375
115.475
113.46875
107.6125
108.2625
109.9375
114.3625
121.2625
125.24375
128.3
129.98125
128.7
124.5
122.91875
120.0125
116.55
115.44375
107.3
99.5
95.44375
97.425
109.16875
121.10625
127.4875
125.075
118.84375
116.53125
121.025
129.9
137.7125
138.6
135.6375
128.85625
118.00625
115.525
112.75625
109.55625
114.75625
112.0125
111.7625
119.58125
123.06875
128.4875
131.46875
131.0125
125.83125
121.05625
120.29375
113.18125
112.5
115.91875
116.5
127.74375
138.975
144.10625
148.85625
147.0
141.75625
137.03125
128.1625
116.54375
106.61875
103.2125
107.575
114.29375
124.03125
133.29375
136.4125
142.01875
140.275
129.65625
120.45
108.75625
103.0375
100.625
102.01875
109.11875
113.58125
119.75
125.5125
123.59375
123.33125
127.53125
124.7875
125.825
126.3
122.175
124.5125
133.10625
141.6
150.75
156.9375
152.14375
150.3875
143.20625
133.9875
125.16875
112.79375
107.09375
108.1
116.89375
127.575
143.40625
155.71875
161.0875
163.85625
155.925
149.35625
144.6
141.3375
139.05
132.0
127.1625
122.18125
119.0125
121.28125
121.03125
120.54375
121.7125
120.6125
122.3375
124.18125
122.175
119.8375
115.9875
109.21875
111.9625
118.4875
124.65
133.73125
131.64375
123.58125
116.54375
112.1625
117.35
128.43125
137.14375
140.54375
135.7375
124.9875
118.08125
112.025
108.14375
106.8375
105.78125
110.99375
122.3
138.75
148.525
151.08125
149.81875
137.625
137.625
137.625
137.625
