0.486875
0.486875
0.486875
0.486875
0.510625
0.5175
0.5025
0.49375
0.48375
0.4775
0.491875
0.488125
0.4875
0.481875
0.46875
0.478125
0.483125
0.48
0.475
0.461875
0.439375
0.438125
0.434375
0.43125
0.45
0.45875
0.470625
0.481875
0.483125
0.484375
0.483125
0.469375
0.455625
0.444375
0.42875
0.435
0.435
0.419375
0.41625
0.403125
0.39625
0.415
0.43125
0.44875
0.47625
0.4825
0.4825
0.481875
0.469375
0.47375
0.4725
0.46875
0.46875
0.453125
0.454375
0.459375
0.460625
0.4775
0.476875
0.465625
0.4475
0.42125
0.410625
0.4175
0.4425
0.469375
0.49375
0.51125
0.519375
0.51875
0.5075
0.484375
0.46125
0.443125
0.42625
0.419375
0.4125
0.416875
0.435625
0.46
0.475625
0.475625
0.453125
0.419375
0.403125
0.39875
0.421875
0.459375
0.475625
0.475625
0.46
0.43125
0.415
0.41875
0.41625
0.42375
0.435
0.436875
0.453125
0.4625
0.469375
0.47625
0.476875
0.47875
0.479375
0.4675
0.441875
0.4175
0.400625
0.39625
0.408125
0.40875
0.38875
0.3825
0.384375
0.395625
0.434375
0.445
0.443125
0.4525
0.4375
0.4375
0.44
0.4325
0.440625
0.460625
0.476875
0.49
0.491875
0.480625
0.4725
0.469375
0.47125
0.47625
0.47375
0.468125
0.468125
0.454375
0.456875
0.45875
0.46
0.481875
0.483125
0.478125
0.46875
0.449375
0.440625
0.446875
0.451875
0.4525
0.455
0.45125
0.4475
0.445
0.4375
0.415
0.39625
0.388125
0.384375
0.405625
0.424375
0.43
0.445625
0.43875
0.4225
0.423125
0.405625
0.403125
0.41625
0.416875
0.425
0.438125
0.448125
0.46
0.46875
0.456875
0.42875
0.401875
0.38875
0.399375
0.435625
0.46875
0.4925
0.50375
0.490625
0.48125
0.47
0.461875
0.475
0.4775
0.47375
0.465625
0.4525
0.455625
0.46875
0.485
0.495625
0.500625
0.495
0.48875
0.48375
0.4625
0.453125
0.438125
0.413125
0.416875
0.410625
0.41
0.426875
0.426875
0.438125
0.44875
0.45125
0.456875
0.461875
0.46625
0.465625
0.46375
0.459375
0.460625
0.4675
0.476875
0.47625
0.464375
0.45375
0.44125
0.435
0.43625
0.4425
0.44625
0.45875
0.46125
0.45875
0.46
0.445
0.448125
0.445625
0.43625
0.43375
0.42625
0.425
0.4275
0.43625
0.43875
0.441875
0.453125
0.4675
0.48375
0.49875
0.504375
0.5
0.48625
0.471875
0.45625
0.44
0.43
0.419375
0.41625
0.4175
0.426875
0.435625
0.438125
0.434375
0.433125
0.42125
0.4125
0.418125
0.406875
0.409375
0.408125
0.388125
0.38625
0.38
0.39
0.40625
0.413125
0.43125
0.43875
0.45625
0.475625
0.476875
0.47
0.45875
0.448125
0.450625
0.46375
0.476875
0.4875
0.5
0.508125
0.514375
0.5125
0.493125
0.47375
0.444375
0.43125
0.42625
0.42125
0.430625
0.4325
0.451875
0.458125
0.455
0.443125
0.4025
0.378125
0.366875
0.375
0.400625
0.433125
0.458125
0.463125
0.461875
0.448125
0.423125
0.414375
0.4225
0.4225
0.4325
0.431875
0.41625
0.42
0.42
0.429375
0.4275
0.4125
0.410625
0.401875
0.410625
0.4325
0.448125
0.45625
0.4625
0.45
0.43
0.4275
0.423125
0.43875
0.455625
0.455
0.446875
0.43
0.41625
0.410625
0.413125
0.413125
0.420625
0.42875
0.44375
0.46125
0.46875
0.485625
0.4925
0.496875
0.50625
0.50625
0.495
0.485
0.4725
0.45
0.4525
0.44625
0.430625
0.435
0.426875
0.4375
0.468125
0.48125
0.494375
0.498125
0.485625
0.488125
0.49
0.489375
0.49875
0.498125
0.500625
0.505
0.50625
0.508125
0.505625
0.495625
0.480625
0.470625
0.46125
0.46125
0.46125
0.46125
