0.94625
0.94625
0.94625
0.94625
1.025625
1.096875
1.14625
1.111875
1.1125
1.09125
1.07
1.095625
1.095
1.096875
1.090625
1.116875
1.063125
1.036875
1.026875
0.965625
0.994375
0.9875
0.956875
0.870625
0.749375
0.6675
0.5775
0.56875
0.65
0.768125
0.960625
1.1725
1.29
1.336875
1.315
1.253125
1.19375
1.105625
1.080625
1.069375
1.04625
1.14625
1.1725
1.149375
1.19
1.158125
1.17875
1.201875
1.20875
1.174375
1.043125
0.945
0.781875
0.6775
0.719375
0.783125
0.913125
0.994375
0.9625
0.886875
0.831875
0.83
0.853125
0.929375
0.943125
0.895
0.893125
0.810625
0.73875
0.736875
0.705625
0.801875
0.90625
0.98375
1.059375
1.018125
1.035
1.055625
1.103125
1.18
1.1575
1.08875
0.948125
0.799375
0.71125
0.70125
0.76875
0.841875
0.909375
0.899375
0.878125
0.86875
0.811875
0.88
0.873125
0.86625
0.89875
0.7825
0.699375
0.665
0.67
0.753125
0.93125
1.060625
1.166875
1.2575
1.199375
1.1575
1.055625
0.938125
0.9225
0.825625
0.838125
0.89125
0.876875
1.0
1.0525
1.055
1.170625
1.191875
1.145
1.176875
1.063125
0.920625
0.86375
0.69875
0.656875
0.705
0.779375
0.885
0.921875
0.8975
0.795625
0.740625
0.721875
0.706875
0.783125
0.829375
0.8575
0.955
0.935625
0.969375
1.03875
1.045625
1.148125
1.170625
1.094375
0.99
0.888125
0.83875
0.88
1.01125
1.094375
1.146875
1.19375
1.19
1.200625
1.2225
1.18125
1.1125
1.079375
1.0575
1.045625
1.110625
1.05375
0.96625
0.91
0.755
0.68625
0.638125
0.62125
0.68125
0.81875
0.973125
1.094375
1.16875
1.119375
1.056875
0.990625
0.93625
0.92
0.8825
0.891875
0.9025
0.94875
0.995625
0.986875
1.0175
0.981875
0.969375
0.998125
0.99375
1.039375
1.06375
1.07
1.08125
1.0975
1.1275
1.061875
0.935625
0.77125
0.666875
0.69875
0.798125
0.9525
1.046875
1.055
1.116875
1.106875
1.068125
1.093125
0.986875
0.99375
1.02
1.013125
1.110625
1.046875
1.0175
1.010625
0.945625
1.033125
1.0625
1.059375
1.093125
1.01375
0.986875
1.00875
0.988125
1.075
1.115
1.056875
1.0725
1.015
0.96125
1.005
1.005
1.005
1.005
