0.101141686183
0.101141686183
0.101141686183
0.101141686183
0.0985802107727
0.0837236533956
0.0831381733019
0.0835772833722
0.112119437939
0.141247072599
0.143881733021
0.144467213115
0.117535128805
0.0756733021076
0.0455210772833
0.0308108899298
0.0298594847776
0.044130562061
0.0731850117096
0.0734045667447
0.0736241217798
0.0858460187352
0.0705503512879
0.0696721311474
0.0825526932082
0.0687939110069
0.0687939110069
0.0687939110069
0.0412763466041
0.0275175644028
0.0137587822014
0.0
0.0
0.0
0.000878220140513
0.00212236533957
0.00336651053863
0.0190281030445
0.0339578454333
0.048155737705
0.0632318501172
0.0638905152226
0.0633782201406
0.0632318501172
0.0756733021078
0.0736973067916
0.0727459016393
0.0717944964871
0.0430327868852
0.0286885245901
0.015368852459
0.00204918032787
0.00307377049181
0.00409836065575
0.00358606557378
0.00307377049181
0.00358606557378
0.00409836065575
0.00512295081968
0.00614754098362
0.00512295081968
0.00409836065575
0.00256147540984
0.00248829039813
0.00343969555035
0.00439110070258
0.00585480093677
0.00439110070258
0.00292740046839
0.00146370023419
0.0
0.0144174473068
0.0288348946136
0.0432523419204
0.0576697892273
0.0432523419204
0.0288348946136
0.0144174473068
0.0147101873536
0.0294203747073
0.0446428571428
0.0598653395784
0.0594262295082
0.0589871194379
0.0589871194378
0.0597921545666
0.0477898126463
0.0357874707259
0.0213700234192
0.00534250585481
0.00307377049181
0.000805035128806
0.0
0.00102459016394
0.00204918032787
0.00307377049181
0.00409836065575
0.00409836065575
0.0184426229508
0.0327868852459
0.0476434426229
0.0752341920374
0.0884806791568
0.11643735363
0.144394028103
0.145857728337
0.14768735363
0.120096604215
0.0918471896955
0.077356557377
0.0483021077283
0.0344701405152
0.019906323185
0.00556206088993
0.00490339578454
0.0169789227166
0.0299326697892
0.0424473067915
0.0554742388758
0.0558401639343
0.0562060889929
0.0715017564402
0.087675644028
0.0889197892271
0.0901639344262
0.0764051522248
0.0608899297424
0.0597189695551
0.0729654566746
0.0720872365341
0.0735509367683
0.0897248243561
0.0779420374708
0.0807962529274
0.0807230679157
0.0512295081967
0.0346165105386
0.0175644028103
0.00197599531616
0.00109777517564
0.000658665105386
0.000439110070258
0.00109777517564
0.00278103044496
0.0190281030445
0.0496926229508
0.0786007025761
0.106337822014
0.105386416862
0.075600117096
0.0466920374707
0.0170521077284
0.00175644028103
0.00234192037471
0.00292740046839
0.00461065573771
0.00731850117097
0.00797716627636
0.00863583138174
0.00885538641687
0.00805035128806
0.00695257611242
0.00585480093677
0.00497658079626
0.00307377049181
0.0164666276347
0.0298594847776
0.0432523419204
0.0576697892273
0.0432523419204
0.0435450819673
0.0575966042154
0.0863583138172
0.129537470726
0.158006440281
0.158957845433
0.130488875878
0.102019906323
0.0588407494145
0.0299326697892
0.0304449648712
0.0309572599532
0.0461797423887
0.0611826697892
0.0467652224824
0.0323477751756
0.0179303278689
0.00241510538642
0.015368852459
0.0283225995316
0.0412763466041
0.0550351288055
0.0550351288055
0.0550351288055
0.0550351288055
0.0555474238875
0.0423009367681
0.0290544496487
0.0158079625292
0.0015368852459
0.00204918032787
0.00256147540984
0.0177839578454
0.033518735363
0.0616217798595
0.089724824356
0.0884074941452
0.0873097189696
0.0584016393443
0.029493559719
0.0152956674473
0.000658665105386
0.000951405152225
0.00146370023419
0.00197599531616
0.00358606557377
0.00417154566744
0.00431791569086
0.00446428571428
0.00285421545667
0.00175644028103
0.000878220140513
0.000219555035129
0.000439110070258
0.0144174473068
0.0283957845433
0.0419350117095
0.0554742388758
0.0414959016393
0.0275175644028
0.0137587822014
0.0
0.0
0.0
0.0
0.0
0.0
0.0
0.0
0.0
0.0
0.000219555035129
0.000439110070258
0.000658665105386
0.000878220140515
0.000658665105386
0.000439110070258
0.000219555035129
0.0
0.0
0.0
0.0
0.0
0.000219555035129
0.000439110070258
0.000878220140515
0.00131733021077
0.00131733021077
0.00131733021077
0.000878220140515
0.000439110070258
0.000219555035129
0.000219555035129
0.000439110070258
0.000878220140515
0.00131733021077
0.00131733021077
0.00131733021077
0.000878220140515
0.000439110070258
0.000219555035129
0.0
0.0
0.000219555035129
0.000439110070258
0.000658665105386
0.000878220140515
0.000878220140515
0.000878220140515
0.000878220140515
0.000878220140515
0.000658665105386
0.000439110070258
0.000219555035129
0.0
0.0
0.0
0.0
0.000219555035129
0.000658665105386
0.00109777517564
0.00175644028103
0.00197599531616
0.00175644028103
0.0015368852459
0.00190281030445
0.00248829039813
0.00329332552694
0.00409836065575
0.00307377049181
0.00204918032787
0.00102459016394
0.0
0.0
0.0
0.0137587822014
0.0275175644028
0.0412763466041
0.0550351288055
0.0412763466041
0.0275175644028
0.0137587822014
0.00146370023419
0.00395199063233
0.00644028103046
0.00892857142859
0.00870901639346
0.00644028103046
0.00519613583139
0.00395199063233
0.0037324355972
0.00556206088994
0.00534250585482
0.00512295081969
0.00512295081969
0.00307377049181
0.00204918032787
0.00102459016394
0.0
0.0
0.0
0.0137587822014
0.0275175644028
0.0412763466041
0.0550351288055
0.0412763466041
0.0275175644028
0.0137587822014
0.0
0.0
0.0
0.0
0.0
0.0
0.0
0.0
0.0
0.0
0.0
0.0
0.0
0.0
0.0
0.000219555035129
0.000439110070258
0.000658665105386
0.00109777517564
0.00109777517564
0.00109777517564
0.00109777517564
0.000658665105386
0.000439110070258
0.000219555035129
0.0
0.0
0.0
0.0
0.0
0.0
0.0
0.0
0.0
0.0
0.0
0.0
0.0
0.0
0.0
0.0
0.0
0.0
0.000219555035129
0.000439110070258
0.000658665105386
0.000878220140515
0.000658665105386
0.000439110070258
0.000219555035129
0.00102459016394
0.00204918032787
0.00307377049181
0.00409836065575
0.00307377049181
0.00204918032787
0.00102459016394
0.0
0.0
0.0
0.0
0.0137587822014
0.0275175644028
0.0412763466041
0.0687939110069
0.0687939110069
0.0687939110069
0.0687939110069
0.0414959016393
0.027956674473
0.0144174473068
0.00234192037471
0.00446428571429
0.00805035128806
0.0116364168618
0.0125146370023
0.011855971897
0.00826990632319
0.00468384074942
0.00212236533958
0.000439110070258
0.00109777517564
0.0155152224824
0.0311768149882
0.0468384074941
0.0607435597189
0.0471311475409
0.0314695550351
0.0166861826698
0.0165398126463
0.0316159250585
0.0477166276346
0.0630854800936
0.0519613583137
0.0379098360655
0.0238583138173
0.0238583138173
0.0238583138173
0.0238583138173
