-0.0308125
-0.0308125
-0.0308125
-0.0308125
-0.062625
-0.05475
-0.0919375
-0.07675
-0.0694375
-0.09625
0.00025
0.07525
0.167
0.291625
0.2800625
0.33175
0.3305
0.296375
0.2795625
0.2124375
0.202375
0.1594375
0.1696875
0.1675625
0.1421875
0.1658125
0.1880625
0.222125
0.2609375
0.300375
0.337125
0.373
0.4218125
0.453875
0.453875
0.47925
0.474
0.443375
0.4280625
0.362
0.31125
0.2935625
0.2744375
0.2806875
0.30225
0.3084375
0.3175
0.3519375
0.35575
0.392625
0.426625
0.409875
0.42375
0.386875
0.352875
0.34425
0.2956875
0.2725
0.2464375
0.220375
0.2435625
0.292125
0.3435625
0.420375
0.45725
0.443375
0.426625
0.359125
0.32225
0.31075
0.302125
0.318875
0.305
0.3165
0.325125
0.33375
0.347625
0.31075
0.27675
0.24275
0.228875
0.240375
0.2504375
0.2605
0.2511875
0.241875
0.2225
0.1483125
0.0826875
0.0161875
-0.04025
-0.0301875
-0.019375
0.00325
0.0763125
0.1376875
0.209125
0.2586875
0.2578125
0.3254375
0.318125
0.3118125
0.265125
0.1170625
0.0470625
-0.0021875
-0.022
0.0239375
0.0566875
0.07775
0.079
0.0724375
0.1151875
0.16975
0.2450625
0.27025
0.2068125
0.1324375
0.1096875
0.086625
0.1345
0.182375
0.188625
0.2303125
0.26575
0.3011875
0.3870625
0.398
0.3581875
0.3336875
0.2090625
0.2295
0.285375
0.351
0.44675
0.4369375
0.415625
0.36925
0.319625
0.296125
0.254625
0.1310625
0.064375
0.046625
0.06775
0.2111875
0.328125
0.3456875
0.3276875
0.2608125
0.1788125
0.1269375
0.043875
-0.0405625
-0.1459375
-0.1781875
-0.1399375
-0.0891875
0.018625
0.038125
0.0244375
0.01575
0.0364375
0.091875
0.1996875
0.268375
0.2373125
0.214875
0.0945
-0.0174375
-0.086125
-0.179625
-0.1815625
-0.106375
-0.0173125
0.0766875
0.1535
0.178
0.143
0.1380625
0.07825
-0.0255625
-0.0563125
-0.105125
-0.0818125
0.0146875
0.0823125
0.1484375
0.1785
0.198625
0.2340625
0.269375
0.2630625
0.2183125
0.08975
-0.055875
-0.109625
-0.193125
-0.1838125
-0.137
-0.167875
-0.0865625
-0.0006875
0.0460625
0.1895
0.226375
0.2168125
0.204
0.070625
-0.0210625
-0.09525
-0.105875
-0.0295625
0.078375
0.175125
0.200375
0.154375
0.0579375
0.042
0.0468125
0.0465
0.065
-0.0014375
-0.02375
0.046375
0.1700625
0.2671875
0.3463125
0.3890625
0.3326875
0.3260625
0.2871875
0.200125
0.1619375
0.0801875
0.0145625
-0.0215
-0.0641875
-0.066375
-0.0263125
0.05325
0.1460625
0.276125
0.3216875
0.3048125
0.3293125
0.266
0.2524375
0.234375
0.0714375
-0.028125
-0.1360625
-0.1715625
-0.102
-0.0231875
0.0025625
-0.03425
-0.0925625
-0.192625
-0.1753125
-0.1255625
-0.06025
-0.00375
-0.0193125
-0.0480625
-0.0879375
-0.1269375
-0.1486875
-0.1175
-0.0939375
0.00675
0.0901875
0.03025
0.0469375
0.020625
-0.0386875
0.0704375
0.075875
0.02425
0.0198125
-0.095
-0.127875
-0.0699375
0.0109375
0.1241875
0.1856875
0.2039375
0.226625
0.2509375
0.2421875
0.2210625
0.0868125
-0.0881875
-0.1845
-0.3238125
-0.3180625
-0.2291875
-0.15825
0.0300625
0.1334375
0.1861875
0.236625
0.240375
0.2666875
0.277125
0.2555
0.2265
0.170875
0.1601875
0.15675
0.054375
0.016375
-0.06325
-0.14
-0.07325
-0.055375
0.065375
0.1641875
0.2353125
0.29625
0.2238125
0.2236875
0.153125
0.112625
0.1329375
0.1018125
0.126125
0.1475
0.14325
0.15675
0.176625
0.1799375
0.2169375
0.243875
0.1883125
0.116875
0.0185625
-0.07975
-0.057625
0.028875
0.0923125
0.1543125
0.16
0.10925
0.121625
0.0851875
0.05025
0.0074375
-0.066125
-0.055375
-0.0536875
0.0028125
0.0601875
0.0594375
0.1093125
0.0976875
0.049125
0.04875
-0.0286875
-0.075375
-0.0574375
-0.0475
-0.0036875
0.0641875
0.110125
0.0996875
0.12575
0.0936875
0.1063125
0.24125
0.2983125
0.4235625
0.4818125
0.4423125
0.4450625
0.3895625
0.34975
0.2548125
0.1774375
0.1549375
0.10775
0.1358125
0.12875
0.037
-0.041
-0.0993125
-0.151375
-0.1021875
-0.0325625
-0.034375
0.004
-0.05225
-0.1454375
-0.178125
-0.249
-0.249375
-0.16875
-0.06725
0.0428125
0.1296875
0.1383125
0.1551875
0.2075625
0.284
0.3836875
0.3988125
0.3545
0.2861875
0.1790625
0.1141875
0.0564375
-0.001375
0.0051875
0.0293125
0.0596875
0.1323125
0.23875
0.2859375
0.35575
0.341
0.252625
0.2275625
0.143875
0.1448125
0.0950625
0.04375
0.08375
0.010625
-0.0193125
-0.0901875
-0.1438125
-0.0558125
0.102625
0.301375
0.3970625
0.3958125
0.3360625
0.247375
0.125375
0.021625
-0.059625
-0.121875
-0.084125
-0.013875
0.0534375
0.103375
0.15125
0.1075
0.0633125
0.034875
-0.0075625
0.0478125
0.1120625
0.1675
0.22325
0.258125
0.2320625
0.157625
0.082625
-0.0430625
-0.148875
-0.1825625
-0.23175
-0.1731875
-0.058
0.06325
0.1831875
0.2455
0.2854375
0.275625
0.26275
0.162625
0.034625
-0.0363125
-0.087125
0.0335
0.2009375
0.2651875
0.323125
0.2295625
0.0895625
0.0165625
-0.0589375
-0.0765
-0.0878125
-0.0683125
-0.0488125
-0.0534375
-0.02025
-0.0079375
0.011875
0.0209375
-0.059
-0.1555
-0.260375
-0.2385
-0.135375
-0.05975
0.0100625
-0.044875
-0.09
-0.1025
-0.1195625
-0.0458125
-0.02475
0.091375
0.23
0.217125
0.2676875
0.1634375
0.023875
-0.0338125
-0.0880625
-0.0695
0.0148125
0.1295625
0.1435625
0.13775
0.072625
0.0595625
0.0804375
0.0854375
0.0968125
0.0530625
0.0750625
0.1528125
0.260625
0.260625
0.260625
0.260625
