-0.389375
-0.389375
-0.389375
-0.389375
-0.40125
-0.070625
0.10875
0.0875
0.109375
0.193125
0.246875
0.30125
0.07125
-0.640625
-1.62625
-2.163125
-2.184375
-1.534375
-0.51
-0.089375
-0.1525
-0.863125
-1.46
-1.839375
-2.041875
-2.005
-2.201875
-1.990625
-1.35375
-0.660625
0.0
0.219375
0.0975
0.031875
-0.216875
-0.481875
-0.980625
-1.600625
-1.985625
-2.24625
-2.069375
-1.643125
-1.019375
-0.21875
0.2325
0.4425
0.353125
-0.105
-0.33875
-0.643125
-0.94125
-1.001875
-1.274375
-1.235
-1.008125
-0.75625
-0.5725
-0.63
-0.584375
-0.92375
-1.08125
-1.300625
-1.686875
-1.8425
-1.935625
-1.671875
-1.464375
-1.118125
-0.60125
-0.2625
0.104375
0.684375
1.03125
1.07625
1.08875
0.814375
0.34875
0.306875
0.034375
-0.59875
-0.849375
-1.22
-1.31875
-0.748125
-0.720625
-1.06375
-1.2425
-1.965
-2.0375
-1.80125
-1.59625
-1.023125
-0.98125
-0.57875
-0.435625
-0.505
-0.086875
-0.2625
-0.518125
-0.550625
-0.805
-0.945
-0.6225
-0.354375
-0.208125
0.2175
0.113125
-0.194375
-0.355625
-0.773125
-0.63875
-0.309375
-0.195625
0.300625
0.39625
0.35375
0.365625
-0.205
-0.548125
-0.7775
-0.95875
-0.6625
-0.713125
-0.820625
-0.806875
-0.915
-0.733125
-0.51875
-0.19625
0.06625
0.448125
0.816875
0.95
1.136875
1.1475
1.119375
0.969375
0.79375
0.52875
0.283125
0.3875
0.08375
-0.04125
-0.3575
-0.676875
-0.56
-0.828125
-0.89
-1.273125
-1.50625
-1.435
-1.498125
-1.325
-1.26875
-0.934375
-0.185
0.62
1.2375
1.373125
0.8525
-0.1075
-1.0475
-1.686875
-1.656875
-1.055625
-0.560625
-0.315
-0.35875
-0.87875
-0.85375
-0.646875
-0.66
-0.200625
-0.255625
-0.33
-0.161875
-0.26375
-0.345
-0.620625
-0.860625
-1.11125
-1.055625
-0.4725
0.04875
0.5
0.891875
0.931875
0.900625
0.6875
0.206875
-0.634375
-1.318125
-1.721875
-1.818125
-1.193125
-0.97
-0.425625
-0.22625
-0.674375
-0.470625
-0.808125
-1.05
-1.07
-1.79375
-2.125
-2.07375
-1.719375
-0.894375
-0.19875
-0.023125
0.028125
0.104375
0.075
0.21625
0.24375
0.1275
-0.176875
-0.41
-0.796875
-1.094375
-1.20625
-1.04
-0.618125
-0.5725
-0.1725
-0.059375
-0.348125
-0.1525
-0.496875
-1.193125
-1.2375
-1.4225
-1.303125
-0.65625
-0.413125
-0.48125
-0.430625
-0.73125
-1.22375
-1.535625
-2.06625
-2.069375
-1.586875
-0.84625
-0.000625
0.460625
0.5425
0.518125
0.47625
0.4775
0.65375
0.760625
0.8175
0.79625
0.7775
0.75
0.39875
0.009375
-0.395625
-1.006875
-1.175
-1.131875
-1.113125
-0.825625
-0.841875
-0.874375
-0.915625
-1.073125
-0.718125
-0.4525
-0.169375
0.421875
0.484375
0.351875
0.004375
-0.798125
-1.4625
-2.0975
-2.230625
-1.98375
-1.674375
-1.134375
-0.911875
-1.110625
-1.374375
-1.4075
-1.48625
-1.21875
-0.82125
-0.719375
-0.460625
-0.410625
-0.110625
0.189375
0.039375
-0.07125
-0.6925
-1.31375
-1.265625
-0.7725
0.0925
0.661875
0.74125
0.060625
-0.9725
-1.46625
-1.84125
-1.7625
-1.5075
-1.498125
-1.325625
-1.029375
-0.610625
-0.33125
-0.244375
-0.5525
-0.929375
-1.265625
-1.575
-1.371875
-1.583125
-1.75
-1.521875
-1.9975
-2.1125
-2.10625
-2.561875
-2.555
-2.239375
-1.75375
-1.269375
-0.604375
-0.39125
-0.656875
-0.789375
-1.241875
-1.55125
-1.32125
-1.1
-0.715
-0.368125
-0.28875
-0.138125
-0.261875
-0.114375
-0.218125
-0.3275
-0.37125
-0.648125
-0.8675
-0.9675
-0.86125
-0.988125
-0.949375
-1.13875
-1.321875
-1.010625
-0.3925
0.2775
0.74375
0.625
0.139375
-0.58125
-1.0625
-0.956875
-0.86875
-0.610625
-0.43625
-0.581875
-0.5725
-0.235625
0.066875
0.320625
0.25
0.00625
-0.571875
-1.044375
-0.99875
-1.338125
-1.35375
-1.288125
-1.42625
-1.26875
-1.12875
-0.936875
-0.790625
-0.34875
0.164375
0.229375
0.2725
-0.340625
-1.14375
-1.33625
-1.824375
-1.951875
-1.59125
-1.821875
-1.615
-1.0475
-0.93
-0.516875
-0.37875
-0.573125
-0.949375
-1.225
-1.3675
-1.655625
-1.503125
-1.4325
-1.22875
-1.11375
-1.153125
-1.015625
-0.946875
-0.398125
0.198125
0.2925
0.11625
-0.506875
-1.07875
-1.0575
-0.534375
0.161875
0.4575
0.114375
-0.54625
-1.3075
-1.68625
-1.450625
-1.3625
-0.878125
-0.474375
-0.539375
-0.27625
-0.669375
-0.990625
-0.81
-0.755625
-0.340625
-0.21
-0.52875
-1.175625
-1.55125
-1.414375
-1.265625
-0.716875
-0.701875
-1.03
-1.01
-0.9925
-0.514375
-0.203125
-0.360625
-0.89125
-1.49875
-2.011875
-2.105625
-1.5675
-1.2075
-0.540625
0.164375
0.419375
0.625625
0.419375
0.018125
-0.4375
-0.888125
-0.836875
-1.1375
-1.083125
-0.78625
-1.136875
-0.873125
-0.83125
-1.010625
-0.51875
-0.433125
-0.65625
-0.9275
-1.58375
-2.058125
-2.148125
-1.75
-1.28625
-1.0175
-0.721875
-0.7675
-1.066875
-1.218125
-1.26625
-1.466875
-1.238125
-0.64
-0.413125
-0.134375
-0.141875
-0.870625
-1.6075
-2.36375
-2.811875
-2.53875
-2.01625
-1.458125
-1.061875
-1.321875
-1.638125
-1.52875
-1.40125
-0.978125
-0.453125
-0.28875
-0.53
-0.670625
-0.745625
-0.974375
-0.499375
-0.225625
-0.1
0.24375
-0.05125
-0.310625
-0.715625
-1.185
-1.1325
-0.62625
-0.14625
0.19
0.3625
0.064375
-0.1525
-0.10625
-0.24
-0.291875
-0.28125
-0.628125
-0.776875
-1.066875
-1.413125
-1.223125
-1.094375
-0.629375
0.21125
0.65375
0.84875
0.84875
0.26625
-0.358125
-0.571875
-0.980625
-1.021875
-0.625625
-0.420625
-0.001875
0.414375
0.38125
0.0525
-0.31375
-0.664375
-0.994375
-0.8225
-0.613125
-0.549375
-0.1175
-0.098125
-0.010625
-0.246875
-0.78
-1.106875
-1.791875
-1.968125
-2.16
-2.05625
-1.374375
-0.74375
0.155625
0.564375
0.486875
0.0975
-0.515625
-1.034375
-1.4275
-1.35125
-1.21
-0.8675
-0.375625
-0.13625
-0.1625
-0.094375
-0.29125
-0.476875
-0.3875
-0.684375
-0.6425
-0.855625
-0.97125
-0.72625
-0.650625
-0.285
-0.039375
-0.1175
-0.058125
-0.23125
-0.686875
-0.811875
-1.38125
-1.599375
-1.545625
-1.64875
-1.43625
-1.51
-1.338125
-1.491875
-1.4975
-1.105625
-0.968125
-0.289375
0.4275
0.496875
0.246875
-0.38125
-1.395625
-1.68875
-1.505625
-1.28
-0.9675
-1.015625
-1.115
-1.17875
-1.0375
-1.05
-1.168125
-1.09375
-1.220625
-1.400625
-1.49125
-1.836875
-2.146875
-2.084375
-2.083125
-1.683125
-0.946875
-0.37625
0.04875
0.05875
-0.2025
-0.26875
-0.241875
0.11
0.570625
0.83625
1.045
0.89125
0.3225
-0.3
-0.941875
-1.465
-1.395
-1.306875
-1.183125
-0.8925
-1.08
-1.1425
-0.974375
-0.719375
-0.258125
-1.38777878078e-17
0.198125
0.205
0.0775
-0.174375
-0.6375
-1.154375
-1.489375
-1.429375
-1.06875
-0.8875
-0.730625
-0.5575
-0.875
-0.82625
-0.85375
-1.0325
-0.62
-0.42
0.029375
0.17
-0.218125
-0.526875
-1.025
-1.30125
-1.398125
-1.261875
-1.443125
-1.32125
-1.210625
-1.486875
-1.366875
-1.37125
-0.95875
-0.43375
-0.11
0.010625
-0.220625
-0.248125
0.14875
0.3725
0.363125
-0.063125
-0.995
-1.48875
-1.749375
-1.490625
-1.0725
-0.7075
-0.405
-0.499375
-0.395
-0.72
-0.719375
-0.546875
-0.53125
-0.14375
0.013125
0.24375
0.435625
0.681875
0.719375
0.643125
0.496875
0.046875
-0.226875
-0.500625
-0.82875
-0.9075
-0.8425
-1.073125
-1.103125
-1.0975
-1.203125
-0.7175
-0.28875
-0.12625
-0.348125
-0.955
-1.6725
-1.9775
-1.57875
-1.1775
-0.57375
-0.39875
-0.770625
-0.933125
-1.225625
-1.33625
-1.02875
-1.150625
-1.090625
-0.92625
-0.985
-0.609375
-0.441875
-0.159375
-0.256875
-0.609375
-1.104375
-2.13375
-2.664375
-2.820625
-2.409375
-1.45
-0.728125
-0.293125
-0.514375
-1.266875
-1.520625
-1.94125
-1.86
-1.226875
-1.001875
-0.209375
0.275
0.55
0.739375
0.54625
0.294375
0.051875
-0.076875
-0.4575
-0.415
-0.721875
-0.886875
-0.571875
-0.790625
-0.418125
-0.269375
-0.41375
0.07375
0.233125
0.17625
0.330625
-0.10875
-0.596875
-0.63
-0.849375
-0.77875
-0.545625
-0.450625
-0.151875
0.07125
0.054375
0.223125
0.221875
0.0825
0.32125
0.27375
0.078125
0.030625
-0.56
-1.19125
-1.559375
-1.91
-1.8175
-1.778125
-1.9125
-1.793125
-1.9125
-1.699375
-1.255625
-0.985
-0.38875
0.054375
0.414375
0.324375
0.1175
0.098125
-0.099375
0.233125
0.124375
-0.4625
-0.894375
-1.32625
-1.054375
-0.20875
0.561875
0.889375
0.569375
-0.0375
-0.878125
-1.51
-1.84625
-2.1825
-1.93875
-1.32125
-0.76
-0.39375
-0.37375
-0.805625
-0.85125
-0.605
-0.231875
0.1925
-0.051875
-0.34875
-0.786875
-0.935625
-0.406875
-0.06
0.276875
0.45375
0.2
0.08375
0.110625
0.1
0.18125
0.364375
0.49875
0.333125
0.259375
0.08375
-0.21375
0.16875
0.29
0.309375
0.418125
0.11875
0.158125
0.376875
0.389375
0.23875
-0.41125
-1.025
-1.025
-1.025
-1.025
