0.98125
0.98125
0.98125
0.98125
0.9875
1.00625
0.94375
0.81875
0.825
0.8375
0.825
0.88125
0.8
0.70625
0.60625
0.5
0.4375
0.38125
0.3625
0.35625
0.35
0.425
0.5
0.56875
0.65625
0.6625
0.70625
0.76875
0.9
0.9625
0.95
0.91875
0.75625
0.675
0.66875
0.675
0.75
0.86875
0.99375
1.09375
1.15
1.10625
0.9625
0.875
0.81875
0.85
0.99375
1.025
1.0875
1.0625
0.90625
0.9
0.825
0.79375
0.83125
0.7875
0.8625
0.9375
1.04375
1.1375
1.14375
1.1125
1.03125
0.89375
0.75625
0.7375
0.825
0.98125
1.0875
1.10625
0.9875
0.86875
0.86875
0.88125
0.975
1.09375
1.075
1.01875
0.925
0.8625
0.875
0.86875
0.8625
0.71875
0.6125
0.55625
0.4875
0.5375
0.59375
0.73125
0.89375
1.01875
1.04375
0.91875
0.83125
0.7875
0.825
0.94375
0.9875
0.98125
0.96875
0.91875
0.975
0.96875
0.875
0.86875
0.7875
0.76875
1.7375
2.58125
3.41875
5.18125
5.1875
5.33125
5.50625
3.84375
3.0125
2.06875
1.0375
0.9875
0.95
1.83125
2.80625
3.65625
4.4875
3.56875
2.6
1.75625
0.93125
0.925
1.0125
1.0125
0.93125
0.96875
0.86875
0.79375
0.86875
0.83125
0.93125
0.99375
0.94375
0.95
0.81875
0.80625
0.84375
0.9125
1.0625
1.05
1.05
0.975
0.875
0.8625
0.7875
0.69375
0.68125
0.69375
0.70625
0.80625
0.76875
0.73125
0.79375
0.8625
1.0375
1.1125
1.0625
0.95625
0.775
0.73125
1.66875
3.46875
5.30625
7.00625
6.875
5.89375
4.9125
4.00625
4.0875
3.25
2.45
1.70625
0.80625
0.825
0.76875
0.65
0.6625
0.75625
0.9625
1.1
1.2125
1.1625
0.9625
0.85625
0.7125
0.71875
0.80625
0.84375
0.90625
0.88125
0.84375
0.88125
0.86875
0.825
1.70625
2.5625
3.41875
4.325
3.39375
2.43125
1.55625
0.7625
0.9625
1.1
1.20625
1.2
1.05
1.0375
1.0125
0.975
1.00625
0.9
0.7875
0.7625
0.73125
0.80625
0.88125
0.8625
0.875
0.825
0.7
0.6625
0.575
0.5
0.58125
0.66875
0.81875
0.98125
0.9875
0.90625
0.75
0.675
0.71875
0.83125
0.9875
0.98125
0.8875
1.625
2.35
3.2375
4.2
3.3875
2.64375
1.7375
0.7625
0.78125
0.675
0.73125
0.83125
0.8625
1.0375
1.0875
1.13125
1.1125
1.85
2.61875
3.45625
4.33125
3.525
2.7875
1.90625
1.075
1.01875
0.8625
0.78125
0.7
0.75625
0.825
0.96875
1.01875
0.9625
0.96875
0.8625
1.73125
2.60625
3.4375
4.29375
3.325
2.40625
1.55625
0.775
0.9625
1.18125
1.33125
1.39375
1.4125
2.225
2.98125
3.79375
4.525
3.49375
2.60625
1.68125
0.825
1.80625
2.6375
3.4875
4.3375
3.375
2.56875
1.76875
0.96875
1.04375
1.0375
0.9625
0.95625
1.04375
1.1
1.225
1.28125
1.1875
1.15
1.1125
1.08125
1.15625
1.16875
1.15625
1.1375
1.11875
1.1
1.09375
1.05625
0.925
0.8375
0.775
0.7
0.73125
0.75625
0.775
0.9125
0.9625
1.925
2.86875
3.69375
4.58125
3.6375
2.65
1.74375
1.7125
2.6
3.575
4.44375
3.5625
3.6
3.55
3.6375
4.56875
3.7375
2.98125
2.13125
1.29375
2.14375
2.9
3.7125
4.5
3.5875
3.65
4.51875
5.425
7.1625
7.11875
5.36875
3.60625
1.88125
1.025
1.05
1.95625
2.86875
3.80625
4.71875
3.89375
3.05
2.11875
1.175
1.10625
1.01875
0.9875
0.9625
0.8625
0.8
0.74375
0.78125
0.93125
1.9125
2.925
3.85625
4.7
3.85625
2.95
1.975
1.01875
0.825
0.70625
0.6625
0.675
0.79375
0.9
1.00625
0.9875
0.925
0.75
0.575
0.48125
0.375
0.35625
0.41875
0.55
0.775
0.9875
0.9875
0.9875
0.9875
