1.04
1.04
1.04
1.04
0.93375
0.845625
0.88375
0.966875
1.080625
1.28625
1.365625
1.4
1.361875
1.26875
1.006875
0.9225
0.84625
0.855625
1.0475
0.94
1.036875
1.080625
1.159375
1.420625
1.421875
1.394375
1.28875
1.115625
0.969375
0.906875
0.953125
1.0525
1.2225
1.31125
1.244375
1.110625
0.923125
0.71875
0.596875
0.546875
0.558125
0.7675
0.98125
1.206875
1.4325
1.32875
1.1975
0.975625
0.70375
0.625625
0.564375
0.6325
0.77125
0.876875
1.116875
1.16875
1.200625
1.416875
1.364375
1.44125
1.439375
1.1325
0.92625
0.7875
0.760625
0.868125
1.069375
1.126875
1.136875
1.200625
1.231875
1.295
1.32625
1.25
1.050625
0.931875
0.83125
0.78125
0.83625
0.76875
0.85
0.99125
1.2025
1.4975
1.5075
1.395
1.1225
0.78375
0.56875
0.3975
0.394375
0.5075
0.7275
1.079375
1.29
1.53875
1.605625
1.48625
1.4175
1.244375
1.205625
1.375625
1.54375
1.629375
1.811875
1.688125
1.565625
1.4375
1.0
0.74375
0.509375
0.414375
0.560625
0.733125
1.01375
1.220625
1.33375
1.40125
1.16875
1.033125
0.911875
0.820625
1.076875
1.313125
1.573125
1.796875
1.714375
1.46
1.151875
0.88
0.746875
0.759375
0.814375
0.865625
0.92125
1.0325
1.150625
1.191875
1.164375
0.945
0.88625
1.06625
1.351875
1.85
2.026875
1.88125
1.649375
1.185
0.939375
0.89875
0.95
1.138125
1.260625
1.298125
1.220625
1.169375
1.20375
1.240625
1.344375
1.33875
1.103125
1.026875
1.11625
1.429375
1.905
2.100625
1.99125
1.645
1.2325
0.935
0.778125
0.680625
0.631875
0.78625
0.945
1.068125
1.27875
1.17125
1.01375
0.985625
0.78625
0.720625
0.723125
0.708125
0.8125
0.938125
0.99625
0.891875
0.709375
0.554375
0.49125
0.554375
0.689375
0.8925
1.06875
1.3075
1.660625
1.775
1.78
1.66125
1.229375
1.00625
1.035
1.105
1.40625
1.601875
1.4625
1.2875
1.070625
0.83625
0.855625
0.93625
0.926875
0.98125
0.875625
0.826875
0.87625
0.88
0.93875
0.89375
0.94625
1.003125
1.134375
1.25875
1.11625
1.0225
0.81875
0.66375
0.62375
0.563125
0.641875
0.691875
0.80125
0.96875
0.99625
1.066875
1.18
1.174375
1.18875
1.18
0.99625
0.830625
0.80875
0.775625
0.87
1.05125
1.093125
1.08375
0.9975
0.834375
0.65375
0.69875
0.81125
1.02875
1.31
1.24875
1.158125
0.925625
0.623125
0.561875
0.59
0.676875
0.859375
1.001875
0.995625
1.1475
1.2475
1.313125
1.451875
1.306875
1.228125
1.12625
1.065625
1.16375
1.1775
1.225
1.33375
1.348125
1.33
1.275625
0.940625
0.769375
0.7125
0.720625
0.933125
1.043125
1.078125
1.018125
0.928125
0.851875
0.85
0.93
1.0425
1.170625
1.1975
1.19125
1.131875
0.9375
0.7425
0.575
0.434375
0.489375
0.634375
0.835
0.986875
0.9725
0.97
0.81
0.775625
0.936875
0.954375
1.06
0.999375
0.8825
0.891875
0.91
1.094375
1.09625
1.115625
1.116875
0.988125
0.938125
0.786875
0.675
0.568125
0.6825
0.82625
0.91
1.13125
1.0125
0.970625
0.964375
0.79
0.948125
0.9975
1.065625
1.2025
1.004375
0.826875
0.769375
0.704375
0.808125
0.970625
0.844375
0.769375
0.708125
0.584375
0.605
0.560625
0.53125
0.54875
0.710625
0.97
1.171875
1.340625
1.220625
0.938125
0.665625
0.475
0.404375
0.506875
0.66125
0.71375
0.84375
0.84375
0.839375
0.893125
0.840625
0.823125
0.73375
0.6425
0.694375
0.72875
0.8825
0.990625
0.913125
0.926875
0.83125
0.764375
0.835
0.823125
0.811875
0.859375
0.83125
0.805
0.804375
0.704375
0.671875
0.665
0.6425
0.675
0.80625
0.934375
1.09
1.19875
1.00125
0.771875
0.65
0.530625
0.618125
0.790625
0.850625
0.9825
1.143125
1.184375
1.17
1.08
0.838125
0.68875
0.5625
0.500625
0.565
0.603125
0.644375
0.790625
0.8975
1.000625
1.140625
1.01875
0.903125
0.75375
0.58875
0.540625
0.50625
0.68
0.91
1.199375
1.446875
1.35375
1.2825
1.246875
1.225625
1.363125
1.320625
1.018125
0.8775
0.751875
0.766875
1.1325
1.290625
1.6075
1.855
1.773125
1.691875
1.35875
1.065
1.019375
1.0625
1.198125
1.3325
1.261875
1.110625
0.8575
0.635
0.5375
0.615625
0.9625
1.279375
1.7325
1.91125
1.75
1.5975
1.16125
0.959375
0.9575
0.908125
0.988125
0.98
0.944375
0.9775
1.005
0.944375
0.84875
0.726875
0.64625
0.6625
0.718125
0.778125
0.785
0.774375
0.765
0.7475
0.716875
0.713125
0.83
0.94375
1.13125
1.34125
1.244375
1.150625
1.086875
0.941875
1.00125
1.110625
1.061875
1.025
0.961875
0.8225
0.78
0.776875
0.778125
0.831875
0.88
1.06375
1.2275
1.324375
1.424375
1.378125
1.4025
1.449375
1.504375
1.383125
1.153125
1.029375
0.876875
0.930625
1.00375
0.9125
0.87625
0.81375
0.793125
0.84875
0.86375
0.93
1.0075
1.04375
1.039375
1.0675
1.039375
1.1475
1.281875
1.270625
1.32375
1.186875
1.03125
0.82125
0.630625
0.596875
0.64375
0.915625
1.04875
1.080625
1.105625
0.908125
0.838125
0.8325
0.720625
0.80625
0.98875
1.128125
1.310625
1.484375
1.34875
1.206875
1.26125
1.070625
1.083125
1.1625
0.9825
0.999375
0.9625
0.840625
0.71625
0.523125
0.523125
0.608125
0.78625
1.001875
0.874375
0.830625
0.871875
1.088125
1.653125
1.923125
2.008125
1.84
1.4975
1.36
1.49125
1.70125
1.805
1.83875
1.56625
1.24
0.99375
0.77875
0.655
0.581875
0.54125
0.56
0.6425
0.7125
0.9025
0.99625
1.14
1.450625
1.519375
1.605
1.61125
1.3875
1.22875
1.16
1.048125
0.925
0.844375
0.72375
0.676875
0.8325
1.035
1.203125
1.459375
1.485
1.52875
1.665
1.534375
1.69625
1.7475
1.634375
1.6575
1.34125
1.075625
0.835
0.675
0.67875
0.6525
0.64625
0.63375
0.6825
0.766875
0.8825
0.825
0.645
0.484375
0.409375
0.474375
0.714375
0.944375
1.044375
1.108125
1.115625
1.165
1.2275
1.46875
1.65375
1.6975
1.805625
1.575
1.2
0.905
0.579375
0.515625
0.574375
0.663125
0.8875
1.109375
1.43375
1.886875
2.049375
2.0
1.899375
1.54125
1.326875
1.25875
1.16125
1.164375
1.200625
1.171875
1.11375
1.02875
0.915
0.82375
0.8475
1.05
1.4125
1.83875
2.028125
1.914375
1.476875
0.998125
0.821875
0.959375
1.30375
1.615625
1.690625
1.528125
1.293125
1.255625
1.215625
1.2025
1.25
1.0
0.845625
0.70375
0.515625
0.51375
0.505625
0.63375
0.864375
1.12
1.45375
1.645
1.84125
1.873125
1.91125
1.956875
1.77625
1.634375
1.295
1.055625
1.04125
1.04125
1.09125
1.013125
0.741875
0.501875
0.41875
0.409375
0.529375
0.643125
0.655
0.67875
0.72
0.9425
1.125
1.44125
1.746875
1.74625
1.79875
1.62125
1.495
1.465
1.443125
1.466875
1.260625
1.085
1.006875
0.905
1.02
1.18875
1.189375
1.260625
1.351875
1.52125
1.69125
1.916875
2.056875
1.92625
1.836875
1.76375
1.611875
1.61625
1.586875
1.2975
1.033125
0.723125
0.55
0.61375
0.7125
1.01125
1.22125
1.306875
1.43
1.386875
1.285
1.306875
1.268125
1.096875
0.9775
0.829375
0.72375
0.709375
0.7125
0.62875
0.585625
0.645625
0.703125
0.778125
0.80875
0.80375
0.749375
0.788125
0.833125
0.76875
0.813125
0.80625
0.77375
0.936875
1.06
1.28375
1.51875
1.6975
1.9275
1.9275
1.9275
1.9275
