0.6125
0.6125
0.6125
0.6125
0.7
0.75
0.7875
0.825
0.8125
0.7875
0.8375
0.8375
0.8625
0.875
0.7875
0.75
0.7
0.66875
0.7125
0.70625
1.58125
2.5375
3.5125
4.56875
3.90625
3.1
2.25
2.18125
2.88125
3.7
4.45625
3.48125
2.6
1.64375
0.825
1.79375
3.61875
5.46875
7.175
7.11875
5.2875
3.41875
1.64375
0.6875
0.6375
0.70625
0.79375
0.95625
1.06875
1.1
1.05625
1.04375
1.06875
1.0125
0.95
0.75625
0.6125
0.5875
0.625
0.7375
0.83125
1.76875
2.65
3.6
4.4625
3.5625
2.75
1.8
0.95
1.8625
2.69375
3.6375
4.5375
3.6625
2.7875
1.9
1.0125
1.0
1.06875
1.09375
1.0625
1.1125
1.0625
1.00625
1.075
1.01875
0.98125
1.83125
2.5375
3.325
4.175
3.275
3.3625
4.325
5.2625
7.08125
7.1375
5.3875
3.575
1.75
0.7125
0.61875
0.6
1.4875
2.5
3.46875
4.39375
3.575
2.6375
1.725
1.74375
2.54375
3.425
4.29375
3.4125
2.66875
1.86875
1.04375
1.04375
0.91875
0.825
0.8125
0.8125
1.775
2.7375
3.65625
4.5125
3.6125
2.73125
1.76875
0.93125
0.9125
0.8625
0.9375
0.8875
0.9125
1.01875
1.0375
1.15
1.1625
1.03125
0.90625
0.7375
0.65
0.66875
0.7375
1.7125
2.68125
3.60625
4.46875
3.5875
2.61875
1.675
1.6875
2.50625
3.46875
4.41875
3.56875
2.81875
2.0
1.15625
1.16875
1.05
0.84375
0.71875
0.60625
0.64375
0.825
0.95625
1.125
1.175
1.125
1.0
1.74375
2.5
3.28125
4.1625
3.3125
2.5
1.69375
0.825
0.71875
0.6
0.50625
0.44375
0.5125
0.65625
0.80625
0.95
0.9875
0.8875
0.75
0.6875
0.6625
0.7625
0.91875
1.00625
1.1875
1.2875
1.325
1.29375
1.175
1.11875
1.03125
1.075
1.0875
1.06875
1.0875
1.05
1.08125
1.09375
1.1875
1.28125
1.3
1.26875
1.10625
0.875
0.6625
0.575
1.4625
2.46875
3.56875
4.61875
3.90625
3.15
2.28125
1.36875
1.2375
1.01875
0.81875
0.65
0.5875
0.60625
0.7125
0.81875
0.925
1.01875
0.99375
0.93125
0.825
0.75625
0.75
0.85
0.96875
1.1
1.29375
1.41875
1.45625
1.4375
2.1875
2.9375
3.75625
4.54375
3.575
2.59375
1.64375
0.78125
0.9125
1.025
1.16875
1.25
1.20625
1.2375
1.15625
1.08125
1.0375
0.95
0.9625
1.86875
2.8
3.6875
4.46875
3.45625
2.50625
1.6125
0.7875
0.875
0.8125
0.75625
0.7625
0.76875
0.925
1.04375
1.0375
1.025
0.88125
0.73125
0.61875
0.5625
0.6
1.55625
2.575
3.56875
4.49375
3.64375
2.7
1.69375
1.64375
2.50625
4.3375
6.175
6.25
6.25
4.48125
2.7375
1.83125
0.96875
0.925
0.95
0.98125
0.9875
1.90625
2.76875
3.64375
4.55625
3.70625
2.7875
1.8
0.8125
0.66875
0.6625
0.75625
0.89375
1.11875
1.26875
1.31875
1.23125
1.05
0.825
0.65
0.59375
0.6125
0.675
1.65625
2.6
3.5125
4.45625
3.61875
2.8125
2.03125
1.15
1.125
1.08125
1.03125
1.11875
1.25
1.35625
1.44375
1.43125
1.33125
1.175
0.9375
0.76875
0.725
0.75625
0.875
0.94375
0.925
0.89375
0.91875
0.975
1.0625
1.2375
1.35
1.43125
1.43125
1.43125
1.43125
