0.879375
0.879375
0.879375
0.879375
0.97875
1.06625
1.143125
1.399375
1.331875
1.295625
1.313125
1.081875
1.028125
1.0375
0.983125
1.088125
1.170625
1.23375
1.39375
1.30625
1.2
1.069375
0.833125
0.79375
0.78875
0.793125
0.800625
0.864375
0.921875
0.980625
1.033125
0.97875
0.905625
0.84875
0.856875
0.96625
1.065625
1.16875
1.2725
1.1425
1.018125
0.905
0.78125
0.91125
1.06875
1.224375
1.301875
1.20125
1.090625
1.015
0.995
1.078125
1.2525
1.286875
1.433125
1.58875
1.565
1.64
1.4875
1.23625
1.08375
0.874375
0.7275
0.734375
0.684375
0.690625
0.78625
0.67625
0.6225
0.53625
0.38
0.379375
0.434375
0.59625
0.8175
0.9675
0.9675
0.790625
0.555
0.555
0.555
0.555
