14.9
14.9
14.9
14.9
15.03125
15.95625
17.1
17.94375
17.6
16.44375
14.15625
12.16875
11.28125
10.99375
11.4875
12.28125
12.96875
12.96875
13.26875
12.96875
12.28125
12.51875
12.15625
12.39375
13.34375
13.43125
14.3125
15.0875
15.34375
16.525
18.25
19.5875
20.6
20.925
19.175
18.1375
17.23125
16.21875
16.05
14.54375
12.93125
12.41875
11.8
12.0
12.9125
13.75625
15.39375
17.525
20.3625
21.35
22.15
22.7625
21.1875
21.0625
20.63125
20.625
21.9125
22.83125
23.76875
23.24375
23.3375
23.6125
23.83125
25.5125
25.3125
24.825
25.125
23.4625
23.03125
22.46875
21.15625
21.6
22.69375
24.7
26.025
26.825
25.6625
23.09375
20.65
17.75625
15.56875
15.38125
15.75625
16.6375
18.78125
18.98125
19.175
19.5875
18.7125
18.58125
18.44375
18.125
18.29375
18.40625
19.7625
21.075
21.875
22.1875
21.2625
19.9
19.29375
19.3
18.625
18.69375
18.60625
18.46875
18.475
17.30625
15.86875
14.23125
13.1125
13.55625
14.68125
16.425
18.6
19.5875
20.025
20.0375
19.23125
18.8625
17.9375
16.14375
14.75625
13.93125
14.4375
16.56875
19.225
20.7875
21.25
20.89375
19.48125
18.75625
18.025
16.825
17.39375
17.35
17.6375
18.9375
17.84375
18.0625
18.65
18.9625
20.55
21.4875
21.6875
20.8625
20.13125
18.44375
18.24375
18.525
18.2625
18.4625
16.3875
15.06875
14.75625
15.5375
17.9
20.08125
20.5375
19.70625
18.39375
16.05625
16.3
17.0125
17.4125
20.0875
20.19375
20.85
21.5
19.38125
18.49375
16.54375
15.7875
16.4375
17.03125
18.68125
19.00625
20.23125
20.7875
20.0
19.70625
18.34375
18.0375
19.25625
21.00625
21.93125
21.8875
21.25
20.80625
20.975
21.95625
22.85625
22.3375
22.28125
22.1625
22.69375
23.56875
24.19375
24.3125
22.5125
21.4625
20.45
20.31875
21.93125
23.375
24.85
24.9625
24.0625
23.40625
22.14375
21.41875
22.4375
21.775
21.63125
21.975
20.35
19.925
20.04375
18.76875
17.71875
17.2125
15.65625
15.15
15.925
15.81875
16.6875
18.05
17.98125
18.1
17.4
17.24375
17.79375
18.68125
19.85625
18.4625
16.55625
14.725
12.975
13.13125
15.28125
18.0125
20.45
22.43125
21.7625
19.55625
18.01875
17.8
19.03125
20.95625
22.625
21.81875
20.2375
18.7
17.0125
16.95625
17.50625
17.7
17.8375
18.425
18.81875
20.58125
23.125
24.0375
26.08125
27.0875
27.075
27.4
25.46875
23.075
20.725
19.025
18.8875
18.14375
18.2875
18.2
18.45625
20.19375
21.7875
23.38125
23.74375
23.74375
22.125
20.8875
19.9
18.8125
19.25
18.85625
18.925
18.925
19.34375
21.475
22.7875
24.975
25.25625
23.575
22.81875
20.55
19.4
19.25
18.375
18.25625
17.725
16.675
16.4
17.3625
19.7875
22.01875
23.0625
21.3375
17.5125
14.575
13.2375
13.84375
16.31875
17.83125
18.15625
17.95625
17.1875
16.6375
16.55625
17.0875
17.00625
17.96875
19.175
20.6125
22.4125
23.15625
23.575
22.14375
20.00625
18.81875
17.6125
18.1625
20.2375
21.425
22.65
23.71875
23.525
23.0625
21.7625
19.26875
17.25625
16.20625
16.3875
17.99375
19.95
21.09375
21.4125
19.9
17.94375
16.28125
15.525
16.29375
16.7875
17.35
16.925
16.80625
17.40625
18.4625
20.83125
21.25625
20.49375
19.03125
16.75
16.21875
17.55625
19.46875
20.5625
20.61875
20.06875
18.7875
18.325
18.49375
16.9625
16.225
15.9
16.1
17.24375
18.0
18.98125
19.325
21.49375
23.9125
24.9375
24.9125
22.11875
18.825
17.525
18.80625
21.03125
23.45
23.5125
20.925
19.3375
17.0625
15.90625
16.275
15.64375
16.5
17.74375
18.25625
19.45
19.15625
18.05
16.775
15.3625
15.00625
15.19375
16.16875
16.69375
16.8875
16.46875
16.28125
15.875
15.6875
16.2875
16.34375
17.13125
18.04375
19.16875
19.80625
20.91875
21.59375
21.78125
22.8875
22.41875
21.35625
19.83125
18.00625
17.04375
17.53125
18.3875
18.725
18.9875
17.7625
16.80625
16.21875
15.55625
16.05
16.2875
17.71875
19.225
20.31875
21.3375
20.4875
19.3875
19.40625
19.64375
20.26875
20.95
20.03125
19.03125
19.39375
20.7
22.96875
26.39375
28.3
28.78125
27.55
23.63125
19.9625
17.0875
15.9625
16.66875
17.5875
18.3875
18.34375
18.075
17.51875
17.26875
17.66875
18.4375
19.5125
20.225
20.5
19.80625
19.1125
18.025
16.8375
16.7
16.86875
17.60625
18.55625
18.575
18.2875
18.2875
18.8625
19.84375
21.075
21.575
21.25
21.58125
21.4125
21.075
21.01875
20.05625
18.91875
18.275
16.75
14.95625
13.91875
12.88125
13.5125
15.89375
17.94375
20.8125
22.45625
22.3875
21.6125
20.01875
19.125
18.075
18.55
19.00625
18.875
19.76875
19.025
18.20625
17.68125
16.7875
17.125
17.65
18.175
18.35625
18.53125
18.225
18.0
18.425
17.925
17.4
16.7125
15.375
14.25625
14.35
14.525
15.33125
16.4375
16.65
16.8625
16.7875
17.125
18.38125
19.6375
20.55
21.45625
20.41875
19.4625
19.15625
17.925
17.4
16.7125
15.375
14.25625
14.35
14.525
15.33125
16.4375
16.65
16.8625
16.7875
17.125
18.38125
19.6375
20.55
21.45625
20.41875
19.4625
19.15625
17.925
17.4
16.7125
15.375
14.25625
14.35
14.525
15.33125
16.4375
16.65
16.8625
16.7875
17.125
17.65
18.175
18.35625
18.53125
18.225
18.2125
19.5625
19.9875
20.3875
20.2
17.9375
15.89375
15.0625
14.525
15.33125
16.4375
16.65
16.8625
16.7875
17.125
18.38125
19.6375
20.55
21.45625
20.41875
19.4625
19.15625
17.925
17.4
16.7125
15.375
14.25625
14.35
14.525
15.33125
16.4375
16.65
16.8625
16.7875
17.125
18.38125
19.6375
20.55
21.45625
20.41875
19.4625
19.15625
17.925
17.4
16.7125
15.375
14.25625
14.35
14.525
15.33125
16.4375
16.65
16.8625
16.7875
17.125
17.65
18.175
18.35625
18.53125
18.225
18.2125
19.5625
19.9875
20.3875
20.2
17.9375
16.94375
16.85625
17.46875
18.625
18.475
17.83125
15.9625
14.88125
14.60625
14.1375
14.98125
15.2375
14.875
14.40625
13.75
14.1875
15.1125
17.3875
19.35625
20.54375
22.16875
22.10625
22.10625
22.10625
22.10625
