-3.756875
-3.756875
-3.756875
-3.756875
-5.376875
-6.220625
-6.063125
-6.54625
-5.931875
-5.013125
-4.76
-3.829375
-3.115
-2.57
-1.97875
-1.92125
-1.810625
-2.2925
-3.504375
-4.44375
-5.935625
-6.8975
-6.75875
-6.82875
-6.55375
-6.986875
-7.43125
-7.348125
-6.67
-5.453125
-4.849375
-5.238125
-6.2525
-6.490625
-6.175
-5.22625
-4.520625
-4.6375
-5.100625
-5.56375
-5.043125
-4.835625
-5.155
-5.073125
-5.67875
-6.19875
-6.15375
-6.6375
-6.855625
-6.896875
-6.981875
-6.50625
-6.221875
-5.2275
-3.59875
-3.11
-3.2025
-4.424375
-6.131875
-6.690625
-6.44625
-5.354375
-4.405625
-3.7075
-3.2325
-2.978125
-3.25875
-4.36375
-5.46625
-6.441875
-6.50875
-5.66875
-4.7025
-4.251875
-3.82875
-3.953125
-3.973125
-3.8425
-4.4175
-4.085625
-4.61875
-4.85625
-4.560625
-4.898125
-4.32875
-4.369375
-4.496875
-4.85625
-5.763125
-6.228125
-7.115625
-7.65625
-8.02
-7.750625
-7.1075
-6.65375
-5.675
-5.329375
-4.394375
-3.11375
-1.959375
-0.921875
-1.195625
-2.45375
-4.01375
-5.973125
-7.105625
-6.891875
-7.259375
-7.110625
-6.351875
-6.859375
-6.395625
-5.871875
-6.12875
-5.7525
-6.305
-6.70375
-7.661875
-8.568125
-8.83875
-8.9175
-8.303125
-7.7925
-7.31875
-7.41375
-7.1125
-6.08
-4.65125
-2.86875
-2.1575
-2.47375
-3.320625
-4.385625
-4.02375
-2.965625
-1.833125
-1.07875
-1.21625
-1.668125
-2.1825
-2.29125
-2.27375
-2.671875
-3.335
-3.565
-4.520625
-4.594375
-4.3325
-4.4975
-3.983125
-4.050625
-4.18625
-5.14
-5.6925
-6.33
-6.228125
-5.16375
-4.500625
-3.54625
-3.57125
-3.419375
-3.2675
-4.045625
-4.571875
-5.125625
-5.63875
-4.97375
-4.690625
-4.68
-4.7725
-4.878125
-4.395
-4.315
-4.035625
-4.475
-4.5
-4.149375
-4.54875
-4.810625
-5.455
-5.72375
-4.95125
-3.94875
-3.2475
-2.995625
-2.671875
-2.085
-1.4675
-0.73
-1.26375
-1.88375
-3.056875
-4.124375
-4.124375
-4.124375
-4.124375
