-0.059375
-0.059375
-0.059375
-0.059375
-0.079375
-0.118125
-0.084375
-0.08625
-0.093125
-0.08625
-0.134375
-0.133125
-0.1225
-0.133125
-0.095
-0.079375
-0.058125
-0.029375
-0.045625
-0.055625
-0.03875
-0.043125
-0.025625
-0.014375
-0.066875
-0.045625
-0.031875
-0.00125
0.06125
0.0375
-0.0025
-0.07375
-0.13625
-0.163125
-0.15
-0.090625
-0.028125
0.031875
0.071875
0.055
0.016875
-0.011875
-0.040625
-0.038125
-0.023125
-0.00625
0.045
0.078125
0.1
0.128125
0.0875
0.064375
0.055625
0.009375
0.0025
0.02125
0.030625
0.06625
0.095625
0.06875
0.05875
0.026875
0.026875
0.05
0.051875
0.070625
0.029375
-0.0125
-0.05
-0.085
-0.095
-0.1025
-0.105625
-0.11125
-0.109375
-0.10125
-0.088125
-0.044375
-0.006875
0.024375
0.046875
0.0175
-0.00125
-0.004375
-0.00125
0.01
0.009375
-0.02
-0.0375
-0.041875
-0.038125
-0.01625
-0.026875
-0.029375
-0.043125
-0.06625
-0.036875
-0.005625
0.03375
0.081875
0.06625
0.02625
-0.015
-0.084375
-0.11
-0.145
-0.17
-0.131875
-0.109375
-0.00875
0.080625
0.1175
0.139375
0.0725
0.0075
-0.0125
-0.0175
0.011875
0.053125
0.030625
-0.01125
-0.049375
-0.11875
-0.136875
-0.131875
-0.1325
-0.094375
-0.09375
-0.073125
-0.044375
-0.053125
-0.034375
-0.051875
-0.064375
-0.05875
-0.05625
-0.021875
-0.01375
-0.006875
-0.014375
-0.045625
-0.0625
-0.078125
-0.088125
-0.08875
-0.08875
-0.0875
-0.064375
-0.034375
-0.00625
0.001875
-0.025
-0.08
-0.135
-0.134375
-0.118125
-0.066875
-0.0125
-0.009375
-3.46944695195e-18
-0.02125
-0.043125
-0.0475
-0.0575
-0.0575
-0.055
-0.05625
-0.059375
-0.06
-0.06375
-0.091875
-0.115625
-0.14
-0.165625
-0.14375
-0.114375
-0.049375
0.01375
0.056875
0.07875
0.031875
-0.0125
-0.061875
-0.0825
-0.06875
-0.02
0.03375
0.0575
0.08875
0.055625
0.0125
-0.04
-0.10375
-0.138125
-0.165
-0.14375
-0.14375
-0.14375
-0.14375
