-0.33875
-0.33875
-0.33875
-0.33875
-0.46
-0.491875
-0.514375
-0.511875
-0.411875
-0.296875
-0.213125
-0.22
-0.315
-0.370625
-0.3825
-0.335625
-0.26375
-0.330625
-0.38
-0.385625
-0.323125
-0.1325
-0.0425
-0.040625
-0.14125
-0.339375
-0.44375
-0.376875
-0.26625
-0.021875
0.165
0.090625
0.02625
-0.230625
-0.448125
-0.499375
-0.506875
-0.389375
-0.295625
-0.3
-0.401875
-0.375
-0.35125
-0.241875
-0.10625
-0.280625
-0.4475
-0.509375
-0.44125
-0.191875
0.159375
0.249375
0.153125
0.044375
-0.099375
-0.125625
-0.079375
-0.02625
-0.15625
-0.1875
-0.2125
-0.17625
-0.01875
0.06
0.22375
0.370625
0.54625
0.643125
0.5575
0.415625
0.2025
0.06
0.0225
-0.144375
-0.19
-0.10125
-0.0325
0.14125
0.163125
-0.093125
-0.319375
-0.429375
-0.39875
-0.216875
0.08875
0.364375
0.578125
0.793125
0.866875
0.753125
0.69
0.591875
0.335
0.183125
-0.025
-0.199375
-0.14875
-0.060625
-0.11875
-0.169375
-0.335
-0.388125
-0.28375
-0.058125
0.21125
0.221875
0.226875
-0.024375
-0.245625
-0.371875
-0.538125
-0.539375
-0.444375
-0.280625
0.073125
0.345
0.403125
0.3975
0.123125
0.02
0.089375
0.193125
0.41
0.495
0.35375
0.305
0.23125
0.03625
0.09
0.094375
0.27
0.55625
0.66125
0.594375
0.325
0.105625
-0.035
-0.055
-0.094375
-0.136875
-0.17625
-0.17
-0.11
-0.1225
-0.09875
-0.156875
-0.095625
0.001875
0.0175
0.0725
-0.043125
-0.1225
-0.170625
-0.086875
0.143125
0.336875
0.529375
0.57625
0.60625
0.54625
0.53625
0.39
0.055625
-0.18375
-0.395625
-0.35
-0.186875
0.05625
0.16125
0.1225
0.109375
0.01125
0.023125
0.16375
0.264375
0.2625
0.30375
0.2525
0.30125
0.555
0.72875
0.776875
0.705
0.455
0.091875
-0.155
-0.268125
-0.303125
-0.191875
-0.07125
-0.125625
-0.109375
-0.09
0.064375
0.455
0.6825
0.78875
0.60125
0.255
0.00375
-0.175
-0.17125
-0.2775
-0.2475
-0.18625
-0.01375
0.286875
0.314375
0.32875
0.208125
0.0525
0.025625
0.1225
0.065625
0.184375
0.309375
0.17
0.338125
0.35875
0.366875
0.616875
0.571875
0.383125
0.19875
-0.210625
-0.4725
-0.551875
-0.488125
-0.30625
-0.1275
0.005625
-0.120625
-0.100625
-0.105625
-0.131875
-0.04875
-0.246875
-0.390625
-0.4875
-0.563125
-0.50375
-0.4875
-0.479375
-0.480625
-0.355
-0.086875
0.15
0.510625
0.744375
0.714375
0.80375
0.61875
0.31
0.11875
-0.243125
-0.454375
-0.539375
-0.595625
-0.603125
-0.5775
-0.425
-0.27625
-0.070625
0.135
0.0525
-0.04875
-0.15375
-0.32875
-0.248125
-0.17625
-0.17
-0.14375
-0.281875
-0.256875
-0.186875
0.04625
0.3225
0.36
0.38125
0.25625
0.18
0.28875
0.38125
0.344375
0.4
0.23375
0.091875
0.1525
-0.020625
0.00875
0.06
-0.035
-0.01875
-0.08125
-0.165625
-0.179375
-0.19875
-0.296875
-0.404375
-0.47
-0.470625
-0.333125
-0.1375
-0.0425
-0.038125
-0.14875
-0.308125
-0.345
-0.271875
-0.1475
-0.071875
-0.096875
-0.28
-0.41875
-0.5025
-0.546875
-0.42125
-0.33
-0.11
0.088125
0.128125
0.13375
-0.008125
-0.115625
-0.020625
0.10875
0.13125
0.150625
-0.09125
-0.315625
-0.435
-0.573125
-0.54
-0.519375
-0.430625
-0.28375
-0.17625
-0.025
0.00125
-0.02125
-0.04375
-0.115
-0.04375
-0.009375
0.025
0.151875
0.2875
0.496875
0.64
0.544375
0.26
-0.10375
-0.38375
-0.503125
-0.5275
-0.509375
-0.52625
-0.571875
-0.600625
-0.62375
-0.591875
-0.46125
-0.258125
-0.060625
0.220625
0.386875
0.53375
0.65625
0.528125
0.369375
0.025
-0.2875
-0.466875
-0.560625
-0.488125
-0.418125
-0.38
-0.378125
-0.413125
-0.475625
-0.4125
-0.19625
-0.016875
0.21375
0.261875
0.03375
-0.163125
-0.375
-0.416875
-0.318125
-0.135
0.001875
-0.019375
-0.0425
-0.09625
-0.105
-0.040625
0.010625
-0.119375
-0.241875
-0.35625
-0.46125
-0.433125
-0.433125
-0.47375
-0.435625
-0.318125
-0.1925
-0.01
0.0575
-0.021875
-0.113125
-0.111875
-0.038125
0.103125
0.3975
0.44625
0.385625
0.290625
-0.109375
-0.380625
-0.57875
-0.640625
-0.506875
-0.245625
0.013125
0.090625
0.13625
0.04
-0.063125
-0.066875
-0.08
-0.214375
-0.333125
-0.491875
-0.625625
-0.589375
-0.565625
-0.544375
-0.554375
-0.469375
-0.378125
-0.254375
-0.095
-0.1575
-0.22
-0.13875
-0.11
0.01125
0.11
-0.076875
-0.206875
-0.336875
-0.280625
0.01125
0.273125
0.495625
0.395625
0.06625
-0.251875
-0.53375
-0.656875
-0.63
-0.625625
-0.483125
-0.328125
-0.189375
-0.0225
-0.1225
-0.23
-0.280625
-0.32875
-0.254375
-0.173125
-0.259375
-0.379375
-0.48375
-0.605625
-0.6075
-0.448125
-0.16
0.25625
0.655
0.75875
0.5925
0.308125
0.01875
-0.095
-0.06
-0.02125
0.0275
0.05125
0.1825
0.164375
0.1475
0.1275
-0.01375
-0.0075
-0.0075
0.078125
0.02875
-0.033125
-0.089375
-0.176875
-0.129375
-0.055625
0.000625
-0.09875
-0.1925
-0.314375
-0.283125
-0.144375
-0.01125
0.13
0.1175
0.08
0.018125
-0.055625
-0.23375
-0.399375
-0.533125
-0.639375
-0.591875
-0.536875
-0.484375
-0.463125
-0.448125
-0.276875
-0.061875
0.16375
0.266875
0.09
-0.164375
-0.40875
-0.54875
-0.43125
-0.25625
-0.00125
0.26125
0.399375
0.58875
0.595625
0.56875
0.489375
0.213125
0.046875
-0.111875
-0.25875
-0.215625
-0.185
-0.13625
-0.1125
-0.105625
0.034375
0.1625
0.346875
0.32875
0.026875
-0.304375
-0.630625
-0.805625
-0.825
-0.785625
-0.595625
-0.410625
-0.20625
-0.036875
-0.16375
-0.205625
-0.28375
-0.350625
-0.264375
-0.353125
-0.43
-0.5125
-0.45625
-0.305
-0.105
0.224375
0.24375
0.258125
0.18125
-0.17125
-0.325625
-0.5025
-0.594375
-0.54
-0.525625
-0.456875
-0.479375
-0.501875
-0.51875
-0.570625
-0.48875
-0.353125
-0.22375
0.04375
0.13625
0.175
0.22
0.000625
-0.12875
-0.306875
-0.4
-0.388125
-0.361875
-0.299375
-0.278125
-0.225
-0.110625
0.02875
0.136875
0.254375
0.19375
0.249375
0.163125
0.0575
0.071875
-0.18375
-0.339375
-0.360625
-0.32
-0.119375
0.148125
0.1425
0.026875
-0.11875
-0.236875
-0.19375
-0.156875
0.029375
0.065625
0.07375
0.089375
-0.025
-0.059375
-0.0775
-0.04875
-0.186875
-0.17375
-0.20625
-0.25625
-0.120625
-0.1875
-0.19
-0.1925
-0.221875
-0.195
-0.076875
0.02875
0.140625
0.1675
-0.05125
-0.2575
-0.479375
-0.62125
-0.615625
-0.62
-0.62125
-0.5925
-0.5975
-0.575
-0.46125
-0.41
-0.339375
-0.30375
-0.389375
-0.335
-0.315625
-0.25
-0.1875
-0.3125
-0.37875
-0.4975
-0.58625
-0.580625
-0.63375
-0.645625
-0.648125
-0.528125
-0.36125
-0.163125
0.055
0.011875
0.064375
0.014375
-0.098125
-0.098125
-0.336875
-0.539375
-0.694375
-0.77875
-0.7375
-0.646875
-0.531875
-0.391875
-0.244375
0.003125
0.21875
0.223125
0.2125
0.07
-0.059375
-0.03125
0.144375
0.188125
0.33
0.555625
0.5625
0.740625
0.690625
0.415
0.175625
-0.0725
-0.215625
-0.238125
-0.096875
-0.065625
-0.02
0.00625
-0.13125
-0.1775
-0.0775
0.05
0.155
0.22375
0.005
-0.10875
-0.168125
-0.061875
0.185625
0.19375
0.344375
0.2125
0.063125
0.17125
0.09125
0.176875
0.34625
0.234375
0.09375
-0.063125
-0.3475
-0.351875
-0.27625
-0.1
0.27875
0.406875
0.68625
0.74
0.535625
0.448125
0.158125
0.021875
-0.003125
-0.04
-0.099375
-0.2325
-0.38875
-0.484375
-0.37875
-0.260625
-0.081875
0.084375
-0.005625
-0.0525
-0.0075
0.029375
0.2
0.36125
0.248125
0.005625
-0.146875
-0.318125
-0.311875
-0.22125
-0.164375
-0.116875
-0.110625
-0.03375
-0.1425
-0.21375
-0.25375
-0.384375
-0.3975
-0.440625
-0.525
-0.535625
-0.485625
-0.4075
-0.2725
-0.174375
-0.08875
0.016875
0.09
0.091875
-0.0075
-0.215
-0.46
-0.5625
-0.61375
-0.559375
-0.455
-0.329375
-0.21875
-0.154375
-0.0975
-0.225625
-0.293125
-0.3
-0.183125
-0.010625
0.169375
0.229375
0.009375
-0.17625
-0.438125
-0.60625
-0.605625
-0.616875
-0.596875
-0.611875
-0.644375
-0.675
-0.6575
-0.47375
-0.2975
-0.085
0.02375
-0.1675
-0.35625
-0.5975
-0.71625
-0.635
-0.51125
-0.256875
-0.125
-0.01625
0.0225
-0.125
-0.11375
-0.2175
-0.19125
-0.026875
-0.045
0.02625
-0.09
-0.28875
-0.3825
-0.475
-0.3875
-0.27125
-0.061875
0.27625
0.44875
0.65
0.5825
0.23375
-0.05375
-0.39875
-0.55375
-0.545625
-0.540625
-0.399375
-0.219375
-0.068125
0.135
0.103125
0.041875
-0.0075
-0.09375
-0.0575
-0.065
-0.085
-0.111875
-0.08
-0.1675
-0.145
-0.118125
-0.19375
-0.159375
-0.2225
-0.190625
-0.115
0.01875
0.0625
-0.08125
-0.0875
-0.19125
-0.19375
-0.076875
-0.2325
-0.211875
-0.20875
-0.249375
-0.128125
-0.261875
-0.340625
-0.3
-0.149375
0.12875
0.309375
0.35625
0.17875
0.08625
0.0625
0.11125
0.213125
0.145
0.036875
-0.1975
-0.381875
-0.469375
-0.525
-0.436875
-0.384375
-0.34375
-0.320625
-0.38
-0.431875
-0.508125
-0.471875
-0.4175
-0.323125
-0.204375
-0.305625
-0.428125
-0.46
-0.430625
-0.2725
0.025
0.11625
0.14625
0.19375
0.03125
-0.075625
-0.23625
-0.49125
-0.62
-0.69375
-0.5675
-0.3675
-0.1125
0.1125
0.05
0.02375
-0.1175
-0.23875
-0.23125
-0.315
-0.32625
-0.21125
-0.08375
0.12875
0.215
0.03375
-0.125625
-0.235
-0.2375
-0.08125
0.02125
-0.11
-0.275
-0.43625
-0.543125
-0.50875
-0.32375
-0.22125
-0.14625
-0.059375
-0.223125
-0.3125
-0.25875
-0.216875
0.07125
0.408125
0.45125
0.494375
0.27875
-0.11375
-0.333125
-0.564375
-0.683125
-0.586875
-0.49125
-0.29875
-0.096875
-0.11
-0.14
-0.324375
-0.50125
-0.415
-0.32875
-0.20125
-0.051875
-0.21375
-0.375625
-0.476875
-0.5975
-0.528125
-0.493125
-0.504375
-0.53
-0.59
-0.58125
-0.565
-0.525
-0.490625
-0.45375
-0.415625
-0.40625
-0.3975
-0.425625
-0.44375
-0.4525
-0.435
-0.46625
-0.45375
-0.3725
-0.2825
-0.095
-0.01
-0.015
-0.085625
-0.25375
-0.343125
-0.44625
-0.524375
-0.538125
-0.585
-0.571875
-0.540625
-0.399375
-0.176875
0.015625
0.183125
0.095625
-0.065
-0.200625
-0.305
-0.243125
-0.27875
-0.326875
-0.4
-0.5525
-0.54625
-0.523125
-0.48
-0.351875
-0.285
-0.259375
-0.24875
-0.3175
-0.4475
-0.520625
-0.5675
-0.5775
-0.51875
-0.38375
-0.1325
0.248125
0.6325
0.774375
0.64625
0.25375
-0.146875
-0.36
-0.4325
-0.29125
-0.029375
0.141875
0.315625
0.325625
0.06625
-0.185625
-0.459375
-0.628125
-0.63875
-0.590625
-0.40625
-0.14875
0.145
0.44625
0.508125
0.4925
0.5125
0.434375
0.51
0.450625
0.183125
-0.00125
-0.138125
-0.155625
-0.01
0.189375
0.25625
0.29125
0.233125
0.063125
-0.05875
-0.0775
-0.028125
0.00875
-0.019375
-0.155625
-0.174375
-0.149375
-0.0675
0.039375
0.014375
0.07875
0.145625
0.224375
0.290625
0.188125
0.096875
0.005625
-0.214375
-0.3575
-0.50875
-0.66
-0.6625
-0.50375
-0.356875
-0.200625
-0.026875
-0.148125
-0.24375
-0.363125
-0.5075
-0.523125
-0.55
-0.57
-0.615
-0.58625
-0.56375
-0.511875
-0.28875
-0.16375
0.095
0.3425
0.30875
0.3
0.0425
-0.258125
-0.42375
-0.5825
-0.614375
-0.60125
-0.453125
-0.15375
0.128125
0.3975
0.519375
0.34875
0.1775
0.00125
-0.279375
-0.42125
-0.518125
-0.589375
-0.54375
-0.336875
-0.1875
-0.065
0.130625
0.03125
-0.02625
-0.075
-0.281875
-0.335625
-0.411875
-0.49625
-0.354375
-0.25875
-0.151875
0.0875
0.039375
0.048125
0.039375
-0.229375
-0.205625
-0.1925
-0.1675
-0.031875
-0.19625
-0.3725
-0.5425
-0.655625
-0.55375
-0.3225
0.0375
0.3575
0.5675
0.648125
0.44
0.3725
0.495
0.488125
0.69625
0.676875
0.375
0.319375
0.2025
0.178125
0.34375
0.3125
0.28125
0.25
0.17
0.133125
0.025
-0.131875
-0.19625
-0.22375
-0.1575
0.00625
-0.06875
-0.135625
-0.225
-0.4
-0.42875
-0.3525
-0.264375
-0.13125
-0.005625
-0.10625
-0.089375
-0.08875
-0.085625
0.030625
-0.12375
-0.281875
-0.4175
-0.578125
-0.62
-0.65
-0.55625
-0.353125
-0.105
0.143125
0.2375
0.163125
0.078125
-0.019375
-0.213125
-0.33
-0.470625
-0.58625
-0.618125
-0.48875
-0.3525
-0.219375
0.02875
0.030625
0.18375
0.459375
0.645
0.645
0.645
0.645
