0.4075
0.4075
0.4075
0.4075
0.430625
0.428125
0.42125
0.42
0.406875
0.40375
0.399375
0.401875
0.40375
0.408125
0.42875
0.433125
0.429375
0.43125
0.418125
0.43
0.4475
0.453125
0.46125
0.45375
0.463125
0.48125
0.488125
0.485
0.465625
0.439375
0.424375
0.42
0.413125
0.40375
0.39625
0.38875
0.395625
0.410625
0.426875
0.454375
0.47
0.48875
0.490625
0.47
0.4525
0.4175
0.40875
0.421875
0.429375
0.448125
0.450625
0.44125
0.448125
0.455
0.45375
0.44625
0.41875
0.393125
0.39
0.401875
0.431875
0.465
0.485
0.49625
0.494375
0.4825
0.473125
0.465
0.455
0.45
0.434375
0.415625
0.40375
0.398125
0.413125
0.435
0.466875
0.485
0.49
0.484375
0.461875
0.4575
0.450625
0.450625
0.45125
0.4275
0.405
0.391875
0.391875
0.408125
0.434375
0.449375
0.460625
0.478125
0.490625
0.49625
0.489375
0.465
0.433125
0.409375
0.394375
0.395
0.396875
0.396875
0.40625
0.413125
0.43
0.46125
0.478125
0.48
0.471875
0.451875
0.436875
0.431875
0.429375
0.419375
0.409375
0.409375
0.408125
0.409375
0.415625
0.4125
0.421875
0.435625
0.4425
0.441875
0.430625
0.4325
0.435625
0.44625
0.45
0.441875
0.4325
0.42625
0.431875
0.436875
0.443125
0.4475
0.449375
0.44875
0.4425
0.438125
0.430625
0.419375
0.410625
0.394375
0.386875
0.385
0.3925
0.40125
0.405625
0.419375
0.421875
0.434375
0.441875
0.4425
0.46375
0.480625
0.504375
0.525
0.52125
0.505625
0.480625
0.449375
0.435
0.4375
0.445
0.458125
0.454375
0.430625
0.41
0.400625
0.41
0.444375
0.4775
0.48875
0.490625
0.48
0.46
0.461875
0.45625
0.450625
0.455625
0.45
0.45
0.44125
0.423125
0.4125
0.404375
0.409375
0.426875
0.431875
0.43625
0.43125
0.419375
0.4175
0.415625
0.41875
0.425625
0.430625
0.44125
0.458125
0.473125
0.4775
0.47625
0.461875
0.43625
0.4175
0.401875
0.405
0.418125
0.439375
0.455
0.4525
0.45875
0.449375
0.445
0.4525
0.438125
0.436875
0.420625
0.384375
0.374375
0.366875
0.38375
0.425625
0.45375
0.4775
0.49
0.48125
0.47125
0.459375
0.4425
0.440625
0.444375
0.445625
0.456875
0.47375
0.476875
0.4875
0.490625
0.4825
0.4925
0.495625
0.49125
0.47875
0.460625
0.44125
0.43375
0.445
0.439375
0.43125
0.418125
0.395625
0.399375
0.4175
0.43875
0.46
0.464375
0.456875
0.45375
0.4525
0.46125
0.471875
0.474375
0.465625
0.445
0.431875
0.43125
0.449375
0.4775
0.4975
0.50625
0.505
0.49625
0.49625
0.49625
0.49625
