0.833125
0.833125
0.833125
0.833125
0.81875
0.808125
0.83875
0.874375
0.89875
0.934375
0.93125
0.9575
1.035
1.07125
1.143125
1.18
1.1225
1.10375
1.050625
0.976875
0.949375
0.944375
0.9825
1.066875
1.168125
1.2
1.18625
1.1225
1.025625
0.95375
0.925
0.9525
1.041875
1.143125
1.219375
1.25125
1.201875
1.143125
1.051875
0.955
0.911875
0.876875
0.9025
0.938125
0.9375
0.954375
0.958125
0.996875
1.044375
1.11
1.129375
1.14625
1.169375
1.1275
1.095
0.9925
0.89625
0.84375
0.813125
0.868125
0.92
0.93875
0.9575
0.915625
0.91625
0.93375
0.99375
1.078125
1.076875
1.068125
1.025
1.0025
1.043125
1.085
1.075625
1.0525
0.986875
0.93625
0.9375
0.899375
0.89625
0.915
0.961875
1.026875
1.085625
1.085
1.0475
1.0675
1.065
1.098125
1.11375
1.065625
1.061875
1.059375
1.0625
1.091875
1.0625
1.034375
1.03
0.988125
1.0225
1.068125
1.073125
1.120625
1.114375
1.070625
1.04875
1.005625
0.951875
0.916875
0.905
0.930625
0.95125
0.955625
0.9275
0.88375
0.86875
0.8625
0.89625
0.874375
0.86
0.858125
0.825
0.84375
0.84875
0.864375
0.909375
0.953125
1.009375
1.05125
1.033125
0.990625
0.91625
0.856875
0.84375
0.850625
0.879375
0.904375
0.92125
0.931875
0.97125
0.998125
1.026875
1.06
1.063125
1.031875
1.024375
1.014375
0.973125
0.96625
0.921875
0.88
0.869375
0.8525
0.830625
0.80625
0.7925
0.810625
0.85625
0.90125
0.9375
0.931875
0.9175
0.906875
0.894375
0.898125
0.90125
0.915
0.914375
0.936875
0.956875
0.951875
0.96125
0.911875
0.860625
0.825
0.789375
0.803125
0.810625
0.82875
0.82875
0.82875
0.82875
