0.21825
0.21825
0.21825
0.21825
0.2596875
0.289625
0.26675
0.235
0.2268125
0.20075
0.1885625
0.15575
0.1465
0.1518125
0.1538125
0.149875
0.0799375
0.036875
0.0140625
0.0555
0.1265625
0.1716875
0.1941875
0.16075
0.193
0.227625
0.254
0.300625
0.283125
0.218
0.1340625
0.009625
-0.1035625
-0.1426875
-0.1599375
-0.094125
-0.0276875
0.02225
0.11675
0.165
0.1805625
0.167
0.1158125
0.032875
0.0088125
-0.0185
-0.0498125
-0.03025
-0.0223125
0.0494375
0.1238125
0.142
0.0928125
-0.0074375
-0.0854375
-0.1195
-0.0911875
-0.0720625
-0.0868125
-0.1008125
-0.0935625
-0.038
0.0318125
0.1305625
0.19125
0.1904375
0.1569375
0.0700625
-0.032375
-0.0706875
-0.0743125
-0.0618125
-0.0029375
-0.0055625
0.03475
0.0856875
0.107125
0.1504375
0.1481875
0.1246875
0.127
0.166625
0.1895
0.1909375
0.1749375
0.107
0.0491875
0.0260625
-0.0236875
-0.04225
-0.079
-0.118375
-0.1075
-0.0904375
-0.0459375
-0.0014375
0.00025
-0.008
0.0033125
0.0546875
0.09275
0.1416875
0.1756875
0.169625
0.2218125
0.2365
0.2069375
0.165875
0.0860625
0.03225
0.020375
0.015625
0.03075
0.04125
0.036625
0.003875
-0.0388125
-0.123125
-0.16225
-0.1631875
-0.17075
-0.1265
-0.147
-0.1705625
-0.2096875
-0.217
-0.1445625
-0.07475
0.056625
0.0938125
0.0475625
0.0013125
-0.094875
-0.1164375
-0.085
-0.0535625
-0.0181875
0.0093125
-0.0016875
0.0266875
0.036875
0.05075
0.0928125
0.0961875
0.1670625
0.174625
0.1540625
0.090125
-0.0376875
-0.1204375
-0.14425
-0.12275
-0.0989375
-0.033125
-0.007375
0.055125
0.155375
0.2143125
0.27325
0.2508125
0.1801875
0.09825
-0.02375
-0.1115625
-0.1140625
-0.12575
-0.0685625
0.0493125
0.065625
0.1209375
0.1474375
0.0869375
0.1144375
0.0913125
0.03675
0.026875
-0.067875
-0.09975
-0.0575
-0.0446875
0.039375
0.0721875
0.02225
-0.0266875
-0.114375
-0.181625
-0.18
-0.1605
-0.1075
-0.0405625
0.0088125
0.1055
0.1451875
0.1385625
0.0701875
-0.0749375
-0.19825
-0.28225
-0.3053125
-0.253375
-0.1871875
-0.083
0.050125
0.1321875
0.251
0.308125
0.283875
0.2340625
0.102875
-0.041625
-0.1014375
-0.093625
-0.0315625
0.082125
0.153125
0.181375
0.1794375
0.1305
0.080875
-0.0095
-0.05475
-0.043125
-0.048
0.0440625
0.1195
0.1523125
0.2195
0.191625
0.1525625
0.147625
0.0835
0.0766875
0.065875
-0.0135625
-0.0241875
-0.0593125
-0.0918125
-0.07925
-0.128125
-0.1165625
-0.1251875
-0.102625
0.0105625
0.0588125
0.1693125
0.265625
0.260375
0.2430625
0.1744375
0.0726875
0.055875
0.06525
0.097125
0.1445
0.113125
0.1158125
0.11275
0.1215625
0.188625
0.2355
0.26075
0.2168125
0.1745
0.1209375
0.094125
0.162
0.1994375
0.22625
0.22125
0.14275
0.0741875
0.0056875
-0.0383125
0.0116875
0.071625
0.1688125
0.2405
0.2344375
0.1790625
0.080875
0.0336875
-0.011875
0.0213125
0.0600625
0.0805625
0.1655
0.201125
0.2374375
0.263875
0.2385625
0.2231875
0.200375
0.176875
0.1390625
0.0718125
0.0385
-0.016
-0.0295
-0.0135625
0.001625
0.028125
-0.007875
0.0016875
-0.006625
-0.022375
0.0065
-0.0315625
-0.060375
-0.071875
-0.0964375
-0.1049375
-0.1213125
-0.0838125
-0.0164375
0.0615625
0.1569375
0.1814375
0.174875
0.13125
0.0349375
-0.0540625
-0.13925
-0.1395625
-0.0946875
-0.0368125
0.0366875
0.0336875
0.0214375
-0.0163125
-0.019875
-0.02225
-0.0146875
0.043625
0.0599375
0.122625
0.1439375
0.117125
0.0483125
-0.0288125
-0.0325
-0.00675
0.1036875
0.187
0.1889375
0.1595
0.0715
0.0115
-0.0174375
0.0233125
0.0958125
0.106
0.1149375
0.0543125
-0.05325
-0.0696875
-0.0345
0.0379375
0.1298125
0.159375
0.16825
0.1301875
0.106375
0.089375
0.027625
0.010125
-0.012625
-0.0353125
-0.0471875
-0.07225
-0.0920625
-0.0868125
-0.0861875
-0.0835625
-0.05475
-0.02525
0.0690625
0.1371875
0.18775
0.22175
0.208125
0.2186875
0.202125
0.1385625
0.0349375
-0.0686875
-0.1350625
-0.12125
-0.058375
0.0135
0.0578125
0.0855
0.137625
0.17175
0.196875
0.1660625
0.1018125
0.07075
0.0403125
0.092375
0.1314375
0.13175
0.1664375
0.1245625
0.0586875
0.00675
-0.0848125
-0.12175
-0.11675
-0.0776875
-0.0188125
0.0331875
0.1123125
0.10725
0.121375
0.103625
0.04325
0.082
0.07275
0.097625
0.1330625
0.120125
0.136
0.136
0.1565
0.1369375
0.1461875
0.115375
0.0535
0.07175
0.0545625
0.099625
0.1264375
0.0705
0.0414375
-0.0031875
0.0098125
0.1075
0.1713125
0.242125
0.2946875
0.2953125
0.3263125
0.30125
0.2663125
0.2543125
0.189
0.166125
0.141875
0.104625
0.0949375
0.0949375
0.0949375
0.0949375
