0.0327316180021
0.0327316180021
0.0327316180021
0.0327316180021
0.0253585780181
0.0242615818286
0.0387994507127
0.0566547697747
0.0745100888367
0.0844580291022
0.0697233229839
0.0575950853828
0.0455863892623
0.0366581494329
0.0367375342608
0.0291465341791
0.0214359926167
0.0148626038966
0.018909837405
0.0425588561899
0.0694844721419
0.0923505522583
0.114517488802
0.121909562576
0.133502532887
0.148411792779
0.144391949357
0.125597243165
0.0902879394484
0.0541100450126
0.0268202337535
0.0143052852654
0.0119940725995
0.0102770855462
0.022436891383
0.0349188789191
0.0432310739143
0.0513691793745
0.0396260278246
0.0275936555274
0.0190061669477
0.0105475046238
0.00944772300172
0.00970630399096
0.0140279026064
0.0202389529745
0.0353629232929
0.0550861070051
0.0732146305772
0.0902795831506
0.0927381916227
0.0862961824716
0.0769440926544
0.0637536767708
0.0578469349099
0.0499688031552
0.0491285309999
0.066055836781
0.090442298836
0.134539642276
0.156769715292
0.14971769641
0.131179714252
0.0907744616687
0.0669701550186
0.0605729449078
0.0569678988181
0.0525441676755
0.0494588368776
0.0400229519643
0.0372586422687
0.0572452814772
0.0840699254989
0.114290708168
0.131732390495
0.121251272014
0.100822213268
0.0912667868736
0.0890962385519
0.112982483343
0.132847956235
0.131440848554
0.130123803193
0.101325680203
0.0735312414116
0.0561357508412
0.0403632389752
0.0388189487405
0.0473296058055
0.0662392110912
0.0965094351886
0.131733318973
0.147127940488
0.141724665562
0.110235118362
0.0692091785574
0.0537660440915
0.0631415779661
0.0886259646881
0.123724736127
0.142011332997
0.131425528675
0.112893581621
0.0850497014017
0.0514887208551
0.0428123305529
0.0390403906291
0.0471880129838
0.0640027408656
0.0616149288043
0.0640152753121
0.0512835273232
0.0396383301517
0.0347415397128
0.0275528025165
0.0309452272541
0.0363440919118
0.0515409477155
0.064577932689
0.0736138759107
0.0786638651403
0.0692173027355
0.0519808139404
0.044889102645
0.0396218496758
0.0400788927349
0.0475898116305
0.0352194735161
0.0231276786577
0.0118931006693
0.00138041395242
0.00357788812217
0.00556181246239
0.00775000185695
0.0200091547883
0.033541714638
0.0489200877969
0.0662714756851
0.0657134606957
0.0571798238121
0.0461738834129
0.0340300938134
0.0408620635227
0.0673733463815
0.0983961015086
0.128911675791
0.137981044203
0.117461923137
0.0902886358066
0.0623293922558
0.0412376326794
0.0378043549309
0.045985170357
0.0516207967823
0.0693445041559
0.0886628716696
0.0884177536044
0.105940213476
0.105150079106
0.094266233501
0.0961974667419
0.0685244263866
0.0634820970965
0.0696706318847
0.0826075734054
0.118056380869
0.127388044181
0.123622835719
0.10515982812
0.0732062742796
0.0540441231086
0.0498448514064
0.0544828287367
0.0646373552503
0.0727696577259
0.0808334849845
0.0802336885068
0.0814010168685
0.0894562557101
0.083060670435
0.0852620906342
0.0844032489285
0.0886266610462
0.0998879327632
0.110840717824
0.136352030395
0.137140539928
0.133468643457
0.119919603132
0.083394225984
0.0636271717089
0.049870848777
0.0437591455036
0.0444854470433
0.0432282884817
0.0404208045815
0.0369886874299
0.0497243814483
0.0752514781362
0.106705743191
0.146219193116
0.158255047204
0.146001233018
0.11701161154
0.0742944499327
0.0456418657941
0.0399858128635
0.0451383988591
0.0565185156987
0.0715303723566
0.0750439634106
0.0893661933908
0.103451429484
0.121737562115
0.12699529819
0.113573923523
0.0985242314064
0.0655651364119
0.0458714318609
0.0344411772352
0.0246062791078
0.0248811084536
0.0249189439125
0.0213849263532
0.0185779066917
0.0234549669833
0.0283320272749
0.0436521384694
0.059245454174
0.0620984334727
0.0630656749288
0.0526834393035
0.03923096064
0.0292711822861
0.0228458857304
0.024966296266
0.0296643925157
0.0390341234057
0.0498355666311
0.0561766038519
0.0649644114565
0.0681804254654
0.0633695191971
0.0525680759717
0.0356663033224
0.0213981571578
0.0269708792311
0.0515625348179
0.0940102058249
0.147418786071
0.17290456551
0.172333551835
0.143326753523
0.0927572254121
0.0563532467002
0.0360581208358
0.0285054204517
0.0424609018116
0.054142077487
0.0593649956547
0.0675875925692
0.0543217378871
0.0452734923382
0.0401373868186
0.0330178211975
0.0376291047991
0.0360794758187
0.0467869106953
0.0574943455719
0.0710159958107
0.0875886231792
0.0765404370529
0.0742628816971
0.0781225627465
0.0822781960053
0.103064254358
0.10630905117
0.0847115034651
0.0641406197773
0.0432988527732
0.0292639865854
0.0305652478292
0.0380508657125
0.043613374533
0.0514750258117
0.0603192384256
0.0526783326772
0.0425080220458
0.0333936224736
0.0318625630436
0.0404762811133
0.0568780686182
0.0808961572173
0.0850329888063
0.0851687786436
0.0784955785901
0.0668355257783
0.0679151130143
0.0866137217836
0.119146877716
0.132829850924
0.144349471511
0.141113959474
0.113195801053
0.110915692384
0.107503537499
0.0966784180972
0.0999378384301
0.0836179890663
0.0686532526425
0.0540617641816
0.0366470077026
0.0263416035921
0.0161650257374
0.0130281644371
0.00963620393822
0.00932980635672
0.0167058638926
0.0311216379828
0.0473811363078
0.0619190051919
0.0629663278342
0.0643868984393
0.067712704915
0.0697671935467
0.0755530012107
0.060897447801
0.0437438256245
0.0430532704692
0.0591985660593
0.0914527144969
0.127619002964
0.141853027579
0.126596284976
0.110794061829
0.0887705750617
0.0677944109366
0.0614173952119
0.0599183682564
0.061262803705
0.0745883130677
0.0896890714481
0.0874289250458
0.0909223217136
0.080568636772
0.0687841679726
0.0768955797041
0.071536175341
0.0744750388103
0.0754861508293
0.0535209260263
0.0392532441005
0.0259386443485
0.015709607514
0.0170846827206
0.0188346307259
0.0174727863239
0.0132623728914
0.0100345207942
0.00784284960892
0.010644762644
0.0145100145585
0.0188977671973
0.0349225928292
0.0447493667783
0.0548563088191
0.0648824733156
0.0488223655379
0.0352740215704
0.0367008593988
0.0401499212651
0.0578234908526
0.0759612992
0.064449570672
0.0488776099503
0.0292751283156
0.00963782877389
0.0124729348803
0.017420327344
0.0251731146335
0.0329061717757
0.0251849527218
0.0193531854206
0.0209805743933
0.0258648303857
0.0383665480691
0.0616959384679
0.0779997715945
0.0877313765979
0.108456155435
0.101969811482
0.0890883464929
0.0812779935972
0.0566668399825
0.0460814998997
0.0417826489835
0.0388379825297
0.0477476528088
0.0599736126689
0.0847245021504
0.10636545618
0.111270602916
0.111385966248
0.0859185242407
0.0573706259424
0.0445128371302
0.0472810928552
0.0637409102051
0.0922888085034
0.113111773838
0.107384692377
0.108627923776
0.0901291697926
0.0753740371689
0.0862017098843
0.0784245500598
0.0817171634641
0.0960008616272
0.0974931571207
0.111446549406
0.124729116684
0.113329037577
0.0881703143454
0.0595383888315
0.0329391327277
0.0245097174457
0.0288227276441
0.0347626625764
0.0392718136508
0.0309210868386
0.0239087603711
0.0278896077368
0.0325041410098
0.0495465780033
0.0688282706549
0.066579962341
0.0605091120784
0.0464113415386
0.0286149807991
0.0287391646673
0.0465993582363
0.0677770019832
0.103120195129
0.123837314026
0.11598216209
0.105906556165
0.0757646940852
0.053004460406
0.0577615149781
0.0693289521573
0.0800777042835
0.0908067262625
0.0729476932904
0.0474182754087
0.0298103956057
0.0269576484264
0.0389888601267
0.0547636931865
0.0704735328198
0.061480299564
0.0541789844684
0.0430938913607
0.0320633463072
0.0261150550773
0.0166738314182
0.0118626930305
0.00699700658847
0.00703577052492
0.00878223673948
0.00901923062638
0.00921746057684
0.0113603866923
0.0135420767442
0.0167799099748
0.0200952710783
0.0271807151505
0.0362883832606
0.0456532396437
0.0549990622376
0.0556812610952
0.0523032277592
0.0458245437461
0.0466682976922
0.0473416760133
0.0533842077116
0.0654374707529
0.0628063975814
0.0618314961857
0.0559953186162
0.0527365946415
0.0600769057929
0.0832941825312
0.117049214879
0.131875143914
0.140167608762
0.120681651056
0.0814339778206
0.0511393811883
0.0314832799768
0.0285307214642
0.0362127123428
0.0467678769061
0.0425446969078
0.0301365233345
0.0179128846682
0.00575423942836
0.00101204049648
0.00394092283238
0.0145963629678
0.0282549636408
0.0419878425153
0.0503283560747
0.0464169124036
0.036564141084
0.0413922241864
0.0591477319151
0.0800705085829
0.118760863187
0.127866674342
0.117802906506
0.109932434691
0.0753413083363
0.0555145993805
0.0424750610938
0.0256517447949
0.0326109159245
0.0430312191281
0.0557571641326
0.0713121801395
0.0602208198085
0.0501937268345
0.0395222704617
0.030943370299
0.0370998726128
0.0310589657502
0.0286168377541
0.0221532415007
0.0157093753946
0.0218294349657
0.0361711629738
0.0544798111848
0.0875633221669
0.115819910643
0.117901093004
0.118898974218
0.0936237270573
0.0652680236056
0.0662666011781
0.0634426368019
0.0717239599195
0.0813005091771
0.0761999179226
0.0848145644698
0.0942151672374
0.105761945792
0.102479313521
0.077971917269
0.0515119327931
0.0243142729278
0.0120203020894
0.0118195188258
0.0162882811281
0.0319424121103
0.0478576773949
0.0708822950479
0.0907969772486
0.0911323897526
0.098514250273
0.0866935708502
0.0704011115732
0.0641724201323
0.0575997277703
0.0631202229831
0.0727770855462
0.0856012170483
0.0766323563273
0.0640384872501
0.0517057524752
0.0291590686255
0.0230647743056
0.0296685706645
0.0511760560503
0.0765513466638
0.098512393318
0.100001207021
0.0866606098983
0.0751080283594
0.0652178858196
0.074803487733
0.0694946853947
0.0642836053154
0.0595367639959
0.0450520504498
0.0455425186996
0.0508599094549
0.0602393893589
0.0588845085383
0.0574876141099
0.0612117374414
0.0704120211841
0.0906491172036
0.114124046454
0.114622638882
0.105173291044
0.0951190401028
0.0802580610418
0.0795626313796
0.0640535750098
0.0636021028159
0.0629342953598
0.0630726385103
0.0928382350757
0.107848699017
0.129432551679
0.151983181558
0.146691788173
0.126645262165
0.0986913573597
0.0649172912224
0.0423863914906
0.0345521302988
0.0297983253979
0.0230731306033
0.0255338281499
0.0309754027735
0.0494453739536
0.0727318222671
0.0830021763513
0.0874665283854
0.0718646242637
0.0564084911126
0.0525583269577
0.0515530179232
0.0518320254178
0.0598060224764
0.0560359395077
0.0556199815789
0.0589741066188
0.046815461379
0.0532017618789
0.0549795642098
0.0586212851615
0.0698804678041
0.0535346210698
0.0364984512995
0.0197013644906
0.00302381916229
0.00602558698349
0.0110305450534
0.016271104294
0.0216509351626
0.0173578872308
0.0130253790045
0.00800231562293
0.0028202504661
0.0172005102913
0.031620230411
0.0463753630347
0.0610956777515
0.0466081787728
0.0320812194995
0.03230939285
0.04742152508
0.0766838868297
0.120740841498
0.146021891643
0.142053810843
0.145730349702
0.12184062312
0.0912373077123
0.0894734325443
0.0758891100729
0.0878875929406
0.110600706386
0.104441418639
0.0998965211804
0.0677853582809
0.0504687882997
0.0482989363362
0.0489186950806
0.0653295352413
0.0521361018057
0.0371778647245
0.0223681840465
0.0203009288489
0.0478924953019
0.0794929955656
0.114276084647
0.135300529604
0.126681937027
0.112187010228
0.105933482014
0.0897320135335
0.0912665547542
0.0990704083073
0.0806011334854
0.0672528764234
0.0558356204829
0.0525854849252
0.065856678353
0.0947088851584
0.110851163197
0.100818035119
0.0921188971173
0.0638950374734
0.0436472639625
0.038301090404
0.0249929899947
0.0217486574215
0.0183460194312
0.0192236628067
0.0250373247963
0.033643150807
0.0496884029444
0.0564217219172
0.0631202229831
0.0657334229623
0.0535295144434
0.0464682107866
0.0396896285347
0.0259042906803
0.0273269503598
0.0388131457561
0.0644495706719
0.0987210686404
0.122290934717
0.124653213646
0.10067156779
0.076354741549
0.0549479959741
0.0447266190791
0.0435128668415
0.0397128404727
0.0314410342497
0.0332244074457
0.0382135813978
0.0473393548196
0.0753566282154
0.0821879015666
0.0961118146907
0.117140205676
0.116335912025
0.129169328302
0.130127517102
0.106460625125
0.0845912656262
0.058938128115
0.034430035505
0.0392762239191
0.0627662409288
0.0850534153117
0.110792436994
0.107024907338
0.0902289811259
0.0804825204822
0.0782388545558
0.10565401028
0.120277763335
0.125483272549
0.122674395932
0.090141704239
0.0684169551136
0.0536924622481
0.0348647951036
0.0330345337928
0.0330681911029
0.0277874752096
0.0241014194564
0.0196054991866
0.0173321219797
0.0285010101836
0.0573283802153
0.0963608787855
0.131187374191
0.144603410112
0.133296642997
0.0967329661514
0.0697537306227
0.0538837286171
0.0448812105861
0.048582354099
0.0394236197253
0.04432946282
0.0520184172801
0.06853812143
0.0961898068023
0.0945273678032
0.0934301394943
0.0769178631645
0.0469150405929
0.0320238860126
0.0151676087618
0.00595061242377
0.00441607120309
0.00739346648939
0.0120681186817
0.0166062846786
0.0229705338374
0.0207948788894
0.018599493794
0.0165793588306
0.0258455644772
0.0427331778443
0.060656740004
0.078486990173
0.0699336231421
0.0634967206174
0.065781471674
0.0681753188392
0.082326244717
0.0801510540078
0.0722587629709
0.0646341055791
0.058658888501
0.0627274769923
0.049983890915
0.0365959414391
0.030527876609
0.0395898172013
0.0627362975288
0.0910318820611
0.109391828655
0.0985242314063
0.0829673584443
0.0577566404712
0.0450288385118
0.0612063986957
0.0808450909537
0.112672603971
0.119722765897
0.09899450527
0.0811394183274
0.0488827165766
0.0462848364765
0.0584471956265
0.0755418594805
0.0993540581896
0.0935817134496
0.0942453427568
0.0777335306658
0.0615051363377
0.0617291315393
0.0466051612209
0.039659220896
0.0356744275008
0.028220842092
0.0297950757266
0.0321740672515
0.0287470567263
0.0348831325346
0.0346419604988
0.0348206924213
0.0411596405677
0.036796956822
0.0372066475276
0.0377430754146
0.0424803998396
0.0452621184886
0.0491691518915
0.0573564666603
0.0620870596231
0.0737055630659
0.0980119439348
0.120723664664
0.124585202668
0.139215919304
0.127059595258
0.105705308663
0.0992349809476
0.0651438397373
0.0426897715203
0.0328114670687
0.0227590730823
0.0293371041899
0.0517261789806
0.0748652314879
0.108997457829
0.154357066457
0.171538310839
0.166868068915
0.140925246418
0.101954027364
0.0864793246626
0.0887406316619
0.115820607002
0.12812571957
0.122822488097
0.126488117345
0.111713254574
0.114989851741
0.123253301666
0.109677567612
0.0893139665303
0.06341338976
0.0403576681102
0.0331770550922
0.0397432481115
0.0623284637783
0.0878748263747
0.111514792504
0.129352702612
0.118657105824
0.116930369757
0.0967301807189
0.0796963321424
0.0788864676259
0.0514302267714
0.0380657213528
0.0318135858544
0.0226632077784
0.028267962326
0.0490472892169
0.0546202434096
0.0764171816622
0.112969252538
0.121381955225
0.137995899843
0.127043579021
0.087577481449
0.0619714641719
0.0356006135379
0.0199989415356
0.017159425161
0.0150787070393
0.0241072224409
0.0380803448737
0.0550136857587
0.0722042149166
0.0711631594976
0.0646382837279
0.0558832049558
0.0421999996286
0.0434717817112
0.0468632779713
0.05616615848
0.0821725816875
0.090045142577
0.098424420073
0.0948131067601
0.063101189194
0.0419676481293
0.0211458433918
0.00763695971893
0.00878339733638
0.0117345631328
0.0247409083481
0.0396234745114
0.0551002662874
0.0671038557815
0.072696308002
0.0853932380839
0.0972800715299
0.11091337119
0.109027633348
0.09719395524
0.0964300503607
0.0985497645381
0.123666009924
0.138834315044
0.132533898714
0.122212710486
0.085579629946
0.0688424299371
0.0628395906528
0.06358933625
0.0790719310104
0.0846065855053
0.0901412400003
0.090435567374
0.0982921120263
0.0916959756069
0.0851778312992
0.0725310390034
0.0450606388667
0.0316011966218
0.0179272760698
0.0227983012575
0.0353139461037
0.04871303731
0.0623071087953
0.0560719180117
0.0569490971484
0.0569428299251
0.0568195745343
0.0563193572705
0.0406285514264
0.0258211919422
0.0258859532493
0.0344924756182
0.0557404515372
0.0839615257485
0.0874210329869
0.103079342118
0.109045042301
0.100875136486
0.105563251602
0.0854273596327
0.0730020092253
0.0672974433442
0.0509457936254
0.0427612642892
0.0291646394907
0.0145130321105
0.0079206096012
0.0194887431386
0.0342464290755
0.0648727243016
0.0958708747744
0.100541348818
0.103495764286
0.0916365530458
0.0928419489858
0.102269013363
0.113806042903
0.125343072444
0.108227053607
0.0943876319367
0.0784224609854
0.0494288934776
0.0387258688693
0.0297693104755
0.0218993028991
0.0253309558119
0.0249734919668
0.0211230956926
0.0221226017426
0.0277127327693
0.0336958419063
0.0414451474051
0.0542767067274
0.0614584803423
0.0657178709639
0.0713869225798
0.0630872620312
0.0574370120851
0.055070090768
0.0645995197915
0.0673956298421
0.0706891717238
0.0810365894421
0.0780582656782
0.0878174928878
0.107647683634
0.114309509838
0.106196473271
0.108891379272
0.105175147999
0.105228999695
0.12007744431
0.107457345743
0.0777880787201
0.0648771345698
0.051926730125
0.0535754740806
0.0663866068975
0.0573850173439
0.0503866180392
0.0508083789524
0.0639697799136
0.0764517674497
0.0853219774342
0.0823717401154
0.0581159612714
0.0435411854058
0.0322230444406
0.024483023717
0.0268527304667
0.0252752471607
0.0249129088086
0.0234127212562
0.0222544455504
0.037854492717
0.0472332762629
0.0694587068908
0.0915901291698
0.0989466886778
0.11111554717
0.101667127811
0.0924452569655
0.0713321424062
0.0476473772367
0.0347712509935
0.0216648623253
0.0178882800139
0.0133828428496
0.00881241225887
0.0150543345045
0.0255189725097
0.0379691596907
0.0525873418803
0.0458147947322
0.0371144961338
0.0282401080005
0.0181628772404
0.0334191556054
0.0619997827363
0.091011687675
0.116201050665
0.113387531661
0.0975161369393
0.0838294498214
0.074553030922
0.0774754139153
0.0659451158369
0.0493249039954
0.0405217765118
0.0358000040853
0.0480923500881
0.0635742484903
0.0737719492086
0.0776998733557
0.07816620119
0.0769164704484
0.0616980275424
0.0508499283215
0.0421951251216
0.0346340684399
0.0399310326898
0.0505186939663
0.0594202400671
0.0682830222313
0.0684821806593
0.0697486239962
0.0832992891576
0.0978661729642
0.118186599841
0.118302659531
0.0916980646815
0.0778358953123
0.0619902658417
0.0573077215905
0.0752461393905
0.0647487725527
0.0710097285874
0.0833707819265
0.0819497470826
0.0954303121912
0.0808102730466
0.0583406528311
0.0402128256171
0.0225545759086
0.0187564064949
0.0217138395145
0.0272385128761
0.0330363907479
0.0363164697056
0.0317469675924
0.0251232089669
0.015429207303
0.0125455882462
0.0155250726069
0.0274968617459
0.0465181164533
0.0559832484085
0.0623303207331
0.0548303114484
0.0375766458192
0.024834916697
0.0138979157537
0.0104815827199
0.0117981638429
0.024205641058
0.0384208640041
0.0511059559976
0.0639198742471
0.0551257994192
0.0444459867488
0.038226580083
0.0319138614265
0.0510906361184
0.0790380415808
0.109562900638
0.144992210074
0.15571844662
0.148903421625
0.120221126206
0.0818462218393
0.0518689323994
0.0360407118823
0.035451592896
0.0416728565168
0.0481513084105
0.0447730429551
0.0409850867941
0.0480050732012
0.0572183556292
0.0679875342608
0.0803850303426
0.0662324796292
0.0497452721925
0.036180447749
0.0337787085249
0.0489463172868
0.0640447544734
0.0801981742418
0.0698015472149
0.0655421565933
0.0631631650684
0.0734878350875
0.104291933759
0.11325684845
0.121484087752
0.101123272103
0.0661851272756
0.0401350656247
0.0193116360516
0.0211091685298
0.0312049688402
0.0444234711688
0.0479493645499
0.0507215663044
0.0526910992431
0.0693159534721
0.0985047333784
0.106202972614
0.119127843927
0.113257080569
0.0936587770836
0.0892071916154
0.0898378599707
0.0837352093531
0.0818766294781
0.0856696922654
0.0664864182308
0.0688113259402
0.0729024300114
0.0710229593921
0.0952002818857
0.0977498811548
0.1150348829
0.124529958256
0.116975865155
0.120360397834
0.108989797889
0.105728056362
0.0956134543821
0.0854496430933
0.0604564209792
0.0414899464454
0.0355001058464
0.044308107837
0.0757370718789
0.0927279783701
0.105632423178
0.089964597152
0.0665052199005
0.0527268456275
0.0412541131553
0.044507266265
0.0399038747223
0.0342369121808
0.028941804886
0.0239725932006
0.0269991977954
0.0265642060774
0.0264024188696
0.024554516486
0.0225673424745
0.0375942868921
0.0644453925232
0.0905523234222
0.131414386945
0.14787582913
0.136771005875
0.139831732019
0.128137325539
0.121509388765
0.140410405633
0.13633508568
0.11923136917
0.107063671274
0.0737429342861
0.045423673577
0.0283863432099
0.0112944647884
0.00419184388207
0.00210068038833
0.0035024493237
0.0052263999584
0.0181686802249
0.0458753778904
0.0778261462983
0.123907414079
0.163200814832
0.183644032861
0.190359710761
0.168170026517
0.132011630109
0.1038947775
0.0834603800073
0.084518380141
0.0907951202935
0.0782374618396
0.0690654966612
0.045511646822
0.031416197476
0.0370000612795
0.0379596427961
0.0476907835607
0.0479635238322
0.0395598738013
0.0307880824339
0.0191377786361
0.0268938155969
0.0388934590616
0.0570591217346
0.0795575247532
0.0743503907033
0.0705378298881
0.0572740642803
0.0382627907063
0.0325169075756
0.0233839384531
0.019278210861
0.028770732903
0.037059019602
0.0471733894629
0.0575679274154
0.0612488765422
0.0666273146945
0.0700780013964
0.0748290208647
0.060784405663
0.0460095428919
0.0358503739907
0.0223686482853
0.0236230214144
0.0379057911
0.0507844706564
0.0678858659724
0.0850102411071
0.0746535386135
0.0579195882759
0.0505154442951
0.0446307537752
0.0577034851332
0.0829650372505
0.0863874053881
0.101631845665
0.110428241686
0.10459856346
0.104906121638
0.0769935340825
0.0480210894384
0.0281985586315
0.013153973141
0.0208603365545
0.0316894019861
0.0534241322448
0.0869830237169
0.119723230136
0.15717081758
0.171879062089
0.161004501259
0.13030067816
0.0919264701513
0.0734481426736
0.0660999394633
0.0724432978779
0.0796466585951
0.0698642194475
0.0761957397737
0.0820200792548
0.0901500605366
0.0975263501919
0.0864291868765
0.0720175909351
0.0643235298487
0.0647977497419
0.0662756538339
0.0704175920492
0.0602556377154
0.0493947719287
0.0355604568851
0.0236323061895
0.0188706092298
0.0147862366206
0.0226829379257
0.029167889162
0.0405774851628
0.0532602559626
0.0520959451529
0.0634860431259
0.0681059151445
0.0710974697131
0.0820848405618
0.0703328684756
0.0683946716532
0.0647951964287
0.061036719429
0.0623604962527
0.0450597103893
0.0398521121007
0.0364107101739
0.0486278494976
0.0714795382125
0.0748916930974
0.0767943756546
0.0575052551828
0.0404386777737
0.0354601813131
0.0282224669276
0.0458034208826
0.074072775925
0.0943802041165
0.118465607336
0.116240046721
0.0893318397225
0.0721865738437
0.0544521889786
0.0486090478277
0.0532226526231
0.0481475945004
0.0497763761894
0.0632964015925
0.0787852635762
0.0994167304222
0.104307253638
0.085415289425
0.066889145355
0.0505560651865
0.0420934568332
0.0426582032846
0.0442660942293
0.0512159805837
0.0700571106522
0.0920645811824
0.112128748264
0.12432244353
0.111833492413
0.0986811441072
0.0824483395108
0.0557836257419
0.0416438415943
0.0296207540723
0.018951386774
0.0184114770963
0.0184045135149
0.0296996746615
0.0455854607848
0.06503056548
0.0970005997965
0.10108334757
0.0992990458965
0.105756142807
0.0849691559768
0.0808125942405
0.0801009162216
0.053135839975
0.0413174817461
0.0276981092484
0.0150612980858
0.0219868119053
0.0304786673005
0.0375462381805
0.0491800615023
0.0529262361749
0.0540190542156
0.0590975941289
0.0552755164191
0.053142571437
0.0485189855083
0.0384115792288
0.041162193881
0.0449489894451
0.0516391342133
0.0616126076106
0.0486097441859
0.0369782420578
0.0254050018941
0.0130290929146
0.0192970125307
0.0268090920232
0.0341454571452
0.0440265470292
0.0516843974924
0.0615422754384
0.0734813357449
0.081689077019
0.0756309933223
0.064737398703
0.0606309747528
0.062624648107
0.0756114952945
0.0835950092477
0.0720538015584
0.0529603577238
0.0366309914654
0.0269732004249
0.0280307363198
0.033305881348
0.0360903854296
0.0346273369779
0.0333395386581
0.0387850593112
0.0404414632063
0.0554841917418
0.0702927118229
0.0684601293184
0.077505125196
0.0701910435345
0.0629746841319
0.0732995862704
0.0835560131918
0.109687548745
0.135764536244
0.145200421157
0.134194944997
0.0984863959474
0.0776618057774
0.0666509908712
0.066922106307
0.0867555467247
0.0770044436934
0.0608382573591
0.0464382673867
0.024150628765
0.0165983926197
0.0239168845494
0.0385578144382
0.0544131929228
0.0731719206115
0.0736612282643
0.0594464695571
0.0579713508976
0.0655038568956
0.092798078423
0.127776379903
0.15590182093
0.162188077977
0.143791688641
0.124750935905
0.0917414710055
0.0786278866366
0.0762027033551
0.0744548444243
0.0777892393169
0.057849952462
0.0430168277266
0.0422482804596
0.0512111060767
0.0868254146581
0.121379866151
0.13001633192
0.143735051512
0.144128029622
0.142577704284
0.164023910153
0.160627771505
0.142778951786
0.130857300433
0.107437383476
0.098992648315
0.109505335032
0.103691905162
0.0830490644661
0.0633804288081
0.041742028092
0.0301474329453
0.0334565268256
0.035016601178
0.0286632616301
0.0225455232528
0.0183172366281
0.0192877277555
0.0384280597048
0.0597909347169
0.0919814824443
0.115162548559
0.125552212005
0.136682336272
0.125073117605
0.120923055211
0.105274727213
0.085232611473
0.0722949735941
0.0679011858515
0.0720512482452
0.082212041982
0.0965094351885
0.0893606225255
0.0847894955766
0.0827958222225
0.0810593371413
0.0843243283393
0.0890368159906
0.0792984795252
0.0631283471614
0.0519854563281
0.0387753102972
0.0266324491751
0.0195233289261
0.0122526535887
0.0207335993731
0.0378206032876
0.0546030665756
0.076412771394
0.0686537168812
0.055238145199
0.0420491220317
0.0190867123725
0.0257515561283
0.0436690831841
0.0615123320384
0.085631624687
0.0909165187292
0.0834914840041
0.0759921710775
0.0656923378321
0.0594132764858
0.0579875992543
0.0566362002244
0.0566362002244
0.0458821093524
0.0323421216826
0.018856682067
0.0101004426981
0.0138152812544
0.020098752869
0.0263276764293
0.022961713301
0.0309366388371
0.0469853727651
0.0650175667946
0.102729073974
0.115491461721
0.112680031791
0.106223863358
0.0849540682171
0.0727896199927
0.0693389332908
0.0705039404586
0.0572492275067
0.0466826890937
0.0340488954832
0.0299589520089
0.0547084487741
0.0795169038617
0.112812571957
0.122718730734
0.10375248832
0.0896906962838
0.0611727413856
0.0493994143163
0.0665314493905
0.0742930572164
0.0905186661119
0.108928750492
0.0980567429751
0.0913870247123
0.0832930219344
0.0641403876579
0.0598329483247
0.0665623212681
0.0718674096963
0.0703846310974
0.0762867305707
0.0635839975043
0.0568102897593
0.0608610050583
0.0501103959771
0.0446688213535
0.0331721805852
0.0217182497827
0.0176491970526
0.0158193999807
0.0151469501371
0.022133279234
0.0439648032741
0.0678649752281
0.104049369007
0.129606409095
0.125559175586
0.120902628706
0.104354838111
0.0858902056763
0.082200436013
0.0764733545521
0.0667255011922
0.0650811675048
0.0654202939189
0.0724131223585
0.0774995543308
0.0837697951406
0.088056575849
0.0936276730866
0.105125938691
0.104748976818
0.102334006789
0.0813829115569
0.0575883539208
0.0516405269296
0.0497687162499
0.0560640259528
0.0649363250117
0.0526226240261
0.0470415456551
0.0522080588135
0.0573731792556
0.0761760096265
0.0755518406138
0.0749241898105
0.0731152834828
0.0729010372951
0.0980203002325
0.108313634135
0.122939708384
0.125686841245
0.100965430925
0.0780415530829
0.0641252998982
0.0596319329416
0.0688301276099
0.0966721508739
0.0978480676526
0.102755303464
0.103878761262
0.077554102385
0.0659497582243
0.0456817903274
0.0286196231866
0.0255832695778
0.0374308748487
0.047459360539
0.0716183456016
0.103571899442
0.105921179686
0.115785556975
0.111197253192
0.0918661191125
0.0901934668608
0.0828125348179
0.0605371985234
0.0455843001879
0.0296910862444
0.0241209174843
0.0336624167155
0.0435458277934
0.0467567351759
0.0366542034034
0.0369907765043
0.0367027163539
0.0443227313581
0.0641434052099
0.0658302167438
0.0676802082018
0.0659583466414
0.0579486031983
0.0558862225077
0.0558291211402
0.0606432770798
0.0576816659114
0.0546014417398
0.0479087436584
0.0293213200722
0.0333232903015
0.0391984639268
0.0500967009337
0.0717425294699
0.0711617667813
0.0729179820098
0.0828958656753
0.101040869723
0.119236940035
0.132343096584
0.120192343403
0.0835149280616
0.0552156296192
0.0339165874366
0.0253212067979
0.0427826192722
0.0599580606704
0.0681899423601
0.0785317892133
0.0658972992446
0.0585230986637
0.0552852654331
0.0498566894947
0.0495491313163
0.038397652066
0.0276595774313
0.0259138075748
0.0289404121697
0.0487116445936
0.0830820254179
0.101878588566
0.120803977969
0.120425159141
0.0906140671772
0.0792546089624
0.0785552332707
0.0827338463482
0.103631322003
0.104786812277
0.0992287137244
0.091733811066
0.083568315519
0.0826837085621
0.0630231970824
0.0622541855767
0.0597990588952
0.0590121741973
0.0729606919757
0.0580697695147
0.042137327396
0.028285603399
0.0143340680685
0.0292219729776
0.0440952543657
0.05978977412
0.0904982396066
0.0920121222025
0.0948555846066
0.100782752973
0.0918155170877
0.0996066040749
0.109620234125
0.103274786636
0.0825096190271
0.0655145343871
0.0592078508345
0.0649943548566
0.0925824395188
0.108663438041
0.0971979012693
0.0968624887653
0.0921623034412
0.0911126596053
0.104818148393
0.0986943749118
0.0786798813777
0.0608879309064
0.043095980435
0.024566122455
0.0187759045227
0.0131883268092
0.00903014023724
0.0274613474808
0.0442635409161
0.0603018294721
0.0754450656991
0.062983272549
0.0630758881816
0.0670063656419
0.0713026632449
0.0941439065877
0.0911358715432
0.096229963455
0.097862459054
0.0860241385585
0.100301569498
0.0956677703169
0.0949902138469
0.104893819311
0.0887111525005
0.0725407880174
0.0531390896463
0.0280876055679
0.0290929146023
0.0452746529351
0.0634321914297
0.0846000861626
0.08871881244
0.077205226957
0.0672791059133
0.0587898038313
0.0455506428779
0.0401680265767
0.0313122079938
0.0205286379606
0.0313071013675
0.0423028285139
0.0598719443805
0.0792671434089
0.0710573130603
0.0732865875852
0.0668782357442
0.0570827979113
0.0621594808697
0.0491023015101
0.0462015056192
0.0436403003811
0.0409463228576
0.0572281046431
0.0599000308254
0.0639790646889
0.0699333910227
0.0495758250451
0.0511595755744
0.0606806483001
0.0695378595993
0.104001552414
0.119767332818
0.119900801462
0.120840420712
0.110987185153
0.0972842496788
0.0987577435026
0.0954444714735
0.0812575670918
0.0720772456157
0.0529612862013
0.0454594199615
0.0518343466118
0.0610731621716
0.0827948937451
0.0869753637775
0.0960231450876
0.10505119625
0.0941833668824
0.090048160129
0.0673081208358
0.0445878116899
0.0284376415928
0.0172636467626
0.0167497344554
0.0162555522956
0.0225169725691
0.0306936098463
0.0390188035267
0.0501881559693
0.0639068755616
0.0650549380148
0.066206714378
0.0689728810286
0.0627947916125
0.0643142450734
0.0656777143111
0.0550814646174
0.0397107513982
0.0243794984735
0.00905195945893
0.00168054431066
0.00413868854407
0.0065573724829
0.00906611874113
0.0107450382161
0.0132294119395
0.0160556975094
0.018904962898
0.0269362934435
0.0273169692265
0.0270145176745
0.0286567622875
0.0206648920366
0.0282145748687
0.0390475863299
0.0491902747551
0.0689473478969
0.0671772055055
0.0624846801209
0.0679972832748
0.0642309142161
0.0713938861612
0.0904481018206
0.0832291891049
0.0801466437395
0.0788133500212
0.0655888125887
0.0719660604328
0.0787567128925
0.0964530301792
0.099374484695
0.0955257132564
0.106276090218
0.0914436618411
0.0914838184938
0.0925671196399
0.0715603157566
0.0690984576131
0.0812160177227
0.0942337367877
0.122077384887
0.136450216892
0.121726188265
0.107002159639
0.0700903037236
0.0411981723849
0.0263706185146
0.0124432235997
0.0280655542268
0.0433854333019
0.0590801851756
0.0742677562041
0.061889061792
0.0492859079396
0.0514181565636
0.0531574270774
0.0656658762228
0.0930759253207
0.0929394391253
0.0894718077086
0.0900486243677
0.0611734377437
0.0431259238351
0.0284641032021
0.00981632857705
0.020718279494
0.0336619524768
0.0465123134689
0.0613066742678
0.0513782320303
0.0520281662941
0.0575825509363
0.0708936688975
0.0903420232639
0.103154780916
0.106236165685
0.0955900103246
0.0880605218786
0.0616158572818
0.0548505058345
0.0571561476354
0.0612827659717
0.088160333212
0.0857715926731
0.0757976550371
0.0780225192937
0.0794286984973
0.0949653770732
0.125438705628
0.132638352435
0.128779367744
0.126989030967
0.103893152664
0.100693154892
0.0907210742114
0.0849930642729
0.0922416882692
0.0746479677483
0.0679055961196
0.0473969204257
0.0305387862198
0.0394486886183
0.048602548485
0.0675543994978
0.0778426267743
0.0742401339978
0.0714621292589
0.0646981705278
0.063754373129
0.0658276634304
0.067308352955
0.0755599647919
0.0879393555621
0.0945652032622
0.100419718263
0.098386584614
0.0765241886963
0.063258798253
0.0484451715455
0.0497403976855
0.0635900326081
0.0715157488357
0.08114591767
0.0629182791226
0.0431424043111
0.0245809780953
0.0209947336755
0.0323121782825
0.056207707849
0.0968636493624
0.107850323853
0.120489456209
0.122335733757
0.105266835154
0.107799721828
0.111686328726
0.115572935623
0.112823945807
0.105248033485
0.0917482024676
0.0782483714505
0.075268422851
0.0674812818932
0.0623006094527
0.0463658461402
0.0306063329595
0.0344091447608
0.0474565751064
0.0732415564255
0.0988682323274
0.0949649128346
0.0712611138759
0.0583652574854
0.0604833468272
0.0773762989401
0.106817856851
0.123468012093
0.110394352257
0.0972011509407
0.0878971098352
0.0648344246039
0.0614826207578
0.0583311359365
0.0421340777247
0.0435063674988
0.0368872512609
0.0301065799345
0.0415194256067
0.0442400968588
0.0482341750292
0.0523740241702
0.0427039308024
0.0380675783078
0.0461413866997
0.0689796124905
0.0874201045094
0.113347607128
0.132422249292
0.123639084075
0.122270740331
0.107509572603
0.0813146684592
0.0664994169161
0.0661368464447
0.0724279779988
0.0787701758165
0.0866633953309
0.0652903070661
0.0421169008906
0.0263251231161
0.0254059303716
0.0541139910421
0.0924928414384
0.138194129794
0.161707590861
0.155578014395
0.132807335344
0.0953325899323
0.06273583329
0.0527600386989
0.0625459596372
0.0797135089764
0.0994160340639
0.105573464855
0.0867817762146
0.0678310857987
0.0443756545766
0.024635758269
0.0165589323251
0.0194950103618
0.0265748835689
0.0434843161577
0.0662932949067
0.0674357864947
0.0767149908265
0.0704656407608
0.0552397700345
0.0508455180532
0.0309384957921
0.0191236193539
0.0113708320644
0.00685587800548
0.0110941457635
0.0293969909901
0.0555259732301
0.076550882425
0.0955433543293
0.100116106114
0.104685376108
0.109633000691
0.117580304021
0.112736204681
0.085802000312
0.0604146394908
0.0310603584666
0.0173409425161
0.0182009448187
0.0262274008572
0.0365594986964
0.039318933885
0.0569509541035
0.0707109909455
0.0986015271598
0.145898404133
0.178420418335
0.197118330746
0.19141562182
0.157977896664
0.109645767257
0.0713038238418
0.0395320194757
0.0191208339214
0.0157070542008
0.0128545391409
0.0152073011758
0.0299916808414
0.0484266019951
0.0696256007249
0.0860756690609
0.0813924284514
0.0630991001195
0.0407555207273
0.0317323440715
0.0326984249307
0.056415454694
0.0844090519131
0.0941332290963
0.115075735911
0.107798096993
0.107358462887
0.114789300596
0.100602860454
0.0993092591492
0.0761764738652
0.0516091908133
0.0379050947418
0.0239728253199
0.0190679107027
0.0141483725646
0.0109207525867
0.0227739287226
0.0392177298353
0.0574657948882
0.0722209275119
0.0685355681168
0.076151869211
0.0830776151498
0.0931989485921
0.0976031817068
0.0741496074397
0.0529951756308
0.0437173640152
0.0464378031479
0.0643973438115
0.0812933134763
0.0701084090352
0.0537087106047
0.0379933001062
0.0332689743666
0.0431605096227
0.0605112011528
0.0753187927564
0.0652067440893
0.0661075994028
0.0576965215518
0.0507345649897
0.0698294015406
0.0683127335121
0.0863583904657
0.11917891019
0.138971033358
0.182259672879
0.196373459656
0.18125970259
0.153354542855
0.111690738994
0.0988663753723
0.114947373894
0.141716773504
0.155694770443
0.155253047263
0.125603510388
0.112951379346
0.125882053644
0.138812727941
0.166478804715
0.166459074568
0.138818530926
0.0963643605761
0.0539299203738
0.0224011449985
0.0205311912738
0.033611350452
0.0466915096302
0.0630088056808
0.0545487506407
0.0606293499172
0.0667099491937
0.0703122098508
0.0867724914394
0.0766643888018
0.0713832086697
0.0776608772997
0.0761750811489
0.0865805287122
0.0980862221364
0.0887610581673
0.0813668953198
0.0730725735169
0.0484521351269
0.0348917209517
0.0242536897697
0.0128545391409
0.0114991940815
0.0232414171538
0.0497972669336
0.0796756735176
0.124684085524
0.155933853405
0.172369994578
0.185122633311
0.173152469007
0.14642717208
0.119701875153
0.109812428971
0.115798091422
0.136538886496
0.143521037444
0.131668789785
0.10511874299
0.0814325851043
0.0703693112183
0.0599346166131
0.0595636898439
0.0533257136278
0.048288490964
0.0470185658364
0.0519329973482
0.0599313669417
0.068017013422
0.0827654145837
0.0940570939396
0.110133682193
0.127943737976
0.13871593416
0.131014677373
0.113942993337
0.0947485775724
0.0607247509823
0.0425484108179
0.0285158658238
0.0178007710077
0.0219696350712
0.0230267067274
0.0392583507268
0.0493290821443
0.0592907174532
0.0710670620743
0.068029779988
0.0662719399238
0.0646231959682
0.0676059300002
0.0575602674758
0.0494678895335
0.0413209635368
0.0284448372936
0.0268506413923
0.0298333754243
0.0345625756709
0.0364483135134
0.0548553803415
0.0784811871885
0.113388924377
0.153983586374
0.175782613701
0.172804289938
0.143769173061
0.109947290331
0.0694898108877
0.0442384720231
0.035095986006
0.0323750826345
0.0401582775628
0.0501261800949
0.0595486020842
0.0591143067244
0.0617704487889
0.0638084569446
0.0707244538695
0.0809808807909
0.0902424440499
0.0975607038602
0.0830133180815
0.0706562107718
0.0532458645611
0.0417626867168
0.0417626867168
0.0417626867168
0.0417626867168
