0.8525
0.8525
0.8525
0.8525
0.88375
0.976875
1.045
1.24125
1.264375
1.2325
1.175
0.94125
0.76125
0.618125
0.5075
0.508125
0.531875
0.569375
0.6125
0.626875
0.66625
0.671875
0.688125
0.770625
0.826875
0.938125
1.084375
1.144375
1.20875
1.175625
1.04875
0.93375
0.854375
0.893125
0.9775
1.0775
1.093125
1.03125
1.0225
1.02125
1.1425
1.28875
1.378125
1.508125
1.486875
1.453125
1.459375
1.4475
1.541875
1.655625
1.664375
1.645625
1.60625
1.4825
1.43
1.299375
1.15625
1.0775
0.991875
1.0625
1.086875
1.08
1.130625
1.075625
1.100625
1.185
1.15
1.091875
0.961875
0.778125
0.731875
0.774375
0.86
0.998125
1.01125
0.9425
0.858125
0.798125
0.781875
0.82
0.874375
0.8975
0.955625
0.998125
1.0375
0.9875
0.910625
0.83875
0.74375
0.700625
0.661875
0.6275
0.631875
0.654375
0.68125
0.68125
0.636875
0.5925
0.59
0.6225
0.689375
0.78125
0.84625
0.88625
0.974375
1.08125
1.09875
1.149375
1.1
1.006875
0.9575
0.866875
0.82
0.726875
0.680625
0.655
0.635
0.66375
0.659375
0.72375
0.7875
0.846875
0.936875
0.88125
0.86625
0.821875
0.81
0.90125
0.878125
0.950625
0.9725
0.9625
1.041875
1.096875
1.10125
1.090625
1.10125
0.998125
0.945625
0.925625
0.86375
0.856875
0.85
0.818125
0.744375
0.77375
0.805625
0.883125
1.005
0.954375
0.8725
0.7975
0.735625
0.830625
1.019375
1.12875
1.20625
1.169375
1.033125
0.97125
0.895
0.861875
0.840625
0.740625
0.701875
0.663125
0.646875
0.675
0.7125
0.803125
0.91625
1.085625
1.143125
1.099375
1.023125
0.890625
0.908125
0.970625
1.11875
1.19
1.136875
1.133125
0.98375
0.91
0.92875
0.838125
0.85625
0.973125
0.993125
1.10625
1.141875
1.08
1.073125
1.059375
1.08875
1.0525
1.04625
0.984375
0.9525
0.984375
0.95
0.97
0.9675
0.96875
0.9975
1.004375
0.9225
0.82
0.72375
0.648125
0.66125
0.71
0.803125
0.86
0.90125
0.895625
0.798125
0.720625
0.650625
0.68875
0.774375
0.839375
0.92
0.9225
0.955
1.023125
1.145
1.21875
1.226875
1.215625
1.13125
1.096875
1.09125
1.12625
1.10375
1.060625
1.026875
0.921875
0.891875
0.939375
0.978125
1.065625
1.1675
1.16625
1.171875
1.14625
1.01875
1.01375
1.024375
1.045625
1.11875
1.009375
0.905625
0.876875
0.935
1.12375
1.244375
1.26375
1.168125
1.11625
1.153125
1.1825
1.248125
1.168125
0.999375
0.843125
0.753125
0.746875
0.785
0.875625
0.875625
0.875625
0.875625
