2.20625
2.20625
2.20625
2.20625
2.83125
3.49375
3.71875
3.68125
3.0875
2.65625
2.40625
2.41875
2.68125
2.675
2.91875
3.06875
3.225
3.675
3.7
3.41875
3.14375
2.65625
2.6375
3.025
3.61875
4.3
4.4625
4.35625
3.86875
3.23125
2.85
2.875
3.01875
3.2875
3.56875
3.375
3.275
2.9625
2.8
2.66875
2.64375
2.79375
2.675
2.9875
3.20625
3.43125
3.76875
3.58125
3.24375
2.90625
2.56875
2.43125
2.49375
2.5625
2.63125
2.7875
2.58125
2.51875
2.41875
2.275
2.38125
2.23125
2.4
2.93125
3.875
4.875
5.35
5.0625
3.96875
3.11875
2.5125
2.51875
2.9625
3.2125
3.425
3.16875
3.16875
3.16875
3.45
4.1875
4.29375
4.6125
4.7
4.83125
5.45625
5.725
6.125
5.88125
5.6125
5.4875
4.81875
4.73125
4.475
4.21875
4.61875
4.84375
4.9
4.6875
3.95625
3.03125
2.4875
2.225
2.275
2.5125
2.3625
2.45625
2.45
2.725
3.20625
3.325
3.5
3.15
2.85
2.54375
2.225
2.15625
2.05
2.0625
2.26875
2.70625
3.13125
3.90625
4.3125
4.45625
4.96875
4.76875
4.75
4.83125
4.39375
4.2625
4.375
4.3375
4.2125
4.14375
3.63125
2.975
2.7125
2.4875
2.4625
2.6625
2.6
2.85
3.09375
3.2875
3.95625
4.05
4.5125
5.2
5.1125
5.24375
5.0125
4.81875
5.05
5.14375
4.875
4.16875
3.45
2.8625
2.64375
2.45
2.29375
2.50625
2.70625
3.5125
4.425
4.5625
5.06875
4.98125
4.56875
4.8625
4.39375
4.0375
4.0125
3.69375
3.9625
4.39375
4.56875
4.74375
4.53125
4.13125
3.94375
3.75625
3.78125
3.93125
3.975
3.98125
3.975
3.9375
3.7875
3.425
3.10625
2.85
2.85
3.10625
3.31875
3.2125
2.93125
2.9
3.225
4.21875
5.09375
5.45
5.0875
4.0625
3.1875
2.58125
2.63125
2.81875
2.99375
3.15625
2.84375
2.64375
2.4625
2.55
2.6625
3.1375
3.60625
3.55
4.05625
4.01875
4.025
4.29375
4.0875
3.84375
3.66875
3.5375
3.3875
3.49375
3.375
3.16875
3.20625
3.35
3.5625
4.04375
4.15
3.925
3.74375
3.11875
2.525
2.11875
1.7125
1.51875
1.5125
1.5125
1.5125
1.5625
1.83125
2.09375
2.5125
2.80625
2.925
3.0375
2.8375
2.80625
2.46875
2.4
2.675
2.8125
3.2125
3.35
3.3375
3.6375
3.94375
3.99375
3.825
3.2875
2.9875
3.09375
3.5875
4.36875
4.70625
5.14375
5.3125
5.36875
5.575
5.0875
4.46875
3.5375
2.70625
2.4
2.51875
2.9125
3.16875
3.16875
3.16875
3.16875
