0.21
0.21
0.21
0.21
0.22
0.219375
0.2275
0.2225
0.205
0.200625
0.193125
0.221875
0.24375
0.27875
0.29375
0.29
0.299375
0.286875
0.28875
0.269375
0.24125
0.219375
0.20875
0.2175
0.24
0.2775
0.29
0.2975
0.29375
0.254375
0.22875
0.20875
0.18
0.1875
0.20625
0.245
0.29
0.341875
0.37125
0.36375
0.36125
0.314375
0.295625
0.280625
0.2775
0.303125
0.311875
0.33125
0.330625
0.32125
0.293125
0.2725
0.2575
0.24875
0.256875
0.235
0.205
0.175625
0.155
0.166875
0.18625
0.19
0.195
0.1925
0.18625
0.206875
0.208125
0.205625
0.211875
0.2125
0.224375
0.2325
0.224375
0.195
0.168125
0.145625
0.146875
0.176875
0.201875
0.226875
0.240625
0.23625
0.23375
0.23125
0.2275
0.24125
0.2525
0.26375
0.273125
0.2375
0.198125
0.183125
0.17
0.18875
0.214375
0.195625
0.178125
0.160625
0.15375
0.164375
0.174375
0.1825
0.18
0.18
0.18
0.18
0.18
0.18
0.18
0.173125
0.16625
0.14875
0.120625
0.095625
0.093125
0.105
0.1275
0.155
0.126875
0.114375
0.10875
0.100625
0.134375
0.129375
0.119375
0.12375
0.12375
0.148125
0.170625
0.1775
0.166875
0.165625
0.183125
0.203125
0.245
0.265625
0.273125
0.283125
0.28875
0.295625
0.2775
0.256875
0.241875
0.249375
0.273125
0.28375
0.271875
0.215625
0.168125
0.1375
0.131875
0.18125
0.219375
0.273125
0.31875
0.309375
0.305625
0.259375
0.191875
0.179375
0.178125
0.213125
0.2675
0.29
0.279375
0.273125
0.284375
0.285625
0.319375
0.328125
0.31125
0.321875
0.334375
0.33125
0.339375
0.343125
0.344375
0.3725
0.361875
0.3425
0.28
0.2375
0.231875
0.205625
0.234375
0.239375
0.2475
0.288125
0.295
0.288125
0.285625
0.276875
0.303125
0.33625
0.35
0.358125
0.32
0.3125
0.30625
0.27625
0.259375
0.21
0.174375
0.175
0.213125
0.26125
0.301875
0.335625
0.3275
0.30375
0.27625
0.24875
0.22375
0.2375
0.28
0.3225
0.391875
0.4125
0.391875
0.365625
0.308125
0.26625
0.22875
0.16875
0.158125
0.18375
0.226875
0.3125
0.3425
0.330625
0.326875
0.2825
0.25125
0.234375
0.189375
0.188125
0.225625
0.25375
0.313125
0.3175
0.2925
0.300625
0.28
0.296875
0.29625
0.26625
0.246875
0.228125
0.2275
0.238125
0.265
0.296875
0.341875
0.376875
0.374375
0.345
0.29625
0.2325
0.225
0.224375
0.240625
0.295625
0.295
0.330625
0.335
0.32
0.330625
0.29
0.28375
0.281875
0.264375
0.27375
0.255
0.205625
0.1675
0.1525
0.160625
0.1975
0.245625
0.235625
0.215
0.21125
0.200625
0.230625
0.24125
0.236875
0.239375
0.250625
0.291875
0.311875
0.3075
0.27125
0.225625
0.21375
0.22125
0.260625
0.316875
0.341875
0.37125
0.374375
0.34375
0.323125
0.293125
0.283125
0.3125
0.368125
0.414375
0.453125
0.445
0.411875
0.374375
0.3
0.25
0.175625
0.125625
0.128125
0.135
0.170625
0.2125
0.245
0.293125
0.3525
0.36875
0.3525
0.284375
0.200625
0.143125
0.09875
0.118125
0.151875
0.211875
0.28875
0.314375
0.34375
0.328125
0.329375
0.343125
0.315625
0.32125
0.27625
0.245
0.239375
0.2
0.210625
0.22375
0.260625
0.335
0.376875
0.38625
0.348125
0.27375
0.216875
0.21625
0.23125
0.2975
0.333125
0.31125
0.301875
0.2225
0.1575
0.145
0.13375
0.17
0.219375
0.214375
0.2025
0.17625
0.159375
0.19125
0.245625
0.298125
0.315
0.306875
0.278125
0.264375
0.28
0.2775
0.275
0.285625
0.284375
0.306875
0.3125
0.275625
0.23625
0.20375
0.184375
0.20875
0.25125
0.288125
0.349375
0.383125
0.399375
0.396875
0.35625
0.295
0.251875
0.22375
0.21375
0.246875
0.2725
0.306875
0.343125
0.341875
0.314375
0.263125
0.206875
0.169375
0.1825
0.21
0.256875
0.325625
0.334375
0.3475
0.329375
0.26875
0.244375
0.21125
0.20125
0.225
0.233125
0.245625
0.260625
0.240625
0.22625
0.211875
0.154375
0.139375
0.138125
0.128125
0.155625
0.1475
0.1425
0.16
0.198125
0.245625
0.27875
0.3175
0.30375
0.325
0.334375
0.313125
0.321875
0.271875
0.239375
0.206875
0.190625
0.235625
0.29625
0.370625
0.41625
0.41
0.359375
0.320625
0.290625
0.2775
0.316875
0.345
0.37875
0.421875
0.410625
0.366875
0.303125
0.23
0.2
0.201875
0.241875
0.30875
0.335
0.385625
0.4
0.364375
0.370625
0.328125
0.275
0.259375
0.225625
0.238125
0.305625
0.346875
0.39375
0.410625
0.373125
0.354375
0.3125
0.259375
0.228125
0.21
0.21
0.249375
0.306875
0.343125
0.381875
0.378125
0.35125
0.333125
0.306875
0.2975
0.280625
0.265
0.246875
0.25875
0.29125
0.308125
0.341875
0.325625
0.30875
0.289375
0.273125
0.279375
0.269375
0.271875
0.26625
0.261875
0.275
0.305
0.304375
0.298125
0.295
0.284375
0.3
0.313125
0.28875
0.219375
0.14875
0.095
0.060625
0.069375
0.09
0.099375
0.12875
0.169375
0.19875
0.225
0.23875
0.215
0.209375
0.235625
0.25625
0.3
0.30875
0.284375
0.28375
0.281875
0.318125
0.36375
0.3875
0.401875
0.375
0.345
0.29375
0.2425
0.201875
0.13375
0.1
0.07875
0.0675
0.08375
0.09625
0.0925
0.099375
0.116875
0.13375
0.19375
0.254375
0.316875
0.365625
0.356875
0.338125
0.2925
0.254375
0.240625
0.213125
0.204375
0.19375
0.1875
0.19625
0.200625
0.205625
0.206875
0.205625
0.2
0.198125
0.1925
0.184375
0.19375
0.20125
0.21
0.210625
0.209375
0.20125
0.21375
0.26125
0.275
0.305
0.305
0.305
0.305
