-0.084375
-0.084375
-0.084375
-0.084375
-0.059375
-0.059375
-0.08125
-0.059375
-0.059375
-0.05625
-0.03125
-0.009375
0.021875
0.046875
0.096875
0.125
0.15
0.15625
0.15
0.12875
0.085625
0.089375
0.015
-0.023125
-0.070625
-0.1275
-0.053125
-0.0375
0.028125
0.04375
-0.0375
-0.053125
-0.115625
-0.15
-0.16875
-0.196875
-0.203125
-0.203125
-0.15625
-0.165625
-0.15
-0.115
-0.08625
-0.016875
0.043125
0.08625
0.054375
0.056875
0.04375
0.025625
0.0825
0.045625
-0.04125
-0.1075
-0.18
-0.165
-0.090625
-0.040625
-0.009375
-0.00625
-0.015625
-0.053125
-0.10625
-0.159375
-0.234375
-0.25
-0.275
-0.259375
-0.15
-0.0625
0.05
0.128125
0.09375
0.05625
-0.009375
-0.10625
-0.134375
-0.168125
-0.120625
-0.098125
-0.100625
-0.110625
-0.151875
-0.124375
-0.096875
-0.025
-0.021875
-0.05625
-0.0875
-0.1875
-0.21875
-0.203125
-0.175
-0.1125
-0.09375
-0.103125
-0.16875
-0.20625
-0.225
-0.21875
-0.2
-0.23125
-0.21875
-0.234375
-0.146875
0.00625
0.08125
0.175
0.1875
0.146875
0.140625
0.103125
0.071875
0.059375
0.053125
0.040625
0.006875
-0.0425
-0.06375
-0.063125
-0.060625
-0.04875
-0.1025
-0.15
-0.15625
-0.165
-0.13
-0.1075
-0.081875
-0.10125
-0.13625
-0.145625
-0.23
-0.266875
-0.2725
-0.310625
-0.255
-0.13375
-0.025
0.13125
0.203125
0.19375
0.171875
0.078125
0.065625
0.06875
0.05375
0.073125
0.033125
0.00875
0.008125
0.00125
-0.00875
-0.03125
-0.059375
-0.021875
0.009375
0.01625
0.02
-0.054375
-0.050625
0.001875
0.0575
0.11625
0.15
0.13125
0.0625
-0.021875
-0.18125
-0.3125
-0.36875
-0.340625
-0.2875
-0.290625
-0.290625
-0.390625
-0.440625
-0.3875
-0.340625
-0.19375
-0.046875
0.059375
0.096875
0.084375
0.044375
-0.01125
0.001875
0.0125
0.03125
0.053125
0.0625
0.08625
0.110625
0.1475
0.163125
0.135625
0.0675
-0.019375
-0.0825
-0.089375
-0.061875
-0.025
2.08166817117e-17
0.021875
0.071875
0.1
0.11625
0.110625
0.07375
0.08375
0.108125
0.1075
0.11
0.109375
0.10625
0.14375
0.18125
0.171875
0.1625
0.125
0.085
0.07
0.055
-0.000625
-0.066875
-0.133125
-0.18375
-0.121875
-0.03375
0.079375
0.145625
0.143125
0.139375
0.08875
0.0825
0.085625
0.070625
0.074375
0.065
0.055625
0.0525
0.05
0.05
0.05
0.046875
0.04875
0.023125
-0.0025
-0.025
-0.071875
-0.090625
-0.10625
-0.124375
-0.09875
-0.045
0.005625
0.08625
0.12
0.0975
0.0875
0.003125
-0.03375
-0.03
-0.104375
-0.135
-0.2075
-0.295625
-0.2525
-0.18125
-0.065625
0.06875
0.1
0.075
0.040625
-0.053125
-0.0875
-0.034375
-0.00625
0.084375
0.13125
0.1
0.046875
-0.078125
-0.184375
-0.2875
-0.328125
-0.27125
-0.18625
-0.0825
-0.01625
0.008125
-0.014375
-0.018125
1.12757025938e-17
0.009375
0.040625
0.06875
0.040625
-0.00625
-0.03375
-0.098125
-0.075
0.0075
0.023125
0.023125
0.023125
0.023125
