0.250625
0.250625
0.250625
0.250625
0.03
-0.23
-0.3325
-0.616875
-0.540625
-0.37
-0.134375
-0.34875
-0.37875
-0.5225
-0.788125
-0.628125
-0.763125
-0.751875
-0.866875
-1.111875
-1.04875
-1.370625
-1.431875
-1.18125
-1.23
-0.8825
-0.72375
-0.7875
-0.6475
-0.526875
-0.2325
0.073125
0.070625
-0.26
-0.6775
-1.109375
-1.071875
-0.7875
-0.511875
-0.2575
-0.285625
-0.144375
-0.191875
-0.25875
-0.54125
-0.801875
-0.760625
-0.648125
-0.205
0.075
0.3525
0.578125
0.81
0.63375
0.33125
-0.1625
-0.8225
-1.0375
-1.3475
-1.32875
-1.286875
-1.38375
-1.48
-1.855
-2.185
-2.37625
-2.14875
-1.585
-0.9475
-0.44
-0.213125
-0.18125
-0.304375
-0.3625
-0.4075
-0.541875
-0.58375
-0.498125
-0.534375
-0.391875
-0.375
-0.36625
-0.3325
-0.4775
-0.511875
-0.64125
-0.641875
-0.553125
-0.266875
-0.2025
-0.4
-0.699375
-1.4675
-2.038125
-2.315625
-2.660625
-2.425625
-2.136875
-1.841875
-1.208125
-0.945
-0.61625
-0.389375
-0.23
0.006875
0.046875
0.0625
0.01375
-0.06625
0.070625
0.05
-0.008125
-0.02625
-0.164375
0.203125
0.524375
0.615
0.666875
0.334375
0.11375
0.108125
0.17375
0.310625
0.3925
0.391875
0.04375
-0.58875
-1.299375
-1.608125
-1.415
-0.948125
-0.67625
-0.7325
-0.905625
-1.01625
-0.545
-0.393125
-0.42
-0.256875
-0.575625
-0.575
-0.509375
-0.805
-0.775625
-0.394375
-0.07
0.4525
0.73125
0.30625
0.125
-0.4325
-0.816875
-0.784375
-0.914375
-0.76625
-1.04875
-1.3425
-1.655625
-1.71625
-1.166875
-0.41
0.241875
0.40625
0.38875
-0.113125
-0.314375
-0.028125
-0.191875
0.040625
0.096875
-0.0925
0.35
0.5275
0.733125
0.9425
0.9375
1.04
1.034375
0.791875
0.525
0.149375
-0.094375
-0.111875
-0.13375
0.015
-0.24
-0.2425
-0.390625
-0.69375
-0.484375
-0.466875
-0.214375
-0.05375
0.156875
0.29375
-0.001875
-0.063125
-0.44375
-1.0675
-1.14125
-1.098125
-0.94625
-0.331875
-0.19625
-0.180625
-0.37125
-0.7025
-0.608125
-0.55625
-0.054375
0.231875
0.25875
0.29875
-0.044375
-0.089375
-0.056875
-0.248125
-0.160625
-0.351875
-0.543125
-0.543125
-0.61125
-0.525
-0.543125
-0.54625
-0.991875
-1.30875
-1.52125
-1.868125
-1.8525
-1.980625
-1.835
-1.450625
-0.74875
-0.205625
-0.1475
-0.121875
-0.705
-0.938125
-0.840625
-0.740625
-0.349375
-0.149375
-0.241875
-0.42375
-0.39
-0.454375
-0.235
-0.0675
-0.066875
-0.221875
-0.425
-0.719375
-1.300625
-1.248125
-1.258125
-1.08375
-0.493125
-0.67125
-1.03125
-1.27875
-1.8
-1.763125
-1.28125
-1.05125
-0.45375
0.133125
0.19375
0.36125
0.184375
-0.170625
-0.080625
-0.08625
0.005
-0.00875
-0.0625
-0.205
-0.41875
-0.6925
-1.29
-1.36
-1.2425
-0.75625
-0.22125
-0.325
-0.57125
-1.001875
-1.308125
-1.3925
-1.523125
-1.4775
-1.1275
-0.72125
-0.345
-0.1775
-0.496875
-0.46875
-0.410625
-0.2875
0.218125
0.3175
0.355
0.18375
-0.200625
-0.5175
-0.55875
-0.42375
-0.540625
-0.54
-0.6925
-1.029375
-0.973125
-1.095
-1.029375
-0.440625
0.153125
0.818125
1.19375
1.163125
1.008125
0.8425
0.78375
0.881875
0.73625
0.6125
0.2175
-0.28875
-0.61625
-1.160625
-1.32375
-1.443125
-1.136875
-0.635625
-0.306875
-0.295625
-0.645
-0.975625
-1.079375
-0.61375
-0.38125
-0.080625
-0.19125
-0.58625
-0.515
-0.539375
0.02625
0.44
0.325
0.284375
-0.46
-1.2075
-1.453125
-1.764375
-1.34375
-0.588125
-0.30125
-0.173125
-0.453125
-0.74375
-0.471875
0.060625
0.62125
0.76
0.56125
0.378125
0.08125
0.343125
0.43625
0.27
0.29875
0.06
-0.0375
0.120625
-0.056875
-0.485625
-0.6425
-1.20875
-1.3475
-1.068125
-0.93125
-0.379375
0.14125
0.445
0.413125
0.15125
-0.471875
-1.338125
-1.544375
-1.544375
-1.13375
-0.17125
0.183125
0.438125
0.348125
-0.380625
-0.69875
-1.009375
-0.984375
-0.2775
-0.0575
0.260625
0.36875
-0.126875
-0.2225
-0.6825
-1.16625
-1.080625
-1.061875
-0.715625
-0.56125
-0.7025
-0.7275
-0.82625
-0.6725
-0.51875
-0.55125
-0.279375
0.24875
0.725
1.075
1.04
0.566875
-0.098125
-0.7
-1.155625
-1.243125
-0.98625
-0.7075
-0.644375
-0.9675
-1.22875
-1.055625
-0.7275
-0.049375
0.3075
0.27125
0.43375
0.275
0.275
0.16375
-0.429375
-1.016875
-1.604375
-2.063125
-2.235
-2.25875
-2.09125
-1.815625
-1.285625
-0.475625
-0.09
0.124375
-0.036875
-0.38
-0.27875
0.09625
0.5925
0.9475
0.82625
0.37625
-0.03375
-0.361875
-0.138125
-0.028125
0.155625
0.33125
0.025
0.2725
0.316875
0.306875
0.5975
0.635
0.761875
0.8
0.821875
0.429375
-0.0275
-0.241875
-0.736875
-0.60875
-0.614375
-0.70875
-0.4425
-0.3925
0.09375
0.5475
0.801875
1.029375
1.1325
1.26375
1.37875
1.393125
0.941875
0.4625
-0.105625
-0.67
-0.706875
-0.82375
-0.76375
-0.61125
-0.571875
-0.454375
-0.209375
0.043125
0.375
0.73
0.9375
1.043125
0.865
0.506875
0.126875
0.0075
-0.151875
-0.313125
-0.628125
-1.368125
-1.9825
-2.065
-1.929375
-1.445625
-0.786875
-0.6325
-0.74875
-1.07375
-1.58
-2.2
-2.41625
-2.465625
-2.210625
-1.539375
-0.9675
-0.40125
-0.176875
0.0975
0.301875
0.33875
0.629375
0.385625
-0.105625
-0.28875
-0.72375
-0.670625
-0.5025
-0.494375
-0.379375
-0.345625
-0.088125
-0.049375
0.048125
0.043125
-0.01875
0.22
0.44125
0.551875
0.6
0.544375
0.410625
0.2
0.08125
0.045
0.065
0.635
0.783125
0.833125
0.59375
-0.086875
-0.085625
-0.38
-0.2125
-0.161875
-0.658125
-0.595625
-0.70125
-0.356875
0.3775
0.829375
1.0575
0.94
0.331875
-0.500625
-0.983125
-1.38625
-1.374375
-0.976875
-0.900625
-0.715
-0.4725
-0.27
0.09875
0.4375
0.40875
0.17625
0.079375
-0.233125
-0.515
-0.695
-0.9625
-0.969375
-0.46375
0.163125
0.64
0.7525
0.513125
-0.101875
-0.50125
-0.573125
-0.573125
-0.573125
-0.573125
