4.2125
4.2125
4.2125
4.2125
3.43125
2.6125
1.85625
0.6375
-0.45
-0.54375
-0.91875
-0.575
-0.025
-0.375
0.49375
0.85
1.0
1.8125
1.44375
1.225
0.35625
-1.175
-1.6875
-2.46875
-2.51875
-1.79375
-2.45625
-2.0625
-1.64375
-1.78125
-0.48125
0.03125
0.58125
1.64375
2.025
1.9375
1.1375
-0.60625
-2.35
-3.51875
-3.4375
-2.69375
-2.24375
-0.76875
-0.03125
0.20625
1.15
0.66875
-0.14375
-0.41875
-1.56875
-2.31875
-2.29375
-2.225
-1.0125
0.3125
1.14375
1.76875
1.95625
2.03125
1.93125
2.29375
2.54375
2.05625
2.29375
1.34375
2.49800180541e-16
-0.03125
-0.21875
0.40625
1.1
0.9375
0.1
-0.56875
-1.06875
-1.525
-1.55
-1.8375
-1.7125
-1.35
-1.1125
-0.60625
-1.05625
-0.99375
-0.8375
-1.43125
-0.375
0.225
0.9375
2.45
1.9125
1.26875
0.3625
-0.85
-0.4
-0.41875
-0.9
-1.4875
-3.13125
-4.05625
-4.325
-4.4375
-3.6125
-2.86875
-2.18125
-1.95
-2.2375
-2.3375
-2.49375
-1.825
-0.86875
0.04375
1.95625
3.4375
4.55
5.4
4.3625
3.65625
2.76875
1.9625
2.725
2.85
3.13125
2.94375
1.50625
0.70625
0.38125
0.1
1.46875
2.3125
2.48125
3.075
2.3
1.675
0.9375
0.31875
-0.41875
-1.325
-1.7375
-2.35
-1.69375
-0.24375
1.13125
2.56875
2.775
1.86875
1.30625
0.6125
0.6875
1.4
1.86875
2.51875
2.825
3.40625
3.75
3.59375
3.4375
2.1875
1.05
0.3
-0.76875
-0.85
-1.48125
-2.15
-2.5
-3.3
-3.06875
-2.1125
-1.04375
-0.08125
0.425
-0.64375
-2.30625
-2.65
-3.45
-2.7375
-1.225
-1.46875
-1.2
-1.29375
-1.6
-0.84375
0.74375
2.15
3.39375
4.05625
3.56875
2.65625
1.8125
1.1
0.2625
-0.04375
-1.0
-1.6375
-1.925
-2.24375
-1.35
-0.81875
0.23125
0.1
-0.6125
-1.08125
-2.19375
-2.28125
-2.30625
-2.7875
-3.30625
-3.76875
-4.9125
-5.10625
-4.60625
-3.5375
-1.275
0.70625
2.0625
2.40625
2.55625
2.16875
2.04375
2.6125
2.8875
3.40625
2.98125
2.3875
1.63125
1.19375
2.25
3.375
4.2625
4.5
3.775
2.5125
1.5125
0.60625
-0.21875
-1.325
-2.34375
-2.55625
-2.0875
-0.0625
1.55
2.025
2.01875
0.99375
1.075
2.0875
2.9625
3.9125
3.19375
2.0
0.6375
-0.96875
-1.00625
-0.9875
-0.6625
-0.425
-0.8125
-0.76875
-1.01875
-0.49375
-0.59375
-2.0125
-2.68125
-4.475
-5.3875
-4.4125
-3.75
-2.4625
-0.74375
-0.61875
-1.2375
-1.58125
-2.81875
-2.75625
-1.71875
-0.09375
1.56875
2.375
3.05625
2.1625
1.7375
1.51875
1.45
1.89375
1.90625
1.18125
-0.39375
-1.1
-2.0375
-2.2375
-1.9375
-2.64375
-2.625
-2.00625
-1.38125
0.15625
1.33125
2.33125
3.5375
3.4875
2.91875
1.5375
-0.475
-1.29375
-1.2125
-0.4375
0.86875
1.48125
1.59375
1.1375
0.15625
-0.5125
-1.25
-1.725
-1.5875
-0.875
0.33125
1.8
2.76875
2.6
2.20625
1.34375
1.34375
1.34375
1.34375
