0.245625
0.245625
0.245625
0.245625
-0.055625
-0.00875
-0.06375
-0.156875
0.10875
-0.050625
-0.070625
-0.13875
-0.75
-0.951875
-1.09125
-0.9225
-0.22375
-0.071875
-0.326875
-0.80375
-1.758125
-2.369375
-2.313125
-2.11875
-1.40625
-0.356875
0.23375
0.596875
0.773125
0.5
0.37125
0.31625
0.10125
-0.03375
-0.45875
-0.86625
-1.02
-1.224375
-1.17625
-1.1625
-1.663125
-1.8175
-1.72625
-1.345
-0.331875
0.1725
0.26
0.114375
-0.213125
0.000625
0.380625
0.465
0.46
0.168125
-0.231875
-0.194375
-0.156875
-0.119375
0.0225
-0.110625
-0.595625
-1.080625
-1.27
-1.215625
-0.4575
0.005
0.118125
-0.06375
-0.893125
-1.13125
-1.261875
-1.0425
-0.32125
-0.1825
-0.13
-0.161875
-0.501875
-0.24
-0.104375
-0.13125
-0.098125
-0.440625
-0.72875
-0.740625
-0.4775
-0.354375
0.16875
0.496875
0.54
0.73
0.26375
-0.31625
-0.844375
-1.226875
-0.9775
-0.4725
-0.2675
-0.04875
0.01625
-0.186875
-0.03375
0.01375
-0.084375
-0.31875
-0.609375
-0.986875
-1.623125
-1.83125
-1.8575
-1.774375
-1.1175
-0.726875
-0.75625
-0.708125
-0.946875
-0.789375
-0.218125
0.130625
0.479375
0.34125
0.09
0.1375
-0.01
0.07125
0.17125
0.095
0.356875
0.683125
0.960625
1.046875
0.94375
0.43875
-0.120625
-0.649375
-1.03375
-0.9575
-0.8375
-0.256875
0.25375
0.743125
1.178125
1.266875
1.00375
0.461875
-0.113125
-0.595625
-0.45875
-0.013125
0.309375
0.350625
0.09625
-0.66625
-0.953125
-0.909375
-1.041875
-0.826875
-1.075
-1.26
-1.388125
-1.326875
-1.104375
-1.008125
-0.84875
-0.966875
-1.165625
-1.74875
-2.0375
-2.065625
-1.74375
-0.81625
-0.013125
0.465625
0.69
0.471875
0.088125
-0.055625
-0.343125
-0.206875
-0.2625
-0.28875
-0.016875
-0.123125
0.13375
0.0825
-0.073125
-0.085625
-0.04125
0.249375
0.44
0.465
0.31375
-0.0075
-0.448125
-0.723125
-1.05
-1.436875
-1.576875
-1.35625
-1.12125
-0.36
0.405
0.809375
1.149375
0.895625
0.560625
0.071875
-0.095625
0.026875
0.068125
0.12125
-0.36
-1.0175
-1.48
-1.800625
-1.49125
-1.1275
-1.06875
-0.828125
-1.044375
-1.186875
-0.979375
-1.191875
-1.3025
-1.26125
-1.5225
-1.19375
-0.70375
-0.359375
0.305
0.645625
0.610625
0.736875
0.686875
0.466875
0.76625
0.5375
0.27625
0.116875
-0.318125
-0.049375
0.18625
0.26375
0.189375
-0.413125
-0.94125
-1.114375
-1.225625
-1.038125
-0.965
-1.149375
-1.224375
-1.368125
-1.40625
-1.28125
-0.85
-0.561875
-0.27375
0.185
0.24875
0.401875
0.59625
0.196875
-0.103125
-0.49
-1.11625
-1.2125
-1.39375
-1.311875
-0.7125
-0.180625
0.515
1.034375
1.075625
0.950625
0.61375
0.244375
-0.070625
-0.28125
-0.35375
-0.36125
0.009375
0.34
0.703125
0.681875
0.295
-0.265
-0.849375
-0.73
-0.6
-0.01
0.3525
0.0675
0.02625
-0.27375
-0.37875
0.1075
0.491875
0.468125
0.40625
-0.040625
-0.809375
-0.944375
-0.86
-0.788125
-0.221875
-0.00625
-0.153125
-0.29375
-0.719375
-1.14
-1.2
-0.849375
-0.366875
0.494375
1.035
1.143125
1.045
0.299375
-0.22375
-0.891875
-1.63125
-1.825625
-2.339375
-2.599375
-2.48
-2.40125
-2.084375
-1.593125
-1.365
-1.6
-1.596875
-1.85125
-2.0625
-1.75625
-1.66375
-1.30625
-0.86875
-0.5275
-0.235
-0.1
-0.11125
-0.468125
-0.878125
-1.5575
-1.92625
-1.869375
-1.830625
-1.481875
-1.536875
-1.66
-1.4525
-1.2925
-0.701875
-0.585625
-0.6525
-0.493125
-0.689375
-0.525
-0.60375
-1.2175
-1.58625
-1.594375
-1.318125
-0.50375
0.22
0.49375
0.674375
0.730625
0.49
0.314375
0.060625
-0.39625
-0.390625
-0.300625
-0.316875
-0.3875
-0.7425
-1.390625
-1.854375
-2.055
-2.18375
-1.773125
-1.02375
-0.28
0.374375
0.61375
0.53625
0.255625
0.18
0.27
0.36625
0.45
0.3325
-0.17
-0.818125
-1.27125
-1.68
-1.45375
-1.174375
-0.9225
-0.351875
-0.38625
-0.25625
-0.159375
-0.268125
-0.01375
0.161875
0.071875
-0.131875
-0.11375
-0.084375
0.124375
0.1275
-0.516875
-1.489375
-2.235
-2.388125
-1.909375
-0.89125
-0.04625
0.314375
0.1975
-0.083125
-0.40375
-0.754375
-0.70125
-1.043125
-1.486875
-1.439375
-1.6825
-1.619375
-1.140625
-1.013125
-0.7925
-0.44375
-0.346875
-0.205625
-0.23375
-0.35875
-0.505625
-0.57625
-0.116875
0.501875
1.06875
1.4675
1.351875
0.974375
0.64875
0.3525
0.3525
0.3525
0.3525
