1.54375
1.54375
1.54375
1.54375
1.15
1.71875
2.49375
2.45625
1.99375
1.2
0.69375
1.56875
2.7625
3.9
4.40625
3.91875
3.575
2.7125
1.99375
2.04375
1.66875
2.075
2.68125
2.31875
1.66875
0.84375
0.275
-0.0125
0.23125
0.3875
0.125
0.2
-0.56875
-1.30625
-1.975
-2.95625
-2.83125
-3.28125
-3.74375
-3.2875
-3.1375
-1.7625
-0.6
-0.11875
0.5875
0.09375
0.43125
0.03125
-1.65625
-2.75
-4.44375
-5.10625
-4.76875
-4.50625
-4.34375
-3.74375
-2.9625
-2.18125
-1.45
-1.875
-2.21875
-2.8
-2.825
-2.96875
-3.9875
-3.88125
-3.9875
-3.55
-2.13125
-1.93125
-1.45
-0.2875
-0.03125
0.68125
0.19375
-1.41875
-2.175
-3.05625
-2.54375
-1.50625
-1.1625
-1.075
-1.9125
-2.3375
-1.475
-0.54375
1.0125
2.23125
2.03125
2.29375
2.3
1.80625
1.925
1.8
2.075
2.5875
3.06875
3.6
3.28125
2.86875
1.45625
-0.4625
-1.81875
-2.975
-2.6875
-2.23125
-2.65
-2.84375
-3.70625
-4.05625
-3.06875
-1.9625
-0.21875
1.5875
2.4125
2.51875
1.79375
1.2
0.9875
1.31875
1.2
0.63125
0.7125
-0.1125
0.09375
-0.725
-2.6875
-3.45625
-4.8125
-4.54375
-3.53125
-2.81875
-1.13125
0.225
1.1875
2.01875
1.96875
1.4625
0.99375
-0.1375
-0.9375
-1.60625
-1.96875
-0.75
0.35
1.5625
2.6
2.61875
2.48125
2.0875
1.3625
-0.15625
-1.79375
-3.03125
-3.23125
-1.5375
0.41875
2.175
2.65625
1.6625
1.1875
0.9
1.24375
2.2
2.46875
2.30625
2.1125
1.75625
1.68125
1.51875
1.2875
0.8875
0.15
-0.49375
-1.48125
-2.29375
-2.7125
-2.35
-1.43125
-0.45625
-0.275
-0.8625
-1.46875
-2.2
-1.93125
-1.59375
-1.7
-1.75
-1.925
-1.525
-0.6625
0.58125
1.81875
3.025
4.19375
4.9125
4.51875
3.0875
1.2125
-0.5125
-0.34375
0.78125
2.46875
3.81875
3.8
3.275
2.6
2.10625
1.275
0.21875
-1.2625
-3.20625
-3.44375
-2.83125
-1.925
0.20625
0.2875
0.14375
0.29375
-0.6
0.15625
0.975
1.20625
2.05
2.325
2.3375
2.80625
2.65625
2.025
1.1875
0.13125
0.2125
1.14375
2.15625
2.54375
1.7625
0.45
-0.7375
-0.7625
-0.44375
0.03125
0.575
0.2125
-0.36875
-1.40625
-2.61875
-2.725
-2.1125
-0.74375
1.18125
2.16875
1.975
1.4625
0.05
-0.90625
-0.3875
-0.04375
0.74375
1.2875
0.35625
-0.3125
-1.25
-2.78125
-3.09375
-3.3625
-3.025
-1.48125
-0.60625
0.05
0.69375
0.88125
1.3375
1.65
0.99375
0.4875
-0.475
-1.2625
-0.75
-0.5
0.38125
1.7
2.36875
2.15
2.44375
1.9375
1.0625
1.5875
0.375
-0.875
-1.7625
-3.675
-4.3
-3.875
-3.95625
-3.0125
-2.50625
-2.7375
-1.9375
-1.7375
-0.73125
0.3875
1.0375
1.90625
1.4375
1.1375
0.1625
-0.98125
-1.475
-2.1375
-1.55
-0.475
1.04375
2.76875
3.61875
2.99375
1.7875
0.06875
-1.71875
-2.225
-2.5125
-2.9125
-2.59375
-2.10625
-2.00625
-1.1375
-0.4875
0.08125
1.20625
2.15
2.65
2.4625
2.025
1.41875
1.3
1.86875
2.8375
3.125
2.64375
1.53125
-0.26875
-1.3875
-2.01875
-2.4875
-2.5375
-2.64375
-2.05625
-1.6625
-2.26875
-2.25
-2.86875
-2.8625
-1.69375
-1.025
-0.36875
0.0625
0.475
0.6375
0.925
0.825
0.5625
0.59375
0.3875
0.59375
0.6875
0.58125
0.04375
-0.4
-1.26875
-2.3125
-2.175
-2.18125
-1.28125
0.6875
1.9625
2.7375
2.93125
1.86875
0.94375
0.65
0.075
0.4
0.35
0.36875
1.5375
1.85625
2.675
3.125
2.725
2.39375
1.9125
1.55625
1.01875
1.0875
1.125
1.38125
2.1625
2.78125
3.1375
3.41875
2.7875
1.41875
0.40625
-1.4125
-2.58125
-3.18125
-3.74375
-3.29375
-2.84375
-1.7375
-1.34375
-1.4375
-1.0875
-1.88125
-1.525
-1.01875
-1.2125
-1.2125
-1.2125
-1.2125
