137.2
137.2
137.2
137.2
142.0125
142.53125
141.34375
137.56875
128.825
130.31875
133.50625
129.26875
133.8125
132.9625
126.95625
130.55
127.125
120.0125
121.15
123.1625
127.63125
138.40625
139.66875
134.525
129.6125
122.48125
124.8
127.8875
131.20625
131.4375
125.61875
123.64375
124.79375
135.21875
143.56875
150.34375
148.36875
132.8875
122.6125
111.775
106.33125
108.1375
104.85
101.99375
100.94375
96.04375
96.30625
93.18125
88.15
92.84375
95.6625
107.975
120.4875
123.775
126.66875
118.63125
108.625
101.96875
94.225
96.05
104.65
112.6875
125.725
132.475
134.31875
141.30625
143.13125
143.39375
138.75
125.875
117.65
116.88125
125.925
136.59375
140.85625
135.825
121.04375
110.975
105.35
105.26875
114.875
118.44375
121.63125
126.81875
127.04375
130.61875
138.54375
145.2125
145.79375
143.94375
128.88125
110.93125
100.60625
92.8375
95.45
100.95
105.09375
109.43125
112.59375
110.16875
106.2
105.38125
103.09375
104.25
113.2125
117.85625
123.75625
133.2125
134.35625
136.15625
135.825
130.48125
130.9875
131.61875
134.59375
144.41875
147.0625
146.75625
145.775
139.55
138.0875
138.98125
137.50625
130.25625
116.71875
102.85
95.48125
96.9625
103.2875
112.0875
112.6625
109.60625
108.25625
105.09375
113.61875
124.55625
132.475
142.38125
140.0625
135.19375
131.24375
120.4625
110.9
105.4375
98.8875
101.50625
110.80625
118.71875
134.4375
144.90625
148.6375
151.41875
147.875
146.31875
146.19375
140.64375
128.76875
111.36875
96.71875
91.88125
99.69375
111.96875
125.55625
130.4375
125.39375
121.05
109.46875
101.6875
101.65625
100.61875
111.6375
122.3125
128.2875
137.03125
133.60625
130.525
124.85625
115.90625
112.49375
113.225
116.0875
120.5875
128.14375
128.41875
130.24375
128.39375
123.49375
120.025
115.46875
118.49375
114.09375
115.8625
118.71875
114.1625
118.6625
114.175
112.3625
112.90625
110.56875
112.81875
112.1125
110.03125
112.05
114.4
113.46875
119.0875
122.63125
130.78125
145.0875
150.40625
150.375
144.4125
135.19375
129.35625
131.56875
135.09375
136.05
137.83125
129.38125
115.70625
103.38125
95.8375
100.30625
109.61875
119.9625
125.4625
121.53125
121.925
120.75
114.73125
112.88125
107.225
109.76875
121.48125
134.80625
142.76875
139.5625
127.70625
111.3375
98.33125
96.8875
99.70625
105.54375
114.34375
109.70625
105.19375
103.15625
104.48125
117.36875
131.9
142.775
148.6875
144.9125
137.6625
131.45
120.56875
114.53125
112.13125
105.06875
104.89375
105.41875
100.7875
108.225
113.23125
117.23125
130.84375
132.23125
132.24375
132.16875
120.925
115.35
120.10625
123.775
134.325
141.2125
131.24375
129.08125
126.24375
124.00625
134.45
138.56875
141.325
144.06875
141.84375
133.29375
121.34375
111.8
103.29375
103.6375
107.38125
111.53125
110.25625
110.25625
115.65
118.83125
128.6875
131.14375
123.20625
120.51875
115.05625
115.35
123.10625
120.39375
118.6875
113.13125
103.9625
106.0
112.0625
118.1125
125.4125
129.275
129.23125
132.6
138.90625
140.73125
141.91875
141.5
137.525
135.48125
129.63125
126.71875
124.84375
128.1
135.68125
137.41875
133.73125
126.01875
120.34375
120.1625
124.8875
129.73125
135.34375
138.26875
145.98125
153.45625
154.525
150.80625
137.5125
119.6125
102.5875
90.35
87.6875
88.26875
94.8625
104.91875
108.8625
120.49375
131.75625
139.55625
145.21875
144.79375
137.96875
129.78125
129.84375
126.1875
125.46875
128.91875
128.55
135.2625
143.625
146.375
146.7875
138.99375
130.325
124.13125
114.98125
115.01875
116.1875
124.60625
139.3875
147.28125
150.80625
139.18125
123.875
110.2
99.075
96.18125
96.24375
96.25
97.16875
99.4
99.3125
100.725
101.9875
100.93125
104.90625
109.225
113.78125
117.1625
111.79375
105.1
101.4625
106.2125
116.08125
124.96875
125.80625
116.10625
107.325
101.16875
99.76875
103.35
104.30625
103.95
105.9875
109.73125
119.11875
127.19375
133.49375
135.08125
126.13125
122.825
117.66875
112.34375
113.225
104.9875
94.66875
91.75625
95.05
107.51875
127.44375
144.78125
151.125
150.5625
145.43125
137.15625
134.43125
137.14375
135.1875
132.6375
128.5625
122.5375
123.4
127.15
131.6625
129.90625
128.85625
122.21875
115.58125
115.09375
108.2
105.14375
106.475
106.95625
114.6375
125.63125
132.2375
138.3
137.725
130.74375
123.7625
120.95
120.6125
128.51875
132.1
128.43125
128.925
121.5375
123.2
129.825
132.73125
136.86875
131.55625
122.86875
111.38125
106.54375
108.46875
117.15625
127.35
128.25
125.46875
114.94375
103.95625
97.41875
93.8375
91.50625
92.925
95.65625
96.6125
99.4
101.625
101.225
98.5625
100.68125
100.175
99.10625
102.94375
98.3375
98.05
102.3625
104.1875
110.40625
110.6125
107.55
107.25625
102.65
107.375
116.66875
120.64375
128.1375
121.10625
106.025
94.19375
84.2375
88.80625
101.54375
115.3
131.63125
138.0375
135.45625
130.05
115.35
106.40625
104.0125
102.6375
106.5
108.20625
108.20625
113.325
122.38125
128.43125
135.63125
136.2375
132.63125
136.48125
141.71875
141.71875
141.71875
141.71875
