4.6625
4.6625
4.6625
4.6625
4.51875
4.4875
4.6875
4.71875
4.94375
5.18125
5.5125
6.06875
6.3125
6.58125
6.38125
6.06875
6.05
5.64375
5.65
5.71875
5.7625
5.81875
5.71875
5.33125
4.54375
3.9375
3.275
2.8375
2.88125
2.89375
3.4
4.46875
5.30625
6.64375
7.2875
7.36875
7.56875
6.81875
6.875
6.4375
5.95
6.26875
5.8625
6.04375
6.6125
6.475
6.56875
6.7375
6.0625
6.10625
6.2
6.175
6.8
7.35
7.825
8.18125
8.35625
8.28125
7.94375
7.525
7.1125
6.3625
6.125
5.875
5.40625
5.2
4.54375
4.2
4.05
4.15625
4.40625
4.425
4.84375
4.9125
5.225
5.8625
5.89375
6.2625
6.48125
6.4375
6.55625
6.3375
6.05625
5.85625
5.5
5.23125
5.0125
4.5375
4.3125
4.65
4.95625
5.65
6.5125
6.64375
6.83125
6.51875
5.9625
5.6375
5.16875
5.2875
5.225
5.2
5.6375
5.6125
5.975
6.075
5.88125
6.28125
6.55
7.35
7.8
7.425
7.0
6.15625
5.75625
5.975
5.925
6.1125
6.1
5.88125
5.8875
5.525
5.43125
5.54375
5.61875
5.8875
5.675
4.91875
4.55
4.54375
5.025
5.6875
5.8625
5.6
5.11875
4.8875
4.875
5.2375
5.35
5.5375
5.86875
5.69375
5.85
5.8625
5.525
5.50625
5.24375
4.89375
4.55
4.30625
4.7875
5.10625
5.91875
6.625
6.20625
6.2375
5.7125
4.86875
4.5875
4.11875
4.0625
4.4
5.05
5.48125
5.54375
5.4125
4.95
4.9
5.25
6.1625
6.96875
7.3875
7.325
6.575
6.1625
5.7875
5.9625
5.975
5.5625
5.3875
4.71875
4.5125
4.6625
5.03125
6.01875
7.05625
7.8
7.80625
7.16875
6.54375
6.2375
6.5
6.6625
6.45
6.09375
5.40625
5.21875
5.4
5.53125
5.825
5.94375
5.7625
5.44375
5.51875
5.60625
5.90625
6.25
5.8625
5.63125
5.1625
5.325
5.6
5.55
6.1875
5.8625
5.925
6.275
5.775
5.78125
6.025
6.20625
6.5
6.71875
6.30625
5.7875
5.825
6.29375
6.8875
7.525
7.83125
7.49375
7.2
6.95
6.4375
5.90625
5.63125
5.3125
5.3
5.45625
5.44375
5.125
4.8
4.85
4.85
5.33125
6.1875
6.5625
6.83125
6.8125
5.9875
5.575
5.3625
5.50625
5.925
6.0125
5.81875
5.1375
4.90625
4.9125
5.11875
5.5625
5.65
5.25
5.125
5.25625
5.04375
5.4125
5.75
5.64375
6.08125
6.425
6.125
6.1875
6.075
5.6375
5.625
5.21875
5.00625
5.18125
5.74375
6.575
7.08125
7.36875
6.85625
6.21875
5.8
5.3875
5.4375
5.66875
5.56875
5.28125
5.0625
4.95625
5.25
5.975
6.54375
6.85
7.3375
7.49375
7.725
7.675
7.2875
6.94375
6.5
6.95
7.16875
7.4375
7.7375
7.025
6.54375
6.09375
5.70625
5.88125
6.05625
6.2125
6.19375
5.90625
5.39375
4.79375
4.43125
4.4875
4.95625
5.43125
5.8
5.64375
5.3375
5.275
5.2125
5.56875
5.8875
6.2125
6.375
6.4875
6.83125
6.675
6.84375
6.7375
6.16875
6.1
5.86875
5.9375
6.2375
6.30625
6.09375
5.8375
5.63125
5.94375
6.81875
7.3875
7.90625
7.40625
6.625
6.06875
5.5125
6.08125
6.63125
7.3625
7.7125
7.26875
6.75625
6.03125
6.0
6.225
6.38125
6.39375
6.00625
5.34375
5.0625
5.11875
5.36875
5.7625
5.74375
5.29375
4.7375
4.45625
4.40625
4.7125
4.6875
4.65625
4.725
4.86875
5.34375
5.65625
5.7
5.35
5.33125
5.0875
5.13125
5.4
5.31875
5.6875
5.7875
6.34375
6.9875
7.24375
7.54375
7.05
6.26875
5.65
5.225
5.26875
5.5375
5.8
6.2
6.1125
6.14375
6.13125
5.2875
5.3625
5.00625
4.8125
5.34375
4.975
5.21875
5.35
5.2625
5.58125
5.4625
5.28125
5.2
4.8625
4.825
4.75625
4.875
5.40625
5.5875
6.15
6.325
6.2375
6.40625
6.2625
6.1625
6.36875
6.275
6.1875
6.16875
5.46875
5.21875
5.2375
5.23125
5.7125
6.30625
6.44375
6.8125
7.2125
6.78125
6.7625
6.4875
6.3375
6.775
6.44375
6.49375
5.9
5.275
5.28125
4.80625
4.925
4.8625
4.775
4.86875
4.675
4.5625
4.85625
5.30625
5.8625
6.7
6.85625
6.93125
7.00625
6.63125
6.45
6.01875
5.74375
5.71875
5.55
5.78125
5.85625
5.90625
6.38125
6.425
6.2375
6.15625
5.5875
5.3
5.14375
5.13125
5.60625
6.35625
7.31875
7.7625
7.9375
7.525
6.94375
6.8625
6.83125
7.3
7.8
7.7125
7.55625
6.94375
6.63125
6.59375
6.64375
6.85625
6.5875
6.575
6.3875
6.225
6.2875
6.1125
6.40625
6.59375
6.975
7.25625
6.96875
7.2
7.0625
6.95
7.06875
6.3375
5.7625
5.30625
4.6875
4.58125
4.41875
4.5375
4.875
5.1625
5.9
6.1375
6.40625
6.85625
6.68125
6.8375
6.7625
6.29375
5.89375
5.71875
5.85
6.1875
7.08125
7.6375
8.0125
8.56875
8.73125
8.44375
8.025
7.45
6.66875
6.7875
7.45625
8.075
8.7125
8.69375
7.88125
6.925
6.55
6.1875
6.1625
6.475
6.1625
6.03125
6.40625
6.28125
6.16875
6.25
5.88125
5.925
6.18125
6.0875
5.54375
4.8375
4.25625
3.90625
3.9625
4.16875
4.59375
5.04375
5.69375
6.2875
6.275
5.8625
5.4
5.1375
5.0125
5.3125
5.34375
5.225
5.075
4.80625
4.69375
4.51875
4.73125
5.40625
6.0875
6.975
7.74375
7.6
7.60625
7.175
6.35625
6.24375
5.83125
5.6125
5.85
5.775
5.85625
5.84375
5.725
5.75625
5.8375
6.21875
6.4
6.675
7.025
6.94375
7.05625
6.425
5.86875
5.575
5.375
6.03125
6.06875
6.2625
6.2125
6.1375
6.49375
6.61875
6.7
6.24375
5.98125
6.0
6.05625
6.1375
6.1875
6.03125
6.05
6.25
5.7875
5.075
4.4875
3.975
4.19375
4.9375
5.2875
5.9375
6.31875
6.2125
6.45625
6.15625
5.5625
5.34375
4.79375
4.38125
4.3875
4.4625
4.76875
5.5375
6.31875
6.30625
6.56875
6.15625
5.50625
5.46875
4.58125
4.2625
4.0375
3.81875
4.2875
4.29375
4.40625
4.91875
5.4125
5.98125
6.53125
6.225
5.4875
5.1125
4.5625
4.475
4.71875
4.8125
5.2375
5.9375
6.75
7.33125
7.71875
7.5
7.1625
6.96875
6.54375
6.24375
5.89375
5.5375
5.40625
5.6
5.575
5.61875
5.7875
5.775
5.93125
5.9125
5.55
4.84375
4.2375
3.7125
3.8375
4.88125
5.81875
7.0375
7.35625
6.61875
5.83125
4.53125
3.675
3.575
3.74375
4.4375
5.03125
5.55625
6.31875
6.59375
7.1375
7.24375
6.95
6.775
6.8375
7.13125
7.03125
7.36875
6.90625
6.49375
6.6375
6.1875
6.025
5.58125
4.75625
4.2875
3.99375
4.00625
4.45625
4.71875
4.9125
5.36875
5.60625
6.43125
7.26875
7.5375
7.80625
7.24375
7.125
7.46875
7.70625
8.28125
7.84375
6.90625
6.01875
5.2875
5.4125
5.7375
6.175
6.43125
6.6625
6.7375
7.09375
7.475
7.10625
7.125
6.40625
5.89375
5.93125
6.20625
6.825
6.9
7.31875
6.825
6.59375
6.6375
6.01875
6.15625
5.775
5.625
5.975
6.14375
6.7875
7.49375
7.95
8.34375
8.48125
8.3875
8.1125
7.64375
7.3125
6.98125
6.6
6.8125
7.18125
7.15625
7.29375
6.825
5.95625
5.3125
4.7375
4.09375
3.7
3.5875
3.475
3.725
3.9875
4.5875
5.4625
6.24375
6.9625
6.89375
6.50625
6.03125
5.6875
5.45625
5.18125
5.225
4.89375
4.95625
5.19375
4.98125
5.125
5.24375
5.1875
5.3375
5.15
4.50625
3.89375
3.58125
3.71875
4.39375
5.18125
5.6875
5.90625
5.84375
5.66875
5.49375
5.5125
5.5
5.44375
5.04375
4.575
4.44375
4.675
5.2625
5.99375
6.29375
6.3125
6.48125
6.19375
5.9875
5.65625
5.16875
4.7
4.45
4.25625
4.45
4.9625
5.5
6.3375
6.21875
6.00625
5.5
4.81875
4.8625
5.3125
6.10625
6.8875
7.90625
8.29375
8.425
8.55625
8.2875
8.0
7.775
7.70625
7.3875
7.35
7.18125
6.6
6.51875
6.65
7.08125
7.525
7.31875
6.84375
6.2
5.73125
5.58125
5.6875
5.6875
5.825
6.25625
6.11875
6.15625
6.31875
6.14375
6.15
5.94375
5.7
5.48125
5.70625
6.0875
5.79375
5.69375
5.1125
4.4625
4.4
4.30625
4.575
5.01875
5.36875
5.43125
5.325
5.1
5.04375
5.56875
6.09375
6.725
7.41875
7.78125
7.975
7.89375
7.58125
7.21875
7.21875
7.2125
6.69375
6.06875
5.0
4.475
4.725
5.10625
5.85625
6.44375
6.61875
6.68125
6.9625
6.6375
6.525
6.975
6.69375
6.875
7.08125
6.56875
6.6625
7.03125
7.16875
7.575
7.55
6.7375
6.28125
5.825
5.50625
5.525
4.95
4.24375
3.7
3.3375
3.525
4.0625
4.6875
5.2875
5.5375
5.35625
4.8375
4.54375
4.8
5.1
5.96875
6.75
7.1
7.93125
7.9625
7.31875
6.55625
5.73125
5.475
5.79375
6.25
6.275
5.8
5.25625
5.0
4.65
5.19375
5.73125
5.8625
6.475
6.1125
5.90625
6.06875
6.275
7.075
7.7125
7.9
7.63125
7.01875
6.40625
6.2375
6.14375
6.20625
6.1625
5.76875
5.44375
5.125
4.8
4.575
4.5625
4.4375
4.41875
4.45
4.06875
3.85625
3.54375
3.28125
3.5875
3.78125
4.4125
5.39375
6.00625
6.6125
6.8875
6.3625
5.71875
5.7125
5.5375
5.95625
6.5125
6.04375
5.9375
5.44375
5.0875
5.63125
6.1875
6.84375
7.575
7.675
7.00625
6.53125
5.9125
5.25625
5.51875
5.61875
5.69375
6.18125
6.025
5.90625
5.6
4.90625
4.99375
5.35625
5.85
6.375
6.00625
5.28125
4.79375
4.63125
4.86875
5.1375
5.09375
4.83125
4.56875
4.79375
5.55
6.325
7.5
7.7
7.00625
6.44375
5.14375
4.45625
4.575
5.0
5.70625
6.66875
7.25
7.03125
7.0125
6.38125
5.73125
5.54375
5.4625
5.8625
6.45625
6.84375
6.41875
5.7625
5.025
4.51875
4.8
5.13125
5.25
5.675
5.81875
6.1
6.56875
6.23125
6.34375
6.1375
6.325
7.0
7.03125
7.30625
7.00625
6.575
6.25
5.86875
5.39375
5.03125
4.86875
4.9
5.2125
5.80625
6.225
6.425
6.81875
6.41875
6.325
6.0375
5.59375
5.66875
5.43125
5.40625
5.03125
4.65
4.55625
4.35
4.78125
5.2625
5.475
5.81875
5.55625
5.16875
5.01875
5.2375
6.00625
6.79375
7.65625
7.90625
7.79375
7.75
7.10625
6.925
6.86875
6.43125
6.5125
6.09375
5.6375
5.80625
5.54375
5.73125
5.94375
5.54375
5.56875
5.26875
4.75625
4.6125
4.24375
4.25
4.4375
4.96875
5.9875
6.5
7.01875
6.64375
5.8875
5.6125
5.4
6.15
6.56875
6.85
7.40625
7.23125
7.9
8.225
7.9625
7.6375
6.8
6.35625
6.0
6.51875
6.85625
7.075
7.86875
7.64375
7.5125
7.15625
5.9375
5.15
4.71875
4.7375
5.24375
6.00625
5.9375
5.58125
5.0875
4.275
4.35625
4.63125
5.26875
6.33125
7.29375
8.39375
9.23125
9.525
9.35625
8.7375
8.1875
7.6375
7.55
7.575
7.375
7.28125
6.50625
5.5375
4.83125
4.46875
4.66875
5.24375
5.94375
6.66875
7.3875
8.125
8.06875
7.475
6.6125
5.70625
5.925
6.68125
7.6
8.21875
7.9375
7.15625
6.43125
5.9125
6.06875
6.2375
6.48125
6.7375
6.09375
5.6625
5.1
4.43125
4.68125
5.2125
5.76875
6.7125
7.3
7.54375
7.675
7.475
7.48125
7.6
7.59375
7.3875
6.725
5.8875
5.5625
5.4125
5.3625
5.21875
4.61875
4.46875
4.46875
5.05
6.125
7.0
8.09375
8.6375
8.575
8.08125
7.15
6.41875
5.83125
5.49375
5.38125
5.25625
5.1375
4.86875
4.50625
3.9875
3.7625
3.6375
3.68125
4.05
4.35
4.66875
5.075
5.71875
6.30625
7.225
7.95625
8.2875
8.56875
8.73125
8.9125
8.58125
8.225
7.125
6.275
6.2
5.79375
6.2625
6.25
5.76875
6.20625
6.3125
6.63125
7.1
6.775
6.2875
6.06875
5.9625
6.1125
6.5
6.2375
5.88125
5.70625
5.3875
5.375
5.4125
4.73125
4.4125
4.43125
4.66875
5.36875
5.6
5.4375
4.95625
4.59375
4.4875
4.68125
4.7875
4.75625
4.6
4.14375
3.9625
3.85
3.7875
4.04375
4.21875
4.725
5.175
5.19375
5.31875
4.93125
4.69375
4.9625
4.925
5.14375
5.4125
5.23125
5.475
5.53125
5.51875
5.83125
5.54375
5.425
5.2
5.0125
5.40625
6.1375
6.98125
7.85
8.65
8.54375
8.28125
7.35625
6.45625
6.16875
5.9
6.1375
5.7375
5.25
4.9375
4.7875
5.36875
5.8875
5.95625
6.10625
5.7625
5.7375
6.2375
6.01875
6.08125
5.54375
4.7375
4.83125
5.2
5.9625
6.95625
7.29375
6.88125
6.4625
5.8375
5.2875
5.5625
6.175
7.25
8.39375
8.7875
8.7875
8.20625
7.6875
7.28125
6.875
6.5625
6.65
6.95
6.8
6.55625
5.64375
5.31875
5.5
5.85625
6.51875
6.19375
5.63125
5.325
4.7625
4.79375
5.125
5.20625
5.5625
5.475
5.45625
5.375
5.23125
5.44375
5.28125
5.21875
5.29375
5.44375
6.2375
6.99375
7.4875
7.775
7.20625
6.86875
6.66875
6.2125
6.325
5.80625
5.225
5.5
5.38125
6.0625
6.85
6.7375
7.30625
7.24375
7.0375
7.325
6.59375
6.11875
5.75
5.1375
5.38125
5.625
6.0875
6.725
6.775
6.98125
6.975
7.0625
7.75625
7.93125
7.91875
7.3875
6.6125
6.2625
6.25
6.5125
6.43125
6.5125
6.425
6.61875
7.20625
7.0875
6.6375
6.15
5.31875
4.9875
5.2125
5.075
5.3125
5.46875
5.4
5.18125
4.8875
4.6
4.65
5.3125
6.05625
6.91875
6.9875
6.825
6.45625
6.1875
6.49375
6.68125
6.75625
6.2875
5.58125
5.19375
4.9625
5.3125
5.675
5.7875
6.075
6.26875
6.925
7.58125
8.3
8.8625
9.275
9.50625
8.99375
8.53125
7.35
6.35
6.125
5.85
6.35
6.575
6.7875
6.84375
6.68125
7.25
7.075
7.49375
7.5125
6.675
6.4875
5.8875
5.64375
5.6875
5.5
4.975
4.7625
4.925
5.175
5.5875
5.48125
4.88125
4.41875
4.30625
4.29375
4.99375
5.6125
5.83125
6.15625
5.4875
4.75
4.8
5.1625
6.55
8.11875
8.7875
9.39375
9.2375
8.65
8.4875
7.675
6.88125
6.35625
5.99375
6.2
6.78125
7.34375
7.2
6.8875
6.5375
6.15
6.49375
6.8875
7.40625
8.23125
8.4
8.51875
8.40625
7.54375
7.23125
6.5375
5.50625
5.04375
4.625
4.5875
4.99375
5.36875
5.2625
5.2625
4.9875
4.5125
4.19375
4.225
4.33125
4.88125
6.10625
6.475
6.86875
7.14375
6.375
6.2
6.65625
6.75
7.625
8.1125
7.64375
7.1375
6.5125
6.48125
7.03125
7.80625
8.19375
7.73125
7.08125
6.36875
5.73125
5.5375
5.2125
5.0
4.69375
4.36875
4.33125
4.63125
5.71875
6.9125
7.925
8.20625
7.44375
6.5875
5.7125
5.175
5.10625
4.8875
4.48125
4.0125
3.55625
3.5
3.74375
4.05
4.45
4.95
5.28125
5.83125
6.29375
6.08125
6.48125
6.84375
7.2
7.83125
7.95
7.325
7.09375
7.325
7.14375
7.59375
7.38125
6.35625
5.95
5.55625
5.45
5.775
5.7
5.475
4.90625
4.3125
4.3125
4.8625
6.04375
7.18125
7.91875
7.94375
7.51875
7.34375
6.83125
6.2875
5.7375
5.2375
5.0
5.2875
6.01875
6.5
7.2375
7.53125
7.35
6.91875
6.33125
6.3375
6.49375
6.94375
7.1625
6.96875
6.8875
6.7875
7.05625
6.83125
6.925
6.94375
6.56875
6.76875
6.16875
5.4
4.95
4.31875
4.2375
4.25
4.075
4.28125
4.5875
5.59375
7.0125
7.8875
8.175
7.68125
6.875
6.36875
6.1375
5.8625
5.5375
5.23125
5.20625
5.4875
5.86875
6.25625
6.19375
6.08125
5.7
5.25625
5.1875
5.275
5.8
6.325
6.6375
6.7875
6.45
6.05625
5.8875
5.95
6.73125
7.73125
8.41875
8.69375
8.11875
7.13125
6.3
5.26875
4.625
4.31875
4.0125
4.44375
4.84375
5.0375
5.31875
4.95625
4.68125
4.54375
4.16875
4.30625
4.8125
5.34375
6.425
7.2125
7.35625
7.675
7.3875
7.50625
7.60625
7.31875
6.88125
5.9
5.3125
4.8
4.80625
4.8875
4.76875
4.8375
4.63125
4.89375
5.2125
5.65625
6.24375
6.225
6.41875
6.0625
5.70625
5.39375
4.86875
4.91875
4.9875
5.375
5.94375
6.2875
6.58125
6.78125
6.4
5.7375
5.24375
4.75
4.71875
5.23125
5.40625
5.98125
6.25625
5.9875
6.01875
5.2375
5.26875
5.85
6.56875
7.7125
7.94375
7.75625
7.06875
6.5375
6.28125
6.2625
6.14375
5.59375
5.10625
4.34375
4.475
4.86875
5.20625
5.55
4.9375
4.40625
3.9875
4.04375
4.8875
5.725
6.39375
6.54375
6.06875
5.45625
5.13125
5.46875
5.875
6.5375
7.15625
6.90625
6.65
6.06875
5.29375
4.89375
4.76875
4.775
5.1125
5.4875
5.71875
5.7125
5.4375
5.11875
5.125
5.69375
6.0125
6.41875
6.23125
5.40625
4.875
4.1875
4.1375
4.48125
4.9875
5.9375
6.4875
6.94375
6.8
6.55625
6.23125
6.0125
6.35
5.9625
6.125
6.3625
6.15625
6.9375
7.1375
6.8375
6.99375
6.65625
6.475
6.70625
6.5375
6.1375
5.7625
5.39375
5.63125
5.9375
5.95625
5.71875
5.28125
5.00625
5.11875
5.69375
5.8375
6.375
6.80625
6.9625
7.3875
7.08125
6.95
6.7125
6.50625
6.575
6.70625
7.2625
7.6125
8.0125
7.84375
6.925
6.00625
5.5125
5.28125
5.3625
5.7
5.41875
5.225
5.4625
5.99375
6.9375
7.86875
8.65
8.85625
8.4625
8.46875
8.29375
8.48125
9.20625
9.075
8.55
7.35
5.8625
4.775
4.26875
4.2375
4.2375
4.2375
4.2375
