1.043125
1.043125
1.043125
1.043125
1.13125
1.154375
1.150625
1.095625
1.063125
1.100625
1.1275
1.18375
1.2175
1.2125
1.1975
1.15625
1.15375
1.14375
1.14375
1.19125
1.178125
1.136875
1.105625
1.075
1.100625
1.176875
1.21875
1.200625
1.12375
1.034375
0.99625
0.995625
1.0225
1.075
1.064375
1.056875
1.0725
1.0625
1.098125
1.16
1.16
1.12875
1.101875
1.0125
0.965625
0.98125
0.945625
0.94125
0.945
0.903125
0.91125
0.90125
0.88125
0.851875
0.801875
0.77
0.776875
0.858125
0.965625
1.095625
1.140625
1.09125
1.03875
0.954375
0.933125
0.989375
1.005625
1.039375
1.036875
1.008125
1.013125
1.01125
1.0775
1.111875
1.135625
1.15375
1.110625
1.0825
1.038125
1.00125
0.9625
0.94125
0.936875
0.92625
0.9075
0.89625
0.90875
0.906875
0.94875
0.985
0.98875
1.0275
1.073125
1.061875
1.048125
1.016875
0.945
0.9425
0.993125
1.04375
1.09
1.1125
1.0775
1.024375
0.968125
0.914375
0.86625
0.841875
0.86
0.8725
0.885
0.90625
0.931875
0.944375
0.97375
0.99
0.979375
0.99125
1.01
1.024375
0.988125
0.94125
0.869375
0.800625
0.789375
0.805
0.85
0.91375
0.998125
1.076875
1.129375
1.139375
1.1
1.01375
0.936875
0.893125
0.875625
0.884375
0.929375
0.975625
1.015
1.064375
1.04125
0.98
0.906875
0.86
0.835
0.865
0.91625
0.919375
0.94375
0.954375
0.975
0.995625
1.006875
0.98
0.919375
0.909375
0.935625
0.975
1.02625
1.005625
0.936875
0.87375
0.820625
0.829375
0.879375
0.9475
1.0275
1.08125
1.095625
1.078125
1.026875
0.980625
0.93
0.92125
0.973125
0.99875
1.026875
1.03125
0.965
0.9225
0.91
0.881875
0.856875
0.8825
0.87
0.920625
1.014375
1.04125
1.128125
1.118125
1.090625
1.051875
0.97875
0.960625
0.941875
0.948125
0.934375
0.911875
0.865625
0.8175
0.813125
0.86125
0.95125
1.069375
1.11
1.075625
1.009375
0.94625
0.940625
0.96
0.989375
0.943125
0.93125
0.901875
0.92125
0.9875
0.964375
0.960625
0.86
0.795625
0.816875
0.838125
0.914375
0.921875
0.878125
0.855625
0.875
0.92875
0.99375
1.01625
0.94625
0.87625
0.794375
0.755
0.78125
0.814375
0.856875
0.878125
0.88
0.889375
0.901875
0.94375
0.98125
1.004375
1.03625
1.03875
1.064375
1.06875
1.083125
1.046875
0.958125
0.8975
0.82
0.8
0.81125
0.849375
0.8875
0.924375
0.983125
1.018125
1.04875
1.099375
1.12625
1.0925
1.06625
0.990625
0.92625
0.9125
0.885625
0.868125
0.826875
0.809375
0.810625
0.845625
0.890625
0.93625
0.973125
0.97125
0.98875
0.955
0.948125
0.965
0.956875
0.954375
0.876875
0.83875
0.82
0.836875
0.90875
0.939375
0.970625
0.98
1.02375
1.02125
1.01125
1.001875
0.95375
0.944375
0.97125
1.02625
1.0425
1.083125
1.058125
1.013125
1.01375
0.993125
1.004375
0.991875
0.950625
0.90625
0.88625
0.895625
0.9325
1.008125
1.00625
1.01
1.015625
0.963125
0.975625
0.9775
0.959375
0.98
0.97875
0.97375
0.99
0.975
0.9625
0.939375
0.88125
0.84
0.801875
0.793125
0.808125
0.823125
0.86375
0.901875
0.946875
0.970625
0.970625
0.9375
0.911875
0.955625
0.98
1.0275
1.060625
1.01875
1.02625
1.05625
1.08625
1.143125
1.17375
1.14125
1.125625
1.095625
1.071875
1.108125
1.1375
1.198125
1.201875
1.15625
1.0525
0.909375
0.8625
0.82875
0.89375
0.98
0.97875
1.0125
0.956875
0.915
0.900625
0.891875
0.91
0.9225
0.94375
0.89875
0.866875
0.843125
0.8425
0.89
0.949375
0.981875
0.995625
0.98375
0.96375
0.934375
0.893125
0.883125
0.87125
0.89875
0.9425
0.971875
0.976875
0.966875
0.933125
0.898125
0.9025
0.931875
0.9975
1.060625
1.090625
1.043125
1.003125
0.966875
0.96375
1.023125
1.039375
1.03625
0.99375
0.92375
0.85
0.840625
0.891875
1.005625
1.005625
1.005625
1.005625
