0.0430304375
0.0430304375
0.0430304375
0.0430304375
0.04939835
0.057619125
0.0623964375
0.0617675875
0.0540951125
0.04464289375
0.03922770625
0.03959859375
0.04512670625
0.04726826875
0.04510856875
0.04382650625
0.04059570625
0.0428780625
0.0456756375
0.042751675
0.03881895
0.028817825
0.02423815625
0.0248157125
0.03023716875
0.04270225
0.0515370375
0.063295225
0.0689636
0.0717543125
0.07140129375
0.064759225
0.06169609375
0.05568071875
0.053334925
0.04825538125
0.04020015
0.03354895625
0.0265455
0.027792075
0.0345252125
0.04740281875
0.06177238125
0.07303384375
0.07910955
0.0756084875
0.06841225625
0.06226831875
0.06009641875
0.06172509375
0.0642907
0.06056725625
0.0519388875
0.046046025
0.04630910625
0.050817675
0.05987575625
0.0676762875
0.0680053875
0.06830095
0.06508676875
0.0606323875
0.0584304375
0.0597660875
0.0648600125
0.072280225
0.07575864375
0.07634435
0.074348925
0.0703252375
0.071812475
0.0701731125
0.0664497125
0.060996075
0.0565701375
0.0595315875
0.065547075
0.07261485625
0.07738383125
0.07235358125
0.06834289375
0.06219933125
0.05226898125
0.04858998125
0.04597375
0.0513873375
0.063480425
0.07416695625
0.082181075
0.08018975
0.07703595
0.07456650625
0.06781500625
0.06539598125
0.06094869375
0.05626696875
0.05395513125
0.0556074375
0.05201933125
0.04741856875
0.0482517875
0.04730506875
0.05221408125
0.06012754375
0.06231946875
0.06105091875
0.06206190625
0.059596025
0.061949575
0.06342724375
0.0594039375
0.055242275
0.0507133375
0.0513966375
0.055433825
0.06267555625
0.06147063125
0.05510776875
0.04933329375
0.04648221875
0.052825275
0.063594025
0.07302661875
0.0779004
0.0786865375
0.07797871875
0.07428291875
0.0683346875
0.0657279875
0.06118104375
0.06486249375
0.06848999375
0.06726686875
0.06663384375
0.05873214375
0.0515014125
0.0468675125
0.04313755625
0.0389053125
0.04047444375
0.04210985625
0.04224241875
0.0470561625
0.04353798125
0.03831810625
0.036302775
0.03251673125
0.03289665
0.0364811125
0.0384301625
0.04029731875
0.0463304375
0.05054738125
0.0593231375
0.06750284375
0.0715165875
0.07636745625
0.07211205
0.07018293125
0.0654099375
0.0620764875
0.06350160625
0.05833965
0.05822129375
0.05629748125
0.05647065625
0.06088931875
0.06375240625
0.06668935
0.0631522375
0.06017549375
0.0565546
0.04817169375
0.050148975
0.05216795
0.05193313125
0.05916220625
0.06019705625
0.0590853
0.06248113125
0.06287705625
0.0584865375
0.0594757
0.05568051875
0.0502932125
0.0498537
0.046536525
0.048578475
0.05080476875
0.0528697125
0.05107835625
0.0461604
0.0468161875
0.05209706875
0.0658305125
0.07701810625
0.081838525
0.07775179375
0.06523033125
0.05775246875
0.0542971125
0.054780775
0.05702798125
0.059747875
0.0584295625
0.06207938125
0.07005483125
0.07079905625
0.07665505
0.07788595
0.073670175
0.07394693125
0.07305906875
0.069763025
0.0701065375
0.0705826125
0.06470335625
0.0636404625
0.0601366875
0.05845303125
0.06028754375
0.0554844
0.05229980625
0.0450290875
0.039725175
0.03825511875
0.03854928125
0.04232671875
0.045244275
0.04862373125
0.05049575625
0.05294258125
0.06026154375
0.06966485625
0.07599415625
0.07796586875
0.07044035
0.06091995
0.05400395
0.04925785
0.04913684375
0.04655370625
0.04358865
0.04095293125
0.03935371875
0.0446197
0.05236565
0.061081825
0.06876149375
0.0673235375
0.06411486875
0.05924250625
0.05339991875
0.05180281875
0.050123825
0.0491383
0.051951575
0.0553915
0.05785545625
0.059815025
0.06067625625
0.06353054375
0.067218525
0.0700031125
0.06677540625
0.0617635125
0.052654075
0.04941640625
0.04952385
0.045598925
0.05007978125
0.04695475
0.048255425
0.0583066875
0.06337176875
0.0764508875
0.0853633
0.082841075
0.0813632375
0.0750132625
0.070019175
0.0774135375
0.0836077625
0.08807175
0.0903937125
0.0847912125
0.07986665625
0.0763743125
0.07581013125
0.0766781625
0.0753955625
0.0747090125
0.069663525
0.061725325
0.05593775625
0.0470235875
0.04075723125
0.038028475
0.03718611875
0.037536925
0.0368126875
0.0344195
0.0266181
0.02423815625
0.0276442875
0.03615855
0.048194625
0.0526586125
0.0523605875
0.04634834375
0.04230085
0.0436748125
0.04470265
0.05026478125
0.05346654375
0.05503289375
0.05788754375
0.058136075
0.06340531875
0.07082519375
0.07789894375
0.082366575
0.07901479375
0.0716910875
0.06579959375
0.06251421875
0.06105866875
0.061095075
0.05484243125
0.04805400625
0.04231675
0.03879523125
0.0381971125
0.0403345
0.041463125
0.0371835375
0.0345393625
0.02617365
0.02098789375
0.01932395
0.01766000625
0.019517875
0.01766000625
0.020266125
0.02287224375
0.0316725875
0.04533070625
0.05006085
0.0567031625
0.0522791125
0.04579704375
0.04534809375
0.04303955625
0.04591648125
0.04547885625
0.0434721
0.04136018125
0.0386216125
0.0383219875
0.04091721875
0.04559465625
0.05023855625
0.057346725
0.0615600375
0.06599615625
0.0698039125
0.07310938125
0.07573690625
0.0743817625
0.0777878875
0.0774355125
0.07492885
0.07109621875
0.0641554875
0.05448100625
0.04864969375
0.04825285
0.0462358875
0.0486829125
0.05001211875
0.04934298125
0.05228843125
0.05969786875
0.06692545
0.0731289625
0.07203496875
0.06358213125
0.05779069375
0.05328755625
0.05630436875
0.06481286875
0.07079295625
0.07642691875
0.07610981875
0.0716355625
0.067052825
0.0621720625
0.06050885625
0.0597650875
0.05970553125
0.05912378125
0.05838068125
0.05827846875
0.05827846875
0.0586449125
0.0616081875
0.0635819375
0.06503349375
0.06731874375
0.0628412
0.06284194375
0.06034345
0.05570293125
0.0593943375
0.05959698125
0.0665283375
0.07388861875
0.0773809625
0.0782671875
0.07058758125
0.06394313125
0.05700065625
0.05178165625
0.05067655625
0.04925346875
0.04500180625
0.0426223125
0.040465275
0.03744166875
0.0391330375
0.041811925
0.04482015
0.05040859375
0.05215795625
0.04995323125
0.0468622
0.044981625
0.04544935
0.0477872375
0.0512390625
0.05381500625
0.05755239375
0.0633248375
0.07051735625
0.0697854125
0.06593934375
0.06257328125
0.057074425
0.05776979375
0.05991534375
0.0550939
0.05110615
0.0471184
0.0475738875
0.05141498125
0.051683275
0.05358698125
0.046872275
0.0446546125
0.0482266625
0.05009701875
0.05624943125
0.05975595
0.0568574375
0.0586503
0.05985308125
0.059855725
0.0639838625
0.05892809375
0.05666213125
0.05514253125
0.055380275
0.06206323125
0.0674886375
0.07043608125
0.06903381875
0.063792475
0.0547141
0.0479421
0.04737661875
0.0533889125
0.0637268375
0.07556924375
0.08077399375
0.07672855625
0.070858075
0.06123080625
0.0518610875
0.049489125
0.05110001875
0.0571103625
0.06520505625
0.07317951875
0.07333591875
0.0693399125
0.06580580625
0.06001926875
0.0580665875
0.0580665875
0.05668144375
0.05067120625
0.04545220625
0.0431280625
0.04246498125
0.04642699375
0.05197043125
0.052119775
0.0538926125
0.05856030625
0.06177315
0.07171470625
0.07936123125
0.0841129
0.088342375
0.08514805625
0.07896575625
0.0721055125
0.06430309375
0.061159075
0.06196139375
0.060609425
0.0580856
0.04963370625
0.04016915625
0.034547775
0.03315445625
0.03720035
0.04244258125
0.044709125
0.0422936375
0.04171374375
0.03895665625
0.0421061125
0.04883450625
0.05248785
0.05821150625
0.056051575
0.05508191875
0.054796475
0.05308160625
0.0583084375
0.0609541375
0.06080719375
0.06261484375
0.06288666875
0.06171711875
0.06331585
0.05918829375
0.05329863125
0.0492302625
0.0472655125
0.05325276875
0.0615663125
0.07052074375
0.0769759375
0.0777712125
0.0716660875
0.06422660625
0.05423530625
0.04611788125
0.04507231875
0.0465941
0.05321951875
0.06053840625
0.06410050625
0.066466675
0.06338616875
0.0607926
0.06195730625
0.06150189375
0.06683619375
0.06852613125
0.06517098125
0.06120094375
0.05433605
0.05480725
0.06032205
0.0654291625
0.0722665125
0.06989536875
0.0653245
0.0642875125
0.056279875
0.0552147125
0.05248560625
0.0466182375
0.04599128125
0.03986335
0.03517690625
0.03558140625
0.03635418125
0.0400218125
0.04384561875
0.0447917625
0.04404754375
0.04525600625
0.05115584375
0.05319938125
0.05656500625
0.05797795
0.0530355625
0.051305325
0.0515398375
0.0524185
0.05434945625
0.0569620125
0.0594311125
0.06009000625
0.0589628875
0.05968471875
0.058321025
0.06131770625
0.06992024375
0.0737384375
0.07729895625
0.07593491875
0.06860040625
0.06357226875
0.059852175
0.0553105
0.0581562125
0.05995981875
0.058760375
0.062142375
0.05829315
0.054458225
0.05259316875
0.04892265625
0.0483445375
0.05320563125
0.05959731875
0.0651206875
0.07074626875
0.06935604375
0.07027085625
0.06926181875
0.06720839375
0.06775936875
0.0604397
0.06092844375
0.05990975625
0.06039555
0.06488664375
0.0621090625
0.06108435
0.0569455125
0.05308343125
0.0512496125
0.0497039
0.05153654375
0.05314155625
0.05410241875
0.05536991875
0.054816125
0.0546513125
0.052930925
0.05286959375
0.0508800875
0.0506819125
0.05530316875
0.05557471875
0.0572386625
0.057594075
0.05330015625
0.05427375625
0.05631891875
0.05355396875
0.0550724375
0.05114423125
0.04639150625
0.04744015625
0.0440338
0.04573108125
0.0480601375
0.04908311875
0.051977975
0.04976919375
0.04882701875
0.04911256875
0.05428626875
0.06362143125
0.0678251375
0.0708917625
0.0676693375
0.0597776625
0.0563616125
0.05044165625
0.0431100375
0.0421618625
0.04116393125
0.042304225
0.04526433125
0.0449006
0.04341035625
0.04441763125
0.04839375625
0.049905925
0.0561993625
0.05711240625
0.0556857375
0.05918698125
0.0581294125
0.0622068
0.06996511875
0.0731202
0.07171646875
0.06706446875
0.0584826
0.05039325
0.0452273
0.03963874375
0.03645615625
0.0364894625
0.03913340625
0.04282851875
0.04200334375
0.03968666875
0.03738429375
0.03539524375
0.03701936875
0.0410850625
0.04666046875
0.0571080125
0.069497825
0.07914426875
0.08561353125
0.08453824375
0.0794996375
0.07237881875
0.06514980625
0.05903614375
0.0529557875
0.053740625
0.0560977375
0.05995933125
0.06987679375
0.07320718125
0.076429375
0.07779198125
0.06928908125
0.06217029375
0.05385136875
0.05123065625
0.05589645
0.05900666875
0.06169719375
0.0598155375
0.05735186875
0.0619600625
0.068974225
0.07823860625
0.08603890625
0.08693880625
0.0819106375
0.07252353125
0.06219425
0.0512964
0.049326525
0.05054024375
0.049174325
0.0518360125
0.04935576875
0.04636433125
0.05106066875
0.0526484125
0.0526971875
0.05393864375
0.04731038125
0.0423599375
0.03946505625
0.03490648125
0.03805344375
0.04404428125
0.05035781875
0.05708806875
0.0563063625
0.05470904375
0.0551672875
0.0555889625
0.058567
0.0577865375
0.05257225
0.0508131875
0.054471925
0.058918725
0.06533539375
0.06793221875
0.06160106875
0.05269028125
0.0471684375
0.0424802875
0.042256125
0.0497197375
0.0495774625
0.0492794375
0.05083928125
0.04800899375
0.0515005625
0.05296250625
0.0507087125
0.046306425
0.0426523875
0.04043789375
0.04627549375
0.05477449375
0.0597252
0.06590865
0.05970365
0.05298745625
0.043691625
0.0347882875
0.0365431625
0.03688508125
0.04260668125
0.0461510875
0.04240293125
0.044754175
0.04691149375
0.04930679375
0.05384906875
0.0510325
0.04681621875
0.04387226875
0.042568275
0.04259000625
0.0447556875
0.04901705
0.05197701875
0.0602921625
0.0613269875
0.05802398125
0.05535275
0.04510943125
0.0384161625
0.03562639375
0.03166524375
0.03527618125
0.04118443125
0.04490730625
0.0494914125
0.05066939375
0.0512190125
0.0523043
0.0524571875
0.05158600625
0.0525676875
0.0499573
0.05224251875
0.05559186875
0.0547888125
0.06041005625
0.06208950625
0.06201281875
0.06851390625
0.06927229375
0.0660888875
0.06349386875
0.05140161875
0.04152659375
0.03953515625
0.04089760625
0.05027409375
0.0604996875
0.06448845625
0.06557308125
0.06257363125
0.06164451875
0.0648854875
0.067258425
0.0705735375
0.06845395625
0.0622596
0.0572313
0.05246723125
0.0524181375
0.05324668125
0.05271073125
0.05229046875
0.04741580625
0.04738504375
0.0490481125
0.0503312625
0.0573945625
0.058736325
0.057784
0.053619525
0.04586298125
0.0406308375
0.04088525625
0.04496714375
0.04727831875
0.0514041
0.05013301875
0.0501993
0.05456684375
0.054644475
0.05847220625
0.05682544375
0.05340796875
0.0566999375
0.05811685625
0.0665774
0.0704920625
0.0636536875
0.0574594625
0.04816340625
0.047199275
0.05406478125
0.058084925
0.05970804375
0.054321325
0.049605575
0.049590275
0.05405125625
0.060034025
0.06072243125
0.0589116
0.051706675
0.04976563125
0.051716625
0.052989675
0.05605065625
0.0528634625
0.04887909375
0.04557266875
0.046432775
0.04982171875
0.0516012375
0.0495947125
0.04241455
0.037320025
0.03720763125
0.04088128125
0.04526118125
0.04507919375
0.03938799375
0.03465060625
0.03510704375
0.0374742375
0.0419236375
0.0506596375
0.0553453625
0.06297095625
0.0723652625
0.07384674375
0.07207064375
0.06353175
0.05070760625
0.04082010625
0.03602355
0.03955891875
0.0472360625
0.054648975
0.058923625
0.0558201625
0.0493610625
0.04075133125
0.03990495625
0.04578090625
0.05595438125
0.06850094375
0.07062380625
0.06609459375
0.05500388125
0.04535465625
0.04149196875
0.042449
0.0483016375
0.05029060625
0.0516646875
0.05282503125
0.05348553125
0.05762930625
0.06083090625
0.0642986625
0.07007063125
0.07381128125
0.07755193125
0.07783210625
0.07304600625
0.06847189375
0.06139854375
0.05291353125
0.04904470625
0.0488535625
0.05336286875
0.06347803125
0.06897700625
0.07133408125
0.0687317625
0.0636654875
0.061655075
0.0596446625
0.06277069375
0.06374609375
0.06322595625
0.06270581875
0.05996316875
0.062199725
0.06779016875
0.07077449375
0.07123040625
0.06791556875
0.0619946125
0.06128589375
0.06490251875
0.07040349375
0.0730096125
0.068545625
0.05992923125
0.0472287625
0.03937583125
0.0359868875
0.03544033125
0.04049963125
0.04402623125
0.04951758125
0.05240151875
0.04903545625
0.04130761875
0.02965028125
0.02091150625
0.01990056875
0.0272954125
0.03861975625
0.05197826875
0.0593110625
0.06123769375
0.06064260625
0.05758173125
0.056069
0.0535457625
0.0563659375
0.05836589375
0.0614917125
0.068787125
0.06956585625
0.0706426125
0.07053920625
0.06795465625
0.06263635625
0.0569381375
0.051461725
0.046513775
0.04759894375
0.0452779875
0.04683548125
0.0452965125
0.04061928125
0.03972809375
0.0346487875
0.03523394375
0.04185221875
0.0522565375
0.06349455
0.06968341875
0.0714083
0.06651490625
0.060523875
0.06137485
0.0639560625
0.069984825
0.07527765625
0.0713203
0.0610076125
0.0501458875
0.03963989375
0.03665385
0.04088973125
0.04602955625
0.05695545625
0.06446430625
0.0671751125
0.0700961
0.06600128125
0.06005599375
0.0582889625
0.05352023125
0.0538551375
0.05799348125
0.05667519375
0.05521345
0.0467359
0.03829165625
0.0358647
0.03800813125
0.04840159375
0.0528669875
0.0534301875
0.050417525
0.0414681875
0.039588475
0.03907325625
0.03789285
0.041393625
0.0438490875
0.04652700625
0.052162425
0.05110133125
0.0484799125
0.04377816875
0.0380676625
0.03848786875
0.03868390625
0.0452018
0.05596518125
0.063752875
0.07228693125
0.075414825
0.07398390625
0.0735853375
0.06976971875
0.066896275
0.0608285125
0.054717925
0.05439705
0.054076175
0.05773575625
0.06424898125
0.065038775
0.06427150625
0.06025414375
0.05581273125
0.05388656875
0.05318813125
0.05757335625
0.0568779875
0.0567429875
0.056255725
0.05314875625
0.05297843125
0.0525610625
0.055657525
0.05613428125
0.0525607625
0.050939925
0.044336225
0.04522436875
0.05436254375
0.0596729875
0.06944044375
0.06971066875
0.06457473125
0.0612362125
0.0554355625
0.05426000625
0.0518269
0.05236628125
0.05279718125
0.057853175
0.06998103125
0.07827185625
0.0868269125
0.08756255625
0.078553925
0.0707517
0.060381475
0.05466965
0.05629391875
0.05780970625
0.0623474625
0.0654211375
0.0684390375
0.06868148125
0.0686975875
0.06841566875
0.06305315625
0.06345225
0.0664522875
0.0691062
0.0753747
0.07560644375
0.07011475625
0.06793963125
0.0622162125
0.06228250625
0.0662801625
0.06273326875
0.061899375
0.05722845
0.05243719375
0.0573902125
0.0647355875
0.0730231375
0.07873056875
0.07715768125
0.07308555625
0.06706075
0.06530600625
0.0621734
0.06077103125
0.0659464375
0.06562086875
0.07104609375
0.07474108125
0.07140279375
0.07558445625
0.08203084375
0.08674699375
0.09008528125
0.08260425
0.06822133125
0.05410456875
0.04377385
0.03963735625
0.0346514625
0.02812974375
0.021608025
0.01508630625
0.0120864
0.0165503875
0.02287224375
0.0327159125
0.04875380625
0.0603277125
0.07170769375
0.07604405
0.06931404375
0.06206184375
0.0531457
0.05221535625
0.05615715
0.05928498125
0.0633549875
0.0624388125
0.06398659375
0.0682066875
0.07321484375
0.0792673875
0.0809821
0.08136065625
0.0773365625
0.0702910375
0.06672903125
0.06054731875
0.055374075
0.05425713125
0.05420295625
0.056421625
0.06041111875
0.06284355
0.05940925
0.056668675
0.05632045625
0.05623646875
0.0602886875
0.066458
0.0691859
0.0713853375
0.07002318125
0.06860525
0.06592976875
0.06163211875
0.06279805
0.055361575
0.0549969625
0.0610775625
0.0643142875
0.0643142875
0.0643142875
0.0643142875
