-0.399375
-0.399375
-0.399375
-0.399375
-0.47875
-0.45375
-0.46625
-0.479375
-0.51
-0.5775
-0.6125
-0.6225
-0.580625
-0.578125
-0.419375
-0.2575
-0.164375
0.091875
0.0775
0.173125
0.410625
0.5325
0.905625
0.999375
0.906875
0.676875
0.17375
-0.078125
-0.27
-0.335
-0.246875
-0.329375
-0.239375
-0.07125
0.214375
0.55625
0.73625
0.840625
0.68375
0.53625
0.24125
-0.005625
-0.135
-0.238125
-0.035625
-0.036875
-0.0125
-0.00125
-0.2475
-0.186875
-0.15625
-0.143125
-0.0425
-0.08875
0.0375
0.195625
0.35125
0.38125
0.20125
-0.003125
-0.02125
0.07
0.1325
0.20375
-0.01
-0.126875
-0.149375
-0.063125
0.130625
0.283125
0.53
0.530625
0.55875
0.414375
0.040625
-0.2225
-0.513125
-0.68
-0.58125
-0.4425
-0.284375
0.025
0.066875
0.145
0.285
0.265
0.5
0.6275
0.595625
0.45
0.026875
-0.3375
-0.5975
-0.60125
-0.3475
-0.01375
0.435
0.62625
0.75375
0.73125
0.43625
0.2475
-0.1075
-0.3975
-0.391875
-0.34125
-0.179375
-0.0375
-0.17
-0.305
-0.310625
-0.21125
0.011875
0.20125
0.300625
0.2075
0.1
-0.0225
-0.314375
-0.464375
-0.54625
-0.565
-0.31375
-0.02375
0.2925
0.5625
0.71625
0.711875
0.48625
0.255
-0.120625
-0.41125
-0.548125
-0.50875
-0.346875
-0.2025
-0.06125
-0.225
-0.3
-0.255
-0.2225
0.08875
0.2475
0.225
0.199375
-0.10875
-0.35
-0.39125
-0.42625
-0.28875
-0.145
-0.2675
-0.378125
-0.37
-0.220625
0.224375
0.725
0.949375
0.91125
0.60125
0.144375
-0.174375
-0.371875
-0.46
-0.389375
-0.34875
-0.243125
-0.143125
-0.201875
-0.075
0.035
0.32125
0.686875
0.88125
0.894375
0.616875
0.34875
0.105625
0.044375
0.115
0.17875
0.095
-0.0375
-0.201875
-0.398125
-0.324375
-0.311875
-0.2575
-0.15625
-0.33125
-0.445
-0.56125
-0.683125
-0.66875
-0.654375
-0.5575
-0.484375
-0.26
-0.028125
0.035
0.0875
-0.135625
-0.38375
-0.581875
-0.7525
-0.79625
-0.788125
-0.75125
-0.68625
-0.6125
-0.573125
-0.52875
-0.52875
-0.52875
-0.52875
