-0.02375
-0.02375
-0.02375
-0.02375
-0.030625
-0.038125
-0.029375
-0.024375
0.024375
0.034375
0.039375
0.004375
-0.059375
-0.101875
-0.145
-0.115
-0.095625
-0.078125
-0.06
-0.116875
-0.150625
-0.176875
-0.2025
-0.159375
-0.12625
-0.10625
-0.095
-0.115
-0.12375
-0.12625
-0.11375
-0.0825
-0.034375
0.013125
0.07375
0.12375
0.14375
0.164375
0.138125
0.075625
0.0075
-0.030625
-0.03875
0.009375
0.070625
0.071875
0.08125
0.0625
0.036875
0.03375
0.013125
-0.03
-0.06625
-0.080625
-0.085
-0.066875
-0.049375
-0.05375
-0.06375
-0.08625
-0.103125
-0.081875
-0.065625
-0.01
0.04125
0.051875
0.074375
0.053125
0.033125
0.00375
-0.02625
-0.049375
-0.081875
-0.103125
-0.10625
-0.064375
-0.014375
0.070625
0.110625
0.090625
0.0625
-0.009375
-0.056875
-0.054375
-0.031875
0.005
0.035625
0.020625
-0.009375
-0.03625
-0.060625
-0.04375
-0.0275
-0.0075
0.020625
0.028125
0.039375
0.03375
0.035
0.03625
0.041875
0.07
0.0575
0.0225
-0.0175
-0.0775
-0.101875
-0.07875
-0.068125
-0.0125
0.039375
0.04125
0.0625
0.028125
0.014375
0.023125
0.025
0.070625
0.08875
0.134375
0.1875
0.1925
0.2025
0.1875
0.188125
0.21125
0.194375
0.15
0.05625
-0.0375
-0.066875
-0.049375
-0.00875
0.064375
0.110625
0.110625
0.094375
0.025
-0.064375
-0.115625
-0.109375
-0.056875
0.035625
0.143125
0.2
0.20375
0.175
0.09375
0.048125
0.0375
0.0625
0.110625
0.098125
0.08
0.013125
-0.081875
-0.101875
-0.125625
-0.128125
-0.068125
-0.06875
-0.058125
-0.050625
-0.045
0.006875
0.0375
0.0825
0.095625
0.048125
0.0275
0.000625
-0.044375
-0.014375
-0.009375
-8.67361737988e-18
0.025625
-0.016875
-0.0325
-0.028125
-0.016875
0.018125
0.03875
0.006875
-0.028125
-0.041875
-0.063125
-0.0525
-0.04625
-0.03375
-0.009375
-0.000625
0.020625
-0.00125
-0.00125
0.034375
0.06
0.105625
0.099375
0.04125
-0.011875
-0.058125
-0.07625
-0.06
-0.0525
-0.02875
-0.021875
-0.014375
0.00375
0.00375
0.025
0.061875
0.116875
0.14375
0.17125
0.14625
0.078125
0.030625
-0.024375
-0.04375
-0.0425
-0.02875
-0.018125
-0.025
-0.031875
-0.04875
-0.059375
-0.061875
-0.06625
-0.073125
-0.083125
-0.0775
-0.068125
-0.04875
-0.029375
0.0025
0.030625
0.041875
0.07625
0.0625
0.050625
0.050625
0.0025
-0.0225
-0.053125
-0.04875
-0.019375
0.033125
0.09125
0.086875
0.084375
-0.001875
-0.080625
-0.1275
-0.153125
-0.095
-0.02125
0.050625
0.089375
0.105
0.068125
0.026875
-0.025
-0.041875
-0.03
-0.04
-0.021875
-0.06375
-0.085625
-0.0725
-0.066875
-0.038125
-0.04125
-0.018125
-0.009375
0.005625
0.05375
0.04125
0.05125
0.056875
0.02125
0.0025
-0.02
-0.046875
-0.055625
-0.051875
-0.050625
-0.03875
-0.028125
-0.000625
0.0375
0.0925
0.15
0.17375
0.195625
0.165
0.16625
0.178125
0.15625
0.1625
0.115
0.0475
0.00125
-0.02375
-0.0275
-0.005625
0.015625
-0.01
-0.01125
-0.030625
-0.043125
-0.016875
-0.02125
-0.00625
0.0275
0.045625
0.053125
0.06125
0.04375
0.031875
0.030625
0.034375
0.018125
-0.001875
-0.00625
-0.0125
0.02625
0.05875
0.08875
0.085
0.06125
0.06
0.05375
0.070625
0.0475
0.01
-0.0275
-0.079375
-0.08625
-0.07
-0.051875
-0.019375
0.033125
0.0375
0.03375
0.041875
-0.0125
-0.041875
-0.060625
-0.091875
-0.08125
-0.070625
-0.064375
-0.06125
-0.045
-0.03375
0.0025
0.043125
0.044375
0.05125
-0.004375
-0.05625
-0.088125
-0.114375
-0.090625
-0.076875
-0.0575
-0.051875
-0.056875
-0.055
-0.06375
-0.064375
-0.073125
-0.076875
-0.079375
-0.075625
-0.03875
-0.008125
0.026875
0.053125
0.02875
0.0025
-0.023125
-0.0325
-0.019375
-0.016875
0.01125
0.033125
0.05875
0.12375
0.13375
0.110625
0.1075
0.063125
0.03625
0.036875
-0.01
-0.043125
-0.06625
-0.069375
-0.050625
-0.043125
-0.023125
-0.04875
-0.065625
-0.06375
-0.076875
-0.06875
-0.051875
-0.0375
-0.01875
0.004375
0.000625
0.008125
0.00875
0.021875
0.04125
0.04125
0.04125
0.04125
