-0.01
-0.01
-0.01
-0.01
0.03625
-0.015
-0.05
-0.064375
-0.091875
-0.036875
0.00625
0.03625
0.061875
0.00125
-0.06375
-0.1275
-0.156875
-0.13625
-0.058125
0.014375
0.05625
0.091875
0.0325
0.030625
0.05375
0.069375
0.13375
0.096875
0.02375
-0.030625
-0.093125
-0.054375
0.04625
0.1325
0.22625
0.228125
0.13625
0.093125
0.08625
0.118125
0.21
0.21625
0.1825
0.145
0.09375
0.08125
0.025
-0.025
-0.06875
-0.11
-0.104375
-0.0925
-0.041875
0.00875
0.06
0.1075
0.07375
0.08375
0.083125
0.070625
0.098125
0.036875
-0.0175
-0.055625
-0.05375
-0.018125
0.06125
0.140625
0.13
0.12625
0.043125
-0.05375
-0.094375
-0.115
-0.108125
-0.095
-0.095
-0.12625
-0.146875
-0.1725
-0.20125
-0.198125
-0.19625
-0.199375
-0.205625
-0.244375
-0.28125
-0.288125
-0.24375
-0.183125
-0.149375
-0.09375
-0.07625
-0.043125
0.036875
0.031875
0.0225
0.00125
-0.005625
0.049375
0.1075
0.1625
0.13
0.065
-0.00125
-0.064375
-0.07125
-0.02375
0.02625
0.065625
0.106875
0.0675
0.030625
-6.93889390391e-18
-0.03875
-0.031875
-0.046875
-0.073125
-0.124375
-0.145
-0.128125
-0.085625
0.006875
0.0225
0.0225
0.05125
0.04
0.075625
0.104375
0.040625
-0.00125
-0.04875
-0.09125
-0.074375
-0.020625
0.02375
0.075625
0.11375
0.058125
0.0125
-0.06625
-0.12125
-0.111875
-0.070625
0.019375
0.074375
0.115
0.0975
0.0575
0.030625
0.00375
-0.020625
-0.010625
-0.010625
0.025
0.104375
0.10375
0.13625
0.089375
0.018125
-0.004375
-0.056875
-0.0725
-0.084375
-0.110625
-0.094375
-0.064375
-0.04125
0.000625
-0.035
-0.045625
-0.049375
-0.020625
0.05875
0.074375
0.090625
0.005
-0.07375
-0.1375
-0.151875
-0.105625
-0.0475
0.04375
0.059375
0.11
0.121875
0.118125
0.13
0.081875
0.06125
0.048125
0.03
0.05
0.0175
0.000625
0.008125
-0.020625
0.014375
-0.023125
-0.069375
-0.0675
-0.105
-0.076875
-0.045625
-0.039375
-0.0225
-0.01875
-0.0075
0.00375
0.021875
0.025625
0.04375
0.0575
0.05875
0.12125
0.158125
0.239375
0.33625
0.345
0.30875
0.1825
0.05625
-0.035
-0.080625
-0.0675
-0.066875
-0.0975
-0.126875
-0.135625
-0.13
-0.060625
0.01375
0.01
-0.01125
-0.05625
-0.11625
-0.110625
-0.090625
-0.081875
-0.07125
-0.03375
0.03875
0.12125
0.21875
0.2325
0.169375
0.078125
-0.00625
-0.054375
-0.089375
-0.040625
0.00625
0.056875
0.15625
0.145
0.081875
0.01875
-0.059375
-0.09375
-0.08375
-0.055625
-0.051875
-0.026875
-0.020625
-0.0575
-0.08375
-0.1275
-0.1425
-0.1175
-0.08875
-0.064375
-0.06625
-0.0875
-0.109375
-0.11375
-0.100625
-0.08
-0.055625
-0.01375
0.0225
0.0925
0.15625
0.178125
0.213125
0.185625
0.161875
0.141875
0.081875
0.0375
0.000625
0.009375
0.02
0.015625
-0.01125
-0.099375
-0.131875
-0.12375
-0.09375
-0.0525
-0.043125
-0.041875
-0.0425
-0.0325
-0.02625
-0.02625
-0.02625
-0.02625
