0.80875
0.80875
0.80875
0.80875
0.8675
1.009375
1.051875
1.066875
1.060625
0.951875
0.9325
0.885625
0.850625
0.919375
0.914375
0.9975
1.070625
1.094375
1.215625
1.27625
1.37
1.46375
1.43625
1.40875
1.2875
1.16625
1.105625
1.045
1.033125
0.988125
0.970625
0.92
0.89875
0.870625
0.848125
0.836875
0.839375
0.881875
0.8675
0.875
0.841875
0.840625
0.85375
0.88875
0.905625
0.85875
0.799375
0.69625
0.620625
0.595
0.6125
0.63375
0.6425
0.664375
0.676875
0.76375
0.895
0.985
1.035625
1.023125
0.965
0.89
0.891875
0.890625
0.963125
1.05
1.0875
1.145
1.094375
1.08
1.031875
0.9575
0.925
0.878125
0.89875
0.935625
0.994375
1.02875
0.989375
0.929375
0.8325
0.765625
0.70625
0.655625
0.60875
0.553125
0.553125
0.65125
0.766875
0.836875
0.899375
0.838125
0.808125
0.86875
0.886875
0.925
0.939375
0.85125
0.7775
0.689375
0.554375
0.483125
0.4975
0.54375
0.66875
0.76875
0.761875
0.804375
0.780625
0.8475
0.926875
0.940625
1.008125
0.9375
0.8825
0.823125
0.746875
0.745625
0.78875
0.89125
1.0075
1.099375
1.125625
1.10125
0.998125
0.904375
0.88625
0.880625
0.95125
1.07125
1.109375
1.119375
1.069375
0.97
0.8875
0.859375
0.91875
0.978125
1.048125
1.085
1.056875
0.995
1.0075
0.993125
1.035
1.120625
1.080625
1.0975
1.040625
0.9575
0.91375
0.8225
0.725625
0.645
0.60875
0.59625
0.65625
0.70125
0.698125
0.728125
0.6925
0.726875
0.776875
0.8
0.8675
0.85625
0.8625
0.82375
0.8475
0.91875
0.95375
1.0275
0.9525
0.81375
0.739375
0.71375
0.799375
0.956875
1.046875
1.03875
0.944375
0.83125
0.7825
0.85625
0.98
1.030625
1.073125
1.01875
0.98125
1.05875
1.053125
1.04625
1.04375
0.9625
0.96125
1.025625
1.040625
1.03
0.944375
0.83125
0.7825
0.85625
0.98
1.030625
1.073125
0.969375
0.8825
0.915625
0.854375
0.890625
0.93125
0.883125
0.90625
0.89875
0.8475
0.815625
0.7725
0.750625
0.764375
0.765625
0.7725
0.749375
0.680625
0.665
0.676875
0.75125
0.87
0.98625
1.121875
1.184375
1.261875
1.2725
1.189375
1.17
1.15625
1.15875
1.208125
1.159375
1.0775
1.0775
1.086875
1.178125
1.245625
1.248125
1.265
1.293125
1.36875
1.394375
1.353125
1.27875
1.13125
1.060625
1.035
0.936875
0.888125
0.850625
0.803125
0.8275
0.90125
0.88125
0.91875
1.03
1.096875
1.251875
1.349375
1.351875
1.271875
1.1425
1.029375
0.96
1.040625
1.143125
1.165
1.12375
0.988125
0.88375
0.869375
0.9375
0.97625
0.97625
0.97625
0.97625
