-0.435
-0.435
-0.435
-0.435
-0.80625
-0.579375
-0.328125
-0.0525
0.271875
0.156875
0.123125
0.089375
-0.055625
-0.165625
-0.62
-1.3125
-1.855625
-2.1125
-1.924375
-1.17875
-0.495625
-0.034375
-0.001875
-0.4325
-0.781875
-0.959375
-0.529375
0.24875
0.62625
0.533125
-0.28125
-1.62375
-2.581875
-3.13625
-3.160625
-2.86125
-2.34
-1.701875
-1.39375
-1.150625
-1.24625
-1.41
-1.25625
-0.709375
-0.1725
-0.045
-0.24
-0.921875
-1.78
-2.06875
-1.920625
-1.53625
-0.53375
-0.14375
-0.025
0.031875
-0.351875
-0.134375
-0.0225
-0.004375
0.106875
-0.06
0.07375
0.270625
0.383125
0.329375
-0.215
-0.84
-1.333125
-1.38125
-0.838125
-0.08875
0.37625
0.434375
0.005625
-0.718125
-1.348125
-1.95375
-2.176875
-2.03125
-1.58625
-1.078125
-0.994375
-0.890625
-1.229375
-1.455625
-1.391875
-1.593125
-1.475625
-1.470625
-1.46
-1.38875
-1.271875
-0.746875
-0.1925
0.394375
1.046875
1.1525
0.996875
0.77625
0.14625
-0.28875
-0.363125
-0.3725
0.084375
0.56
0.755
0.74125
0.2075
-0.464375
-1.318125
-1.819375
-2.09875
-1.935
-1.139375
-0.571875
0.25875
0.715625
0.46
0.131875
-0.240625
-0.57375
-0.49
-0.296875
-0.37125
-0.45625
-0.34125
-0.315625
-0.084375
0.2
0.151875
0.3125
0.1075
-0.22125
-0.588125
-1.10125
-1.096875
-0.886875
-0.428125
0.33375
0.814375
1.18125
1.3675
0.96875
0.696875
0.425
-0.071875
-0.1825
-0.57375
-0.965
-0.933125
-0.82
-0.500625
-0.3725
-0.574375
-1.06375
-1.391875
-1.45125
-1.013125
-0.55875
-0.64125
-0.6875
-1.224375
-1.273125
-0.8875
-0.615625
0.01375
0.310625
0.46875
0.33125
-0.1775
-0.9375
-1.394375
-1.546875
-1.39875
-0.921875
-0.601875
-0.093125
0.310625
0.698125
0.685
0.330625
-0.124375
-1.029375
-1.376875
-1.40125
-1.406875
-0.8825
-0.769375
-0.976875
-0.945625
-1.125625
-1.07875
-0.67625
-0.539375
-0.16
0.376875
0.319375
0.440625
0.2025
-0.511875
-0.4575
-0.66875
-0.890625
-0.755625
-1.15125
-1.54625
-1.383125
-1.4125
-1.3775
-1.166875
-1.526875
-1.681875
-1.681875
-1.351875
-0.71875
-0.359375
-0.015625
-0.0125
-0.15
0.21
0.508125
0.48875
0.349375
-0.085625
-0.701875
-0.820625
-0.960625
-1.133125
-1.0825
-1.031875
-0.440625
0.036875
0.63125
0.964375
0.775625
0.5275
-0.041875
-0.495
-0.725
-0.466875
0.176875
0.853125
1.366875
1.3425
0.875625
0.295
-0.45125
-0.833125
-0.804375
-0.820625
-0.51625
-0.35125
-0.466875
-0.64125
-0.79375
-1.09125
-1.561875
-1.5525
-1.60125
-1.6075
-0.999375
-0.710625
-0.305625
0.304375
0.275625
-0.01625
-0.81375
-1.49625
-1.900625
-2.033125
-1.74875
-2.0075
-2.24875
-2.445
-2.70625
-2.64375
-2.3925
-1.961875
-1.26625
-0.46625
0.111875
0.435
0.515
0.32125
0.0325
-0.573125
-1.4875
-1.92375
-2.19875
-2.12625
-1.67125
-1.505625
-1.344375
-0.84
-0.41625
-0.2125
-0.244375
-0.98
-1.85
-2.646875
-2.865625
-2.380625
-1.634375
-0.55375
0.11875
0.439375
0.771875
0.755625
0.471875
-0.09875
-1.11875
-1.988125
-2.618125
-2.865625
-2.49375
-2.02
-1.2275
-0.371875
0.099375
0.63625
0.82375
0.77125
0.779375
0.41625
0.264375
0.011875
-0.361875
-0.345625
-0.596875
-0.3925
0.086875
0.084375
0.186875
0.015625
-0.28125
-0.158125
0.23625
0.671875
0.875
0.738125
0.173125
-0.4525
-0.786875
-0.7075
-0.238125
0.22875
0.544375
0.785
0.80875
0.87625
1.008125
0.91625
0.81625
0.4075
0.03875
-0.3575
-0.9675
-1.00375
-1.326875
-1.47375
-1.2725
-1.645
-1.705625
-1.679375
-1.861875
-1.5225
-0.924375
-0.670625
-0.25
-0.0125
-0.47875
-0.51125
-0.66875
-0.878125
-0.546875
-0.5025
-0.071875
0.063125
-0.058125
-0.185625
-0.951875
-1.159375
-1.03625
-1.02625
-0.414375
-0.065625
-0.133125
0.259375
0.004375
-0.51375
-0.6175
-1.203125
-1.419375
-1.42875
-1.725
-1.82625
-1.760625
-1.286875
-0.7275
-0.005625
0.48375
0.445
0.306875
-0.050625
-0.47
-0.728125
-0.80125
-1.02375
-0.7475
-0.551875
-0.59125
-0.2825
-0.414375
-0.459375
-0.41125
-0.703125
-1.015625
-1.05625
-0.99125
-0.671875
-0.27125
-0.10125
0.02
0.02
0.111875
0.0175
-0.16125
0.11375
0.31875
0.809375
1.051875
0.516875
-0.335625
-1.474375
-1.983125
-1.794375
-1.36625
-0.959375
-0.9125
-1.220625
-1.0925
-0.48875
0.005625
0.3575
0.30125
-0.29
-0.9025
-1.335
-2.09125
-2.6775
-3.046875
-3.46375
-3.52875
-3.275
-2.75375
-1.824375
-0.543125
0.286875
0.478125
0.228125
-0.463125
-1.021875
-1.0925
-1.27125
-1.631875
-1.61875
-1.665
-1.19875
-0.39625
0.05125
0.413125
0.45125
0.486875
0.553125
0.2025
-0.15875
-0.349375
-0.4625
0.151875
0.609375
0.6425
0.633125
0.01125
-0.61
-0.820625
-1.37
-1.330625
-0.861875
-0.816875
-0.1525
0.125625
-0.03875
-0.109375
-0.78875
-1.45875
-1.653125
-1.539375
-0.808125
0.09875
0.423125
0.54125
0.380625
-0.126875
-0.40375
-0.57375
-0.943125
-0.96
-0.640625
-0.419375
0.190625
0.61875
0.631875
0.293125
-0.58
-1.18625
-1.610625
-1.36375
-0.70625
-0.4575
-0.285
-0.68625
-0.991875
-1.093125
-0.895
-0.209375
-0.066875
0.251875
-0.014375
-0.46
-0.48875
-0.69375
-0.56625
-0.844375
-1.1875
-1.76375
-2.238125
-2.00875
-1.464375
-0.63
-0.090625
0.096875
-0.05875
-0.328125
-0.16625
-0.199375
-0.5
-0.705625
-1.405
-1.768125
-1.826875
-1.72875
-1.375
-1.469375
-1.58125
-1.86
-1.885
-1.2425
-0.27625
0.63375
1.08375
0.82125
0.12625
-0.694375
-1.32625
-1.54125
-1.5625
-1.628125
-1.67625
-1.6975
-1.773125
-1.585625
-1.091875
-0.67125
-0.2725
0.37625
0.395
0.4575
0.4875
0.174375
0.286875
0.09
-0.09375
-0.60125
-1.043125
-0.929375
-0.935625
-0.525
-0.5775
-1.081875
-1.369375
-1.486875
-1.01125
-0.286875
0.2975
0.676875
0.64125
0.5
0.5975
0.39125
0.4025
0.15125
-0.39
-0.64875
-1.035625
-0.83
-0.68375
-0.34875
-0.108125
-0.370625
-0.173125
-0.11625
-0.11875
0.070625
-0.026875
-0.435625
-0.560625
-0.528125
-0.5475
-0.025625
0.59
1.0075
1.415
1.344375
1.04125
0.749375
0.2725
0.20625
0.19625
0.229375
0.848125
1.105625
0.955
0.618125
-0.3875
-1.25125
-1.67875
-1.83125
-1.32375
-0.791875
-0.196875
0.195625
0.16625
-0.09375
-0.329375
-0.565
-0.595
-0.2125
0.005
0.203125
0.235625
-0.04375
-0.3375
-0.235
-0.050625
0.0825
0.045
-0.320625
-1.055
-1.456875
-1.389375
-1.30875
-0.52875
0.1625
0.33625
0.58125
0.11375
-0.711875
-1.1725
-1.7175
-1.648125
-1.2425
-1.058125
-0.898125
-0.94375
-1.045625
-1.036875
-0.90375
-0.8275
-0.76875
-0.775
-1.1225
-1.49125
-1.645
-1.7425
-1.270625
-0.775625
-0.749375
-0.714375
-0.975
-1.376875
-1.196875
-0.8325
-0.44875
0.21375
0.29375
0.251875
-0.180625
-0.99625
-1.253125
-1.45875
-0.993125
-0.22125
-0.040625
-0.00625
-0.580625
-1.03625
-0.99
-0.9925
-0.501875
-0.1925
-2.77555756156e-17
0.27375
0.45
0.678125
0.45625
0.348125
-0.053125
-0.50625
-0.238125
-0.316875
-0.180625
-0.33125
-0.95625
-1.410625
-1.67625
-1.421875
-1.135
-0.776875
-0.526875
-0.508125
-0.326875
-0.04375
-0.04125
-0.1425
-0.325
-0.555625
-0.595
-0.665625
-0.909375
-1.101875
-1.103125
-0.716875
-0.16625
0.270625
0.229375
-0.06625
-0.0575
-0.04875
0.38
0.65
0.433125
0.025
-0.47625
-0.860625
-1.149375
-1.35125
-1.479375
-1.3325
-0.994375
-0.41
0.060625
0.106875
0.05375
-0.14125
-0.45
-0.49
-0.618125
-0.573125
-0.3525
-0.1175
0.515625
0.984375
1.15625
0.97125
0.406875
-0.49
-1.098125
-1.154375
-1.27875
-1.070625
-0.683125
-0.69625
-0.60625
-0.26
-0.323125
-0.15875
-0.01
-0.104375
-0.04125
-0.124375
0.100625
0.30375
0.4875
0.440625
-0.019375
-0.7125
-1.22375
-1.528125
-1.65875
-1.345
-1.175
-0.710625
-0.445625
-0.421875
-0.30875
-0.371875
-0.08125
0.004375
-0.08875
-0.191875
-0.56
-0.378125
-0.20875
-0.12375
0.056875
-0.40125
-0.68
-1.180625
-1.44625
-1.388125
-1.580625
-1.20375
-1.20125
-0.875
-0.2025
0.126875
0.786875
0.743125
0.64
0.513125
0.223125
0.304375
0.239375
0.164375
0.000625
0.154375
0.40125
0.590625
0.873125
0.846875
0.731875
0.67375
0.61125
0.405625
-0.12375
-0.590625
-1.085625
-1.35625
-1.076875
-0.678125
-0.49875
-0.481875
-0.509375
-0.5125
-0.28125
-0.125625
-0.12375
-0.428125
-0.623125
-0.341875
-0.060625
0.2825
0.46375
0.166875
-0.24375
-0.258125
-0.336875
-0.065625
0.279375
0.306875
0.331875
-0.13
-0.398125
-0.79875
-1.08625
-0.89625
-0.911875
-0.83
-0.568125
-0.406875
-0.141875
0.0525
0.0425
-0.04875
-0.368125
-0.28875
-0.366875
-0.52625
-0.385
-0.458125
-0.304375
-0.146875
-0.16
-0.3925
-0.559375
-0.744375
-1.018125
-0.95625
-1.133125
-0.9275
-0.640625
-0.5375
-0.258125
-0.265625
0.015625
0.22625
0.55625
0.599375
0.16375
-0.42875
-1.38875
-1.97
-2.011875
-1.46375
-0.82
-0.073125
0.0175
-0.24375
-0.1225
-0.248125
0.23375
0.561875
0.55125
0.28375
-0.4775
-0.93125
-1.568125
-1.568125
-1.2475
-1.1325
-0.8475
-1.049375
-1.33375
-1.514375
-1.278125
-0.724375
0.13375
0.644375
0.57
0.255625
-0.530625
-0.815
-0.605
-0.251875
0.481875
0.90375
1.00375
0.798125
0.3275
0.1575
-0.27125
-0.45625
-0.739375
-1.569375
-1.96125
-2.0575
-1.98
-1.288125
-0.676875
-0.413125
-0.275
-0.31
-0.188125
0.005
0.441875
0.69125
0.45875
0.2675
-0.094375
-0.37375
-0.16875
-0.104375
-0.044375
0.145
0.174375
0.303125
0.685
0.920625
1.138125
1.016875
0.608125
0.073125
-0.64
-0.873125
-1.045625
-1.044375
-0.884375
-0.69375
-0.37375
-0.06875
0.31375
0.31375
0.110625
0.08375
-0.101875
0.0625
0.210625
-0.050625
-0.035625
-0.43375
-0.818125
-1.088125
-1.748125
-2.043125
-1.959375
-1.691875
-1.12375
-0.850625
-0.864375
-0.951875
-1.055625
-0.66625
-0.468125
-0.06375
-0.035625
-0.61625
-0.846875
-1.26625
-1.16375
-0.441875
-0.141875
-0.048125
-0.31375
-0.86625
-1.146875
-0.943125
-0.43875
-0.01875
0.488125
0.516875
0.215625
-0.014375
-0.238125
-0.44
-0.334375
-0.410625
-0.499375
-0.03
0.094375
0.54375
0.608125
0.141875
-0.136875
-0.8325
-1.02625
-0.964375
-0.89875
-0.291875
-0.08875
-0.153125
-0.2175
-0.920625
-1.435
-1.674375
-1.951875
-1.50625
-0.75625
-0.184375
0.545
0.531875
0.223125
0.006875
-0.36875
-0.254375
-0.14
-0.0075
0.346875
0.620625
0.840625
0.985
0.5675
0.01125
-0.55125
-1.365625
-1.80875
-2.15125
-2.32
-2.1525
-1.615625
-0.959375
-0.608125
-0.175625
-0.10375
-0.064375
0.061875
-0.153125
-0.368125
-0.8675
-0.999375
-0.88
-0.74125
-0.294375
-0.13
-0.081875
-0.0725
-0.230625
-0.604375
-0.915625
-1.36125
-1.516875
-1.150625
-0.68375
-0.023125
0.404375
0.545
0.728125
0.633125
0.505625
0.183125
-0.263125
-0.17125
-0.190625
-0.01125
0.14875
-0.22625
-0.633125
-0.90625
-1.5075
-1.60875
-1.280625
-1.23125
-0.525625
-0.254375
-0.110625
0.174375
-0.188125
-0.541875
-1.20375
-1.703125
-1.7225
-1.229375
-0.69625
-0.484375
-0.33125
-0.501875
-0.41125
-0.003125
0.031875
-0.04125
-0.0575
-0.251875
-0.16625
-0.244375
-0.550625
-1.0725
-1.405
-1.198125
-1.174375
-0.726875
-0.619375
-0.86125
-0.868125
-1.079375
-0.966875
-1.03375
-0.99
-0.849375
-0.971875
-0.628125
-0.3325
-0.280625
-0.248125
-0.395
-0.685625
-0.7325
-0.67875
-0.71125
-0.5
-0.25625
0.283125
0.8875
1.185625
1.018125
0.36
-0.3525
-0.85875
-0.894375
-0.735
-0.531875
-0.4725
-0.388125
-0.080625
0.01375
0.3325
0.405625
0.03625
0.049375
-0.22
-0.3875
-0.144375
-0.28375
-0.0925
0.200625
0.18875
0.526875
0.56
0.580625
0.476875
0.055625
-0.329375
-1.036875
-1.154375
-1.20875
-1.170625
-0.8425
-0.838125
-0.64625
-0.58875
-0.645
-0.93375
-1.314375
-1.47125
-1.338125
-1.015625
-0.530625
-0.319375
-0.455
-0.384375
-0.730625
-0.51875
-0.079375
0.116875
0.740625
0.895625
0.885
0.864375
0.55125
0.083125
-0.633125
-1.17375
-1.46
-1.19625
-0.456875
0.188125
0.435625
0.044375
-0.318125
-0.910625
-1.231875
-0.905625
-0.811875
-0.676875
-0.23125
-0.3325
-0.405625
0.05125
0.03
0.313125
0.544375
0.363125
0.4425
0.2675
0.19625
0.22875
0.24875
0.72875
0.805
0.84875
0.75125
0.07125
0.095
-0.206875
-0.700625
-0.794375
-1.24
-1.144375
-0.541875
0.1475
0.60375
0.763125
0.33125
-0.64375
-1.1525
-1.680625
-1.753125
-1.17375
-0.8275
-0.205
0.490625
0.743125
0.995625
0.955
0.394375
-0.023125
-0.42125
-0.975
-1.090625
-1.063125
-1.16375
-0.710625
-0.175625
0.073125
0.36625
0.37875
-0.06375
-0.168125
-0.245625
-0.31
-0.009375
-0.190625
-0.2325
-0.498125
-0.93125
-0.790625
-0.949375
-0.725625
-0.265625
-0.144375
0.27
0.26
-0.070625
-0.4925
-0.9725
-1.273125
-1.41375
-1.568125
-1.901875
-2.181875
-2.418125
-2.50625
-2.24625
-1.9325
-1.5675
-0.946875
-0.475625
0.203125
0.576875
0.785
0.996875
0.83
0.99375
0.748125
0.3
-0.236875
-1.015
-1.280625
-1.290625
-0.99375
-0.47375
-0.24875
-0.226875
-0.110625
-0.105
0.065
0.126875
-0.1975
-0.510625
-0.644375
-0.589375
-0.265625
-0.015625
0.00125
0.3225
0.393125
0.5675
0.688125
0.513125
0.798125
0.979375
0.91625
0.80125
0.10375
-0.776875
-1.059375
-1.270625
-1.25125
-0.71
-0.65
-0.609375
-0.43
-0.559375
-0.62625
-0.9475
-1.4075
-1.913125
-2.139375
-1.79625
-1.03625
-0.20875
0.535625
0.823125
0.75875
0.811875
0.725
0.541875
0.386875
0.0325
-0.083125
0.2
0.394375
0.724375
0.686875
0.384375
-0.176875
-1.14375
-1.919375
-2.295
-1.999375
-1.286875
-0.61625
-0.24125
-0.45125
-0.49125
-0.345625
-0.560625
-0.309375
-0.4325
-0.66375
-0.460625
-0.544375
-0.278125
-0.280625
-0.07
0.056875
-0.2225
-0.173125
-0.524375
-0.78
-1.024375
-1.225
-1.25
-1.089375
-0.616875
-0.32125
-0.33125
-0.571875
-0.67875
-0.85
-0.58
-0.28
-0.55625
-0.539375
-0.90875
-1.34
-1.4025
-2.008125
-2.425
-2.666875
-3.08125
-2.905625
-2.54125
-1.909375
-0.82875
0.155625
0.68875
0.518125
-0.2475
-1.215625
-1.560625
-1.225625
-0.571875
-0.111875
-0.045
-0.34
-0.631875
-0.404375
-0.21
0.16
0.454375
0.53375
0.663125
0.706875
0.910625
0.9825
0.831875
0.338125
-0.419375
-1.274375
-1.539375
-1.2025
-0.8
-0.17625
-0.2
-0.705625
-0.95375
-1.0525
-0.5925
-0.038125
0.315625
0.478125
0.358125
0.40125
0.281875
0.110625
-0.021875
-0.270625
-0.161875
0.018125
0.159375
0.354375
0.354375
0.080625
-0.17375
-0.193125
-0.38875
-0.095
0.16125
0.201875
0.40375
0.189375
0.069375
-0.398125
-0.850625
-0.92125
-1.105625
-0.7925
-0.64875
-0.849375
-0.90375
-0.96875
-0.864375
-0.791875
-0.80875
-1.105625
-1.041875
-0.641875
-0.241875
0.256875
0.043125
-0.491875
-1.04875
-1.75875
-1.998125
-1.87875
-1.891875
-1.49125
-0.97625
-0.8575
-0.408125
-0.115625
-0.17
0.149375
0.2925
0.386875
0.619375
0.67625
0.733125
0.470625
0.159375
-0.166875
-0.72625
-1.0075
-1.44625
-2.030625
-2.325
-2.666875
-2.7075
-2.2875
-1.748125
-0.7725
0.26
0.930625
1.138125
0.905
0.135
-0.635625
-0.8325
-1.231875
-0.881875
-0.345
-0.066875
0.7375
0.891875
0.86
0.580625
-0.01875
-0.419375
-0.644375
-0.5125
-0.425625
0.019375
0.318125
0.533125
0.951875
0.779375
0.480625
-0.063125
-0.67125
-0.801875
-0.943125
-1.05375
-1.34125
-1.873125
-2.170625
-1.9775
-1.425625
-0.635
0.35375
1.0625
1.228125
1.165625
0.511875
-0.22
-0.384375
-0.445
0.183125
0.648125
0.560625
0.245
-0.43125
-1.020625
-0.9925
-0.63375
-0.275
0.48375
0.93375
1.279375
1.57125
1.595625
1.65
1.393125
0.891875
0.301875
-0.583125
-1.260625
-1.483125
-1.8075
-1.775
-1.455625
-1.1875
-0.65125
-0.011875
0.271875
0.2525
-0.07875
-0.891875
-1.758125
-2.335
-2.41
-2.1025
-1.4625
-0.910625
-0.654375
-0.335
-0.03125
0.438125
0.620625
0.485625
0.263125
-0.07875
-0.1425
0.054375
0.00625
-0.315
-0.526875
-0.75125
-0.593125
-0.25
-0.108125
-0.109375
-0.58875
-0.895
-1.0
-1.03
-0.781875
-0.86625
-0.945625
-1.374375
-1.49875
-1.416875
-1.646875
-1.2775
-1.39875
-1.241875
-0.94375
-1.060625
-1.083125
-1.3925
-1.563125
-1.356875
-0.908125
-0.6925
-0.26375
-0.42
-0.564375
-0.294375
-0.4875
-0.153125
-0.1675
-0.50625
-0.525
-0.595
-0.42875
0.075625
0.173125
0.10875
0.156875
0.01
0.135
0.02625
-0.523125
-1.0725
-1.535
-1.66125
-1.40875
-1.451875
-1.695
-1.7075
-1.90375
-1.795625
-1.574375
-1.700625
-1.80875
-1.999375
-2.103125
-2.20125
-2.04125
-1.446875
-0.80875
-0.259375
0.26
0.2425
-0.149375
-0.286875
-0.748125
-0.970625
-1.023125
-1.11375
-0.84375
-0.63625
-0.29875
-0.01
-0.001875
-0.03375
0.15625
0.224375
0.27625
0.521875
0.185
-0.325
-0.88625
-1.961875
-2.535625
-2.584375
-2.178125
-1.083125
-0.105
0.50875
0.8975
0.836875
0.686875
0.740625
0.510625
0.20375
-0.156875
-0.881875
-1.303125
-1.206875
-1.035625
-0.42625
0.188125
0.339375
0.325625
-0.039375
-0.591875
-0.91375
-1.27625
-1.471875
-1.48875
-1.525
-1.368125
-1.1375
-1.1725
-1.448125
-1.494375
-1.670625
-1.689375
-1.535
-1.5375
-1.114375
-0.529375
0.250625
0.63
0.4575
0.19375
-0.286875
-0.383125
-0.38375
-0.6125
-0.7975
-0.8125
-0.796875
-0.409375
-0.330625
-0.795625
-1.035
-1.489375
-1.421875
-0.83875
-0.196875
0.10375
-0.011875
-0.294375
-1.11125
-1.206875
-0.91
-0.51125
0.2025
0.50375
0.615625
0.44375
0.206875
0.021875
-0.2175
-0.173125
0.19875
0.261875
0.038125
-0.355625
-0.9225
-0.99625
-0.370625
0.23125
0.391875
0.31125
-0.21
-0.923125
-1.08625
-1.0575
-1.23125
-1.041875
-0.929375
-0.825625
-0.276875
0.275
0.738125
1.046875
1.17375
0.88
0.3775
-0.096875
-0.4575
-0.168125
0.121875
0.17875
0.121875
-0.63875
-0.96125
-0.906875
-1.085625
-0.714375
-0.538125
-0.776875
-0.83625
-1.235625
-1.713125
-1.59125
-1.415625
-0.8025
-0.3225
-0.291875
-0.0725
-0.200625
-0.185
0.105625
0.305625
0.433125
0.37625
-0.18625
-0.960625
-1.78625
-2.4275
-2.365
-2.435625
-2.17
-1.776875
-1.849375
-1.60125
-1.294375
-0.995625
-0.583125
0.0425
0.225625
0.17
-0.05875
-0.66375
-0.9025
-0.840625
-0.3725
-0.0775
-0.160625
-0.373125
-1.125625
-1.3775
-1.16125
-1.029375
-0.201875
0.3875
0.708125
1.041875
0.92625
0.8725
0.656875
0.3175
-0.026875
-0.38125
-0.25125
0.216875
0.735
0.905625
0.594375
0.088125
-0.640625
-0.778125
-0.525625
-0.468125
-0.015625
0.119375
-0.30125
-0.523125
-0.79625
-1.058125
-0.696875
-0.435
-0.189375
-0.2525
-0.67125
-0.74
-1.13125
-1.138125
-1.2125
-1.50875
-1.571875
-1.604375
-1.319375
-1.066875
-0.876875
-0.613125
-0.31125
-0.37
-0.246875
-0.323125
-0.94625
-0.901875
-1.16125
-1.625625
-1.673125
-2.260625
-2.498125
-2.509375
-2.29875
-1.92
-1.8075
-1.544375
-1.86375
-2.053125
-2.079375
-2.09375
-1.80375
-1.291875
-0.609375
-0.37625
-0.160625
-0.51875
-1.11
-1.22375
-1.086875
-0.5525
-0.07
0.344375
0.21
-0.145625
-0.495625
-1.1925
-1.57375
-1.74875
-1.779375
-1.704375
-1.44
-1.27125
-1.2525
-1.0325
-0.889375
-0.850625
-0.884375
-0.88125
-1.31875
-1.454375
-1.34125
-1.195
-0.429375
0.185
0.44
0.223125
-0.295625
-1.169375
-1.881875
-2.20125
-2.554375
-2.414375
-2.200625
-1.95125
-1.81
-2.0375
-1.904375
-1.676875
-1.24875
-0.5625
-0.413125
-0.810625
-1.12125
-1.12125
-1.12125
-1.12125
