0.032200075
0.032200075
0.032200075
0.032200075
0.0337349375
0.03726965625
0.04875701875
0.0570488
0.0683201875
0.08022145625
0.08203271875
0.08630284375
0.08629525
0.07939765625
0.0820056375
0.08345045625
0.0832832875
0.09033894375
0.08988456875
0.083848125
0.08103565625
0.0688470363125
0.059578066375
0.0568425401875
0.050854639
0.0540219839375
0.053777316375
0.0497272363125
0.04363873125
0.03245193125
0.0233445
0.0176755375
0.0210045875
0.03225024375
0.04837014375
0.06235955625
0.06571056875
0.06278793125
0.055922675
0.051057875
0.0573087
0.059522575
0.05779383125
0.055507125
0.04777155625
0.04520676875
0.04684840625
0.04681826875
0.0394386488125
0.035259991375
0.0345247401875
0.0350876015
0.0443153401875
0.045827941375
0.0434458988125
0.04201206875
0.03811025625
0.04110166875
0.0405041
0.03801010625
0.0421175625
0.044011275
0.04993803125
0.0591898125
0.0559908113125
0.0457927651875
0.0350814565625
0.0213347854375
0.0173343291875
0.0240477503125
0.0365936339375
0.0520436488125
0.06748708125
0.07551998125
0.0771551375
0.0789814875
0.07452354375
0.0779307875
0.078330475
0.075945825
0.075141775
0.06329326875
0.05527423125
0.045084125
0.041329875
0.0492045125
0.059689125
0.069414575
0.06967120625
0.0611529875
0.04743858125
0.0367381625
0.0297575
0.0283529625
0.029510875
0.0349036125
0.04728820625
0.0549185875
0.06336654375
0.06781508125
0.06144844375
0.0550821
0.0486942375
0.042334775
0.0433675875
0.049154025
0.05643153125
0.0661742125
0.07106238125
0.071196925
0.06827803125
0.0612472625
0.05946933125
0.062445025
0.06330860625
0.0666408
0.06313163125
0.05962275625
0.058902625
0.051777575
0.05128643125
0.04759970625
0.044026425
0.05161915625
0.05736119375
0.0609107125
0.064573675
0.06313085625
0.057674875
0.05536709375
0.053602475
0.04924301875
0.04857776875
0.0461123550625
0.047672691375
0.0521691151875
0.05759402025
0.0670014464375
0.070079816375
0.066984491375
0.060715103875
0.0506645214375
0.04128313275
0.0381148964375
0.0335555776875
0.0304578901875
0.0245612964375
0.0213265515
0.0226194339375
0.030056303875
0.0437601425625
0.0501606125
0.0601164125
0.05845205625
0.05738241875
0.06010354375
0.05544318125
0.06008845625
0.06000806875
0.06229731875
0.063079625
0.05620299375
0.05099515
0.04341049375
0.0396166
0.0400258375
0.040406675
0.0407875125
0.0421093875
0.0417594875
0.0438463625
0.0445046375
0.04884231875
0.056196375
0.05867688125
0.061637775
0.05997105
0.05883164375
0.05616516875
0.0538456050625
0.0453489089375
0.0323610503125
0.0258275916875
0.0228735479375
0.0304743503125
0.03800117025
0.0465999339375
0.0509054276875
0.0531098515
0.0620115526875
0.067350753875
0.0789965113125
0.088365625
0.091957425
0.095072
0.0911059625
0.08486328125
0.0814198
0.07893076875
0.0801429375
0.08234589375
0.08542589375
0.0819756125
0.0713375125
0.06343015625
0.0489113625
0.04150728125
0.03967185625
0.03721001875
0.04341776875
0.052256125
0.06282709375
0.0680823
0.069350275
0.06594848125
0.0604011
0.0614711875
0.0605470125
0.05920074375
0.059353325
0.06106196875
0.06319781875
0.069110375
0.07714325
0.08149988125
0.08591839375
0.0842675375
0.08024245
0.07409975
0.0705142625
0.07048383125
0.06428965
0.05757575
0.0474041
0.0372036
0.03524425
0.03462411875
0.0381202875
0.0404228175625
0.0352580151875
0.0338818815625
0.0290479979375
0.0269335041875
0.0302420878125
0.0302878214375
0.028755041375
0.025862566375
0.0282561464375
0.03348017025
0.0430420026875
0.057421272625
0.0609741988125
0.06118311875
0.06323779375
0.05565759375
0.0548179
0.05670895
0.05536615
0.05900684375
0.0591897875
0.05491685
0.0514907875
0.05255005
0.0550089125
0.05954714375
0.0649136
0.0608112375
0.05829590625
0.06229520625
0.06430024375
0.07641738125
0.0877375625
0.08961716875
0.08956769375
0.0819469125
0.07435796875
0.07530895
0.08081321875
0.08859413125
0.09103895625
0.0879766375
0.082637675
0.07957535625
0.08349998125
0.0826663875
0.07815655
0.067693825
0.057624525
0.05708085
0.05878481875
0.062849875
0.05859633125
0.05042856875
0.04651760625
0.043116775
0.0442201375
0.0415878875
0.03631486875
0.0326519
0.03347156875
0.04331765
0.05138926875
0.06137061875
0.0682469625
0.0680046875
0.0730256875
0.07713135
0.08241958125
0.091783875
0.0961727875
0.09794036875
0.096455575
0.08793919375
0.0770296875
0.06824123125
0.0610931625
0.06136576875
0.0690229
0.0693278375
0.069632775
0.06356476875
0.0515411375
0.04632895625
0.04095774375
0.04152766875
0.0412690988125
0.041984297625
0.0430175589375
0.04408025775
0.0548891714375
0.062537022625
0.0700258425625
0.0700258425625
0.0700258425625
0.0700258425625
