-1.33125
-1.33125
-1.33125
-1.33125
-1.275
-1.26875
-1.2375
-1.4375
-1.8375
-2.04375
-2.0125
-1.35625
-0.875
-0.2
-0.075
-0.21875
-0.01875
-0.0375
0.23125
0.0375
-0.49375
-1.16875
-1.675
-1.79375
-1.55
-0.80625
-0.56875
-0.55
-0.725
-1.625
-2.1875
-2.40625
-2.65
-2.26875
-1.69375
-0.96875
-0.3875
0.275
0.55
0.33125
0.45
-0.225
-0.25
-0.26875
-0.16875
0.58125
0.875
1.3375
1.25
0.825
-0.05625
-0.925
-1.53125
-1.85
-1.7125
-1.85
-2.00625
-2.23125
-2.28125
-2.0125
-1.73125
-1.73125
-1.8875
-1.93125
-2.1375
-1.875
-1.825
-1.95625
-1.75
-1.7625
-1.58125
-1.5625
-1.90625
-2.4625
-2.85
-3.06875
-2.9
-2.2
-1.8375
-1.475
-1.3
-1.60625
-1.725
-1.70625
-1.7
-1.24375
-0.825
-0.68125
-0.7
-1.525
-2.39375
-2.64375
-2.70625
-2.26875
-1.76875
-2.0625
-2.39375
-2.725
-2.99375
-3.11875
-3.225
-3.33125
-3.5
-3.5
-3.5
-3.5
-3.5
-3.5
-3.5
-3.5
-3.38125
-3.325
-3.33125
-3.4
-3.225
-2.925
-2.5625
-2.1
-2.54375
-2.71875
-2.83125
-3.01875
-2.6
-2.84375
-3.15
-3.1875
-3.11875
-2.71875
-2.31875
-2.31875
-2.71875
-2.7875
-2.4
-1.84375
-0.99375
-0.64375
-0.725
-0.6375
-0.44375
-0.24375
-0.375
-0.675
-0.98125
-0.66875
-0.10625
0.225
0.18125
-0.8375
-1.75625
-2.38125
-2.58125
-1.74375
-0.99375
0.025
0.95625
0.85
0.66875
-0.2375
-1.725
-2.175
-2.3125
-1.825
-0.7125
-0.24375
-0.225
-0.2125
-0.05625
0.03125
0.4375
0.55625
0.25625
0.20625
0.425
0.3125
0.4125
0.65625
0.71875
1.2375
1.10625
0.775
-0.25
-0.88125
-0.90625
-1.30625
-0.90625
-0.9625
-1.08125
-0.65
-0.65
-0.93125
-1.01875
-1.1
-0.54375
0.11875
0.56875
0.91875
0.34375
0.3375
0.175
-0.525
-0.84375
-1.75625
-2.31875
-2.2625
-1.60625
-0.6125
0.2
0.88125
0.75625
0.1625
-0.59375
-1.11875
-1.55
-1.16875
-0.1375
0.65625
1.83125
2.04375
1.45625
0.84375
-0.18125
-0.7875
-1.2375
-2.05
-2.09375
-1.55625
-0.85625
0.48125
0.79375
0.3
-5.55111512313e-17
-0.95
-1.44375
-1.65
-2.24375
-2.0
-1.3125
-0.79375
0.25
0.325
-0.01875
0.2625
-5.55111512313e-17
0.26875
0.3125
-0.3625
-0.94375
-1.38125
-1.5875
-1.26875
-0.5
0.26875
1.23125
1.80625
1.65625
1.0
-0.0375
-1.28125
-1.5875
-1.61875
-1.18125
-0.08125
-0.00625
0.65
0.70625
0.43125
0.8125
0.21875
0.14375
0.1125
-0.29375
-0.24375
-0.6
-1.4
-2.0375
-2.19375
-1.99375
-1.36875
-0.625
-0.86875
-1.40625
-1.6375
-1.8
-1.4125
-1.10625
-1.00625
-0.89375
-0.3875
0.3625
0.65
0.44375
-0.4875
-1.325
-1.56875
-1.30625
-0.53125
0.4625
0.99375
1.50625
1.59375
0.8875
0.21875
-0.60625
-0.94375
-0.34375
0.81875
1.825
2.5625
2.3375
1.78125
1.14375
-0.0125
-0.6875
-1.94375
-2.78125
-2.7875
-2.625
-1.90625
-1.03125
-0.3375
0.5
1.5
1.68125
1.23125
-0.0375
-1.68125
-2.84375
-3.55
-3.24375
-2.56875
-1.4125
-0.06875
0.4625
1.10625
0.95
0.975
1.13125
0.6
0.58125
-0.2625
-0.75625
-0.96875
-1.70625
-1.56875
-1.45
-0.76875
0.4375
1.05
1.1125
0.23125
-1.0375
-1.90625
-1.8375
-1.35
-0.16875
0.55625
0.25625
0.08125
-1.15625
-2.3
-2.4625
-2.6875
-2.2875
-1.7
-2.1125
-2.525
-3.0
-3.30625
-2.63125
-1.5
-0.39375
0.3
0.425
0.0125
-0.23125
-0.2125
-0.48125
-0.5875
-0.475
-0.425
0.15
0.1875
-0.45
-1.09375
-1.725
-1.9
-1.43125
-0.7375
-0.1625
0.86875
1.55
1.99375
2.1875
1.4875
0.325
-0.74375
-1.6
-2.0375
-1.5375
-0.83125
0.025
1.06875
1.3375
0.8875
-0.05
-1.325
-2.41875
-2.55625
-2.225
-1.26875
0.21875
0.70625
1.0875
0.725
-0.40625
-0.86875
-1.53125
-1.88125
-1.54375
-1.54375
-1.2375
-0.66875
-0.76875
-0.7625
-0.89375
-1.81875
-2.16875
-2.375
-2.78125
-2.65625
-2.94375
-3.0
-2.61875
-1.78125
-0.775
-0.21875
0.40625
0.06875
0.175
0.3625
-0.04375
0.15
-0.49375
-1.05
-1.5125
-1.81875
-1.2
-0.3
0.9625
1.75
1.71875
0.89375
0.10625
-0.48125
-0.90625
-0.35
0.01875
0.65
1.575
1.5
0.9875
-0.075
-1.275
-1.6
-1.48125
-0.74375
0.31875
0.63125
1.3125
1.5
0.85625
0.78125
-0.08125
-1.14375
-1.5125
-2.075
-1.7625
-0.58125
0.2125
1.1875
1.65625
1.1375
0.93125
0.1875
-0.86875
-1.425
-1.7625
-1.64375
-0.825
0.4125
1.1875
1.91875
1.975
1.33125
0.9375
0.3125
-0.15
-0.54375
-1.0375
-1.38125
-1.09375
-0.45
0.01875
0.65625
0.4875
0.325
-0.01875
-0.29375
-0.25
-0.53125
-0.48125
-0.51875
-0.54375
-0.39375
0.2125
0.2125
0.03125
0.11875
-0.20625
-0.05
0.25625
-0.20625
-1.2375
-2.30625
-3.325
-3.925
-3.975
-3.925
-3.9
-3.58125
-2.83125
-2.125
-1.41875
-0.9375
-1.36875
-1.38125
-1.0
-0.8
0.025
-0.025
-0.525
-0.39375
-0.4375
0.33125
1.275
1.64375
1.875
1.35625
0.71875
-0.2
-0.99375
-1.49375
-2.5125
-3.05
-3.55
-3.96875
-3.86875
-3.70625
-3.64375
-3.51875
-3.2125
-3.01875
-2.2
-1.25
-0.26875
0.6625
0.56875
0.41875
-0.275
-0.95625
-1.15625
-1.825
-1.99375
-2.20625
-2.25
-1.79375
-1.50625
-1.2875
-1.23125
-1.34375
-1.625
-1.7875
-2.13125
-2.64375
-2.79375
-2.825
-2.68125
-2.43125
-2.0875
-1.98125
-1.5
-0.55625
-0.2625
0.31875
0.31875
0.31875
0.31875
