1.868125
1.868125
1.868125
1.868125
2.14375
2.28875
2.135
1.84625
1.588125
1.48875
1.56875
1.80625
1.879375
1.920625
1.944375
1.77375
1.586875
1.376875
1.03875
0.776875
0.7275
0.69625
0.76375
0.859375
0.7675
0.693125
0.605
0.69625
0.85125
1.01125
1.1875
1.06125
0.9475
0.86875
0.95375
1.22
1.60625
1.919375
1.91125
1.80625
1.4425
1.084375
0.90375
0.764375
0.89
1.09
1.23375
1.398125
1.26375
1.028125
0.818125
0.5625
0.473125
0.5575
0.73875
1.008125
1.303125
1.2975
1.28875
1.205
1.08125
1.131875
1.018125
1.0575
1.1
1.150625
1.3025
1.18625
1.0825
1.004375
0.88125
0.94375
1.015
1.03375
0.98
0.806875
0.7
0.763125
0.983125
1.26125
1.541875
1.53875
1.5875
1.701875
1.56875
1.534375
1.210625
0.944375
0.90375
0.894375
1.234375
1.29375
1.243125
1.2375
1.058125
1.21625
1.46
1.61375
1.623125
1.4075
1.136875
0.943125
0.9525
0.941875
0.973125
0.954375
0.8075
0.695625
0.5675
0.49875
0.49875
0.49875
0.49875
