0.7735625
0.7735625
0.7735625
0.7735625
0.8256875
0.8250625
0.822125
0.848625
0.8319375
0.8660625
0.8875
0.8523125
0.8715
0.846375
0.8009375
0.812125
0.7689375
0.782375
0.8278125
0.86375
0.9295625
0.9670625
0.9691875
0.9091875
0.855
0.7848125
0.7261875
0.7070625
0.674125
0.6849375
0.73075
0.8095625
0.874375
0.8996875
0.916625
0.8821875
0.903375
0.9441875
0.931375
0.952625
0.90125
0.834125
0.78725
0.82175
0.8925625
0.9669375
1.07975
0.9995
0.91925
0.859375
0.7416875
0.7476875
0.790125
0.78875
0.847125
0.87375
0.869
0.9268125
0.985375
1.0526875
1.0980625
1.0685
0.98125
0.8709375
0.7893125
0.7596875
0.7611875
0.777875
0.7869375
0.78925
0.8188125
0.8836875
0.944375
1.012125
1.0404375
1.0244375
1.0201875
0.9653125
0.9109375
0.8691875
0.8156875
0.804
0.9038125
1.0451875
1.1705
1.3153125
1.2765
1.2645
1.23225
1.177125
1.2015
1.072875
0.9805625
0.8874375
0.8029375
0.8064375
0.84625
0.892
0.9334375
0.974875
0.98
0.9758125
0.971625
0.9503125
0.929
0.911875
0.895625
0.9135
0.9356875
0.9629375
0.9724375
0.9409375
0.905125
0.847375
0.7941875
0.7526875
0.6705625
0.6
0.5700625
0.588875
0.6968125
0.831375
0.9455
1.03525
1.03525
1.03525
1.03525
