-0.034375
-0.034375
-0.034375
-0.034375
-0.25
-0.421875
-0.66875
-0.8375
-0.859375
-0.815625
-0.671875
-0.4875
-0.221875
-0.040625
0.153125
0.215625
0.2
0.20625
0.015625
-0.01875
-0.053125
-0.10625
-0.053125
-0.109375
-0.171875
-0.271875
-0.334375
-0.4
-0.49375
-0.4875
-0.51875
-0.515625
-0.515625
-0.628125
-0.578125
-0.546875
-0.421875
-0.2375
-0.196875
-0.125
-0.10625
-0.075
-0.103125
-0.1375
-0.178125
-0.115625
0.06875
0.240625
0.371875
0.384375
0.271875
0.165625
0.0875
-0.1
-0.303125
-0.4875
-0.665625
-0.7375
-0.71875
-0.665625
-0.6
-0.553125
-0.51875
-0.603125
-0.725
-0.678125
-0.596875
-0.396875
-0.084375
-0.040625
-0.0125
0.034375
0.003125
0.13125
0.1875
0.175
0.18125
0.184375
0.240625
0.159375
-0.05
-0.34375
-0.571875
-0.646875
-0.609375
-0.50625
-0.553125
-0.503125
-0.440625
-0.390625
-0.25625
-0.3
-0.375
-0.475
-0.55
-0.503125
-0.375
-0.234375
0.003125
0.05625
-0.040625
-0.078125
-0.384375
-0.553125
-0.534375
-0.534375
-0.3625
-0.228125
-0.3
-0.409375
-0.56875
-0.65625
-0.596875
-0.59375
-0.478125
-0.390625
-0.35
-0.25
-0.2375
-0.16875
-0.153125
-0.05
0.0375
-0.078125
-0.140625
-0.346875
-0.565625
-0.65
-0.734375
-0.696875
-0.65
-0.546875
-0.43125
-0.4
-0.290625
-0.325
-0.303125
-0.290625
-0.403125
-0.428125
-0.51875
-0.575
-0.571875
-0.58125
-0.659375
-0.75
-0.828125
-0.8875
-0.821875
-0.665625
-0.4625
-0.2125
0.046875
0.228125
0.296875
0.3125
0.1125
-0.025
-0.04375
-0.146875
-0.03125
-0.040625
-0.109375
-0.09375
-0.203125
-0.303125
-0.396875
-0.425
-0.3875
-0.24375
-0.171875
-0.184375
-0.134375
-0.209375
-0.2125
-0.221875
-0.4
-0.5
-0.625
-0.7
-0.6125
-0.5375
-0.425
-0.34375
-0.334375
-0.33125
-0.346875
-0.303125
-0.228125
-0.121875
0.01875
-0.025
-0.184375
-0.296875
-0.35
-0.265625
-0.09375
1.38777878078e-17
-0.065625
-0.15
-0.234375
-0.29375
-0.284375
-0.2875
-0.303125
-0.26875
-0.290625
-0.153125
-0.009375
-0.0625
-0.009375
-0.225
-0.38125
-0.3625
-0.48125
-0.40625
-0.359375
-0.4
-0.35625
-0.390625
-0.509375
-0.44375
-0.359375
-0.321875
-0.1
-0.159375
-0.109375
0.06875
0.05625
0.26875
0.21875
0.01875
-0.140625
-0.43125
-0.59375
-0.6625
-0.615625
-0.55
-0.459375
-0.30625
-0.24375
-0.06875
0.09375
0.165625
0.125
0.00625
-0.071875
-0.0625
0.1125
0.21875
0.34375
0.3375
0.275
0.33125
0.2625
0.1875
0.121875
-0.05
-0.228125
-0.28125
-0.284375
-0.109375
0.1125
0.221875
0.209375
-0.053125
-0.265625
-0.4375
-0.5375
-0.45
-0.425
-0.253125
-0.146875
-0.178125
-0.09375
-0.2375
-0.346875
-0.36875
-0.534375
-0.634375
-0.603125
-0.55
-0.4625
-0.346875
-0.425
-0.503125
-0.503125
-0.496875
-0.396875
-0.346875
-0.31875
-0.275
-0.24375
-0.190625
-0.253125
-0.378125
-0.503125
-0.68125
-0.775
-0.828125
-0.86875
-0.809375
-0.6625
-0.528125
-0.365625
-0.321875
-0.421875
-0.496875
-0.5125
-0.334375
-0.078125
0.159375
0.2375
0.184375
0.14375
0.121875
0.096875
-0.0625
-0.265625
-0.415625
-0.425
-0.225
-0.021875
0.075
0.040625
0.003125
-0.06875
-0.11875
-0.05
-0.05
0.10625
0.2625
0.359375
0.45625
0.321875
0.20625
0.15
0.09375
0.19375
0.3
0.234375
0.040625
-0.11875
-0.290625
-0.2375
-0.06875
-0.04375
-0.01875
-0.25
-0.46875
-0.61875
-0.678125
-0.509375
-0.2
0.0375
0.25
0.346875
0.3
0.371875
0.259375
0.15625
-0.075
-0.321875
-0.45
-0.56875
-0.496875
-0.434375
-0.271875
-0.071875
0.08125
0.253125
0.30625
0.309375
0.228125
0.04375
-0.171875
-0.296875
-0.278125
-0.203125
-0.053125
-0.046875
-0.178125
-0.303125
-0.41875
-0.409375
-0.353125
-0.35
-0.365625
-0.396875
-0.396875
-0.36875
-0.325
-0.325
-0.20625
0.08125
0.26875
0.478125
0.4125
0.059375
-0.23125
-0.528125
-0.628125
-0.50625
-0.371875
-0.325
-0.2375
-0.2
-0.09375
0.15
0.165625
0.071875
-0.09375
-0.353125
-0.446875
-0.40625
-0.40625
-0.40625
-0.40625
