0.82125
0.82125
0.82125
0.82125
0.8775
1.070625
1.17125
1.25375
1.21875
1.038125
0.9325
0.8425
0.766875
0.765
0.711875
0.701875
0.7
0.726875
0.806875
0.855625
0.88125
0.86
0.838125
0.8625
0.93
1.020625
1.006875
0.886875
0.755
0.6175
0.613125
0.72375
0.85375
1.03875
1.185
1.27625
1.316875
1.241875
1.10125
0.953125
0.83625
0.8075
0.89
0.970625
1.12375
1.23375
1.2125
1.209375
1.11
1.03375
1.0325
1.044375
1.086875
1.114375
1.129375
1.085
1.026875
1.00125
1.00375
0.995
0.944375
0.870625
0.821875
0.854375
0.953125
1.064375
1.115
1.100625
1.101875
1.055
1.026875
1.10875
1.155625
1.260625
1.355625
1.328125
1.31875
1.246875
1.15625
1.110625
1.05625
1.055
1.0775
1.11625
1.075
1.009375
0.92625
0.809375
0.8375
0.938125
1.080625
1.281875
1.410625
1.401875
1.390625
1.283125
1.120625
1.093125
0.9975
1.011875
1.119375
1.17125
1.269375
1.2575
1.175625
1.040625
0.923125
0.855
0.794375
0.751875
0.720625
0.715625
0.808125
0.930625
0.94625
0.94
0.820625
0.7575
0.845625
0.92125
1.021875
1.088125
1.08125
1.12625
1.2
1.205625
1.194375
1.106875
0.974375
0.934375
0.90625
0.910625
1.01875
1.035625
1.04625
1.10625
1.09875
1.17625
1.243125
1.283125
1.313125
1.279375
1.3225
1.30875
1.239375
1.145
0.940625
0.83
0.833125
0.9025
1.081875
1.17
1.1575
1.160625
1.035625
0.985625
1.038125
1.079375
1.266875
1.403125
1.45125
1.428125
1.345625
1.290625
1.301875
1.416875
1.455625
1.471875
1.405625
1.206875
1.0975
0.991875
0.96125
1.04875
1.145
1.205
1.208125
1.204375
1.078125
0.99125
0.9475
0.846875
0.90625
0.96125
1.01375
1.11875
1.101875
1.154375
1.158125
1.086875
1.04
0.91625
0.905
0.90875
0.9375
0.930625
0.795625
0.69125
0.65875
0.725
0.884375
1.09375
1.230625
1.285
1.245625
1.131875
0.984375
0.916875
0.9375
0.990625
1.11625
1.173125
1.215625
1.291875
1.283125
1.255625
1.231875
1.15
1.160625
1.220625
1.21875
1.195625
1.060625
0.9075
0.826875
0.839375
0.945
1.123125
1.235
1.275
1.2475
1.143125
1.04125
0.939375
0.9175
0.901875
0.995
1.121875
1.241875
1.369375
1.406875
1.436875
1.36125
1.285625
1.180625
1.051875
1.035
1.00375
1.02375
1.03875
1.0475
1.0525
1.101875
1.17875
1.200625
1.240625
1.226875
1.183125
1.141875
1.140625
1.084375
1.11875
1.17375
1.18875
1.27625
1.220625
1.170625
1.120625
1.01625
1.025
1.010625
0.9725
0.9825
0.95875
0.959375
0.935
0.9
0.869375
0.876875
0.9725
1.075
1.175625
1.23875
1.295625
1.34625
1.394375
1.370625
1.264375
1.124375
0.91375
0.775625
0.74125
0.811875
0.95375
1.0775
1.108125
0.99375
0.911875
0.86375
0.815
0.878125
0.846875
0.790625
0.77375
0.709375
0.701875
0.645
0.66125
0.703125
0.795
0.960625
1.053125
1.079375
1.076875
1.05
0.983125
0.9975
0.96625
0.9975
1.10875
1.17875
1.25625
1.27125
1.224375
1.235
1.26875
1.24875
1.23875
1.1075
0.96125
0.891875
0.826875
0.89875
0.946875
0.94875
0.999375
0.96
0.9925
1.015625
0.925
0.9075
0.85
0.91125
1.13125
1.29
1.42125
1.46625
1.3775
1.27875
1.219375
1.129375
1.079375
1.055
1.01875
0.98125
0.919375
0.8825
0.82125
0.816875
0.9175
0.9625
1.0325
1.10625
1.034375
1.015
1.0675
1.053125
1.166875
1.233125
1.171875
1.148125
1.085625
1.070625
1.110625
1.14375
1.086875
0.984375
0.92
0.86125
0.915625
1.0275
1.076875
1.1475
1.15625
1.0825
1.074375
1.084375
1.17125
1.28875
1.34125
1.320625
1.245
1.1625
1.105625
1.045625
0.930625
0.8875
0.815
0.7925
0.885
0.88
0.9025
0.93
0.884375
0.910625
0.945
0.9725
0.98
0.980625
1.014375
1.029375
1.07875
1.10375
1.070625
1.0075
0.943125
0.90625
0.879375
0.940625
0.986875
1.040625
1.125
1.111875
1.119375
1.095
1.025
1.09
1.181875
1.27125
1.370625
1.33625
1.245
1.17375
1.075
0.984375
0.88625
0.7275
0.648125
0.695
0.805625
0.958125
1.0625
1.06625
1.04625
1.026875
1.056875
1.100625
1.1525
1.1925
1.19125
1.129375
1.034375
1.005625
0.921875
0.904375
0.904375
0.879375
0.923125
1.03
1.1525
1.17875
1.210625
1.16
1.0375
1.051875
1.025625
0.940625
0.94375
0.895625
0.916875
1.096875
1.250625
1.37875
1.38125
1.234375
1.081875
0.88875
0.804375
0.759375
0.68625
0.705
0.700625
0.720625
0.75625
0.78875
0.84625
0.92625
1.049375
1.050625
1.01875
0.940625
0.850625
0.8975
0.871875
0.918125
0.89375
0.785625
0.8225
0.826875
0.921875
1.105
1.215625
1.256875
1.2525
1.198125
1.14375
1.1425
1.1475
1.069375
0.93625
0.83
0.75625
0.79375
0.919375
1.01875
1.05
1.015625
0.97
0.901875
0.863125
0.921875
0.909375
0.91875
0.950625
0.875625
0.86625
0.870625
0.8425
0.850625
0.85375
0.85125
0.914375
1.038125
1.099375
1.185625
1.173125
1.056875
1.043125
0.92375
0.88625
0.905
0.821875
0.85
0.8675
0.84625
0.914375
0.960625
0.9075
0.90875
0.85
0.79625
0.870625
0.985
1.126875
1.16875
1.17375
1.060625
0.99
1.01
1.029375
1.101875
1.10875
1.10875
1.090625
1.056875
1.023125
1.005625
0.985625
1.04375
1.119375
1.20625
1.235625
1.164375
1.118125
0.9975
0.95375
0.935
0.865
0.855625
0.861875
0.92125
0.998125
1.028125
1.03
1.015625
1.026875
1.115
1.165
1.115
1.03125
0.849375
0.745625
0.720625
0.71875
0.77125
0.76875
0.789375
0.83625
0.865625
0.935625
0.975625
0.975
1.055
1.084375
1.175
1.25875
1.21875
1.231875
1.195
1.1725
1.213125
1.23125
1.19
1.146875
1.12875
1.08125
1.065
1.04125
0.984375
0.97125
1.02
1.0625
1.0975
1.0625
0.949375
0.8575
0.739375
0.758125
0.84625
0.899375
0.97875
0.950625
0.949375
1.05
1.183125
1.29
1.3025
1.2025
1.10625
1.051875
0.98625
0.98375
0.8925
0.795
0.785625
0.78375
0.875
1.0175
1.14625
1.1575
1.108125
1.0525
0.97875
1.025
1.148125
1.18875
1.181875
1.16
1.08125
1.079375
1.1175
1.164375
1.185
1.205
1.265
1.27125
1.36625
1.429375
1.4575
1.485
1.410625
1.34625
1.285625
1.261875
1.2575
1.235
1.16625
1.088125
1.04875
0.975625
0.903125
0.830625
0.80125
0.840625
0.95375
1.04625
1.079375
1.101875
1.050625
1.05875
1.071875
1.054375
1.061875
1.0525
1.02625
1.0
1.00875
1.000625
1.0025
1.029375
1.033125
1.031875
1.0375
1.04375
1.059375
1.009375
0.910625
0.868125
0.813125
0.835
0.978125
1.0375
1.11
1.1475
1.1175
1.10875
1.0625
1.064375
0.995625
0.893125
0.82375
0.70625
0.693125
0.681875
0.68
0.701875
0.658125
0.646875
0.63875
0.67
0.76
0.880625
0.97125
1.055625
1.07
1.0725
1.0875
1.061875
1.1075
1.121875
1.12875
1.126875
1.0725
1.00875
0.943125
0.88375
0.841875
0.80375
0.80125
0.8025
0.8625
0.98875
1.055
1.150625
1.15375
1.059375
1.058125
1.055625
1.069375
1.155
1.1425
1.103125
1.06375
1.050625
1.075625
1.0325
1.074375
1.03375
1.04
1.170625
1.196875
1.234375
1.189375
1.06625
0.99375
0.943125
0.895
0.8675
0.80875
0.7325
0.71125
0.75625
0.820625
0.966875
1.124375
1.161875
1.185625
1.158125
1.048125
1.053125
1.078125
1.085
1.14125
1.081875
1.065
1.053125
1.035625
1.1175
1.1175
1.095625
1.093125
1.07375
1.10375
1.15375
1.19125
1.211875
1.2
1.19
1.158125
1.04375
0.970625
0.86625
0.79375
0.79875
0.786875
0.828125
0.8675
0.939375
1.016875
1.081875
1.144375
1.20625
1.200625
1.185625
1.196875
1.189375
1.251875
1.265625
1.24625
1.1675
1.05625
1.06625
1.02125
1.015
1.02375
0.943125
0.923125
0.910625
0.899375
0.914375
0.914375
0.914375
0.914375
