-0.3925
-0.3925
-0.3925
-0.3925
-0.5175
-0.41875
-0.34125
-0.24
-0.0975
-0.045
0.01625
0.05375
0.160625
0.21125
0.223125
0.241875
0.1475
-0.07125
-0.09
0.001875
0.1325
0.46125
0.479375
0.28625
0.07375
-0.190625
-0.256875
-0.099375
0.08625
0.2575
0.37375
0.265
-0.00125
-0.23125
-0.4425
-0.553125
-0.526875
-0.4175
-0.166875
0.246875
0.701875
0.97625
0.949375
0.72375
0.481875
0.305
0.340625
0.298125
0.235625
0.28875
0.259375
0.366875
0.34375
0.24125
0.12375
-0.0675
-0.035
-0.123125
-0.1875
-0.14375
-0.294375
-0.395
-0.48875
-0.526875
-0.485625
-0.334375
-0.16125
-0.228125
-0.285625
-0.409375
-0.468125
-0.260625
0.045
0.358125
0.515
0.420625
0.284375
0.25125
0.34125
0.556875
0.559375
0.485
0.29625
0.210625
0.375625
0.488125
0.77875
0.851875
0.7325
0.50375
0.115625
-0.169375
-0.2375
0.0075
0.243125
0.57375
0.6525
0.55375
0.65625
0.6675
0.828125
0.84375
0.569375
0.19625
-0.175625
-0.411875
-0.535
-0.44125
-0.219375
0.009375
0.405
0.6375
0.568125
0.6425
0.44625
0.206875
0.085
-0.20625
-0.34625
-0.36625
-0.3125
-0.331875
-0.365
-0.446875
-0.446875
-0.446875
-0.446875
