5.8625
5.8625
5.8625
5.8625
5.84375
5.75625
5.575
5.725
5.60625
5.15625
4.8
4.75
4.4875
4.56875
4.65
4.375
4.51875
4.7
4.975
5.6
5.99375
6.0125
5.925
5.31875
4.96875
4.8375
4.925
5.34375
5.3625
5.55
5.7375
5.95
6.6
7.0625
7.06875
7.0125
6.55625
5.975
5.6625
5.34375
5.1625
5.11875
4.95
4.95625
5.4625
6.375
7.5
8.48125
8.7375
8.18125
7.3375
6.36875
5.66875
5.38125
5.4375
5.70625
5.90625
6.125
6.01875
5.6375
5.2625
4.8625
4.6375
4.525
4.48125
4.6125
4.71875
4.9375
5.3125
5.35
5.54375
5.68125
5.4875
5.4125
5.19375
4.925
4.76875
4.65625
4.8125
5.2
5.7625
6.55625
6.74375
6.625
6.325
5.85
5.8
5.86875
5.9875
5.84375
5.40625
4.9625
4.45
4.275
4.53125
4.8125
5.4625
5.85625
5.85625
5.83125
5.49375
5.19375
5.25625
5.2875
5.325
5.55
5.60625
5.9125
6.25625
6.425
6.35
5.80625
5.1375
4.575
4.1375
3.9125
3.925
3.95625
4.08125
4.3625
4.46875
4.53125
5.0875
5.59375
5.94375
6.25
5.66875
5.2
5.15
5.35
6.10625
6.53125
6.575
6.2625
5.68125
5.31875
5.5125
6.25625
7.19375
8.075
8.29375
7.775
7.1875
6.54375
6.23125
6.25625
6.0375
5.93125
5.63125
5.4375
5.53125
5.725
5.93125
5.85
5.64375
5.2125
5.01875
5.1875
5.625
6.15
6.44375
6.55625
6.31875
6.04375
5.8375
5.68125
5.85625
5.9
6.3
6.43125
6.18125
6.2125
5.90625
5.80625
5.80625
5.94375
5.8625
5.69375
5.7125
4.96875
4.7125
4.61875
4.43125
4.9625
5.11875
5.325
5.7
5.78125
5.99375
6.09375
6.025
6.025
5.90625
5.875
5.89375
6.06875
6.3375
6.5375
6.4125
5.81875
5.55
5.2875
5.2625
5.8375
5.89375
5.7375
5.88125
5.94375
6.16875
6.51875
6.5875
6.45
6.425
6.51875
6.7
6.48125
6.20625
5.9375
5.575
5.55625
5.5375
5.34375
5.1125
5.0
4.89375
5.35
5.8
6.4
6.99375
6.93125
6.9375
6.51875
6.04375
5.75
5.54375
5.4625
5.65625
5.875
6.075
6.28125
6.31875
6.1875
5.9875
6.09375
5.85
5.775
5.48125
4.85
4.425
4.0
3.9875
4.2
4.63125
5.06875
5.0375
4.75
4.45
4.26875
4.43125
4.65625
4.9
4.89375
4.8375
5.425
5.75
6.19375
6.6125
5.975
5.80625
5.5875
5.375
5.7375
5.36875
5.33125
5.69375
5.99375
7.08125
7.6625
7.50625
7.325
6.51875
6.01875
5.8
5.5875
5.5
5.44375
5.8375
6.425
7.45625
8.1625
8.475
8.35
7.4875
6.95625
6.425
6.38125
6.575
6.43125
6.05625
5.64375
5.5
5.74375
6.45
6.55
6.55
6.60625
6.25
6.69375
7.24375
7.41875
7.5625
7.1
6.8625
6.78125
6.8125
6.80625
6.25625
5.775
5.40625
5.2375
5.275
5.03125
5.05
5.20625
5.56875
6.225
6.41875
6.58125
6.2
5.7375
5.45625
5.1125
5.44375
5.775
6.1125
6.275
5.86875
5.36875
4.75625
4.35
4.00625
3.98125
4.3125
5.09375
6.10625
6.825
7.3875
7.2375
6.95
6.65625
6.25
5.825
5.70625
5.625
5.3625
5.83125
6.25
6.7
7.5
7.81875
7.50625
7.2625
6.73125
5.7875
5.25
5.04375
5.1875
5.75625
6.3
6.05
5.8
5.6
5.63125
6.0625
5.725
5.1
4.50625
3.75
3.9125
4.36875
4.5875
5.075
4.93125
4.94375
4.8375
4.63125
5.18125
5.31875
5.7625
6.65
6.80625
7.20625
7.28125
6.90625
6.8
6.625
6.74375
6.59375
6.3875
6.3375
6.0625
5.86875
5.75
5.3625
5.04375
5.1875
5.1875
5.525
5.91875
5.725
5.975
5.9625
5.9625
6.51875
6.46875
6.30625
6.30625
5.9125
5.825
5.71875
5.35625
5.03125
4.45
4.2125
3.925
3.8125
3.9125
3.8625
4.3875
5.3
6.2625
7.6125
8.2375
8.01875
7.83125
7.24375
6.79375
6.71875
6.90625
6.8875
7.0
7.54375
7.29375
7.05625
6.76875
5.8625
5.46875
5.275
5.01875
4.90625
4.7375
4.50625
4.55
4.5875
4.625
5.16875
5.3875
5.5625
6.1375
6.2625
6.71875
7.34375
7.11875
7.11875
7.11875
7.11875
