0.220625
0.220625
0.220625
0.220625
0.403125
0.4075
0.454375
0.4725
0.224375
0.0825
-0.234375
-0.5
-0.6325
-0.71375
-0.51625
-0.32125
0.0025
0.303125
0.40125
0.446875
0.24125
0.146875
0.1525
0.223125
0.3925
0.445
0.32
0.151875
0.03125
-0.218125
-0.34125
-0.475625
-0.526875
-0.33625
-0.119375
0.119375
0.115625
0.014375
-0.129375
-0.273125
-0.26375
-0.40375
-0.515
-0.4725
-0.309375
0.04125
0.399375
0.445
0.3525
0.2425
0.115
0.17
0.220625
0.159375
0.1175
0.051875
-0.05875
-0.09375
-0.143125
-0.19875
-0.235625
-0.140625
-0.035
0.059375
0.145
-0.0425
-0.211875
-0.34
-0.42875
-0.3275
-0.1625
-0.0325
0.094375
0.20875
0.138125
0.095625
0.0375
-0.159375
-0.300625
-0.329375
-0.185625
0.09
0.4025
0.450625
0.22375
0.084375
0.074375
0.188125
0.423125
0.395
0.105625
-0.1725
-0.483125
-0.62375
-0.646875
-0.67
-0.653125
-0.67125
-0.675
-0.658125
-0.66625
-0.573125
-0.475
-0.28
-0.033125
0.16625
0.501875
0.635625
0.700625
0.578125
0.173125
-0.19625
-0.5025
-0.505
-0.36
-0.025
0.284375
0.37875
0.448125
0.235
0.138125
0.14125
0.181875
0.44875
0.5525
0.47125
0.37125
0.18625
-0.03375
-0.09375
-0.1725
-0.223125
-0.088125
0.028125
0.163125
0.241875
0.241875
0.218125
0.194375
0.123125
-0.0975
-0.289375
-0.389375
-0.29
-0.040625
0.228125
0.308125
0.264375
0.271875
0.2525
0.35375
0.463125
0.375625
0.26875
0.138125
-0.13
-0.293125
-0.415625
-0.403125
-0.285625
-0.0275
0.2175
0.16375
0.146875
-0.12125
-0.429375
-0.41
-0.39125
-0.246875
-0.03375
-0.11375
-0.07625
-0.05625
-0.07625
0.04125
-0.091875
-0.218125
-0.333125
-0.47
-0.49375
-0.4975
-0.53125
-0.57
-0.6125
-0.655625
-0.65
-0.60125
-0.520625
-0.454375
-0.4125
-0.400625
-0.44125
-0.48875
-0.565625
-0.655625
-0.680625
-0.61125
-0.495
-0.3275
-0.2125
-0.2675
-0.21125
-0.23
-0.18
-0.035625
-0.139375
-0.093125
-0.135
-0.208125
-0.08625
-0.169375
-0.089375
0.0125
-0.04625
0.13375
0.19
0.268125
0.43125
0.33375
0.151875
0.0675
-0.0075
0.16875
0.375625
0.383125
0.366875
0.089375
-0.000625
-0.053125
-0.00125
0.174375
0.07
0.001875
-0.108125
-0.0775
0.165625
0.5
0.659375
0.551875
0.349375
0.105625
-0.03
-0.03375
-0.019375
-0.03625
0.026875
0.080625
0.155625
0.096875
-0.071875
-0.21125
-0.3325
-0.3525
-0.311875
-0.299375
-0.355
-0.370625
-0.40375
-0.36125
-0.28875
-0.244375
-0.205625
-0.29375
-0.363125
-0.424375
-0.46
-0.45625
-0.34375
-0.2275
-0.125625
0.08125
0.17125
0.375
0.618125
0.81875
0.895625
0.721875
0.4375
-0.034375
-0.39
-0.6125
-0.735
-0.55375
-0.34625
-0.01
0.300625
0.3175
0.281875
-0.01125
-0.188125
-0.15125
-0.049375
0.3225
0.575
0.64625
0.674375
0.42
0.0525
-0.06625
-0.18375
-0.075
0.11875
0.150625
0.305
0.295625
0.314375
0.241875
0.084375
-0.018125
-0.120625
-0.1275
-0.30875
-0.46125
-0.51625
-0.421875
-0.1275
0.174375
0.27625
0.24
0.18625
0.129375
0.33375
0.54625
0.68625
0.85625
0.72625
0.58
0.4275
0.19625
0.1125
-0.10875
-0.31125
-0.48875
-0.63
-0.60375
-0.526875
-0.381875
-0.279375
-0.159375
-0.026875
0.015
0.008125
-0.038125
-0.0875
0.016875
0.179375
0.270625
0.228125
-0.06
-0.379375
-0.585
-0.660625
-0.60125
-0.5125
-0.476875
-0.49875
-0.526875
-0.42875
-0.32
-0.171875
0.09875
0.155625
0.251875
0.330625
0.153125
0.055625
-0.12375
-0.226875
-0.05
0.126875
0.3225
0.360625
0.13125
-0.140625
-0.365
-0.490625
-0.50875
-0.495625
-0.46375
-0.449375
-0.4325
-0.393125
-0.39625
-0.393125
-0.2325
-0.089375
0.14625
0.346875
0.269375
0.246875
0.0025
-0.1025
-0.03625
-0.0675
0.1475
0.21875
0.250625
0.340625
0.194375
0.084375
-0.079375
-0.213125
-0.188125
-0.2025
-0.138125
-0.179375
-0.296875
-0.243125
-0.2225
-0.123125
0.05
-0.0625
-0.17875
-0.16125
-0.180625
0.015
0.2175
0.1275
0.0375
-0.15625
-0.345
-0.33375
-0.28625
-0.215
-0.09
0.07375
0.13625
0.225
0.23125
-0.00125
-0.20125
-0.40375
-0.585625
-0.5675
-0.495
-0.29875
-0.10625
0.125
0.325
0.255
0.20875
-0.059375
-0.176875
-0.12875
-0.116875
0.14125
0.258125
0.33875
0.465625
0.346875
0.228125
0.133125
0.006875
0.004375
-0.1275
-0.300625
-0.464375
-0.489375
-0.396875
-0.11625
0.170625
0.1825
0.339375
0.19625
0.0525
0.1475
0.06125
0.128125
0.189375
0.088125
-0.04375
-0.19
-0.206875
-0.166875
-0.059375
0.09
-0.01125
-0.09625
-0.153125
-0.303125
-0.303125
-0.321875
-0.369375
-0.338125
-0.396875
-0.459375
-0.515
-0.566875
-0.49625
-0.394375
-0.305
-0.28125
-0.22625
-0.18
-0.081875
0.053125
-0.03375
-0.0075
-0.015625
-0.02375
0.134375
0.03
0.0425
0.17625
0.224375
0.425625
0.43
0.191875
0.05125
-0.106875
-0.2275
-0.23875
-0.338125
-0.431875
-0.483125
-0.5275
-0.413125
-0.293125
-0.038125
0.226875
0.23875
0.228125
-0.07125
-0.290625
-0.37125
-0.43
-0.310625
-0.351875
-0.38875
-0.410625
-0.456875
-0.4275
-0.396875
-0.32125
-0.2375
-0.034375
0.15
0.161875
0.230625
0.063125
-0.108125
-0.166875
-0.36625
-0.460625
-0.53125
-0.448125
-0.25
0.00875
0.253125
0.24625
0.13875
-0.04625
-0.15875
-0.2275
-0.2225
-0.22125
-0.381875
-0.50625
-0.655625
-0.71125
-0.6625
-0.54
-0.25125
-0.060625
0.129375
0.209375
-0.005625
-0.146875
-0.3
-0.355625
-0.12875
0.024375
0.1775
0.245
0.17125
0.11
0.056875
0.02875
-0.153125
-0.303125
-0.48625
-0.6575
-0.68
-0.693125
-0.6275
-0.55
-0.30875
0.036875
0.2675
0.494375
0.4275
0.09375
-0.156875
-0.386875
-0.47875
-0.333125
-0.2125
-0.120625
-0.04125
-0.133125
-0.21625
-0.33625
-0.469375
-0.523125
-0.594375
-0.555625
-0.465625
-0.369375
-0.12
-0.03375
0.0375
0.07375
-0.0875
-0.15875
-0.2575
-0.16375
-0.10375
-0.026875
0.18625
0.223125
0.36125
0.490625
0.448125
0.29875
0.131875
-0.085625
-0.355625
-0.50625
-0.655625
-0.73375
-0.55875
-0.38375
-0.22125
0.0475
0.1775
0.31
0.48875
0.5325
0.4225
0.304375
0.1575
-0.12125
-0.249375
-0.249375
-0.260625
-0.008125
0.220625
0.339375
0.451875
0.370625
0.315
0.190625
0.08875
-0.030625
-0.03875
-0.06625
-0.071875
0.001875
-0.034375
-0.026875
-0.04375
-0.05125
-0.05125
-0.05125
-0.05125
