1.30875
1.30875
1.30875
1.30875
1.12125
1.105625
1.23375
1.101875
1.085625
1.126875
1.02875
1.105
1.201875
1.14625
1.031875
0.9475
0.724375
0.535625
0.60875
0.79625
1.11125
1.556875
1.684375
1.54125
1.32625
0.93375
0.689375
0.61875
0.585
0.735625
0.868125
0.953125
1.048125
0.975
0.91625
0.77
0.616875
0.5325
0.429375
0.45375
0.615625
0.81
1.070625
1.305625
1.245
1.1375
1.03
0.934375
0.966875
0.9875
0.89875
0.695
0.515
0.365625
0.245
0.3875
0.59125
0.794375
1.11875
1.2125
1.1825
1.1525
0.94625
0.79625
0.79625
0.86375
1.026875
1.101875
1.048125
0.92125
0.874375
0.89125
0.91
0.910625
0.73375
0.609375
0.544375
0.47
0.5425
0.64875
0.7275
1.008125
1.1925
1.249375
1.29
1.010625
0.766875
0.559375
0.383125
0.430625
0.530625
0.6825
0.93625
1.19625
1.401875
1.5675
1.600625
1.410625
1.338125
1.36625
1.321875
1.391875
1.175625
0.810625
0.714375
0.64875
0.82
1.043125
0.948125
0.97
0.97
0.97
0.97
