0.22125
0.22125
0.22125
0.22125
0.354375
0.691875
0.785625
0.686875
0.600625
0.316875
-0.045
-0.2675
-0.386875
-0.30875
-0.103125
0.079375
0.0575
-0.063125
-0.19875
-0.265625
-0.27875
-0.425
-0.56375
-0.7125
-0.805625
-0.72375
-0.681875
-0.723125
-0.814375
-0.930625
-0.84875
-0.67375
-0.413125
-0.19375
-0.250625
-0.341875
-0.38125
-0.39625
-0.3275
-0.13875
-0.173125
-0.10875
0.00875
-0.10625
-0.09375
-0.27375
-0.456875
-0.569375
-0.736875
-0.855625
-0.828125
-0.724375
-0.548125
-0.286875
-0.364375
-0.465
-0.568125
-0.71125
-0.6625
-0.63625
-0.635
-0.51375
-0.2875
0.09625
0.4375
0.54625
0.375
-0.08125
-0.486875
-0.78
-0.9075
-0.938125
-0.915625
-0.7825
-0.635625
-0.31375
-0.075
-0.080625
-0.07375
-0.29875
-0.499375
-0.539375
-0.616875
-0.63
-0.643125
-0.57625
-0.50375
-0.26375
-0.01625
0.01375
0.0325
-0.169375
-0.38625
-0.5
-0.4825
-0.38125
-0.2675
-0.16125
-0.335
-0.50125
-0.57875
-0.601875
-0.27875
0.149375
0.3925
0.5375
0.374375
-0.0575
-0.44
-0.76375
-1.03
-1.13625
-1.004375
-0.7325
-0.30375
0.165
0.275625
0.1575
-0.08875
-0.3675
-0.484375
-0.521875
-0.540625
-0.60875
-0.6925
-0.774375
-0.834375
-0.810625
-0.73125
-0.66
-0.59125
-0.57
-0.495
-0.38875
-0.268125
-0.13625
-0.231875
-0.2375
-0.284375
-0.344375
-0.270625
-0.4425
-0.624375
-0.814375
-0.964375
-0.94
-0.8225
-0.67375
-0.605
-0.570625
-0.608125
-0.543125
-0.415
-0.275625
-0.014375
0.010625
0.123125
0.2375
0.134375
0.17375
-0.008125
-0.12875
-0.03375
-0.0275
0.228125
0.4725
0.491875
0.64
0.503125
0.14875
0.01125
-0.23
-0.32
-0.255625
-0.404375
-0.49875
-0.603125
-0.609375
-0.386875
-0.1625
0.074375
0.1075
-0.0675
-0.27625
-0.534375
-0.56875
-0.506875
-0.443125
-0.31875
-0.40625
-0.54375
-0.685625
-0.823125
-0.89125
-0.75375
-0.578125
-0.473125
-0.378125
-0.5425
-0.59
-0.533125
-0.4075
-0.2125
-0.155
-0.18625
-0.13375
-0.074375
-0.165625
-0.25
-0.55375
-0.826875
-0.795
-0.7325
-0.580625
-0.415
-0.401875
-0.358125
-0.341875
-0.37
-0.550625
-0.80375
-0.82125
-0.756875
-0.500625
-0.149375
-0.038125
0.01625
0.131875
0.2825
0.31875
0.30375
0.048125
-0.408125
-0.66625
-0.814375
-0.788125
-0.66625
-0.5675
-0.546875
-0.560625
-0.603125
-0.655
-0.726875
-0.781875
-0.756875
-0.798125
-0.74125
-0.55625
-0.40375
-0.150625
0.118125
0.065
0.01375
-0.1025
-0.27375
-0.245625
-0.24375
-0.18625
-0.300625
-0.445
-0.570625
-0.745625
-0.5875
-0.410625
-0.235625
-0.04375
-0.08
-0.13875
-0.175
-0.194375
-0.28
-0.255625
-0.270625
-0.359375
-0.35375
-0.540625
-0.718125
-0.79125
-0.664375
-0.44125
-0.199375
-0.0075
-0.1425
-0.3025
-0.4775
-0.655
-0.54
-0.421875
-0.3
-0.165625
-0.32375
-0.4625
-0.60125
-0.77
-0.8075
-0.80875
-0.81
-0.77375
-0.7
-0.656875
-0.604375
-0.606875
-0.639375
-0.565
-0.516875
-0.423125
-0.223125
-0.248125
-0.24875
-0.209375
-0.3675
-0.40375
-0.4475
-0.540625
-0.535
-0.4375
-0.330625
-0.1075
0.22125
0.330625
0.41875
0.274375
-0.115625
-0.421875
-0.71375
-0.878125
-0.721875
-0.496875
-0.31625
-0.030625
-0.10625
-0.205
-0.12875
-0.268125
-0.185
-0.124375
-0.290625
-0.370625
-0.534375
-0.7025
-0.765
-0.690625
-0.54
-0.24
0.03125
0.0625
0.025
-0.24
-0.488125
-0.591875
-0.615625
-0.57
-0.524375
-0.503125
-0.53875
-0.5425
-0.53875
-0.548125
-0.529375
-0.525625
-0.536875
-0.580625
-0.650625
-0.614375
-0.563125
-0.420625
-0.310625
-0.438125
-0.573125
-0.799375
-0.949375
-0.920625
-0.894375
-0.76375
-0.683125
-0.49625
-0.326875
-0.22375
0.056875
0.05
0.085625
0.258125
0.240625
0.34375
0.421875
0.19
-0.131875
-0.40625
-0.683125
-0.728125
-0.536875
-0.38375
-0.218125
-0.120625
-0.29375
-0.335625
-0.38125
-0.41
-0.251875
-0.316875
-0.43125
-0.56125
-0.673125
-0.580625
-0.4425
-0.273125
-0.090625
-0.0075
0.271875
0.634375
0.933125
1.134375
0.9775
0.721875
0.4625
0.24
0.186875
0.155
-0.0275
-0.111875
-0.25125
-0.56625
-0.6775
-0.833125
-0.89375
-0.6475
-0.349375
-0.080625
0.138125
0.2325
0.10375
0.04375
-0.01875
-0.156875
-0.150625
-0.17875
-0.2175
-0.20875
-0.24125
-0.27375
-0.275
-0.350625
-0.4325
-0.368125
-0.20125
0.114375
0.574375
0.741875
0.678125
0.40125
-0.095
-0.445
-0.701875
-0.7725
-0.7525
-0.725
-0.7025
-0.735
-0.743125
-0.749375
-0.67375
-0.4725
-0.305
-0.139375
-0.0475
-0.071875
0.040625
0.08125
0.104375
-0.034375
-0.413125
-0.569375
-0.53875
-0.32375
0.129375
0.42625
0.4575
0.504375
0.420625
0.22625
0.14
-0.010625
-0.254375
-0.393125
-0.526875
-0.49
-0.381875
-0.1575
0.08375
0.13125
0.213125
0.086875
-0.1075
-0.2475
-0.353125
-0.3875
-0.370625
-0.45875
-0.58125
-0.56125
-0.54125
-0.425625
-0.285625
-0.370625
-0.43625
-0.504375
-0.636875
-0.575
-0.5325
-0.485
-0.381875
-0.46
-0.523125
-0.46625
-0.4175
-0.26875
-0.1275
-0.22625
-0.34
-0.505625
-0.67875
-0.76625
-0.83875
-0.83125
-0.83125
-0.755
-0.68875
-0.645625
-0.570625
-0.5375
-0.506875
-0.49375
-0.569375
-0.645
-0.5975
-0.531875
-0.361875
-0.175
-0.104375
-0.0625
-0.060625
-0.134375
-0.305625
-0.5
-0.595625
-0.43625
-0.1325
0.25125
0.445
0.39875
0.190625
0.104375
0.101875
-0.009375
0.0175
-0.180625
-0.354375
-0.375625
-0.44125
-0.518125
-0.62125
-0.69
-0.745
-0.7425
-0.738125
-0.75125
-0.71375
-0.6825
-0.525625
-0.385625
-0.335625
-0.286875
-0.466875
-0.65625
-0.795
-0.885
-0.871875
-0.758125
-0.65
-0.56625
-0.356875
-0.219375
0.025625
0.385
0.468125
0.41375
0.325
0.023125
-0.069375
-0.019375
-0.18125
-0.12625
-0.13375
-0.165625
0.05375
0.156875
0.27125
0.34625
0.17375
-0.120625
-0.455
-0.75
-0.8875
-0.8525
-0.720625
-0.589375
-0.488125
-0.37375
-0.215
-0.035
0.225625
0.420625
0.40125
0.340625
0.206875
-0.06
-0.21875
-0.33375
-0.514375
-0.539375
-0.59375
-0.71875
-0.785625
-0.8825
-0.90875
-0.830625
-0.728125
-0.618125
-0.384375
-0.224375
-0.098125
0.19
0.16375
0.154375
0.161875
-0.194375
-0.44375
-0.693125
-0.935
-0.9275
-0.670625
-0.41375
-0.155
0.065625
0.040625
0.13375
0.208125
0.25625
0.24125
0.00125
-0.236875
-0.359375
-0.38625
-0.3175
-0.216875
-0.289375
-0.32625
-0.335
-0.385
-0.266875
-0.09875
0.088125
0.269375
0.204375
0.084375
-0.12375
-0.148125
0.021875
0.200625
0.530625
0.51875
0.575625
0.4425
0.12875
0.0375
-0.3225
-0.480625
-0.56875
-0.69875
-0.630625
-0.619375
-0.59375
-0.4575
-0.36125
-0.23875
-0.00625
0.09625
0.215625
0.274375
0.108125
-0.019375
-0.19625
-0.303125
-0.280625
-0.388125
-0.3275
-0.27
-0.25375
0.0275
0.199375
0.363125
0.535625
0.391875
0.0925
-0.205
-0.46375
-0.553125
-0.43125
-0.328125
-0.23125
-0.149375
-0.24625
-0.324375
-0.325625
-0.199375
0.1275
0.388125
0.4025
0.275625
-0.100625
-0.38
-0.366875
-0.414375
-0.27625
-0.19375
-0.39125
-0.56375
-0.77125
-0.9475
-0.949375
-0.734375
-0.544375
-0.404375
-0.180625
-0.116875
-0.018125
0.2675
0.436875
0.48625
0.5225
0.3125
-0.019375
-0.11125
-0.195625
-0.090625
0.254375
0.411875
0.654375
0.73375
0.5575
0.35625
-0.04
-0.436875
-0.680625
-0.780625
-0.785
-0.585625
-0.400625
-0.270625
-0.0175
0.07875
0.16875
0.40125
0.45
0.583125
0.6775
0.605
0.550625
0.433125
0.3825
0.246875
0.165
-0.07375
-0.22375
-0.3
-0.40875
-0.245625
-0.295
-0.270625
-0.188125
-0.235
-0.0775
0.053125
0.255
0.3825
0.460625
0.52375
0.329375
0.206875
-0.015625
-0.230625
-0.136875
-0.015
0.04375
0.11375
-0.07375
-0.178125
-0.2025
-0.28375
-0.15875
-0.11375
0.091875
0.3775
0.456875
0.38625
0.04875
-0.363125
-0.56875
-0.618125
-0.534375
-0.271875
-0.114375
0.019375
0.1525
0.16625
0.07125
0.083125
0.184375
0.200625
0.336875
0.26875
0.04625
-0.163125
-0.381875
-0.386875
-0.309375
-0.033125
0.18625
0.159375
0.108125
-0.235625
-0.465625
-0.5875
-0.71125
-0.686875
-0.73125
-0.69375
-0.654375
-0.61875
-0.61625
-0.5675
-0.51125
-0.3475
-0.09875
-0.061875
0.136875
0.084375
0.090625
0.21125
0.013125
0.000625
-0.110625
-0.0825
0.114375
0.288125
0.363125
0.096875
-0.2325
-0.57125
-0.794375
-0.785
-0.584375
-0.408125
-0.1475
0.17375
0.209375
0.254375
0.0875
-0.315
-0.41375
-0.343125
-0.0075
0.50875
0.70875
0.73125
0.445
0.235
0.24
0.125625
0.27625
0.350625
0.45
0.658125
0.603125
0.32875
0.02
-0.1275
-0.08625
0.246875
0.38625
0.281875
0.238125
-0.001875
-0.07875
-0.058125
-0.233125
-0.383125
-0.46125
-0.528125
-0.49625
-0.365625
-0.31125
-0.15125
0.126875
0.479375
0.70875
0.731875
0.535625
0.121875
-0.22875
-0.47625
-0.519375
-0.425625
-0.284375
-0.153125
-0.285
-0.386875
-0.35
-0.345625
-0.13375
-0.120625
-0.225
-0.244375
-0.31125
-0.23
-0.305
-0.445625
-0.520625
-0.603125
-0.4175
-0.0775
0.135
0.349375
0.2975
0.010625
-0.105625
-0.101875
0.066875
0.3275
0.458125
0.43125
0.366875
0.304375
0.13
-0.01625
-0.0625
-0.09625
0.0375
0.199375
0.266875
0.34875
0.38125
0.40125
0.326875
0.233125
0.33125
0.263125
0.285625
0.356875
0.2075
0.1975
0.18375
0.05
-0.150625
-0.3325
-0.4825
-0.563125
-0.540625
-0.53125
-0.610625
-0.683125
-0.628125
-0.470625
-0.22375
-0.026875
0.048125
-0.055625
-0.05125
0.04
0.120625
0.27375
0.29375
0.275
0.1875
0.248125
0.198125
0.1475
0.15375
-0.12
-0.26625
-0.32375
-0.3725
-0.179375
-0.0675
0.000625
0.218125
0.236875
0.478125
0.64375
0.5625
0.531875
0.241875
-0.02
-0.075
-0.0575
0.055625
0.16875
0.11375
0.05625
-0.021875
-0.218125
-0.265625
-0.383125
-0.459375
-0.31875
-0.36625
-0.36625
-0.2825
-0.2975
-0.166875
0.121875
0.31875
0.376875
0.410625
0.314375
0.251875
0.48625
0.794375
0.928125
0.840625
0.436875
0.008125
-0.30875
-0.42625
-0.225625
-0.1375
-0.015
0.224375
0.19125
0.11625
0.14875
-0.074375
-0.1925
-0.22
-0.416875
-0.48625
-0.536875
-0.418125
-0.24125
-0.079375
0.178125
0.071875
-0.026875
-0.118125
-0.335625
-0.31125
-0.285
-0.241875
-0.11625
-0.00625
0.08625
0.161875
0.15875
0.09125
0.030625
-0.08125
-0.306875
-0.475
-0.52
-0.455
-0.26625
0.049375
0.13625
0.258125
0.359375
0.186875
0.2375
0.07625
-0.026875
-0.01
-0.220625
-0.31125
-0.443125
-0.54875
-0.536875
-0.5175
-0.48875
-0.383125
-0.3275
-0.285
-0.284375
-0.349375
-0.3425
-0.37375
-0.363125
-0.40875
-0.47875
-0.506875
-0.540625
-0.704375
-0.845
-0.96625
-1.034375
-0.944375
-0.919375
-0.89875
-0.973125
-1.0225
-1.035625
-1.046875
-0.850625
-0.69875
-0.476875
-0.32875
-0.44375
-0.399375
-0.32375
-0.15125
0.1075
0.120625
-0.0575
-0.275625
-0.469375
-0.55
-0.559375
-0.5575
-0.563125
-0.58375
-0.56875
-0.610625
-0.66
-0.741875
-0.84625
-0.905
-0.945
-0.9
-0.84375
-0.753125
-0.685
-0.666875
-0.64875
-0.6575
-0.6475
-0.6325
-0.6175
-0.6175
-0.6175
-0.6175
