138.90625
138.90625
138.90625
138.90625
138.3875
135.51875
134.65
124.79375
120.28125
115.6
109.6625
113.15625
114.21875
124.79375
133.925
131.825
131.8875
121.825
111.64375
109.26875
108.5375
110.5625
110.01875
110.03125
111.35625
118.45
131.0375
144.39375
148.525
147.93125
144.0125
134.15
134.0125
132.55
130.68125
131.95
132.3875
135.59375
141.16875
146.74375
146.15
141.30625
130.875
117.25625
105.875
96.96875
93.3125
96.3625
105.5
117.9875
129.26875
139.45625
144.8
143.64375
146.275
143.725
138.1375
136.49375
129.16875
122.89375
119.8875
114.65
112.85
117.6
121.125
126.48125
127.35625
120.25
115.13125
113.35
117.125
124.36875
127.1
121.55
112.55625
102.9
103.0875
111.675
119.825
131.44375
133.6
130.2
124.64375
115.95
110.725
109.24375
112.7625
109.95625
106.4875
101.3125
95.35625
98.45
104.89375
114.475
124.4625
130.48125
128.69375
123.76875
120.775
124.71875
138.35625
148.39375
155.275
152.475
144.76875
141.125
134.58125
135.1625
132.70625
129.7875
132.64375
129.225
127.0375
123.84375
118.275
115.84375
119.94375
126.3875
129.3125
132.3375
127.61875
122.925
120.3625
117.6
116.85
112.58125
109.8625
108.9375
109.5625
115.5625
120.16875
119.61875
117.28125
110.6625
110.19375
116.65
124.35
131.75
133.0
133.08125
137.4875
143.25625
148.43125
145.55625
135.8375
128.54375
121.0
127.9
136.2125
143.33125
152.14375
146.5
142.96875
132.90625
119.65625
114.7125
110.45625
112.9125
118.55625
120.73125
122.1375
124.65
127.1625
126.5375
120.6
111.21875
103.31875
101.13125
103.7875
108.43125
115.91875
124.56875
133.06875
135.98125
131.4875
121.38125
115.1125
113.36875
118.1875
125.58125
130.70625
140.35625
141.7375
142.24375
139.85
133.3125
140.25
147.53125
154.9875
160.61875
149.6375
140.725
129.525
124.99375
124.99375
124.99375
124.99375
