0.052625
0.052625
0.052625
0.052625
0.0525625
0.0514375
0.0505
0.050375
0.050875
0.0514375
0.0508125
0.0511875
0.0508125
0.0503125
0.050875
0.050125
0.0499375
0.049875
0.0505
0.051875
0.0533125
0.0541875
0.0541875
0.052625
0.0506875
0.048625
0.046125
0.045875
0.0456875
0.04675
0.0494375
0.0505625
0.05225
0.05375
0.0534375
0.0530625
0.05125
0.0485625
0.0460625
0.044
0.0428125
0.0418125
0.0423125
0.0435625
0.0460625
0.0488125
0.0505
0.0506875
0.0498125
0.0494375
0.049625
0.050625
0.0515
0.0509375
0.048875
0.0468125
0.04375
0.042625
0.0434375
0.045375
0.049125
0.051
0.051875
0.050375
0.0475
0.0465625
0.0449375
0.045375
0.0469375
0.0469375
0.0481875
0.0490625
0.049875
0.0513125
0.053
0.054125
0.0536875
0.05325
0.051
0.049
0.048125
0.0473125
0.0483125
0.0491875
0.05125
0.0526875
0.05275
0.0528125
0.0511875
0.0494375
0.0491875
0.0489375
0.048375
0.049375
0.049875
0.0504375
0.0519375
0.05225
0.0519375
0.050375
0.04875
0.0473125
0.0455
0.0450625
0.045625
0.0456875
0.0464375
0.0468125
0.046125
0.0465
0.046625
0.04775
0.0484375
0.0486875
0.0493125
0.0493125
0.0501875
0.0498125
0.0503125
0.05075
0.05075
0.052875
0.0536875
0.054375
0.0550625
0.0546875
0.05475
0.0548125
0.0544375
0.0530625
0.0530625
0.0530625
0.0530625
