5.8125
5.8125
5.8125
5.8125
5.31875
5.01875
4.83125
5.09375
5.5125
5.70625
6.4125
6.90625
7.05
7.08125
6.475
6.3375
6.34375
6.19375
6.175
5.56875
5.18125
5.28125
5.2625
5.51875
5.8625
5.78125
5.93125
6.1375
5.675
5.84375
5.725
5.6125
5.9
5.4875
5.4625
5.3125
5.35625
5.45
5.3
5.1625
4.83125
4.91875
5.175
5.7
5.98125
5.88125
5.675
5.2125
4.95
4.84375
4.9625
4.90625
5.11875
5.34375
5.23125
5.58125
5.79375
6.125
6.44375
6.2875
5.8875
5.1375
4.7625
4.73125
4.78125
5.15
5.14375
4.9
4.875
4.6625
4.65
4.73125
4.9375
5.5
6.09375
6.63125
6.50625
6.08125
5.40625
5.19375
5.275
5.45625
6.2125
6.36875
6.9125
7.2
6.675
6.43125
5.76875
5.46875
5.63125
5.73125
5.9
5.925
5.83125
5.84375
6.05
5.98125
6.3625
6.3875
6.2125
6.475
5.94375
6.14375
6.4125
6.2
6.5375
5.99375
5.45
5.35
4.775
4.50625
4.36875
4.08125
4.29375
4.68125
4.80625
4.93125
4.71875
4.5
4.25625
4.025
4.18125
4.0375
4.14375
4.2375
4.44375
5.4375
6.325
7.13125
7.1875
6.5
5.9
5.59375
5.7125
5.925
6.00625
5.875
5.7375
5.61875
5.55
5.35
4.975
4.66875
4.43125
4.325
4.55
4.61875
4.50625
4.5875
4.50625
4.675
5.01875
4.98125
4.94375
4.8125
4.5125
4.4
4.45625
4.9125
5.6
6.28125
6.79375
6.675
6.43125
6.1375
5.5625
5.18125
4.80625
4.54375
4.675
4.61875
4.625
4.975
5.3625
6.06875
6.65
6.41875
5.79375
5.475
5.21875
5.3375
5.7125
5.6875
5.725
5.8375
6.15
6.4625
6.6375
6.675
6.375
5.5625
4.75625
4.1625
3.63125
3.64375
3.64375
3.75
4.0375
4.4375
5.08125
5.35
5.8375
6.06875
6.26875
6.73125
6.3625
6.55625
6.65625
6.54375
7.15
6.74375
6.08125
5.8625
5.4375
5.74375
6.30625
6.28125
6.21875
5.98125
5.86875
5.74375
5.6375
5.425
4.8875
4.725
4.6
4.85
5.425
5.725
5.81875
5.63125
5.1375
5.11875
5.66875
6.05
6.40625
6.1375
5.21875
4.45
4.1625
4.35
4.85625
5.33125
5.2625
5.03125
4.3375
4.04375
4.05
4.05625
4.45625
4.75625
5.13125
5.7
6.43125
6.48125
6.425
6.04375
5.9125
6.68125
7.1625
7.6
7.2125
5.98125
5.03125
4.5375
4.61875
5.30625
6.14375
6.75
7.10625
7.225
7.43125
7.76875
8.325
8.6625
8.31875
7.39375
6.20625
5.3
4.95
4.9875
5.2875
5.7125
5.85
6.0
5.825
5.4
5.13125
4.9375
4.925
4.85625
4.925
4.9875
5.075
5.51875
5.6125
5.45
5.675
5.725
6.025
6.63125
6.8375
6.96875
7.45
7.7375
7.4625
7.0375
5.98125
4.93125
4.60625
4.3625
4.4
4.5875
4.4375
4.38125
4.20625
4.1
4.5625
5.34375
6.04375
6.44375
6.29375
5.8375
5.4375
5.175
4.84375
4.53125
4.46875
4.375
4.73125
5.31875
5.675
6.08125
6.0375
5.34375
4.8
4.45
4.65625
5.18125
5.7875
6.2625
6.36875
6.54375
6.34375
5.8
5.38125
5.46875
5.99375
6.8375
7.2
6.5875
5.73125
4.7875
4.63125
5.025
5.4
5.79375
5.6375
5.425
5.05625
4.9875
5.23125
5.40625
6.05
6.1125
5.8
5.6
5.13125
5.025
5.1375
5.19375
5.1625
5.19375
5.35625
5.58125
5.7125
5.4875
4.825
4.4375
4.45
4.88125
5.79375
6.1
6.08125
6.275
6.28125
6.425
6.61875
6.2125
6.025
5.96875
6.1125
6.2125
5.9125
5.4375
4.66875
4.60625
4.6875
4.95625
5.50625
5.6
5.78125
6.1125
6.16875
6.04375
5.8
5.3
5.10625
5.06875
5.20625
5.6625
5.86875
6.0375
6.0
6.00625
5.95625
5.825
5.91875
5.5375
5.38125
5.78125
6.2875
7.20625
8.19375
8.5
8.3125
7.6875
6.7625
5.89375
5.41875
4.99375
4.71875
4.8
5.1
5.48125
5.8625
6.4375
6.1125
6.00625
5.84375
5.075
5.01875
5.03125
5.04375
5.19375
5.04375
4.51875
4.1125
3.675
3.74375
4.1625
4.7375
5.7
6.30625
6.5
6.70625
6.45
6.21875
6.15625
5.3
4.85625
4.15625
4.1
4.9625
5.78125
6.975
7.15625
6.69375
6.1375
5.5
5.58125
6.10625
6.61875
7.025
7.09375
7.075
6.7875
6.79375
6.9375
6.8
7.10625
6.7625
5.95625
5.39375
4.43125
3.8125
3.7625
3.56875
3.625
4.19375
4.65
5.33125
6.15625
6.275
6.4375
6.73125
6.625
6.61875
6.53125
6.06875
5.99375
6.21875
6.23125
6.48125
6.78125
6.93125
7.43125
8.05625
8.05625
7.9125
7.65625
6.9875
6.59375
6.3375
5.98125
5.475
5.2
5.1
5.28125
5.90625
6.81875
7.38125
7.2625
7.01875
5.91875
5.0125
4.6125
4.43125
4.66875
4.8375
5.34375
5.45625
5.83125
6.225
5.8125
5.75
5.4625
5.25625
5.425
5.45625
5.30625
5.33125
5.43125
5.7125
6.2125
6.475
6.84375
6.75625
6.63125
6.38125
5.85625
5.41875
5.05625
5.0
5.0625
5.3625
5.69375
6.09375
6.4375
6.63125
6.45625
6.05
5.63125
5.3
5.1625
4.4625
4.40625
4.175
4.125
5.01875
4.9
5.275
5.71875
5.73125
6.4125
6.725
6.675
6.675
6.35
6.1
6.25
6.15
6.15625
5.9
5.09375
4.5375
3.91875
3.75
3.9125
3.99375
4.08125
4.175
4.5625
5.03125
5.7625
6.2625
6.325
6.55625
6.26875
5.64375
5.1625
4.90625
5.1875
5.58125
5.99375
5.78125
5.45
5.50625
5.70625
5.96875
5.8625
5.74375
5.69375
5.875
6.4125
6.65625
6.10625
5.65
5.05
4.65
5.125
5.39375
5.89375
6.275
6.3625
6.73125
6.69375
6.78125
6.83125
6.44375
6.525
6.48125
6.70625
6.78125
6.6125
6.50625
5.8125
5.6375
5.375
4.9375
4.6125
4.275
3.95
3.925
4.20625
4.025
3.875
3.7125
3.74375
4.3125
4.96875
5.4
5.1875
4.88125
4.45
4.58125
5.20625
5.49375
5.9625
5.64375
5.46875
5.4625
5.4125
5.76875
5.5875
5.49375
5.2
4.875
4.93125
4.94375
5.18125
5.1
4.85
4.4125
3.73125
3.39375
3.2375
3.65625
4.56875
5.6875
6.74375
7.025
6.95625
6.3875
5.78125
5.9375
5.9625
6.18125
6.35
6.1375
6.075
5.9375
5.69375
5.3625
4.9375
4.7875
4.53125
4.175
4.06875
3.8625
4.05625
4.625
4.8625
4.9625
5.08125
4.86875
4.8625
4.94375
4.84375
5.3
5.975
6.55625
6.975
6.64375
6.29375
6.50625
6.88125
7.51875
7.69375
6.89375
6.15
5.55625
5.24375
5.35625
5.35
5.60625
5.59375
5.73125
5.8375
5.4
5.1875
5.125
5.41875
5.91875
6.24375
6.40625
6.08125
5.75625
5.66875
5.69375
6.4
6.9125
7.61875
7.9625
7.66875
7.51875
6.7625
6.1375
5.69375
5.5
5.95625
6.28125
6.30625
5.81875
4.89375
4.1625
3.98125
4.40625
4.8
5.4
5.8
5.69375
6.10625
5.91875
5.65625
5.81875
5.43125
5.53125
5.63125
5.3875
5.175
4.83125
4.475
4.16875
4.31875
4.575
4.68125
4.85625
4.66875
4.4625
4.63125
5.075
5.3625
5.74375
5.75625
5.2875
5.19375
4.91875
5.06875
5.55
5.8375
5.94375
5.74375
5.51875
5.34375
5.60625
5.93125
6.2375
6.49375
6.3
6.10625
6.025
6.06875
6.55
6.7375
6.34375
5.88125
4.925
4.33125
4.125
3.825
3.85625
4.10625
4.3
4.85
5.5375
5.875
6.36875
6.79375
7.23125
7.60625
8.0375
7.925
7.20625
6.75625
5.9625
5.575
5.75625
5.70625
6.05625
6.35625
6.46875
6.55
6.5
6.68125
6.6375
6.9875
7.18125
6.6125
6.21875
5.39375
4.46875
4.0875
3.9375
3.94375
4.08125
4.10625
3.96875
3.91875
4.0375
4.34375
4.81875
5.1875
5.84375
6.6
6.925
7.5375
7.3375
7.0
7.01875
6.76875
7.09375
7.075
6.86875
6.0875
5.125
4.4375
3.85625
4.15625
4.5125
4.9875
5.36875
5.4625
5.75
5.85625
6.26875
6.35
6.01875
5.75
5.59375
5.9125
6.34375
6.71875
6.75625
6.825
6.875
7.0375
7.2
7.10625
6.95625
6.94375
6.36875
5.89375
5.63125
5.38125
6.25625
7.05625
8.01875
8.325
7.61875
6.7625
5.51875
4.96875
5.05
5.50625
6.20625
6.6375
6.975
6.9375
6.79375
6.45
5.75
5.29375
4.89375
4.6625
5.15
5.73125
6.09375
6.625
6.25625
5.75625
5.45
4.91875
5.10625
5.3
5.6125
6.34375
6.49375
6.375
6.05625
5.2375
4.8875
5.025
5.175
5.6875
6.175
6.1125
6.05
5.8
5.2125
5.04375
4.9
4.53125
4.6
4.70625
4.925
5.54375
5.93125
6.01875
6.175
6.5125
6.63125
7.3
7.575
6.95
6.60625
5.4625
4.85
5.15625
5.7375
6.86875
7.4375
7.85625
7.4875
6.76875
6.4125
5.61875
5.325
5.23125
5.175
5.0875
4.9
4.76875
4.575
4.90625
5.2875
5.59375
5.70625
5.45
5.23125
5.04375
5.11875
5.0625
5.175
5.44375
5.45
6.0875
6.54375
6.6625
6.79375
6.53125
6.0875
5.94375
5.89375
5.575
5.3375
5.03125
4.89375
5.075
5.18125
5.43125
5.48125
5.425
5.63125
5.23125
5.075
4.86875
4.54375
5.01875
5.24375
5.64375
6.50625
6.56875
6.5125
6.54375
5.85
5.5
5.36875
5.025
5.0125
5.5125
6.20625
6.9375
7.4125
6.98125
6.10625
5.39375
4.875
5.075
5.48125
5.6125
5.74375
5.7875
5.825
5.98125
6.26875
5.975
5.85625
5.825
5.93125
6.63125
6.925
7.14375
6.7
5.93125
5.41875
4.90625
5.18125
5.69375
6.275
6.79375
6.6875
6.70625
7.04375
7.45
8.0875
8.2875
7.8375
7.4375
6.85625
6.2875
6.0375
5.8
5.95
6.3
6.25
6.0
5.54375
4.9
4.7625
4.7625
4.7625
4.7625
