0.985
0.985
0.985
0.985
0.980625
1.010625
0.99625
1.026875
1.010625
0.96625
0.94375
0.914375
0.948125
0.98
1.00875
0.98125
0.91
0.861875
0.79125
0.75875
0.748125
0.734375
0.766875
0.84875
0.94
1.04625
1.1175
1.0925
1.06
0.9775
0.900625
0.894375
0.8725
0.89125
0.920625
0.916875
0.975625
0.981875
0.975625
0.991875
0.91
0.889375
0.90625
0.921875
1.006875
1.06375
1.104375
1.140625
1.138125
1.144375
1.100625
1.03125
0.9825
0.91
0.87625
0.875
0.9025
0.96875
1.035
1.0775
1.10125
1.09625
1.071875
1.085
1.069375
1.04875
1.06875
1.028125
0.990625
1.001875
0.989375
1.028125
1.106875
1.165
1.211875
1.24125
1.23375
1.2025
1.204375
1.195625
1.206875
1.2125
1.185625
1.19375
1.145625
1.13125
1.105625
1.058125
1.07875
1.075
1.10375
1.08375
1.025
0.955
0.91
0.91125
0.934375
0.980625
0.966875
0.960625
0.93875
0.926875
0.915625
0.88625
0.914375
0.895625
0.94875
1.049375
1.07875
1.13375
1.094375
0.9925
0.925625
0.886875
0.89375
0.92625
0.935
0.945625
0.979375
1.023125
1.07125
1.06625
1.065625
1.05375
1.038125
1.03625
0.97125
0.90875
0.8825
0.9175
1.0125
1.134375
1.2325
1.281875
1.32
1.291875
1.254375
1.219375
1.155625
1.155
1.2
1.20875
1.21875
1.19
1.125
1.09125
1.0875
1.124375
1.15125
1.180625
1.21125
1.188125
1.158125
1.166875
1.14625
1.12875
1.155
1.11625
1.075625
1.093125
1.07375
1.095
1.120625
1.09
1.0525
0.99875
0.994375
1.000625
1.016875
1.040625
0.9875
0.968125
0.94
0.926875
0.963125
0.99125
1.07125
1.11375
1.12125
1.124375
1.075
1.03625
1.040625
1.0375
1.0775
1.135
1.191875
1.216875
1.17375
1.100625
0.9825
0.89375
0.89
0.93125
1.0375
1.134375
1.14375
1.125
1.016875
0.93
0.918125
0.89125
0.93875
0.9525
0.9475
1.0025
1.021875
1.080625
1.126875
1.115625
1.12375
1.129375
1.105625
1.079375
1.066875
1.021875
1.033125
1.071875
1.0725
1.121875
1.100625
1.065625
1.04625
0.97125
0.959375
0.9475
0.938125
0.94875
0.950625
0.97625
1.000625
1.01125
0.99125
0.9575
0.914375
0.888125
0.88
0.891875
0.933125
1.01
1.114375
1.165625
1.176875
1.143125
1.0525
1.011875
0.98125
0.971875
0.986875
0.96375
0.996875
1.00875
1.061875
1.145625
1.146875
1.13625
1.07125
0.9775
0.929375
0.936875
0.97375
1.0075
1.008125
0.97875
0.93875
0.93625
0.964375
0.964375
0.943125
0.919375
0.88875
0.89
0.928125
0.923125
0.9325
0.935
0.9325
0.941875
0.939375
0.93
0.90875
0.92125
0.93125
0.958125
0.970625
0.96375
0.98375
0.995
1.05625
1.14875
1.178125
1.233125
1.23
1.149375
1.125
1.046875
1.005
1.02875
0.999375
0.996875
1.01
1.00375
1.08
1.17
1.20375
1.264375
1.24875
1.2225
1.216875
1.168125
1.156875
1.124375
1.12875
1.1275
1.08125
1.07875
1.03125
1.0
1.0225
0.97125
0.914375
0.870625
0.800625
0.8025
0.84
0.868125
0.91
0.928125
0.95625
0.99625
1.03375
1.088125
1.09625
1.09125
1.081875
1.055625
1.061875
1.07125
1.06875
1.06
1.0225
0.965625
0.9325
0.87125
0.836875
0.821875
0.795
0.82375
0.855625
0.906875
0.958125
0.97125
0.970625
0.945625
0.9375
0.94875
0.945
0.944375
0.90875
0.870625
0.89
0.915625
0.94125
0.98375
0.980625
0.98
1.015625
1.011875
1.00375
0.98875
0.97125
0.99875
1.036875
1.06375
1.04375
0.981875
0.910625
0.850625
0.849375
0.8975
0.953125
1.010625
1.02875
1.033125
1.050625
1.064375
1.115625
1.12375
1.1475
1.173125
1.14875
1.165625
1.155625
1.17375
1.194375
1.1625
1.081875
0.980625
0.923125
0.91625
1.004375
1.036875
1.035625
1.0575
1.00875
1.04625
1.121875
1.161875
1.240625
1.266875
1.2525
1.204375
1.151875
1.128125
1.143125
1.215625
1.278125
1.311875
1.2925
1.23375
1.16125
1.13
1.109375
1.08375
1.05875
0.968125
0.91125
0.92125
0.9575
1.044375
1.1
1.06125
0.99625
0.919375
0.880625
0.909375
0.978125
1.07375
1.146875
1.19375
1.1775
1.134375
1.079375
1.059375
1.080625
1.0525
1.02625
0.943125
0.875625
0.8775
0.901875
0.9475
0.9475
0.918125
0.88125
0.87
0.8925
0.950625
1.00375
1.018125
1.0025
0.956875
0.904375
0.891875
0.924375
0.960625
1.0125
1.064375
1.075625
1.065
1.0725
1.054375
1.096875
1.1725
1.173125
1.145625
1.0475
0.938125
0.899375
0.89625
0.946875
1.021875
1.09
1.156875
1.17
1.16125
1.1225
1.133125
1.18125
1.2
1.233125
1.185625
1.094375
1.025625
0.945625
0.90125
0.88875
0.911875
0.984375
1.030625
1.1125
1.146875
1.111875
1.10125
1.05625
1.03125
1.06625
1.094375
1.13625
1.184375
1.17
1.208125
1.19875
1.133125
1.125
1.044375
1.005625
1.045625
1.03625
1.04875
1.0475
0.98125
0.97625
0.971875
0.9775
1.025625
1.004375
0.9775
0.92625
0.874375
0.879375
0.90375
0.969375
1.016875
1.018125
1.005
0.98625
0.96375
0.9625
0.965
0.961875
1.011875
1.0725
1.130625
1.143125
1.074375
0.9775
0.875
0.8025
0.80875
0.8325
0.8725
0.93375
0.9425
0.97
0.97625
0.97875
0.984375
1.006875
1.0675
1.08625
1.105
1.05375
0.975625
0.944375
0.924375
0.9275
0.913125
0.860625
0.829375
0.848125
0.878125
0.96375
1.029375
1.034375
1.068125
1.056875
1.0275
1.0075
0.9525
0.9325
0.94375
0.98875
1.0275
1.008125
0.965625
0.896875
0.858125
0.86125
0.884375
0.914375
0.9425
0.954375
0.945625
0.948125
0.944375
0.935625
0.921875
0.8775
0.819375
0.796875
0.823125
0.9025
1.003125
1.108125
1.165625
1.17375
1.173125
1.11625
1.07375
1.024375
0.9725
0.92875
0.8625
0.8425
0.82375
0.85
0.946875
1.00875
1.0525
1.096875
1.089375
1.093125
1.125
1.106875
1.065625
1.035625
1.000625
0.983125
0.97
0.923125
0.875625
0.823125
0.81
0.82
0.825625
0.864375
0.88
0.915625
0.946875
0.94875
0.960625
0.941875
0.908125
0.92
0.92
0.94
0.991875
0.983125
0.988125
0.983125
0.9875
1.015
1.0175
1.02125
0.99
0.93875
0.91875
0.895
0.875625
0.8775
0.89
0.898125
0.921875
0.956875
0.941875
0.941875
0.95375
0.95875
1.01625
1.0575
1.064375
1.064375
1.048125
1.0275
1.0125
1.005
0.9775
0.973125
0.98875
1.0025
1.0025
1.001875
0.99125
1.003125
1.061875
1.088125
1.10625
1.071875
1.000625
0.973125
0.961875
0.98
1.03625
1.07375
1.103125
1.10625
1.0775
1.035
0.9925
1.011875
0.998125
1.0
1.001875
0.95125
0.953125
0.94625
0.940625
0.96625
0.985
1.0075
1.02625
1.01125
0.98625
0.956875
0.93
0.9175
0.910625
0.923125
0.926875
0.911875
0.885
0.8225
0.775625
0.761875
0.80625
0.909375
0.998125
1.0825
1.09125
1.025
0.976875
0.90375
0.84
0.83625
0.81375
0.806875
0.841875
0.844375
0.841875
0.843125
0.799375
0.7675
0.761875
0.7525
0.78
0.80375
0.819375
0.849375
0.851875
0.865
0.87625
0.913125
0.963125
1.0025
1.03875
0.99875
0.98
0.984375
0.9675
1.0
1.00125
0.953125
0.92625
0.88375
0.84
0.82625
0.82375
0.8075
0.80125
0.816875
0.846875
0.90625
0.990625
1.025
1.01
0.985625
0.948125
0.94625
0.973125
1.003125
1.02875
1.038125
1.0375
1.063125
1.08
1.09125
1.094375
1.03
0.968125
0.965
0.975
1.02625
1.0875
1.055625
1.045
1.021875
0.975
0.99625
0.993125
1.009375
1.00625
0.983125
0.958125
0.911875
0.935
0.945625
0.946875
0.945
0.88375
0.8425
0.838125
0.856875
0.906875
0.94625
0.9525
0.936875
0.890625
0.828125
0.8125
0.808125
0.82625
0.86125
0.82625
0.8125
0.79875
0.788125
0.796875
0.785625
0.775625
0.763125
0.78625
0.8325
0.888125
0.95
1.0175
1.0175
1.0175
1.0175
