1.0275
1.0275
1.0275
1.0275
0.974375
0.901875
0.910625
0.935
0.909375
0.971875
0.900625
0.84125
0.811875
0.7275
0.74
0.751875
0.7625
0.7
0.59
0.480625
0.38375
0.36
0.393125
0.49125
0.601875
0.7125
0.796875
0.8075
0.793125
0.851875
0.90375
0.931875
0.9725
0.906875
0.834375
0.770625
0.730625
0.684375
0.611875
0.63625
0.61375
0.654375
0.74625
0.731875
0.758125
0.736875
0.6975
0.669375
0.63875
0.680625
0.705
0.80625
0.859375
0.815
0.83875
0.735
0.688125
0.701875
0.62625
0.623125
0.5725
0.54875
0.56375
0.578125
0.616875
0.59875
0.58625
0.586875
0.62625
0.663125
0.68875
0.73875
0.721875
0.7525
0.78875
0.75125
0.76875
0.753125
0.758125
0.7875
0.789375
0.815625
0.839375
0.926875
1.025625
1.086875
1.1025
1.039375
0.945625
0.863125
0.83375
0.808125
0.82625
0.878125
0.873125
0.92375
0.925625
0.925625
0.970625
0.9525
1.0
0.95125
0.896875
0.9225
0.89
0.96125
1.008125
0.98125
0.93875
0.89875
0.85125
0.8375
0.8975
0.87625
0.94375
0.993125
0.936875
0.910625
0.84125
0.7975
0.895625
1.040625
1.12625
1.18
1.15125
1.1125
1.0625
1.00375
0.900625
0.806875
0.785
0.865625
1.001875
1.0875
1.1775
1.135625
1.08125
1.01625
0.9125
0.889375
0.87875
0.900625
0.945
0.935
0.889375
0.84375
0.76
0.711875
0.724375
0.78625
0.88375
1.014375
1.12125
1.156875
1.163125
1.0675
0.990625
0.9625
0.9425
1.0025
1.026875
0.964375
0.926875
0.91125
0.926875
1.01625
1.080625
1.09625
1.0125
0.91625
0.910625
0.9125
1.03125
1.155625
1.13625
1.116875
1.03625
0.974375
0.99
0.964375
0.9725
0.929375
0.89
0.91875
0.92375
0.9875
1.035625
1.005625
1.009375
0.906875
0.8375
0.8375
0.825
0.936875
0.960625
1.004375
1.03875
1.026875
1.108125
1.119375
1.099375
1.083125
0.990625
0.905625
0.906875
0.8525
0.83625
0.87625
0.80625
0.83
0.891875
0.908125
1.00125
0.9825
0.8875
0.80625
0.75
0.776875
0.841875
0.95375
0.98125
1.0375
1.075625
1.02
0.970625
0.874375
0.80875
0.771875
0.760625
0.724375
0.74125
0.77625
0.816875
0.9075
0.854375
0.825625
0.8025
0.701875
0.7525
0.77875
0.805625
0.959375
0.99125
1.023125
1.0975
1.06
1.059375
1.0525
0.941875
0.8925
0.866875
0.8475
0.905
0.930625
0.938125
0.9275
0.8675
0.790625
0.74125
0.71
0.759375
0.80625
0.841875
0.8775
0.834375
0.824375
0.755
0.75125
0.75125
0.805625
0.975
1.036875
1.135625
1.145625
1.06375
1.024375
0.955
0.883125
0.87125
0.874375
0.8925
0.996875
1.018125
1.056875
1.12875
1.090625
1.129375
1.09375
0.97375
0.90875
0.783125
0.723125
0.726875
0.778125
0.856875
0.8675
0.92625
0.90375
0.886875
0.90125
0.821875
0.7625
0.703125
0.729375
0.773125
0.8525
0.95875
0.950625
0.999375
1.010625
0.97375
0.97375
0.97375
0.97375
