-0.06775
-0.06775
-0.06775
-0.06775
-0.0759375
-0.18975
-0.2348125
-0.1614375
-0.07625
0.0710625
0.2721875
0.343
0.3611875
0.3435
0.2435
0.1518125
0.125875
0.117875
0.1405
0.196625
0.2254375
0.2816875
0.322625
0.313875
0.3445625
0.34925
0.3293125
0.3585
0.33475
0.2919375
0.241375
0.191375
0.142
0.1431875
0.23375
0.2813125
0.310875
0.3075
0.230375
0.13875
0.14825
0.1135625
0.0761875
0.13125
0.104
0.13975
0.231125
0.269375
0.313625
0.3398125
0.249625
0.177625
0.1489375
0.144125
0.3090625
0.4823125
0.596875
0.6868125
0.6778125
0.6186875
0.5741875
0.4626875
0.2935625
0.081
-0.12075
-0.2038125
-0.1775
-0.0295
0.125625
0.2290625
0.298
0.3123125
0.3025625
0.251125
0.2179375
0.15875
0.1486875
0.201125
0.1851875
0.240875
0.263625
0.3268125
0.4901875
0.592625
0.6950625
0.6541875
0.555375
0.445875
0.3210625
0.32
0.293875
0.3644375
0.439375
0.4879375
0.4945625
0.3915625
0.300375
0.20325
0.2155
0.3085
0.3818125
0.4034375
0.3388125
0.14175
-0.007625
-0.0985
-0.1099375
0.0130625
0.10575
0.18225
0.2315
0.238375
0.18325
0.0834375
-0.0354375
-0.1296875
-0.0803125
0.0423125
0.1781875
0.274125
0.289875
0.294625
0.32975
0.37875
0.3915625
0.375875
0.3019375
0.230875
0.19925
0.168625
0.1734375
0.1744375
0.148125
0.1416875
0.1075625
0.0781875
0.0936875
0.0640625
0.085
0.118875
0.1319375
0.224875
0.268125
0.259875
0.254875
0.2219375
0.1895625
0.2295625
0.2630625
0.2798125
0.37075
0.3685
0.390375
0.4373125
0.3341875
0.3450625
0.293375
0.158625
0.208
0.1674375
0.21025
0.2998125
0.21525
0.1719375
0.03375
-0.1291875
-0.1793125
-0.2460625
-0.217375
-0.0878125
-0.0069375
0.1245625
0.2146875
0.2399375
0.291125
0.290625
0.314625
0.2925
0.254375
0.19275
0.0904375
0.0956875
0.12775
0.2255625
0.33725
0.3305
0.315
0.276
0.219
0.2430625
0.24775
0.2169375
0.2264375
0.2185625
0.187625
0.163375
0.1089375
0.0573125
0.0621875
0.0556875
0.05025
0.0520625
0.072
0.13275
0.244
0.2815
0.24275
0.23425
0.1495
0.145875
0.184125
0.141875
0.1415
0.1245
0.12575
0.16725
0.1999375
0.23375
0.2074375
0.221375
0.2371875
0.1809375
0.1504375
0.0710625
-0.0254375
-0.0353125
-0.0369375
-0.066
-0.1029375
-0.1306875
-0.1423125
-0.0731875
0.1020625
0.2695625
0.40475
0.512
0.512125
0.45475
0.421125
0.37075
0.3208125
0.3036875
0.287625
0.2386875
0.21275
0.2030625
0.1685625
0.119625
0.08325
0.032125
-0.0140625
0.076625
0.1388125
0.1786875
0.217
0.1410625
0.1155625
0.11425
0.166
0.25775
0.2989375
0.3696875
0.3484375
0.3369375
0.343125
0.3164375
0.3658125
0.3650625
0.3490625
0.3001875
0.2805625
0.2418125
0.2359375
0.2711875
0.22675
0.2453125
0.2615625
0.278875
0.2705625
0.2535
0.2461875
0.2195
0.3130625
0.42125
0.464
0.5421875
0.483375
0.37375
0.3045
0.1945625
0.221625
0.2748125
0.328
0.4211875
0.45525
0.488375
0.5215
0.5205625
0.4855625
0.453875
0.404625
0.340125
0.315625
0.2370625
0.1826875
0.1608125
0.0794375
0.1014375
0.12775
0.188
0.336625
0.416
0.4844375
0.4706875
0.41275
0.34825
0.2661875
0.1728125
0.018
-0.0556875
-0.1043125
-0.03425
0.1419375
0.244375
0.349375
0.3720625
0.2983125
0.2580625
0.2063125
0.1181875
0.1335625
0.15725
0.1549375
0.2384375
0.271625
0.2546875
0.284
0.3120625
0.33725
0.3513125
0.3390625
0.2269375
0.133
0.0544375
0.01625
0.0858125
0.121875
0.2028125
0.250875
0.2515
0.3106875
0.37875
0.4468125
0.5215625
0.5294375
0.4890625
0.433375
0.4356875
0.4301875
0.4553125
0.5110625
0.467
0.473375
0.42025
0.3365
0.336375
0.31725
0.361875
0.4218125
0.398125
0.392625
0.3921875
0.3816875
0.3968125
0.359
0.2280625
0.1419375
0.0720625
0.0060625
0.0516875
0.037875
-0.011625
-0.0173125
-0.0769375
-0.1219375
-0.0795625
-0.0179375
0.11575
0.284875
0.386125
0.425875
0.3530625
0.2395625
0.1750625
0.1815625
0.198625
0.271375
0.31125
0.301375
0.366375
0.3491875
0.2958125
0.2428125
0.1315625
0.062125
0.0388125
0.003
-0.0186875
-0.1038125
-0.2168125
-0.3181875
-0.3755
-0.3154375
-0.2374375
-0.1394375
-0.0593125
-0.0221875
-0.007875
0.0366875
0.0564375
0.0559375
0.1285
0.1446875
0.194875
0.2636875
0.242
0.2023125
0.1205
0.0193125
-0.053125
-0.0506875
-0.041
0.004125
0.0850625
0.1185625
0.1615625
0.143
0.100125
0.0815625
0.08925
0.1693125
0.260625
0.3134375
0.2715
0.136375
-0.02125
-0.18325
-0.2345
-0.197125
-0.1289375
0.010625
0.1079375
0.208375
0.2985625
0.3579375
0.42825
0.4298125
0.437375
0.39675
0.327625
0.28425
0.1685625
0.092375
0.0336875
0.016125
0.0455625
0.027625
0.0180625
-0.041125
-0.0479375
0.02675
0.06075
0.07125
0.0278125
-0.087125
-0.1796875
-0.200375
-0.20625
-0.1858125
-0.0633125
0.0266875
0.146375
0.3319375
0.3850625
0.4653125
0.444125
0.34475
0.2340625
0.06425
-0.01275
-0.073
-0.0475
0.027
0.0599375
0.109625
0.1581875
0.190625
0.2864375
0.3655
0.354625
0.34375
0.2766875
0.1766875
0.21575
0.2809375
0.3815625
0.511875
0.490875
0.44375
0.345
0.2856875
0.3144375
0.3338125
0.3386875
0.2920625
0.2770625
0.256125
0.3429375
0.460375
0.4855625
0.5260625
0.4828125
0.4089375
0.393625
0.393625
0.4118125
0.43525
0.467
0.4505
0.4325625
0.4500625
0.3920625
0.3753125
0.3585625
0.2594375
0.20325
0.163375
0.105875
0.095375
0.12525
0.1305
0.1695625
0.2526875
0.2783125
0.25975
0.1615625
-0.029625
-0.1715625
-0.2404375
-0.2226875
-0.07875
-0.039625
-0.0140625
0.0285625
0.0379375
0.1635
0.240875
0.278
0.255
0.20725
0.2099375
0.203125
0.2145625
0.232375
0.2479375
0.266375
0.2919375
0.279
0.19375
0.115125
0.038
-0.0066875
0.0473125
0.118875
0.1975625
0.253125
0.2823125
0.2650625
0.2399375
0.226375
0.1405
0.0706875
-0.07425
-0.2271875
-0.29075
-0.2845
-0.17975
-0.0228125
0.1514375
0.23575
0.349875
0.3628125
0.301
0.272125
0.138375
0.051625
-0.0363125
-0.0819375
0.0005
0.1336875
0.29475
0.4135
0.4311875
0.399
0.3569375
0.2693125
0.2216875
0.1615625
0.0855625
0.0659375
-0.060875
-0.1660625
-0.2155
-0.2865625
-0.26575
-0.1785625
-0.097625
0.015
0.2041875
0.3023125
0.3583125
0.384125
0.3486875
0.35325
0.373625
0.3950625
0.3683125
0.32625
0.222625
0.133875
0.110875
0.0076875
0.031875
0.0494375
0.034125
0.1545625
0.2008125
0.2470625
0.278
0.2626875
0.201125
0.1658125
0.12825
0.0638125
0.078125
0.0091875
-0.024625
-0.03425
0.015
0.2033125
0.363125
0.498375
0.50025
0.395
0.294
0.2221875
0.195
0.16
0.1493125
0.1033125
0.05275
0.0325625
0.0194375
0.070625
0.12025
0.1815
0.1401875
0.0600625
-0.01875
-0.124625
-0.100875
-0.12025
-0.0958125
-0.042125
-0.03875
0.0386875
0.0870625
0.131625
0.17475
0.210125
0.259875
0.3121875
0.3228125
0.3088125
0.259625
0.1486875
0.09225
0.0029375
-0.0526875
-0.0049375
0.0171875
0.068875
0.085
0.0318125
0.033125
0.0069375
0.036375
0.090125
0.0373125
0.0138125
-0.0611875
-0.1528125
-0.125625
-0.0613125
0.00075
0.093625
0.1435
0.1464375
0.1845
0.1840625
0.188
0.22975
0.236375
0.2365625
0.1544375
0.0020625
-0.1245
-0.18675
-0.1591875
-0.0510625
0.0471875
0.0605
0.0623125
0.0256875
-0.01925
0.0251875
0.0665625
0.1104375
0.1741875
0.18375
0.1426875
0.1355
0.127875
0.099
0.1125
0.055625
-0.051
-0.136875
-0.15575
-0.1304375
-0.0408125
0.1258125
0.1584375
0.22525
0.2339375
0.108625
0.0819375
-0.074
-0.16425
-0.1566875
-0.17
-0.06075
0.0160625
0.0805625
0.184
0.27675
0.3395
0.3760625
0.3225625
0.1866875
0.1044375
0.0375625
-0.042125
-0.0431875
-0.1030625
-0.1775625
-0.187375
-0.2088125
-0.19425
-0.13875
-0.063125
0.0529375
0.2238125
0.307125
0.3674375
0.361625
0.259375
0.254875
0.23225
0.1830625
0.1810625
0.0734375
-0.01375
-0.0928125
-0.148875
-0.16225
-0.17125
-0.095875
-0.0424375
0.0529375
0.133
0.1125625
0.1368125
0.2199375
0.328125
0.5206875
0.5754375
0.486875
0.3314375
0.10775
-0.035
-0.1373125
-0.2073125
-0.2090625
-0.1744375
-0.052625
0.0803125
0.145
0.1896875
0.168
0.125125
0.126375
0.1245
0.0770625
0.036375
0.027375
-0.0330625
-0.103625
-0.13975
-0.235125
-0.2506875
-0.134
-0.0035625
0.1444375
0.22475
0.210875
0.093125
-0.016375
-0.027875
-0.0216875
0.1215
0.2481875
0.2745
0.3183125
0.2759375
0.2493125
0.2484375
0.2453125
0.2775625
0.3030625
0.3026875
0.287
0.1921875
0.095
0.124
0.0728125
0.119875
0.150625
0.031375
0.047125
0.0506875
0.0721875
0.1043125
0.074125
-0.0135625
-0.0833125
-0.0423125
0.0223125
0.11975
0.192625
0.201125
0.1488125
0.1141875
0.0620625
-0.015625
-0.0118125
-0.0103125
0.057
0.170375
0.2145625
0.16325
0.005375
-0.165125
-0.270875
-0.28475
-0.168875
-0.10925
-0.09025
0.010625
0.0049375
0.035375
0.06275
-0.019125
-0.0190625
0.0381875
0.0824375
0.066
0.008375
-0.10125
-0.1180625
0.0335625
0.159625
0.305
0.349
0.249625
0.1946875
0.1366875
0.083
0.106875
0.1390625
0.1699375
0.2338125
0.21
0.1029375
-0.050375
-0.1664375
-0.185
-0.1224375
0.0035625
0.0785625
0.1275625
0.1183125
0.0824375
0.055875
0.0083125
0.03725
0.0470625
0.0373125
0.040125
0.009875
0.067625
0.122125
0.17425
0.2170625
0.184125
0.250375
0.3065625
0.2861875
0.259875
0.0908125
-0.08825
-0.0738125
-0.061625
0.0833125
0.2731875
0.2540625
0.216875
0.0710625
-0.0813125
-0.1188125
-0.1091875
0.000625
0.0819375
0.167875
0.2423125
0.1723125
0.114125
0.019
-0.087625
-0.10775
-0.1363125
-0.11975
-0.103375
-0.0005
0.1099375
0.0951875
0.197375
0.1726875
0.0890625
0.1181875
-0.00925
-0.081
-0.019625
0.06025
0.202375
0.29625
0.307375
0.292125
0.2635625
0.27625
0.298375
0.2381875
0.153875
0.09525
0.0365
0.05475
0.1108125
0.0665
0.028375
-0.0241875
-0.0705
-0.0504375
-0.045
-0.006625
-0.039
-0.0296875
-0.002625
0.028875
0.1566875
0.2251875
0.25475
0.2151875
0.0964375
0.003625
-0.084625
-0.1575
-0.1481875
-0.1795625
-0.175125
-0.11825
-0.1168125
-0.058875
-0.0124375
-0.0164375
0.022875
0.096
0.169125
0.2723125
0.3168125
0.2876875
0.2893125
0.2684375
0.2629375
0.2375
0.163375
0.1540625
0.1540625
0.17175
0.207375
0.1471875
0.054625
-0.03725
-0.1095625
-0.1396875
-0.1489375
-0.148
-0.199
-0.2784375
-0.277875
-0.2185
-0.094375
0.0395
0.088125
0.0655625
-0.03175
-0.0915625
-0.134625
-0.1890625
-0.1494375
-0.0824375
-0.0905625
-0.027125
-0.0263125
-0.0563125
0.10575
0.238
0.4325
0.5315
0.4731875
0.41925
0.2319375
0.180375
0.2095625
0.2234375
0.3321875
0.41
0.3895
0.336125
0.2339375
0.0741875
-0.020125
-0.0815625
-0.0953125
-0.079375
-0.0455625
0.004375
0.07825
0.173875
0.187125
0.1680625
0.1713125
0.10525
0.137875
0.162625
0.11375
0.1513125
0.0955
0.12075
0.1194375
0.1000625
0.174
0.17325
0.2323125
0.2561875
0.2485
0.30125
0.3364375
0.3651875
0.3745625
0.3008125
0.225625
0.163
0.098125
0.0721875
0.0476875
0.0461875
0.05625
0.06775
0.071375
0.095875
0.14125
0.21275
0.3014375
0.35775
0.39175
0.39025
0.370125
0.384
0.3914375
0.375375
0.32625
0.217
0.1073125
0.03875
0.0466875
0.0360625
-0.0003125
-0.0203125
-0.0415625
0.0433125
0.1963125
0.3246875
0.404875
0.4083125
0.410625
0.438
0.4806875
0.554
0.6194375
0.618
0.631875
0.6058125
0.529625
0.49525
0.470625
0.469875
0.4941875
0.509
0.4736875
0.43825
0.4028125
0.3878125
0.3825625
0.4044375
0.4263125
0.4263125
0.4263125
0.4263125
