7.09375
7.09375
7.09375
7.09375
8.025
8.9
8.06875
5.41875
3.6375
1.85625
0.91875
0.94375
1.03125
1.13125
2.09375
2.99375
3.81875
4.5625
3.6
3.5
3.5
3.625
4.6125
3.89375
3.1
2.18125
1.18125
1.88125
2.60625
3.4125
4.3
3.4875
2.66875
1.90625
1.11875
1.18125
1.16875
1.075
1.05
1.01875
1.06875
1.13125
1.1375
1.0875
1.075
1.01875
0.95625
0.95625
0.9125
0.95
0.9375
0.95
0.95625
0.925
0.94375
0.98125
0.9625
0.95
1.00625
1.86875
2.7875
3.7125
4.575
3.69375
2.86875
1.9625
1.0625
1.03125
0.875
0.8125
0.68125
0.6375
0.6875
0.75625
0.94375
1.0875
2.1
3.025
3.9
4.675
3.675
2.7625
1.7875
0.93125
0.94375
0.86875
0.8375
0.8
0.75625
0.75625
0.80625
0.825
0.8625
0.94375
0.9875
1.025
1.06875
1.05625
1.075
1.0875
1.15
1.1625
1.075
0.9625
0.75
0.59375
0.56875
0.6375
0.7875
1.00625
1.10625
1.0875
1.0375
0.94375
0.90625
0.93125
0.91875
0.81875
0.75
0.74375
0.8
0.98125
1.1
1.15625
1.125
1.0375
1.89375
2.6875
3.60625
4.45625
3.5375
2.68125
1.7
0.79375
0.75
0.78125
0.85
0.9875
1.05
1.0375
1.075
1.00625
1.0125
1.0125
0.94375
0.925
0.9
0.84375
0.83125
0.79375
0.75625
0.75625
0.8125
0.825
0.9
0.95
0.95
0.99375
0.93125
0.94375
0.875
0.8875
1.8375
2.7
3.61875
4.45625
3.54375
3.5625
3.6625
3.70625
4.61875
4.6375
4.5875
4.5875
4.5625
3.61875
2.64375
1.68125
0.70625
0.71875
0.7625
0.88125
1.06875
1.16875
1.28125
1.29375
1.24375
1.16875
1.95
2.78125
3.575
5.325
5.325
6.14375
7.0875
6.26875
6.33125
4.68125
2.925
1.95625
0.95625
0.7875
0.64375
0.55625
0.5
0.53125
0.5625
0.65
0.7375
0.71875
1.61875
2.4875
3.3625
4.2875
3.45625
2.60625
1.80625
1.075
1.1625
1.2625
1.2375
1.125
1.01875
0.9
0.91875
0.95
1.01875
1.075
1.06875
1.05625
1.03125
0.95625
0.8375
0.8125
0.8
0.86875
1.0
0.9875
0.99375
0.95625
0.9
0.96875
0.975
1.075
1.1125
1.025
0.96875
0.825
0.75
0.78125
0.84375
0.95
1.04375
1.06875
0.99375
0.81875
0.64375
0.54375
0.525
0.64375
0.7875
0.85
0.95625
0.95
1.7875
2.7125
3.575
4.4875
3.61875
2.7
2.64375
2.575
3.425
4.29375
3.4
2.5875
1.75625
0.89375
1.0
0.975
1.03125
1.1125
1.10625
1.20625
1.21875
1.2
1.1625
1.95
2.7125
3.4375
4.26875
3.3375
2.48125
1.675
0.7875
0.8375
0.9
1.0375
1.15625
1.16875
1.09375
0.88125
0.75625
0.75
0.75
0.75
0.75
