0.825
0.825
0.825
0.825
0.7625
0.76875
0.6875
0.66875
0.725
0.675
0.69375
0.7875
0.81875
0.89375
1.04375
1.125
1.19375
1.24375
1.14375
1.04375
0.9625
1.8125
2.74375
3.68125
4.53125
3.55
2.61875
1.6125
0.68125
0.74375
0.7
0.7875
0.88125
0.90625
1.03125
1.0875
1.125
1.14375
1.13125
1.14375
1.2375
1.3125
1.35
1.3125
1.175
1.06875
0.9875
1.00625
1.03125
1.08125
1.11875
1.04375
0.99375
0.925
0.8125
0.81875
0.85
1.725
2.64375
3.525
4.34375
3.39375
2.44375
1.49375
0.60625
0.675
0.75625
0.7625
0.7875
0.7875
0.7875
0.90625
0.9375
1.825
2.7625
3.65625
4.59375
3.74375
2.8375
1.8375
0.81875
0.8
0.7875
0.925
1.99375
2.9
3.725
4.41875
3.34375
2.43125
1.6
0.90625
1.04375
1.04375
1.95
2.70625
3.53125
4.4125
3.53125
2.7875
1.9875
1.9875
1.9875
1.9875
