109.58125
109.58125
109.58125
109.58125
114.85625
127.53125
132.025
136.775
139.025
144.25625
153.0125
161.25625
168.74375
166.25
161.99375
161.1625
155.54375
154.45625
153.36875
152.40625
156.0375
154.3375
155.06875
148.38125
150.2875
163.60625
167.5125
182.05625
179.15625
166.48125
165.3375
155.25
158.6875
168.8375
169.70625
166.5875
160.58125
151.21875
148.06875
153.675
156.025
154.29375
150.975
147.975
143.1375
142.10625
141.18125
135.775
136.6625
139.46875
141.08125
146.00625
146.33125
143.64375
145.275
140.7625
139.79375
144.275
142.325
149.6875
148.48125
139.8375
137.4875
132.24375
141.7
155.15625
164.0125
169.0125
164.20625
153.40625
144.8625
138.74375
138.54375
145.59375
150.1625
151.43125
144.66875
140.40625
140.7875
147.125
155.49375
157.14375
157.73125
152.34375
150.4625
150.625
149.04375
150.63125
150.63125
150.63125
150.63125
