0.22125
0.22125
0.22125
0.22125
0.22125
0.215
0.195625
0.2125
0.206875
0.224375
0.278125
0.304375
0.341875
0.348125
0.33125
0.3
0.261875
0.251875
0.24625
0.255
0.28
0.29375
0.2975
0.31
0.321875
0.33375
0.35125
0.36
0.36
0.36
0.35125
0.33375
0.3175
0.30125
0.3025
0.3125
0.32
0.3125
0.2875
0.249375
0.20125
0.171875
0.138125
0.124375
0.13875
0.1425
0.18125
0.23375
0.269375
0.311875
0.335
0.333125
0.340625
0.358125
0.371875
0.38875
0.3725
0.343125
0.3025
0.251875
0.220625
0.1925
0.176875
0.1725
0.174375
0.17625
0.191875
0.21
0.22625
0.2425
0.220625
0.183125
0.13875
0.1
0.113125
0.143125
0.186875
0.231875
0.24625
0.26625
0.291875
0.310625
0.33875
0.344375
0.33625
0.30875
0.244375
0.20375
0.153125
0.15125
0.190625
0.2125
0.259375
0.245
0.2225
0.230625
0.228125
0.25625
0.301875
0.32375
0.328125
0.3375
0.304375
0.268125
0.24375
0.2225
0.226875
0.233125
0.253125
0.26625
0.285625
0.29375
0.2725
0.26375
0.245625
0.238125
0.24875
0.2275
0.19375
0.153125
0.119375
0.123125
0.151875
0.216875
0.275
0.320625
0.358125
0.36375
0.3675
0.365625
0.359375
0.345
0.330625
0.313125
0.276875
0.249375
0.24
0.2325
0.24375
0.2825
0.309375
0.318125
0.345625
0.331875
0.308125
0.324375
0.304375
0.31625
0.339375
0.350625
0.39125
0.39
0.364375
0.324375
0.26125
0.24875
0.268125
0.28875
0.333125
0.353125
0.365625
0.359375
0.33375
0.2875
0.23125
0.22125
0.205625
0.239375
0.29125
0.31875
0.36875
0.39125
0.37625
0.344375
0.295625
0.2525
0.243125
0.27125
0.33625
0.36625
0.37375
0.3425
0.2775
0.265625
0.2775
0.3325
0.38
0.399375
0.413125
0.375625
0.32875
0.290625
0.246875
0.230625
0.26125
0.2875
0.295
0.3025
0.265
0.223125
0.21875
0.223125
0.25125
0.29375
0.29
0.301875
0.29625
0.270625
0.3
0.3025
0.339375
0.4
0.41875
0.436875
0.4375
0.420625
0.405
0.375625
0.318125
0.241875
0.201875
0.19
0.225625
0.300625
0.333125
0.363125
0.369375
0.33125
0.33625
0.310625
0.279375
0.30625
0.295
0.33
0.37625
0.385625
0.39625
0.3725
0.34
0.293125
0.263125
0.22375
0.19625
0.189375
0.17625
0.20625
0.195625
0.214375
0.235625
0.21875
0.255625
0.260625
0.291875
0.351875
0.370625
0.368125
0.339375
0.29625
0.301875
0.34625
0.373125
0.383125
0.34125
0.2725
0.2125
0.180625
0.174375
0.1975
0.255625
0.29375
0.339375
0.361875
0.355
0.376875
0.3675
0.345625
0.33
0.294375
0.29875
0.345
0.39375
0.409375
0.39625
0.3425
0.26
0.22375
0.19375
0.200625
0.230625
0.245
0.261875
0.26125
0.278125
0.30875
0.353125
0.389375
0.408125
0.406875
0.396875
0.398125
0.385625
0.3775
0.368125
0.330625
0.296875
0.280625
0.26375
0.25875
0.270625
0.275
0.24375
0.23375
0.216875
0.1775
0.19875
0.220625
0.259375
0.315
0.32625
0.331875
0.320625
0.29875
0.293125
0.254375
0.215625
0.19125
0.185
0.23375
0.25875
0.28
0.26625
0.208125
0.180625
0.158125
0.146875
0.1525
0.15125
0.16375
0.189375
0.235
0.2975
0.324375
0.335
0.3225
0.293125
0.27375
0.27625
0.281875
0.290625
0.315625
0.3275
0.3225
0.306875
0.2775
0.244375
0.230625
0.225625
0.225
0.22
0.22
0.22
0.22
