1.058125
1.058125
1.058125
1.058125
1.003125
1.0325
1.05
1.06875
1.14625
1.114375
1.095625
1.081875
0.986875
0.97875
0.979375
0.97625
1.00625
0.981875
0.9575
0.90875
0.868125
0.875625
0.86875
0.910625
0.951875
0.971875
0.999375
1.0025
1.006875
1.016875
1.023125
1.01875
1.01375
0.985625
0.97375
0.981875
1.0075
1.039375
1.03875
1.048125
1.05625
1.08625
1.13125
1.13625
1.103125
1.05
0.98875
0.929375
0.86875
0.81625
0.77125
0.743125
0.766875
0.791875
0.820625
0.8625
0.846875
0.83125
0.824375
0.816875
0.838125
0.8825
0.91625
0.91875
0.9225
0.8925
0.87875
0.9125
0.966875
1.0425
1.07375
1.06125
1.00375
0.92375
0.88
0.853125
0.86875
0.886875
0.898125
0.909375
0.9025
0.92625
0.940625
1.004375
1.05875
1.089375
1.126875
1.09375
1.058125
1.005625
0.971875
0.921875
0.94125
1.0075
1.05625
1.169375
1.175625
1.136875
1.080625
0.9975
0.9625
0.935625
0.975625
0.999375
1.010625
1.030625
0.953125
0.94
0.939375
0.96125
1.029375
1.0
0.99375
0.953125
0.925625
0.959375
0.97
1.005625
1.02875
1.0775
1.12625
1.2
1.29375
1.3125
1.31875
1.24625
1.13875
1.085
1.05625
1.06
1.069375
1.0425
1.000625
0.95875
0.938125
0.93875
0.9625
1.01625
1.059375
1.121875
1.161875
1.196875
1.231875
1.25
1.229375
1.17625
1.110625
1.006875
0.965625
0.94625
0.949375
0.996875
1.046875
1.075
1.133125
1.18125
1.220625
1.284375
1.268125
1.26
1.188125
1.148125
1.148125
1.131875
1.16375
1.134375
1.10625
1.078125
1.05
1.00375
0.946875
0.90875
0.858125
0.87
0.87875
0.86625
0.9075
0.963125
1.04375
1.143125
1.180625
1.1325
1.08125
1.01375
0.95875
0.951875
0.934375
0.951875
1.025625
1.098125
1.171875
1.224375
1.22875
1.28375
1.34
1.344375
1.31125
1.19
1.05625
1.009375
1.0
1.030625
1.063125
1.02625
1.01125
0.995
1.0475
1.17875
1.25375
1.346875
1.380625
1.364375
1.3925
1.3725
1.32
1.2275
1.116875
1.0375
1.023125
1.05125
1.135625
1.2175
1.2175
1.204375
1.103125
1.004375
0.95625
0.9075
0.878125
0.858125
0.835
0.821875
0.84
0.836875
0.83625
0.8575
0.880625
0.92375
0.955
1.005625
1.06
1.1225
1.256875
1.331875
1.379375
1.3825
1.305625
1.235625
1.169375
1.138125
1.085
1.04375
1.0125
0.9975
1.046875
1.08125
1.1025
1.115
1.101875
1.1025
1.1125
1.066875
1.014375
0.97375
0.93375
0.941875
0.96875
0.986875
1.015625
1.035625
1.04625
1.04625
1.03875
1.026875
1.015
0.99875
0.98
0.954375
0.909375
0.891875
0.890625
0.910625
0.971875
1.02625
1.048125
1.060625
1.039375
1.004375
0.96125
0.958125
0.97625
1.009375
1.1075
1.125625
1.135625
1.145625
1.074375
1.083125
1.096875
1.085
1.143125
1.1225
1.09625
1.098125
1.08375
1.08625
1.071875
1.026875
0.988125
0.981875
1.0025
1.064375
1.069375
1.065625
1.0675
1.048125
1.045
1.05625
1.035
1.001875
1.029375
1.04
1.066875
1.106875
1.089375
1.065
1.039375
1.020625
1.02
1.028125
1.0175
0.976875
0.93625
0.895625
0.89625
0.921875
0.9475
0.969375
0.9675
0.98125
0.9825
1.02625
1.0725
1.079375
1.11125
1.064375
1.0575
1.08375
1.119375
1.17375
1.1725
1.165625
1.09375
1.04125
0.9875
0.90625
0.895
0.9025
0.918125
0.9575
0.9425
0.935
0.961875
1.023125
1.1325
1.190625
1.20625
1.18625
1.151875
1.146875
1.15
1.131875
1.080625
1.00125
0.971875
0.950625
0.983125
1.061875
1.078125
1.1075
1.083125
1.044375
0.989375
0.93125
0.938125
0.938125
0.984375
1.04125
1.033125
1.00625
0.983125
0.951875
0.96375
0.995625
1.015
1.013125
0.986875
1.006875
1.04875
1.1375
1.234375
1.22125
1.143125
1.03
0.935625
0.916875
0.9625
1.035
1.050625
1.059375
1.044375
0.98375
0.9725
0.936875
0.881875
0.863125
0.8425
0.858125
0.92
0.97875
1.025625
1.06125
1.07
1.055625
1.025625
0.981875
0.96125
0.9875
1.0525
1.1625
1.22125
1.22
1.196875
1.074375
0.97375
0.904375
0.83875
0.84625
0.861875
0.885625
0.89625
0.90375
0.9325
0.951875
1.03
1.07875
1.13
1.170625
1.163125
1.175
1.16375
1.18
1.1375
1.106875
1.059375
0.9775
0.973125
1.005625
1.05
1.103125
1.1775
1.171875
1.159375
1.214375
1.1675
1.184375
1.200625
1.1425
1.170625
1.166875
1.188125
1.208125
1.2025
1.146875
1.07875
1.0225
1.00625
1.05125
1.106875
1.155625
1.165625
1.163125
1.139375
1.136875
1.096875
1.056875
1.039375
1.015
1.044375
1.056875
1.095
1.130625
1.12125
1.1275
1.036875
0.98375
0.9775
0.995625
1.084375
1.07375
1.038125
1.005
0.95
0.970625
0.9875
0.94625
0.936875
0.91375
0.90125
0.934375
0.95125
0.9775
1.020625
1.0575
1.084375
1.0925
1.084375
1.0625
1.045625
1.066875
1.079375
1.078125
1.065
0.983125
0.93
0.901875
0.935
1.00875
1.020625
1.03875
0.97
0.91
0.9025
0.87625
0.8875
0.876875
0.85625
0.884375
0.91
0.96875
1.015625
1.005
0.998125
0.979375
0.97125
0.986875
1.01875
1.034375
1.07625
1.104375
1.086875
1.06875
1.006875
0.955625
0.940625
0.944375
0.974375
0.980625
0.96125
0.9275
0.878125
0.893125
0.944375
0.9925
1.054375
1.04875
1.026875
1.0225
1.020625
1.045625
1.0575
1.034375
0.98375
0.9525
0.92125
0.926875
0.960625
0.9725
0.993125
1.013125
1.025625
1.05375
1.08375
1.08
1.07375
1.00375
0.973125
0.97375
0.974375
1.039375
1.045
1.031875
1.00625
0.955
0.916875
0.92625
0.960625
1.008125
1.095
1.115625
1.12875
1.11625
1.0275
0.96625
0.8825
0.83875
0.83875
0.8275
0.84625
0.83875
0.85875
0.915
0.936875
0.968125
0.96375
0.910625
0.878125
0.83375
0.778125
0.75
0.78375
0.8275
0.89125
0.989375
0.986875
0.994375
1.0225
0.98625
0.9975
0.99
0.950625
0.94875
0.921875
0.93125
0.94
0.938125
0.96375
0.9575
0.980625
0.981875
0.974375
1.009375
1.03
1.094375
1.175
1.178125
1.175
1.155625
1.11875
1.124375
1.135
1.113125
1.053125
0.988125
0.899375
0.855
0.866875
0.901875
0.966875
1.018125
1.05125
1.083125
1.096875
1.08375
1.074375
1.024375
0.99375
0.99875
1.018125
1.08
1.133125
1.183125
1.18625
1.128125
1.076875
1.055
1.08875
1.16375
1.249375
1.26375
1.23375
1.22
1.17625
1.16
1.16
1.12375
1.09875
1.095
1.071875
1.06875
1.048125
1.000625
0.994375
1.01
1.053125
1.089375
1.1125
1.10875
1.086875
1.081875
1.069375
1.05875
1.064375
1.080625
1.089375
1.08125
1.0725
1.061875
1.09875
1.154375
1.2025
1.235625
1.180625
1.165625
1.16375
1.1575
1.20875
1.170625
1.08875
1.028125
0.975625
0.96125
0.98625
0.993125
0.96375
0.96875
0.96875
0.985
1.01
1.011875
0.9975
0.9825
1.0275
1.0725
1.13
1.175
1.121875
1.0675
1.013125
0.969375
0.97375
1.018125
1.063125
1.101875
1.1675
1.144375
1.17
1.18875
1.161875
1.235
1.2375
1.255625
1.2825
1.21125
1.15
1.064375
0.976875
0.97
0.985625
1.03375
1.116875
1.12125
1.096875
1.05625
0.970625
0.960625
0.969375
0.96
0.994375
0.98375
0.96125
0.969375
0.97875
1.011875
1.041875
1.056875
1.0325
0.979375
0.95375
0.91125
0.884375
0.906875
0.915625
0.964375
1.0075
1.01375
1.030625
1.028125
1.030625
1.019375
1.015625
0.998125
0.981875
1.0
0.979375
0.961875
0.93625
0.886875
0.858125
0.859375
0.858125
0.879375
0.90875
0.940625
0.98125
1.028125
1.06
1.034375
1.05
1.019375
0.975625
0.996875
0.97875
1.0175
1.085625
1.080625
1.08125
1.04625
1.01125
1.030625
1.02
1.016875
0.99625
0.96375
0.945625
0.9675
1.024375
1.09125
1.179375
1.195
1.155
1.095
1.03
0.980625
0.96875
0.976875
0.963125
1.0
1.036875
1.0825
1.191875
1.243125
1.26875
1.256875
1.164375
1.116875
1.095625
1.133125
1.195625
1.216875
1.22875
1.160625
1.090625
1.020625
0.93
0.87125
0.839375
0.85625
0.933125
1.006875
1.033125
1.044375
0.978125
0.9425
0.95875
0.94125
0.971875
1.023125
1.05375
1.095625
1.136875
1.09
1.030625
0.98
0.898125
0.85375
0.83875
0.853125
0.891875
0.950625
0.983125
0.94875
0.9325
0.895625
0.85875
0.87125
0.8525
0.868125
0.94
1.000625
1.08125
1.135
1.12125
1.14
1.1575
1.159375
1.2
1.19125
1.16625
1.18125
1.176875
1.200625
1.224375
1.2275
1.1825
1.1075
1.069375
1.03125
1.050625
1.080625
1.06375
1.049375
1.064375
1.076875
1.095
1.11625
1.050625
1.016875
1.005625
0.96125
0.991875
0.99875
0.998125
1.043125
1.0425
1.046875
1.038125
1.020625
1.0125
0.980625
0.96625
0.915625
0.865
0.87875
0.868125
0.884375
0.92875
0.908125
0.915625
0.9625
0.96875
0.996875
1.025
0.993125
1.005
1.015625
0.99125
0.995
0.976875
0.938125
0.944375
0.91625
0.928125
0.974375
0.993125
1.059375
1.064375
1.065
1.0725
1.060625
1.0325
0.99875
0.975625
0.926875
0.915
0.879375
0.830625
0.84875
0.9075
1.00875
1.1025
1.134375
1.086875
1.016875
1.006875
1.006875
1.105
1.2275
1.27875
1.339375
1.29125
1.203125
1.109375
1.001875
0.973125
0.94375
0.930625
0.971875
0.98625
1.068125
1.160625
1.19375
1.185625
1.079375
0.97
0.8575
0.784375
0.758125
0.796875
0.860625
0.944375
1.03875
1.03375
1.044375
1.03375
0.991875
0.96625
0.929375
0.90125
0.90875
0.936875
0.96875
0.96625
0.939375
0.94
0.918125
0.9325
0.9575
0.929375
0.9075
0.905
0.92375
0.99
1.05875
1.06125
1.03875
1.0
0.9625
0.989375
1.02875
1.04625
1.05625
1.039375
1.026875
1.065
1.11375
1.14625
1.135
1.05625
0.98375
0.91375
0.87625
0.871875
0.8675
0.919375
0.958125
1.01
1.085625
1.08875
1.125
1.13625
1.076875
1.064375
1.035625
1.02125
1.044375
1.035
0.9925
0.976875
0.954375
0.98
1.055
1.080625
1.146875
1.1375
1.10625
1.12
1.075625
1.094375
1.118125
1.07125
1.0325
0.97375
0.8925
0.898125
0.918125
0.915
0.958125
0.944375
0.98
1.059375
1.09875
1.1425
1.115625
1.0475
1.0075
0.979375
0.955
1.013125
1.07
1.128125
1.218125
1.24625
1.22625
1.20375
1.17125
1.10125
1.055
0.99875
0.951875
0.960625
0.96
0.99875
1.026875
1.006875
1.0025
0.970625
0.97625
0.999375
1.086875
1.155625
1.136875
1.155
1.095625
1.045
1.044375
1.025
0.9875
1.01875
1.039375
1.026875
1.06
1.00125
0.97625
1.038125
1.09375
1.1825
1.22625
1.170625
1.121875
1.066875
1.093125
1.159375
1.184375
1.204375
1.12375
1.03375
1.00125
0.99
1.02125
1.0525
1.035625
1.008125
0.97
1.0
1.088125
1.1725
1.315625
1.35875
1.31375
1.2725
1.1325
1.01625
0.983125
0.959375
1.0025
1.1025
1.163125
1.20625
1.201875
1.128125
1.031875
0.923125
0.85625
0.81875
0.81875
0.81875
0.81875
