-0.4775
-0.4775
-0.4775
-0.4775
-0.61375
-0.655625
-0.593125
-0.541875
-0.490625
-0.443125
-0.349375
-0.25375
-0.056875
0.298125
0.39
0.59625
0.590625
0.285625
0.140625
-0.21625
-0.45875
-0.474375
-0.288125
-0.0325
0.208125
0.38625
0.208125
0.195
0.291875
0.25875
0.374375
0.255625
-0.049375
-0.25125
-0.48375
-0.615
-0.551875
-0.464375
-0.30125
-0.138125
-0.18875
-0.268125
-0.3675
-0.47625
-0.436875
-0.383125
-0.373125
-0.35375
-0.428125
-0.546875
-0.63625
-0.7675
-0.83875
-0.8225
-0.850625
-0.7975
-0.759375
-0.66
-0.36875
-0.136875
0.1025
0.128125
-0.01125
-0.155625
-0.18
-0.10125
-0.15
-0.13375
-0.239375
-0.186875
0.0925
0.339375
0.494375
0.385625
0.0975
-0.220625
-0.445
-0.450625
-0.33875
-0.205
-0.09375
-0.26875
-0.488125
-0.70625
-0.89875
-0.93375
-0.913125
-0.731875
-0.55875
-0.21375
0.053125
0.085625
0.125
-0.10125
-0.08375
-0.081875
0.034375
0.25875
0.104375
0.059375
-0.101875
-0.258125
-0.2625
-0.2925
-0.429375
-0.448125
-0.28375
-0.106875
0.1825
0.35375
0.20875
0.210625
0.155625
-0.0175
-0.0075
-0.30625
-0.511875
-0.575
-0.648125
-0.614375
-0.511875
-0.450625
-0.396875
-0.135625
-0.095625
-0.04625
-0.004375
-0.276875
-0.48625
-0.680625
-0.9225
-0.968125
-0.909375
-0.858125
-0.75375
-0.733125
-0.82625
-0.80875
-0.7775
-0.645625
-0.29875
-0.220625
-0.141875
-0.180625
-0.490625
-0.585625
-0.68125
-0.521875
-0.28875
-0.129375
0.104375
-0.0125
-0.050625
-0.060625
-0.27125
-0.335
-0.28125
-0.10375
0.180625
0.474375
0.454375
0.251875
0.15625
0.21875
0.418125
0.550625
0.475
0.0625
-0.315
-0.5775
-0.59375
-0.3
0.125
0.58125
0.876875
0.92625
0.735625
0.595
0.441875
0.396875
0.404375
0.233125
-0.043125
-0.354375
-0.624375
-0.788125
-0.838125
-0.8425
-0.84125
-0.895
-0.776875
-0.511875
-0.15125
0.274375
0.41375
0.400625
0.153125
-0.09125
-0.18125
-0.389375
-0.438125
-0.511875
-0.65125
-0.62
-0.5275
-0.33875
0.053125
0.445625
0.66875
0.71625
0.504375
0.13375
-0.17
-0.246875
-0.2225
-0.0925
0.0675
0.040625
0.15875
0.261875
0.333125
0.33125
-0.011875
-0.22625
-0.325
-0.289375
-0.02125
0.034375
-0.083125
-0.0825
-0.118125
-0.05
0.214375
0.20375
0.29
0.37125
0.20125
0.144375
-0.103125
-0.355625
-0.47125
-0.545625
-0.54625
-0.541875
-0.45125
-0.389375
-0.3325
-0.25875
-0.391875
-0.518125
-0.579375
-0.663125
-0.63125
-0.5925
-0.58625
-0.56875
-0.56125
-0.540625
-0.550625
-0.465
-0.366875
-0.295625
-0.039375
-0.018125
-0.04125
-0.040625
-0.32375
-0.339375
-0.135
0.040625
0.27375
0.35375
0.111875
-0.153125
-0.195625
-0.199375
-0.05
0.179375
0.14375
-0.021875
-0.143125
-0.2875
-0.33625
-0.265
-0.205
-0.213125
-0.244375
-0.285
-0.48875
-0.5825
-0.4875
-0.29125
0.14125
0.495625
0.5925
0.48125
0.13875
-0.181875
-0.41625
-0.55
-0.568125
-0.478125
-0.209375
0.2225
0.644375
0.8375
0.706875
0.2575
-0.1675
-0.463125
-0.47875
-0.3475
-0.245
-0.165
-0.36125
-0.51625
-0.659375
-0.673125
-0.415625
-0.235625
0.059375
0.129375
0.13125
0.24125
0.140625
0.140625
-0.0175
-0.238125
-0.363125
-0.325
-0.19375
-0.1025
0.0825
-0.06625
-0.175
-0.105
-0.12875
0.04125
0.18625
0.2175
0.155
0.098125
0.164375
0.095
0.19375
0.391875
0.319375
0.326875
0.12125
-0.34125
-0.611875
-0.84625
-0.885
-0.70125
-0.556875
-0.26
-0.035
0.01125
0.06375
-0.169375
-0.365
-0.475
-0.529375
-0.435625
-0.364375
-0.190625
-0.146875
-0.1525
-0.216875
-0.471875
-0.66375
-0.786875
-0.805625
-0.71125
-0.64625
-0.65
-0.745
-0.76375
-0.70875
-0.585
-0.26125
-0.100625
0.020625
0.0675
-0.194375
-0.44125
-0.7275
-0.916875
-0.799375
-0.629375
-0.400625
-0.26125
-0.426875
-0.626875
-0.82375
-0.96125
-0.911875
-0.80875
-0.735625
-0.693125
-0.685
-0.67375
-0.689375
-0.70875
-0.7625
-0.88625
-0.94125
-0.826875
-0.65875
-0.304375
-0.01875
0.06125
0.1025
0.024375
0.11375
0.094375
0.246875
0.28625
0.1925
0.285625
0.1325
0.166875
0.0625
0.041875
0.143125
-0.001875
0.039375
-0.19
-0.40125
-0.3075
-0.2575
-0.020625
0.07625
-0.0925
-0.27125
-0.479375
-0.59875
-0.605
-0.625625
-0.65625
-0.681875
-0.746875
-0.775625
-0.791875
-0.803125
-0.780625
-0.78875
-0.84625
-0.896875
-0.901875
-0.86
-0.74
-0.64375
-0.563125
-0.413125
-0.183125
0.03875
0.196875
0.16
-0.12625
-0.411875
-0.6775
-0.908125
-0.979375
-0.989375
-0.92125
-0.775
-0.65875
-0.584375
-0.608125
-0.619375
-0.535625
-0.4425
-0.278125
-0.15125
-0.09625
-0.0675
-0.07625
0.0275
0.111875
0.173125
0.194375
0.0075
-0.2975
-0.505625
-0.6225
-0.655
-0.584375
-0.57625
-0.659375
-0.6075
-0.4525
-0.31875
-0.088125
0.024375
0.09375
0.2225
0.3
0.311875
0.165625
-0.013125
-0.20875
-0.43125
-0.446875
-0.479375
-0.39625
-0.0625
0.07875
0.355
0.41875
0.324375
0.345625
0.141875
0.074375
-0.1
-0.29125
-0.426875
-0.58125
-0.635
-0.606875
-0.369375
-0.139375
0.21
0.496875
0.515
0.54625
0.3575
0.149375
0.044375
-0.079375
-0.1075
-0.25375
-0.230625
-0.18125
-0.0025
0.4125
0.505625
0.574375
0.42375
0.05375
-0.14125
-0.32875
-0.431875
-0.445625
-0.49125
-0.54625
-0.485625
-0.319375
-0.13125
0.176875
0.405625
0.56
0.67
0.568125
0.32875
-0.03125
-0.3575
-0.588125
-0.67625
-0.58125
-0.455625
-0.375625
-0.336875
-0.47375
-0.60375
-0.6375
-0.650625
-0.56375
-0.379375
-0.220625
0.021875
0.26375
0.246875
0.14625
-0.140625
-0.4425
-0.6075
-0.663125
-0.635625
-0.640625
-0.515625
-0.435625
-0.319375
0.035
0.195625
0.316875
0.4125
0.134375
-0.181875
-0.464375
-0.725
-0.64625
-0.524375
-0.210625
0.05375
0.01
0.074375
-0.20875
-0.345
-0.32375
-0.37625
-0.24125
-0.20125
-0.159375
-0.089375
-0.09125
-0.125
-0.230625
-0.341875
-0.368125
-0.5025
-0.526875
-0.549375
-0.61125
-0.5375
-0.526875
-0.5825
-0.658125
-0.74875
-0.815625
-0.7725
-0.689375
-0.60125
-0.556875
-0.575625
-0.65375
-0.77625
-0.866875
-0.965625
-1.005625
-0.966875
-0.928125
-0.869375
-0.849375
-0.88875
-0.9475
-1.025625
-1.045
-1.06375
-1.02375
-0.964375
-0.98375
-0.964375
-0.984375
-0.965
-0.71
-0.4425
-0.163125
0.19
0.1925
0.10625
-0.00375
-0.379375
-0.608125
-0.735
-0.838125
-0.63625
-0.41
-0.216875
-0.086875
-0.2225
-0.386875
-0.461875
-0.434375
-0.281875
-0.1375
-0.094375
-0.119375
-0.15625
-0.146875
-0.23125
-0.29125
-0.356875
-0.34
-0.2425
-0.2
-0.155625
-0.323125
-0.36875
-0.228125
-0.106875
0.125
0.133125
-0.09125
-0.224375
-0.31625
-0.290625
-0.12375
-0.0775
-0.13625
-0.1975
-0.240625
-0.24625
-0.2125
-0.068125
-0.083125
-0.056875
0.148125
0.12625
0.32
0.594375
0.505
0.691875
0.618125
0.48125
0.63875
0.481875
0.480625
0.27875
-0.015625
-0.045
-0.130625
-0.104375
-0.12875
-0.376875
-0.565625
-0.684375
-0.7375
-0.6825
-0.6475
-0.61125
-0.599375
-0.575
-0.575
-0.575
-0.575
