0.034
0.034
0.034
0.034
0.046625
0.092
0.111875
0.1310625
0.123625
0.0808125
0.10575
0.0896875
0.0561875
0.0873125
0.01975
0.0249375
0.0605625
0.0301875
0.0605
0.0498125
-0.00225
-0.0274375
-0.06775
-0.1404375
-0.17075
-0.1865
-0.187125
-0.1289375
-0.0444375
0.0215
0.11925
0.1861875
0.1799375
0.1750625
0.081
0.025375
-0.0039375
-0.0498125
0.004625
0.0190625
0.0855625
0.183125
0.2143125
0.228875
0.1979375
0.134625
0.0525625
-0.0044375
-0.1081875
-0.2073125
-0.2391875
-0.2343125
-0.140375
-0.024625
0.0585
0.0828125
0.0815
0.0709375
0.067625
0.0885
0.0623125
0.01725
-0.0244375
-0.0736875
-0.0696875
-0.0279375
-0.0444375
-0.021625
-0.018875
-0.0250625
0.0428125
0.0971875
0.13225
0.171
0.1833125
0.164375
0.138125
0.0379375
-0.0386875
-0.112875
-0.150625
-0.088
-0.082375
-0.0850625
-0.0994375
-0.1664375
-0.2
-0.2050625
-0.1885625
-0.169125
-0.118625
-0.0585625
-0.0345
0.0385625
0.0495
0.0313125
0.0614375
0.0521875
0.104375
0.147625
0.1349375
0.082875
0.001125
-0.0161875
0.0095625
0.0935625
0.1464375
0.14825
0.104
0.0091875
-0.02475
-0.0644375
-0.0769375
-0.0055625
0.024125
0.0584375
0.1100625
0.089
0.050375
0.03625
0.0054375
0.0186875
0.058125
0.039625
0.010875
-0.07425
-0.11475
-0.12275
-0.121125
-0.0963125
-0.152875
-0.1853125
-0.2253125
-0.2368125
-0.18475
-0.15825
-0.07725
0.005375
0.0291875
0.0703125
0.0175625
-0.1055
-0.1939375
-0.3118125
-0.38275
-0.4113125
-0.439875
-0.3920625
-0.3178125
-0.21825
-0.126125
-0.1316875
-0.140125
-0.126375
-0.0585
0.0518125
0.1385625
0.1451875
0.068
0.036375
-0.0155
0.015125
0.0885625
0.0930625
0.095625
0.0375
0.021875
0.036875
0.0665
0.119
0.07775
0.0391875
0.0613125
0.0416875
0.1076875
0.14325
0.080125
0.1025
0.026875
-0.02825
-0.04825
-0.1325
-0.1313125
-0.149
-0.1636875
-0.141125
-0.1466875
-0.0933125
0.0075625
0.038875
0.0708125
0.0415
-0.0500625
-0.048375
-0.066125
-0.089125
-0.0899375
-0.1865625
-0.2139375
-0.21775
-0.197375
-0.077875
-0.0379375
0.043875
0.0746875
0.0170625
-0.0230625
-0.1019375
-0.151375
-0.16075
-0.115875
-0.09175
-0.0806875
-0.0408125
-0.058125
-0.0708125
-0.0701875
-0.081625
-0.079875
-0.009125
0.09575
0.1473125
0.2180625
0.1818125
0.088125
0.0136875
-0.095125
-0.144375
-0.192625
-0.1910625
-0.1520625
-0.134
-0.0764375
-0.0755625
-0.1185
-0.08275
-0.087125
-0.024875
0.06425
0.0315625
0.0718125
0.0271875
-0.0135
0.026625
-0.036125
-0.0564375
-0.1160625
-0.20775
-0.223
-0.219375
-0.17275
-0.0870625
-0.0595
-0.040875
-0.0126875
-0.0145625
0.0205
0.062375
0.08375
0.0743125
0.10725
0.07525
0.0118125
-0.0354375
-0.1779375
-0.2401875
-0.2441875
-0.185625
-0.062875
0.0269375
0.1113125
0.141125
0.16425
0.189125
0.17125
0.1358125
0.0905
0.0231875
-0.018125
-0.0403125
-0.0896875
-0.1338125
-0.1713125
-0.1974375
-0.1486875
-0.0765
-0.0131875
0.087125
0.1289375
0.1820625
0.1828125
0.129625
0.101125
0.0590625
0.0566875
0.0791875
0.08475
0.0796875
0.1001875
0.0868125
0.0243125
-0.0116875
-0.0209375
-0.0225
0.0865
0.173625
0.2015625
0.254625
0.2323125
0.1935
0.192125
0.1854375
0.19575
0.1984375
0.1480625
0.061
-0.0258125
-0.045125
-0.059125
-0.015125
0.024
0.0228125
0.106375
0.16225
0.1985625
0.2089375
0.16275
0.1150625
0.120375
0.12775
0.1185625
0.0811875
-0.0041875
-0.0654375
-0.095625
-0.097
-0.06025
-0.044
-0.095125
-0.1168125
-0.186
-0.2220625
-0.1506875
-0.1291875
-0.079125
-0.0175
-0.0535625
-0.054
-0.0150625
-0.02975
-0.004625
0.0099375
-0.056875
-0.054875
-0.0655
-0.1095625
-0.109
-0.1898125
-0.2153125
-0.193125
-0.151375
-0.06125
-0.033375
-0.0210625
-0.071
-0.1293125
-0.1680625
-0.2134375
-0.1714375
-0.1306875
-0.0846875
-0.0256875
-0.02125
-0.038
-0.0351875
-0.07325
-0.0968125
-0.0774375
-0.11075
-0.10125
-0.136
-0.2028125
-0.206625
-0.2214375
-0.1728125
-0.07125
-0.0346875
0.0204375
0.0198125
-0.033375
-0.036125
-0.0444375
-0.015625
0.024375
0.082375
0.12675
0.1659375
0.164625
0.121875
0.029125
-0.0261875
-0.007
-0.04025
-0.0159375
-0.0495625
-0.1198125
-0.0920625
-0.0325
0.0651875
0.1820625
0.2555625
0.2503125
0.20125
0.1145
0.0310625
0.0111875
0.0254375
0.0413125
0.083875
0.1174375
0.1026875
0.09925
0.066
0.000375
-0.0218125
-0.01925
-0.037125
-0.0305625
-0.004875
-0.0135625
-0.0079375
-0.0104375
-0.031125
-0.035375
0.0024375
0.041125
0.0868125
0.16375
0.17375
0.197625
0.1628125
0.0849375
0.0253125
-0.0618125
-0.0724375
-0.08275
-0.060625
-0.0536875
-0.0669375
-0.01975
0.02075
0.1195
0.196375
0.2036875
0.179625
0.13675
0.120625
0.1016875
0.1469375
0.1870625
0.1655
0.1598125
0.1114375
0.0408125
0.0240625
0.048125
0.0295
-0.0038125
-0.0613125
-0.1755
-0.244375
-0.250625
-0.20925
-0.1346875
-0.0333125
0.048375
0.1029375
0.1689375
0.16325
0.106
0.05775
-0.0215
-0.0483125
-0.043375
-0.075625
-0.0973125
-0.09775
-0.0421875
0.0475
0.1576875
0.207625
0.167875
0.0798125
-0.0585
-0.149125
-0.17625
-0.1573125
-0.0960625
-0.080125
-0.080375
-0.0799375
-0.1218125
-0.1323125
-0.1749375
-0.207
-0.1723125
-0.131625
-0.0393125
0.004875
0.022
0.05925
0.0919375
0.1925625
0.2894375
0.3614375
0.3929375
0.3645625
0.306625
0.221125
0.1336875
0.03
-0.0300625
-0.0833125
-0.1060625
-0.03175
-0.02275
0.0100625
0.0550625
0.0161875
0.0491875
0.0540625
0.009625
-0.0079375
-0.0476875
-0.03975
-0.003
0.0006875
-0.0101875
-0.0690625
-0.13625
-0.1236875
-0.097875
-0.0729375
0.008
-0.0035
-0.0183125
-0.0205
-0.1201875
-0.185
-0.289875
-0.3598125
-0.3453125
-0.3183125
-0.236
-0.1719375
-0.12425
-0.0566875
0.0224375
0.10225
0.130375
0.1409375
0.1246875
0.099125
0.107
0.0781875
0.049375
0.0360625
0.0593125
0.094125
0.11375
0.0690625
-0.0289375
-0.06175
-0.0459375
0.042875
0.119625
0.1385
0.078875
-0.0360625
-0.1033125
-0.1566875
-0.1435
-0.0915
-0.058375
-0.053375
-0.0486875
-0.0523125
-0.04625
-0.015375
-0.0169375
-0.021125
-0.0635625
-0.0578125
-0.0613125
-0.017125
0.0956875
0.1369375
0.2125625
0.19025
0.1066875
0.016
-0.091875
-0.107625
-0.09225
-0.00925
0.082375
0.130125
0.1685625
0.169625
0.1508125
0.1525
0.1665625
0.19475
0.236875
0.251875
0.2114375
0.136875
0.0539375
-0.0491875
-0.0674375
-0.0793125
-0.036625
0.0318125
0.0448125
0.0855625
0.027625
-0.0163125
-0.047875
-0.0860625
-0.071125
-0.0403125
-0.0280625
-0.055125
-0.074625
-0.1000625
-0.1185625
-0.0735625
-0.036125
-0.0405
-0.0375625
-0.0706875
-0.0644375
-0.071375
-0.0568125
-0.0429375
-0.1256875
-0.125
-0.1210625
-0.0913125
0.0109375
0.0376875
0.04
0.028
-0.0070625
0.02675
0.0704375
0.1024375
0.174875
0.159625
0.1193125
0.036875
-0.100375
-0.1635625
-0.1771875
-0.13825
-0.0846875
-0.0668125
-0.08925
-0.0851875
-0.0576875
-0.00175
0.028375
-0.00175
-0.016
-0.0540625
-0.0481875
-0.0045
-0.0104375
-0.0359375
-0.06
-0.1020625
-0.1484375
-0.1623125
-0.148625
-0.085875
0.0080625
0.1309375
0.1905625
0.1889375
0.209375
0.1386875
0.063
0.0138125
-0.0779375
-0.0786875
-0.01075
0.051875
0.1375
0.1661875
0.125375
0.125375
0.125375
0.125375
