1.099625
1.099625
1.099625
1.099625
1.10175
1.0615
1.0203125
0.976375
0.94275
0.9308125
0.9089375
0.930375
0.9795
1.0315625
1.0703125
1.04325
1.0108125
0.985875
0.99175
1.0001875
1.002125
0.985375
0.9680625
1.0225
1.076
1.1393125
1.1845625
1.14025
1.10025
1.0826875
1.0395
1.029375
1.0406875
1.0268125
1.040875
1.0858125
1.108125
1.11
1.088125
1.0431875
0.9791875
0.9575
0.9533125
0.9566875
0.976375
0.9560625
0.9396875
0.897125
0.889125
0.9096875
0.93025
0.9605
0.938
0.8953125
0.852625
0.8464375
0.8845
0.982875
1.09325
1.1485
1.15325
1.1093125
1.072
1.08225
1.145875
1.183875
1.183875
1.1524375
1.06875
1.013
1.0140625
1.0149375
1.0430625
1.0921875
1.0671875
1.076875
1.0950625
1.0451875
1.0430625
1.0060625
0.97625
0.9879375
0.977125
0.966875
0.9398125
0.9238125
0.916125
0.9281875
0.9268125
0.917375
0.9110625
0.89625
0.896
0.89625
0.8965
0.918875
0.958125
0.997125
1.0506875
1.0554375
1.041
1.041125
1.003625
0.9919375
0.9634375
0.920375
0.9034375
0.933
0.9808125
1.028625
1.119
1.119
1.139875
1.186375
1.1505625
1.17475
1.1589375
1.093
1.0548125
0.98525
0.9556875
0.9518125
1.0025
1.0775
1.158125
1.2238125
1.2224375
1.2258125
1.1588125
1.097
1.0780625
1.0411875
1.0681875
1.1123125
1.09025
1.065625
1.0104375
0.958125
0.97725
1.041
1.12875
1.212625
1.2508125
1.2519375
1.239375
1.20025
1.2171875
1.234125
1.25975
1.3169375
1.2923125
1.2431875
1.1800625
1.128875
1.1215625
1.1145625
1.1204375
1.080375
1.06875
1.084375
1.086
1.08575
1.076
1.0843125
1.077125
1.09
1.06675
1.0254375
1.03025
1.0863125
1.132875
1.16075
1.1464375
1.0470625
0.976125
0.91225
0.8941875
0.9015625
0.9080625
0.9506875
0.9366875
0.93825
0.9600625
0.9543125
1.000875
1.0395625
1.03775
1.0169375
0.97375
0.9575625
1.006375
1.0741875
1.1211875
1.1336875
1.08
1.033875
1.0305
1.0269375
1.0481875
1.0426875
1.0183125
1.0171875
1.0093125
1.0245625
1.0325625
1.025125
1.0425
1.0750625
1.119375
1.1903125
1.199375
1.196875
1.15925
1.09125
1.0670625
1.0046875
0.9974375
0.998875
1.0159375
1.1123125
1.1991875
1.2849375
1.344125
1.309875
1.2395
1.1449375
1.0655
1.0460625
1.037125
1.060625
1.070125
1.0451875
1.032
1.00625
0.9666875
0.9579375
0.91775
0.881
0.863625
0.8260625
0.8644375
0.900625
0.9576875
1.02875
1.0330625
1.0710625
1.0890625
1.1161875
1.13075
1.13275
1.1423125
1.1384375
1.1651875
1.12825
1.06475
1.000125
0.9596875
0.9618125
0.9829375
0.9915
0.955625
0.9534375
0.9435625
0.9576875
0.9920625
0.98825
0.99125
0.9636875
0.932875
0.9138125
0.8965
0.8950625
0.900125
0.87375
0.89125
0.91525
0.9574375
1.0308125
1.0114375
0.993375
0.959125
0.9209375
0.9606875
0.995875
0.9951875
0.993625
0.94
0.877875
0.854875
0.853875
0.878125
0.919125
0.9461875
0.9364375
0.9235625
0.942875
1.01325
1.09475
1.1888125
1.2179375
1.2014375
1.23425
1.2325625
1.2396875
1.2223125
1.1306875
1.07075
1.029625
0.9888125
0.96225
0.9139375
0.8750625
0.868875
0.8981875
0.948
0.9883125
1.011625
0.9935625
0.9624375
0.9049375
0.859875
0.832875
0.8065
0.808
0.8023125
0.8303125
0.87075
0.9235
0.9788125
0.9845
1.0038125
0.980875
1.0073125
1.041125
1.0494375
1.0861875
1.0340625
1.0020625
0.994875
0.9815625
1.0305625
1.0710625
1.0668125
1.073875
1.05125
1.0240625
0.99875
0.960875
0.9081875
0.864625
0.8639375
0.863625
0.8935
0.9103125
0.8919375
0.886
0.889125
0.912375
0.93775
0.9500625
0.947375
0.922125
0.920125
0.91875
0.8889375
0.877875
0.8475
0.844125
0.8908125
0.92425
0.9845
1.0473125
1.0930625
1.1718125
1.239
1.2325625
1.21325
1.1364375
1.0236875
0.9605
0.89875
0.8701875
0.8755625
0.8849375
0.9031875
0.9173125
0.93725
0.9460625
0.976625
1.00725
1.0326875
1.110125
1.1405
1.1725
1.192125
1.125125
1.053
0.97925
0.9003125
0.8613125
0.8788125
0.9255
0.97575
1.018
1.0019375
0.9575
0.920875
0.9155625
0.944875
0.9548125
0.992
1.006125
1.030875
1.0715625
1.06975
1.044875
0.9808125
0.9315625
0.9073125
0.9303125
0.9808125
1.028
1.04675
1.04775
1.0545
1.0531875
1.07575
1.0619375
1.0210625
0.953625
0.87275
0.85175
0.851625
0.8780625
0.92475
0.9186875
0.923125
0.935375
0.932125
0.9630625
0.95875
0.965375
0.9755
0.9768125
1.002875
1.031625
1.073625
1.0998125
1.1351875
1.101125
1.039875
1.005125
0.9600625
0.9929375
1.0319375
1.059
1.0593125
0.9990625
0.968375
0.9133125
0.881375
0.887875
0.872625
0.8889375
0.9221875
0.9514375
0.9705625
0.9811875
0.9641875
0.962375
0.9590625
0.969
0.9818125
0.970375
0.9788125
0.96425
0.959875
0.937625
0.9066875
0.882
0.8749375
0.9118125
0.944375
0.975
0.9931875
0.9905625
1.02025
1.0795625
1.1119375
1.1404375
1.122375
1.074625
1.05675
1.0508125
1.0600625
1.05375
1.0369375
0.987875
0.9433125
0.9678125
0.98975
1.0634375
1.1361875
1.1153125
1.0894375
1.013875
0.931
0.89375
0.8778125
0.8946875
0.92625
0.9789375
1.01975
1.0613125
1.136625
1.174875
1.1925
1.1953125
1.111625
1.0363125
0.97975
0.9299375
0.9311875
0.9509375
0.97
0.959
0.938
0.898375
0.8546875
0.8368125
0.822625
0.8394375
0.881
0.9445625
1.0081875
1.0443125
1.0451875
1.0038125
0.972625
0.94675
0.9395625
0.9776875
1.019
1.0428125
1.0773125
1.0634375
1.0381875
1.0445625
1.0136875
1.0061875
0.9963125
0.95975
0.9463125
0.9314375
0.9051875
0.881
0.8665625
0.856625
0.8483125
0.8501875
0.8419375
0.8408125
0.898625
0.955625
1.0091875
1.0635
1.021125
1.0063125
0.999125
0.964
0.9891875
0.95925
0.925125
0.9290625
0.937
0.9725
1.00875
1.0223125
1.00125
0.977125
0.9495
0.9025625
0.8670625
0.843125
0.8220625
0.8445
0.876875
0.9035
0.93375
0.9396875
0.94325
0.9413125
0.932875
0.927
0.91875
0.9054375
0.9354375
0.9493125
1.0135625
1.1121875
1.1525625
1.2145
1.2028125
1.1615
1.134875
1.0965625
1.063875
1.05875
1.0304375
1.033375
1.06525
1.072625
1.1065625
1.0965
1.0885625
1.0404375
0.9946875
0.9681875
0.93175
0.957625
0.981125
1.0036875
1.001625
0.949875
0.8973125
0.8383125
0.8028125
0.7918125
0.787875
0.7981875
0.8078125
0.8235625
0.827625
0.8198125
0.8126875
0.8300625
0.872875
0.9204375
0.99525
1.023125
1.011
1.0078125
0.9693125
0.942
0.9346875
0.930625
0.9385
0.97875
1.019875
1.0476875
1.071625
1.0928125
1.1364375
1.158125
1.159
1.1089375
1.0165625
0.9745
0.9540625
0.967
1.009875
1.0060625
1.0014375
1.0005
0.97725
1.0143125
1.0599375
1.0904375
1.13575
1.09975
1.046625
0.99975
0.94125
0.915625
0.920875
0.90875
0.91375
0.93725
0.9213125
0.933
0.9268125
0.9253125
0.956875
0.97575
1.0246875
1.0525
1.064375
1.083
1.059375
1.050125
1.020625
0.9799375
1.006
0.99325
0.999875
1.0308125
0.9794375
0.9693125
0.9600625
0.9155
0.8986875
0.8625
0.8719375
0.9088125
0.97075
1.0453125
1.0528125
1.04775
1.018625
0.9846875
0.9565625
0.9775
0.995125
1.032
1.0970625
1.0799375
1.078
1.03375
0.9558125
0.9040625
0.8750625
0.8685
0.9030625
0.951125
0.9649375
1.02525
1.04475
1.068
1.07575
1.0008125
0.9475
0.883
0.8688125
0.90425
0.958875
1.0386875
1.0670625
1.06175
1.025
0.9474375
0.8940625
0.867
0.83975
0.8395625
0.8479375
0.8620625
0.890875
0.908
0.928
0.9256875
0.9445
0.9656875
1.0010625
1.0430625
1.035875
1.04
0.992875
0.9586875
0.9495
0.946875
0.949875
0.9365
0.9695625
0.9678125
1.0060625
1.068625
1.039125
1.02725
0.975375
0.9099375
0.890125
0.872
0.8961875
0.8983125
0.9051875
0.91275
0.8918125
0.8911875
0.908625
0.9343125
0.94925
1.009
1.01925
1.0321875
1.067625
1.0118125
1.006
0.9820625
0.9478125
0.9791875
0.990625
1.0050625
1.0429375
1.0595
1.0503125
1.0405625
1.0390625
1.04775
1.073625
1.1011875
1.06475
0.9895
0.9194375
0.8778125
0.8858125
0.9346875
1.00775
1.03075
1.028625
1.0311875
0.983
0.9704375
0.9841875
0.95575
0.9648125
0.9766875
0.95725
0.96675
0.9536875
0.9045625
0.86825
0.8295625
0.81075
0.81425
0.8225
0.8549375
0.8950625
0.953875
1.017875
1.0576875
1.065875
1.0414375
1.05225
1.0358125
1.0265625
1.027375
0.942125
0.9071875
0.9294375
0.9746875
1.08425
1.15075
1.1440625
1.095875
1.01925
0.962625
0.9148125
0.89175
0.885625
0.8764375
0.878375
0.8826875
0.872625
0.8886875
0.9284375
0.9798125
1.034875
1.046875
1.01975
0.9605625
0.898625
0.875375
0.8690625
0.873
0.929625
0.94975
0.976
1.0276875
0.9881875
0.9625625
0.938625
0.8723125
0.8588125
0.8575
0.8466875
0.865375
0.87225
0.8656875
0.863875
0.8701875
0.8750625
0.88275
0.914625
0.93125
0.9539375
1.0089375
1.024125
1.0245
1.0473125
1.0095625
1.0
1.027625
1.0300625
1.0885
1.13325
1.1256875
1.10625
1.06025
0.993
0.95725
0.93525
0.920875
0.952375
0.983125
1.0061875
0.996125
0.9625625
0.933625
0.9166875
0.93375
0.9296875
0.9199375
0.897625
0.8574375
0.8375625
0.833875
0.8469375
0.89525
0.9451875
0.9580625
0.978125
0.9711875
0.9834375
1.044375
1.069375
1.0966875
1.0831875
1.0356875
1.02625
0.9944375
0.9896875
0.9671875
0.9129375
0.880375
0.83375
0.8225625
0.82575
0.837875
0.8601875
0.8606875
0.8525
0.835625
0.8249375
0.826375
0.88475
0.9396875
0.9744375
1.0245625
1.0079375
1.0025
1.0171875
0.99575
0.9848125
0.958375
0.918
0.9274375
0.948625
0.978
1.00975
0.9915
0.9500625
0.908625
0.8944375
0.896875
0.9100625
0.9201875
0.930625
0.938375
0.9774375
1.0311875
1.0195625
1.0345
1.00725
0.9785
0.9948125
0.9911875
1.0258125
1.0405625
1.050375
1.060875
1.053375
1.052125
1.071
1.0638125
1.0313125
1.0210625
0.983875
0.9685
0.98125
0.9565
0.9404375
0.9283125
0.9083125
0.9070625
0.8925
0.8819375
0.883125
0.8758125
0.872625
0.85675
0.8483125
0.8714375
0.902625
0.95225
0.9751875
0.9750625
0.982625
0.9910625
1.022375
1.0384375
1.03825
1.0133125
0.9845
0.965375
0.9748125
1.0069375
1.0239375
1.0715
1.0790625
1.063
1.0399375
0.966875
0.941375
0.9289375
0.92325
0.943375
0.928375
0.9099375
0.8993125
0.892625
0.894625
0.9050625
0.937875
0.969375
1.02425
1.0743125
1.103125
1.1211875
1.0933125
1.0828125
1.04925
1.0444375
1.0610625
1.043
1.0476875
1.0140625
0.972375
0.9435
0.9138125
0.9166875
0.9115
0.9119375
0.9365625
0.922
0.929
0.950375
0.921
0.9166875
0.9066875
0.8653125
0.8618125
0.885125
0.924625
1.0044375
1.0609375
1.0669375
1.040625
0.9659375
0.9071875
0.8874375
0.8769375
0.91175
0.9386875
0.950625
0.9729375
0.9584375
0.956125
0.92775
0.9
0.883375
0.8509375
0.8435625
0.85175
0.883625
0.9230625
0.96075
0.9759375
0.9574375
0.9389375
0.9189375
0.9084375
0.93125
0.9564375
0.986375
1.0023125
1.002875
1.0221875
1.043875
1.053125
1.0290625
0.9903125
0.950625
0.9309375
0.9405
0.9160625
0.884
0.8566875
0.8385625
0.864125
0.8941875
0.9370625
0.9745625
0.979
0.9773125
0.9599375
0.935625
0.93725
0.952875
0.9424375
0.93625
0.9098125
0.8716875
0.87775
0.8781875
0.9129375
0.991
1.037625
1.113625
1.1435
1.096125
1.0605625
0.9775
0.9181875
0.8843125
0.8380625
0.815125
0.793875
0.8115
0.852375
0.8975625
0.9455625
0.9390625
0.9100625
0.8715625
0.8226875
0.804125
0.799875
0.80625
0.82325
0.834125
0.847375
0.8549375
0.8605625
0.8699375
0.892625
0.930375
0.9556875
0.9826875
0.9721875
0.926875
0.8994375
0.8971875
0.9305625
0.9815625
1.020125
1.0196875
0.9800625
0.9499375
0.9264375
0.895875
0.9118125
0.9150625
0.9341875
0.9718125
0.9610625
0.9575625
0.905125
0.86025
0.8556875
0.8685625
0.9223125
0.9875
1.0204375
1.03425
1.0485625
1.025125
1.023
1.000875
0.969625
0.975875
0.992875
1.0275
1.058625
1.0444375
0.998375
0.9570625
0.9158125
0.924625
0.9641875
1.021375
1.082
1.118
1.12775
1.1026875
1.053875
1.0073125
0.97975
0.9805
1.0179375
1.033125
1.044625
1.0439375
1.0204375
1.0156875
0.995625
0.9511875
0.90575
0.8659375
0.8565625
0.87875
0.91425
0.9698125
0.9788125
0.973875
0.964625
0.9320625
0.9470625
0.983625
1.0193125
1.03
1.00925
0.95625
0.898125
0.874
0.8579375
0.8549375
0.8591875
0.847125
0.8301875
0.865
0.89725
0.9559375
1.022875
1.041125
1.0656875
1.0480625
1.0576875
1.03025
0.988875
0.9745
0.9095625
0.8700625
0.842125
0.809375
0.8190625
0.840375
0.90425
0.9659375
0.9854375
1.0049375
0.9531875
0.9045
0.887125
0.8889375
0.901125
0.916375
0.915125
0.8785625
0.8494375
0.8141875
0.787875
0.796375
0.8399375
0.9083125
0.978375
1.02975
1.03825
1.0519375
1.08325
1.1145625
1.158125
1.1345625
1.0701875
0.991875
0.9171875
0.87725
0.8750625
0.890625
0.9246875
0.9641875
0.9760625
0.9955625
0.9996875
1.00075
1.0046875
0.9983125
0.961
0.9306875
0.9075
0.8668125
0.877875
0.88175
0.894125
0.9173125
0.8975625
0.907625
0.9043125
0.905
0.9413125
0.9323125
0.948375
0.9895
1.015625
1.0550625
1.0805
1.0813125
1.053
1.030125
0.983
0.92175
0.8908125
0.8688125
0.88125
0.9018125
0.9435
0.9834375
0.995125
1.0405
1.0460625
1.0335
1.049125
1.0221875
1.0070625
1.003125
0.9835625
0.977
0.967125
0.9485
0.91425
0.8825625
0.8658125
0.8575625
0.8750625
0.904375
0.9365625
0.9718125
0.994375
0.998
0.9756875
0.9479375
0.92275
0.8974375
0.887375
0.8875
0.869125
0.8623125
0.854625
0.84225
0.848375
0.8513125
0.8520625
0.861125
0.8725625
0.9054375
0.9444375
0.9743125
1.029375
1.0589375
1.084625
1.1056875
1.06925
1.012
0.9786875
0.9488125
0.95125
0.977875
0.981375
0.9618125
0.961
0.984375
1.00775
1.0530625
1.0803125
1.083375
1.0633125
1.04925
1.013125
0.94975
0.9314375
0.9019375
0.9104375
0.9578125
0.966875
1.0034375
1.005375
0.9840625
0.974375
0.9248125
0.890875
0.8725
0.8643125
0.874375
0.875875
0.8725625
0.8669375
0.879375
0.905125
0.95175
0.983625
0.9734375
0.9589375
0.913375
0.8879375
0.9125
0.9314375
0.9610625
0.977625
0.9399375
0.9274375
0.90675
0.8949375
0.916125
0.89425
0.880125
0.86125
0.8404375
0.8539375
0.8666875
0.8803125
0.8784375
0.858
0.8415
0.8469375
0.895
0.95425
1.0334375
1.059625
1.027625
0.9924375
0.91025
0.8609375
0.8368125
0.83075
0.85175
0.8721875
0.917375
0.924375
0.949
0.9719375
0.9800625
0.9998125
1.001875
1.02725
1.02225
1.0523125
1.055375
1.035125
1.038125
0.9873125
0.9644375
0.9263125
0.88175
0.88225
0.9028125
0.9305625
0.96275
0.968875
0.9550625
0.967125
0.984
1.019875
1.0248125
0.99325
0.95675
0.89425
0.8593125
0.86725
0.9233125
1.0085
1.0913125
1.1499375
1.1156875
1.066875
1.0236875
0.9555
0.9345625
0.8990625
0.8755625
0.877875
0.8848125
0.9063125
0.8964375
0.8939375
0.886
0.8735
0.877125
0.8885625
0.9
0.9393125
0.9871875
1.0135625
1.0345
1.0535625
1.0606875
1.0600625
1.064875
1.0115625
0.980625
0.9775
0.97525
1.0059375
1.01575
0.991
0.9614375
0.938625
0.895375
0.8775625
0.887875
0.884625
0.926
0.9534375
0.9555625
0.98675
1.000875
1.0465625
1.071
1.05775
1.016875
0.9529375
0.93375
0.9368125
0.9781875
0.9995625
0.9794375
0.977375
0.939125
0.925625
0.9526875
0.9460625
0.964
1.0
0.997
1.0166875
1.0245
0.9866875
0.97025
0.925875
0.9370625
0.97175
1.021625
1.116
1.1253125
1.1339375
1.10075
1.0333125
1.04
1.0654375
1.1300625
1.179875
1.147
1.0873125
0.990125
0.9224375
0.900375
0.915875
0.9494375
0.991125
1.0784375
1.1181875
1.1840625
1.2308125
1.18325
1.123125
1.0399375
0.9496875
0.908125
0.9189375
0.92975
0.9463125
0.962875
0.9359375
0.886625
0.8479375
0.80925
0.795375
0.80625
0.8285625
0.859375
0.887125
0.9125
0.8986875
0.8709375
0.8631875
0.883
0.9305625
0.989
1.031625
1.0243125
1.0284375
1.044
1.0523125
1.07475
1.055625
0.99425
0.92
0.85625
0.8395625
0.84825
0.8653125
0.880125
0.8615
0.8659375
0.8779375
0.8993125
0.928
0.913625
0.921625
0.92025
0.9183125
0.9355625
0.9151875
0.9104375
0.909125
0.9255625
0.9725
0.9805
1.0169375
1.042625
1.0330625
1.0459375
1.002875
0.9365
0.91125
0.8950625
0.9128125
0.943375
0.9316875
0.9045
0.8856875
0.87925
0.9139375
1.0006875
1.06025
1.111375
1.1500625
1.096
1.06975
1.0353125
0.9743125
0.9636875
0.9426875
0.9294375
0.9541875
0.9765625
0.99475
1.0145625
0.9854375
0.9774375
0.9421875
0.906125
0.9078125
0.8641875
0.8784375
0.92025
0.973
1.050625
1.0911875
1.0735625
1.013
0.954125
0.8814375
0.8433125
0.829375
0.822
0.8391875
0.860125
0.8810625
0.8810625
0.8876875
0.87725
0.8668125
0.895625
0.917375
0.9575
1.0030625
1.002375
0.977
0.9320625
0.897375
0.8850625
0.8998125
0.9326875
0.92875
0.9098125
0.8953125
0.86725
0.879
0.9054375
0.927375
0.9553125
0.9645625
0.991875
0.9915625
0.989
0.9763125
0.921375
0.884625
0.871875
0.8606875
0.890625
0.9473125
0.9605
0.98225
0.9691875
0.9169375
0.8980625
0.9248125
1.0068125
1.1190625
1.2353125
1.2611875
1.201875
1.108
0.9954375
0.92675
0.9019375
0.917125
0.9134375
0.915375
0.923625
0.911875
0.9451875
0.9779375
1.0209375
1.0439375
1.0266875
1.0205
0.975125
0.94975
0.9415
0.8946875
0.89375
0.8904375
0.9095
0.9599375
0.9955625
1.0559375
1.0633125
1.0545625
1.0115625
0.931375
0.9035625
0.888125
0.8985
0.9236875
0.913625
0.8916875
0.870625
0.8413125
0.81725
0.803125
0.834625
0.8774375
0.9315625
0.9833125
0.9438125
0.92125
0.8925625
0.8630625
0.8991875
0.8953125
0.8951875
0.920875
0.912
0.923125
0.941125
0.9146875
0.902125
0.8895625
0.8611875
0.8560625
0.866875
0.8776875
0.905
0.928875
0.9175
0.95175
0.9734375
0.985
1.0165625
1.0025
1.0160625
1.049125
1.0821875
1.0938125
1.0579375
1.0003125
0.9638125
0.9245625
0.9370625
0.98075
0.991125
1.0256875
1.006
0.967125
0.9315
0.89675
0.915375
0.917875
0.956875
1.0216875
1.05225
1.1445625
1.179375
1.156875
1.127125
1.0150625
0.9353125
0.934875
0.94925
1.0189375
1.08625
1.0678125
1.0418125
0.9971875
0.961125
0.9991875
1.0695
1.11225
1.1355
1.0736875
0.9738125
0.9290625
0.91375
0.9688125
1.02525
1.0241875
0.9885
0.9560625
0.9395625
0.95625
0.9890625
0.9515
0.90675
0.8765625
0.846375
0.868625
0.917625
0.97575
1.053875
1.1243125
1.19575
1.194625
1.199125
1.2161875
1.1818125
1.21725
1.178375
1.1034375
1.03675
0.9216875
0.8673125
0.8599375
0.916875
0.998875
1.0810625
1.13975
1.106375
1.0681875
0.993625
0.8955625
0.845625
0.8026875
0.787
0.7971875
0.81
0.8249375
0.84575
0.8641875
0.89425
0.9139375
0.9433125
0.9926875
1.005
1.0500625
1.0650625
1.0455
1.0446875
1.0074375
0.9855
0.9726875
0.964625
0.9459375
0.90425
0.8921875
0.8863125
0.90075
0.9534375
0.9764375
0.97925
0.978875
0.94025
0.893625
0.87025
0.8525
0.8499375
0.852625
0.835125
0.8126875
0.813375
0.8476875
0.8905625
0.944875
0.985
0.986
0.9955625
1.0025625
0.988625
0.9768125
0.9720625
0.9626875
0.972625
0.99725
0.9796875
0.940875
0.88775
0.8405
0.846375
0.8985
0.988125
1.0680625
1.0941875
1.0813125
1.026625
0.9831875
0.9700625
0.997875
1.052
1.0778125
1.09975
1.0665625
1.010875
0.98825
0.9726875
0.960375
0.950125
0.906125
0.8715625
0.907375
0.9619375
1.03825
1.123375
1.114875
1.085375
1.052625
0.9545
0.9105625
0.8821875
0.871625
0.8971875
0.9065
0.9385625
0.95025
0.985375
1.0325
1.023
1.0455625
1.0361875
1.025875
1.069
1.037
1.0328125
1.0175625
0.9585625
0.9460625
0.896625
0.8531875
0.8514375
0.872125
0.92275
0.975875
0.9941875
0.962625
0.945875
0.9330625
0.9223125
0.941375
0.9305
0.9070625
0.9025
0.8946875
0.902
0.9178125
0.9484375
0.983625
1.0036875
1.0254375
1.0159375
0.9940625
0.9651875
0.939125
0.90325
0.8936875
0.9174375
0.93625
0.97375
0.9820625
0.9474375
0.9156875
0.8839375
0.87975
0.897375
0.90875
0.9424375
0.9345625
0.9770625
1.01725
1.01825
1.0674375
1.02775
0.9986875
0.9810625
0.9235625
0.926375
0.9644375
1.0165
1.0778125
1.1196875
1.0724375
1.0280625
0.998375
0.942125
0.937625
0.92925
0.909
0.9176875
0.9233125
0.9394375
0.9581875
0.9745625
1.015125
0.992875
0.9816875
0.9891875
0.956875
0.973875
0.9705625
0.9755
0.985125
0.98475
0.996875
0.9525625
0.9215625
0.9201875
0.9156875
0.9456875
0.9933125
1.0125625
1.033375
1.036625
1.021
1.017125
1.020375
1.0358125
1.026625
0.9815
0.9245
0.858875
0.8245625
0.8194375
0.8190625
0.83325
0.8341875
0.842875
0.87025
0.8873125
0.9098125
0.939375
0.9363125
0.9603125
1.011875
1.0290625
1.0554375
1.045375
0.9801875
0.9335
0.913875
0.9458125
1.01425
1.093875
1.128875
1.0995
1.057
0.9850625
0.932375
0.8926875
0.8524375
0.83
0.818875
0.822125
0.85125
0.904125
0.9411875
1.01825
1.0730625
1.09
1.136875
1.1176875
1.099625
1.0920625
1.042125
1.003
0.965
0.935625
0.923875
0.967375
0.9971875
1.0166875
1.0609375
1.0183125
0.9796875
0.9720625
0.9268125
0.928
0.983375
0.995
1.01475
1.0564375
1.0158125
0.9936875
1.0266875
1.06225
1.131
1.19175
1.1565
1.055875
0.9775
0.9104375
0.8906875
0.9070625
0.9005
0.89175
0.88675
0.8916875
0.9008125
0.932375
0.982
1.0181875
1.08
1.121875
1.1215
1.156625
1.1205
1.061625
1.0208125
0.92775
0.88925
0.8819375
0.8776875
0.920375
0.944375
0.945125
0.954125
0.9656875
1.0065
1.05875
1.11625
1.103625
1.058
1.009
0.927
0.9129375
0.91575
0.9390625
0.99125
1.023
1.0428125
1.047375
1.055125
1.036
1.034
1.024625
0.990125
0.978375
0.9770625
0.9825625
0.9896875
0.9990625
0.9894375
0.979625
1.02875
1.077875
1.096375
1.1015625
1.013125
0.9363125
0.9093125
0.88475
0.9058125
0.905875
0.88675
0.887125
0.9150625
0.9508125
0.9751875
1.0031875
1.0216875
1.064125
1.121375
1.1629375
1.13775
1.0701875
0.9961875
0.9268125
0.908375
0.9108125
0.91625
0.89625
0.8748125
0.8739375
0.8865625
0.9316875
0.976
0.98175
0.9795
0.96825
0.9539375
0.9524375
0.94125
0.92075
0.9055625
0.90275
0.9064375
0.9646875
1.0415
1.1005
1.139625
1.1150625
1.073875
1.064375
1.0676875
1.0666875
1.064875
1.0191875
0.9836875
0.9708125
0.9261875
0.9019375
0.8644375
0.842375
0.8486875
0.8589375
0.884125
0.8716875
0.8600625
0.8469375
0.827125
0.85425
0.87975
0.904375
0.9445
0.9810625
1.03925
1.0965625
1.1329375
1.123375
1.093
1.0876875
1.0798125
1.0953125
1.1364375
1.15675
1.1815
1.2035
1.15425
1.0716875
1.0079375
0.9319375
0.92575
0.9794375
0.9939375
1.02975
1.014125
0.9379375
0.9118125
0.8753125
0.87
0.944
0.9664375
1.0140625
1.056875
1.0105625
0.9955
0.945625
0.9048125
0.8961875
0.895875
0.902125
0.937625
1.0005625
1.0745625
1.1785625
1.197125
1.1795625
1.0899375
0.9821875
0.949
0.95775
1.029875
1.0971875
1.134875
1.123375
1.0999375
1.05575
0.99825
0.9925
0.9598125
0.966
0.9838125
0.9550625
0.9946875
1.0235625
1.0619375
1.1330625
1.1396875
1.1378125
1.1240625
1.0984375
1.0641875
1.017
0.9993125
0.9716875
0.969875
0.9996875
1.0146875
1.0270625
1.0379375
1.0160625
0.9645
0.923375
0.9111875
0.90825
0.922
0.9519375
0.9363125
0.954375
0.977875
0.983
1.0105
1.0148125
1.019125
1.0071875
0.9833125
0.9370625
0.896
0.87125
0.9006875
0.93975
0.99075
1.044125
1.0304375
1.026125
1.0065625
0.9948125
0.9803125
1.01225
1.0233125
1.03725
1.0808125
1.03775
1.0085
0.949375
0.8845625
0.8545
0.8385625
0.844875
0.867375
0.8953125
0.9329375
0.97225
1.020125
1.0765625
1.0876875
1.1104375
1.08725
1.0925625
1.147875
1.171125
1.21275
1.190375
1.1174375
1.05475
0.995125
0.964875
0.989125
1.041125
1.072
1.0793125
1.040625
0.9620625
0.904625
0.8691875
0.8518125
0.8441875
0.8365625
0.832375
0.8233125
0.8303125
0.84625
0.88025
0.925375
1.0026875
1.05975
1.071625
1.0779375
0.9981875
0.9596875
0.9361875
0.9290625
0.995125
1.012625
1.0685625
1.0924375
1.0823125
1.0870625
1.033625
0.9951875
0.9475
0.8975625
0.8751875
0.86875
0.89675
0.9315625
0.9715625
0.9815
0.9760625
0.997375
1.0294375
1.0934375
1.127375
1.130375
1.1174375
1.0698125
1.0534375
1.01625
0.9555625
0.913125
0.8583125
0.8438125
0.88275
0.943125
1.0348125
1.115375
1.1393125
1.13775
1.0915625
1.024
1.0009375
0.9770625
0.9795
0.9911875
0.9715625
0.9330625
0.8850625
0.8435
0.8325625
0.845375
0.8625
0.8825625
0.8640625
0.8695625
0.879625
0.9124375
0.974375
1.0054375
1.0350625
1.0155
1.003875
1.0034375
0.9960625
1.012875
0.9890625
0.9383125
0.9108125
0.88025
0.876375
0.9175625
0.93625
0.9821875
1.0225
1.01825
1.0006875
0.9578125
0.930875
0.92925
0.9446875
0.9381875
0.908375
0.8699375
0.8343125
0.849
0.8935
0.94275
0.9771875
0.984375
0.9845
0.9931875
1.0611875
1.105
1.1106875
1.0961875
1.01225
0.9725
0.986125
1.0144375
1.056125
1.0625625
1.0195
0.97425
0.9218125
0.8888125
0.8961875
0.9474375
1.03175
1.108125
1.1500625
1.11775
1.0689375
1.015625
0.9706875
0.939125
0.891
0.863125
0.852
0.857
0.8694375
0.8809375
0.879875
0.906375
0.94375
0.977625
1.033625
1.0396875
1.0403125
1.0258125
0.9748125
0.9379375
0.90275
0.87625
0.8693125
0.897875
0.935375
0.950625
0.9916875
1.0013125
1.00225
1.0699375
1.083375
1.0861875
1.09325
1.0090625
0.9500625
0.919375
0.8815
0.886875
0.913125
0.9080625
0.9011875
0.9446875
0.9991875
1.090625
1.18725
1.195
1.17325
1.112375
1.049125
1.0301875
0.9898125
0.968625
0.97975
0.9878125
0.993125
1.0200625
1.0136875
0.996
1.003375
0.966875
0.915
0.8764375
0.8548125
0.8640625
0.8951875
0.9325
0.9380625
0.9286875
0.9161875
0.89175
0.8765
0.868375
0.848625
0.8470625
0.855
0.8853125
0.9303125
0.9646875
0.9865
0.98825
1.0145
1.0335
1.0685625
1.076625
1.0343125
0.9950625
0.9393125
0.90825
0.89525
0.8700625
0.8570625
0.8664375
0.889125
0.942625
0.9905
0.996
0.9895625
0.942375
0.9188125
0.9121875
0.9279375
0.9573125
0.9525625
0.9739375
0.9513125
0.937875
0.9476875
0.9144375
0.9121875
0.9358125
0.926
0.933125
0.93425
0.8935625
0.87525
0.8685
0.8541875
0.845375
0.844125
0.837125
0.83925
0.8680625
0.8810625
0.89925
0.9366875
0.9419375
0.9585
0.951
0.9026875
0.869625
0.8420625
0.830625
0.8615
0.892375
0.9053125
0.91825
0.9065625
0.8994375
0.9225
0.9655625
0.9885625
1.0215625
1.0191875
0.999125
1.0199375
1.0273125
1.04075
1.03475
1.0183125
1.02525
1.041375
1.0694375
1.0734375
1.0273125
0.982875
0.943625
0.9121875
0.88725
0.8646875
0.8696875
0.8805
0.9185
0.9656875
0.973875
0.9876875
1.0045
0.9886875
0.965125
0.942875
0.895
0.89
0.92725
0.9731875
1.0334375
1.05075
1.025875
0.9738125
0.9176875
0.8800625
0.859875
0.8480625
0.8853125
0.9230625
1.0089375
1.119875
1.164625
1.227875
1.2190625
1.17725
1.1326875
1.0451875
0.9633125
0.9139375
0.8856875
0.886375
0.9281875
0.932
0.9428125
0.9526875
0.9445
0.950125
0.950125
0.93775
0.9223125
0.939625
0.9570625
1.0286875
1.076125
1.073625
1.0805
1.01725
0.9829375
0.9666875
0.942625
0.94425
0.936375
0.9328125
0.9238125
0.89675
0.871375
0.8674375
0.8665625
0.8763125
0.8921875
0.8643125
0.8388125
0.818
0.8030625
0.8151875
0.826625
0.842
0.8449375
0.843125
0.8906875
0.935875
0.9783125
1.016
0.957
0.9255625
0.906625
0.9380625
1.0474375
1.1216875
1.20425
1.201
1.16025
1.1070625
1.0201875
0.9735
0.9355
0.92225
0.924875
0.9229375
0.9229375
0.9143125
0.9113125
0.9205625
0.930125
0.9883125
1.045
1.0863125
1.115375
1.0740625
1.0551875
1.043125
1.0204375
1.0085625
0.9691875
0.9306875
0.9179375
0.923375
0.910625
0.914
0.9056875
0.8830625
0.9051875
0.89425
0.8973125
0.922625
0.9255625
0.991875
1.0571875
1.12225
1.1884375
1.2081875
1.2128125
1.2139375
1.1975625
1.1403125
1.1020625
1.0498125
1.008375
1.00825
0.98525
0.9565
0.935
0.9130625
0.8931875
0.885125
0.8830625
0.903375
0.9393125
0.99125
1.0269375
1.02125
1.0124375
0.9825
0.95875
0.9654375
0.9580625
0.935125
0.9145625
0.8625625
0.8480625
0.8539375
0.8598125
0.91325
0.9159375
0.92325
0.929875
0.9055625
0.9254375
0.986125
1.056
1.1050625
1.15975
1.1240625
1.079875
1.081
1.010875
1.0025
1.0343125
1.023875
1.0590625
1.0589375
0.9971875
0.984125
0.98
1.002875
1.0199375
1.0060625
0.9985
1.024
1.0806875
1.1621875
1.220375
1.1975
1.17525
1.0835625
1.011375
0.973125
0.9225
0.9498125
0.942875
0.963
1.015625
1.0189375
1.0411875
1.022625
0.98125
0.9966875
1.016
1.06075
1.0794375
1.037375
0.999625
0.9785625
0.9864375
0.9945
0.9906875
0.9571875
0.919375
0.9330625
0.9766875
1.0535
1.147
1.1815
1.19475
1.1336875
1.0331875
0.971125
0.88375
0.868125
0.8756875
0.876125
0.931375
0.9483125
0.9724375
1.0104375
1.01025
1.04475
1.067
1.0546875
1.0275625
0.965375
0.9268125
0.9134375
0.9224375
0.9470625
0.955625
0.9725
0.9909375
1.0016875
1.0015
0.9683125
0.93525
0.9144375
0.8820625
0.8886875
0.8896875
0.9018125
0.9298125
0.9285625
0.93975
0.9193125
0.9130625
0.9318125
0.9420625
0.96
0.957625
0.915
0.8945
0.8853125
0.8915
0.9476875
0.972875
1.0136875
1.0633125
1.06375
1.059125
1.0225625
0.9511875
0.901625
0.8604375
0.8279375
0.8163125
0.8103125
0.816125
0.8265
0.855125
0.9019375
0.94225
0.987125
1.0385
1.066125
1.1344375
1.2013125
1.221125
1.228
1.1496875
1.06825
0.9849375
0.90975
0.8784375
0.84375
0.8538125
0.8725625
0.9121875
0.9775625
1.004625
1.055125
1.0898125
1.0793125
1.0888125
1.05
0.9828125
0.957875
0.926
0.91575
0.9296875
0.900875
0.8934375
0.8885
0.9291875
0.98925
1.0103125
1.036
0.979375
0.94975
0.937625
0.9115625
0.910875
0.887125
0.916
0.9564375
1.019125
1.0618125
1.0149375
0.9704375
0.915
0.901875
0.929625
0.9456875
0.98075
1.0168125
1.068125
1.1350625
1.160875
1.115375
1.08025
1.05475
1.0735
1.1395625
1.1429375
1.0966875
1.0249375
0.9578125
0.916125
0.928125
0.9245
0.93475
0.9596875
0.9415625
0.934875
0.8916875
0.8665625
0.866875
0.8994375
0.969375
0.9946875
1.01
0.9783125
0.9178125
0.8879375
0.86175
0.8664375
0.88125
0.9053125
0.9294375
0.935625
0.9301875
0.9148125
0.92525
0.9544375
1.006875
1.0709375
1.08275
1.081375
1.0645625
0.98325
0.9598125
0.9554375
0.9776875
1.046375
1.1025
1.1288125
1.1289375
1.1384375
1.0811875
1.05175
1.022625
0.984125
0.997375
0.987625
0.965
0.956125
0.9489375
0.964875
0.99675
0.9901875
0.9795625
0.938
0.9001875
0.8894375
0.8695
0.8835
0.912375
0.9443125
0.9878125
0.9914375
0.948875
0.8954375
0.8389375
0.830625
0.849875
0.883125
0.9386875
0.94725
0.9745
0.9815625
0.964
0.96875
0.9548125
0.97975
0.987875
0.996
1.00775
0.976625
0.9824375
1.0069375
1.003125
1.0225
1.005375
0.9784375
1.006125
1.0186875
1.055375
1.0743125
1.033375
1.015625
0.987
0.976125
0.9975625
1.00675
1.0425
1.0579375
1.0761875
1.061125
1.00925
0.961625
0.9088125
0.8859375
0.8894375
0.9368125
1.0013125
1.067375
1.1118125
1.0739375
1.001375
0.9256875
0.8605
0.837875
0.825
0.8215
0.837875
0.858
0.886625
0.9206875
0.9165625
0.93025
0.9448125
0.9730625
1.019375
1.0766875
1.13325
1.122
1.129
1.0660625
1.0023125
0.971625
0.9065
0.89275
0.8976875
0.9135
0.9649375
0.9940625
1.008125
1.04025
1.0270625
1.0205
0.9849375
0.9125625
0.8773125
0.855375
0.8673125
0.9095
0.9376875
0.946375
0.9380625
0.892125
0.844875
0.819875
0.8073125
0.8290625
0.8531875
0.854
0.8554375
0.836625
0.8273125
0.855375
0.8710625
0.902
0.9219375
0.9103125
0.925
0.9271875
0.9409375
0.9501875
0.93
0.933
0.9251875
0.9413125
0.9831875
1.037625
1.10975
1.174125
1.2013125
1.1525625
1.074
0.9933125
0.9560625
0.9821875
1.0388125
1.0886875
1.0996875
1.0865625
1.0390625
0.99075
0.957
0.919125
0.8995
0.872625
0.849
0.8438125
0.8364375
0.837125
0.84875
0.8760625
0.955125
1.0375625
1.101375
1.1148125
1.0550625
0.9870625
0.9228125
0.886125
0.8689375
0.871625
0.88675
0.8995
0.921125
0.9195
0.900875
0.887875
0.8564375
0.8596875
0.87925
0.8946875
0.91925
0.9230625
0.92325
0.9251875
0.9536875
1.0031875
1.06375
1.1234375
1.1385
1.08225
0.99175
0.900375
0.854875
0.860625
0.898875
0.958
0.97475
1.0149375
1.0505
1.04525
1.060875
1.023125
0.945875
0.8984375
0.84925
0.845875
0.88475
0.903375
0.9415625
0.9398125
0.934
0.9476875
0.9325625
0.94425
0.948375
0.961375
0.9959375
1.0185
1.0258125
1.017875
0.9776875
0.9443125
0.933875
0.89825
0.900375
0.9016875
0.902875
0.947625
0.9601875
0.9969375
1.01
0.978625
0.9668125
0.92275
0.8956875
0.900625
0.89525
0.9029375
0.9058125
0.900875
0.923875
0.941875
0.9660625
1.0055
1.0070625
0.9875
0.9665
0.931375
0.927
0.959875
1.016125
1.0590625
1.064125
1.0416875
0.970875
0.90025
0.87575
0.8548125
0.8556875
0.89275
0.9143125
0.9519375
0.9951875
1.03875
1.052625
1.0986875
1.16175
1.1546875
1.1643125
1.0960625
0.9864375
0.931
0.8895625
0.8765625
0.908875
0.9451875
0.9613125
1.0059375
1.0221875
1.0039375
1.000375
0.9640625
0.908875
0.8740625
0.841375
0.8388125
0.8713125
0.90775
0.9549375
0.98525
1.01575
1.04475
1.042125
1.026125
0.98225
0.941375
0.91075
0.8893125
0.8773125
0.86525
0.87975
0.917875
0.96225
0.9911875
1.0020625
0.996875
0.99725
1.0175
1.0305
1.0134375
0.994625
0.962375
0.9190625
0.9024375
0.8934375
0.8905
0.9035
0.9343125
0.9536875
0.9689375
0.9828125
0.9825
0.959125
0.946125
0.951375
0.936125
0.95175
0.9606875
0.9266875
0.9264375
0.9105625
0.91325
0.9495625
0.9514375
0.963375
0.92975
0.901375
0.885
0.8719375
0.9089375
0.9191875
0.9358125
0.962125
0.949
0.9413125
0.960375
0.949375
0.9766875
1.0353125
1.0396875
1.072375
1.05275
1.0160625
1.004375
0.976625
1.00875
1.0344375
1.062625
1.0854375
1.0593125
1.025625
0.98875
0.96775
0.9619375
0.967875
1.00275
1.0135625
1.028625
1.0205
0.981625
0.98
0.97275
0.9793125
0.9676875
0.9338125
0.9293125
0.927625
0.9718125
1.0023125
0.9844375
0.979875
0.9468125
0.921
0.9405
0.94525
0.958875
0.991
0.980875
0.969
0.934125
0.925375
0.9653125
1.0358125
1.1245625
1.17625
1.16975
1.1140625
1.0868125
1.0139375
0.9716875
0.96975
0.917875
0.9125
0.907125
0.8936875
0.925
0.9706875
1.016375
1.02675
0.9880625
0.918
0.8479375
0.8293125
0.8334375
0.8545625
0.89875
0.91875
0.96575
1.0385625
1.06525
1.0684375
1.0294375
0.933125
0.8605625
0.81475
0.784125
0.784125
0.7866875
0.785125
0.7875
0.8140625
0.8334375
0.8736875
0.937
0.9519375
0.9793125
0.9643125
0.9338125
0.936
0.9211875
0.95225
0.9681875
0.967125
0.977625
0.9710625
0.979625
1.01975
1.081
1.105875
1.115625
1.0870625
1.010125
0.9896875
0.9779375
0.9978125
1.0470625
1.0455625
1.0218125
0.96575
0.9193125
0.906
0.9114375
0.9361875
0.946125
0.9390625
0.934375
0.9453125
0.93625
0.934375
0.9400625
0.923375
0.93525
0.9703125
0.9895625
1.008
1.01825
1.005
1.00825
1.018
1.0184375
1.004125
0.9815625
0.932
0.889
0.85675
0.8193125
0.8089375
0.830875
0.858
0.8903125
0.9425625
0.93425
0.950125
0.9901875
0.9865
1.0254375
1.032125
0.9913125
0.9910625
0.9690625
0.939
0.9365625
0.892625
0.87925
0.8874375
0.886125
0.91475
0.9025625
0.8995
0.89925
0.8854375
0.891625
0.8686875
0.8559375
0.8585625
0.858125
0.86375
0.876125
0.879125
0.8874375
0.9234375
0.9705
1.009
1.043
1.049875
0.9855
0.9305625
0.886125
0.838375
0.837125
0.8430625
0.857875
0.8955625
0.9556875
0.9996875
1.00425
0.9971875
0.9395625
0.89
0.8903125
0.9031875
0.9455625
0.99225
0.9999375
0.9950625
0.98875
0.981125
0.97425
0.9514375
0.9254375
0.8968125
0.901
0.9168125
0.935
0.965375
0.9916875
1.0214375
1.0535625
1.052875
1.0085
0.965
0.923875
0.922125
0.9251875
0.933
0.9555
0.9440625
0.9784375
1.030875
1.062
1.10275
1.09125
1.029375
0.9470625
0.8910625
0.8705625
0.92325
1.0224375
1.1005
1.21075
1.275375
1.2998125
1.304
1.2273125
1.1291875
1.038875
0.976125
0.948625
0.9175625
0.8994375
0.865
0.85575
0.8965
0.948875
1.0110625
1.03325
1.00625
0.9640625
0.9258125
0.9531875
1.00475
1.0304375
1.046625
0.993875
0.9634375
0.957
0.9605
0.981125
0.9625625
0.9753125
0.974625
0.964
0.9656875
0.927875
0.906125
0.898125
0.8914375
0.8835
0.8853125
0.908
0.9363125
0.9885
1.0008125
0.9985
0.99075
0.96925
0.9709375
0.96875
0.995
1.02125
1.043375
1.091125
1.090375
1.0873125
1.0980625
1.043
1.016625
0.978
0.9448125
0.9650625
0.975
0.991
0.96375
0.9045625
0.8583125
0.82125
0.8230625
0.8444375
0.858
0.8919375
0.9104375
0.9483125
1.0014375
1.0156875
1.0259375
1.022375
0.979
0.9981875
1.0336875
1.040625
1.0709375
1.0085
0.9563125
0.9255625
0.895625
0.924625
0.91925
0.9309375
0.9890625
1.0276875
1.1009375
1.141875
1.0899375
1.0465625
0.9575
0.88775
0.86525
0.858875
0.905875
0.937875
1.0146875
1.0678125
1.07525
1.0943125
1.022125
0.9489375
0.89475
0.8525625
0.8746875
0.905375
0.9329375
0.96375
0.956375
0.95375
0.9488125
0.9044375
0.9015
0.8890625
0.88725
0.90725
0.9041875
0.927
0.936375
0.9474375
0.9365625
0.8834375
0.8470625
0.813625
0.8063125
0.8286875
0.837125
0.845
0.8498125
0.8456875
0.867
0.8946875
0.9435
0.9896875
1.0013125
0.9959375
0.95375
0.91025
0.87675
0.8721875
0.8748125
0.88175
0.938
0.9511875
0.972875
0.990625
0.915625
0.88675
0.8609375
0.88775
0.973125
1.0130625
1.0660625
1.02475
0.9655625
0.9498125
0.910375
0.92175
0.93875
0.9211875
0.922625
0.918875
0.917625
0.93325
0.93975
0.94025
0.9599375
0.972875
0.9659375
0.9658125
0.9468125
0.93075
0.9461875
1.0064375
1.053
1.092875
1.100125
1.03225
0.988375
0.954
0.9383125
0.9329375
0.897
0.863875
0.8389375
0.8585625
0.9125625
0.953125
0.9773125
0.9546875
0.92825
0.9220625
0.921
0.9405
0.942125
0.9228125
0.9338125
0.9465625
0.9438125
0.950875
0.907375
0.862125
0.8405
0.8260625
0.8551875
0.882125
0.9065
0.913875
0.901
0.8994375
0.9210625
0.97275
1.0033125
1.025875
1.0494375
1.05075
1.1188125
1.18975
1.192625
1.1848125
1.08575
0.9835625
0.92525
0.8681875
0.8621875
0.8699375
0.8785625
0.920125
0.9508125
0.9910625
1.0313125
1.026125
1.026375
0.9624375
0.9074375
0.8985625
0.913875
0.96225
1.008875
1.0124375
0.9761875
0.978375
0.97725
1.0236875
1.0971875
1.1125
1.1048125
1.0505625
0.96575
0.906125
0.8695
0.8485
0.8426875
0.83925
0.832375
0.8245625
0.8323125
0.850625
0.8833125
0.924625
0.9505
0.9568125
0.9483125
0.9514375
0.9545
0.967375
0.9594375
0.9120625
0.864625
0.8325
0.819625
0.832625
0.852625
0.8679375
0.9083125
0.94325
0.995125
1.0131875
0.98425
1.0070625
0.9868125
0.98375
1.015125
0.97975
0.9705
0.9640625
0.95925
0.941875
0.9375625
0.935625
0.8991875
0.8964375
0.8614375
0.853
0.87275
0.898375
0.940125
0.9363125
0.91775
0.903625
0.9095
0.953375
1.0064375
1.02925
1.0331875
1.0100625
1.0161875
1.079375
1.1195
1.1485
1.120875
1.0050625
0.912
0.846375
0.8276875
0.859375
0.8991875
0.9225
0.913375
0.9073125
0.8803125
0.88575
0.8953125
0.914
0.9531875
0.9681875
0.990375
0.998
0.996875
0.9738125
0.9791875
0.9693125
0.9630625
1.0251875
1.041125
1.0875625
1.1268125
1.0829375
1.04875
1.006875
0.98825
0.99825
1.022625
1.0360625
1.0515
1.07175
1.0900625
1.0875625
1.063625
1.05425
1.056625
1.0993125
1.094
1.0845625
1.044625
0.9724375
0.9558125
0.9248125
0.900125
0.89675
0.8815
0.8726875
0.872
0.8618125
0.8750625
0.8778125
0.89075
0.907125
0.889125
0.894375
0.9273125
0.9798125
1.05175
1.10275
1.0921875
1.045125
0.9849375
0.9793125
1.00125
1.0370625
1.081
1.0536875
1.04475
1.0436875
1.041875
1.0656875
1.031
0.992375
0.9738125
0.9404375
0.9325
0.9245625
0.88675
0.8555
0.844375
0.8485
0.860125
0.88825
0.901625
0.8888125
0.8875625
0.872875
0.8741875
0.9035625
0.9366875
0.9741875
0.9921875
0.968375
0.9373125
0.907875
0.886625
0.9124375
0.931
0.9535
0.988875
0.9810625
0.960625
0.954875
0.9511875
0.97
1.0446875
1.121375
1.1593125
1.200125
1.1520625
1.0345625
0.95025
0.852875
0.82725
0.852
0.8641875
0.9079375
0.908625
0.9069375
0.9091875
0.866
0.851375
0.8421875
0.8621875
0.912125
0.9449375
0.9720625
0.9674375
0.9509375
0.943875
0.9404375
0.921375
0.921875
0.9295625
0.92225
0.944875
0.95725
0.9580625
0.9935625
1.002
1.0043125
1.0503125
1.0524375
1.093
1.138875
1.0965625
1.0735
1.03
0.9635625
0.968625
1.02325
1.0494375
1.0936875
1.0985
1.0296875
0.9874375
0.945875
0.9150625
0.8953125
0.8779375
0.8558125
0.838875
0.8365
0.8504375
0.889125
0.927
0.9755625
1.0109375
1.0039375
1.004
1.0014375
0.987875
1.0038125
1.016625
0.994125
0.977125
0.94825
0.9288125
0.9396875
0.931875
0.93425
0.908375
0.884875
0.8809375
0.8653125
0.8646875
0.8743125
0.879125
0.9151875
0.952625
0.974375
1.0000625
0.9765625
0.965625
0.9335625
0.9045625
0.8989375
0.866125
0.87675
0.89325
0.911375
0.935625
0.9394375
0.945375
0.95525
0.976
0.967625
0.933625
0.91125
0.9058125
0.9315625
0.985125
1.0211875
1.0224375
1.0411875
1.0521875
1.04125
1.0399375
1.0171875
0.980875
0.9706875
0.962625
0.9291875
0.884625
0.8645625
0.8558125
0.8746875
0.9158125
0.90725
0.886125
0.88225
0.8953125
0.9706875
1.050375
1.111875
1.1385625
1.107
1.07975
1.028125
1.03175
1.02675
1.0345625
1.0654375
1.011125
1.002625
0.9523125
0.902
0.91425
0.887375
0.896125
0.904875
0.87475
0.8655
0.8419375
0.8261875
0.8390625
0.8501875
0.8684375
0.874125
0.89125
0.9144375
0.9258125
0.9428125
0.9408125
0.927625
0.921625
0.933875
0.918875
0.9563125
0.9915625
1.01525
1.0968125
1.1319375
1.170125
1.1731875
1.1189375
1.0245
0.9300625
0.868625
0.8415625
0.8581875
0.8965625
0.9240625
0.943875
0.9598125
0.9329375
0.9169375
0.9009375
0.8759375
0.8833125
0.8845625
0.8824375
0.888125
0.8705
0.871125
0.894125
0.92925
0.9955625
1.0271875
1.01325
0.99925
0.9499375
0.9101875
0.9045625
0.8751875
0.8619375
0.878625
0.9025625
0.942875
0.988375
1.0190625
1.0149375
0.9960625
0.966
0.8984375
0.8594375
0.8626875
0.87275
0.935125
0.9858125
1.0239375
1.0888125
1.1165
1.1875
1.2109375
1.1878125
1.1825
1.089
1.0080625
0.9831875
0.9525625
0.9965
1.0558125
1.0300625
1.0070625
0.941875
0.8891875
0.9144375
0.93425
0.9663125
0.9874375
0.97525
0.984625
1.0378125
1.11
1.1699375
1.197625
1.1634375
1.087875
1.0380625
1.004375
0.9655625
0.962625
0.9584375
0.9784375
1.0243125
1.0566875
1.0580625
1.0119375
0.9695625
0.9136875
0.8986875
0.907
0.909875
0.9219375
0.8965
0.8710625
0.848
0.828375
0.819
0.8176875
0.8241875
0.8771875
0.94175
1.016875
1.0835
1.0643125
1.0631875
1.01675
0.96625
0.9559375
0.90425
0.8873125
0.8805625
0.8895
0.9634375
1.0289375
1.1035625
1.1499375
1.1145
1.090875
1.0335625
0.9989375
0.992
0.953625
0.9335
0.9056875
0.8880625
0.889625
0.89725
0.87825
0.8560625
0.836375
0.8110625
0.813
0.838375
0.866375
0.9100625
0.9668125
1.006125
1.0368125
1.05225
1.0354375
1.0088125
1.03125
1.0548125
1.140125
1.2124375
1.2029375
1.180125
1.063
0.969
0.901125
0.8565
0.8690625
0.876
0.901
0.9225
0.927
0.9429375
0.9524375
0.9315625
0.92225
0.91425
0.94575
1.0409375
1.15725
1.24725
1.2714375
1.2143125
1.108
1.0130625
0.944875
0.9319375
0.9448125
0.9583125
0.97375
0.9766875
0.9988125
1.0241875
1.0679375
1.0870625
1.0661875
1.052875
0.973375
0.94375
0.97975
1.023
1.1343125
1.2105
1.21775
1.1901875
1.1393125
1.1035625
1.0899375
1.0939375
1.094875
1.057625
1.0004375
0.948875
0.884
0.8689375
0.875875
0.8795625
0.89575
0.87425
0.851
0.826875
0.8146875
0.8509375
0.896625
0.9655
1.0143125
1.005625
0.9798125
0.9063125
0.8935
0.90825
0.937
1.0165
1.0016875
0.98775
0.962125
0.9088125
0.94675
0.9838125
1.0490625
1.096625
1.0538125
1.02625
0.9565
0.9059375
0.89925
0.9068125
0.954875
1.0045625
1.10075
1.11875
1.1195625
1.1195625
1.0283125
0.9896875
0.932375
0.8759375
0.8703125
0.8650625
0.8750625
0.88875
0.919625
0.941
0.9515
0.9571875
0.9105625
0.88525
0.8824375
0.893375
0.95775
0.9988125
1.0660625
1.1234375
1.16375
1.2184375
1.2356875
1.2359375
1.2221875
1.18275
1.12525
1.069125
1.0095
0.9983125
0.9828125
1.028
1.0753125
1.0620625
1.0745625
1.01275
0.964625
0.959125
0.9464375
0.9635625
0.980125
0.991875
1.0035625
1.0325
1.0530625
1.077875
1.13325
1.1263125
1.143
1.1368125
1.0818125
1.1085625
1.096875
1.1046875
1.15675
1.1215
1.1161875
1.078625
0.989
0.9520625
0.91225
0.9020625
0.9250625
0.9605625
0.969
0.9876875
1.0108125
1.012125
1.0548125
1.0768125
1.0801875
1.0655
1.0284375
1.0025625
1.035625
1.098375
1.13875
1.1558125
1.1034375
1.0315625
0.9745
0.9505
0.9326875
0.952375
0.9871875
1.0125
1.044125
1.070625
1.13
1.153
1.1825625
1.14425
1.019875
0.9278125
0.84525
0.815125
0.830625
0.84375
0.866125
0.8934375
0.92075
0.9489375
0.939625
0.90325
0.866875
0.8563125
0.86775
0.9153125
0.9714375
0.9933125
1.0334375
1.042125
1.0345625
1.0145625
0.9601875
0.931
0.913375
0.9205
0.9435625
0.9761875
1.0458125
1.1035625
1.160375
1.1724375
1.143625
1.12975
1.1385
1.1436875
1.10325
1.058125
0.971625
0.9270625
0.932875
0.927
0.937
0.938125
0.92975
0.926875
0.93025
0.901375
0.878125
0.8664375
0.8430625
0.843875
0.8705
0.8993125
0.9566875
1.0149375
1.043125
1.0414375
1.020875
1.0033125
0.9925
1.0015625
0.986
0.9779375
0.9389375
0.89925
0.8854375
0.8493125
0.8459375
0.8449375
0.8415625
0.8525
0.85
0.8536875
0.8735
0.8899375
0.9176875
0.9483125
0.9666875
0.9816875
0.9988125
0.9845
0.9463125
0.928625
0.89975
0.9150625
0.9715
0.9854375
1.0061875
0.9985625
0.9698125
0.9749375
0.9761875
0.961625
0.931125
0.909
0.9153125
0.9498125
0.992
1.0004375
0.958125
0.9041875
0.8624375
0.833
0.829625
0.8296875
0.8449375
0.9095
0.9726875
1.031125
1.047375
0.989375
0.935125
0.9098125
0.9160625
0.9568125
0.9945
1.0294375
1.0715625
1.0875625
1.125875
1.1194375
1.0761875
1.0588125
1.0168125
0.984375
0.99725
1.0060625
1.002375
1.008625
0.9865
0.97825
1.0019375
1.0703125
1.1205
1.137
1.1195
1.02025
0.9505
0.9176875
0.923875
0.990375
1.090625
1.152
1.1848125
1.1731875
1.0750625
1.046
1.018375
1.0165625
1.106
1.107
1.1023125
1.1168125
1.0376875
0.9914375
0.9665625
0.910625
0.9250625
0.954875
0.962625
0.9806875
0.976375
0.96775
0.9709375
0.972125
0.9585
0.9371875
0.931375
0.9205
0.9161875
0.93
0.90675
0.90225
0.9251875
0.92025
0.9340625
0.9253125
0.8898125
0.8689375
0.875125
0.9235625
0.9764375
1.020125
1.022
0.9633125
0.9479375
0.948875
0.96175
1.015125
0.9988125
0.969125
0.944625
0.9099375
0.8940625
0.8815
0.8698125
0.846125
0.8276875
0.81975
0.8100625
0.8126875
0.8261875
0.8254375
0.8255625
0.873
0.9065
0.9515625
0.996625
0.9489375
0.9128125
0.8749375
0.84225
0.877625
0.9099375
0.9275
0.940125
0.9138125
0.8866875
0.8814375
0.8928125
0.908875
0.935125
0.9504375
0.9241875
0.9081875
0.8929375
0.889125
0.932375
0.984125
1.01225
1.0365
1.0175625
0.9860625
0.982875
0.95
0.954875
0.9845
0.9993125
1.055
1.1051875
1.115375
1.11075
1.07175
0.99375
0.93575
0.9035
0.900625
0.9305
0.965125
0.9938125
0.9840625
0.963125
0.9326875
0.896125
0.90775
0.934375
0.9880625
1.0283125
1.0239375
1.0075625
0.95175
0.9250625
0.9195
0.9086875
0.9309375
0.9409375
0.9785
1.0243125
1.0378125
1.049
1.0050625
1.0098125
1.031625
1.0553125
1.12525
1.1098125
1.10825
1.10175
1.0820625
1.090125
1.0878125
1.0674375
1.0415625
1.04575
1.0185
1.0115625
0.977375
0.9056875
0.8643125
0.8245625
0.86075
0.91375
0.968875
1.028375
1.021125
1.00825
1.0125625
1.0065
0.999875
0.9993125
0.9699375
0.946625
0.933
0.91525
0.9028125
0.9073125
0.92075
0.9445625
0.9546875
0.9283125
0.9180625
0.91825
0.925
0.9551875
0.95075
0.925125
0.9116875
0.886375
0.878875
0.86175
0.8398125
0.847375
0.864125
0.885625
0.9303125
0.9549375
0.985625
1.0465625
1.082875
1.0921875
1.091125
1.0505
0.9930625
0.959625
0.8954375
0.8693125
0.858375
0.8511875
0.8890625
0.8831875
0.8890625
0.911875
0.91875
0.9484375
0.9631875
0.934875
0.8905
0.8740625
0.867125
0.9074375
1.0016875
1.0445
1.0896875
1.0895625
1.023375
1.0036875
0.9834375
0.992875
1.026625
1.0243125
1.0065
0.9685
0.9100625
0.884375
0.8775625
0.882375
0.933125
0.9349375
0.9325625
0.9301875
0.8816875
0.8896875
0.88575
0.8818125
0.9060625
0.8843125
0.8796875
0.8833125
0.8838125
0.90375
0.9041875
0.9111875
0.9116875
0.906625
0.914875
0.896875
0.904625
0.9241875
0.987
1.057875
1.0788125
1.1080625
1.0460625
0.9876875
0.9844375
0.951375
1.0095625
1.0831875
1.1016875
1.1283125
1.082375
1.0048125
0.9709375
0.97075
0.987
1.0363125
1.0720625
1.054
1.054375
1.0153125
0.9541875
0.923375
0.8926875
0.8890625
0.9111875
0.9525625
0.967125
0.9721875
0.9664375
0.924625
0.9203125
0.94075
0.964875
1.0398125
1.0918125
1.1238125
1.1543125
1.106875
1.063625
1.00125
0.948375
0.951625
0.9624375
1.0000625
1.0258125
1.024875
1.0088125
0.9951875
1.0063125
1.0445
1.071125
1.077875
1.0415625
0.9630625
0.9028125
0.863375
0.8476875
0.8585625
0.86725
0.8425
0.8405625
0.841
0.875125
0.9331875
0.946625
0.9776875
0.9716875
0.9658125
1.008625
1.039
1.078875
1.1618125
1.2119375
1.2269375
1.22325
1.1291875
1.040375
0.97675
0.938875
0.96775
0.982875
1.0269375
1.0469375
1.0246875
1.0161875
0.9569375
0.9344375
0.95725
0.9800625
1.0481875
1.0706875
1.0609375
1.04025
0.9773125
0.937875
0.89125
0.8579375
0.8680625
0.87725
0.90975
0.9484375
0.9425
0.9370625
0.93075
0.9284375
0.9531875
0.973125
0.96975
0.940875
0.9110625
0.884125
0.8733125
0.88725
0.8896875
0.91075
0.93725
0.9519375
0.970375
0.9643125
0.947375
0.9104375
0.8856875
0.8599375
0.85575
0.877
0.88175
0.9406875
0.9665625
1.009125
1.0599375
1.02425
1.0263125
0.9986875
0.9793125
1.01475
1.0148125
1.0033125
1.0025625
0.9691875
0.9649375
1.0245625
1.0379375
1.0923125
1.113
1.04875
1.0148125
0.93625
0.8959375
0.9115
0.9231875
0.9571875
0.974375
0.9633125
0.975
1.01425
1.028875
1.0716875
1.0723125
1.017
0.984
0.9111875
0.8546875
0.827375
0.8161875
0.826125
0.8430625
0.8639375
0.8573125
0.8568125
0.8586875
0.8510625
0.8555
0.8791875
0.937625
1.009375
1.096125
1.1468125
1.1328125
1.098625
1.0245625
0.960875
0.89975
0.8585
0.890125
0.9285
0.9978125
1.0736875
1.05525
1.0300625
1.011875
0.98
0.99375
1.0033125
0.9926875
0.9785
0.9643125
0.968625
0.97825
0.9770625
0.9728125
0.9690625
0.94
0.9235
0.913125
0.9169375
0.9449375
0.968875
0.990625
0.961125
0.94325
0.9293125
0.95925
0.99175
1.001
1.016625
0.941875
0.89325
0.8601875
0.8368125
0.868
0.89375
0.9346875
0.938
0.931625
0.9354375
0.92125
0.9326875
0.9375625
0.9268125
0.8938125
0.862125
0.8450625
0.8605
0.90225
0.9309375
0.944125
0.9155
0.9155
0.9155
0.9155
