0.973125
0.973125
0.973125
0.973125
0.95875
1.084375
1.255625
1.353125
1.563125
1.594375
1.499375
1.330625
1.06
0.935625
0.921875
0.971875
1.066875
1.015
0.97625
1.03125
1.0875
1.26375
1.394375
1.4075
1.415
1.299375
1.133125
1.034375
0.99125
1.05625
1.145625
1.10875
0.975
0.8075
0.730625
0.83875
0.99375
1.193125
1.294375
1.303125
1.27875
1.24625
1.245625
1.245
1.309375
1.234375
1.179375
1.040625
0.84625
0.79
0.733125
0.75125
0.7925
0.778125
0.7025
0.688125
0.7125
0.79875
1.004375
1.10125
1.189375
1.220625
1.07875
1.089375
1.024375
0.98
1.065
1.05375
1.088125
1.119375
1.114375
1.035625
0.95625
0.95125
0.945
1.0125
1.114375
1.066875
1.030625
1.068125
1.0725
1.170625
1.236875
1.155625
1.113125
1.005625
0.955625
1.045
1.086875
1.240625
1.43625
1.50125
1.476875
1.399375
1.20875
1.051875
1.014375
0.90875
0.809375
0.771875
0.718125
0.7
0.761875
0.79125
0.8175
0.893125
0.87625
0.909375
0.919375
0.898125
0.969375
0.915625
0.903125
0.865625
0.781875
0.879375
0.939375
1.0925
1.2
1.203125
1.288125
1.3475
1.485625
1.519375
1.4425
1.22
0.946875
0.776875
0.6475
0.633125
0.615625
0.665625
0.720625
0.756875
0.7875
0.713125
0.70875
0.726875
0.848125
1.05875
1.2075
1.4275
1.525
1.559375
1.501875
1.340625
1.1925
1.01875
1.004375
0.96375
0.965
1.0425
0.96875
0.938125
0.92125
0.81
0.858125
0.956875
1.065625
1.25125
1.313125
1.27625
1.206875
1.165
1.125
1.1175
1.043125
0.90875
0.78625
0.685625
0.660625
0.590625
0.643125
0.68
0.77625
0.92
0.941875
1.04
0.9925
0.9675
0.92625
0.803125
0.83375
0.865625
0.936875
1.01
0.96
0.9
0.81625
0.743125
0.79
0.8225
0.958125
1.103125
1.09875
1.14875
1.11
1.035
1.0275
1.015
1.045625
1.1175
1.1975
1.1625
1.046875
0.97875
0.966875
1.030625
1.105
1.08875
0.939375
0.7875
0.7625
0.751875
0.849375
0.988125
0.954375
0.926875
0.865625
0.72125
0.678125
0.714375
0.755625
0.846875
0.92375
0.93375
0.986875
1.02875
1.0675
1.119375
1.08
1.0725
1.03375
1.03375
1.03375
1.03375
