2.86875
2.86875
2.86875
2.86875
2.39375
2.21875
2.63125
2.9875
3.41875
3.55
3.20625
2.95
2.6875
2.3
2.08125
1.975
2.175
2.65
3.5875
4.6125
5.14375
5.6625
5.76875
5.5625
5.75
5.78125
5.45
4.9
4.29375
3.825
4.0125
4.7
5.175
5.35625
4.9125
4.0375
3.11875
2.425
2.4625
2.675
3.29375
4.11875
4.4
4.9125
4.9125
4.4
4.10625
3.7
3.88125
4.55625
5.0125
5.46875
5.59375
5.375
5.15
4.5625
3.79375
3.3625
3.04375
3.225
3.8375
4.2625
4.68125
4.63125
4.2625
4.0375
3.8875
3.9875
4.10625
4.00625
3.84375
3.73125
3.7875
3.90625
4.31875
5.05
5.21875
5.15625
4.65625
3.725
3.28125
3.3375
3.56875
3.58125
3.5875
3.4125
3.4125
3.65625
3.86875
3.7125
3.1625
2.69375
2.45625
2.625
3.0125
3.325
3.375
3.38125
3.56875
3.78125
4.1625
4.4375
4.3875
4.61875
4.3
4.11875
4.44375
4.4625
5.15
5.60625
5.60625
5.60625
5.60625
