0.269375
0.269375
0.269375
0.269375
0.34125
0.543125
0.631875
0.346875
0.331875
0.273125
0.05625
0.19
-0.01
-0.195625
-0.171875
-0.4225
-0.496875
-0.555
-0.690625
-0.65375
-0.43875
-0.23875
0.120625
0.38
0.324375
0.230625
-0.129375
-0.446875
-0.626875
-0.631875
-0.370625
0.015625
0.3775
0.515
0.366875
-0.019375
-0.38125
-0.54125
-0.394375
-0.165625
0.161875
0.220625
0.01625
-0.01875
-0.24375
-0.265625
-0.224375
-0.31625
-0.324375
-0.398125
-0.42625
-0.454375
-0.4675
-0.32625
-0.051875
0.140625
0.28375
0.175
-0.00375
0.000625
0.0925
0.268125
0.17875
-0.13
-0.488125
-0.7775
-0.82
-0.624375
-0.33375
-0.0775
0.2275
0.2775
0.0975
0.035625
-0.100625
-0.126875
0.010625
-0.1225
-0.385625
-0.485
-0.541875
-0.313125
0.035625
0.17125
0.20375
0.011875
-0.20625
-0.414375
-0.505
-0.391875
-0.14375
0.26125
0.493125
0.610625
0.499375
0.2675
0.104375
-0.19
-0.263125
-0.366875
-0.380625
-0.1475
-0.143125
-0.038125
0.045625
-0.06625
-0.0525
-0.088125
-0.14875
-0.136875
-0.04125
0.1675
0.2425
0.3925
0.36
0.1275
-0.04
-0.36125
-0.633125
-0.70375
-0.588125
-0.25125
0.28
0.603125
0.713125
0.571875
0.145
-0.2125
-0.495625
-0.5425
-0.32125
0.0525
0.5075
0.750625
0.73875
0.460625
0.1575
-0.110625
-0.2475
-0.07875
-0.01
0.1175
0.2075
0.0025
-0.156875
-0.28
-0.376875
-0.36375
-0.5125
-0.5375
-0.5475
-0.526875
-0.29875
-0.3925
-0.339375
-0.1375
0.03375
0.465625
0.57375
0.480625
0.34625
0.019375
-0.145625
-0.37125
-0.548125
-0.65125
-0.5925
-0.39
-0.23625
-0.04
-0.201875
-0.401875
-0.5725
-0.788125
-0.75625
-0.705625
-0.503125
-0.278125
-0.015625
0.198125
0.19875
0.21625
0.005
-0.151875
-0.34125
-0.43125
-0.335625
-0.196875
-0.02625
-0.13
-0.28875
-0.58125
-0.765625
-0.766875
-0.661875
-0.469375
-0.26625
-0.068125
-0.065625
-0.146875
-0.363125
-0.619375
-0.615
-0.344375
0.01625
0.510625
0.68875
0.601875
0.58
0.398125
0.374375
0.280625
0.030625
-0.225625
-0.48
-0.561875
-0.59375
-0.474375
-0.3725
-0.21625
0.0375
0.078125
0.130625
-0.04375
-0.2025
-0.214375
-0.113125
0.140625
0.15125
0.136875
-0.10125
-0.378125
-0.496875
-0.54875
-0.480625
-0.35875
-0.13375
-0.081875
-0.045
-0.025625
-0.113125
-0.085
0.010625
0.0725
0.0275
-0.04375
-0.25
-0.431875
-0.4
-0.24625
-0.0025
0.23375
0.269375
0.0575
-0.228125
-0.52125
-0.73375
-0.811875
-0.808125
-0.811875
-0.85375
-0.759375
-0.57625
-0.20125
0.426875
0.765
0.890625
0.661875
0.069375
-0.21625
-0.285
-0.15875
0.129375
0.14875
0.09375
0.04375
0.111875
0.305625
0.455625
0.676875
0.661875
0.58625
0.314375
-0.070625
-0.3375
-0.414375
-0.27625
-0.2575
-0.120625
-0.103125
-0.015625
0.235
0.26625
0.12
-0.180625
-0.4825
-0.60125
-0.40375
-0.13125
0.209375
0.4425
0.5175
0.531875
0.31625
0.17125
-0.106875
-0.294375
-0.3375
-0.578125
-0.663125
-0.785
-0.758125
-0.533125
-0.338125
-0.12875
-0.14125
-0.111875
-0.09
0.00875
0.195625
0.220625
0.374375
0.31625
0.14875
0.1775
-0.004375
0.005
0.265
0.375
0.58
0.62375
0.366875
0.138125
-0.08125
-0.035625
0.14875
0.239375
0.3675
0.156875
-0.06125
-0.2025
-0.44125
-0.398125
-0.24875
-0.0825
0.254375
0.456875
0.535
0.565625
0.37125
0.184375
-0.025625
-0.136875
-0.00625
0.0375
0.22375
0.349375
0.2925
0.4425
0.433125
0.41625
0.348125
0.121875
-0.089375
-0.1225
0.06125
0.23375
0.60125
0.62125
0.478125
0.37625
0.056875
-0.011875
-0.084375
-0.18375
-0.278125
-0.45375
-0.50625
-0.476875
-0.424375
-0.378125
-0.4975
-0.649375
-0.75625
-0.70625
-0.565
-0.454375
-0.205
-0.190625
-0.085
0.179375
0.16625
0.2375
0.103125
-0.281875
-0.389375
-0.361875
-0.105625
0.285
0.536875
0.714375
0.68375
0.594375
0.430625
0.16
0.076875
0.059375
0.103125
0.1225
0.055
0.0025
-0.02375
0.1725
0.24125
0.334375
0.508125
0.5625
0.76375
0.783125
0.601875
0.341875
0.02875
-0.185
-0.204375
-0.235
-0.06125
0.2625
0.416875
0.623125
0.50125
0.113125
-0.21
-0.505
-0.67625
-0.739375
-0.6675
-0.591875
-0.375
0.025
0.14875
0.263125
0.171875
-0.21125
-0.41125
-0.508125
-0.51375
-0.27125
0.1075
0.263125
0.46375
0.45125
0.09125
-0.09625
-0.37
-0.5375
-0.461875
-0.53125
-0.559375
-0.578125
-0.571875
-0.433125
-0.1875
0.016875
0.0575
0.156875
0.03125
-0.07
-0.09875
-0.325
-0.27125
-0.2175
-0.063125
0.2425
0.3425
0.4475
0.386875
0.2325
0.005625
-0.113125
-0.21625
-0.289375
-0.243125
-0.281875
-0.2275
-0.041875
0.120625
0.270625
0.351875
0.1775
0.0225
-0.344375
-0.6825
-0.884375
-1.11
-1.00625
-0.8725
-0.713125
-0.37125
-0.26125
-0.041875
0.14
0.16375
0.404375
0.4175
0.515
0.614375
0.443125
0.306875
-0.015625
-0.36125
-0.358125
-0.14375
0.240625
0.64625
0.70125
0.4875
0.2075
-0.205625
-0.31
-0.2925
-0.261875
-0.05875
-0.164375
-0.184375
-0.099375
-0.056875
0.134375
0.25375
0.16875
0.101875
0.055625
-0.120625
-0.218125
-0.381875
-0.471875
-0.49875
-0.550625
-0.55125
-0.744375
-0.85
-0.894375
-0.78625
-0.591875
-0.33875
-0.0825
-0.089375
-0.055625
-0.2025
-0.3625
-0.320625
-0.349375
-0.313125
-0.204375
-0.165625
0.080625
0.35125
0.559375
0.67875
0.570625
0.431875
0.163125
-0.090625
-0.305
-0.480625
-0.545625
-0.459375
-0.270625
0.020625
0.289375
0.47875
0.511875
0.26875
0.063125
-0.295
-0.468125
-0.28125
-0.109375
0.356875
0.718125
0.78875
0.825
0.56125
0.1925
-0.153125
-0.311875
-0.3225
-0.1175
0.145625
0.149375
0.2
0.021875
-0.164375
-0.2475
-0.46
-0.5525
-0.451875
-0.34375
-0.06375
0.22125
0.32875
0.4325
0.485
0.53875
0.483125
0.440625
0.189375
-0.055
-0.276875
-0.418125
-0.36625
-0.24625
0.115
0.264375
0.330625
0.175625
-0.288125
-0.58125
-0.69
-0.50625
-0.13375
0.251875
0.43
0.2975
0.135625
-0.1575
-0.395625
-0.27375
-1.38777878078e-17
0.406875
0.8125
0.814375
0.6175
0.19875
-0.085
-0.11
-0.205625
-0.128125
-0.14375
-0.20875
-0.16125
0.045
0.126875
0.275625
0.563125
0.47125
0.43125
0.38
0.161875
0.30375
0.649375
0.794375
0.87375
0.67875
0.220625
-0.1225
-0.371875
-0.454375
-0.44875
-0.37
-0.15375
0.011875
0.333125
0.55625
0.44
0.288125
-0.1075
-0.29875
-0.248125
-0.154375
0.160625
0.141875
0.1
0.02625
-0.158125
-0.143125
-0.154375
-0.156875
-0.275625
-0.325625
-0.36625
-0.37375
-0.266875
-0.384375
-0.410625
-0.338125
-0.25875
-0.011875
0.14375
0.030625
-0.0875
-0.24
-0.48375
-0.535625
-0.4725
-0.310625
-0.040625
0.28375
0.471875
0.47375
0.419375
0.1325
-0.2075
-0.47125
-0.5625
-0.37625
-0.021875
0.32875
0.53375
0.5125
0.284375
0.08625
-0.220625
-0.333125
-0.371875
-0.326875
-0.04625
0.01125
0.144375
0.085
-0.170625
-0.19375
-0.15625
0.088125
0.414375
0.49125
0.4925
0.2675
0.025625
0.005
-0.03875
-0.014375
0.026875
0.025
0.0125
0.246875
0.48125
0.518125
0.47875
0.2375
-0.038125
-0.074375
0.066875
0.05125
0.104375
0.13625
-0.02125
0.093125
0.1575
0.15625
0.235
0.196875
0.31
0.45125
0.58875
0.611875
0.36375
-0.0475
-0.394375
-0.528125
-0.34875
0.0725
0.45375
0.62375
0.553125
0.223125
-0.0825
-0.09625
-0.025625
0.231875
0.425625
0.4
0.193125
-0.040625
-0.12125
-0.295625
-0.268125
-0.135625
-0.23125
-0.0575
0.234375
0.455625
0.83125
0.920625
0.80625
0.488125
0.07125
-0.193125
-0.571875
-0.69
-0.690625
-0.656875
-0.400625
-0.23625
-0.00875
0.195625
0.328125
0.359375
0.22125
0.085
-0.053125
-0.100625
-0.100625
0.008125
0.236875
0.469375
0.608125
0.43875
0.051875
-0.3825
-0.728125
-0.863125
-0.9025
-0.734375
-0.60125
-0.35875
-0.00625
0.11875
0.28375
0.21375
0.051875
-0.09
-0.175
-0.076875
0.014375
0.11375
0.146875
0.119375
-0.029375
-0.093125
-0.153125
-0.354375
-0.2725
-0.195
0.004375
0.33125
0.47
0.633125
0.58625
0.531875
0.385625
0.154375
-0.0075
-0.176875
-0.205625
-0.289375
-0.3375
-0.4125
-0.41625
-0.404375
-0.295
-0.018125
0.165
0.42625
0.45875
0.358125
0.14125
-0.114375
-0.131875
-0.263125
-0.28
-0.25875
-0.456875
-0.515
-0.56375
-0.655625
-0.651875
-0.725625
-0.7975
-0.70625
-0.613125
-0.411875
-0.27125
-0.4025
-0.520625
-0.594375
-0.5825
-0.256875
0.160625
0.476875
0.760625
0.835625
0.79
0.58625
0.4775
0.263125
-0.065
-0.076875
-0.138125
-0.09
0.1275
0.07625
-0.050625
-0.113125
-0.189375
-0.01625
0.026875
0.191875
0.27
0.18125
0.389375
0.391875
0.604375
0.825625
0.82625
0.718125
0.35875
-0.0725
-0.45375
-0.648125
-0.776875
-0.810625
-0.7975
-0.853125
-0.6825
-0.40875
-0.13875
0.361875
0.648125
0.69375
0.74125
0.54875
0.26625
0.133125
0.068125
-0.105625
-0.136875
-0.199375
-0.3025
-0.23375
-0.20875
0.009375
0.065
0.23625
0.381875
0.188125
0.238125
0.15125
0.149375
0.314375
0.3575
0.25
0.1025
-0.038125
-0.205
-0.185
-0.163125
-0.051875
-0.026875
-0.03625
0.003125
-0.176875
-0.240625
-0.33875
-0.39375
-0.16875
0.0525
0.308125
0.37625
0.23875
0.074375
0.0625
0.211875
0.286875
0.364375
0.17125
-0.225
-0.385
-0.334375
-0.18125
0.08875
0.139375
-0.024375
-0.156875
-0.118125
0.15125
0.338125
0.520625
0.44
0.09125
-0.169375
-0.4675
-0.51625
-0.44875
-0.38375
-0.1575
-0.20875
-0.1025
0.085625
0.165
0.375625
0.296875
0.14625
-0.05875
-0.150625
-0.06875
-0.008125
-0.035625
-0.16875
-0.16
-0.115
0.055625
0.1375
-0.088125
-0.16125
-0.149375
0.09625
0.505
0.648125
0.64375
0.3325
0.004375
-0.21375
-0.465625
-0.555625
-0.645625
-0.61625
-0.458125
-0.283125
0.036875
0.240625
0.419375
0.616875
0.5075
0.264375
0.053125
-0.24625
-0.39875
-0.385
-0.375
-0.26
-0.01625
0.195
0.26
0.205
0.055625
-0.12625
-0.061875
0.109375
0.143125
0.185
-0.095
-0.320625
-0.329375
-0.27375
0.091875
0.245625
0.206875
0.1525
-0.035
-0.0875
-0.05125
-0.06375
-0.07625
-0.02375
-0.000625
0.031875
-0.04875
-0.31
-0.500625
-0.54125
-0.51375
-0.370625
-0.24875
-0.27625
-0.12
0.120625
0.295
0.34375
0.2075
-0.13125
-0.399375
-0.533125
-0.526875
-0.470625
-0.453125
-0.373125
-0.434375
-0.291875
0.0225
0.38125
0.806875
0.9275
0.7775
0.425
-0.048125
-0.26125
-0.390625
-0.47
-0.448125
-0.48875
-0.455625
-0.21875
0.1
0.401875
0.659375
0.7925
0.729375
0.496875
0.3875
0.06375
-0.01
0.1725
0.084375
0.246875
0.138125
-0.106875
-0.165
-0.300625
-0.2775
-0.211875
-0.0625
0.054375
0.1575
0.104375
-0.185
-0.41
-0.515
-0.364375
-0.07875
0.365625
0.6525
0.673125
0.6675
0.3075
-0.118125
-0.34125
-0.538125
-0.38125
-0.1475
0.0175
0.143125
-0.07
-0.27375
-0.465625
-0.51875
-0.291875
0.04125
0.468125
0.665625
0.5925
0.44
0.095
-0.17625
-0.275625
-0.495625
-0.631875
-0.709375
-0.774375
-0.755
-0.5875
-0.464375
-0.43
-0.413125
-0.54875
-0.608125
-0.56875
-0.460625
-0.446875
-0.53
-0.649375
-0.843125
-0.79
-0.495
-0.205625
0.129375
0.2375
-0.005
-0.2475
-0.3625
-0.309375
-0.101875
0.098125
0.07375
-0.158125
-0.291875
-0.410625
-0.445625
-0.313125
-0.238125
-0.170625
-0.09375
-0.04375
-0.19625
-0.34875
-0.5
-0.54625
-0.4075
-0.259375
-0.114375
-0.194375
-0.2975
-0.426875
-0.576875
-0.616875
-0.659375
-0.685
-0.6575
-0.666875
-0.67375
-0.680625
-0.736875
-0.7175
-0.695625
-0.555625
-0.39875
-0.314375
-0.24
-0.394375
-0.5375
-0.491875
-0.473125
-0.39125
-0.21375
-0.29
-0.179375
0.136875
0.19375
0.351875
0.3575
0.094375
-0.01625
-0.045
-0.093125
-0.053125
0.005625
-0.091875
-0.303125
-0.4925
-0.566875
-0.59125
-0.488125
-0.403125
-0.47125
-0.36875
-0.21875
0.104375
0.46625
0.535625
0.66
0.628125
0.620625
0.8775
1.100625
1.173125
1.201875
0.954375
0.4475
0.1125
-0.384375
-0.678125
-0.775625
-0.759375
-0.59625
-0.483125
-0.31875
-0.24375
-0.173125
-0.1375
-0.145625
-0.24125
-0.298125
-0.156875
0.058125
0.164375
0.27125
0.109375
-0.12125
-0.15375
-0.245625
-0.114375
-0.040625
0.000625
0.23375
0.25875
0.401875
0.4925
0.2975
0.158125
-0.193125
-0.473125
-0.580625
-0.62125
-0.431875
-0.173125
0.021875
0.19
0.1525
-0.096875
-0.2975
-0.4925
-0.573125
-0.543125
-0.441875
-0.2575
-0.040625
0.17625
0.32375
0.261875
0.135625
-0.013125
-0.334375
-0.495625
-0.6025
-0.573125
-0.38625
-0.164375
0.145625
0.203125
0.255
0.099375
-0.166875
-0.0925
0.079375
0.43
0.67375
0.55375
0.330625
0.035
-0.16
-0.188125
-0.311875
-0.408125
-0.43
-0.461875
-0.304375
-0.125
0.03125
0.310625
0.338125
0.338125
0.338125
0.338125
