3.80625
3.80625
3.80625
3.80625
3.59375
3.75
3.6875
4.425
4.775
4.55
4.90625
4.71875
5.16875
5.68125
5.43125
5.10625
4.19375
3.6125
3.58125
4.13125
4.60625
4.9
4.93125
4.41875
4.13125
3.84375
3.66875
3.49375
3.4875
3.45
3.4125
3.91875
4.18125
4.4375
4.9875
4.95625
5.125
5.18125
4.6
4.20625
3.55
3.0
3.0625
3.05
3.275
3.76875
3.78125
4.00625
3.9125
3.625
3.65625
3.46875
3.6625
3.94375
4.1875
4.7625
4.9125
4.7625
4.3625
3.70625
3.3875
3.1375
3.03125
2.7
2.4625
2.29375
2.3125
2.85
3.33125
3.90625
4.33125
4.24375
3.9875
3.96875
4.2
4.94375
5.675
5.975
5.775
5.10625
4.31875
3.81875
3.63125
3.80625
4.34375
4.45
4.5
4.49375
4.30625
4.60625
4.925
5.125
5.14375
4.75625
4.1
3.25
2.7625
2.775
3.3625
4.31875
4.9125
4.88125
4.43125
3.9375
3.63125
3.9125
4.0375
4.2
4.56875
4.64375
5.1125
5.1875
4.75
4.53125
4.05
4.06875
4.425
4.45625
4.81875
4.56875
4.24375
3.95625
3.1875
3.0
3.08125
3.375
3.925
4.4
4.7
4.89375
5.10625
4.775
4.325
3.875
3.8125
4.55
5.35
6.29375
6.69375
6.55
6.225
5.6125
4.8875
4.0875
3.6875
3.43125
3.475
3.95625
4.15
4.2375
4.56875
4.38125
4.15
4.05625
3.625
3.525
3.83125
4.1125
4.2
4.525
4.21875
3.71875
3.60625
2.96875
3.075
3.76875
4.09375
4.675
4.70625
4.18125
4.18125
4.33125
4.55625
4.95
4.7875
4.65625
4.45
4.375
4.8875
5.2875
5.9375
6.04375
5.74375
5.01875
4.075
3.7875
3.31875
3.11875
3.18125
2.76875
2.65
2.7
2.45625
2.35
2.31875
2.425
2.66875
3.0375
3.1875
3.11875
3.20625
3.2375
3.36875
3.2875
3.05625
2.8875
2.90625
3.28125
3.45625
3.58125
3.34375
2.9625
3.05
3.25625
3.8625
4.28125
4.2125
3.9125
3.325
3.18125
3.475
3.825
4.05625
4.01875
3.75
3.83125
4.31875
4.79375
5.075
4.825
4.18125
3.5625
3.35625
3.5875
4.1375
4.5125
4.39375
3.98125
3.275
2.7
2.4125
2.3125
2.475
2.71875
3.00625
3.2375
3.4875
3.70625
4.28125
4.6875
4.68125
4.84375
4.1625
3.50625
3.28125
3.0625
3.33125
3.65
4.06875
4.05625
4.18125
4.41875
4.00625
3.73125
3.13125
2.43125
2.4125
2.46875
2.66875
2.90625
2.7625
2.7
2.64375
2.84375
3.14375
3.35625
3.50625
3.15625
2.8375
2.60625
2.63125
2.95
3.025
3.26875
3.3125
3.23125
3.64375
3.7375
4.04375
4.4625
4.31875
4.3875
4.0875
3.76875
3.73125
3.36875
3.31875
3.65625
4.39375
5.55625
6.2
6.04375
5.3
4.1
3.40625
3.36875
3.45625
4.2
4.95
5.175
5.35625
4.6875
3.81875
3.63125
3.50625
4.05
4.55
4.2375
3.96875
3.25
2.69375
2.78125
2.85625
3.45625
3.9125
3.875
4.11875
3.84375
3.5
3.65625
3.33125
3.4
3.79375
3.84375
4.2125
4.45
4.325
4.13125
3.89375
3.6125
3.875
4.59375
5.29375
5.95625
5.89375
5.25625
4.5375
3.6375
3.2125
3.2875
3.21875
3.36875
3.40625
3.04375
3.225
3.59375
4.03125
5.0125
5.21875
5.29375
5.325
4.58125
4.21875
3.95625
3.64375
3.8
4.18125
4.40625
4.43125
4.39375
4.05625
3.31875
3.03125
3.1125
3.5375
4.54375
5.15
5.2375
4.84375
4.3
3.84375
3.3
2.9625
2.425
2.16875
2.4
3.06875
3.81875
4.375
4.6625
4.3
4.0625
3.675
3.09375
2.56875
2.26875
2.51875
2.94375
3.60625
3.99375
3.8625
4.075
4.525
4.925
5.11875
4.79375
3.94375
3.0125
2.85
3.1125
3.76875
4.53125
4.6
4.36875
3.8375
3.34375
3.13125
2.8625
2.75
2.85625
2.7875
2.86875
2.9
2.75
3.0375
3.36875
3.93125
4.2375
4.1
3.83125
3.3375
3.26875
3.16875
3.2375
3.4125
3.31875
3.44375
3.85
3.96875
4.2125
4.41875
3.81875
3.5875
3.38125
3.5375
4.225
4.8
4.95
4.7375
4.43125
4.14375
4.35
4.15
3.9625
3.46875
2.85
2.8625
3.00625
3.4
3.56875
3.475
3.4625
3.49375
3.76875
3.9
3.4125
3.24375
3.3875
3.93125
4.875
5.0125
4.66875
4.075
3.6625
3.95
4.075
4.04375
3.80625
3.31875
3.2625
3.43125
3.61875
3.7625
4.00625
4.1625
4.39375
4.66875
4.3375
4.06875
3.55625
2.85
2.45625
2.09375
2.0125
2.30625
2.6875
2.98125
3.0625
2.75625
2.3625
2.25625
2.25
2.675
3.33125
3.74375
4.34375
4.64375
4.525
4.15
3.36875
2.65625
2.21875
2.2375
2.70625
3.01875
3.54375
3.725
3.50625
3.70625
3.39375
3.425
3.91875
3.89375
4.08125
3.86875
3.4375
3.45
3.50625
3.75625
3.86875
3.85
3.9125
4.1625
4.33125
4.24375
4.025
3.40625
2.7125
2.43125
2.25
2.325
2.6625
2.525
2.3375
2.11875
2.01875
2.225
2.4375
2.88125
3.16875
3.4125
3.8625
4.19375
4.5625
5.08125
5.53125
5.71875
5.83125
5.7625
5.10625
4.7375
4.3
3.69375
3.81875
3.64375
3.7875
4.21875
4.51875
4.88125
4.9875
4.95625
4.625
4.6375
4.51875
4.64375
4.64375
3.9875
3.46875
2.525
1.9
1.8375
1.85
2.325
2.75
2.90625
3.1375
2.95
3.125
3.775
4.11875
4.86875
4.9
4.20625
3.75
3.1
3.00625
3.45625
4.05
4.775
5.09375
5.0125
4.6
3.66875
2.90625
2.3625
2.31875
2.6375
3.2125
3.83125
3.875
3.88125
3.4375
2.94375
2.525
2.1875
2.24375
2.55
2.95
3.50625
3.7875
3.58125
3.475
3.1125
3.00625
3.2875
3.7375
4.2375
4.45625
4.3875
3.84375
3.11875
2.6375
2.2625
2.1375
2.60625
3.0
3.43125
3.8625
3.8875
3.95625
4.0625
4.44375
4.425
4.1125
3.98125
3.31875
3.45625
3.95625
4.01875
4.75
4.68125
4.2875
4.31875
3.73125
3.58125
3.56875
3.50625
3.50625
3.475
3.56875
3.2875
3.11875
3.11875
3.1875
3.29375
3.4375
3.23125
2.86875
2.68125
2.675
2.84375
2.875
2.91875
2.6
2.2375
2.13125
2.0125
2.475
3.01875
3.29375
3.61875
3.14375
2.5875
2.19375
1.75625
1.7125
1.90625
2.35
2.9375
3.71875
4.45
4.81875
5.11875
5.04375
4.675
4.30625
3.75625
3.4375
3.41875
3.64375
3.8625
4.0375
4.13125
4.05625
4.04375
4.325
4.31875
4.45
4.6
4.1625
3.7625
3.2125
3.1375
3.35625
3.94375
4.61875
4.6375
4.875
4.99375
5.05625
5.54375
5.74375
6.01875
6.39375
6.3375
6.49375
6.35
5.7875
5.6625
5.31875
4.88125
5.01875
4.575
3.9875
3.69375
2.9125
2.7
3.06875
3.35625
3.93125
4.3875
4.08125
3.9625
3.9375
3.49375
3.45
3.3875
3.1875
3.31875
3.69375
3.69375
3.55
3.45
2.9
2.8
3.05
3.4
4.06875
4.2875
4.1
3.61875
2.9125
2.85
2.93125
3.11875
3.41875
3.1
2.84375
2.675
2.86875
3.5
4.16875
4.975
5.01875
4.65625
4.6125
4.20625
4.53125
5.0875
5.28125
5.80625
5.85
5.63125
5.05
4.3125
3.94375
3.79375
4.15
4.36875
4.00625
3.6
2.9125
2.36875
2.14375
2.00625
2.18125
2.5625
3.03125
3.56875
3.75
3.48125
3.16875
2.59375
2.1625
2.21875
2.6375
3.45
4.58125
5.2625
5.18125
4.6125
3.725
3.04375
2.8
2.8
2.99375
3.55
4.24375
5.3375
6.275
6.45
6.41875
5.625
4.46875
4.1125
3.64375
3.65
4.01875
3.625
3.51875
3.40625
3.25625
3.46875
3.39375
3.35625
3.35625
3.71875
4.225
4.44375
4.7
4.4375
4.175
4.2
4.1875
4.0875
3.95
3.30625
3.025
3.025
3.1
3.5375
3.25
2.925
2.925
3.2875
4.21875
5.1125
5.28125
4.725
3.71875
2.93125
2.7125
2.96875
3.50625
3.675
3.39375
2.84375
2.25625
1.9
1.825
1.90625
2.10625
2.2625
2.74375
3.63125
4.2375
4.85
4.8875
4.1125
3.90625
4.05
4.61875
5.85625
6.2875
5.95625
5.05
3.80625
3.15
2.94375
3.0625
3.225
3.0125
2.975
2.9625
3.1625
3.54375
3.44375
3.6125
3.2625
3.18125
3.76875
4.0375
4.8
5.23125
5.25625
5.1625
4.95
4.61875
3.88125
3.36875
2.78125
2.53125
3.09375
3.825
4.4875
5.13125
5.36875
5.46875
5.61875
5.39375
4.95625
4.5125
4.175
4.44375
4.98125
5.0875
5.10625
4.54375
3.9375
3.65
3.4375
3.3
3.29375
3.3375
3.55
4.05625
4.275
4.74375
4.95
4.8125
4.75
4.325
3.95
4.03125
4.03125
4.025
3.88125
3.4
3.2875
3.50625
4.23125
4.85
5.25
5.16875
4.31875
3.93125
3.54375
3.41875
4.10625
4.41875
4.4625
4.6625
4.45625
4.2
4.46875
4.61875
4.325
4.125
3.4625
2.6125
2.4
2.28125
2.5875
3.40625
4.06875
4.83125
5.15625
4.75625
4.175
3.30625
2.875
2.80625
3.09375
3.09375
3.09375
3.09375
