0.425
0.425
0.425
0.425
0.193125
-0.070625
-0.315
-0.521875
-0.4625
-0.4825
-0.47875
-0.485
-0.461875
-0.355625
-0.18125
0.10125
0.15625
0.2425
0.256875
0.056875
-0.009375
-0.106875
-0.23625
-0.32125
-0.430625
-0.390625
-0.44375
-0.28
-0.0675
-0.0825
-0.031875
-0.14125
-0.235
-0.259375
-0.186875
-0.234375
-0.380625
-0.536875
-0.64875
-0.5225
-0.343125
-0.135
-0.161875
-0.440625
-0.511875
-0.4175
-0.16625
0.194375
0.19125
-0.12625
-0.466875
-0.743125
-0.75875
-0.58375
-0.41625
-0.2775
-0.33625
-0.473125
-0.55
-0.664375
-0.655625
-0.5575
-0.4025
-0.22125
-0.08875
-0.026875
-0.251875
-0.4375
-0.480625
-0.460625
-0.129375
0.149375
0.1575
0.066875
-0.1575
-0.3725
-0.400625
-0.375625
-0.46875
-0.558125
-0.71625
-0.844375
-0.8375
-0.72
-0.52625
-0.34125
-0.19
-0.2825
-0.416875
-0.559375
-0.566875
-0.264375
0.150625
0.5525
0.735
0.57875
0.206875
-0.15
-0.398125
-0.385625
-0.279375
-0.18625
-0.159375
-0.345625
-0.368125
-0.274375
0.030625
0.476875
0.606875
0.504375
0.148125
-0.229375
-0.34625
-0.35875
-0.286875
-0.22625
-0.264375
-0.26375
-0.244375
-0.223125
-0.293125
-0.275625
-0.2375
-0.203125
-0.060625
-0.139375
-0.280625
-0.30875
-0.39375
-0.375625
-0.301875
-0.431875
-0.4075
-0.368125
-0.22625
0.030625
0.09875
0.151875
-0.04625
-0.274375
-0.35375
-0.465625
-0.444375
-0.41
-0.524375
-0.534375
-0.56375
-0.596875
-0.5275
-0.539375
-0.473125
-0.2925
-0.1925
0.015625
0.1575
0.0875
0.03
-0.099375
-0.253125
-0.204375
-0.068125
-0.045
0.03625
-0.116875
-0.325
-0.446875
-0.59875
-0.6175
-0.626875
-0.660625
-0.599375
-0.405
-0.0525
0.465
0.910625
1.1125
0.9525
0.64
0.206875
-0.12125
-0.190625
-0.339375
-0.419375
-0.484375
-0.59875
-0.6125
-0.570625
-0.565
-0.59125
-0.62125
-0.56375
-0.4525
-0.2925
-0.123125
-0.165625
-0.23875
-0.261875
-0.3
-0.20125
-0.14625
-0.144375
-0.15
-0.259375
-0.27375
-0.330625
-0.3575
-0.293125
-0.299375
-0.263125
-0.241875
-0.24375
-0.246875
-0.39125
-0.51125
-0.520625
-0.345625
-0.06625
0.149375
0.235
0.00625
-0.0925
-0.136875
-0.295
-0.304375
-0.526875
-0.79875
-0.943125
-0.92375
-0.6875
-0.28375
0.165625
0.29875
0.155625
-0.166875
-0.430625
-0.511875
-0.370625
-0.136875
-0.07625
-0.024375
0.05875
0.004375
0.0075
-0.005
-0.20875
-0.36875
-0.519375
-0.508125
-0.420625
-0.238125
-0.0825
-0.26625
-0.475625
-0.715625
-0.9025
-0.823125
-0.69875
-0.604375
-0.528125
-0.61375
-0.69375
-0.61
-0.391875
-0.115625
0.35125
0.62375
0.746875
0.924375
0.728125
0.423125
-0.0075
-0.4775
-0.655625
-0.686875
-0.54375
-0.408125
-0.474375
-0.48375
-0.525625
-0.569375
-0.536875
-0.446875
-0.360625
-0.154375
0.02875
-0.016875
-0.060625
-0.328125
-0.526875
-0.600625
-0.674375
-0.534375
-0.46875
-0.314375
-0.1525
-0.196875
-0.04125
-0.05375
-0.07625
0.153125
0.126875
0.11625
0.063125
-0.23
-0.29
-0.249375
-0.16375
-0.029375
-0.21
-0.3875
-0.42625
-0.41625
-0.22875
-0.13875
-0.27875
-0.43375
-0.4675
-0.46375
-0.410625
-0.2475
-0.35125
-0.263125
0.019375
0.07
0.29125
0.158125
-0.28
-0.585
-0.781875
-0.800625
-0.615625
-0.2975
-0.270625
-0.221875
-0.25625
-0.5225
-0.444375
-0.379375
-0.149375
0.186875
0.190625
0.266875
0.091875
-0.086875
-0.15375
-0.39375
-0.49125
-0.64375
-0.761875
-0.83625
-0.84125
-0.789375
-0.695625
-0.415625
-0.3875
-0.31375
-0.1275
-0.19375
-0.06
0.12375
0.11125
0.37375
0.576875
0.571875
0.44875
0.018125
-0.326875
-0.57625
-0.66
-0.631875
-0.716875
-0.783125
-0.809375
-0.668125
-0.4875
-0.2975
-0.156875
-0.22375
-0.125
0.050625
0.23
0.44375
0.36
0.1825
-0.0025
-0.131875
-0.148125
-0.23
-0.33875
-0.4975
-0.624375
-0.778125
-0.855625
-0.89875
-0.949375
-0.85625
-0.795625
-0.67625
-0.4025
-0.18375
0.033125
0.1325
-0.11875
-0.3625
-0.630625
-0.64375
-0.28
0.08
0.501875
0.59
0.35125
0.15375
-0.156875
-0.255625
-0.22375
-0.12375
0.065
0.04625
0.05875
-0.2
-0.4825
-0.479375
-0.49
-0.33375
-0.174375
-0.18
-0.08375
0.14875
0.38125
0.63875
0.646875
0.3675
0.070625
-0.349375
-0.581875
-0.50625
-0.3925
-0.17375
0.119375
0.073125
0.1
0.141875
-0.045625
-0.02875
-0.058125
-0.09125
0.03625
0.130625
-0.003125
-0.106875
-0.310625
-0.508125
-0.46625
-0.350625
-0.1775
-0.049375
0.000625
-0.23625
-0.475625
-0.511875
-0.415625
-0.12625
0.155
0.265625
0.265
0.36875
0.478125
0.479375
0.324375
-0.065625
-0.4525
-0.71875
-0.79625
-0.645625
-0.3975
-0.16875
-0.00875
0.04
-0.1125
-0.245625
-0.191875
-0.26
-0.266875
-0.12125
-0.26125
-0.32125
-0.341875
-0.633125
-0.77125
-0.821875
-0.82125
-0.6975
-0.480625
-0.33375
-0.2025
-0.07
-0.18375
-0.2075
-0.220625
-0.089375
0.19
0.37375
0.396875
0.16
-0.080625
-0.3175
-0.4
-0.26375
-0.05125
0.170625
0.33
0.235
-0.04625
-0.273125
-0.4775
-0.588125
-0.6
-0.715625
-0.833125
-0.86
-0.740625
-0.370625
0.05375
0.48625
0.591875
0.330625
0.016875
-0.4125
-0.465
-0.196875
0.035625
0.450625
0.531875
0.333125
0.1375
-0.305625
-0.5175
-0.589375
-0.560625
-0.3625
-0.37125
-0.345625
-0.320625
-0.316875
-0.203125
-0.12375
-0.215
-0.239375
-0.16375
-0.088125
0.12625
0.17125
0.12625
0.18
0.17
0.24375
0.165
0.00875
-0.126875
-0.28125
-0.245
-0.35
-0.44
-0.5075
-0.625
-0.6225
-0.6275
-0.455625
-0.173125
0.109375
0.3275
0.214375
-0.01125
-0.138125
-0.160625
-0.02875
0.01875
-0.13125
-0.32125
-0.51125
-0.600625
-0.566875
-0.386875
-0.094375
0.224375
0.494375
0.5775
0.480625
0.306875
0.319375
0.29125
0.3025
0.35125
0.093125
-0.108125
-0.298125
-0.393125
-0.241875
-0.06625
0.11875
0.115625
-0.0825
-0.315
-0.39375
-0.259375
-0.05375
0.228125
0.225
-0.005
-0.161875
-0.269375
-0.285625
-0.19125
-0.038125
-0.075
-0.016875
0.045
-0.04625
-0.03875
0.031875
0.0475
-0.01125
-0.065
-0.3475
-0.554375
-0.683125
-0.701875
-0.484375
-0.31
-0.09
-0.09375
-0.235
-0.363125
-0.455
-0.489375
-0.595625
-0.631875
-0.7175
-0.6875
-0.455625
-0.288125
-0.113125
-0.041875
-0.214375
-0.40375
-0.56875
-0.655
-0.43125
-0.186875
0.00875
0.125
-0.09
-0.303125
-0.37375
-0.38875
-0.271875
-0.2175
-0.300625
-0.399375
-0.455625
-0.390625
-0.243125
-0.095625
0.034375
0.1
-0.051875
-0.21875
-0.388125
-0.574375
-0.60625
-0.44625
-0.28625
-0.116875
0.165
0.11
0.0475
-0.0025
-0.27375
-0.385
-0.48375
-0.4725
-0.37875
-0.286875
-0.188125
-0.319375
-0.409375
-0.49
-0.479375
-0.341875
-0.234375
-0.134375
-0.2575
-0.310625
-0.349375
-0.29
-0.058125
-0.0225
0.014375
-0.168125
-0.448125
-0.590625
-0.7075
-0.685625
-0.62625
-0.613125
-0.53875
-0.459375
-0.2525
-0.006875
0.06
0.0875
-0.02625
-0.195625
-0.29625
-0.3875
-0.545
-0.6225
-0.51625
-0.240625
0.113125
0.411875
0.42
0.12125
-0.17
-0.465625
-0.64875
-0.69625
-0.7575
-0.748125
-0.721875
-0.676875
-0.61625
-0.61625
-0.614375
-0.4925
-0.236875
0.166875
0.571875
0.703125
0.5825
0.323125
0.02125
-0.15375
-0.064375
-0.11625
0.01125
0.291875
0.28
0.404375
0.290625
-0.07875
-0.33625
-0.58125
-0.589375
-0.46625
-0.175625
0.101875
0.25625
0.388125
0.288125
0.1575
-0.185
-0.499375
-0.7075
-0.8375
-0.61875
-0.449375
-0.2875
-0.056875
-0.095
0.033125
0.315625
0.376875
0.56
0.49875
0.12875
-0.15375
-0.441875
-0.625
-0.676875
-0.705625
-0.58
-0.330625
-0.035
0.23625
0.2025
-0.0675
-0.368125
-0.593125
-0.71875
-0.71125
-0.69625
-0.73875
-0.67875
-0.685
-0.68375
-0.519375
-0.4175
-0.27
-0.135625
-0.315
-0.478125
-0.496875
-0.495
-0.2425
-6.93889390391e-18
0.01
0.086875
0.09125
0.100625
0.164375
0.055
-0.195625
-0.44625
-0.6575
-0.7775
-0.77
-0.66375
-0.523125
-0.39
-0.30625
-0.46
-0.53
-0.6325
-0.65125
-0.345
-0.26375
-0.1425
0.09125
0.110625
0.2275
0.384375
0.330625
0.21125
0.198125
0.24375
0.33875
0.62125
0.693125
0.5675
0.468125
0.14125
-0.049375
-0.124375
-0.37125
-0.46875
-0.59625
-0.7975
-0.804375
-0.680625
-0.58375
-0.365625
-0.23125
-0.429375
-0.593125
-0.838125
-0.999375
-0.86125
-0.72875
-0.6025
-0.426875
-0.471875
-0.353125
-0.195625
-0.268125
-0.0525
-0.08875
-0.11625
0.02
-0.15375
-0.138125
-0.205625
-0.323125
-0.3625
-0.593125
-0.584375
-0.503125
-0.37625
-0.058125
-0.0825
-0.176875
-0.26
-0.556875
-0.5775
-0.57625
-0.428125
-0.001875
0.2225
0.58125
0.83125
0.759375
0.77125
0.53125
0.184375
-0.035
-0.258125
-0.378125
-0.568125
-0.678125
-0.780625
-0.8875
-0.8425
-0.8375
-0.808125
-0.606875
-0.40125
-0.071875
0.16875
0.12375
0.0325
-0.374375
-0.676875
-0.669375
-0.476875
0.10375
0.61
0.92375
1.075625
0.829375
0.611875
0.288125
-0.181875
-0.41375
-0.615625
-0.735625
-0.5475
-0.290625
-0.040625
0.230625
0.298125
0.13875
-0.08
-0.234375
-0.481875
-0.613125
-0.544375
-0.566875
-0.415
-0.248125
-0.3975
-0.45
-0.55875
-0.58125
-0.398125
-0.283125
-0.156875
-0.2425
-0.375625
-0.393125
-0.245
0.008125
0.326875
0.4725
0.25625
0.161875
-0.06375
-0.12125
0.02875
-0.055625
-0.081875
-0.3125
-0.461875
-0.481875
-0.348125
-0.05875
0.1025
0.258125
0.145625
0.0975
0.045
-0.005625
0.04125
-0.084375
-0.13
-0.089375
-0.016875
0.004375
-0.006875
-0.13125
-0.265625
-0.27
-0.27625
-0.24375
-0.211875
-0.190625
-0.154375
-0.255625
-0.2375
-0.221875
-0.091875
0.121875
0.118125
0.109375
-0.173125
-0.288125
-0.22
-0.146875
0.08
0.040625
-0.194375
-0.319375
-0.448125
-0.385
-0.185625
-0.25875
-0.354375
-0.4275
-0.545625
-0.461875
-0.199375
-0.12375
-0.005625
0.093125
-0.131875
-0.226875
-0.346875
-0.489375
-0.45875
-0.378125
-0.2925
-0.22625
-0.08375
-0.109375
-0.135
-0.129375
-0.19
-0.19625
-0.2025
-0.23
-0.433125
-0.538125
-0.61875
-0.69
-0.606875
-0.605
-0.6275
-0.605
-0.563125
-0.3825
-0.17375
-0.0625
0.044375
-0.01
0.016875
0.05625
0.105
0.125625
-0.005
-0.055625
-0.036875
0.0625
0.068125
0.035625
-0.11
-0.265625
-0.27
-0.27625
-0.24375
-0.21375
-0.194375
-0.05875
-0.060625
-0.0575
-0.04
-0.256875
-0.2825
-0.348125
-0.440625
-0.413125
-0.531875
-0.563125
-0.5925
-0.505625
-0.293125
-0.036875
0.331875
0.446875
0.4225
0.31375
0.085625
-0.00625
0.0075
-0.125625
-0.38625
-0.6325
-0.735625
-0.69875
-0.4875
-0.17125
-0.045
0.115625
0.25875
0.28
0.195625
0.084375
-0.055625
-0.306875
-0.28875
-0.165625
-0.024375
0.23
0.24
0.179375
0.2
0.2325
0.3475
0.25875
0.101875
-0.066875
-0.186875
-0.1375
-0.265625
-0.450625
-0.50375
-0.451875
-0.194375
0.145
0.1525
0.02625
-0.035
-0.095
0.15625
0.295625
0.219375
0.251875
0.0375
-0.025
-0.00125
-0.140625
-0.171875
-0.181875
-0.209375
-0.31
-0.2875
-0.321875
-0.18875
0.03625
0.041875
0.064375
-0.179375
-0.455625
-0.681875
-0.915625
-0.86375
-0.75125
-0.39125
0.094375
0.29375
0.455625
0.405625
0.079375
-0.131875
-0.265625
-0.53
-0.585
-0.62125
-0.6225
-0.46625
-0.365
-0.229375
-0.305625
-0.404375
-0.5225
-0.69
-0.731875
-0.644375
-0.49375
-0.195
0.20875
0.341875
0.52875
0.5825
0.40375
0.39625
0.176875
-0.155625
-0.2625
-0.3725
-0.39875
-0.35125
-0.51
-0.7
-0.81375
-0.836875
-0.644375
-0.413125
-0.22
-0.11
-0.235
-0.270625
-0.319375
-0.336875
-0.249375
-0.37
-0.46625
-0.54125
-0.58625
-0.555
-0.39375
-0.159375
0.045
0.26375
0.228125
0.09875
0.1175
0.1525
0.3625
0.458125
0.268125
0.015625
-0.413125
-0.700625
-0.683125
-0.46875
-0.005
0.405625
0.556875
0.441875
0.041875
-0.21125
-0.40875
-0.3525
-0.125625
-0.019375
0.18
0.135625
0.059375
-0.004375
-0.151875
-0.14375
-0.145
-0.291875
-0.356875
-0.519375
-0.6575
-0.6425
-0.66
-0.62
-0.5875
-0.58
-0.58
-0.59
-0.6075
-0.62
-0.534375
-0.325625
-0.085
0.27375
0.44
0.371875
0.255
-0.08125
-0.374375
-0.5875
-0.6775
-0.536875
-0.185
0.355625
0.70375
0.82875
0.67875
0.42
0.3025
0.22625
0.378125
0.423125
0.53
0.694375
0.6275
0.53625
0.291875
0.045
0.015
0.04625
-0.03125
-0.15875
-0.410625
-0.50125
-0.405
-0.219375
0.036875
0.023125
-0.02
-0.105
-0.233125
-0.1125
-0.0175
0.0925
0.065
-0.056875
-0.13125
-0.2325
-0.158125
-0.22125
-0.305625
-0.383125
-0.419375
-0.23875
-0.115
0.1125
0.1775
0.0525
0.13125
0.130625
0.186875
0.326875
0.2075
-0.0325
-0.240625
-0.32125
-0.281875
-0.1925
-0.09375
-0.2275
-0.236875
-0.153125
0.0075
0.39125
0.58125
0.73875
0.65
0.349375
0.01625
-0.335625
-0.335625
-0.335625
-0.335625
