0.0422587258317
0.0422587258317
0.0422587258317
0.0422587258317
0.0451286498451
0.039739302082
0.0462411980331
0.0568191102957
0.0636065130841
0.0773133945881
0.0791290323779
0.0768686538562
0.0775989014254
0.0744054029964
0.0564370417963
0.0553360995774
0.0517196796381
0.0606453661544
0.0842913673874
0.0800795612387
0.0924666119484
0.0941972940452
0.0970532908958
0.112207436734
0.102600015598
0.0855151007584
0.0662236590928
0.0465267048704
0.0336972346226
0.0298955834181
0.0347111320741
0.0515360732086
0.071678464521
0.0961976988613
0.107857055315
0.0978341404898
0.0855520077398
0.0565340676972
0.0337947247621
0.0248021878644
0.0178160908868
0.0364680436607
0.0530532054758
0.0686435036285
0.0841845924726
0.070082643784
0.0574138001471
0.0378551890752
0.0188362555616
0.0146151646376
0.0101276006655
0.018067940414
0.0280620724361
0.0381265366303
0.0476566620119
0.0424411716643
0.0328298044998
0.0246130105698
0.017464894265
0.0192296979106
0.0219434055813
0.0237423307757
0.0233785997073
0.0269815567225
0.0421593787371
0.0568028619391
0.0737357385853
0.0884453758106
0.0827607721962
0.082829711652
0.0889583596402
0.0808211826574
0.0833891193575
0.0744499699171
0.0510142688424
0.0463087447726
0.0419291163121
0.0412000293398
0.048383195671
0.0417192803927
0.0452604936529
0.0587612531475
0.0768547266933
0.102075890038
0.102770391223
0.0896178107985
0.0672642502729
0.0408511539118
0.0258177101516
0.0153834797852
0.0168028897934
0.0221996653766
0.0368844658282
0.0599673454455
0.0699148214722
0.0925659590428
0.0998020485927
0.0946529443878
0.0931543816711
0.0645714333465
0.0436834745857
0.0409653566468
0.0437463789377
0.0661410245935
0.103510852045
0.113334144204
0.118231166762
0.109201026525
0.070521349412
0.0469322174271
0.0260103692369
0.0233841705725
0.0365095930297
0.0509279204332
0.0761003387086
0.0818457576005
0.0875619294506
0.0914127899635
0.0686172741386
0.0599708272363
0.050120144991
0.0416436094749
0.0626773392062
0.0857455953026
0.109287839173
0.130555777359
0.124277180251
0.0975277429083
0.0685190876408
0.0417847380579
0.0287419500999
0.0318669733118
0.0370727146454
0.0490117749519
0.0588840442995
0.0755943184604
0.0925815110415
0.090905376999
0.0886986180541
0.0627852747179
0.0376304975154
0.0247564603466
0.0164435689933
0.0356479658915
0.0526314445625
0.0684243829338
0.0785675355978
0.0630608004219
0.0531857456417
0.0460938022268
0.0524441242229
0.0695190579296
0.0820892508301
0.097506155806
0.0915323314442
0.0927451552043
0.10390591923
0.0982658825364
0.10334047642
0.0949802327135
0.0636436521848
0.0580751082605
0.0539754157722
0.071743225828
0.103676585283
0.107687143929
0.110782920099
0.0894780749318
0.0641136939292
0.0500509734158
0.0363540730452
0.0385322813064
0.0436913666446
0.0653323206739
0.0849064837443
0.0878191177236
0.0954804499774
0.075358253051
0.0546311530205
0.0456349022127
0.0270045365411
0.0196015531572
0.0169082719919
0.019564181937
0.0290304744891
0.0420987955789
0.0494430527598
0.0430797320785
0.0327107272578
0.0198104605991
0.0203524593513
0.0282018083028
0.0398586114433
0.0660043062788
0.0755664641348
0.092974721271
0.121626144813
0.123727521559
0.126929144166
0.117485831433
0.080239259372
0.0611625281328
0.0616875821702
0.0661658613671
0.0864352219804
0.0987911686932
0.0819525325153
0.0639918312548
0.0488256152092
0.0333509125077
0.0396777904463
0.048011108305
0.0476522517436
0.0498703845381
0.03729183534
0.0325206214856
0.0355690453022
0.0389134213281
0.0493504371271
0.0452751171738
0.0501528738235
0.0532546850975
0.0674327689428
0.0905920158361
0.0903617534113
0.0936244234155
0.0754766339348
0.0546754878221
0.0424511527977
0.0300104825112
0.0358654617504
0.0425063972101
0.0536971046356
0.0678180871133
0.0685462456082
0.0763589196977
0.0879217144893
0.087167558624
0.0905386283787
0.0766943322018
0.0500551515647
0.0313532931241
0.0212865077361
0.0306954668014
0.0504590392857
0.0730642172192
0.086127663802
0.0786991472863
0.0654100806661
0.0462604639416
0.0268023605612
0.0328732108238
0.0418506599618
0.0615578274369
0.0838419842678
0.076596145704
0.0695183615713
0.0486584892556
0.0263481029347
0.0197893377355
0.0178075024697
0.0203919196458
0.027576942932
0.0404862622466
0.0437849107547
0.0629605248497
0.0762493593504
0.0799073286587
0.0888234982804
0.0704955841609
0.0630273752312
0.0553593115153
0.0480085549918
0.0524819596817
0.0423780351929
0.0444211499751
0.0595288719369
0.0745488527732
0.0956285421418
0.0986635030343
0.0731261930936
0.0564196328428
0.0507730968067
0.0631418100854
0.0921093802226
0.110391102586
0.109503245957
0.0888149098634
0.0663413436184
0.0496879387056
0.0475587076335
0.0562065472519
0.0738620115278
0.0882322902196
0.0919956417264
0.0958293254053
0.0818847536563
0.0609533885716
0.0419530246084
0.0228435645366
0.0134048941907
0.0161550446041
0.0238498020486
0.0364805781072
0.0453275761537
0.0445207291891
0.0474452012567
0.0406810104063
0.0416273611182
0.0547625325894
0.0544071578188
0.0588589754064
0.0536569479829
0.048505986823
0.0530754889363
0.0577229831611
0.0720243223971
0.0670214534016
0.0657886673748
0.0643414030409
0.0552237537974
0.0551334593586
0.0444362377347
0.0356607324573
0.027706465546
0.037371220168
0.0507522060626
0.0605627316551
0.0801712483937
0.0706049123888
0.0652561855171
0.0617314527329
0.0430161313683
0.0531402502432
0.0552374488409
0.0590423497166
0.0698853423111
0.0515337520148
0.0383458894443
0.0364399572158
0.0353204454464
0.048975796448
0.0621966199705
0.0493606503799
0.0386434664894
0.0278717345446
0.01743680782
0.0200302776519
0.0175338337208
0.0180301049551
0.0183522866544
0.0317028649102
0.0550297019958
0.0724802048592
0.0900010398947
0.0814650818173
0.057777299096
0.0371019616872
0.0272036949691
0.0285873585929
0.0425349478939
0.059665126013
0.0555705401511
0.0549394075571
0.0466378900534
0.0425569992349
0.0505692959912
0.0551476186409
0.0623324098077
0.0512310683434
0.0382019754288
0.0346268727391
0.0295620278691
0.0430973731513
0.0569286706428
0.0552471978547
0.0660268218584
0.0720319823366
0.0780076636534
0.0937813361163
0.0900500170841
0.0742939856941
0.0616184105951
0.045292294008
0.0360755297892
0.0344421057127
0.0277849218965
0.0243843729805
0.024069386982
0.0248762339466
0.0354968561751
0.057280563623
0.0791701175081
0.101342392798
0.106636571615
0.0843842151394
0.057325130544
0.0376476743495
0.0251926126614
0.0307495506169
0.0503371766113
0.062562904352
0.0785960862816
0.0958328071961
0.0915225824302
0.0906045502826
0.0860359766468
0.0692699938349
0.0650820959823
0.048494380854
0.033060299044
0.0273466805072
0.0213779627717
0.0226901336265
0.0393713928648
0.0519661904196
0.0630308570219
0.0761576721955
0.0624988394031
0.053046009775
0.0402778190434
0.0267803092201
0.0221708825736
0.0151919812967
0.0263420678309
0.040808443946
0.0632244445847
0.0874665283854
0.0824752653589
0.079039898536
0.0806060079923
0.0776580918673
0.088794483358
0.0884458400493
0.0633356297677
0.0556325160255
0.0486002272913
0.0481000100276
0.0639013046966
0.0578369537767
0.0658569104725
0.0744323288444
0.0803929224015
0.0971586730942
0.0895567634017
0.0819325702486
0.0824750332395
0.0766082159119
0.0835994195158
0.0904736349522
0.0833013782318
0.0742928250969
0.0546569182715
0.0368647356809
0.0260463477408
0.0186468461475
0.0337197502024
0.0470074241062
0.0747807400337
0.104285898655
0.104616204532
0.103080502715
0.074300717156
0.0508390187107
0.0434253578352
0.0379584821992
0.0431800076506
0.0427861010629
0.0416640359803
0.0422464235046
0.0467978203061
0.0457337850686
0.0408314237645
0.035673963262
0.0376581197216
0.0433917005252
0.0538644627087
0.0615139568741
0.0513851956117
0.0449884497397
0.0370276834857
0.0303600542973
0.0308347384293
0.0305805677083
0.0428808057699
0.0530780422494
0.0674320725847
0.0825922535264
0.070147405091
0.0598055582378
0.051413514176
0.0391348632167
0.0434550691158
0.0527217390012
0.0518946976505
0.0500727926375
0.0479957884259
0.0468994885946
0.0495526131071
0.0569449189997
0.0615139568741
0.0542286580158
0.0509123684347
0.0454977196592
0.0411392140623
0.0407645733831
0.0391870900772
0.0379069516969
0.0399442634945
0.0427877258986
0.0526015011624
0.060927391201
0.0612263609624
0.0682779156051
0.0595885266176
0.0541722530064
0.0541771275134
0.0431881318289
0.0420129114084
0.0405825917893
0.0382678973327
0.0413316410283
0.0424520812752
0.0435927159082
0.0471810494024
0.0488056529425
0.0484869530339
0.04324012657
0.0343269745003
0.035094825409
0.0381989578768
0.050593668526
0.0641420124935
0.0622558104122
0.056719763201
0.0379090407713
0.0245194664597
0.0295815258971
0.0407643412638
0.0666709531379
0.0827654145838
0.0776936061324
0.0717012122202
0.0513401644519
0.0357640255814
0.033181233241
0.0241503966456
0.029508176173
0.0498411374963
0.0664755086199
0.0873121689976
0.107804828454
0.0986479510358
0.0888817602448
0.0941731536296
0.0780069672953
0.078322649652
0.0832684172801
0.063511112019
0.0576988427456
0.0484133711904
0.0333606615216
0.0234486997601
0.0141506937584
0.0213740167423
0.0343645778398
0.0521426011483
0.0697228587452
0.0577146268635
0.0547140196392
0.0594701457338
0.0790983926197
0.12835389292
0.150943286736
0.158078404356
0.143362035668
0.113832040274
0.101060367751
0.110761100877
0.127499693602
0.130479642202
0.12984781325
0.101669449004
0.0677375416886
0.0485315199548
0.0305986730199
0.0234934988004
0.020038866069
0.0165171508367
0.0241046691278
0.033958368925
0.0463567934843
0.0697463028026
0.0719498120762
0.0812656912701
0.104592528356
0.102970246009
0.111477421284
0.109659694419
0.0863514268842
0.0747391906646
0.0644258944951
0.0520762150056
0.0390273919437
0.0269465066961
0.0205899174769
0.0300534245964
0.0546158331414
0.0794913707298
0.0947360431259
0.103127855068
0.0967571065669
0.098323680262
0.112748274889
0.108322686791
0.126111387591
0.130290000668
0.117482813881
0.119579316121
0.0921850511405
0.0684413276485
0.0459819206857
0.0341825962459
0.0373178327106
0.0426756122381
0.0521586173856
0.0475150691902
0.0432751765964
0.0392708851733
0.0365397685491
0.0298586764367
0.021500289685
0.0141780838452
0.0120379431623
0.0175424221379
0.0314250180124
0.0441532842107
0.0492111654992
0.0537421357954
0.0583241723551
0.0684227580981
0.0797364887951
0.105951819444
0.124754185577
0.130421148118
0.137241743978
0.114630066702
0.0789899928693
0.0503963670532
0.022277425369
0.0137208086668
0.0168012649578
0.0205195853048
0.0391323099035
0.0628857824094
0.0925023583329
0.136269163776
0.150312154142
0.142515960529
0.132782962809
0.0948386398918
0.0721334185056
0.0594520404222
0.0442356865905
0.0525158491112
0.0617776444897
0.0722128033336
0.0801129864294
0.0692676726411
0.0556067507743
0.0423374143015
0.0415509938423
0.0494748531149
0.0599499364921
0.0726912013756
0.061031844922
0.0481661640508
0.0327244223013
0.0153189505976
0.0268188410372
0.0413260701632
0.0592658806795
0.0753199533533
0.0669734046899
0.0634110685662
0.0558818122395
0.0649154342674
0.0790898042025
0.0812227491847
0.0870856204829
0.0654799485995
0.0490168815783
0.0363436276731
0.0205325839901
0.0232664860468
0.0254075552072
0.0372296273461
0.0549148029026
0.0738842949883
0.0978404077129
0.109225863298
0.126087479295
0.125963295427
0.131057851577
0.138477315437
0.124450573428
0.11752830928
0.0966373329669
0.0789359090538
0.0768180518314
0.0756579191705
0.067784197684
0.0581944176218
0.037255160478
0.0184590615692
0.0181145964094
0.0188638777677
0.0285260790765
0.0375954474889
0.0360374622109
0.0347628946957
0.0311093356557
0.0425463217434
0.0540499260932
0.0796840298153
0.112769165633
0.118307766157
0.127589988041
0.115381669254
0.10349042554
0.102407124394
0.108294136107
0.124236095121
0.118687513463
0.11508362797
0.107630042561
0.0864052785805
0.0841379364773
0.0848317413039
0.0740918097141
0.074051420942
0.0794542316291
0.0938259030372
0.119002731581
0.149115578739
0.169280485631
0.164525752253
0.148508354441
0.137557426335
0.119568638629
0.114845241367
0.115069932927
0.0905330575135
0.0672804986295
0.0421626284084
0.0248328276225
0.0331095083526
0.0454784537507
0.0738954367187
0.0974467332447
0.0994708142377
0.104817452035
0.0957443697123
0.0835908310988
0.0929060139346
0.0985376943304
0.0913779720566
0.0858744215585
0.0666194226355
0.0494451418342
0.0430985337482
0.0411306256452
0.0364262621723
0.0336271345698
0.0435260976461
0.0491775081892
0.058599001701
0.0639537636765
0.0526469965609
0.0406696365568
0.041429827526
0.0463960216595
0.0524624616539
0.0614891201005
0.0500238154484
0.0344175010585
0.0310000074278
0.0333068098255
0.0591101285755
0.0873611461868
0.115663230062
0.14428238901
0.14428238901
0.14428238901
0.14428238901
