0.118125
0.118125
0.118125
0.118125
0.11625
0.11
0.09375
0.1
0.10625
0.11125
0.14125
0.15125
0.15625
0.1525
0.13375
0.12875
0.11625
0.11875
0.1125
0.10125
0.1075
0.10625
0.12625
0.135
0.12375
0.1125
0.07875
0.055
0.039375
0.03625
0.053125
0.07875
0.116875
0.1475
0.169375
0.17125
0.15625
0.13625
0.105
0.09
0.0875
0.08
0.09625
0.1125
0.12125
0.14
0.145
0.135
0.11625
0.09875
0.07625
0.065625
0.065
0.053125
0.044375
0.034375
0.035625
0.048125
0.066875
0.084375
0.08125
0.080625
0.08375
0.096875
0.1225
0.141875
0.15375
0.156875
0.156875
0.1475
0.13625
0.125
0.109375
0.103125
0.103125
0.1
0.111875
0.124375
0.131875
0.143125
0.134375
0.13625
0.133125
0.1275
0.131875
0.113125
0.106875
0.103125
0.10125
0.109375
0.11
0.1
0.0825
0.0675
0.04625
0.034375
0.03625
0.048125
0.0775
0.115
0.136875
0.141875
0.135625
0.11125
0.104375
0.11125
0.113125
0.126875
0.1275
0.11
0.09875
0.08625
0.07625
0.08
0.09
0.09875
0.10875
0.115625
0.106875
0.10875
0.1
0.088125
0.09625
0.0925
0.10875
0.128125
0.12625
0.11875
0.099375
0.088125
0.096875
0.1125
0.118125
0.110625
0.09625
0.0825
0.081875
0.08375
0.080625
0.078125
0.081875
0.0975
0.104375
0.115
0.1125
0.09875
0.10125
0.094375
0.09
0.0825
0.066875
0.064375
0.064375
0.06625
0.079375
0.08125
0.085625
0.093125
0.084375
0.084375
0.07875
0.073125
0.07375
0.058125
0.055625
0.05125
0.05375
0.076875
0.08
0.086875
0.086875
0.086875
0.086875
