0.96375
0.96375
0.96375
0.96375
0.95125
0.939375
0.925
0.895
0.855625
0.82
0.798125
0.801875
0.815625
0.815
0.810625
0.79375
0.78
0.815
0.838125
0.908125
0.975625
0.99125
0.988125
0.91625
0.85625
0.80875
0.7825
0.805
0.818125
0.829375
0.88875
0.93125
0.97
1.0475
1.03
1.004375
0.97
0.855
0.785625
0.7275
0.678125
0.68875
0.724375
0.7575
0.7925
0.838125
0.850625
0.8875
0.93125
0.915
0.900625
0.843125
0.793125
0.77875
0.76625
0.795
0.789375
0.805625
0.8275
0.8075
0.8075
0.785
0.78375
0.8025
0.8325
0.86625
0.87875
0.915
0.965625
1.0125
1.05625
1.07875
1.075
1.0725
1.055
1.025
0.970625
0.895
0.83625
0.780625
0.76
0.760625
0.800625
0.868125
0.925625
0.983125
0.964375
0.925
0.885625
0.8675
0.901875
0.929375
0.955625
0.9525
0.935
0.913125
0.8725
0.848125
0.81125
0.785
0.7775
0.776875
0.80625
0.86
0.93625
0.979375
0.9925
0.9725
0.958125
0.976875
1.049375
1.144375
1.186875
1.18
1.09625
0.99125
0.89625
0.836875
0.85125
0.90125
0.9825
1.080625
1.130625
1.128125
1.11
1.1025
1.064375
1.050625
1.038125
0.97125
0.9575
0.97125
0.976875
1.0
1.04625
1.045625
1.073125
1.106875
1.080625
1.106875
1.09625
1.109375
1.17125
1.175
1.194375
1.17
1.0875
1.0125
0.9275
0.9025
0.91625
0.96
1.051875
1.095625
1.1275
1.13625
1.058125
0.96125
0.865625
0.80625
0.841875
0.92875
1.038125
1.12125
1.13125
1.09875
1.026875
0.96
0.9225
0.914375
0.975625
1.023125
1.06125
1.08875
1.040625
1.029375
1.030625
1.031875
1.065
1.046875
1.013125
0.980625
0.94625
0.944375
0.954375
0.943125
0.930625
0.915625
0.896875
0.9475
0.98625
1.009375
1.043125
1.03125
1.0675
1.125
1.190625
1.226875
1.216875
1.19375
1.128125
1.088125
1.068125
1.044375
1.053125
1.09125
1.105625
1.126875
1.13375
1.06875
1.004375
0.931875
0.895625
0.898125
0.91625
0.9575
0.94875
0.966875
0.9825
0.97625
0.98625
0.973125
0.93625
0.913125
0.91875
0.926875
0.960625
0.9875
0.97625
0.96375
0.949375
0.938125
0.934375
0.906875
0.89875
0.866875
0.82625
0.82375
0.793125
0.805
0.855
0.9
0.955625
0.978125
1.0025
1.013125
1.03125
1.09625
1.09
1.0925
1.074375
0.991875
0.95625
0.91625
0.894375
0.88375
0.884375
0.885
0.87375
0.890625
0.9075
0.924375
0.95125
0.974375
0.98625
1.0125
1.026875
1.01625
0.99625
0.9475
0.905625
0.904375
0.920625
0.975625
1.041875
1.074375
1.124375
1.11625
1.0875
1.076875
1.01625
1.025625
1.068125
1.096875
1.13875
1.115
1.029375
0.9575
0.88875
0.87625
0.925625
0.96125
1.000625
0.98875
0.94875
0.926875
0.91125
0.8975
0.88125
0.831875
0.8025
0.815625
0.846875
0.921875
0.975
0.98875
1.005
1.02375
1.033125
1.0725
1.061875
0.99125
0.95
0.898125
0.89375
0.926875
0.905625
0.884375
0.876875
0.865625
0.89
0.95
0.97125
1.005625
1.03875
1.0075
1.000625
0.963125
0.925625
0.899375
0.8425
0.835
0.860625
0.9425
1.0425
1.11875
1.175625
1.165625
1.164375
1.14
1.055625
0.999375
0.93375
0.8625
0.88375
0.91625
0.958125
1.045
1.06125
1.06625
1.055
1.035625
1.038125
1.03625
1.029375
0.9825
0.95125
0.916875
0.909375
0.931875
0.919375
0.915
0.909375
0.901875
0.923125
0.955
1.0
1.023125
1.021875
1.0
0.9225
0.87625
0.858125
0.85875
0.888125
0.90625
0.918125
0.91625
0.915
0.924375
0.926875
0.914375
0.90375
0.870625
0.848125
0.879375
0.920625
0.965
0.99125
0.97125
0.94125
0.9275
0.93375
0.941875
0.92875
0.9075
0.894375
0.90125
0.97625
1.06
1.0975
1.150625
1.123125
1.078125
1.05
0.9625
0.918125
0.889375
0.8825
0.929375
0.966875
1.01875
1.055
1.038125
1.02125
0.944375
0.91625
0.92125
0.904375
0.93625
0.885625
0.853125
0.861875
0.8725
0.91125
0.93375
0.95
0.96875
1.019375
1.048125
1.029375
0.981875
0.890625
0.830625
0.80625
0.813125
0.865
0.9125
0.9575
0.945
0.8875
0.823125
0.78125
0.799375
0.86375
0.93125
0.958125
0.97
0.975
0.96625
0.994375
1.018125
0.99625
0.985625
0.9575
0.929375
0.93
0.94
0.96875
0.99625
1.03125
1.035
1.005625
0.974375
0.94
0.97625
1.04375
1.106875
1.19
1.185625
1.12375
1.064375
0.9325
0.864375
0.860625
0.87875
0.9575
1.01
1.063125
1.11375
1.161875
1.18
1.16
1.0875
1.00625
0.989375
0.99
1.0525
1.11375
1.123125
1.091875
1.036875
1.00625
1.009375
1.055
1.089375
1.065625
1.000625
0.97375
0.969375
1.0325
1.156875
1.225
1.265
1.246875
1.16875
1.084375
1.0475
1.059375
1.07875
1.104375
1.061875
0.946875
0.84375
0.765625
0.74875
0.814375
0.93375
1.040625
1.140625
1.173125
1.1075
1.029375
0.934375
0.89375
0.939375
0.991875
1.005
0.986875
0.931875
0.90375
0.951875
0.999375
1.03
1.029375
0.96625
0.92375
0.88125
0.850625
0.856875
0.875625
0.945
1.0125
1.06875
1.06875
1.06875
1.06875
