-1.98125
-1.98125
-1.98125
-1.98125
-1.95625
-1.6
-0.9125
-0.0625
0.4
0.54375
0.14375
-0.63125
-0.75625
-0.9
-0.775
-0.1
-0.16875
0.33125
0.61875
0.30625
0.1125
-0.86875
-1.7125
-1.9875
-1.59375
-0.80625
0.48125
1.44375
1.40625
1.825
1.28125
0.39375
0.2
-0.7875
-1.175
-1.31875
-1.73125
-1.925
-2.35625
-2.2125
-1.78125
-1.23125
-0.5625
-0.46875
-0.91875
-1.36875
-1.3375
-1.525
-0.9875
-0.45
-0.875
-0.9625
-1.8375
-2.7125
-3.10625
-3.5
-3.30625
-3.1125
-2.91875
-2.725
-2.725
-2.5625
-1.91875
-0.81875
0.0875
0.7875
0.525
-0.65
-1.4375
-1.81875
-1.2375
-0.00625
1.00625
1.5125
1.05625
0.40625
-0.26875
-1.1375
-1.525
-1.9375
-2.41875
-2.08125
-1.56875
-0.80625
0.40625
1.1125
1.4875
1.4125
1.00625
0.3375
0.2875
0.6875
1.13125
2.175
2.44375
2.55
2.2375
1.25
0.38125
-0.83125
-1.66875
-2.0875
-1.83125
-1.1375
0.0375
1.15625
1.53125
1.6125
0.73125
-0.325
-1.3125
-2.38125
-2.6375
-2.325
-1.3375
0.05625
0.725
1.0625
0.60625
-0.2
-0.35625
-1.03125
-1.10625
-0.5625
-0.075
0.86875
1.44375
1.4375
1.03125
0.64375
-0.0625
-0.975
-1.7125
-2.00625
-1.7
-0.6875
0.5125
0.9625
1.43125
1.31875
0.73125
0.2375
-0.7
-1.425
-1.4
-0.7
0.3875
1.46875
1.85
1.26875
0.53125
-0.2125
-0.69375
-0.2375
0.33125
0.7125
1.38125
1.3
0.64375
0.6875
-0.0375
-0.45625
-0.44375
-1.41875
-1.9125
-2.1125
-2.1
-1.4375
-0.38125
-0.1125
0.1375
0.24375
-0.4375
-0.18125
-0.425
-0.725
-0.29375
-0.775
-0.7625
-0.8625
-1.51875
-1.78125
-2.0375
-2.05
-1.48125
-0.33125
0.775
1.99375
2.5625
2.33125
1.85
0.825
0.0875
-0.54375
-1.20625
-1.375
-1.4
-1.0875
-0.81875
-0.39375
-0.33125
-0.59375
-0.4375
-1.08125
-1.25
-1.28125
-1.55
-0.94375
-0.96875
-0.75
-0.56875
-1.175
-1.03125
-1.18125
-1.0625
-0.375
-0.0625
0.4
0.25625
0.24375
0.3125
0.23125
0.60625
0.3875
-0.39375
-1.28125
-1.9
-1.94375
-1.0
0.38125
1.2375
1.325
0.425
-0.73125
-1.65625
-1.6
-1.125
-0.34375
0.3875
0.11875
0.43125
-0.0875
-0.75625
-0.73125
-1.5125
-1.625
-1.075
-0.89375
-0.1125
0.8625
0.8125
1.1125
0.79375
-0.31875
-0.6875
-1.40625
-1.99375
-1.93125
-2.1625
-1.78125
-1.05
-0.33125
0.825
1.41875
1.99375
2.0125
1.1875
0.15625
-1.16875
-1.95
-1.79375
-0.80625
0.58125
1.80625
2.3125
1.9875
1.425
0.68125
0.38125
0.24375
-0.06875
-0.23125
-0.49375
-0.10625
0.26875
1.025
1.41875
1.025
0.81875
-0.1
-0.43125
-0.15
0.10625
1.225
1.95
1.825
1.625
0.4375
-0.88125
-1.1125
-1.05625
-0.35
0.4
0.24375
-0.2875
-0.7
-0.74375
-0.54375
-0.15625
-0.5125
-1.25625
-1.7125
-2.3875
-2.4375
-2.29375
-2.31875
-1.66875
-1.35625
-0.875
-0.10625
-0.10625
0.45625
1.05625
1.08125
1.68125
1.83125
1.51875
1.78125
1.60625
1.48125
1.975
1.91875
1.81875
1.85
1.0375
0.4875
0.16875
-0.275
0.09375
0.76875
1.36875
1.5125
1.45
0.9125
0.45
0.44375
0.03125
-0.0875
-0.48125
-0.85625
-1.125
-1.6
-1.775
-1.96875
-1.9875
-2.13125
-2.14375
-1.675
-0.725
0.2625
1.31875
1.85
1.58125
1.48125
0.99375
0.2875
-0.0875
-0.13125
0.1
0.88125
1.6125
1.85625
1.84375
1.23125
0.975
0.7
0.35
0.64375
0.64375
0.75625
1.3125
1.2
0.58125
0.41875
-0.525
-1.11875
-1.0375
-1.74375
-1.4125
-0.8125
-0.425
0.41875
0.425
-0.36875
-1.125
-1.925
-2.36875
-1.9
-1.64375
-0.925
0.0375
0.275
1.1
1.275
1.16875
1.5625
1.14375
0.5625
-0.14375
-1.01875
-0.99375
-0.15625
0.95625
2.075
2.43125
1.99375
1.11875
0.0625
-0.86875
-1.68125
-2.06875
-2.30625
-1.925
-0.93125
-0.03125
1.4
1.8875
1.5
0.8125
-0.8625
-2.11875
-2.11875
-2.11875
-2.11875
