0.4075
0.4075
0.4075
0.4075
0.49625
0.555625
0.59375
0.613125
0.59125
0.5825
0.570625
0.5475
0.526875
0.51
0.505625
0.500625
0.505
0.490625
0.485
0.51
0.536875
0.55875
0.5575
0.505625
0.410625
0.339375
0.29875
0.30375
0.3475
0.383125
0.39375
0.388125
0.42125
0.470625
0.545
0.601875
0.616875
0.6375
0.6325
0.6575
0.684375
0.665625
0.65625
0.63125
0.611875
0.6175
0.61875
0.6025
0.575
0.538125
0.51
0.5175
0.531875
0.565
0.589375
0.590625
0.59875
0.59625
0.611875
0.613125
0.59125
0.526875
0.400625
0.3175
0.27625
0.311875
0.43125
0.503125
0.541875
0.54625
0.5275
0.550625
0.580625
0.610625
0.61875
0.60625
0.60625
0.571875
0.546875
0.5225
0.45875
0.445625
0.429375
0.425
0.458125
0.4975
0.546875
0.54625
0.50125
0.395
0.27125
0.235625
0.250625
0.343125
0.436875
0.46
0.49875
0.47625
0.503125
0.5675
0.5775
0.645625
0.659375
0.641875
0.66
0.6225
0.576875
0.575
0.555625
0.55875
0.593125
0.588125
0.595625
0.605
0.623125
0.66125
0.683125
0.700625
0.68875
0.66875
0.66125
0.663125
0.675625
0.664375
0.661875
0.624375
0.588125
0.59125
0.569375
0.575
0.56625
0.52625
0.51
0.515625
0.543125
0.61375
0.655
0.65875
0.6475
0.60875
0.5775
0.55125
0.5425
0.511875
0.5075
0.510625
0.469375
0.438125
0.38875
0.341875
0.368125
0.43625
0.515625
0.6025
0.63625
0.64
0.62625
0.60375
0.61
0.5925
0.605625
0.60875
0.606875
0.63875
0.62
0.62125
0.605
0.606875
0.6425
0.674375
0.714375
0.688125
0.650625
0.591875
0.531875
0.52625
0.530625
0.564375
0.595
0.600625
0.586875
0.535
0.491875
0.464375
0.45375
0.48625
0.5
0.468125
0.40875
0.316875
0.255625
0.27375
0.358125
0.473125
0.579375
0.62875
0.619375
0.604375
0.5725
0.564375
0.58625
0.5925
0.60375
0.61
0.588125
0.55375
0.52375
0.48125
0.453125
0.4575
0.461875
0.5
0.5625
0.599375
0.63375
0.635
0.599375
0.550625
0.490625
0.44
0.40375
0.43625
0.49625
0.549375
0.594375
0.570625
0.56375
0.570625
0.6175
0.69875
0.7275
0.74625
0.719375
0.663125
0.6125
0.553125
0.5075
0.445
0.40875
0.376875
0.345
0.381875
0.414375
0.438125
0.45125
0.43
0.405625
0.429375
0.471875
0.51875
0.520625
0.45875
0.356875
0.24625
0.21
0.244375
0.244375
0.244375
0.244375
