0.021125515
0.021125515
0.021125515
0.021125515
0.020950205
0.02307347625
0.02429094875
0.02453444625
0.025703218125
0.028888115
0.042455605625
0.05347128375
0.065792089375
0.0718794575
0.057201638125
0.0459716875
0.03336843125
0.0342644875
0.0455431375
0.06476945625
0.08791115625
0.0934043875
0.1092802125
0.1074685875
0.09638471625
0.0883494075
0.0673406925
0.053802396875
0.0565489875
0.064710878125
0.06676600125
0.075483116875
0.06198381875
0.047286533125
0.04164719875
0.03629033375
0.05091944125
0.06435056125
0.077489488125
0.07779138375
0.063590824375
0.050802526875
0.039319356875
0.035102061875
0.045085329375
0.0552633925
0.072911875
0.09718342
0.1057934025
0.113565765625
0.11313721625
0.098332729375
0.08925523625
0.08096666375
0.0664641225
0.05862360625
0.058535915
0.057746960625
0.05861378125
0.067467176875
0.06430175375
0.061457743125
0.06252911375
0.059295571875
0.06145783625
0.063444785
0.0645356775
0.0557698825
0.04838713125
0.04229976875
0.03742013125
0.0392414625
0.03753700625
0.033816418125
0.02978416125
0.025342835625
0.02826476
0.036134479375
0.05148431125
0.066327674375
0.08128794375
0.09108614375
0.08650850625
0.0911057
0.09077455
0.08904087875
0.09276144875
0.0858072875
0.0739247825
0.064233719375
0.05562376875
0.049994161875
0.04448146125
0.041092028125
0.04208548375
0.0377902525
0.03740066
0.033787208125
0.02303452
0.017141969375
0.016177735
0.018778249375
0.024018233125
0.03370928375
0.035715670625
0.03433262375
0.033904075625
0.02633629125
0.022976080625
0.02146642625
0.02105736
0.03155679375
0.0415108
0.0515622
0.058457925
0.05756186875
0.0566658125
0.0535101375
0.05504901875
0.05360755625
0.0552828125
0.0682756875
0.07393453125
0.088144875
0.095206243125
0.0859047675
0.086732635625
0.070700955
0.069356850625
0.070632770625
0.064301940625
0.069619874375
0.06492530125
0.065217479375
0.06607456375
0.06620116625
0.05539975625
0.04260170125
0.03932914625
0.0389200775
0.04959487125
0.06129233625
0.0567633325
0.048163115625
0.03696238125
0.02823554375
0.0242422475
0.0221384575
0.033124915
0.04486133625
0.06164295
0.07937906375
0.08025562875
0.07563896875
0.0667660325
0.0566269275
0.04979935375
0.04579631125
0.044121071875
0.03996219625
0.03503388375
0.0273200025
0.0193723675
0.01793088625
0.0208917725
0.03296904625
0.048348094375
0.05625675
0.0627921
0.0577566625
0.04922465625
0.04604951875
0.05236091875
0.06334738125
0.07628179375
0.084843055625
0.072619648125
0.062090959375
0.045806076875
0.033767726875
0.035929953125
0.039377804375
0.055935343125
0.07760623125
0.10217955
0.1168768
0.11578595
0.1019945
0.073690855625
0.05450359875
0.042893848125
0.034215746875
0.036738340625
0.041715334375
0.052224490625
0.066493191875
0.0782685175
0.078473055625
0.063785549375
0.04978956125
0.033309936875
0.022352731875
0.02004440875
0.017697129375
0.01963534125
0.022323514375
0.030767881875
0.033456055625
0.036563036875
0.04149135
0.03899796875
0.04340033125
0.04336136875
0.04292308125
0.04587423125
0.04546516875
0.04727676875
0.0499454625
0.05584778125
0.06465254375
0.073963775
0.08218415625
0.0757364125
0.068762725
0.06186695
0.05018895625
0.05306218125
0.048952000625
0.05201031375
0.062938345625
0.06333770375
0.071080835625
0.060444991875
0.046156741875
0.037946099375
0.03091397
0.038510979375
0.04513401375
0.052039498125
0.0524777825
0.04669236625
0.03939728875
0.03081656875
0.02389161125
0.01918731625
0.0256642375
0.03588122
0.046789720625
0.06718475875
0.078882216875
0.087482435
0.098166960625
0.0937937925
0.086440280625
0.0756291575
0.06362004625
0.051455115625
0.0383551475
0.032170401875
0.03605658125
0.046585274375
0.06325001125
0.075892230625
0.06965876875
0.063405825
0.05493221875
0.04413081375
0.03945573375
0.043371135
0.04426721125
0.05151360375
0.061652701875
0.05192266875
0.052906348125
0.04678001
0.041325716875
0.04656568625
0.037215543125
0.0326184
0.03025165625
0.03505335625
0.04897144375
0.0617889375
0.0703599
0.062743430625
0.05177648625
0.042387379375
0.031254859375
0.028839398125
0.028683561875
0.025469444375
0.026112265625
0.027962815
0.025021405625
0.026579765
0.026141479375
0.0241740575
0.028401115625
0.028401115625
0.028401115625
0.028401115625
