3.3125
3.3125
3.3125
3.3125
3.7875
3.54375
3.00625
2.85
2.85
3.35625
3.9625
4.0125
3.86875
3.4
2.975
2.9875
2.76875
3.0625
3.75625
4.125
4.7125
4.675
4.08125
3.8375
3.95625
4.73125
5.41875
5.65625
5.3125
4.60625
4.425
4.525
4.90625
4.93125
4.4375
3.90625
3.46875
3.34375
3.4125
3.48125
3.14375
3.09375
3.275
3.6
4.0625
4.075
3.93125
3.70625
3.55625
3.975
4.18125
4.0375
3.93125
3.2125
2.68125
2.51875
2.575
2.76875
2.95625
3.0625
2.975
3.21875
3.41875
3.58125
3.80625
3.59375
3.64375
3.76875
3.71875
3.89375
3.9125
4.1
4.3125
4.65625
4.7
4.33125
3.84375
3.28125
3.15625
3.2
3.4625
3.45625
3.1875
2.95625
2.89375
3.0375
3.1
3.34375
3.175
3.00625
3.13125
3.04375
3.525
3.96875
4.29375
4.5375
4.275
4.05
3.575
3.325
2.9625
2.75
3.15625
3.3375
3.775
3.95
3.3625
2.85
2.55625
2.375
2.475
2.65
2.425
2.35
2.4
2.4125
2.96875
3.43125
3.8875
4.525
4.4375
4.09375
3.8625
3.26875
3.1875
3.4125
3.45
3.675
3.7125
3.45
3.06875
2.89375
2.64375
2.675
3.01875
2.9375
2.96875
3.1125
2.95
3.10625
3.50625
3.70625
4.1
4.49375
4.58125
4.38125
4.13125
3.675
3.25
3.30625
3.36875
3.5875
3.6875
3.4375
3.33125
3.0
2.825
3.03125
3.09375
3.2375
3.6125
3.825
4.0375
4.375
4.45
4.225
3.85625
3.7
3.30625
3.0625
3.20625
2.85625
2.9625
3.45625
3.575
4.18125
4.40625
4.33125
4.6375
4.675
4.8875
4.8
4.31875
3.83125
3.51875
3.55
3.625
3.8
3.6625
3.525
3.51875
3.3375
3.34375
3.41875
3.41875
3.41875
3.41875
