-0.444375
-0.444375
-0.444375
-0.444375
-0.565
-0.5725
-0.450625
-0.1975
0.055625
0.3925
0.419375
0.219375
-0.015
-0.32125
-0.446875
-0.464375
-0.360625
-0.389375
-0.366875
-0.38125
-0.535
-0.57875
-0.6175
-0.6225
-0.57
-0.410625
-0.369375
-0.316875
-0.15625
-0.10625
-0.000625
0.11875
0.125
0.024375
-0.050625
-0.011875
-0.08375
0.07875
0.20875
0.0875
0.069375
-0.175
-0.4175
-0.5575
-0.685
-0.701875
-0.7075
-0.674375
-0.64
-0.608125
-0.559375
-0.524375
-0.345
-0.15125
0.170625
0.4775
0.431875
0.369375
-0.04
-0.495
-0.54625
-0.621875
-0.455625
-0.08
0.05
0.3225
0.571875
0.510625
0.391875
0.155
0.0025
0.0025
0.071875
0.075625
-0.021875
-0.085
-0.135625
-0.18875
-0.358125
-0.545
-0.678125
-0.6075
-0.4225
-0.31125
-0.226875
-0.2925
-0.345
-0.1825
0.083125
0.223125
0.340625
0.16625
-0.27125
-0.523125
-0.76375
-0.749375
-0.540625
-0.423125
-0.28875
-0.38125
-0.53875
-0.47
-0.316875
-0.050625
0.261875
0.3675
0.371875
0.345625
0.290625
0.141875
-0.12
-0.225
-0.31875
-0.28125
-0.150625
-0.125625
-0.008125
0.139375
0.2875
0.278125
0.170625
0.0875
0.178125
0.499375
0.715
0.746875
0.6225
0.280625
0.190625
0.3175
0.29375
0.384375
0.19
-0.055625
-0.109375
-0.20125
-0.145
-0.1625
-0.216875
-0.085625
0.165625
0.34
0.509375
0.444375
0.10375
-0.030625
-0.2075
-0.3525
-0.245625
-0.354375
-0.2725
-0.128125
-0.210625
-0.188125
-0.405625
-0.47625
-0.26375
-0.05875
0.335
0.463125
0.40125
0.4875
0.38125
0.34875
0.243125
0.048125
0.0425
0.230625
0.503125
0.57
0.565
0.293125
0.15625
0.146875
0.005
0.08625
-0.0575
-0.148125
-0.123125
-0.206875
-0.178125
-0.145
-0.116875
-0.04875
0.001875
0.14
0.3
0.221875
0.155625
-0.17375
-0.58125
-0.7925
-0.91
-0.720625
-0.41375
-0.02
0.343125
0.3975
0.37375
0.2275
-0.13625
-0.238125
-0.205625
-0.1375
0.0625
0.180625
0.225625
0.371875
0.540625
0.550625
0.475
0.145625
-0.16875
-0.29125
-0.46375
-0.465
-0.496875
-0.604375
-0.618125
-0.6275
-0.600625
-0.5625
-0.430625
-0.329375
-0.25375
-0.121875
-0.2
-0.259375
-0.195625
-0.275
-0.09375
0.030625
0.036875
0.2
0.21875
0.479375
0.74
0.8775
0.885625
0.5525
0.219375
-0.035625
-0.170625
-0.160625
-0.1225
0.01
0.144375
0.24625
0.291875
0.125
-0.034375
-0.145625
-0.3625
-0.360625
-0.26
-0.175
0.059375
0.159375
0.066875
-0.06
-0.084375
-0.195
-0.25125
-0.14
-0.146875
-0.053125
0.13875
0.1975
0.10375
0.029375
-0.128125
-0.3675
-0.395625
-0.4825
-0.560625
-0.411875
-0.34625
-0.1275
0.228125
0.29375
0.400625
0.295
-0.035625
-0.12
-0.22125
-0.22375
-0.025625
0.07125
0.269375
0.469375
0.48125
0.493125
0.293125
0.055
-0.13375
-0.388125
-0.393125
-0.254375
-0.031875
0.215
0.295
0.201875
0.06125
-0.038125
-0.109375
-0.11125
-0.14375
-0.025625
0.08
0.170625
0.331875
0.14625
-0.166875
-0.46125
-0.7825
-0.71125
-0.44875
-0.176875
0.065
-0.034375
-0.08375
-0.169375
-0.2175
-0.12625
-0.2525
-0.24625
-0.10875
-0.01125
0.200625
0.14125
-0.22625
-0.395625
-0.416875
-0.1875
0.230625
0.378125
0.193125
-0.1525
-0.41625
-0.59625
-0.584375
-0.471875
-0.47
-0.28125
0.054375
0.45875
0.865
1.120625
1.113125
0.851875
0.48
0.091875
-0.17625
-0.233125
-0.181875
-0.261875
-0.269375
-0.26125
-0.1375
0.179375
0.320625
0.3875
0.234375
-0.008125
-0.176875
-0.47875
-0.719375
-0.92375
-1.088125
-1.060625
-0.854375
-0.595
-0.2425
0.011875
0.01875
-0.0125
-0.258125
-0.4325
-0.356875
-0.16125
0.07875
0.388125
0.56
0.46375
0.584375
0.51
0.4375
0.49625
0.28
0.138125
-0.121875
-0.389375
-0.400625
-0.29875
0.026875
0.500625
0.694375
0.66125
0.469375
0.144375
-0.08375
-0.139375
-0.1775
-0.228125
-0.2025
-0.059375
0.119375
0.366875
0.58
0.44
0.445
0.23375
0.140625
0.35125
0.40125
0.594375
0.65
0.541875
0.42125
0.34
0.285
0.368125
0.378125
0.410625
0.330625
0.07
-0.09875
-0.348125
-0.345625
-0.2275
-0.00875
0.23625
0.306875
0.461875
0.431875
0.369375
0.269375
0.04875
-0.083125
-0.020625
0.06
0.0725
0.0975
-0.188125
-0.42
-0.55125
-0.59875
-0.436875
-0.174375
0.15625
0.31375
0.425625
0.3125
0.11125
0.0275
0.04125
0.173125
0.220625
0.298125
0.1575
0.09
0.224375
0.140625
0.1325
-0.005
-0.405625
-0.6175
-0.59375
-0.51375
-0.14125
0.29875
0.479375
0.763125
0.80875
0.763125
0.681875
0.343125
0.060625
-0.335625
-0.633125
-0.77625
-0.68125
-0.38375
-0.075
0.268125
0.253125
0.165
0.1725
0.1625
0.4325
0.528125
0.516875
0.49625
0.385625
0.42875
0.471875
0.468125
0.306875
0.155
-0.155
-0.39375
-0.495625
-0.520625
-0.3475
-0.215625
-0.115625
-0.2425
-0.449375
-0.68875
-0.785625
-0.7325
-0.594375
-0.38
-0.385
-0.290625
-0.26125
-0.241875
-0.02
-0.066875
-0.07375
-0.1125
-0.385625
-0.486875
-0.495
-0.495625
-0.336875
-0.175
-0.284375
-0.399375
-0.566875
-0.665625
-0.44625
-0.114375
0.405
0.833125
0.98875
1.0375
0.76375
0.509375
0.376875
0.244375
0.386875
0.396875
0.365625
0.33625
0.101875
-0.016875
-0.071875
-0.143125
-0.165
-0.211875
-0.189375
-0.273125
-0.315
-0.3025
-0.39125
-0.344375
-0.164375
-0.028125
-0.01
-0.046875
-0.355625
-0.640625
-0.805625
-0.87375
-0.645
-0.443125
-0.126875
0.23375
0.335
0.5675
0.68375
0.7425
0.893125
0.82625
0.62625
0.220625
-0.18125
-0.496875
-0.679375
-0.698125
-0.69625
-0.563125
-0.455
-0.251875
0.018125
0.038125
0.22875
0.240625
0.191875
0.316875
0.15625
0.0625
-0.16125
-0.48375
-0.6475
-0.63625
-0.543125
-0.23875
0.168125
0.415
0.72875
0.771875
0.686875
0.44
0.246875
0.1375
-0.07875
-0.034375
-0.08375
-0.064375
0.08375
0.045625
-0.145
-0.404375
-0.661875
-0.725
-0.5025
-0.186875
0.1475
0.261875
0.129375
0.0125
-0.074375
-0.048125
0.225
0.398125
0.3725
0.36625
0.226875
0.18625
0.30125
0.534375
0.656875
0.545
0.52125
0.198125
-0.021875
0.0525
-0.13625
-0.163125
-0.2225
-0.533125
-0.649375
-0.60375
-0.478125
-0.26875
-0.10875
-0.154375
-0.215625
-0.1025
0.018125
0.064375
0.046875
-0.20875
-0.464375
-0.49625
-0.471875
-0.23875
0.01875
0.183125
0.34
0.228125
0.084375
-0.188125
-0.52125
-0.639375
-0.806875
-0.8525
-0.806875
-0.8275
-0.74625
-0.673125
-0.623125
-0.56375
-0.546875
-0.4125
-0.295
-0.168125
-0.04375
-0.149375
-0.15375
-0.21875
-0.325625
-0.305625
-0.399375
-0.4
-0.35875
-0.228125
-0.16625
-0.048125
0.115625
0.0675
0.08375
-0.005
-0.0325
0.043125
0.113125
0.09125
-0.144375
-0.266875
-0.366875
-0.25
0.035625
0.134375
0.2725
0.2925
0.143125
0.035625
-0.015625
-0.111875
0.051875
0.255
0.259375
0.2525
-0.059375
-0.238125
-0.16875
0.045625
0.4125
0.513125
0.291875
-0.121875
-0.383125
-0.49625
-0.451875
-0.28875
-0.39625
-0.356875
-0.21125
0.0225
0.359375
0.338125
0.194375
-0.155625
-0.475625
-0.446875
-0.2375
0.069375
0.385625
0.43875
0.186875
-0.063125
-0.263125
-0.241875
0.08375
0.51125
0.770625
0.80125
0.54625
0.205625
-0.029375
-0.180625
-0.096875
-0.14375
-0.219375
-0.241875
-0.33875
-0.351875
-0.3825
-0.399375
-0.55375
-0.654375
-0.568125
-0.385
-0.08375
0.17875
0.1875
0.03875
-0.085625
-0.0575
0.039375
0.0575
-0.013125
-0.315625
-0.47125
-0.52625
-0.356875
0.016875
0.179375
0.350625
0.36
0.158125
0.169375
0.27625
0.385
0.606875
0.599375
0.50625
0.295
0.070625
-0.045625
-0.285
-0.288125
-0.270625
-0.263125
-0.1525
-0.179375
-0.12
-0.025625
0.03625
0.035625
-0.085625
-0.26625
-0.361875
-0.4075
-0.525
-0.544375
-0.56125
-0.529375
-0.448125
-0.433125
-0.445
-0.490625
-0.46
-0.320625
-0.275
-0.231875
-0.124375
-0.118125
-0.05375
0.08125
0.00375
-0.191875
-0.3725
-0.636875
-0.806875
-0.841875
-0.845
-0.70125
-0.54375
-0.3675
-0.078125
0.11625
0.380625
0.57375
0.578125
0.410625
0.2725
0.11875
-0.0925
-0.109375
-0.330625
-0.455
-0.39625
-0.26875
-0.026875
0.32
0.49375
0.55875
0.72875
0.5975
0.555
0.35625
0.046875
0.046875
0.046875
0.046875
