-0.94375
-0.94375
-0.94375
-0.94375
-0.85625
-0.5625
-0.425
-0.24375
-0.275
-0.36875
-0.2875
-0.425
-0.525
-0.68125
-0.88125
-0.825
-0.73125
-0.46875
-0.175
-0.15625
-0.23125
-0.56875
-0.89375
-0.9375
-0.7875
-0.35625
-0.1125
-0.13125
-0.28125
-0.61875
-0.74375
-0.59375
-0.45625
-0.20625
0.05
0.1875
0.31875
0.40625
0.34375
0.24375
0.23125
0.175
0.28125
0.4
0.475
0.5125
0.4125
0.2625
0.0375
-0.20625
-0.3625
-0.43125
-0.45
-0.3
-0.2
-0.175
-0.10625
-0.1375
-0.15
-0.15625
-0.29375
-0.34375
-0.39375
-0.34375
-0.19375
-0.18125
-0.21875
-0.4
-0.49375
-0.53125
-0.55625
-0.48125
-0.475
-0.475
-0.40625
-0.43125
-0.48125
-0.50625
-0.54375
-0.4625
-0.31875
-0.1125
0.00625
0.1
0.125
-0.05625
-0.24375
-0.55625
-0.86875
-0.93125
-0.84375
-0.525
-0.15625
0.025
0.15
0.10625
-0.075
-0.16875
-0.31875
-0.39375
-0.36875
-0.38125
-0.33125
-0.30625
-0.28125
-0.24375
-0.2375
-0.29375
-0.275
-0.175
-0.1125
-0.01875
-0.14375
-0.4
-0.6625
-0.95625
-0.975
-0.91875
-0.775
-0.5375
-0.41875
-0.35
-0.2625
-0.14375
-0.0375
0.05
-0.03125
-0.24375
-0.46875
-0.5625
-0.475
-0.26875
-0.0875
0.0375
0.08125
-0.00625
-0.00625
-0.03125
-0.00625
0.1
0.1625
0.19375
0.19375
0.18125
0.1625
0.18125
0.11875
0.03125
-0.1
-0.2375
-0.24375
-0.225
-0.125
-0.025
-0.05
-0.05
-0.125
-0.175
-0.1375
-0.075
0.06875
0.15625
0.20625
0.16875
0.08125
0.075
0.0875
0.1375
0.15625
0.11875
0.075
-6.93889390391e-18
-0.05
-0.2125
-0.33125
-0.35
-0.34375
-0.15
-0.075
-0.14375
-0.2375
-0.3625
-0.3375
-0.2375
-0.19375
-0.2375
-0.39375
-0.46875
-0.39375
-0.25625
-0.05625
0.05625
0.075
0.05625
-0.09375
-0.2875
-0.43125
-0.5125
-0.38125
-0.1625
0.01875
0.19375
0.275
0.31875
0.3625
0.3125
0.25
0.1375
-6.93889390391e-18
-0.01875
-0.1
-0.08125
-0.0125
0.0375
0.1625
0.2125
0.2
0.13125
0.0875
0.04375
0.075
0.0625
0.03125
0.05
0.03125
0.0125
-0.04375
-0.125
-0.24375
-0.19375
-0.1125
0.00625
0.1625
0.23125
0.275
0.21875
0.2
0.09375
-0.025
-0.01875
-0.1
-0.19375
-0.21875
-0.29375
-0.30625
-0.10625
-0.1
-0.15625
-0.225
-0.4625
-0.45625
-0.4125
-0.3625
-0.2625
-0.24375
-0.20625
-0.20625
-0.18125
-0.14375
-0.08125
0.0375
0.08125
-0.00625
-0.25625
-0.53125
-0.8
-0.84375
-0.73125
-0.5625
-0.28125
-0.1625
0.0125
0.05
-0.01875
-0.0125
-0.19375
-0.23125
-0.23125
-0.25625
-0.06875
0.03125
0.11875
0.1625
0.0625
-0.04375
-0.1875
-0.25
-0.26875
-0.1875
-0.09375
-0.10625
-0.06875
-0.175
-0.3125
-0.325
-0.39375
-0.30625
-0.08125
0.00625
0.06875
2.08166817117e-17
-0.15
-0.1875
-0.1625
-0.0875
-0.01875
-6.93889390391e-18
-0.0125
0.025
0.075
0.19375
0.2875
0.28125
0.25625
0.13125
0.0375
0.0375
0.0625
0.09375
0.1
0.0625
0.0
0.05
0.0875
0.0875
0.14375
0.075
0.025
0.0375
-0.04375
-0.0875
-0.125
-0.24375
-0.3125
-0.38125
-0.40625
-0.35
-0.275
-0.125
-0.09375
-0.04375
-0.0125
-0.06875
0.025
0.025
0.05
0.1375
0.1125
0.15
0.125
0.05
0.0375
0.05
0.1125
0.2
0.2625
0.225
0.21875
0.15625
0.09375
0.14375
0.06875
0.00625
-0.09375
-0.30625
-0.4375
-0.5125
-0.575
-0.575
-0.55
-0.575
-0.575
-0.55
-0.575
-0.55
-0.5
-0.5
-0.475
-0.5
-0.55
-0.55
-0.55
-0.5
-0.475
-0.5
-0.5
-0.55
-0.55
-0.525
-0.55
-0.525
-0.55
-0.575
-0.55
-0.575
-0.575
-0.55
-0.55
-0.525
-0.5
-0.525
-0.5375
-0.5125
-0.4125
-0.20625
-0.025
0.1625
0.2375
0.225
0.2375
0.1375
0.1125
0.10625
0.075
0.1625
0.175
0.1125
0.1125
0.025
-0.025
0.04375
0.05
0.13125
0.2375
0.28125
0.30625
0.3125
0.2625
0.175
0.125
-2.08166817117e-17
-0.0875
-0.075
-0.06875
0.05625
0.06875
-0.025
-0.15625
-0.4125
-0.4125
-0.3625
-0.25
-0.0625
-0.15
-0.275
-0.49375
-0.725
-0.7625
-0.7
-0.5
-0.3125
-0.19375
-0.175
-0.1875
-0.13125
-0.025
0.11875
0.225
0.25625
0.11875
-0.01875
-0.21875
-0.4375
-0.43125
-0.44375
-0.33125
-0.13125
-0.0625
0.05625
0.075
0.03125
0.0375
0.0375
0.0875
0.10625
0.0375
-0.0875
-0.2
-0.28125
-0.34375
-0.4
-0.5375
-0.60625
-0.63125
-0.575
-0.4625
-0.39375
-0.21875
-0.1375
-0.03125
0.0625
0.05
0.125
0.21875
0.19375
0.13125
0.00625
-0.2125
-0.26875
-0.2875
-0.35625
-0.3375
-0.3625
-0.35
-0.2375
-0.1625
-0.00625
-0.01875
-0.15
-0.275
-0.60625
-0.6625
-0.5875
-0.55625
-0.29375
-0.21875
-0.125
-0.09375
-0.09375
-0.09375
-0.09375
