0.935625
0.935625
0.935625
0.935625
0.97375
1.0275
1.035
1.0675
1.093125
1.098125
1.126875
1.116875
1.101875
1.094375
1.045625
0.999375
0.9675
0.963125
0.98375
1.0175
1.05625
1.045625
1.038125
1.015625
0.963125
0.968125
0.9775
1.0225
1.084375
1.065625
1.066875
1.04125
1.01
1.024375
0.98875
0.950625
0.911875
0.886875
0.866875
0.879375
0.901875
0.900625
0.95625
0.99625
1.03125
1.0775
1.06875
1.00625
0.92625
0.893125
0.871875
0.901875
0.954375
0.933125
0.93
0.93
0.930625
0.97125
0.99125
0.978125
0.9875
0.9975
1.015
1.055
1.076875
1.060625
1.035
1.01625
0.9775
0.9875
1.02875
1.0775
1.14375
1.15875
1.180625
1.189375
1.16625
1.183125
1.129375
1.051875
0.99875
0.898125
0.885
0.918125
0.978125
1.084375
1.1
1.07
0.976875
0.908125
0.935625
0.984375
1.103125
1.16125
1.1575
1.1875
1.159375
1.15125
1.119375
1.031875
0.983125
0.92375
0.91125
0.930625
0.931875
0.950625
0.96875
0.98
1.00875
1.03
1.0425
1.066875
1.041875
1.068125
1.07125
1.07
1.093125
1.06
1.06625
1.035625
1.019375
0.994375
0.966875
0.945
0.96625
1.035
1.095
1.180625
1.193125
1.1525
1.0875
1.0375
1.01
1.0175
1.025
1.011875
1.003125
1.0
1.03
1.086875
1.13125
1.146875
1.16875
1.155
1.14875
1.116875
1.046875
0.986875
0.93125
0.964375
0.990625
1.00125
1.02375
0.993125
1.00875
1.065625
1.133125
1.161875
1.158125
1.093125
0.97625
0.93125
0.924375
0.940625
1.001875
0.995
0.97
0.995
0.9875
1.034375
1.055
1.015
1.03875
1.063125
1.10375
1.165625
1.1375
1.069375
0.968125
0.858125
0.81125
0.794375
0.82875
0.9225
0.996875
1.0825
1.1325
1.12375
1.105625
1.065
1.04
0.99875
0.964375
0.900625
0.873125
0.876875
0.878125
0.913125
0.91375
0.89125
0.890625
0.91
0.909375
0.96625
1.030625
1.051875
1.1025
1.0925
1.050625
1.033125
0.984375
0.9375
0.905625
0.876875
0.8875
0.965625
1.03625
1.1075
1.141875
1.08125
1.020625
0.941875
0.90625
0.92875
0.924375
0.9325
0.9275
0.918125
0.92125
0.95875
0.953125
0.945
0.94875
0.90625
0.895625
0.894375
0.89125
0.89
0.9225
0.905
0.94
1.013125
1.038125
1.119375
1.105625
1.024375
0.93875
0.834375
0.799375
0.809375
0.8625
0.891875
0.8875
0.885
0.836875
0.818125
0.805
0.77125
0.759375
0.74625
0.73875
0.73875
0.73875
0.73875
