5.95
5.95
5.95
5.95
5.89375
5.7875
5.85625
6.10625
6.625
6.5
6.0
5.6625
5.10625
4.9625
5.30625
5.50625
5.48125
5.6375
5.59375
5.53125
5.75
5.68125
5.70625
5.9625
6.1625
6.39375
6.8875
6.7375
6.7375
6.825
6.30625
6.43125
6.09375
6.14375
6.31875
6.10625
6.5375
6.3625
6.29375
6.31875
5.975
5.70625
5.69375
5.89375
5.9875
6.3
6.2125
6.225
6.45625
6.4
6.525
6.0
5.3375
4.7625
4.2
4.4375
5.1375
6.1125
7.0625
7.34375
6.825
6.3375
6.275
6.35
7.04375
7.35
6.83125
6.44375
5.60625
4.90625
4.85
4.7125
4.725
5.25
5.3875
5.6875
6.15
5.70625
5.34375
4.9
4.51875
4.54375
4.65625
5.16875
5.40625
5.73125
5.95
5.76875
5.70625
5.86875
6.21875
6.0875
6.15
5.7875
5.39375
5.625
5.90625
6.68125
7.33125
7.68125
7.8
7.18125
6.625
6.38125
5.8
5.61875
5.4375
5.1875
5.2125
5.2375
5.2625
5.05
4.80625
4.75625
5.10625
5.59375
6.4875
7.39375
7.66875
7.96875
7.7375
6.8875
6.05
5.39375
5.35625
5.73125
6.28125
6.35
6.01875
5.86875
6.075
6.88125
7.35
7.6375
7.39375
6.75
6.6
6.28125
6.58125
6.8375
6.8875
7.09375
6.5625
6.10625
5.59375
5.50625
5.69375
6.39375
7.30625
7.3125
7.44375
6.9125
6.325
6.33125
6.15625
5.83125
5.3
4.60625
4.25625
4.59375
5.15625
5.78125
5.95625
5.7625
5.20625
4.70625
4.375
3.95
4.1125
4.125
4.70625
5.40625
5.63125
6.2625
6.38125
6.525
6.8875
6.6625
5.94375
5.11875
4.09375
3.8
4.2875
4.88125
5.7625
5.69375
5.05
4.475
3.825
3.95625
4.3875
4.93125
5.4125
5.5625
6.18125
6.8125
7.6875
8.44375
8.45
7.9125
6.925
6.5125
6.2375
6.225
6.41875
5.8625
5.4375
5.1625
5.13125
5.59375
5.89375
6.225
6.50625
6.41875
6.5625
6.3375
5.59375
5.04375
4.50625
4.33125
4.43125
4.73125
4.9625
5.2375
5.49375
5.8
6.0
5.90625
5.975
5.4
4.91875
4.575
3.9875
3.74375
3.5375
3.30625
3.8
4.84375
6.125
7.6625
8.45625
8.35625
7.75
6.70625
6.025
5.76875
5.95
6.4
6.26875
6.03125
5.45625
4.9625
4.93125
4.99375
5.525
5.9625
6.3375
6.80625
6.9375
7.03125
7.0625
7.0625
6.6625
6.09375
5.575
4.85
4.525
4.36875
4.3
4.3625
4.4125
4.4625
4.56875
4.61875
4.6375
5.05625
5.09375
5.26875
5.94375
6.21875
6.71875
7.4125
7.15625
6.5
5.95
5.1875
4.9625
5.33125
5.525
5.2875
5.45625
5.2375
5.15625
5.56875
5.13125
4.725
4.3125
3.9
3.8875
4.1875
4.59375
4.73125
4.85625
5.24375
5.35625
5.71875
6.10625
5.625
5.225
4.8625
4.70625
5.0625
5.66875
6.0
6.29375
6.53125
6.41875
6.4625
5.9125
5.35
4.9375
4.68125
4.85
5.04375
5.6375
6.29375
7.10625
7.8125
7.9125
7.2875
6.3875
6.075
5.69375
5.9625
6.44375
6.43125
7.175
7.6875
7.83125
7.48125
6.25
5.10625
4.225
3.99375
4.1625
4.5125
5.175
6.01875
7.2625
8.11875
8.35
7.75
6.2375
4.825
4.0375
3.675
4.0
4.9125
5.24375
5.86875
6.25625
5.69375
5.45
4.90625
4.825
5.20625
5.5375
5.8625
5.225
4.825
4.33125
3.85
4.0
4.1125
4.25
4.8125
5.53125
6.04375
6.775
6.95625
7.18125
7.00625
6.68125
6.76875
6.1875
5.95
5.63125
5.00625
4.84375
4.7
5.13125
5.51875
5.95
6.9125
6.96875
7.0625
7.28125
6.44375
6.03125
5.86875
5.29375
5.575
5.90625
6.01875
6.1
6.15625
6.28125
6.53125
7.05
6.80625
6.3875
5.84375
5.24375
5.23125
5.05625
4.94375
4.76875
4.4875
4.6625
5.05625
5.73125
6.6
7.03125
7.0125
6.725
6.09375
5.70625
5.78125
5.95625
6.6875
7.24375
7.35
7.35625
6.96875
6.95
7.15
7.06875
6.59375
5.6625
4.56875
3.9125
3.775
3.7625
3.99375
4.18125
4.33125
4.71875
5.10625
5.2625
5.1125
4.69375
4.59375
5.225
6.26875
7.3125
7.75
7.225
6.23125
5.35
4.65
4.3375
4.3375
4.3375
4.3375
