0.0605625
0.0605625
0.0605625
0.0605625
0.021625
-0.023125
-0.082625
-0.074125
-0.0035
0.0644375
0.1145
0.172125
0.1170625
0.0703125
0.124625
0.1415625
0.270875
0.313875
0.232875
0.1551875
0.032
-0.0105
0.036375
0.0425625
0.052
-0.033125
-0.183
-0.288875
-0.3885
-0.347375
-0.2610625
-0.1113125
0.0226875
0.1005625
0.1945
0.1615625
0.104125
0.0539375
-0.1016875
-0.193875
-0.2320625
-0.31325
-0.2621875
-0.175125
-0.1105
-0.010125
0.080125
0.142375
0.1974375
0.20275
0.1378125
0.0843125
0.057625
0.1114375
0.14825
0.165625
0.1566875
0.0440625
0.0148125
-0.0646875
-0.1608125
-0.1039375
-0.0734375
0.059
0.2463125
0.3346875
0.4328125
0.4275625
0.3608125
0.2866875
0.1361875
0.0715
0.0616875
0.028375
0.048
0.049625
0.027125
0.044875
0.085625
0.0940625
0.1
0.1629375
0.1683125
0.2075
0.2599375
0.198375
0.2026875
0.17175
0.17975
0.276375
0.2830625
0.3156875
0.2489375
0.1759375
0.2001875
0.18375
0.224875
0.240625
0.175875
0.18375
0.175875
0.15125
0.1796875
0.194
0.207875
0.19825
0.163
0.09225
0.00575
0.0165
0.060875
0.057625
0.1354375
0.08925
0.0678125
0.135
0.1198125
0.2024375
0.230125
0.2161875
0.262375
0.2569375
0.1994375
0.1544375
0.05
-0.0208125
-0.0016875
0.0325
0.089
0.176875
0.253875
0.271625
0.2840625
0.1953125
0.0680625
0.006625
-0.02175
0.047125
0.1563125
0.2575
0.3004375
0.2869375
0.27075
0.2551875
0.248375
0.2906875
0.325625
0.3285
0.421875
0.4560625
0.4045
0.3265625
0.1366875
-0.0335625
-0.121875
-0.1785
-0.1863125
-0.154625
-0.1340625
-0.0518125
0.0239375
0.0500625
0.09175
0.1064375
0.1276875
0.1254375
0.13725
0.090375
0.0563125
0.0753125
0.07025
0.1331875
0.13975
0.11625
0.06425
-0.1113125
-0.2698125
-0.375
-0.4079375
-0.2864375
-0.09775
0.02325
0.0919375
0.1204375
0.114875
0.165
0.21375
0.2535
0.2525625
0.2163125
0.146
-0.0220625
-0.1176875
-0.1485
-0.1353125
0.001625
0.0551875
0.0290625
0.083125
0.0423125
0.0431875
0.071625
0.02925
0.0918125
0.194625
0.3206875
0.4126875
0.43675
0.4044375
0.3051875
0.1889375
0.088875
-0.0191875
-0.120625
-0.1563125
-0.1590625
-0.0806875
0.1111875
0.23175
0.2391875
0.199
0.0453125
-0.0479375
0.0015
0.0154375
0.0470625
0.0883125
0.068
0.07525
0.1293125
0.1685625
0.206875
0.2344375
0.21225
0.1380625
0.09
0.018875
-0.0521875
-0.0236875
-0.0976875
-0.0729375
-0.0033125
0.0604375
0.25225
0.3013125
0.323875
0.2470625
0.0976875
0.1010625
0.1255
0.15725
0.1890625
0.118375
0.0290625
0.02375
0.070875
0.103875
0.136875
0.0921875
0.008375
-0.0035625
-0.05575
-0.0010625
0.037
0.0359375
0.063625
-0.055875
-0.129625
-0.195875
-0.17275
-0.0239375
0.148
0.2958125
0.289375
0.233625
0.06675
-0.019
0.00575
0.032875
0.1471875
0.1891875
0.214625
0.1915625
0.183875
0.1915
0.1815625
0.2121875
0.206625
0.1245
0.0248125
-0.0190625
-0.0796875
0.0128125
0.09875
0.1335
0.1864375
0.121125
0.104
0.0901875
0.09025
0.156125
0.1866875
0.2055625
0.209125
0.2046875
0.2195
0.21125
0.178375
0.11325
0.0763125
0.06175
0.081125
0.1341875
0.0940625
0.098
0.092625
0.06825
0.090875
0.0509375
0.0263125
-0.037125
-0.0403125
0.0464375
0.101125
0.208875
0.2501875
0.2394375
0.1951875
0.1823125
0.1939375
0.1614375
0.230875
0.199125
0.20875
0.245625
0.2019375
0.2280625
0.1540625
0.1036875
0.0901875
0.0751875
0.145375
0.1591875
0.1441875
0.1145625
-0.020625
-0.0335
-0.01275
0.0033125
0.151625
0.1665625
0.18825
0.1819375
0.0895625
0.01775
-0.039625
-0.0478125
-0.039625
0.0563125
0.11825
0.209375
0.273125
0.211375
0.1073125
-0.047375
-0.1233125
-0.052875
0.0760625
0.189125
0.24025
0.147125
0.018375
-0.019875
-0.052125
-0.028
0.05175
0.065125
0.1483125
0.275625
0.3514375
0.3376875
0.2501875
0.1044375
-0.0676875
-0.0606875
-0.0771875
-0.027875
0.051625
0.0154375
0.0095
-0.0395625
-0.065625
-0.0741875
-0.00575
0.0631875
0.15225
0.2506875
0.215125
0.1296875
0.012625
-0.0711875
-0.078
0.01775
0.1026875
0.08725
0.074625
0.036375
0.028375
0.08675
0.1611875
0.2095
0.2398125
0.2909375
0.2670625
0.172375
0.0345625
-0.156375
-0.23975
-0.1815
-0.0815625
0.1024375
0.1635625
0.0875
0.0355
-0.076125
-0.0398125
0.1045625
0.213625
0.339875
0.3639375
0.371
0.3665
0.3318125
0.3285
0.26575
0.256625
0.271625
0.178875
0.121625
0.0368125
-0.0183125
0.061
0.0956875
0.14475
0.1279375
0.0756875
0.1104375
0.085875
0.0586875
0.051625
-0.017375
-0.0446875
0.0153125
0.012625
0.0561875
0.1205625
0.1499375
0.2411875
0.32175
0.4009375
0.406375
0.305375
0.130625
-0.07975
-0.1938125
-0.17375
-0.075875
0.014125
0.06575
0.0729375
0.0513125
0.077875
0.1035
0.136375
0.1644375
0.20125
0.2641875
0.2741875
0.287
0.251625
0.12375
0.0240625
0.01075
0.0034375
0.128875
0.2495
0.2515
0.24325
0.1439375
0.0815625
0.1036875
0.1728125
0.26425
0.349125
0.3021875
0.164375
-0.010375
-0.2026875
-0.22525
-0.1295625
0.02625
0.197375
0.2636875
0.256375
0.2398125
0.1465
0.0454375
-0.028
-0.113
-0.1080625
-0.07075
-0.075375
-0.046
-0.0384375
-0.000125
0.103625
0.173375
0.2056875
0.1765
0.0941875
-0.0128125
-0.0566875
-0.0034375
0.110875
0.2081875
0.2648125
0.2289375
0.1789375
0.1474375
0.1395
0.1744375
0.1296875
0.1715625
0.2005625
0.2221875
0.2845625
0.2640625
0.2565
0.1731875
0.1235
0.11175
0.0276875
0.01
-0.02525
-0.0859375
-0.099625
-0.1133125
-0.1301875
-0.140125
-0.11725
-0.037375
0.042375
0.14675
0.247125
0.2905
0.3339375
0.29575
0.23125
0.1305625
0.026625
0.0366875
0.030125
0.07825
0.1751875
0.1536875
0.1965625
0.21325
0.15825
0.1459375
0.041625
-0.0738125
-0.214875
-0.3371875
-0.39625
-0.3923125
-0.29275
-0.12975
0.054125
0.1253125
0.12025
0.0685
-0.015625
-0.02975
0.0013125
-0.001125
-0.015125
-0.020625
-0.0115
-0.0018125
0.065
0.1635
0.2513125
0.32125
0.33625
0.292
0.1868125
0.167375
0.1003125
0.0669375
0.0973125
0.0973125
0.0973125
0.0973125
