0.963125
0.963125
0.963125
0.963125
0.92125
0.94
0.97125
0.99125
0.996875
0.98125
1.024375
1.059375
1.11
1.1525
1.130625
1.12625
1.07875
1.085
1.069375
1.021875
1.01125
0.933125
0.89375
0.899375
0.9175
0.9525
0.965
0.958125
0.92625
0.893125
0.87125
0.876875
0.895
0.90625
0.926875
0.875
0.839375
0.82
0.781875
0.788125
0.816875
0.858125
0.89125
0.9575
0.955625
0.95625
1.019375
1.06875
1.121875
1.1325
1.0575
0.905
0.794375
0.71125
0.709375
0.76625
0.790625
0.815
0.77125
0.735625
0.71625
0.72875
0.776875
0.83625
0.923125
0.999375
1.06875
1.123125
1.148125
1.124375
1.064375
0.968125
0.848125
0.73
0.68375
0.669375
0.7175
0.85
0.94875
1.0475
1.1125
1.085625
1.06875
1.0825
1.10625
1.1775
1.1825
1.16125
1.1325
1.076875
1.090625
1.12375
1.123125
1.12375
1.108125
1.02625
0.995
0.95875
0.90625
0.89625
0.86375
0.90625
0.995625
1.121875
1.195
1.178125
1.153125
1.06875
1.0375
1.035625
0.970625
0.8975
0.85
0.79125
0.76875
0.80875
0.823125
0.86375
0.940625
0.984375
1.03625
1.08
1.086875
1.098125
1.08
1.063125
1.05
1.035
1.054375
1.043125
1.0525
1.0625
1.07375
1.155625
1.190625
1.226875
1.21625
1.134375
1.08
0.99
0.96
0.95625
0.960625
1.045
1.073125
1.09875
1.095
1.00125
0.97
0.9225
0.92375
0.995
1.0475
1.154375
1.224375
1.266875
1.27
1.223125
1.195
1.143125
1.138125
1.136875
1.12625
1.163125
1.1775
1.205625
1.220625
1.225
1.229375
1.194375
1.19875
1.1625
1.073125
1.0525
0.9525
0.9075
0.923125
0.901875
0.986875
1.03125
1.100625
1.195625
1.1925
1.215625
1.219375
1.200625
1.25875
1.285625
1.276875
1.215
1.12125
1.065625
1.0325
1.083125
1.101875
1.051875
0.996875
0.9075
0.854375
0.87875
0.908125
0.948125
0.99875
0.998125
1.026875
1.046875
1.055
1.10375
1.080625
1.035
0.98625
0.919375
0.9225
0.9425
0.96375
0.994375
1.010625
1.0875
1.161875
1.220625
1.24375
1.160625
1.048125
0.96125
0.90625
0.9575
1.0925
1.1825
1.223125
1.183125
1.049375
0.91375
0.830625
0.8025
0.8025
0.87
0.944375
0.94625
0.960625
0.925625
0.874375
0.895
0.94625
0.98375
1.015
1.0375
1.00625
1.006875
1.01875
0.999375
0.995625
0.99875
0.979375
0.988125
1.03
1.0775
1.166875
1.216875
1.255625
1.2325
1.12875
1.05875
0.934375
0.878125
0.8875
0.86375
0.92
0.935625
0.96625
1.03625
1.06625
1.135625
1.169375
1.189375
1.209375
1.15625
1.105
1.018125
0.91875
0.913125
0.923125
1.006875
1.1075
1.145
1.171875
1.15875
1.109375
1.0925
1.049375
0.996875
1.01625
1.00625
1.0525
1.1175
1.110625
1.093125
1.018125
0.924375
0.88625
0.855625
0.879375
0.89
0.86125
0.875625
0.84
0.81875
0.85
0.88625
0.97
1.074375
1.1225
1.105625
1.06875
1.06
1.071875
1.125
1.2
1.1975
1.184375
1.129375
0.998125
0.919375
0.858125
0.88375
0.97875
1.06625
1.13875
1.145
1.14125
1.11625
1.13
1.123125
1.1
1.096875
1.036875
1.063125
1.0975
1.13125
1.19625
1.19
1.170625
1.135625
1.094375
1.031875
1.00375
0.98125
0.949375
1.010625
1.071875
1.16875
1.299375
1.360625
1.404375
1.385
1.318125
1.236875
1.109375
1.0225
0.96375
0.988125
1.06625
1.153125
1.253125
1.276875
1.28875
1.264375
1.19875
1.129375
1.065625
1.016875
0.99625
1.0225
1.039375
1.031875
1.013125
0.960625
0.916875
0.934375
0.9625
1.045625
1.12
1.1525
1.204375
1.1625
1.1325
1.095
0.9875
0.973125
0.969375
0.9775
1.053125
1.056875
1.005625
0.99875
0.970625
1.025
1.14
1.191875
1.265
1.245
1.20125
1.155625
1.0925
1.095625
1.09375
1.163125
1.195625
1.199375
1.200625
1.13875
1.124375
1.133125
1.175
1.255
1.286875
1.274375
1.19125
1.0675
0.996875
0.9575
0.991875
1.036875
1.076875
1.08
1.045
0.994375
0.896875
0.83875
0.770625
0.74875
0.764375
0.765
0.816875
0.815625
0.855625
0.95625
1.010625
1.14875
1.209375
1.190625
1.21375
1.1575
1.113125
1.07625
0.989375
0.960625
0.998125
1.04625
1.116875
1.124375
1.085
1.085625
1.114375
1.2
1.2625
1.27375
1.238125
1.154375
1.0875
1.08625
1.094375
1.110625
1.1075
1.03
0.9375
0.87375
0.841875
0.8625
0.926875
0.976875
1.014375
1.004375
0.97625
0.93
0.89
0.866875
0.84625
0.858125
0.878125
0.87875
0.875625
0.87125
0.850625
0.895625
0.935625
0.959375
1.023125
1.040625
1.0725
1.098125
1.090625
1.0875
1.0525
1.005625
0.956875
0.90875
0.886875
0.92
0.981875
1.020625
1.06625
1.093125
1.1
1.178125
1.21875
1.189375
1.12125
1.00625
0.918125
0.910625
0.9425
0.948125
0.985625
0.988125
0.978125
1.020625
1.015625
1.04375
1.08625
1.056875
1.066875
1.019375
0.93
0.90625
0.82625
0.8325
0.903125
0.985
1.091875
1.0875
1.0475
0.9175
0.795
0.79
0.79
0.855
0.973125
0.98125
1.00375
1.050625
1.05
1.126875
1.17625
1.19
1.198125
1.1625
1.148125
1.146875
1.11875
1.131875
1.101875
1.076875
1.059375
1.011875
1.03625
1.02
1.0475
1.10625
1.15
1.2325
1.306875
1.3525
1.3575
1.3675
1.345
1.31125
1.29
1.225
1.155625
1.086875
1.04375
1.00875
0.990625
1.01625
1.028125
1.053125
1.109375
1.13625
1.09875
1.093125
1.051875
0.98625
0.979375
0.94875
0.92
0.938125
0.99125
1.0275
1.07
1.053125
1.003125
0.983125
0.95
0.974375
1.013125
1.044375
1.101875
1.135625
1.155
1.131875
1.101875
1.06875
1.00625
0.99125
0.950625
0.925625
0.928125
0.911875
0.928125
0.898125
0.856875
0.849375
0.830625
0.901875
1.008125
1.059375
1.08125
1.055625
0.99375
1.011875
1.088125
1.1275
1.210625
1.2175
1.203125
1.205
1.1425
1.121875
1.08375
1.075625
1.128125
1.135
1.130625
1.115625
1.0475
1.015
1.029375
1.033125
1.071875
1.09625
1.08
1.075
1.049375
1.028125
1.028125
1.0325
1.0625
1.085
1.099375
1.098125
1.068125
1.09
1.104375
1.13125
1.205625
1.215625
1.2425
1.230625
1.139375
1.05875
0.96875
0.934375
0.96125
0.97375
0.975
0.9575
0.8975
0.91625
0.928125
0.93125
1.015
1.000625
1.05
1.113125
1.11
1.174375
1.175
1.134375
1.101875
1.048125
0.985625
0.981875
0.98
0.97875
1.03625
1.071875
1.110625
1.14875
1.115
1.063125
0.991875
0.900625
0.889375
0.919375
0.99625
1.075625
1.106875
1.0625
1.00375
0.97375
0.951875
1.005
1.031875
1.07375
1.12375
1.15125
1.18375
1.165
1.12875
1.0875
1.054375
1.036875
1.05125
1.05625
1.036875
1.03
0.955625
0.86
0.79375
0.750625
0.779375
0.83875
0.9175
0.981875
1.024375
1.100625
1.14125
1.155625
1.1375
1.0775
1.015625
0.95875
0.9475
0.944375
0.954375
0.96625
0.9825
1.0
1.0175
1.031875
1.02375
1.018125
1.0
1.006875
0.995625
0.9625
0.9725
0.975
1.000625
1.0625
1.098125
1.101875
1.073125
1.04875
1.016875
1.045625
1.095625
1.125
1.160625
1.1225
1.0925
1.011875
0.92
0.865
0.8
0.809375
0.825625
0.838125
0.866875
0.89125
0.944375
1.014375
1.123125
1.1975
1.1975
1.19875
1.114375
1.003125
0.985625
0.94125
0.95125
1.0175
1.036875
1.049375
1.04125
1.040625
1.020625
1.045625
1.08875
1.074375
1.053125
0.985
0.90375
0.85
0.855
0.89625
0.950625
1.01125
1.039375
1.033125
1.019375
1.005625
0.968125
0.996875
0.96125
0.941875
0.938125
0.845
0.845625
0.81375
0.840625
0.905
0.934375
1.011875
0.98
0.951875
0.94375
0.911875
0.97875
1.053125
1.0925
1.12375
1.128125
1.12625
1.111875
1.088125
1.033125
1.005625
1.02
1.045
1.065625
1.03125
0.9875
0.910625
0.880625
0.905625
0.946875
1.075
1.17375
1.24
1.2625
1.215
1.140625
1.07625
1.035625
0.9775
0.99125
0.990625
0.996875
1.068125
1.099375
1.149375
1.15125
1.080625
0.97
0.863125
0.8125
0.83375
0.93
0.9875
1.01875
0.99375
0.92625
0.896875
0.91125
0.9825
1.03375
1.063125
1.045625
0.955625
0.933125
0.9425
0.950625
1.01125
0.998125
0.968125
0.95625
0.954375
1.0075
0.99625
1.005
0.98375
0.921875
0.91875
0.905
0.924375
0.955
1.01125
1.031875
1.026875
1.07
1.09875
1.126875
1.156875
1.123125
1.04125
1.005625
0.945
0.931875
0.995625
1.03625
1.103125
1.159375
1.175625
1.214375
1.255
1.236875
1.21875
1.151875
1.093125
1.10625
1.113125
1.15
1.179375
1.16125
1.131875
1.12125
1.071875
1.07125
1.099375
1.086875
1.121875
1.12125
1.11875
1.139375
1.139375
1.16875
1.168125
1.1225
1.108125
1.05625
1.0675
1.1775
1.25875
1.378125
1.455
1.454375
1.43625
1.390625
1.29375
1.181875
1.083125
0.9625
0.925625
0.95625
0.99625
1.044375
1.051875
1.025625
0.97125
0.966875
0.96625
0.95625
1.02625
1.081875
1.14125
1.214375
1.22125
1.211875
1.201875
1.21125
1.219375
1.2
1.1625
1.07
1.025
1.021875
1.039375
1.068125
1.03875
0.9675
0.895625
0.895
0.89375
0.938125
1.026875
1.03625
1.118125
1.18625
1.209375
1.2425
1.205625
1.1825
1.1125
1.083125
1.0575
1.019375
1.056875
1.044375
1.069375
1.08875
1.084375
1.15875
1.2375
1.26375
1.25125
1.1875
1.048125
0.985625
1.009375
0.9825
1.04875
1.085625
1.05125
1.099375
1.07375
1.08625
1.109375
1.0925
1.15625
1.155625
1.16625
1.180625
1.15375
1.1625
1.165
1.156875
1.143125
1.151875
1.1575
1.200625
1.210625
1.16875
1.1475
1.1275
1.151875
1.199375
1.229375
1.193125
1.140625
1.058125
0.954375
0.893125
0.8125
0.81875
0.89
0.998125
1.135625
1.163125
1.136875
1.026875
0.9525
0.945625
0.928125
0.95875
0.923125
0.89625
0.9075
0.91
0.93625
0.92
0.885625
0.890625
0.888125
0.9475
1.02375
1.089375
1.175625
1.175625
1.175625
1.15625
1.12375
1.169375
1.20375
1.24
1.28625
1.315
1.32375
1.296875
1.26
1.159375
1.09875
1.07
1.02375
1.055
1.011875
0.948125
0.92625
0.874375
0.92375
1.024375
1.099375
1.141875
1.120625
1.038125
0.981875
0.959375
0.911875
0.919375
0.879375
0.8925
0.945625
0.974375
1.02875
0.976875
0.978125
0.974375
0.974375
1.0275
1.008125
0.975625
0.92875
0.91375
0.91625
0.929375
0.930625
0.884375
0.83875
0.806875
0.820625
0.84625
0.855
0.876875
0.89875
0.939375
0.998125
1.028125
0.97875
0.9175
0.84375
0.790625
0.818125
0.84375
0.915625
0.979375
1.008125
1.02
0.991875
0.97
0.94875
0.960625
0.981875
0.99375
1.06
1.128125
1.199375
1.230625
1.170625
1.071875
0.97
0.966875
1.01
1.064375
1.075625
1.0
0.94625
0.911875
0.948125
1.01875
1.03625
1.0425
0.9875
0.948125
0.994375
1.02
1.0925
1.091875
1.01625
0.985
0.9275
0.91375
0.885
0.7925
0.71625
0.66
0.66
0.66
0.66
