0.0515618
0.0515618
0.0515618
0.0515618
0.05616966875
0.05998311875
0.06404289375
0.05598220625
0.04583230625
0.0360199050625
0.031218953875
0.0362618214375
0.039686689
0.0443069839375
0.043426028875
0.0410381300625
0.04606465625
0.05048270625
0.05801801875
0.0597141875
0.05466375
0.051345925
0.04858708125
0.0533008
0.0601294625
0.06909025625
0.07225719375
0.0660616625
0.0632811375
0.0546016375
0.04721439375
0.04604960625
0.04162196875
0.03819186875
0.041116775
0.04247781875
0.04526970625
0.053015525
0.05377469375
0.05465985625
0.05250965625
0.04030540625
0.0325453875
0.0312496125
0.032323475
0.03927751875
0.04882676875
0.04678316875
0.04713073125
0.05023983125
0.049325125
0.06035083125
0.0675401875
0.0736767
0.07946565
0.07508680625
0.07517131875
0.07545133125
0.0724026625
0.07349154375
0.0685584375
0.06037295625
0.05520516875
0.04980989375
0.05255421875
0.0553235
0.05875133125
0.06163435625
0.05891155
0.06145201875
0.063198675
0.069938675
0.077633125
0.0765464875
0.07929305625
0.072576225
0.061705925
0.0589277
0.0500706875
0.0514708875
0.05417051875
0.049947475
0.04890103125
0.03666575
0.030742725
0.0326905875
0.03740343125
0.04990194375
0.0552879625
0.0567669375
0.055315325
0.0513444625
0.056192875
0.062624875
0.06609804375
0.07340441875
0.06942634375
0.05851708125
0.0496396625
0.0340156375
0.028851275
0.03112629375
0.034363875
0.0410520375
0.03733975625
0.033094325
0.03261813125
0.0363624125
0.05174993125
0.06798719375
0.08307225
0.09194788125
0.08896685625
0.0788667
0.0661423375
0.0578807375
0.05515893125
0.0618018375
0.06280251875
0.05790720625
0.05723236875
0.0494384
0.048905075
0.0511926300625
0.047929310125
0.0448571839375
0.03885148275
0.0342978401875
0.028954416375
0.023537010125
0.023948935125
0.0237739089375
0.0284662515
0.0400433026875
0.041530347625
0.0432668488125
0.0394209363125
0.031009878875
0.0291228651875
0.02921314525
0.0393972026875
0.051193247625
0.0671459238125
0.07932233125
0.0790444125
0.07715450625
0.0678831125
0.05996424375
0.06032598125
0.06068771875
0.05980631875
0.05965445625
0.0589510375
0.05292841875
0.0525457625
0.05058190625
0.04104674375
0.0403505625
0.03687565
0.03590385
0.04039276875
0.0369841925625
0.034892716375
0.0296213464375
0.029660089
0.0384542589375
0.050613685125
0.0705444300625
0.08253383125
0.08636910625
0.086180575
0.07560419375
0.0629562425625
0.0534834026875
0.0440105628125
0.0380787041875
0.0375415229375
0.037605642875
0.030667842875
0.027534849125
0.0226859905
0.017837131875
0.021653150625
0.022458175625
0.02849884675
0.0351408190625
0.0428345901875
0.0529935363125
0.0610514125
0.0722844
0.07702621875
0.07462050625
0.0702857125
0.0577967925625
0.051574841375
0.0485736151875
0.0452248265
0.0529081089375
0.055603103875
0.058901797625
0.061375703875
0.0513988276875
0.0433255565625
0.036110217875
0.0305444541875
0.0360943155
0.042238303
0.0507018541875
0.052888211625
0.0466700940625
0.0421149339375
0.039922566375
0.0461698363125
0.0524105238125
0.058303410125
0.0531133214375
0.047053614
0.0484634776875
0.050116816375
0.0590952238125
0.06066135625
0.05800880625
0.0492608800625
0.042440466375
0.0401563214375
0.04017832025
0.0477151776875
0.052559103875
0.0642144800625
0.068722325
0.06879969375
0.0647825875
0.0480580675625
0.034297641375
0.0274657464375
0.025327689
0.0343807339375
0.048928453875
0.0555348300625
0.0645598625
0.06888911875
0.0694419625
0.07245998125
0.07214191875
0.07214191875
0.06836550625
0.060646475
0.051028325
0.04125114375
0.0390267875
0.04468766875
0.05462388125
0.06456009375
0.070907325
0.07315290625
0.07320970625
0.0687297613125
0.064062385125
0.0581544401875
0.05383008275
0.05404247025
0.05669163275
0.0577622815625
0.055580555375
0.0533988291875
0.0417784080625
0.0401380205625
0.0401664205625
0.04457253425
0.055980567875
0.0539788878125
0.0497032265
0.04123728275
0.0373080839375
0.045369685125
0.053357303875
0.0565923464375
0.050753899125
0.0376920580625
0.031327494375
0.0325061893125
0.0382216291875
0.041040711625
0.038082480375
0.02916802175
0.020253563125
0.022530206875
0.026206450625
0.0328608080625
0.0461695229375
0.052823880375
0.056500124125
0.0663535003125
0.0674349065625
0.0688638753125
0.0794480901875
0.082243185125
0.0855972613125
0.08457996875
0.0712084113125
0.059261410125
0.0504316714375
0.045625739
0.046996939
0.04855557025
0.04855557025
0.04710320775
0.0487427026875
0.050382197625
0.0544868675625
0.06018110625
0.06669355
0.06942958125
0.06422426875
0.0617839375
0.05296836875
0.0479292125
0.04820016875
0.04332335625
0.04091171875
0.0449007
0.0546979625
0.0689579875
0.0832180125
0.09107741875
0.090829425
0.08836425
0.08574004375
0.08049163125
0.07626350625
0.0680999375
0.0563189875
0.04978645
0.0416069425625
0.041298322625
0.0503419464375
0.056761364
0.0692507526875
0.074793703875
0.0739389113125
0.07061894375
0.0643208625
0.061033775
0.0532133800625
0.044681110125
0.0393478589375
0.03480842025
0.0400019151875
0.051390478875
0.053402891375
0.058956285125
0.0588461089375
0.05587694525
0.0606106651875
0.056674797625
0.0554696738125
0.05413391875
0.05428340625
0.06101326875
0.0647396125
0.0638724113125
0.0554574714375
0.040231805375
0.023586656875
0.0115066533125
0.005626352125
0.004311195875
0.0074999045
0.0173429705625
0.0308620416875
0.0443811128125
0.05637443275
0.05962418275
0.0505330503125
0.0480962753125
0.0511356690625
0.0560768440625
0.0733751589375
0.083541891375
0.0842086488125
0.081286425
0.07383089375
0.06220120625
0.0522113375
0.04771614375
0.04078705
0.0399617
0.042475725
0.04548866875
0.0455484550625
0.048179685125
0.048306014
0.0416784166875
0.0396159643125
0.02652778575
0.014989120875
0.0079872009375
0.000985281
0.0025347946875
0.0056338220625
0.013297994375
0.0209621666875
0.0271902690625
0.035674564
0.03657808275
0.0390311151875
0.044244491375
0.040296941375
0.0378155089375
0.032235049125
0.019244056875
0.0116082845625
0.0055220259375
0.000985281
0.000985281
0.0071624134375
0.0148890595625
0.025707563125
0.037120192875
0.0377280714375
0.0358310488125
0.0283444375
0.0226476875
0.02300715625
0.02990501875
0.04488361875
0.05602586875
0.0658532625
0.06624008125
0.056416275
0.0465190800625
0.036508141375
0.0310133214375
0.03014612025
0.0351823839375
0.038676303875
0.038533560125
0.039819416375
0.0342492589375
0.03165004525
0.03202894525
0.028859064
0.02858763275
0.02700134525
0.0299802026875
0.034815435125
0.0377688863125
0.04369386875
0.04666569375
0.0522853125
0.063073775
0.0676916875
0.06606999375
0.06217805625
0.05701568125
0.05270465625
0.05302125
0.050990175
0.04106991875
0.03407516875
0.02612503125
0.02620524375
0.03472509375
0.04635906875
0.0600172625
0.0618188
0.060474075
0.0529465375
0.04725235625
0.051589425
0.05479966875
0.0635860375
0.06947021875
0.06767616875
0.06493405
0.05513534375
0.04232100625
0.0339054625
0.031243625
0.03201920625
0.0373527625
0.04103935
0.04120615625
0.04607083125
0.05043703125
0.05748405625
0.06075466875
0.0597475625
0.06056278125
0.0617107125
0.0726881125
0.0828436
0.0831309738125
0.081360197625
0.0692015714375
0.05560149525
0.0551804714375
0.050975860125
0.0533232238125
0.0594072375
0.05479994375
0.05474180625
0.0510216
0.04826488125
0.04990889375
0.04990889375
0.04990889375
0.04990889375
