0.56125
0.56125
0.56125
0.56125
0.643125
0.719375
0.850625
0.864375
0.83
0.72
0.53125
0.576875
0.6025
0.694375
0.834375
0.796875
0.8075
0.8275
0.66625
0.47625
0.111875
-0.139375
-0.11625
0.076875
0.41625
0.578125
0.466875
0.191875
-0.06875
-0.301875
-0.3275
-0.280625
-0.27
-0.256875
-0.319375
-0.36
-0.225
0.095625
0.35125
0.563125
0.48
0.104375
-0.214375
-0.505
-0.513125
-0.38
-0.255625
0.0225
0.15125
0.2925
0.596875
0.6125
0.63625
0.6475
0.36625
0.20875
-0.086875
-0.3825
-0.385625
-0.23125
0.15125
0.675
1.024375
1.08625
1.101875
0.8175
0.468125
0.2375
-0.15375
-0.38625
-0.539375
-0.64125
-0.618125
-0.5775
-0.541875
-0.461875
-0.325
-0.210625
-0.07
0.046875
0.14125
0.240625
0.3375
0.3975
0.29375
0.195
0.09125
-0.16625
-0.30875
-0.45625
-0.60375
-0.46875
-0.35
-0.23125
-0.125
-0.31875
-0.48
-0.635
-0.75875
-0.7
-0.51
-0.19125
0.15125
0.45875
0.511875
0.27125
0.080625
-0.11625
-0.130625
0.164375
0.245625
0.494375
0.60875
0.455
0.4025
0.1575
-0.055
-0.15625
-0.2425
-0.365
-0.46
-0.473125
-0.34875
-0.010625
0.37
0.59
0.55625
0.24125
-0.04625
-0.25375
-0.336875
-0.2625
-0.253125
-0.24625
-0.245625
-0.1775
-0.1825
-0.0825
0.155625
0.315
0.518125
0.52125
0.248125
-0.1225
-0.36125
-0.395
-0.275625
-0.05875
-0.034375
-0.2025
-0.253125
-0.15
0.054375
0.369375
0.4625
0.260625
0.0475
-0.060625
0.00375
0.215625
0.41625
0.37
0.194375
0.085625
0.078125
0.154375
0.21625
0.120625
-0.15
-0.370625
-0.41
-0.246875
0.02125
0.301875
0.34125
0.149375
0.050625
0.048125
0.20875
0.5025
0.629375
0.635
0.55875
0.57125
0.540625
0.36375
0.210625
-0.185
-0.3375
-0.25375
-0.11875
0.24
0.32375
0.244375
0.124375
-0.029375
-0.066875
0.098125
0.3925
0.50125
0.655
0.538125
0.154375
-0.026875
-0.254375
-0.340625
-0.14125
-0.084375
-0.02
0.05625
-0.125625
-0.120625
-0.121875
-0.061875
0.191875
0.1825
0.33125
0.316875
0.148125
0.149375
0.013125
-0.01625
0.021875
0.03
0.03
0.010625
0.0075
0.00375
-0.135
-0.27125
-0.4125
-0.56
-0.45
-0.34
-0.21
-0.035
0.03
0.170625
0.286875
0.399375
0.485625
0.5525
0.693125
0.75625
0.725625
0.485
0.169375
0.035625
-0.015625
0.086875
0.13125
-0.095625
-0.16375
-0.224375
-0.2275
-0.08125
-0.06875
-0.0525
0.009375
0.186875
0.376875
0.598125
0.78
0.843125
0.761875
0.638125
0.465625
0.27125
0.215
0.195
0.233125
0.135
0.015
-0.146875
-0.318125
-0.316875
-0.17125
0.041875
0.265625
0.466875
0.388125
0.155
-0.029375
-0.085
0.04875
0.24625
0.35375
0.19875
0.13125
0.151875
0.281875
0.679375
0.895
0.991875
1.015625
0.85625
0.6775
0.55
0.4125
0.38625
0.475
0.693125
0.793125
0.69
0.58375
0.308125
0.164375
0.24125
0.324375
0.365625
0.515
0.646875
0.59625
0.640625
0.434375
0.034375
-0.1975
-0.355
-0.251875
0.0225
0.38625
0.72
0.79875
0.766875
0.479375
0.023125
-0.328125
-0.585625
-0.68
-0.681875
-0.65625
-0.670625
-0.72375
-0.7325
-0.719375
-0.68875
-0.663125
-0.52625
-0.52625
-0.52625
-0.52625
