0.0625
0.0625
0.0625
0.0625
0.106875
0.125625
0.11375
0.1
0.10875
0.114375
0.12
0.128125
0.14
0.15375
0.1525
0.15
0.101875
0.070625
0.04
0.015
0.016875
-0.00875
-0.024375
-0.050625
-0.071875
-0.080625
-0.06625
-0.04625
-0.028125
0.000625
-0.00875
-0.01875
-0.009375
0.00375
0.044375
0.088125
0.103125
0.07375
0.04625
0.034375
0.024375
0.046875
0.04625
0.016875
-0.000625
-0.0275
-0.045
-0.05
-0.06375
-0.068125
-0.065
-0.07125
-0.0725
-0.06375
-0.054375
-0.038125
-0.0175
-0.023125
-0.024375
-0.024375
-0.033125
-0.015625
-0.025
-0.029375
-0.02125
-0.0425
-0.040625
-0.04375
-0.04375
-0.01625
0.003125
0.051875
0.104375
0.136875
0.19
0.179375
0.119375
0.065625
-0.005625
-0.041875
-0.04375
-0.0375
-0.050625
-0.06
-0.068125
-0.07
-0.050625
-0.0275
0.01125
0.036875
0.05875
0.06125
0.063125
0.048125
0.035
0.039375
0.00125
-0.0175
-0.031875
-0.060625
-0.06625
-0.066875
-0.068125
-0.053125
-0.03875
-0.038125
-0.0475
-0.07125
-0.0925
-0.09875
-0.095625
-0.086875
-0.076875
-0.081875
-0.093125
-0.070625
-0.01375
0.055
0.143125
0.1675
0.12375
0.105625
0.055
0.039375
0.09125
0.080625
0.11875
0.11875
0.11875
0.11875
