0.8811875
0.8811875
0.8811875
0.8811875
0.8630625
0.8584375
0.857875
0.8935
0.8713125
0.855875
0.8320625
0.80825
0.8304375
0.873125
0.8996875
0.9139375
0.886375
0.7864375
0.71
0.6770625
0.6708125
0.7536875
0.850375
0.9253125
1.0033125
1.0246875
1.0050625
0.9716875
0.9203125
0.8764375
0.860375
0.82575
0.78225
0.7675625
0.7575625
0.781625
0.8258125
0.837875
0.87625
0.9273125
0.9496875
0.983875
0.96025
0.904875
0.8713125
0.8324375
0.80475
0.7966875
0.7971875
0.79375
0.8369375
0.840625
0.8503125
0.8804375
0.835625
0.804
0.7778125
0.778625
0.84175
0.96175
1.0405625
1.0351875
0.9784375
0.8404375
0.761125
0.7278125
0.7306875
0.7836875
0.7670625
0.7681875
0.795375
0.83525
0.895375
0.966
1.075625
1.1375
1.2633125
1.425875
1.405375
1.4153125
1.350375
1.1324375
1.0485
0.9268125
0.7966875
0.74275
0.6888125
0.7066875
0.794
0.909125
0.9824375
1.0108125
0.9843125
0.9224375
0.9631875
1.003125
1.08275
1.1728125
1.07075
0.9549375
0.823875
0.702875
0.7264375
0.881
1.0305
1.1900625
1.2974375
1.21675
1.1469375
1.0625625
0.9789375
0.947375
0.864875
0.8239375
0.79625
0.787125
0.846375
0.8444375
0.8374375
0.852875
0.8128125
0.7999375
0.8010625
0.748625
0.7345625
0.7003125
0.6590625
0.694875
0.7313125
0.794625
0.891
0.9373125
0.9476875
0.948125
0.904625
0.8651875
0.849875
0.8184375
0.781
0.74775
0.7215
0.702625
0.676
0.64525
0.6288125
0.6661875
0.852625
1.0774375
1.2926875
1.418625
1.420125
1.3485
1.26125
1.2205
1.0765625
1.001
0.9214375
0.8505625
0.8739375
0.8646875
0.8633125
0.8435
0.8203125
0.7963125
0.744
0.71425
0.7453125
0.7909375
0.888875
0.9665
0.995625
1.008625
0.9859375
0.9906875
0.9681875
0.93775
0.942875
0.8654375
0.8279375
0.8196875
0.758375
0.7876875
0.770375
0.7408125
0.7575625
0.7365625
0.7618125
0.796875
0.8148125
0.834
0.864875
0.8715
0.875625
0.8791875
0.8325
0.77375
0.7241875
0.7265
0.7789375
0.8431875
0.860125
0.8028125
0.7
0.6406875
0.662625
0.7009375
0.808
0.8933125
0.9338125
1.0075
1.0085625
0.978875
0.9654375
0.9146875
0.8555
0.8229375
0.749125
0.686
0.7053125
0.7353125
0.7998125
0.8503125
0.8561875
0.8266875
0.8011875
0.8073125
0.788375
0.7921875
0.7628125
0.76825
0.8051875
0.8334375
0.900125
0.8966875
0.8938125
0.89625
0.900125
0.927
0.9099375
0.91
0.8534375
0.773875
0.7080625
0.6371875
0.6554375
0.735625
0.8714375
0.9873125
1.037375
1.02075
0.9654375
0.9654375
0.9654375
0.9654375
