0.3798125
0.3798125
0.3798125
0.3798125
0.3655
0.332875
0.336
0.353
0.37825
0.408625
0.417
0.382
0.342875
0.331375
0.31075
0.325125
0.3255
0.31125
0.3235
0.340875
0.382
0.3986875
0.402125
0.3874375
0.35675
0.3625625
0.3585
0.3585625
0.3550625
0.322125
0.306375
0.290625
0.291625
0.318
0.34375
0.373625
0.3965625
0.39475
0.363375
0.320625
0.287125
0.26625
0.291125
0.326375
0.333625
0.3404375
0.313875
0.2841875
0.296125
0.3225625
0.3656875
0.4056875
0.4260625
0.431375
0.4295625
0.424125
0.4069375
0.39075
0.384
0.3796875
0.37125
0.3540625
0.30725
0.2789375
0.26875
0.274625
0.296625
0.2856875
0.26425
0.2380625
0.22575
0.23475
0.266125
0.292375
0.3034375
0.309375
0.2874375
0.26425
0.2571875
0.2621875
0.2653125
0.265375
0.262
0.244625
0.257125
0.283375
0.296875
0.3124375
0.305375
0.2914375
0.2900625
0.3146875
0.3495625
0.3934375
0.4281875
0.41875
0.3921875
0.361375
0.3340625
0.327375
0.3459375
0.3565
0.3503125
0.357375
0.3413125
0.3145
0.322625
0.3175
0.332125
0.362375
0.364
0.365625
0.3548125
0.34425
0.3575625
0.357625
0.3669375
0.374375
0.3636875
0.3793125
0.384125
0.3889375
0.3915
0.3811875
0.371875
0.36875
0.3641875
0.3530625
0.3481875
0.3446875
0.3444375
0.3558125
0.3558125
0.345
0.34375
0.3425
0.351375
0.3635
0.3885
0.403
0.4218125
0.426625
0.3906875
0.342375
0.2816875
0.2475
0.2416875
0.276375
0.323625
0.345875
0.3756875
0.3643125
0.3491875
0.3465625
0.3285
0.3455625
0.348125
0.3473125
0.3514375
0.336
0.3353125
0.348125
0.3441875
0.34
0.325125
0.2870625
0.2748125
0.2554375
0.2580625
0.2888125
0.304125
0.3329375
0.345
0.343125
0.3450625
0.357625
0.361125
0.3635
0.376375
0.37525
0.3999375
0.41825
0.4245625
0.4105625
0.3865
0.359
0.330375
0.342375
0.332375
0.348375
0.34825
0.3225625
0.3225625
0.3225625
0.3225625
