0.54875
0.54875
0.54875
0.54875
0.540625
0.510625
0.50375
0.5125
0.524375
0.52625
0.536875
0.5475
0.5525
0.589375
0.561875
0.544375
0.51375
0.43375
0.45375
0.46375
0.488125
0.554375
0.546875
0.536875
0.543125
0.544375
0.5375
0.533125
0.501875
0.453125
0.458125
0.46125
0.470625
0.510625
0.555
0.595
0.64375
0.64625
0.594375
0.525
0.455625
0.419375
0.408125
0.445
0.475
0.4875
0.50125
0.46625
0.42625
0.384375
0.3525
0.369375
0.40375
0.448125
0.490625
0.50875
0.530625
0.565
0.574375
0.595
0.57
0.538125
0.5275
0.501875
0.54
0.563125
0.58625
0.599375
0.54875
0.504375
0.456875
0.456875
0.508125
0.56125
0.6075
0.606875
0.575625
0.53375
0.48375
0.4425
0.4225
0.434375
0.479375
0.556875
0.630625
0.671875
0.6825
0.634375
0.5875
0.55875
0.559375
0.583125
0.58125
0.5625
0.5175
0.49
0.49875
0.52
0.533125
0.53625
0.505
0.485625
0.464375
0.443125
0.430625
0.391875
0.3875
0.373125
0.384375
0.42375
0.4625
0.535
0.589375
0.626875
0.656875
0.639375
0.62
0.615625
0.605625
0.629375
0.63875
0.615
0.58875
0.540625
0.5325
0.564375
0.601875
0.6525
0.65375
0.62375
0.58
0.543125
0.539375
0.540625
0.54
0.53375
0.53
0.5325
0.533125
0.545
0.546875
0.554375
0.6075
0.623125
0.6375
0.64875
0.6225
0.619375
0.619375
0.636875
0.644375
0.62875
0.60625
0.536875
0.486875
0.50875
0.53
0.5825
0.628125
0.6175
0.623125
0.623125
0.615625
0.610625
0.60625
0.603125
0.6025
0.611875
0.588125
0.525625
0.4775
0.42875
0.39625
0.428125
0.468125
0.48625
0.52625
0.550625
0.549375
0.565625
0.565625
0.5625
0.56875
0.58625
0.603125
0.600625
0.599375
0.5875
0.576875
0.574375
0.5625
0.550625
0.53625
0.54875
0.57625
0.60375
0.635
0.63
0.63
0.63
0.63
