0.263625
0.263625
0.263625
0.263625
0.2853125
0.311125
0.3071875
0.317875
0.288375
0.26975
0.268
0.2561875
0.278125
0.2861875
0.298625
0.3016875
0.2825625
0.2949375
0.3133125
0.321875
0.3426875
0.332375
0.3039375
0.309375
0.317875
0.334125
0.36575
0.3833125
0.411
0.4385
0.450125
0.441375
0.395875
0.350375
0.3209375
0.3195
0.3570625
0.39875
0.4224375
0.4134375
0.3636875
0.2869375
0.220875
0.1881875
0.20125
0.2559375
0.323875
0.372
0.3789375
0.353875
0.3181875
0.28925
0.2916875
0.328
0.3579375
0.401875
0.438
0.432375
0.4290625
0.39775
0.3438125
0.3221875
0.3045625
0.3025625
0.3280625
0.32875
0.313125
0.30825
0.282625
0.2680625
0.2808125
0.2638125
0.2711875
0.304
0.3096875
0.346
0.3685625
0.36675
0.391125
0.3885
0.367125
0.331375
0.2815625
0.2566875
0.2555625
0.2835625
0.2968125
0.3040625
0.3063125
0.2994375
0.334875
0.369875
0.426
0.473875
0.48825
0.47675
0.4341875
0.395625
0.3718125
0.374625
0.3711875
0.372125
0.35575
0.342125
0.360875
0.3550625
0.343
0.3226875
0.2875
0.2700625
0.2793125
0.2821875
0.275125
0.2795
0.280375
0.287625
0.299625
0.3124375
0.30075
0.28125
0.28675
0.2801875
0.309875
0.3614375
0.3703125
0.37425
0.356875
0.3255625
0.32175
0.33925
0.352
0.3615
0.3669375
0.353
0.347
0.354625
0.360375
0.354
0.3425
0.294375
0.2500625
0.246125
0.2573125
0.313375
0.3589375
0.35875
0.3551875
0.331625
0.314125
0.331875
0.329
0.328625
0.325
0.3195
0.3224375
0.3215625
0.3195625
0.2946875
0.2889375
0.2871875
0.3091875
0.3419375
0.350625
0.3588125
0.335
0.3300625
0.3423125
0.3405625
0.3465625
0.3279375
0.3044375
0.2935
0.3109375
0.3225
0.318
0.314
0.285625
0.2745
0.2881875
0.315625
0.3281875
0.345875
0.3466875
0.323875
0.328625
0.3285
0.3410625
0.37025
0.3908125
0.403
0.4135625
0.4179375
0.401
0.3749375
0.331125
0.2893125
0.2688125
0.2748125
0.3014375
0.31725
0.3454375
0.3645
0.3794375
0.397125
0.387375
0.3735
0.3488125
0.334125
0.3324375
0.313375
0.2848125
0.261
0.2540625
0.2645
0.291125
0.3059375
0.2855
0.2645625
0.256
0.2525625
0.280625
0.32275
0.363
0.398125
0.406
0.394125
0.358375
0.3115625
0.28225
0.26425
0.268875
0.3074375
0.352
0.3863125
0.402125
0.38525
0.34925
0.306
0.2650625
0.241625
0.2393125
0.2679375
0.3009375
0.3226875
0.3340625
0.3133125
0.313875
0.3286875
0.34525
0.388
0.412
0.41525
0.41525
0.397375
0.3653125
0.345875
0.304875
0.272375
0.258375
0.26225
0.288625
0.301625
0.3190625
0.314375
0.3218125
0.3500625
0.3733125
0.3871875
0.3744375
0.3436875
0.2933125
0.2604375
0.241125
0.237875
0.271125
0.3005
0.34775
0.3848125
0.3913125
0.405125
0.4010625
0.403625
0.4260625
0.433875
0.4276875
0.4136875
0.3821875
0.3653125
0.36975
0.3580625
0.345875
0.3330625
0.30225
0.3163125
0.3329375
0.335625
0.362125
0.34875
0.3520625
0.36575
0.3581875
0.378125
0.3811875
0.367375
0.35375
0.319
0.295625
0.2865
0.308875
0.338625
0.357
0.369375
0.34825
0.31725
0.2970625
0.29475
0.2911875
0.2975
0.2880625
0.263375
0.262375
0.278625
0.312875
0.35925
0.393125
0.40975
0.4228125
0.413375
0.4093125
0.402
0.3796875
0.39125
0.4006875
0.406125
0.430125
0.425
0.406125
0.40175
0.382625
0.3729375
0.381
0.3644375
0.35025
0.3394375
0.31725
0.3256875
0.357875
0.389
0.428375
0.454375
0.4605
0.463375
0.4418125
0.427875
0.4150625
0.40225
0.4121875
0.407125
0.4020625
0.39375
0.3885
0.39825
0.3929375
0.38675
0.3734375
0.352625
0.3599375
0.37125
0.4014375
0.42425
0.418375
0.412625
0.38225
0.35
0.352
0.35825
0.3693125
0.39875
0.4095625
0.39825
0.3889375
0.378
0.3713125
0.400375
0.414375
0.41225
0.409125
0.38275
0.390625
0.395125
0.38075
0.3728125
0.34625
0.3438125
0.3515
0.3583125
0.36525
0.3513125
0.36075
0.374125
0.373625
0.385375
0.356375
0.318
0.293375
0.26525
0.27875
0.290375
0.305875
0.321375
0.304875
0.2905
0.273875
0.249875
0.246
0.2578125
0.275
0.313125
0.337
0.352625
0.35425
0.3425
0.342
0.336625
0.3465
0.342
0.347625
0.3556875
0.345625
0.3556875
0.3314375
0.3085
0.3021875
0.2794375
0.2900625
0.287375
0.2810625
0.29475
0.2823125
0.281375
0.2771875
0.2565625
0.2640625
0.2856875
0.3075625
0.3433125
0.362
0.3670625
0.3694375
0.374125
0.3839375
0.385625
0.3825625
0.37025
0.35225
0.350625
0.3563125
0.352125
0.3530625
0.3295625
0.3026875
0.2955625
0.29
0.3136875
0.353875
0.3810625
0.38625
0.388875
0.3623125
0.342
0.3434375
0.327
0.3295625
0.336375
0.346625
0.364125
0.3731875
0.3649375
0.3381875
0.3018125
0.2865625
0.2838125
0.310125
0.3548125
0.389625
0.426
0.426625
0.4036875
0.37125
0.328
0.31625
0.3355
0.3585
0.3825
0.3904375
0.3686875
0.3398125
0.33225
0.3214375
0.3354375
0.3689375
0.3695625
0.38825
0.3951875
0.3714375
0.3746875
0.3603125
0.349625
0.3526875
0.337875
0.3201875
0.286125
0.256625
0.2409375
0.228875
0.227125
0.230375
0.22225
0.22925
0.2595
0.302625
0.3498125
0.393625
0.3968125
0.35925
0.3194375
0.2495
0.2061875
0.19525
0.2093125
0.265
0.328375
0.388375
0.41875
0.430375
0.423875
0.42175
0.4130625
0.41175
0.4013125
0.363125
0.3424375
0.28825
0.2679375
0.274625
0.2900625
0.337125
0.3561875
0.365625
0.3664375
0.373875
0.3885
0.401875
0.4028125
0.379
0.3544375
0.332125
0.3336875
0.361625
0.377875
0.391875
0.391875
0.375
0.391875
0.39725
0.37975
0.36025
0.303
0.263875
0.266375
0.2796875
0.3125
0.3388125
0.3438125
0.3456875
0.3510625
0.3654375
0.3849375
0.40075
0.396
0.391875
0.3851875
0.3665625
0.3664375
0.3315625
0.2884375
0.2661875
0.243125
0.26475
0.293625
0.3210625
0.3415
0.329375
0.327375
0.30575
0.2973125
0.3211875
0.3360625
0.3636875
0.3818125
0.3613125
0.3308125
0.3144375
0.2915
0.2913125
0.30975
0.3134375
0.32975
0.36475
0.392125
0.42925
0.451
0.44425
0.43525
0.402
0.387125
0.3634375
0.3278125
0.3159375
0.2865625
0.2813125
0.289125
0.2876875
0.302625
0.32525
0.3620625
0.3825
0.3811875
0.3505
0.304375
0.291375
0.295875
0.324625
0.342125
0.3309375
0.329875
0.3183125
0.340375
0.3990625
0.42975
0.4531875
0.4555
0.408125
0.37475
0.3491875
0.320375
0.3405625
0.370625
0.4025625
0.424375
0.4233125
0.4165
0.399125
0.4085
0.407375
0.3818125
0.3715
0.3478125
0.339875
0.35425
0.37
0.37525
0.3805
0.4020625
0.406625
0.4321875
0.439125
0.431
0.42425
0.40275
0.4036875
0.384125
0.3799375
0.380125
0.3615625
0.370125
0.3703125
0.3605
0.360375
0.350375
0.348
0.357125
0.3835
0.409875
0.402625
0.38325
0.339125
0.288625
0.283
0.298375
0.321375
0.343375
0.346625
0.346375
0.33775
0.341
0.3416875
0.327375
0.3203125
0.318
0.3176875
0.334625
0.3430625
0.3235
0.306375
0.2658125
0.252375
0.2665625
0.28425
0.3376875
0.3745
0.4123125
0.44475
0.438375
0.422875
0.391125
0.345375
0.323625
0.305
0.290875
0.2995
0.294625
0.308
0.334125
0.35525
0.393
0.416375
0.42625
0.4205
0.409
0.39975
0.39725
0.407625
0.40975
0.418125
0.41
0.41175
0.425
0.430875
0.457375
0.47775
0.48225
0.473
0.44175
0.39725
0.348625
0.319
0.31575
0.308375
0.314125
0.312625
0.280875
0.2593125
0.2505
0.2335625
0.246625
0.27575
0.299
0.3425
0.36625
0.37875
0.375375
0.364875
0.37425
0.36725
0.36875
0.3511875
0.32975
0.340625
0.3515
0.3935
0.4033125
0.3948125
0.3736875
0.32875
0.321
0.290375
0.272875
0.281375
0.2786875
0.3165
0.3645
0.38675
0.4108125
0.418375
0.4178125
0.426875
0.425
0.40325
0.3706875
0.3344375
0.3115625
0.3260625
0.3611875
0.4055625
0.430875
0.435125
0.427
0.4049375
0.410875
0.4205625
0.41625
0.408125
0.384375
0.3646875
0.37625
0.4130625
0.42875
0.4349375
0.4139375
0.37875
0.3646875
0.3535
0.3410625
0.319375
0.2926875
0.272625
0.26825
0.274125
0.285
0.2905
0.2915
0.303875
0.32675
0.344375
0.368125
0.37525
0.37025
0.37575
0.368375
0.3695
0.382
0.38925
0.413
0.42725
0.43075
0.43075
0.43075
0.43075
