0.259375
0.259375
0.259375
0.259375
0.29875
0.30625
0.3025
0.286875
0.27
0.289375
0.27375
0.254375
0.223125
0.155625
0.124375
0.129375
0.139375
0.2
0.243125
0.264375
0.28875
0.285625
0.30625
0.296875
0.308125
0.295625
0.26375
0.258125
0.22
0.23875
0.27
0.325625
0.381875
0.37875
0.363125
0.3175
0.295
0.298125
0.33125
0.33625
0.323125
0.304375
0.253125
0.2425
0.235
0.253125
0.259375
0.26875
0.26625
0.228125
0.2425
0.231875
0.23625
0.280625
0.27
0.29125
0.310625
0.30625
0.3425
0.34125
0.356875
0.375
0.349375
0.344375
0.305625
0.241875
0.23625
0.226875
0.225
0.2625
0.24875
0.231875
0.223125
0.17375
0.163125
0.160625
0.19625
0.265625
0.315625
0.359375
0.330625
0.279375
0.228125
0.189375
0.18875
0.215625
0.225625
0.22375
0.215625
0.20375
0.20625
0.201875
0.205
0.18
0.145
0.118125
0.094375
0.104375
0.15625
0.236875
0.323125
0.375625
0.376875
0.35375
0.30375
0.26
0.245625
0.225
0.21875
0.23375
0.238125
0.226875
0.23
0.2225
0.229375
0.256875
0.274375
0.28125
0.275625
0.25875
0.220625
0.20375
0.175625
0.155625
0.169375
0.16875
0.17125
0.2025
0.189375
0.200625
0.230625
0.21875
0.245
0.245
0.238125
0.243125
0.2375
0.229375
0.233125
0.2425
0.248125
0.275625
0.26125
0.23125
0.22
0.17625
0.1875
0.240625
0.28125
0.340625
0.351875
0.330625
0.315625
0.295625
0.32
0.3475
0.355
0.394375
0.3925
0.379375
0.3925
0.37875
0.4025
0.428125
0.429375
0.41375
0.378125
0.345
0.324375
0.334375
0.348125
0.39625
0.4325
0.42875
0.395
0.319375
0.26125
0.236875
0.236875
0.251875
0.258125
0.258125
0.265
0.290625
0.30875
0.324375
0.345625
0.33875
0.325
0.334375
0.33625
0.32625
0.34625
0.34125
0.32875
0.36625
0.396875
0.41375
0.425625
0.411875
0.363125
0.34375
0.343125
0.33875
0.375625
0.41
0.425625
0.418125
0.386875
0.323125
0.288125
0.29
0.298125
0.33125
0.339375
0.343125
0.3425
0.35375
0.370625
0.363125
0.35875
0.319375
0.283125
0.276875
0.301875
0.37125
0.44375
0.50125
0.534375
0.535
0.50625
0.465
0.400625
0.33375
0.300625
0.259375
0.234375
0.21125
0.17625
0.19125
0.23625
0.32
0.4125
0.475625
0.51
0.493125
0.465625
0.42125
0.361875
0.33875
0.328125
0.32875
0.370625
0.405625
0.394375
0.386875
0.331875
0.269375
0.2525
0.253125
0.291875
0.31375
0.345625
0.374375
0.37
0.393125
0.37875
0.33125
0.295
0.256875
0.25625
0.27375
0.31375
0.339375
0.31875
0.295625
0.255
0.22
0.22875
0.270625
0.311875
0.353125
0.370625
0.33375
0.316875
0.294375
0.298125
0.345
0.370625
0.390625
0.3875
0.373125
0.353125
0.366875
0.39875
0.395625
0.4025
0.390625
0.33875
0.349375
0.3775
0.371875
0.3925
0.356875
0.295
0.25625
0.2375
0.24125
0.2625
0.304375
0.323125
0.34
0.32625
0.295625
0.27375
0.245
0.26625
0.28125
0.290625
0.308125
0.29125
0.295625
0.2975
0.33125
0.368125
0.38375
0.408125
0.38
0.355
0.3725
0.37125
0.42
0.471875
0.48125
0.500625
0.4825
0.439375
0.415
0.378125
0.35375
0.3425
0.295
0.283125
0.24625
0.219375
0.213125
0.15875
0.1175
0.07375
0.0325
0.0275
0.053125
0.08375
0.119375
0.13875
0.115625
0.08625
0.09125
0.1125
0.1125
0.1125
0.1125
