0.515625
0.515625
0.515625
0.515625
0.513125
0.489375
0.461875
0.45
0.438125
0.43375
0.449375
0.460625
0.489375
0.525625
0.549375
0.5675
0.57375
0.570625
0.5625
0.544375
0.520625
0.493125
0.496875
0.520625
0.545
0.57625
0.57
0.55375
0.5575
0.564375
0.59875
0.623125
0.615
0.606875
0.536875
0.4725
0.424375
0.3675
0.3825
0.400625
0.41125
0.420625
0.406875
0.4
0.37625
0.33375
0.298125
0.266875
0.308125
0.41375
0.48
0.53875
0.525625
0.456875
0.468125
0.474375
0.514375
0.575625
0.5725
0.531875
0.47875
0.43
0.40125
0.436875
0.47875
0.500625
0.523125
0.559375
0.55625
0.573125
0.5775
0.52375
0.505625
0.471875
0.414375
0.35875
0.32875
0.31
0.361875
0.44625
0.50375
0.515625
0.5125
0.45625
0.416875
0.4475
0.391875
0.415
0.406875
0.386875
0.45375
0.48875
0.5775
0.635625
0.679375
0.69875
0.641875
0.601875
0.553125
0.536875
0.596875
0.644375
0.695
0.713125
0.67875
0.6525
0.581875
0.5275
0.501875
0.474375
0.486875
0.491875
0.4625
0.439375
0.450625
0.480625
0.5125
0.528125
0.475
0.406875
0.364375
0.343125
0.39625
0.45125
0.515
0.585625
0.61625
0.666875
0.693125
0.695
0.68125
0.63125
0.58125
0.529375
0.493125
0.493125
0.531875
0.573125
0.625625
0.6475
0.60625
0.5925
0.571875
0.558125
0.586875
0.58875
0.578125
0.543125
0.4925
0.445
0.408125
0.40125
0.405625
0.421875
0.44125
0.499375
0.54625
0.56875
0.568125
0.538125
0.501875
0.50625
0.535625
0.541875
0.561875
0.545
0.490625
0.45
0.415
0.3925
0.44
0.4875
0.53
0.57125
0.556875
0.54
0.51625
0.49375
0.48625
0.4975
0.5075
0.5075
0.508125
0.468125
0.431875
0.38125
0.346875
0.351875
0.368125
0.433125
0.46625
0.485625
0.498125
0.484375
0.491875
0.500625
0.496875
0.51125
0.514375
0.520625
0.5125
0.48375
0.47625
0.449375
0.48125
0.545625
0.554375
0.574375
0.57375
0.5225
0.535
0.56625
0.56
0.560625
0.5525
0.5425
0.56625
0.58125
0.574375
0.53125
0.475625
0.485
0.5175
0.549375
0.6
0.609375
0.594375
0.58375
0.53875
0.47875
0.41875
0.40125
0.40625
0.454375
0.513125
0.56375
0.61
0.60125
0.571875
0.485625
0.396875
0.34125
0.319375
0.36375
0.413125
0.489375
0.54375
0.585625
0.620625
0.595
0.574375
0.52625
0.4825
0.464375
0.4475
0.420625
0.395625
0.365625
0.335625
0.364375
0.359375
0.3675
0.386875
0.3375
0.344375
0.355625
0.368125
0.43875
0.495
0.56375
0.611875
0.6125
0.603125
0.50875
0.425
0.396875
0.35875
0.4075
0.435625
0.424375
0.424375
0.414375
0.43
0.460625
0.49875
0.531875
0.56
0.573125
0.5675
0.546875
0.52375
0.5075
0.50875
0.505
0.50125
0.504375
0.508125
0.53875
0.566875
0.593125
0.595625
0.57625
0.563125
0.55125
0.530625
0.52125
0.504375
0.441875
0.46625
0.46875
0.4775
0.56625
0.57
0.5825
0.59
0.551875
0.535
0.54375
0.555
0.571875
0.575625
0.55875
0.5325
0.52
0.521875
0.518125
0.535625
0.525625
0.515625
0.5175
0.4975
0.48125
0.46625
0.43
0.41125
0.4125
0.41875
0.466875
0.5
0.513125
0.52375
0.4975
0.495
0.52625
0.5425
0.575625
0.58625
0.550625
0.531875
0.5225
0.50875
0.51625
0.5125
0.4825
0.439375
0.373125
0.328125
0.26
0.2475
0.2775
0.2875
0.35875
0.401875
0.444375
0.49125
0.51125
0.5275
0.525
0.516875
0.5175
0.49875
0.47125
0.449375
0.4125
0.403125
0.41375
0.434375
0.4625
0.49
0.4975
0.49375
0.488125
0.49125
0.511875
0.5575
0.618125
0.654375
0.65125
0.604375
0.540625
0.493125
0.513125
0.535
0.52875
0.500625
0.44125
0.41625
0.44875
0.485
0.525
0.546875
0.553125
0.580625
0.591875
0.58875
0.571875
0.56
0.568125
0.6125
0.65875
0.666875
0.645625
0.58625
0.52875
0.495
0.484375
0.51
0.53
0.550625
0.525625
0.475625
0.4425
0.396875
0.42125
0.440625
0.4475
0.474375
0.475625
0.50375
0.52875
0.549375
0.53125
0.501875
0.486875
0.450625
0.48875
0.515
0.53
0.560625
0.55375
0.5525
0.5375
0.5225
0.4625
0.373125
0.309375
0.26125
0.28
0.355
0.419375
0.44625
0.44875
0.4325
0.41625
0.439375
0.4625
0.48
0.48875
0.49625
0.509375
0.524375
0.546875
0.536875
0.53375
0.52125
0.52625
0.551875
0.565
0.585625
0.5975
0.605
0.601875
0.6
0.568125
0.531875
0.51
0.50125
0.52125
0.5725
0.61875
0.64625
0.66
0.624375
0.59125
0.569375
0.56625
0.59375
0.624375
0.635625
0.624375
0.58125
0.52375
0.483125
0.465
0.470625
0.495
0.5125
0.50875
0.523125
0.514375
0.51625
0.545
0.5375
0.53625
0.52125
0.495
0.50125
0.541875
0.59375
0.61625
0.585625
0.520625
0.45
0.41875
0.48875
0.564375
0.64
0.694375
0.648125
0.6025
0.556875
0.506875
0.513125
0.515625
0.520625
0.535625
0.515625
0.50875
0.473125
0.445
0.44875
0.4375
0.46625
0.49
0.500625
0.534375
0.524375
0.4775
0.411875
0.33875
0.358125
0.4525
0.57875
0.696875
0.714375
0.6825
0.626875
0.561875
0.545
0.545
0.55375
0.57375
0.585
0.548125
0.479375
0.384375
0.284375
0.263125
0.298125
0.34125
0.35625
0.3325
0.295625
0.299375
0.359375
0.403125
0.4425
0.455625
0.444375
0.449375
0.4475
0.449375
0.4625
0.453125
0.43125
0.445625
0.4375
0.451875
0.44875
0.38375
0.35375
0.359375
0.419375
0.504375
0.56
0.586875
0.6075
0.61875
0.625
0.581875
0.51
0.476875
0.454375
0.514375
0.585
0.594375
0.571875
0.50125
0.423125
0.34375
0.320625
0.325625
0.34375
0.42375
0.495
0.51875
0.546875
0.563125
0.548125
0.568125
0.57375
0.54875
0.546875
0.54
0.531875
0.500625
0.465625
0.43375
0.401875
0.44125
0.465625
0.48
0.5
0.473125
0.4575
0.445
0.4425
0.45875
0.480625
0.469375
0.454375
0.44
0.438125
0.495
0.5475
0.591875
0.618125
0.6275
0.635
0.626875
0.61875
0.61375
0.606875
0.626875
0.64125
0.665
0.675625
0.669375
0.66625
0.605
0.55875
0.528125
0.491875
0.49375
0.51
0.500625
0.499375
0.47375
0.428125
0.408125
0.35625
0.353125
0.345625
0.32375
0.368125
0.399375
0.455
0.52375
0.564375
0.5825
0.571875
0.538125
0.4975
0.479375
0.49
0.530625
0.574375
0.595
0.5925
0.564375
0.515625
0.480625
0.464375
0.451875
0.4575
0.435625
0.388125
0.3475
0.305
0.318125
0.346875
0.373125
0.37875
0.324375
0.28125
0.241875
0.265
0.318125
0.364375
0.42
0.42
0.444375
0.44875
0.430625
0.428125
0.406875
0.41125
0.454375
0.4975
0.505
0.49375
0.43875
0.4075
0.438125
0.451875
0.44625
0.403125
0.29625
0.25375
0.246875
0.255
0.295
0.289375
0.32375
0.356875
0.39
0.398125
0.350625
0.301875
0.30125
0.364375
0.443125
0.513125
0.5275
0.518125
0.50875
0.509375
0.5125
0.51
0.5175
0.5325
0.556875
0.57875
0.588125
0.620625
0.633125
0.6375
0.644375
0.558125
0.51125
0.4625
0.41625
0.4325
0.42875
0.44625
0.4525
0.4975
0.51125
0.540625
0.57875
0.539375
0.5375
0.480625
0.398125
0.354375
0.26625
0.20625
0.171875
0.1375
0.1675
0.18875
0.234375
0.234375
0.234375
0.234375
