5.96875
5.96875
5.96875
5.96875
6.3
6.1875
5.95625
5.60625
5.1625
4.88125
4.68125
4.61875
4.9125
5.1875
5.725
5.8125
5.375
5.03125
4.31875
4.55
5.33125
6.375
7.975
8.7625
9.06875
8.80625
7.95
7.3875
7.16875
7.0
6.9625
6.85625
6.85
7.23125
7.89375
8.4125
8.34375
8.06875
7.15
6.55
6.13125
5.58125
5.29375
4.70625
4.2875
3.84375
3.7125
3.9
4.21875
4.91875
5.60625
6.175
6.75625
7.04375
7.43125
7.6125
7.325
7.2125
6.64375
6.00625
6.175
6.01875
5.825
6.08125
5.50625
5.39375
5.5625
5.50625
5.725
5.6375
5.35
4.95
4.675
4.55
4.9125
5.34375
5.65
5.65
5.09375
4.5125
4.1625
4.43125
5.23125
6.26875
6.85625
6.5625
5.66875
4.6
4.075
4.33125
4.875
5.64375
6.21875
6.40625
6.89375
7.1375
7.0125
6.79375
6.225
5.55
5.2
4.9875
4.70625
4.55625
4.5
4.8
5.23125
5.81875
6.2125
6.1375
5.8875
5.45625
5.1
4.8375
5.325
5.55
5.7875
5.99375
5.44375
5.44375
5.4375
5.7875
6.23125
6.4375
6.7625
6.875
7.34375
7.8125
8.175
8.2125
7.56875
6.9
6.0125
5.85625
6.34375
6.55625
7.00625
6.6
5.63125
5.1875
4.71875
4.56875
4.8625
4.7125
4.76875
4.89375
5.125
5.46875
5.59375
5.775
5.46875
5.26875
5.01875
5.175
6.05
7.01875
7.75625
7.64375
6.74375
5.83125
5.53125
5.61875
6.04375
6.4125
6.11875
5.79375
5.6
5.08125
4.95625
5.33125
5.44375
6.2875
7.3375
7.6625
8.275
8.01875
7.2625
7.04375
6.45625
6.28125
6.51875
6.0875
5.86875
5.56875
4.8625
4.95625
5.19375
5.75625
6.81875
7.3
7.6375
7.58125
7.2
6.78125
6.3625
6.2875
6.04375
6.41875
6.48125
6.15625
6.00625
5.225
4.825
4.525
4.30625
4.1375
4.1625
4.28125
4.25625
4.2625
4.00625
3.7875
3.7875
3.7875
3.7875
