0.0949911423244
0.0949911423244
0.0949911423244
0.0949911423244
0.078918964339
0.0625494414279
0.0497580387583
0.0477207269607
0.0519620122707
0.0564402914676
0.0508248594285
0.0474837330738
0.0423422888085
0.0364295118436
0.0417475989571
0.0447913803861
0.0487353207704
0.056591401184
0.0543537703615
0.0543904452235
0.0524048960476
0.0425697658008
0.034427017953
0.0226186408575
0.0127517102556
0.00845053814557
0.00685727072176
0.00739857311575
0.0158771977063
0.0218127223703
0.0385605998707
0.0586247669521
0.0650788463109
0.0749655070601
0.063244174732
0.0456780764174
0.0318432971351
0.0160250577513
0.0189369953724
0.0265565461378
0.0372533035229
0.0607414635776
0.0706195359097
0.08432781013
0.0979483432247
0.0838830693981
0.0734683370596
0.052959893485
0.0442756111239
0.0504857330144
0.0606648641823
0.0727937981416
0.0647183649139
0.071537335938
0.0824808362239
0.10042459277
0.120165881794
0.112221363896
0.0922662929234
0.0678394420963
0.0476366997452
0.0382031360256
0.0438266922431
0.0445687779008
0.0473632631157
0.0539357233583
0.0407169889103
0.0431883639484
0.0443046260464
0.041909386165
0.0522516972569
0.0427777447653
0.0339978292196
0.0298960476569
0.0295643490629
0.0363742674312
0.0428817342473
0.048410121519
0.0407701442482
0.0354378978526
0.0318374941506
0.0215645867532
0.0212679381857
0.0219538509534
0.0196417098099
0.0327151375261
0.055118371599
0.0743120910057
0.105948105535
0.117189879224
0.103482533481
0.0935826419271
0.0620162632123
0.0391327741423
0.0293366399513
0.0175182817224
0.0165512723856
0.027432100439
0.0438988813703
0.0612658212569
0.0833814594181
0.0859336120004
0.0765246529351
0.0632931519212
0.0404472661908
0.0272721701862
0.0242534576503
0.0242156221913
0.0304143702323
0.0345463273143
0.0300018940941
0.0401540994139
0.0494112524048
0.0601015104472
0.0760513615194
0.0627933988962
0.0518445598645
0.0463827908548
0.0404941543055
0.0564730203001
0.0696084238907
0.0695754629387
0.0693510034983
0.0539359554775
0.0385209074567
0.0300789577282
0.0325178360532
0.0427909755699
0.0511208116379
0.0677489155383
0.0630642822126
0.0600184117091
0.0637692287693
0.0519462281528
0.0555087963959
0.055537579199
0.0433311173669
0.0420987955789
0.0332938111402
0.0274611153615
0.0394092283238
0.0462729983882
0.056880389812
0.0670822686792
0.0581145685551
0.0512422100736
0.0405473096435
0.0273954255769
0.0239143312362
0.0332232468487
0.0455130395383
0.0668717364015
0.0861636423059
0.0775840457851
0.07180984409
0.0512770279806
0.0321773169228
0.0299134566104
0.0222572309829
0.0219524582371
0.0208468736305
0.0171847261734
0.0264500033425
0.0506746781897
0.07430675226
0.111798906625
0.128018480417
0.114568787186
0.10186930379
0.0620854347875
0.0365713367848
0.0268483201985
0.0223835039256
0.0306223491967
0.042942549525
0.0609673157343
0.0725602860453
0.0851274613939
0.0809121734544
0.0670660203225
0.062247686234
0.0683837620424
0.0872026086505
0.106988232476
0.11336919423
0.0981224327597
0.0746163995128
0.0519165168723
0.0450917428637
0.0567580628987
0.0841144924199
0.114138205736
0.119761297714
0.124685246121
0.108046464729
0.086956097869
0.0803184120806
0.0517484624412
0.0359160637753
0.0226499769738
0.0164236067266
0.0251566341576
0.0298681933313
0.0426718983279
0.0410739885165
0.0414490934345
0.0437972130818
0.0454461891568
0.0544767936328
0.0595836521106
0.0651972271947
0.0490958021674
0.0329003687913
0.019509169644
0.0161081564893
0.0321134840933
0.0559846411249
0.0852829813784
0.0934150517347
0.0919522354024
0.0749805948197
0.0446235580743
0.0253362945576
0.0109732115666
0.004188129972
0.00700420228925
0.0108761856658
0.022031843065
0.0382732360784
0.0638444354485
0.0880243112553
0.0994835808035
0.108906467032
0.0916632467744
0.0744200265172
0.0605172362566
0.0467214530301
0.0525274550802
0.0643239940874
0.0783108115636
0.0818030476346
0.083378441866
0.0715814386201
0.0594149013213
0.0513297190797
0.0329525956517
0.0214826486121
0.0151764292983
0.0124056202601
0.0166227651546
0.021789278313
0.0245443032333
0.0300239454352
0.043298156415
0.0557622707589
0.0593457297461
0.0572794030261
0.0403959678078
0.0258116750477
0.016911985902
0.0124469375097
0.0183365025366
0.0206340201591
0.0261210901811
0.0301964101345
0.0332768664255
0.0375109560347
0.0366551318809
0.0335400898023
0.0313918249411
0.0331143828595
0.0419031189416
0.06350693387
0.074818807612
0.0812044117538
0.0859953557554
0.0740662765823
0.0765258135319
0.0788667374784
0.0704410361065
0.0738696714674
0.0630273752312
0.0554825669061
0.0587974637708
0.0602059641682
0.073607840807
0.0864981263324
0.104255723135
0.104964151483
0.0980999171798
0.0871761470412
0.0593742804299
0.0427997961063
0.0344472123391
0.031039235603
0.0422543155635
0.0570419449004
0.0590504738949
0.0570730488973
0.0420795296704
0.0284244107881
0.0221541699782
0.020711548032
0.0267280823597
0.0395826215006
0.0525272229609
0.0626079355117
0.0745938839329
0.0618570293176
0.0493483480528
0.0487309105022
0.0441275189595
0.0546211718872
0.0643706500828
0.0551910249649
0.0500558479228
0.0491032299875
0.0497280953582
0.050670035802
0.0549681903601
0.0502898242577
0.043557201643
0.0428842875606
0.0312175032868
0.0240224988672
0.0253852717468
0.0344158762227
0.0521423690289
0.0727903163507
0.0828889020938
0.0806022940822
0.0723917673755
0.061259786153
0.0481721991547
0.0401965772605
0.0350644177703
0.0266753912604
0.0249372813435
0.0218463796804
0.0167720179159
0.0222966912775
0.0275662654406
0.0347125247903
0.0437227027609
0.0383509960707
0.0281922914082
0.0174407538495
0.00728344190331
0.00712026197922
0.0179312220992
0.0364197628296
0.0688533395479
0.0950013555771
0.106050238062
0.107221976691
0.0840260549361
0.0642158264564
0.0514323158458
0.0511317212488
0.055971874559
0.0606379383342
0.0656045967065
0.0462035946936
0.0316097850389
0.0172747884928
0.0172747884928
0.0172747884928
0.0172747884928
