-1.3125
-1.3125
-1.3125
-1.3125
-1.625
-1.6625
-1.4375
-1.375
-0.65625
0.51875
0.93125
1.46875
1.725
1.25625
1.1875
0.5375
-0.75
-1.70625
-2.3625
-2.08125
-0.7625
0.55625
1.55625
2.05
1.56875
1.2625
0.5
-0.5
-0.5875
-0.54375
0.4375
1.8625
2.70625
2.7
1.925
1.05
0.1625
0.2125
0.35625
-0.1
-0.15625
-0.48125
-0.475
0.13125
0.4125
0.56875
0.45
0.6875
0.6125
0.45625
0.45625
-0.31875
-0.40625
-0.4125
-5.55111512313e-17
1.1125
2.0375
3.06875
3.6625
3.4125
2.75625
1.5125
-0.06875
-0.8375
-1.5
-1.68125
-1.64375
-2.13125
-2.05
-1.46875
-0.76875
-0.0125
0.4125
-0.1875
-0.2875
-0.25
-0.5375
0.20625
-0.05
-0.2875
-5.55111512313e-17
-0.58125
-0.725
-0.96875
-1.45
-1.5125
-1.45
-1.24375
-1.04375
-0.9
-0.65
-0.4625
-0.625
-1.025
-1.625
-2.225
-2.18125
-1.7
-1.15
-0.6
-0.65
-0.84375
-0.76875
-0.19375
0.86875
2.0125
2.54375
2.24375
1.2875
0.3625
0.025
0.33125
1.6375
2.275
2.56875
2.525
1.63125
1.2375
0.45
-0.26875
-0.7375
-1.0375
-0.81875
-0.6875
-0.11875
0.2875
0.825
1.45
1.65
2.15
2.4
2.04375
1.60625
0.4
-0.95
-1.175
-1.10625
-0.59375
0.35
0.60625
0.19375
-0.2
-0.6625
-0.98125
-0.3
0.8375
1.41875
2.04375
2.0625
1.10625
0.60625
-0.4375
-1.76875
-2.54375
-3.44375
-3.64375
-3.05625
-1.98125
-0.80625
0.2875
0.9875
0.8375
0.675
0.04375
-0.65
-0.7125
-0.46875
0.5
1.2
1.2875
0.90625
0.13125
0.0625
0.14375
0.65
0.7625
0.0625
-0.01875
-0.53125
-0.7125
-0.39375
-0.5625
-0.53125
0.10625
0.61875
0.675
0.7375
-0.0875
-0.33125
0.09375
0.11875
0.2875
-0.125
-0.86875
-0.9125
-0.3625
0.3375
1.1625
1.3125
1.13125
0.8375
0.5625
0.43125
-0.1375
-1.1625
-2.06875
-2.80625
-2.70625
-1.61875
-0.76875
0.58125
1.00625
0.925
1.13125
0.675
0.8375
0.6375
0.275
0.075
-1.38777878078e-17
0.5
1.31875
1.8
1.71875
1.425
0.80625
0.98125
1.2625
1.7125
2.11875
1.6125
1.6125
1.31875
1.06875
1.25
0.76875
0.49375
-0.2625
-0.59375
-0.575
-1.09375
-0.9875
-1.4875
-1.56875
-1.19375
-0.6
0.03125
-0.23125
-0.0375
-0.51875
-0.375
0.225
-0.0875
0.075
-0.175
-0.23125
0.14375
0.14375
-0.00625
-0.54375
-1.05625
-1.3
-1.33125
-1.23125
-1.0875
-1.0375
-1.1375
-1.1125
-1.03125
-0.59375
-0.40625
-0.2625
-0.3375
-0.73125
-0.8
-0.575
-0.25625
-0.21875
-0.43125
-1.11875
-1.3
-0.89375
-0.24375
0.4
0.5625
-0.0875
-0.2625
0.1875
0.11875
0.75625
0.85
0.4875
0.70625
0.6875
0.7125
0.45
0.125
-0.1625
-0.90625
-1.15625
-0.925
-0.65625
0.4625
1.45625
1.4875
1.7625
1.70625
1.1125
1.16875
0.94375
0.1375
0.11875
-0.0625
-0.7
-0.78125
-1.19375
-1.39375
-0.94375
-0.50625
-0.4
-0.7375
-1.26875
-1.6625
-1.26875
-0.425
0.68125
1.4625
1.5
1.0875
0.13125
-0.49375
-0.6625
-0.38125
0.50625
1.05625
1.43125
1.125
0.325
-0.36875
-0.90625
-0.7875
-0.8125
-0.25625
-0.2125
-0.50625
-0.175
-0.84375
-0.93125
-0.7125
-1.1625
-1.13125
-1.65625
-2.54375
-2.55
-2.3625
-1.8375
-1.11875
-1.0875
-1.41875
-1.25
-1.08125
-1.0875
-0.73125
-1.375
-1.99375
-2.1
-2.61875
-2.6625
-2.73125
-2.69375
-1.93125
-0.6625
0.60625
1.30625
1.01875
-0.0875
-1.21875
-2.06875
-2.4375
-2.25625
-1.56875
-0.8625
-0.15625
0.4875
0.65
0.6
0.55
0.36875
-0.26875
-0.35
-0.43125
-1.03125
-1.2
-2.05625
-2.74375
-2.93125
-2.7375
-1.75625
-0.91875
0.1125
0.575
0.31875
-0.15625
-0.5375
-0.36875
0.36875
1.675
2.54375
2.7875
2.225
0.9125
-0.64375
-1.90625
-2.29375
-2.1375
-1.525
-0.6375
-0.5625
-0.825
-1.0125
-1.4375
-1.1875
-0.3125
0.48125
1.0625
1.23125
0.81875
0.55
0.575
1.23125
1.61875
1.86875
1.675
0.50625
-0.23125
-1.3125
-1.81875
-1.74375
-1.70625
-1.5625
-1.9
-2.325
-2.39375
-2.2875
-2.125
-1.43125
-1.2625
-0.75625
-0.10625
-0.05
-0.05
-0.75
-1.4
-2.35625
-2.85625
-2.8
-2.79375
-2.45625
-2.01875
-2.00625
-1.96875
-1.6375
-2.11875
-2.33125
-2.58125
-3.1125
-3.20625
-3.3125
-3.2
-3.15625
-3.04375
-2.98125
-3.21875
-3.4
-3.275
-2.93125
-2.29375
-1.55625
-1.48125
-1.83125
-2.35625
-2.4375
-2.2125
-1.71875
-1.425
-2.09375
-2.775
-3.49375
-3.53125
-2.8875
-1.6875
-0.2875
0.175
0.6
0.53125
0.28125
0.4625
0.2625
-0.44375
-1.3625
-1.775
-2.0875
-1.91875
-1.55625
-1.9375
-2.2
-1.98125
-1.7625
-1.475
-0.99375
-1.3375
-1.74375
-2.01875
-2.68125
-2.6375
-2.3
-1.66875
-0.675
-0.425
-0.575
-0.95625
-1.3
-1.2625
-1.05625
-1.01875
-1.0625
-1.25
-1.41875
-1.41875
-2.04375
-2.10625
-2.20625
-1.825
-0.94375
-0.41875
0.29375
0.2125
0.13125
-0.1375
-0.4125
-0.15
0.30625
1.05625
1.76875
1.8375
1.51875
0.65
-0.34375
-0.71875
-0.4
0.68125
1.325
1.7125
1.55625
0.975
1.00625
1.35
1.45
1.1375
0.575
-0.48125
-1.0875
-0.78125
-0.34375
0.13125
0.59375
0.6
0.39375
0.45
0.35625
-0.19375
-0.4875
-0.90625
-1.66875
-1.49375
-1.05625
-0.0375
1.325
1.725
1.6125
0.525
-0.24375
-0.35625
-0.25625
0.78125
0.98125
0.83125
0.68125
-0.43125
-0.4625
-0.18125
-0.48125
0.03125
-0.35
-1.06875
-1.0875
-1.575
-1.925
-1.89375
-1.70625
-1.6375
-0.86875
-0.2625
-0.05625
0.925
1.41875
1.89375
2.23125
1.7875
0.99375
0.2375
-0.5125
-1.19375
-1.7125
-2.50625
-2.96875
-2.78125
-2.25
-1.0875
0.25625
0.625
0.61875
-0.1125
-1.64375
-2.59375
-2.9875
-2.65625
-1.81875
-1.06875
-0.55
-0.31875
-0.175
0.01875
-0.39375
-1.08125
-1.475
-1.55625
-0.65
0.575
1.51875
1.7875
1.06875
-0.34375
-1.825
-2.775
-3.30625
-3.23125
-3.0375
-3.05625
-2.95
-2.45
-1.95
-1.15
0.06875
0.3125
0.75
0.625
-0.13125
-0.1375
-0.2
-0.15625
0.1875
0.3
0.11875
0.1125
-0.35
-1.04375
-1.78125
-2.1875
-2.26875
-1.8625
-1.23125
-1.2625
-1.50625
-2.2
-2.725
-2.74375
-2.56875
-2.2
-2.05
-1.75
-0.96875
0.29375
1.4125
2.04375
1.65
0.29375
-0.5
-1.53125
-1.7875
-1.5625
-1.66875
-1.19375
-0.95
-0.25
0.43125
0.83125
1.0
0.19375
-0.9625
-1.5375
-1.81875
-1.01875
-0.10625
-0.05625
0.4125
-0.00625
0.225
0.71875
0.73125
1.0875
0.53125
0.23125
-0.05
-0.0875
0.50625
0.94375
0.8625
0.4
-0.0375
-0.09375
0.35
0.5125
0.075
-1.0375
-1.65
-1.63125
-1.1875
-0.14375
0.4
0.7375
1.21875
1.4125
1.10625
0.58125
-0.0875
-1.275
-1.50625
-1.40625
-1.35625
-0.725
-0.63125
-0.3125
0.03125
0.65
1.14375
0.7125
0.25
-0.75
-1.7375
-2.1625
-2.575
-2.44375
-1.6375
-0.3125
1.4125
2.3125
2.66875
2.05
0.66875
-0.0625
-1.15
-1.6625
-1.51875
-1.54375
-0.66875
0.14375
0.45625
0.5375
-0.125
-0.6875
-0.7375
-0.1
0.60625
0.825
0.8
0.09375
-0.25
-0.2625
-0.81875
-0.81875
-0.9875
-0.9875
-0.5125
-0.4125
-0.30625
-0.08125
0.65
1.14375
1.9125
1.95625
1.45625
1.18125
0.10625
-0.09375
-0.6875
-0.84375
0.0375
0.1875
1.23125
1.5125
0.9875
0.7125
-0.35625
-0.83125
-1.0125
-0.9375
-0.525
-0.2
0.3375
0.33125
0.34375
0.23125
-0.51875
-0.9375
-1.1875
-1.91875
-2.0875
-2.25625
-2.64375
-2.525
-2.3375
-1.81875
-1.19375
-0.2625
0.58125
1.09375
1.875
2.16875
2.2125
1.925
0.98125
0.01875
-0.975
-1.18125
-1.10625
-0.85625
-0.45625
-0.96875
-1.575
-2.04375
-2.675
-2.73125
-2.425
-2.275
-1.95625
-1.875
-1.8125
-1.39375
-0.51875
0.45
1.1625
1.2
0.51875
0.36875
-0.0625
0.05625
0.21875
-0.60625
-0.71875
-1.4375
-1.74375
-1.1125
-0.89375
-0.2
0.15
0.06875
-0.3375
-0.84375
-0.71875
-0.76875
-0.43125
0.38125
0.54375
0.85625
1.6
1.6
1.4375
0.94375
-0.4625
-1.29375
-1.61875
-1.44375
-0.3125
0.53125
1.21875
1.56875
1.25
0.80625
0.15
-0.00625
-0.35
-0.9
-0.8
-1.225
-1.26875
-0.5875
-0.31875
0.025
0.51875
0.39375
0.11875
0.275
0.08125
0.425
0.9625
1.025
1.2375
0.85
-0.13125
-0.925
-1.69375
-2.39375
-2.39375
-2.39375
-2.39375
