-0.19375
-0.19375
-0.19375
-0.19375
-0.21875
-0.225
-0.146875
-0.090625
-0.028125
-0.009375
-0.009375
1.12757025938e-17
-0.003125
0.015625
-0.00875
-0.07375
-0.1325
-0.169375
-0.173125
-0.145625
-0.118125
-0.134375
-0.18125
-0.228125
-0.2375
-0.1875
-0.0875
0.034375
0.053125
0.01875
-0.04375
-0.128125
-0.121875
-0.15
-0.175
-0.2
-0.209375
-0.11875
-0.003125
0.0625
0.096875
0.059375
-0.0125
-0.00625
-0.034375
6.93889390391e-18
0.028125
0.034375
0.065625
0.0625
0.053125
0.03125
-0.0125
-0.071875
-0.1375
-0.196875
-0.234375
-0.3
-0.2625
-0.178125
-0.046875
0.159375
0.240625
0.2
0.0375
-0.178125
-0.309375
-0.290625
-0.146875
0.0125
0.128125
0.09375
0.034375
3.46944695195e-18
-0.025
0.0725
0.12
0.115
0.11
0.06
0.035
-0.01
-0.0575
-0.1075
-0.1575
-0.11
-0.0575
-0.0075
0.058125
0.02375
-0.015625
-0.08125
-0.2
-0.240625
-0.298125
-0.2925
-0.2275
-0.17125
-0.07375
-0.035625
-0.04125
-0.085625
-0.17375
-0.199375
-0.23125
-0.24375
-0.196875
-0.228125
-0.18375
-0.1175
-0.12625
-0.071875
-0.046875
-0.028125
0.03125
0.055
0.0425
0.0175
0.026875
0.065
0.1425
0.1825
0.11625
0.0125
-0.18125
-0.375
-0.471875
-0.546875
-0.5
-0.37125
-0.23
-0.069375
0.035
0.119375
0.16
0.161875
0.145
0.025625
-0.08125
-0.16875
-0.203125
-0.134375
-0.084375
-0.0375
-0.046875
-0.084375
-0.15
-0.1625
-0.184375
-0.186875
-0.145625
-0.179375
-0.150625
-0.13875
-0.09875
-0.03625
0.02
0.089375
0.08375
0.0675
0.045
-0.00875
-0.015625
-0.009375
-0.034375
-0.034375
-0.025
-0.0025
0.060625
0.055
0.03375
-0.023125
-0.105
-0.0775
-0.1
-0.05
-0.075
-0.15
-0.146875
-0.21875
-0.165625
-0.1125
-0.096875
-0.05625
-0.115625
-0.225
-0.315625
-0.40625
-0.41875
-0.38125
-0.33125
-0.33125
-0.353125
-0.375
-0.440625
-0.403125
-0.33125
-0.184375
-0.015625
0.1125
0.153125
0.09375
0.05625
-0.034375
-0.071875
-0.109375
-0.190625
-0.221875
-0.265625
-0.234375
-0.140625
-0.03125
0.10625
0.146875
0.10625
0.009375
-0.125
-0.171875
-0.178125
-0.121875
-0.01875
0.009375
0.04375
0.0625
0.05
0.065625
0.10625
0.084375
0.03125
-0.015625
-0.111875
-0.12375
-0.104375
-0.063125
-0.023125
-0.03875
-0.023125
-0.048125
-0.05375
-0.060625
-0.105
-0.13375
-0.15625
-0.1875
-0.246875
-0.28125
-0.328125
-0.296875
-0.23125
-0.209375
-0.209375
-0.275
-0.3
-0.271875
-0.1625
-0.04375
-0.03125
-0.034375
-0.078125
-0.09375
-0.01875
0.015625
0.025
-0.009375
-0.04625
-0.04875
-0.041875
0.00875
0.02375
0.023125
0.02875
-0.009375
-8.67361737988e-19
0.03125
0.05625
0.125
0.159375
0.175
0.2125
0.24375
0.25375
0.229375
0.1675
0.0775
-0.010625
-0.020625
-0.011875
0.021875
0.075
0.0875
0.1
0.0625
0.025
-0.03125
-0.109375
-0.125
-0.12125
-0.120625
-0.073125
-0.02875
-0.023125
-0.02375
-0.1025
-0.253125
-0.4125
-0.54375
-0.55625
-0.49375
-0.3375
-0.13125
-0.003125
0.103125
0.109375
0.065625
0.009375
-0.055625
-0.1175
-0.154375
-0.12875
-0.116875
-0.005
0.04125
0.031875
0.041875
-0.0575
-0.150625
-0.254375
-0.326875
-0.32125
-0.253125
-0.146875
-0.08125
-0.090625
-0.08125
-0.05
-0.03125
0.021875
0.01875
-0.075
-0.125
-0.14375
-0.184375
-0.1
-0.06875
-0.07125
-0.04875
-0.1575
-0.225625
-0.27625
-0.289375
-0.1775
-0.06875
6.93889390391e-18
-0.021875
-0.1625
-0.275
-0.3375
-0.275
-0.09375
0.04375
0.15625
0.20625
0.185
0.148125
0.064375
-0.063125
-0.17625
-0.23
-0.15875
-0.021875
0.090625
0.153125
0.125
0.053125
0.05
0.0375
0.02875
0.0325
-0.02
-0.0475
-0.07625
-0.07375
-0.068125
-0.043125
-0.014375
0.01125
0.011875
-0.004375
0.03875
0.050625
0.1
0.146875
0.11875
0.034375
-0.043125
-0.13625
-0.204375
-0.156875
-0.116875
-0.03625
0.044375
0.075
0.096875
0.084375
0.071875
0.034375
-0.021875
-0.065625
-0.09375
-0.046875
0.01875
0.09375
0.115625
0.0625
0.0375
-0.015625
0.015625
0.096875
0.1375
0.2125
0.215625
0.16625
0.1575
0.10875
0.063125
0.050625
-0.011875
-0.0725
-0.070625
-0.099375
-0.0875
-0.015625
-1.04083408559e-17
0.0625
0.134375
0.121875
0.1375
0.115625
0.021875
-0.01875
-0.109375
-0.190625
-0.253125
-0.29375
-0.275
-0.24375
-0.109375
-0.01875
0.059375
0.15
0.14375
0.171875
0.18125
0.153125
0.121875
0.046875
-0.04375
-0.096875
-0.125
-0.109375
-0.040625
-0.015625
-0.01875
-0.11875
-0.246875
-0.35
-0.396875
-0.309375
-0.215625
-0.090625
-0.003125
0.01875
0.034375
0.034375
0.053125
0.025
-0.0625
-0.240625
-0.40625
-0.46875
-0.396875
-0.221875
-0.07125
0.01375
-0.02625
-0.075
-0.16875
-0.221875
-0.184375
-0.21375
-0.1675
-0.180625
-0.240625
-0.253125
-0.29375
-0.325
-0.384375
-0.415625
-0.425
-0.35
-0.240625
-0.153125
-0.071875
-0.059375
-0.01875
0.034375
0.00625
-0.034375
-0.0875
-0.1875
-0.221875
-0.2125
-0.234375
-0.19375
-0.125
-0.06875
0.015625
0.065625
0.109375
0.153125
0.184375
0.190625
0.175
0.12875
0.064375
0.01875
-0.0175
-0.03
-0.003125
0.051875
0.06625
0.103125
0.1
0.075
0.1125
0.1
0.090625
0.059375
-0.009375
-0.0375
-0.015625
0.028125
0.075
0.075
0.046875
0.05
0.071875
0.140625
0.15625
0.13125
0.075
0.021875
0.0375
0.065625
0.11875
0.153125
0.140625
0.146875
0.1375
0.128125
0.16875
0.1625
0.159375
0.115625
0.065625
0.038125
0.023125
0.020625
-0.019375
-0.056875
-0.138125
-0.14125
-0.125625
-0.104375
-0.039375
-0.015
0.028125
0.0625
0.100625
0.123125
0.133125
0.155625
0.1675
0.160625
0.14125
0.103125
0.0625
0.053125
0.03125
0.01875
0.021875
0.034375
0.06875
0.103125
0.125
0.115625
0.1
0.0625
0.003125
-0.015625
-0.03125
-0.028125
-0.00625
-0.01875
-0.028125
-0.00625
0.015625
-0.003125
-0.028125
-0.109375
-0.20625
-0.225
-0.25625
-0.284375
-0.2625
-0.246875
-0.25
-0.159375
-0.1375
-0.153125
-0.084375
-0.103125
-0.071875
-0.03125
-0.05625
-0.0875
-0.115625
-0.10625
-0.065625
-0.025
-0.003125
-0.01875
-0.05
0.0125
0.059375
0.09375
0.103125
0.025
-0.040625
-0.096875
-0.128125
-0.140625
-0.15
-0.125
-0.075
-0.00625
0.065625
0.090625
0.06875
0.009375
-0.0375
-0.0375
-0.04375
-0.046875
-0.084375
-0.13125
-0.125
-0.103125
-0.065
-0.051875
-0.08875
-0.1125
-0.121875
-0.1625
-0.128125
-0.106875
-0.088125
-0.0225
0.0025
0.039375
0.023125
0.000625
-0.025
-0.06875
-0.04625
-0.0175
-0.060625
-0.09125
-0.1325
-0.21125
-0.174375
-0.175
-0.21875
-0.165625
-0.159375
-0.08125
0.028125
0.08125
0.146875
0.134375
0.14125
0.129375
0.080625
0.10375
0.11
0.119375
0.12125
0.05125
-0.043125
-0.165625
-0.228125
-0.28125
-0.290625
-0.271875
-0.26875
-0.171875
-0.11875
-0.05
-0.009375
-0.05
-0.046875
-0.053125
-0.06875
-0.1
-0.1375
-0.178125
-0.178125
-0.1375
-0.109375
-0.075
-0.034375
0.04375
0.078125
0.13125
0.103125
-0.01875
-0.053125
-0.09375
-0.0625
0.046875
0.0625
0.065625
0.046875
-0.0625
-0.128125
-0.23125
-0.30625
-0.29375
-0.228125
-0.14375
-0.103125
-0.06875
-0.111875
-0.09875
-0.03875
-0.003125
0.0125
-0.04375
-0.15
-0.241875
-0.2175
-0.161875
-0.04375
0.03125
-0.03125
-0.071875
-0.165625
-0.196875
-0.109375
-0.025
0.075
0.134375
0.128125
0.081875
0.05125
0.0275
0.035
0.044375
0.038125
0.04
0.004375
0.019375
-0.00625
-0.0375
-0.00625
0.009375
0.06875
0.128125
0.103125
0.05625
0.00625
-0.078125
-0.115625
-0.140625
-0.16875
-0.13125
-0.0775
-0.055
0.01125
0.024375
0.039375
0.0575
-0.0025
4.33680868994e-18
-0.0875
-0.10625
-0.115625
-0.175
-0.140625
-0.1625
-0.090625
-0.034375
0.00625
0.038125
-0.008125
-0.029375
-0.094375
-0.12
-0.18625
-0.218125
-0.215625
-0.253125
-0.171875
-0.165625
-0.125
-0.115625
-0.2375
-0.3125
-0.396875
-0.396875
-0.303125
-0.2
-0.1125
-0.09375
-0.13125
-0.18125
-0.28125
-0.3125
-0.240625
-0.171875
-0.065625
0.046875
0.0375
0.0225
-0.014375
-0.11375
-0.125625
-0.11375
-0.0175
0.075625
0.1125
0.090625
-0.0025
-0.045625
-0.098125
-0.081875
-0.048125
-0.0425
0.0075
0.0075
-0.0325
-0.094375
-0.195
-0.28625
-0.293125
-0.23125
-0.109375
0.040625
0.103125
0.100625
0.0575
0.014375
0.0275
0.07375
0.104375
0.088125
0.028125
-0.075
-0.196875
-0.25625
-0.2875
-0.28125
-0.240625
-0.215625
-0.153125
-0.0625
0.028125
0.090625
0.04375
-0.0375
-0.11875
-0.2125
-0.1875
-0.23125
-0.24625
-0.205
-0.229375
-0.16625
-0.104375
-0.083125
-0.033125
0.004375
0.005
0.030625
0.045625
0.054375
0.0725
0.056875
0.016875
0.020625
0.011875
0.001875
0.05125
0.01625
-0.059375
-0.06875
-0.128125
-0.175
-0.12125
-0.16125
-0.21375
-0.163125
-0.179375
-0.126875
-0.0275
-0.0125
0.028125
0.021875
-0.00625
-0.090625
-0.165625
-0.18125
-0.178125
-0.05
0.046875
0.103125
0.140625
0.106875
0.101875
0.125
0.1075
0.101875
0.10125
0.069375
0.1
0.133125
0.135625
0.129375
0.110625
0.09875
0.111875
0.12375
0.095
0.050625
-0.04375
-0.08125
-0.0625
-0.05625
0.01875
0.059375
0.069375
0.129375
0.126875
0.111875
0.055
-0.04875
-0.074375
-0.1025
-0.058125
-0.02
-0.069375
-0.154375
-0.239375
-0.27125
-0.246875
-0.10625
0.025
0.113125
0.185625
0.17375
0.128125
0.10625
0.059375
0.028125
-0.0325
-0.089375
-0.086875
-0.1125
-0.043125
-0.064375
-0.145
-0.20375
-0.2825
-0.23625
-0.14625
-0.009375
0.075
0.11875
0.159375
0.165625
0.221875
0.2625
0.278125
0.269375
0.235625
0.205
0.193125
0.18
0.12625
0.09125
0.046875
-0.00625
0.021875
0.04375
0.025
0.059375
0.003125
-0.078125
-0.1125
-0.16875
-0.15
-0.125
-0.10625
-0.05
-0.06875
-0.078125
-0.046875
-0.059375
0.003125
0.04375
-0.003125
-0.046875
-0.065625
-0.0625
0.009375
0.063125
-0.008125
-0.1075
-0.213125
-0.298125
-0.255
-0.115
-0.028125
0.00625
-0.0375
-0.19375
-0.3125
-0.35625
-0.334375
-0.265625
-0.171875
-0.075
-0.0875
-0.08125
-0.128125
-0.203125
-0.209375
-0.259375
-0.30625
-0.340625
-0.321875
-0.25625
-0.10625
-0.00625
0.021875
0.0375
-0.065625
-0.159375
-0.2
-0.31875
-0.330625
-0.266875
-0.28125
-0.1825
-0.113125
-0.07
0.060625
0.155625
0.195
0.1725
0.096875
6.93889390391e-18
-0.0375
-0.034375
-0.03125
6.93889390391e-18
0.01875
0.084375
0.109375
0.1125
0.075
-0.03125
-0.0375
-0.078125
-0.068125
-0.06125
-0.12625
-0.156875
-0.204375
-0.189375
-0.1525
-0.071875
0.00625
0.05625
0.128125
0.09375
0.034375
-0.059375
-0.225
-0.2775
-0.301875
-0.35125
-0.29125
-0.298125
-0.276875
-0.1775
-0.171875
-0.121875
-0.096875
-0.06875
0.0375
0.134375
0.209375
0.253125
0.253125
0.196875
0.15375
0.07625
-0.045
-0.10625
-0.2125
-0.309375
-0.3625
-0.454375
-0.47375
-0.415
-0.38125
-0.30625
-0.221875
-0.190625
-0.10625
-0.04375
-0.05
-0.05
-0.053125
-0.05625
-0.021875
0.00625
0.015625
0.025
0.0625
0.065625
0.028125
-0.03125
-0.153125
-0.190625
-0.16875
-0.09375
-0.015625
-0.003125
-0.03125
-0.03125
-0.03125
-0.03125
