0.034704825
0.034704825
0.034704825
0.034704825
0.0329444125
0.03410920625
0.0390575875
0.04397696875
0.0431190363125
0.0371628089375
0.0335905690625
0.0286187291875
0.0310027166875
0.0393429315625
0.0452991589375
0.0474789738125
0.048080275
0.0471030625
0.04980209375
0.06021298125
0.0715009125
0.0836658875
0.09003700625
0.0894616875
0.08433308125
0.0708676
0.05951973125
0.05025123125
0.0394757875
0.03870319375
0.0379306
0.04047361875
0.04773185
0.05088843125
0.0540450125
0.05481760625
0.05978718125
0.06589329375
0.07411701875
0.08374034375
0.08595841875
0.08416333125
0.0741904
0.0646172875
0.0538010375
0.048237625
0.04874161875
0.044247175
0.0485917125
0.05235945625
0.05637665625
0.06370661875
0.06407699375
0.06116659375
0.06011974375
0.0558672925625
0.0487184839375
0.0392746190625
0.0317343791875
0.0302641104375
0.0386858065625
0.0534197589375
0.0577292863125
0.06273694375
0.0576282875
0.04775883125
0.044546625
0.0380057375
0.03718133125
0.04480114375
0.052164325
0.05883238125
0.0629955363125
0.0544441026875
0.0480128503125
0.0375943666875
0.0306248104375
0.0369639690625
0.0388061339375
0.0432576550625
0.04844709375
0.04330593125
0.0407982125
0.0460761625
0.04855775
0.0517374675625
0.056780735125
0.0534871276875
0.05297675775
0.0624464214375
0.071382935125
0.0848727363125
0.093114125
0.0896712375
0.08461291875
0.07148153125
0.05745456875
0.05032714375
0.03954930625
0.0337099613125
0.035887685125
0.0358482276875
0.04316639525
0.0566977151875
0.064754241375
0.0699369800625
0.069882275
0.0622089875
0.05268500625
0.049727075
0.04991480625
0.05082355625
0.0575477375
0.06140156875
0.0634809375
0.0678727
0.06629
0.0638853875
0.05884000625
0.05688214375
0.06253913125
0.06655573125
0.07340053125
0.074747375
0.06588359375
0.05644301875
0.050018075
0.04155470625
0.03893815
0.04287356875
0.04588256875
0.05257038125
0.0627016
0.0618436675625
0.055334022625
0.0525031901875
0.04225793275
0.0432037776875
0.045979960125
0.0467177175625
0.0548415
0.05555475
0.05961858125
0.062042025
0.05760960625
0.05498931875
0.05233764375
0.04788655
0.0458541125
0.05128395
0.05721596875
0.06722405
0.08404358125
0.0890100875
0.08582715
0.08036756875
0.0637500875
0.05560064375
0.05444305625
0.0472252375
0.05021710625
0.05098341875
0.0509553125
0.0569946125
0.05581145625
0.05301975
0.04995363125
0.05328095625
0.0585668625
0.0616840125
0.06531203125
0.06253943125
0.0574475625
0.06044776875
0.06203283125
0.0572101
0.058321475
0.05076550625
0.0449188375
0.0454871375
0.04389876875
0.0473461875
0.05014955
0.0538701875
0.0504952625
0.04298131875
0.03541985
0.02600948125
0.0223955375
0.02040584375
0.01777209375
0.0199982375
0.02222438125
0.0252282
0.0294016
0.027002225
0.026836775
0.02786675625
0.0278932125
0.0316357
0.03461755
0.04179638125
0.0531557875
0.0613163125
0.068793625
0.07114233125
0.0683673375
0.06994645
0.0699170125
0.0677983625
0.06635230625
0.06395818125
0.0593953
0.0567342
0.05550394375
0.05158823125
0.0506359875
0.0454934613125
0.042891403875
0.0432475776875
0.04663850775
0.0614090714375
0.069781597625
0.0726528738125
0.0695021625
0.0538733625
0.03905959375
0.0321310625
0.03122451875
0.0388051375
0.0527123625
0.0596897375
0.060645125
0.06105469375
0.0553044625
0.0525414625
0.05580045
0.05018646875
0.04884781875
0.04893776875
0.046016725
0.0508087625
0.0491649363125
0.046092510125
0.038483339
0.033024686625
0.032537874125
0.030735905375
0.0334706815625
0.0319311765
0.033740164
0.04137848275
0.0535535464375
0.062604466375
0.0647255363125
0.0561552988125
0.043048316375
0.0362679401875
0.0354620265
0.0453699901875
0.052266960125
0.0581795425625
0.06110489375
0.05555088125
0.0514821113125
0.048290385125
0.0411560401875
0.0373701878125
0.0396468315625
0.0360843315625
0.0404354690625
0.0515578651875
0.057984485125
0.0662414425625
0.07213936875
0.06866114375
0.06550098125
0.0656914
0.0580926988125
0.051572835125
0.0409513214375
0.0272590265
0.0220634276875
0.024784435125
0.0354190800625
0.05298225625
0.0725606625
0.08504350625
0.09130975
0.08664741875
0.07537365
0.060637925
0.0471879125
0.0421775375
0.03659184375
0.03955083125
0.04876435
0.051311825
0.057505075
0.0570865375
0.0500742
0.052059875
0.051533475
0.054605325
0.0581862375
0.056925175
0.0586804875
0.06434810625
0.071595875
0.0723061875
0.0713684875
0.06331165625
0.050469225
0.04475585625
0.04449723125
0.04828736875
0.05909105
0.0716996875
0.0748686875
0.071911525
0.0615586300625
0.048360347625
0.0425325151875
0.043933614
0.0540901401875
0.064030835125
0.0661819550625
0.0643324625
0.0537275425625
0.041910453875
0.0404231151875
0.04166652025
0.0539419964375
0.065240260125
0.0714399175625
0.07225924375
0.06131936875
0.05447456875
0.04281775
0.03535300625
0.0314435925625
0.028061497625
0.0290141964375
0.035029464
0.0492486026875
0.063658935125
0.0801274175625
0.0896647125
0.08744280625
0.0788740625
0.06576886875
0.056364875
0.052065725
0.05090434375
0.05697620625
0.05886964375
0.06334929375
0.0686012375
0.0686210125
0.0661648550625
0.057580885125
0.0533317089375
0.04955975775
0.0520159089375
0.061555260125
0.0654606800625
0.0645486625
0.0664878625
0.0630693
0.05997236875
0.064898325
0.06531010625
0.0667442375
0.06563609375
0.0598492125
0.048479325
0.03804045625
0.03482858125
0.03085606875
0.03887435625
0.04568660625
0.044820625
0.04989578125
0.0415612238125
0.036020935125
0.0405118964375
0.0373246265
0.0434588401875
0.050084797625
0.0463157300625
0.051278775
0.0561394375
0.06124809375
0.0692299125
0.07327255
0.07512640625
0.0683711
0.06376900625
0.0567330125
0.0480815875
0.04624196875
0.04448081875
0.04433165625
0.04944576875
0.05690305625
0.06662595
0.07843805625
0.08077749375
0.0801059375
0.07336306875
0.06201235625
0.06260205625
0.05951294375
0.05773405
0.058715775
0.0479112875
0.0469296
0.05017108125
0.050692275
0.06215035625
0.06581775
0.0647534875
0.067246225
0.0623266875
0.05807634375
0.0597387375
0.05889383125
0.0601949375
0.06427296875
0.060993375
0.064247225
0.0659993875
0.0613245125
0.066124875
0.06616795625
0.0715943875
0.08675328125
0.09359711875
0.0936856
0.083456225
0.06846956875
0.05245994375
0.0438135
0.04183865625
0.0356061875
0.03384694375
0.0319023625
0.0288360425625
0.031943147625
0.0395947964375
0.045819789
0.052902714
0.058544189
0.054685689
0.05438598275
0.0607406339375
0.066750597625
0.0768981113125
0.080436225
0.07684275625
0.06909581875
0.06227900625
0.0606310375
0.05494611875
0.0516222875
0.04478181875
0.0350180875
0.02896350625
0.0248806875
0.02313343125
0.0243094375
0.02629046875
0.0261532625
0.02598720625
0.0251318125
0.0277962
0.03806620625
0.05170771875
0.06208638125
0.07156946875
0.07456100625
0.07643630625
0.08685521875
0.08996756875
0.09090885
0.08976091875
0.07676350625
0.07278324375
0.07384024375
0.0697924
0.07154098125
0.06683715625
0.05356164375
0.04520115625
0.0359827363125
0.025870935125
0.0257760339375
0.0290764015
0.0362128151875
0.049371216375
0.0569787425625
0.0591352375
0.0584273625
0.05183470625
0.050505325
0.05363870625
0.0541606125
0.06254770625
0.06595941875
0.06414295625
0.07088445625
0.0675297125
0.0607130125
0.0553815550625
0.038193441375
0.0254185901875
0.01740483275
0.0115109526875
0.012875128875
0.0186096988125
0.02434426875
0.03342733125
0.0387291988125
0.042469866375
0.0479359714375
0.045516839
0.0477368339375
0.045721603875
0.0412108863125
0.0406427875
0.03997230625
0.03997455
0.043734075
0.0474936
0.045093325
0.04164020625
0.0312572375
0.02087426875
0.01550275
0.0120348363125
0.013464928875
0.0188376401875
0.0230280765
0.0284067651875
0.033600116375
0.0346918175625
0.03888419375
0.044980175
0.0525232875
0.0628496375
0.07018875625
0.07647503125
0.07755689375
0.0690126300625
0.060468366375
0.0474919839375
0.03750283275
0.0390523464375
0.036923047625
0.0392095800625
0.04612373125
0.04694250625
0.05514730625
0.0635105375
0.06192695
0.063460625
0.062899075
0.0605630625
0.06328244375
0.06656080625
0.06658679375
0.06859963125
0.0702821488125
0.063786822625
0.0552530714375
0.0418346265
0.0298682401875
0.027904703875
0.0333271925625
0.04010279375
0.04668828125
0.04935955
0.0443597625
0.0397324425625
0.037448297625
0.0347063339375
0.0383050265
0.0486186339375
0.0513845026875
0.0566211964375
0.0606386901875
0.055305439
0.0560584464375
0.055594835125
0.0504320113125
0.04849914375
0.04406855
0.035946975
0.031374175
0.033627175
0.04240421875
0.0565660875
0.074656225
0.08312363125
0.08601520625
0.08638815
0.07888303125
0.07622626875
0.07404673125
0.06607076875
0.06598004375
0.06640288125
0.06124365
0.06555965625
0.06593304375
0.062895025
0.06427026875
0.0582878875
0.0483628875
0.040021475
0.033063225
0.0355802125
0.0414456925625
0.045780941375
0.0508532089375
0.04502420775
0.03978933275
0.03767172025
0.038149314
0.0421822378125
0.0507803065625
0.053282999125
0.0514143229375
0.051953092875
0.046453430375
0.046084639
0.040958566375
0.0347107550625
0.03138111875
0.031399975
0.0355754625
0.04379834375
0.05041730625
0.0485569050625
0.047637541375
0.0429345901875
0.040667314
0.0435309089375
0.046665485125
0.0469480988125
0.03996266875
0.0347671
0.03510415
0.04212263125
0.0591239125
0.07231260625
0.07390845
0.0679825625
0.05478863125
0.04601053125
0.04882528125
0.0551950875
0.06032175625
0.0623021625
0.05415135
0.04770385
0.04845494375
0.0495241
0.0541342375
0.05862315625
0.05927423125
0.0568924875
0.05834395
0.0538137800625
0.049442641375
0.0508190776875
0.046490389
0.0482241964375
0.046939985125
0.0391031738125
0.0336956375
0.02609453125
0.02680610625
0.0318643125
0.042150375
0.05681146875
0.0661779
0.07420869375
0.075130475
0.07231664375
0.0637063875
0.05788413125
0.0527346
0.04616858125
0.0507181875
0.05682385625
0.0658193
0.0747172875
0.07509705625
0.0681243375
0.05683294375
0.050071125
0.05018456875
0.05252189375
0.05692798125
0.05690195
0.05092303125
0.045472025
0.042946225
0.0454278125
0.04640963125
0.05080645625
0.05467013125
0.04917488125
0.0535091
0.05523901875
0.05747111875
0.0661674625
0.0666931375
0.0657141375
0.05754108125
0.054176375
0.05148439375
0.0531868625
0.0625803875
0.06615018125
0.07220873125
0.07835744375
0.08010378125
0.07720628125
0.07578354375
0.0690294375
0.06236605625
0.06520825
0.0655318125
0.0704381625
0.08183104375
0.089186975
0.09442529375
0.09241739375
0.0833850375
0.07387545625
0.0689486625
0.07427908125
0.08291673125
0.0892777375
0.0877211625
0.07894676875
0.06651853125
0.05864358125
0.05633448125
0.05820380625
0.06413546875
0.06266188125
0.06173145625
0.055035575
0.04622878125
0.04334440625
0.0380851625
0.0365021625
0.0362362625
0.03421668125
0.03996841875
0.04333616875
0.04366138125
0.0489419875
0.042874875
0.04168948125
0.0438197
0.04360109375
0.0481753875
0.04775421875
0.0464251875
0.0379732875
0.02975934375
0.02801415
0.0313500375
0.0399960375
0.0528484625
0.06381908125
0.06439019375
0.06436896875
0.05646250625
0.04434921875
0.04070764375
0.0413588875
0.046884375
0.05436844375
0.0594939375
0.05992739375
0.0598028875
0.0584378125
0.0579009625
0.057093125
0.06066656875
0.06719824375
0.07208321875
0.07839679375
0.079955425
0.07601280625
0.0696050125
0.06317345625
0.0567419
0.05819558125
0.063754825
0.072348825
0.07842419375
0.07687813125
0.071650275
0.0619665375
0.05125983125
0.04635211875
0.0423282
0.038976875
0.03916715
0.038824275
0.04331525625
0.04778471875
0.057015275
0.0646304
0.0634644375
0.06822089375
0.06371896875
0.05924544375
0.059853
0.05099715625
0.0457806675625
0.036621560125
0.0273201589375
0.02312584525
0.0259665964375
0.033681591375
0.0463800800625
0.061868775
0.0658611375
0.067997425
0.0608021
0.04776763125
0.04151399375
0.04014865
0.042235825
0.04454149375
0.04366009375
0.03881485
0.038807675
0.04471621875
0.05711129375
0.06803308125
0.0724637
0.06917918125
0.0573041
0.0467885625
0.0403029375
0.03833343125
0.045322
0.05097195
0.056865375
0.0597162625
0.0513854875
0.04963568125
0.04796763125
0.0526261875
0.06359443125
0.06731645625
0.06939809375
0.0675371125
0.06753968125
0.06810123125
0.063079775
0.055047325
0.04344233125
0.0370722125
0.0375903875
0.0404517375
0.04409763125
0.04194966875
0.041952225
0.0463014125
0.0545962125
0.0658271
0.0688410875
0.06449745
0.05711800625
0.0481300125
0.04466868125
0.04634779375
0.048762425
0.0479961125
0.04964128125
0.0520704
0.04876091875
0.05037784375
0.0472590875
0.044331525
0.04789049375
0.051922675
0.0575134875
0.0603199625
0.06573579375
0.07339926875
0.08222035625
0.0870542125
0.0879008375
0.082794575
0.072996275
0.0718675625
0.065052325
0.05673731875
0.05592058125
0.04825041875
0.047234375
0.05091919375
0.0490531375
0.04692968125
0.04464868125
0.04429519375
0.0455287375
0.05255633125
0.0558401
0.05248831875
0.05281278125
0.04659944375
0.04202410625
0.04123235625
0.035465225
0.0368966875
0.0386750613125
0.040453435125
0.0387698526875
0.0332484265
0.0349826589375
0.039214622625
0.0507054113125
0.06029708125
0.05743796875
0.05196738125
0.04547235
0.04026541875
0.0430888375
0.04613974375
0.049806575
0.053551875
0.05494950625
0.05979589375
0.0565000125
0.057574525
0.062439025
0.06146438125
0.0729434125
0.0768081875
0.071891875
0.0694396375
0.05494455625
0.0437836175625
0.039156122625
0.0359531839375
0.038932189
0.0440620089375
0.049321860125
0.0529697238125
0.05649801875
0.0588267
0.05565413125
0.0529587875
0.052060475
0.05591476875
0.070119475
0.08028445625
0.08905073125
0.0927145
0.0846315125
0.07999728125
0.076191275
0.07203770625
0.07308589375
0.0727954625
0.065405925
0.05480145
0.04578654375
0.0366982488125
0.038167203875
0.0446435464375
0.047290714
0.0523215651875
0.048571328875
0.0403652113125
0.03452873125
0.0285021375
0.02773881875
0.02905486875
0.0306419
0.0306294875
0.03064203125
0.03552881875
0.03988799375
0.04756278125
0.04911140625
0.043843625
0.03910345625
0.03353793125
0.03747798125
0.04348679375
0.051465725
0.05748500625
0.05340804375
0.05545530625
0.0537263
0.05279933125
0.061604825
0.06345073125
0.06826758125
0.06874796875
0.05994935625
0.0482543863125
0.038807060125
0.0368296026875
0.0395035265
0.0498060526875
0.050379278875
0.0462604675625
0.04359401875
0.041745775
0.04991443125
0.05762228125
0.06225935
0.0565857375
0.04903749375
0.0447260875
0.04521015
0.0531564875
0.0554511125
0.0545089
0.0503896375
0.0476814875
0.0520983375
0.0573752125
0.06043490625
0.05841185625
0.05234908125
0.0508211125
0.050740275
0.0523377875
0.0495950875
0.04535261875
0.0409319875
0.0377067875
0.03946508125
0.03365206875
0.02878726875
0.0289778625
0.03413100625
0.04619723125
0.05921166875
0.06738413125
0.065133325
0.06137784375
0.05966138125
0.05167126875
0.0505942375
0.04928971875
0.04131915625
0.04494144375
0.04932241875
0.052364775
0.06488236875
0.0716035375
0.0714503125
0.0727732125
0.06462344375
0.0498193175625
0.042790272625
0.0347820776875
0.03412637025
0.0467793776875
0.052620166375
0.0649993488125
0.06857368125
0.06549365625
0.06594088125
0.05522926875
0.05429764375
0.049689775
0.049850175
0.05796321875
0.055841875
0.05977388125
0.055115325
0.0467648
0.050405075
0.05084976875
0.05512393125
0.06136985625
0.0587428125
0.0547170625
0.05534269375
0.05736986875
0.05818340625
0.06554891875
0.06294385
0.0609048375
0.0683410625
0.06932488125
0.07914768125
0.08232246875
0.07970083125
0.076209575
0.06938596875
0.0652710125
0.06067883125
0.05812566875
0.05782185
0.05776435625
0.05336665
0.05229396875
0.0471378125
0.0439821125
0.0509385125
0.05710513125
0.06108898125
0.0634733875
0.0545029
0.04603459375
0.04443515
0.04323971875
0.04810451875
0.04958096875
0.04783059375
0.04727565
0.0461265800625
0.041779360125
0.0377786026875
0.03569818275
0.0357614026875
0.042442091375
0.0474051175625
0.04811658125
0.04870713125
0.0471775
0.0457779
0.0457779
0.04590793125
0.0430598488125
0.044627597625
0.0498715901875
0.05133977025
0.0563873651875
0.054505110125
0.0428863800625
0.0373424
0.032258775
0.031381575
0.0426248375
0.05048775625
0.06016280625
0.0732812625
0.07904035
0.07826198125
0.074609825
0.0632866125
0.054561675
0.0558395875
0.057935975
0.0700492625
0.0808634125
0.08985255625
0.09419375625
0.0903642875
0.08444560625
0.0706128875
0.06573824375
0.065098825
0.06652021875
0.07741685
0.0835324375
0.0817339875
0.076285125
0.0634786375
0.0503245875
0.046645775
0.04810740625
0.05470948125
0.05887478125
0.05541865
0.0497308375
0.04181134375
0.0387654
0.04363309375
0.05437568125
0.0651967375
0.07358101875
0.0757487
0.0670151125
0.05947486875
0.04949785
0.04253870625
0.0450548
0.0472351875
0.0539415625
0.06343814375
0.06532046875
0.0684891
0.06991608125
0.06410431875
0.0639462625
0.0602156625
0.0561375
0.05573558125
0.05829775625
0.0687765375
0.07890775625
0.0866549875
0.08331924375
0.0720978625
0.05688925
0.04964763125
0.052770475
0.05959451875
0.0697934875
0.074886675
0.07810523125
0.07791238125
0.07884545625
0.07930130625
0.0739917
0.0690819125
0.06685803125
0.0625165375
0.0618512875
0.0625856375
0.06062705625
0.0607860875
0.06028656875
0.05978705
0.0607688875
0.05873973125
0.05873973125
0.05873973125
0.05873973125
