-0.115625
-0.115625
-0.115625
-0.115625
-0.101875
-0.123125
-0.228125
-0.256875
-0.28625
-0.256875
-0.195625
-0.2175
-0.229375
-0.256875
-0.19625
-0.11375
-0.05125
-0.001875
-0.02625
-0.050625
-0.055
-0.060625
-0.006875
0.021875
0.040625
0.06125
0.0375
0.085625
0.13375
0.2025
0.27125
0.26125
0.270625
0.22125
0.129375
0.054375
-0.085
-0.156875
-0.14375
-0.07125
0.046875
0.143125
0.199375
0.166875
0.15875
0.13125
0.054375
0.0225
-0.0525
-0.086875
-0.03
0.02625
0.09375
0.08875
-0.005
-0.0925
-0.1875
-0.25625
-0.225625
-0.2225
-0.234375
-0.19125
-0.243125
-0.243125
-0.115
-0.09375
-0.023125
0.045
0.00625
0.12375
0.2075
0.175
0.12625
-0.03
-0.161875
-0.145625
-0.103125
-0.051875
-0.000625
-0.025
-0.06875
-0.091875
-0.103125
-0.083125
-0.028125
-0.000625
0.01
0.013125
-0.000625
-0.004375
0.005
0.00625
-0.018125
-0.0325
-0.063125
-0.161875
-0.22875
-0.285
-0.38375
-0.32375
-0.278125
-0.23625
-0.14375
-0.17375
-0.14875
-0.158125
-0.12375
-0.086875
-0.1
-0.0875
-0.106875
-0.0825
-0.085
-0.08125
-0.086875
-0.1
-0.096875
-0.0925
-0.14875
-0.204375
-0.24875
-0.36
-0.354375
-0.370625
-0.42875
-0.3375
-0.36375
-0.359375
-0.281875
-0.34125
-0.28625
-0.216875
-0.115625
0.045625
0.15375
0.18625
0.125625
0.059375
0.023125
0.029375
0.1075
0.140625
0.050625
-0.03625
-0.2325
-0.36125
-0.300625
-0.22875
-0.02875
0.104375
0.13875
0.19625
0.150625
0.205625
0.161875
0.043125
0.015625
-0.164375
-0.155
-0.113125
-0.150625
-0.05625
-0.1
-0.08875
-0.06
-0.075
-0.041875
-0.103125
-0.148125
-0.2075
-0.220625
-0.171875
-0.125
0.005625
0.049375
0.0875
0.14875
0.041875
-0.0175
-0.11
-0.29125
-0.33
-0.38875
-0.468125
-0.4225
-0.37625
-0.295
-0.11125
0.023125
0.093125
0.163125
0.176875
0.20125
0.22125
0.171875
0.11875
0.02375
-1.08420217249e-18
0.0675
0.13875
0.165625
0.084375
-0.129375
-0.349375
-0.47375
-0.56625
-0.52625
-0.481875
-0.428125
-0.32125
-0.234375
-0.134375
-0.0725
0.01
0.058125
0.0675
0.05125
-0.03375
-0.109375
-0.13375
-0.108125
-0.035625
-0.020625
-0.055625
-0.09375
-0.220625
-0.19875
-0.10875
-0.07125
0.078125
0.105
0.06625
0.08875
0.075625
0.08
0.069375
-0.033125
-0.156875
-0.28125
-0.338125
-0.304375
-0.248125
-0.16125
-0.114375
-0.12625
-0.114375
-0.163125
-0.195
-0.168125
-0.266875
-0.261875
-0.25375
-0.33375
-0.2325
-0.19
-0.183125
-0.088125
-0.130625
-0.14125
-0.1275
-0.07375
0.02875
0.0775
0.1425
0.099375
0.099375
0.096875
0.088125
0.156875
0.09
0.04625
-0.01625
-0.15625
-0.106875
-0.04375
0.060625
0.173125
0.14625
0.141875
0.05875
0.035625
-0.005
-0.128125
-0.20375
-0.3675
-0.4225
-0.4175
-0.399375
-0.276875
-0.211875
-0.124375
-0.05
-0.023125
-0.00375
-0.066875
-0.145
-0.174375
-0.15875
-0.08
0.019375
0.08
0.100625
0.115
0.14125
0.060625
-0.016875
-0.08375
-0.2375
-0.22375
-0.16
-0.204375
-0.11375
-0.105
-0.204375
-0.1575
-0.199375
-0.240625
-0.150625
-0.13375
-0.095
-0.063125
-0.09
-0.115625
-0.128125
-0.054375
-0.01875
0.045
0.084375
0.01125
-0.05
-0.10125
-0.124375
-0.146875
-0.143125
-0.17625
-0.216875
-0.16875
-0.12875
-0.088125
-0.081875
-0.12
-0.158125
-0.19875
-0.16875
-0.113125
-0.0725
0.04125
0.065625
0.065625
0.105625
0.041875
0.0475
0.029375
0.01625
0.07375
0.125625
0.223125
0.2825
0.31625
0.31125
0.26125
0.196875
0.154375
0.13125
0.153125
0.22
0.225
0.205
0.14
0.060625
0.015
0.009375
0.024375
-0.0075
-0.01125
-0.045625
-0.07625
-0.09875
-0.149375
-0.12875
-0.096875
-0.00375
0.065
0.02375
-0.045
-0.15875
-0.203125
-0.17875
-0.140625
-0.075
-0.071875
-0.09625
-0.065
-0.045625
-0.00125
0.05375
0.043125
0.039375
0.04875
0.046875
0.013125
-0.053125
-0.095
-0.109375
-0.05875
0.030625
0.08125
0.11875
0.134375
0.168125
0.201875
0.25125
0.29125
0.266875
0.199375
0.09875
0.035
-6.72205346941e-18
0.02125
0.045625
0.044375
0.03375
0.01
0.03875
0.0625
0.099375
0.096875
0.05625
-0.001875
-0.060625
-0.04125
-0.0225
-0.0075
0.006875
0.005
0.033125
0.09625
0.176875
0.188125
0.15875
0.1225
0.0975
0.099375
0.069375
0.025625
-0.04625
-0.053125
-0.019375
0.041875
0.070625
0.07625
0.10875
0.1
0.134375
0.125
0.09
0.07625
0.084375
0.114375
0.165
0.224375
0.22125
0.248125
0.210625
0.18375
0.161875
0.055
0.0175
-0.0175
-0.0025
0.091875
0.148125
0.146875
0.11
0.03125
-0.001875
0.02
0.085
0.183125
0.20375
0.206875
0.155625
0.09125
0.119375
0.1675
0.235
0.3
0.295
0.21125
0.131875
0.0825
0.075625
0.16625
0.246875
0.2675
0.268125
0.23
0.169375
0.11375
0.038125
-0.061875
-0.061875
-0.03625
-0.003125
0.055
0.013125
-0.015
-0.035625
-0.043125
-0.0375
-0.06125
-0.0625
-0.075625
-0.06625
0.005
0.03625
0.071875
0.0925
0.074375
0.12125
0.154375
0.22
0.246875
0.18875
0.178125
0.135625
0.11125
0.134375
0.063125
-0.013125
-0.103125
-0.204375
-0.25125
-0.2725
-0.228125
-0.163125
-0.07375
0.0175
0.04375
0.056875
0.0225
-0.048125
-0.0775
-0.11
-0.09625
-0.04625
-0.0125
0.033125
0.03125
0.001875
-0.029375
-0.094375
-0.11125
-0.098125
-0.07
0.00625
0.03375
0.029375
0.0125
-0.03875
-0.0625
-0.070625
-0.103125
-0.124375
-0.143125
-0.159375
-0.126875
-0.065
0.009375
0.105
0.176875
0.185625
0.153125
0.073125
-0.0325
-0.073125
-0.06625
-0.01875
0.03375
0.021875
0.00625
0.0025
0.06375
0.166875
0.2525
0.31
0.296875
0.248125
0.16625
0.05625
-0.028125
-0.086875
-0.145625
-0.206875
-0.223125
-0.194375
-0.07625
0.09875
0.17
0.16375
0.05375
-0.095
-0.15875
-0.21625
-0.248125
-0.251875
-0.308125
-0.30125
-0.23
-0.1425
-0.02875
0.0725
0.115625
0.065625
0.031875
-0.0875
-0.190625
-0.21875
-0.265625
-0.256875
-0.266875
-0.275
-0.280625
-0.235625
-0.13
-0.055625
0.06375
0.138125
0.148125
0.16
0.068125
-0.048125
-0.145
-0.169375
-0.065625
0.078125
0.221875
0.286875
0.229375
0.1625
0.095625
0.025
0.030625
0.014375
-0.025
-0.016875
-0.031875
-0.013125
0.041875
0.04875
0.03125
-0.004375
-0.0825
-0.111875
-0.070625
0.000625
0.1625
0.32
0.406875
0.455625
0.381875
0.250625
0.165625
0.06625
0.0425
0.074375
0.04
0.02
3.46944695195e-18
-0.0625
-0.06875
-0.028125
0.00625
0.089375
0.20375
0.27125
0.324375
0.328125
0.25875
0.1975
0.173125
0.17375
0.22375
0.243125
0.24
0.24875
0.19375
0.13875
0.045
-0.05625
-0.06625
-0.024375
0.00375
0.035625
-0.025625
-0.135
-0.135625
-0.18875
-0.18
-0.08
-0.041875
0.060625
0.15625
0.123125
0.065
0.009375
-0.1
-0.139375
-0.18125
-0.24375
-0.22625
-0.198125
-0.13
-0.06375
0.0075
0.06
0.063125
0.0275
-0.123125
-0.270625
-0.36375
-0.38125
-0.259375
-0.09125
0.10125
0.256875
0.31875
0.28875
0.155625
0.044375
-0.053125
-0.1075
-0.0725
-0.059375
-0.03
0.045625
0.06
0.029375
0.0425
-0.02625
-0.064375
-0.05625
-0.1125
-0.13875
-0.150625
-0.15
-0.109375
-0.06125
-0.025625
-0.00375
0.000625
-0.014375
-0.008125
-0.014375
-0.058125
-0.063125
-0.101875
-0.11375
-0.058125
-0.035625
0.0075
0.005625
-0.071875
-0.076875
-0.071875
0.000625
0.13125
0.13875
0.096875
0.010625
-0.091875
-0.109375
-0.0975
-0.1075
-0.116875
-0.116875
-0.116875
-0.116875
