0.961375
0.961375
0.961375
0.961375
0.9490625
0.9190625
1.0003125
1.069875
1.2189375
1.4259375
1.441625
1.4310625
1.236875
0.99975
0.856875
0.7301875
0.738125
0.7539375
0.7786875
0.8498125
0.8673125
0.880625
0.917125
0.90225
0.902
0.894125
0.8436875
0.8116875
0.806875
0.805375
0.83175
0.87075
0.8679375
0.873625
0.8674375
0.853125
0.8655
0.9211875
1.0834375
1.2299375
1.339375
1.3825
1.2319375
1.07325
0.9456875
0.8293125
0.8058125
0.8143125
0.84025
0.878
0.896375
0.858125
0.7733125
0.7045
0.633375
0.65525
0.7220625
0.756875
0.8233125
0.7973125
0.770875
0.7519375
0.7206875
0.776625
0.791375
0.839125
0.8958125
0.8620625
0.8799375
0.8539375
0.819
0.835875
0.821125
0.8356875
0.8601875
0.870875
0.8581875
0.845
0.8313125
0.81975
0.848125
0.8264375
0.767
0.7285625
0.6569375
0.659875
0.7034375
0.73075
0.765125
0.7679375
0.7584375
0.7483125
0.7828125
0.79475
0.794375
0.7930625
0.7888125
0.788625
0.824875
0.8653125
0.837375
0.839
0.8046875
0.761875
0.7763125
0.8233125
0.873625
0.925875
0.936875
0.87875
0.829125
0.7691875
0.7805
0.80325
0.8233125
0.866
0.802125
0.735375
0.6943125
0.6314375
0.628
0.6696875
0.6765625
0.7071875
0.7863125
0.84275
0.886375
0.90625
0.9535625
0.969125
1.0339375
1.1225
1.0106875
0.9174375
0.8234375
0.8108125
0.943875
1.07525
1.1465625
1.0001875
0.8425
0.6895625
0.5739375
0.5950625
0.585125
0.5808125
0.6025625
0.6243125
0.6694375
0.74625
0.8796875
1.007375
1.136625
1.2069375
1.1045
0.9889375
0.912875
0.8715625
0.9049375
0.9514375
0.9075
0.8365
0.7585
0.7021875
0.693
0.7213125
0.792125
0.7965
0.8046875
0.787375
0.7615
0.78375
0.8073125
0.8120625
0.8225625
0.81125
0.8090625
0.8164375
0.805375
0.8003125
0.7578125
0.76425
0.754625
0.7898125
0.835875
0.8109375
0.76575
0.645375
0.5619375
0.538625
0.6110625
0.7348125
0.8616875
0.97575
1.0194375
1.016875
0.9503125
0.8478125
0.7671875
0.733875
0.7419375
0.79825
0.7965
0.7625
0.7214375
0.6410625
0.636125
0.6785
0.72475
0.80125
0.8494375
0.859875
0.8605625
0.809875
0.843
0.9065625
0.9838125
1.1108125
1.0295625
0.9244375
0.81875
0.7268125
0.771625
0.78725
0.7975625
0.7400625
0.69425
0.6989375
0.7153125
0.784625
0.83425
0.8704375
0.8949375
0.9160625
0.9285625
1.009125
1.1128125
1.22275
1.3361875
1.3086875
1.21475
1.100375
1.07575
1.087875
1.1518125
1.209125
1.065375
0.931
0.7769375
0.674875
0.6849375
0.7500625
0.849375
0.87375
0.9343125
0.941375
0.9024375
0.998125
1.0454375
1.078875
1.1581875
1.053875
0.956625
0.9429375
0.9185625
0.937375
0.9424375
0.89125
0.9038125
0.9693125
1.1008125
1.312125
1.357
1.417875
1.403375
1.229125
1.235875
1.193
1.1471875
1.269
1.2005
1.134
1.135
0.952375
0.969375
1.018
0.994
1.104625
1.015625
0.9505
0.955625
0.8665
0.8771875
0.8155
0.7020625
0.6726875
0.655
0.6966875
0.7755625
0.8175
0.84775
0.83275
0.7940625
0.80775
0.7985625
0.798
0.7866875
0.807375
0.9619375
1.166375
1.410375
1.4825
1.3191875
1.1424375
0.9411875
0.85575
0.916
0.925
0.9296875
0.918375
0.9130625
0.924125
0.939625
0.966875
0.939625
0.9464375
0.947875
0.8975
0.8895625
0.8585625
0.8274375
0.8646875
0.88675
0.881375
0.8716875
0.8336875
0.80075
0.8323125
0.8786875
0.943875
0.9989375
1.0216875
1.0426875
1.019375
0.97475
0.92625
0.874375
0.8495625
0.87225
0.8910625
0.909875
0.90775
0.86675
0.8123125
0.7525625
0.706125
0.7884375
0.90925
1.0755
1.278375
1.258125
1.20075
1.0438125
0.940125
0.9485625
0.961125
1.05775
0.987625
0.9298125
0.8753125
0.896
1.0825625
1.2445
1.41225
1.3921875
1.1959375
1.030875
0.9795
1.0203125
1.247625
1.4560625
1.4775625
1.478875
1.2625
1.139375
1.103125
1.0775625
1.2288125
1.1746875
1.0856875
1.002
0.825875
0.874
0.97
1.060125
1.2265
1.1875
1.1014375
1.04425
0.950875
0.9408125
0.9336875
0.89175
0.83775
0.7825
0.743625
0.7325625
0.73775
0.7601875
0.822625
0.841875
0.8163125
0.804875
0.7210625
0.6849375
0.720625
0.7483125
0.9243125
1.0823125
1.21425
1.334
1.2656875
1.19475
1.1186875
1.1185625
1.1705
1.2174375
1.264375
1.14725
1.0416875
0.922375
0.76675
0.722375
0.718625
0.7620625
0.8903125
0.9460625
0.9735
0.948125
0.8380625
0.786625
0.7351875
0.7284375
0.87
1.0193125
1.152625
1.2709375
1.1773125
1.0666875
1.006875
0.95275
1.09825
1.21975
1.2825
1.3175
1.1475625
1.04875
0.979
0.90675
0.97975
0.982625
0.98125
1.0425625
1.016625
0.97725
0.9549375
0.851125
0.7944375
0.8105
0.7685
0.7535
0.7668125
0.7438125
0.783125
0.8641875
0.8975625
0.915875
0.9016875
0.835625
0.8161875
0.809875
0.813875
0.8563125
0.8593125
0.969375
1.0605625
1.134625
1.220875
1.10875
1.0278125
0.9628125
0.8978125
0.894875
0.8861875
0.8576875
0.8121875
0.8225
0.831375
0.8319375
0.8665
0.9041875
0.913875
0.91875
0.9188125
0.9631875
1.0270625
1.1225625
1.2168125
1.1145625
1.054125
0.9815625
0.887125
0.94175
0.945875
0.9323125
0.9335625
0.904875
0.9041875
0.9220625
0.9321875
0.964625
0.9421875
0.9110625
0.8768125
0.83775
0.8241875
0.81275
0.82625
0.8036875
0.8106875
0.820875
0.773
0.749
0.7050625
0.7044375
0.76525
0.8369375
0.9525
1.0059375
1.00975
0.998375
0.954
0.92175
0.9418125
0.9543125
0.936625
0.8916875
0.7864375
0.6930625
0.5988125
0.5979375
0.658
0.7088125
0.8198125
0.8119375
0.774125
0.776125
0.7340625
0.7999375
0.871125
0.9305625
0.95725
0.89925
0.855875
0.78275
0.774875
0.8503125
0.936625
1.0046875
1.0235
0.93575
0.797
0.69275
0.63775
0.6583125
0.70675
0.72525
0.71575
0.690125
0.66225
0.6724375
0.7011875
0.733125
0.777
0.8304375
0.872875
0.9413125
0.9898125
1.0383125
1.058125
1.0195625
0.9605625
0.85975
0.7885625
0.7611875
0.78625
0.7995625
0.811125
0.774125
0.6978125
0.642
0.617625
0.751625
0.9280625
1.239
1.468
1.4793125
1.4513125
1.2229375
1.077875
1.0206875
0.939125
0.9043125
0.816
0.7195625
0.6595625
0.6306875
0.6125625
0.63625
0.7084375
0.7989375
0.8906875
0.9135
0.8639375
0.801125
0.7649375
0.8056875
0.8871875
0.9495
0.949875
0.919125
0.8400625
0.772375
0.7808125
0.802
0.8851875
0.946
0.9570625
0.9041875
0.8165625
0.749875
0.6885
0.696125
0.712125
0.756625
0.813875
0.8116875
0.7893125
0.729
0.701125
0.746125
0.831
0.92225
0.9441875
0.89325
0.78225
0.697875
0.6584375
0.668875
0.762625
0.80675
0.8601875
0.911375
0.9154375
0.95675
0.965125
0.9783125
0.9726875
0.9561875
0.9320625
0.8928125
0.872375
0.846875
0.8789375
0.90925
1.023375
1.1685
1.3404375
1.5970625
1.66475
1.7245
1.71925
1.5158125
1.4345
1.3441875
1.1779375
1.1294375
1.0639375
0.945375
0.8665625
0.8233125
0.8681875
0.9649375
1.1379375
1.3440625
1.3715625
1.42625
1.429125
1.2949375
1.236625
1.14525
1.04625
0.9934375
0.9844375
0.959375
0.945875
0.947
0.90675
0.89475
0.90175
0.8765
0.85175
0.89075
0.9100625
1.0143125
1.14625
1.11175
1.105125
1.0015
0.8605625
0.8246875
0.7863125
0.8210625
0.877125
0.8824375
0.843125
0.764625
0.6914375
0.642125
0.632375
0.6394375
0.6571875
0.727875
0.7909375
0.8800625
0.972
1.0233125
1.0783125
1.1006875
1.0694375
1.034
0.9421875
0.866875
0.842375
0.81025
0.8389375
0.8593125
0.848875
0.8595625
0.87025
0.861125
0.881625
0.8781875
0.8784375
0.9066875
0.920125
0.9481875
0.9790625
0.997875
1.0166875
1.0568125
1.0593125
1.0379375
0.99525
0.943
0.905375
0.9034375
0.9035
0.85875
0.8010625
0.73575
0.7261875
0.7426875
0.7763125
0.7751875
0.7011875
0.6465
0.6036875
0.5914375
0.6495625
0.7301875
0.7778125
0.8276875
0.8343125
0.766
0.749375
0.7428125
0.752125
0.8035
0.82
0.924
1.014875
1.119
1.3155625
1.336375
1.3703125
1.39325
1.3280625
1.3388125
1.3524375
1.36975
1.2965625
1.2155
1.125
1.0375625
1.020125
1.003875
0.971625
0.8813125
0.810375
0.7645625
0.7235625
0.76975
0.8386875
0.8614375
0.9065625
0.899875
0.8970625
0.8970625
0.8970625
0.8970625
