0.535625
0.535625
0.535625
0.535625
0.54625
0.540625
0.58875
0.624375
0.668125
0.71625
0.69375
0.658125
0.626875
0.576875
0.56375
0.54125
0.514375
0.4775
0.4375
0.42625
0.400625
0.43375
0.454375
0.4675
0.509375
0.530625
0.590625
0.638125
0.666875
0.665625
0.633125
0.62875
0.624375
0.646875
0.665
0.643125
0.595625
0.529375
0.465625
0.415625
0.438125
0.475
0.499375
0.544375
0.5225
0.478125
0.46125
0.42875
0.450625
0.503125
0.555
0.6175
0.6275
0.61
0.549375
0.479375
0.44625
0.463125
0.538125
0.599375
0.646875
0.61125
0.5525
0.51375
0.474375
0.48125
0.525625
0.5575
0.5725
0.623125
0.6075
0.6025
0.615
0.580625
0.588125
0.576875
0.5725
0.53875
0.48375
0.4575
0.430625
0.47875
0.528125
0.563125
0.595
0.574375
0.541875
0.5225
0.48875
0.496875
0.53875
0.56375
0.619375
0.663125
0.675625
0.678125
0.633125
0.563125
0.510625
0.46
0.42875
0.40375
0.38875
0.3875
0.416875
0.461875
0.516875
0.5775
0.625
0.661875
0.659375
0.651875
0.603125
0.565625
0.535625
0.5075
0.530625
0.521875
0.523125
0.505625
0.449375
0.4525
0.4475
0.44875
0.4775
0.45875
0.470625
0.514375
0.5575
0.589375
0.584375
0.558125
0.533125
0.5
0.505
0.505625
0.495625
0.554375
0.575625
0.60625
0.61625
0.584375
0.5575
0.523125
0.529375
0.5275
0.53875
0.53625
0.52125
0.5175
0.505
0.501875
0.469375
0.436875
0.42375
0.419375
0.4625
0.529375
0.575
0.621875
0.645
0.635
0.62125
0.58
0.523125
0.436875
0.371875
0.345
0.348125
0.424375
0.489375
0.539375
0.561875
0.54
0.52125
0.504375
0.510625
0.54125
0.57
0.58875
0.58625
0.565
0.554375
0.553125
0.570625
0.58375
0.571875
0.553125
0.513125
0.504375
0.518125
0.538125
0.589375
0.595625
0.585
0.575
0.5525
0.575
0.58875
0.581875
0.568125
0.531875
0.528125
0.52625
0.50375
0.471875
0.423125
0.414375
0.450625
0.4875
0.520625
0.530625
0.53125
0.5425
0.556875
0.585
0.5725
0.56875
0.5675
0.529375
0.494375
0.44875
0.414375
0.434375
0.530625
0.625
0.693125
0.72375
0.693125
0.655625
0.66
0.651875
0.64625
0.65625
0.60125
0.580625
0.565625
0.505
0.49125
0.4525
0.423125
0.47125
0.508125
0.564375
0.594375
0.565
0.536875
0.48
0.416875
0.396875
0.376875
0.375
0.44
0.484375
0.536875
0.60375
0.601875
0.579375
0.545
0.475625
0.441875
0.403125
0.329375
0.29
0.25625
0.2625
0.3375
0.3925
0.44
0.490625
0.516875
0.558125
0.568125
0.561875
0.556875
0.556875
0.59625
0.6175
0.615
0.550625
0.45625
0.375625
0.318125
0.334375
0.3875
0.4675
0.539375
0.584375
0.590625
0.5475
0.516875
0.50375
0.509375
0.5625
0.603125
0.63875
0.671875
0.6675
0.650625
0.61125
0.561875
0.515625
0.5
0.473125
0.494375
0.543125
0.566875
0.6575
0.671875
0.65875
0.663125
0.595
0.575
0.575
0.575
0.575
