6.60625
6.60625
6.60625
6.60625
6.5
6.025
6.01875
5.99375
6.1125
6.225
5.99375
5.6
5.0375
4.65
4.56875
4.66875
5.23125
5.91875
6.44375
7.16875
7.86875
7.88125
7.725
7.125
5.85625
5.1625
4.54375
4.4125
5.08125
5.96875
6.88125
7.35
7.2125
6.53125
6.2125
6.54375
7.08125
7.63125
7.90625
7.33125
6.5625
6.05
5.375
5.1625
4.98125
4.675
4.675
4.74375
5.5375
6.6125
7.575
8.05
7.73125
6.88125
5.68125
5.0625
4.49375
4.31875
4.925
5.30625
5.94375
6.68125
6.6875
6.85
7.06875
7.13125
7.24375
6.8875
6.1125
5.0625
4.45625
4.175
4.275
4.8125
4.8625
5.04375
5.325
5.45625
6.1
6.5375
6.80625
7.26875
7.30625
7.625
8.1
7.83125
7.60625
7.00625
6.04375
5.625
5.43125
5.55
5.69375
6.2875
6.76875
7.06875
7.63125
7.375
7.275
6.95
6.54375
6.5625
6.15625
6.1875
6.4
6.54375
7.225
7.80625
7.78125
7.96875
8.06875
7.8625
8.1875
7.8875
7.225
6.975
6.63125
6.5125
6.55
6.0375
5.5375
5.31875
5.33125
6.2625
6.875
7.425
7.275
6.29375
6.03125
5.9375
6.65
7.45
7.61875
7.5
7.06875
6.81875
6.75
6.75
6.4375
6.575
6.44375
6.5625
7.28125
7.1
7.14375
6.66875
5.6625
5.0625
4.6
4.21875
4.53125
5.38125
6.1375
7.35625
7.7125
7.175
6.55625
5.84375
5.55625
5.73125
6.13125
5.85625
5.7375
5.4375
4.9375
4.9125
4.49375
4.41875
4.79375
5.30625
6.10625
6.73125
6.78125
6.925
7.21875
7.4625
7.8875
8.1
8.05
7.84375
7.425
6.6125
5.85
5.4
5.21875
5.75625
6.34375
6.725
6.9375
6.625
5.99375
5.64375
5.40625
5.6375
6.25
6.21875
6.2375
5.9875
5.75625
6.16875
6.75
7.33125
7.78125
8.0
8.0
7.975
7.975
7.975
7.90625
7.61875
6.925
5.95625
5.05625
4.85
5.1375
5.81875
6.26875
6.01875
5.7125
5.375
5.35625
5.44375
5.6875
5.69375
5.60625
5.6625
5.29375
5.1375
5.1375
5.08125
5.38125
5.50625
5.33125
5.4125
5.15
5.21875
5.38125
5.2
5.41875
5.65
5.81875
6.13125
6.09375
5.425
5.0
4.56875
4.2375
4.525
4.74375
5.03125
5.56875
5.81875
6.40625
6.93125
7.1125
7.21875
6.5375
5.9875
5.79375
5.74375
6.0875
6.325
6.35
6.43125
6.4125
6.09375
5.70625
5.0375
4.48125
4.40625
4.25
4.63125
5.23125
5.475
5.86875
5.8
5.56875
5.70625
6.0125
6.86875
7.60625
7.90625
8.0875
7.6875
7.175
6.88125
6.325
5.88125
5.54375
5.375
5.41875
5.53125
5.8125
6.15625
6.6625
7.16875
7.71875
7.85625
7.6625
7.46875
6.9
6.24375
5.90625
5.36875
5.2
5.35625
5.1625
5.4125
5.3125
5.3
5.9375
6.35625
7.24375
8.00625
7.98125
8.1125
8.15625
7.91875
7.8625
7.1125
5.66875
4.75
4.25
4.56875
5.6625
6.325
6.775
6.875
6.78125
7.075
7.31875
7.60625
7.55625
7.2375
6.65
5.9125
5.49375
5.125
5.075
5.39375
5.6125
5.6125
5.55
5.2
5.14375
5.24375
5.31875
5.23125
4.625
4.59375
4.6375
4.9125
5.60625
5.55625
5.63125
6.00625
6.0125
6.03125
5.8875
5.175
5.04375
5.1
5.0125
5.4625
5.1875
5.19375
5.24375
4.79375
5.08125
4.95
5.0
5.28125
5.13125
5.15
5.31875
5.4875
5.80625
6.1875
6.025
5.8625
5.23125
4.48125
4.26875
3.90625
4.0875
4.30625
4.3625
4.8625
5.10625
5.53125
5.91875
6.03125
6.31875
6.69375
6.83125
6.8
6.5375
5.75625
5.18125
4.81875
4.60625
4.59375
4.7375
4.75625
4.925
5.10625
4.90625
4.76875
4.33125
3.8875
3.8875
3.725
3.8625
4.3125
4.41875
4.9125
5.33125
5.30625
5.31875
4.99375
4.51875
4.6375
4.93125
5.58125
6.15625
5.81875
5.4125
4.55625
3.85
3.83125
3.95
4.2875
4.775
5.03125
4.90625
5.16875
5.13125
5.05
5.1875
4.3625
4.0
4.05
4.425
5.5875
6.50625
6.73125
6.36875
5.6375
4.56875
4.44375
4.6375
5.0
5.51875
4.9625
4.375
4.0125
3.7625
4.2
4.775
5.30625
6.0
6.4625
6.54375
5.925
4.98125
4.0375
3.575
3.5375
3.6625
3.88125
3.74375
3.9
4.4125
4.9
5.6
5.9625
5.6125
5.65
5.25
5.0125
5.13125
4.85
5.05
5.1875
5.4375
5.4375
5.1375
4.80625
4.5625
4.6125
4.98125
5.61875
5.90625
5.95625
5.98125
5.6125
5.38125
5.35
5.025
5.0625
5.125
5.325
5.825
6.15625
6.48125
6.4625
6.15
5.7625
5.36875
5.375
5.7375
6.04375
6.5625
6.79375
6.6
6.6
6.3875
6.20625
6.45
6.3625
6.0625
5.98125
5.6375
5.6375
5.79375
5.8375
5.7625
5.58125
5.45
5.2
5.025
4.85625
4.7375
4.375
4.2625
4.1375
3.93125
4.2
4.2
4.225
4.2875
4.1875
4.2
4.39375
4.85625
5.4875
6.175
6.425
6.3375
6.3125
6.375
6.73125
7.40625
7.39375
7.28125
7.3375
6.89375
7.18125
7.38125
7.29375
7.45625
7.275
6.9375
6.6875
6.4375
6.25625
6.475
6.5125
6.55
6.65625
6.63125
6.825
6.81875
6.675
6.1875
5.64375
5.4125
5.31875
5.70625
6.43125
7.2
7.2
7.2
7.2
