0.669375
0.669375
0.669375
0.669375
0.6475
0.719375
0.895
0.950625
1.018125
1.0825
1.013125
0.998125
1.014375
0.971875
0.95
0.945625
0.825625
0.770625
0.78625
0.805
0.89625
0.976875
0.990625
0.950625
0.943125
0.90125
0.93625
1.04125
1.11375
1.184375
1.170625
1.118125
1.105625
1.105625
1.0925
1.135625
1.09
0.9975
0.968125
0.895
0.84625
0.845625
0.859375
0.81375
0.824375
0.875625
0.900625
0.989375
1.079375
1.17625
1.265625
1.345625
1.400625
1.3225
1.17125
1.02
0.788125
0.6425
0.643125
0.61125
0.684375
0.78125
0.731875
0.73875
0.711875
0.655
0.704375
0.77875
0.909375
1.02875
1.11375
1.116875
1.018125
0.936875
0.89
0.909375
1.00125
1.105
1.18375
1.243125
1.21125
1.195
1.12125
1.0125
1.05625
1.105625
1.23
1.334375
1.28875
1.149375
1.021875
0.95125
0.951875
1.065625
1.128125
1.135625
1.154375
1.12125
1.060625
1.070625
1.0225
0.94125
0.925625
0.859375
0.885
0.949375
0.933125
0.9475
0.92125
0.915
1.004375
1.059375
1.048125
0.976875
0.826875
0.764375
0.804375
0.84625
1.014375
1.065625
1.068125
1.120625
1.0325
1.07125
1.036875
0.97875
0.941875
0.78375
0.76375
0.815
0.949375
1.16375
1.31375
1.359375
1.303125
1.191875
1.05375
0.98
0.990625
1.05
1.161875
1.2325
1.236875
1.1875
1.064375
0.925625
0.84375
0.7375
0.660625
0.596875
0.535
0.5575
0.610625
0.721875
0.82375
0.915625
0.995
1.04375
1.023125
0.979375
0.923125
0.808125
0.79875
0.80625
0.8825
1.073125
1.224375
1.285625
1.234375
1.05375
0.8475
0.738125
0.685
0.746875
0.779375
0.764375
0.789375
0.736875
0.734375
0.811875
0.8875
0.965625
1.0275
1.05
1.021875
1.030625
1.08
1.090625
1.135
1.154375
1.085
1.05125
0.949375
0.925625
0.99
1.04875
1.14625
1.185625
1.193125
1.159375
1.141875
1.061875
0.974375
0.93625
0.90125
0.92125
0.924375
0.933125
0.930625
0.959375
1.099375
1.163125
1.163125
1.163125
1.163125
