0.9475
0.9475
0.9475
0.9475
0.950625
1.016875
1.06125
1.0875
1.091875
1.058125
1.00625
0.99125
0.963125
0.95375
0.991875
0.980625
0.969375
1.016875
1.049375
1.0925
1.18125
1.17
1.116875
1.0825
0.99125
0.963125
1.011875
1.03125
1.093125
1.11375
1.0475
1.031875
1.011875
1.030625
1.068125
1.046875
1.02125
0.958125
0.93375
0.96625
0.984375
1.020625
1.028125
1.04
1.110625
1.18125
1.28
1.30625
1.244375
1.1875
1.144375
1.14375
1.17375
1.211875
1.159375
1.120625
1.140625
1.145625
1.230625
1.26
1.18125
1.075625
0.94625
0.879375
0.88
0.921875
0.985
1.02125
1.0575
1.0775
1.06125
1.06875
1.0675
1.07125
1.099375
1.09125
1.083125
1.098125
1.0775
1.078125
1.0875
1.03875
1.041875
1.03125
1.011875
1.038125
1.019375
1.009375
0.991875
0.938125
0.924375
0.92
0.921875
0.950625
0.943125
0.925625
0.900625
0.89125
0.8975
0.92125
0.95375
0.988125
1.046875
1.063125
1.129375
1.1375
1.1225
1.115625
1.039375
1.060625
1.083125
1.13375
1.183125
1.1125
1.033125
0.95375
0.885625
0.89875
0.920625
0.919375
0.926875
0.905625
0.934375
0.985625
1.02875
1.086875
1.055
1.011875
0.9775
0.958125
0.96875
0.971875
1.018125
1.0025
0.99875
1.0325
1.00125
1.031875
1.05
1.01125
0.994375
0.945
0.915
0.913125
0.916875
0.979375
1.06375
1.1475
1.208125
1.161875
1.045625
0.93875
0.85875
0.864375
0.909375
0.946875
0.975
1.008125
1.05875
1.1
1.161875
1.1425
1.0875
1.0675
0.998125
0.99
1.009375
0.96125
0.929375
0.883125
0.83875
0.83625
0.8475
0.86875
0.89625
0.9225
0.9575
0.9775
0.96375
0.969375
0.981875
0.983125
0.99
0.96
0.913125
0.94375
0.995625
1.09125
1.17125
1.15375
1.113125
1.03875
1.006875
0.990625
0.9875
0.9825
0.91125
0.865625
0.81875
0.791875
0.815625
0.8575
0.95
1.03875
1.115625
1.16125
1.1075
1.046875
0.978125
0.919375
0.926875
0.92625
0.9775
1.03125
1.061875
1.099375
1.06125
1.05
1.04625
1.025625
1.045625
1.008125
0.985625
0.981875
0.96875
0.983125
0.97
0.97375
0.988125
0.9925
0.981875
0.9625
0.965625
0.9925
1.04375
1.08125
1.036875
0.98
0.946875
0.908125
0.92125
0.96125
0.95625
0.96875
0.979375
0.93625
0.928125
0.935
0.96875
1.028125
1.11
1.148125
1.148125
1.19875
1.193125
1.250625
1.29125
1.2425
1.22125
1.1175
1.086875
1.120625
1.121875
1.205625
1.200625
1.186875
1.22125
1.16625
1.19875
1.178125
1.13625
1.1425
1.088125
1.05875
1.029375
0.98625
0.960625
0.949375
0.96
1.00625
1.08375
1.16875
1.1975
1.2125
1.135
1.049375
1.026875
0.9675
0.990625
1.000625
1.003125
1.0625
1.079375
1.096875
1.093125
1.033125
0.994375
1.0275
1.0125
1.045
1.095625
1.0375
1.075625
1.094375
1.115
1.190625
1.185625
1.16125
1.095625
1.025625
1.020625
1.03625
1.064375
1.09
1.043125
1.005
0.97375
0.96
0.98625
1.019375
1.103125
1.169375
1.26
1.3075
1.264375
1.194375
1.06625
1.00375
0.963125
0.9575
0.97625
0.93625
0.915625
0.905625
0.904375
0.94
0.99875
1.06
1.14
1.174375
1.223125
1.21875
1.1875
1.20125
1.1275
1.069375
1.010625
0.935625
0.921875
0.93125
0.99
1.030625
1.079375
1.114375
1.068125
1.0475
0.9775
0.9125
0.899375
0.879375
0.93875
1.01
1.10125
1.18125
1.1525
1.1125
1.02
0.968125
0.9975
1.0075
1.06125
1.06625
1.065625
1.12625
1.184375
1.23875
1.26625
1.215
1.106875
1.0425
0.97125
0.948125
0.9675
0.983125
1.0175
1.04125
1.031875
0.991875
0.96625
0.943125
0.959375
0.97
0.96
0.935625
0.9
0.883125
0.87625
0.8925
0.91
0.928125
0.935
0.94375
0.95125
0.9575
0.96875
0.989375
1.019375
1.07625
1.125
1.10875
1.06
0.95625
0.891875
0.929375
0.993125
1.08625
1.136875
1.0875
1.05625
1.039375
1.034375
1.070625
1.09125
1.080625
1.065625
1.070625
1.061875
1.075625
1.081875
1.030625
0.9875
0.92
0.853125
0.85
0.845625
0.868125
0.931875
0.980625
1.071875
1.181875
1.245625
1.2575
1.1675
1.033125
0.925
0.869375
0.935
1.021875
1.09125
1.15875
1.11625
1.05125
1.005
0.929375
0.93125
0.94125
0.945625
1.009375
1.02875
1.076875
1.1025
1.045625
1.0025
0.964375
0.961875
1.015625
1.070625
1.0675
1.040625
0.98625
0.934375
0.90375
0.87875
0.889375
0.90125
0.96625
1.008125
1.0075
0.991875
0.924375
0.901875
0.939375
1.000625
1.073125
1.130625
1.13
1.116875
1.0975
1.055
1.03375
1.0125
0.99875
1.049375
1.086875
1.134375
1.180625
1.1575
1.153125
1.13125
1.0875
1.05375
1.014375
0.96625
0.949375
0.97625
1.00625
1.075
1.151875
1.180625
1.194375
1.1625
1.085
0.9975
0.9125
0.8725
0.889375
0.94125
0.99875
1.06125
1.0775
1.068125
1.076875
1.05625
1.053125
1.09875
1.111875
1.110625
1.126875
1.094375
1.125625
1.153125
1.1575
1.148125
1.075
1.083125
1.08625
1.1225
1.15
1.068125
0.995
0.9775
1.003125
1.08875
1.166875
1.13625
1.068125
1.010625
0.971875
1.00125
1.03
1.025625
1.061875
1.08
1.139375
1.19375
1.148125
1.096875
1.045625
0.999375
1.00375
1.00125
0.931875
0.895625
0.8475
0.823125
0.823125
0.823125
0.823125
