0.17875
0.17875
0.17875
0.17875
0.166875
0.171875
0.21125
0.2575
0.269375
0.264375
0.228125
0.1875
0.159375
0.1725
0.205
0.235
0.26125
0.243125
0.2325
0.231875
0.24125
0.28
0.3075
0.325
0.33625
0.339375
0.3325
0.313125
0.29125
0.260625
0.25375
0.259375
0.28
0.2925
0.29125
0.29
0.261875
0.2425
0.213125
0.19625
0.206875
0.2375
0.290625
0.33
0.3575
0.36875
0.38
0.39375
0.405
0.41625
0.40625
0.39375
0.3825
0.37125
0.346875
0.301875
0.265625
0.23375
0.2525
0.315
0.37125
0.42875
0.441875
0.433125
0.419375
0.375625
0.36
0.3225
0.2675
0.244375
0.22125
0.244375
0.2875
0.310625
0.289375
0.220625
0.151875
0.119375
0.150625
0.20375
0.24625
0.265
0.22625
0.19
0.180625
0.154375
0.17875
0.2075
0.2175
0.2425
0.24375
0.24125
0.250625
0.26375
0.250625
0.235625
0.196875
0.154375
0.138125
0.123125
0.11375
0.121875
0.159375
0.201875
0.253125
0.275
0.26125
0.23375
0.219375
0.24125
0.255625
0.279375
0.3
0.275625
0.258125
0.255625
0.244375
0.25875
0.30375
0.34125
0.36625
0.3975
0.400625
0.3575
0.323125
0.265
0.19875
0.20625
0.21625
0.2625
0.3475
0.3675
0.4
0.416875
0.38375
0.380625
0.36375
0.33125
0.318125
0.329375
0.33375
0.350625
0.37625
0.345625
0.32
0.261875
0.196875
0.188125
0.185
0.22375
0.281875
0.281875
0.26625
0.225625
0.168125
0.15
0.14875
0.191875
0.220625
0.236875
0.27625
0.2725
0.2975
0.32375
0.305625
0.3075
0.290625
0.305
0.35125
0.38875
0.41625
0.3975
0.37375
0.328125
0.298125
0.285
0.25
0.255625
0.273125
0.30875
0.34125
0.32875
0.290625
0.24625
0.239375
0.270625
0.316875
0.350625
0.355
0.344375
0.34125
0.31375
0.30375
0.3
0.3
0.336875
0.3375
0.3325
0.31375
0.28
0.269375
0.259375
0.24
0.23875
0.2475
0.26
0.265
0.24875
0.245625
0.2575
0.30625
0.376875
0.4075
0.4075
0.3675
0.295
0.259375
0.245625
0.255
0.305
0.338125
0.35
0.355625
0.315625
0.28125
0.264375
0.24375
0.253125
0.234375
0.206875
0.21
0.19375
0.203125
0.24125
0.25
0.2825
0.299375
0.28625
0.284375
0.271875
0.2925
0.328125
0.34125
0.376875
0.3975
0.388125
0.39875
0.375625
0.33
0.29
0.26625
0.265
0.283125
0.31625
0.3075
0.29125
0.27
0.280625
0.31375
0.319375
0.35375
0.33375
0.31375
0.3375
0.31125
0.298125
0.31125
0.308125
0.316875
0.33375
0.310625
0.2575
0.248125
0.276875
0.3125
0.3725
0.374375
0.339375
0.305
0.286875
0.295
0.275
0.26
0.21625
0.169375
0.143125
0.109375
0.10875
0.138125
0.20125
0.295
0.353125
0.3625
0.319375
0.254375
0.195625
0.163125
0.169375
0.164375
0.1975
0.25
0.286875
0.324375
0.334375
0.285
0.25
0.25875
0.2675
0.324375
0.355
0.33
0.284375
0.24
0.214375
0.23125
0.2725
0.295625
0.31125
0.285
0.2775
0.274375
0.305
0.35875
0.370625
0.386875
0.359375
0.334375
0.33125
0.305
0.270625
0.231875
0.18125
0.165
0.17625
0.196875
0.253125
0.269375
0.274375
0.2575
0.214375
0.22875
0.271875
0.333125
0.37
0.35375
0.300625
0.2375
0.203125
0.189375
0.211875
0.24375
0.295
0.335625
0.3575
0.363125
0.335625
0.325
0.280625
0.2575
0.238125
0.214375
0.2225
0.22125
0.2125
0.225
0.2375
0.253125
0.281875
0.283125
0.299375
0.3075
0.32
0.31375
0.266875
0.240625
0.22
0.23875
0.27875
0.30625
0.32375
0.324375
0.34
0.335625
0.324375
0.313125
0.279375
0.2625
0.266875
0.265625
0.30375
0.341875
0.345
0.335625
0.2725
0.211875
0.175
0.1525
0.149375
0.16375
0.185
0.22
0.269375
0.2875
0.295625
0.285
0.275
0.2675
0.27
0.313125
0.331875
0.368125
0.375
0.3275
0.313125
0.30125
0.318125
0.37
0.38625
0.37125
0.35125
0.3025
0.283125
0.284375
0.2675
0.293125
0.31625
0.33875
0.375
0.385
0.360625
0.32625
0.28875
0.22875
0.22125
0.244375
0.273125
0.3175
0.31875
0.298125
0.285
0.3025
0.32625
0.35
0.35125
0.311875
0.281875
0.245
0.2375
0.25
0.249375
0.25375
0.224375
0.18875
0.165625
0.13625
0.116875
0.100625
0.091875
0.101875
0.125625
0.149375
0.18125
0.201875
0.229375
0.279375
0.3225
0.369375
0.379375
0.3375
0.264375
0.189375
0.15
0.145
0.161875
0.169375
0.1575
0.140625
0.12125
0.11375
0.143125
0.19125
0.24875
0.310625
0.3425
0.36125
0.37125
0.386875
0.366875
0.3325
0.313125
0.26875
0.269375
0.281875
0.26
0.250625
0.245625
0.21875
0.22625
0.231875
0.200625
0.19
0.16625
0.1725
0.22375
0.273125
0.323125
0.309375
0.26375
0.218125
0.17
0.180625
0.20125
0.235625
0.265625
0.25875
0.2475
0.225625
0.24375
0.278125
0.316875
0.361875
0.36
0.353125
0.361875
0.328125
0.29875
0.27
0.211875
0.186875
0.17125
0.155625
0.144375
0.14
0.125625
0.136875
0.189375
0.235
0.30875
0.33875
0.310625
0.2825
0.215625
0.16875
0.16875
0.166875
0.198125
0.241875
0.248125
0.258125
0.275
0.27
0.29875
0.325625
0.30875
0.315
0.280625
0.263125
0.28875
0.29625
0.3325
0.351875
0.355625
0.349375
0.356875
0.3475
0.313125
0.295
0.240625
0.214375
0.211875
0.198125
0.21375
0.219375
0.21625
0.245625
0.26875
0.2675
0.28
0.275625
0.241875
0.2475
0.263125
0.241875
0.26375
0.26
0.225
0.23375
0.233125
0.268125
0.3175
0.37375
0.39375
0.381875
0.358125
0.303125
0.26875
0.22125
0.1975
0.17375
0.155625
0.184375
0.19875
0.224375
0.265
0.240625
0.22125
0.19125
0.153125
0.175
0.1825
0.23125
0.260625
0.254375
0.283125
0.278125
0.296875
0.345
0.37875
0.4125
0.435
0.4375
0.42875
0.4125
0.374375
0.3425
0.295625
0.2525
0.25875
0.2575
0.2675
0.2775
0.24625
0.233125
0.246875
0.27625
0.314375
0.32625
0.29875
0.266875
0.24
0.234375
0.255
0.266875
0.306875
0.30625
0.295
0.31625
0.296875
0.32125
0.36
0.366875
0.363125
0.3475
0.326875
0.31
0.31875
0.330625
0.333125
0.324375
0.336875
0.33
0.311875
0.293125
0.23625
0.20875
0.205625
0.208125
0.2425
0.278125
0.3175
0.38125
0.405625
0.391875
0.338125
0.255
0.20125
0.190625
0.22625
0.2625
0.296875
0.310625
0.30125
0.325625
0.344375
0.353125
0.368125
0.340625
0.29125
0.27
0.2425
0.24125
0.29875
0.320625
0.34
0.365
0.323125
0.3
0.288125
0.27125
0.308125
0.34
0.349375
0.33125
0.269375
0.23625
0.223125
0.23
0.26
0.251875
0.228125
0.226875
0.2175
0.223125
0.276875
0.275
0.28
0.279375
0.236875
0.238125
0.228125
0.223125
0.204375
0.1875
0.191875
0.220625
0.2675
0.28
0.304375
0.29875
0.28625
0.305
0.2875
0.256875
0.24375
0.219375
0.205
0.23375
0.266875
0.320625
0.365625
0.38375
0.370625
0.324375
0.2825
0.223125
0.186875
0.179375
0.211875
0.275625
0.334375
0.3525
0.328125
0.30375
0.2925
0.328125
0.373125
0.40125
0.4075
0.39875
0.375625
0.358125
0.345
0.3075
0.29875
0.293125
0.31625
0.376875
0.40625
0.410625
0.368125
0.288125
0.23625
0.234375
0.271875
0.34125
0.38625
0.389375
0.375625
0.34875
0.34
0.355
0.35125
0.35875
0.36125
0.33125
0.341875
0.345
0.335625
0.339375
0.318125
0.2575
0.245
0.25375
0.254375
0.32625
0.33625
0.351875
0.386875
0.353125
0.345625
0.29125
0.213125
0.178125
0.13375
0.128125
0.13625
0.1425
0.165625
0.17
0.18
0.1875
0.191875
0.215
0.246875
0.25625
0.249375
0.259375
0.258125
0.290625
0.346875
0.370625
0.37875
0.353125
0.313125
0.2525
0.206875
0.200625
0.21375
0.260625
0.306875
0.31125
0.301875
0.3025
0.315625
0.34125
0.36375
0.3525
0.31875
0.3125
0.3125
0.32
0.34875
0.338125
0.32125
0.3225
0.289375
0.2675
0.241875
0.21125
0.21125
0.228125
0.22875
0.245
0.268125
0.2725
0.296875
0.293125
0.27625
0.290625
0.319375
0.36
0.4025
0.413125
0.395
0.37375
0.323125
0.2925
0.27
0.241875
0.251875
0.22875
0.226875
0.231875
0.2425
0.30375
0.33875
0.3825
0.378125
0.329375
0.29
0.21625
0.174375
0.13875
0.133125
0.170625
0.21625
0.303125
0.33375
0.33125
0.31
0.255
0.24125
0.25625
0.31
0.35
0.391875
0.415
0.379375
0.374375
0.328125
0.285
0.300625
0.28875
0.29375
0.286875
0.253125
0.255625
0.303125
0.3825
0.448125
0.458125
0.40875
0.340625
0.340625
0.340625
0.340625
