8.0675
8.0675
8.0675
8.0675
8.036875
7.0825
6.92625
6.491875
6.40125
6.890625
6.71625
6.763125
6.698125
6.781875
6.959375
7.634375
8.10875
7.879375
7.6575
6.58375
5.559375
4.97375
4.503125
4.44375
4.7075
5.221875
5.784375
6.60625
7.2425
7.295
7.67875
7.955
7.879375
8.109375
7.544375
6.8275
6.41625
6.005
6.005
5.7125
5.42
5.1275
5.094375
5.35375
5.8725
6.36625
6.600625
6.71625
6.5725
6.784375
6.855625
7.305
7.5225
7.029375
6.558125
5.595625
4.8375
4.793125
4.895
5.506875
6.451875
7.109375
7.97125
8.50875
8.740625
8.92625
8.648125
8.184375
7.720625
6.92625
6.31125
6.311875
6.034375
6.038125
6.094375
5.221875
4.859375
4.745625
4.91625
6.176875
6.97375
7.47375
7.84125
7.185
6.9925
7.28125
7.3125
8.30125
8.77375
8.57625
8.30375
7.0875
6.208125
5.43625
4.690625
4.723125
4.621875
5.05875
5.804375
5.8225
5.975625
5.545
4.7675
4.586875
4.38
4.2625
4.81625
5.10625
5.7525
6.786875
7.236875
8.233125
8.279375
7.819375
7.085
5.67375
5.395
5.346875
6.0125
6.690625
6.32375
6.015
5.113125
4.38125
4.276875
3.971875
3.92625
3.966875
3.976875
4.616875
5.381875
6.1875
6.64625
6.58
6.675
6.806875
7.15625
7.336875
6.795
5.834375
4.900625
4.2525
3.931875
4.22625
4.835625
5.771875
7.21
7.97125
8.02
7.3925
6.05875
5.139375
4.64875
4.6375
4.916875
5.3
5.693125
5.71875
6.0425
5.94125
6.166875
6.859375
7.03625
7.495
6.953125
5.508125
4.18875
3.276875
3.3125
4.289375
5.616875
6.029375
6.185625
6.204375
6.024375
6.235625
6.119375
5.6425
5.036875
4.62
4.5375
4.524375
4.500625
4.456875
4.250625
4.0675
4.035625
3.84125
3.809375
3.94
4.07375
4.37
4.5325
4.56125
4.485
4.275
4.17
4.17
4.275
4.485
4.59
4.6425
4.59
4.86875
5.150625
5.35125
5.656875
5.195
4.884375
4.655
4.320625
4.3175
4.16
4.08375
4.1125
4.24625
4.485
4.59
5.02625
5.3575
5.58375
5.915
5.47875
5.1475
4.92125
4.59
4.59
4.485
4.431875
4.48375
4.640625
4.9025
4.903125
5.235
5.461875
6.02
6.7875
6.685625
6.586875
5.639375
4.5375
3.92125
3.560625
3.6425
4.20625
5.15
6.166875
7.241875
7.75
7.498125
6.636875
6.08625
5.803125
5.9
6.370625
6.115
5.505
4.901875
4.435625
4.729375
5.296875
5.850625
5.850625
5.165
4.813125
4.501875
4.56375
4.95875
4.68625
4.34625
3.999375
3.729375
4.27875
5.068125
5.91375
6.44875
6.498125
6.135
5.775
5.62125
4.90125
4.394375
3.733125
3.071875
3.064375
3.04125
3.12
3.19875
3.66875
4.15625
4.64375
5.405
5.201875
5.46875
6.115625
6.215
6.8
6.420625
5.66125
5.555625
5.935625
6.80125
7.3075
7.05375
5.82875
4.705625
4.195
4.338125
5.240625
6.319375
7.205
7.73625
7.913125
7.9175
7.6025
7.330625
7.139375
6.55
6.16625
5.938125
5.550625
5.6425
5.923125
6.085625
6.448125
6.436875
6.16875
5.625
4.964375
4.490625
4.37875
4.578125
5.189375
5.6075
5.891875
6.1275
5.849375
5.68375
5.1875
4.72875
4.485625
4.596875
4.87875
5.111875
5.21625
5.339375
5.51625
5.77125
6.1175
6.065625
6.291875
6.491875
6.691875
6.9975
7.130625
7.23625
7.27375
7.265
6.739375
6.1325
5.661875
5.096875
5.354375
5.746875
6.243125
6.893125
7.02625
7.41125
7.425
7.4125
7.12375
6.09
5.336875
4.453125
4.0275
4.100625
4.143125
4.300625
4.3525
4.544375
4.5
4.565625
4.63625
4.514375
4.5575
4.4175
4.32625
4.401875
4.543125
4.979375
5.62
5.913125
6.271875
6.518125
6.595625
6.69
6.851875
6.76125
6.550625
6.72125
6.535625
6.69375
6.6875
6.456875
6.323125
5.899375
5.57
5.06875
4.67625
4.58
4.8875
5.271875
6.0125
6.440625
6.3425
6.434375
5.85625
5.593125
5.7975
5.85
6.023125
5.6425
4.93625
4.448125
4.425625
4.96875
5.91125
6.76
6.981875
7.01125
6.52
5.628125
5.211875
4.64125
4.39375
4.613125
4.561875
4.775625
5.085
5.46
6.11625
6.78
6.79625
6.613125
6.270625
5.638125
5.74
5.76125
5.634375
5.6225
5.18875
4.744375
4.505
4.379375
4.45875
4.629375
4.675
4.768125
5.03625
5.07125
5.2425
5.205
4.6225
4.784375
4.796875
4.8325
5.194375
5.045
4.99
5.01625
5.07
5.229375
5.8275
6.45
7.059375
7.28375
6.844375
6.41
6.12
5.91
5.6875
5.410625
4.733125
4.116875
3.595
3.150625
2.991875
3.37625
3.978125
4.805625
5.808125
6.325
6.666875
6.350625
5.475625
4.5625
4.15125
4.169375
4.84125
5.83125
6.08
6.715625
7.17625
7.184375
7.711875
7.3625
6.409375
5.881875
4.969375
4.645625
5.225625
5.380625
5.770625
6.0125
5.3375
5.1675
5.179375
5.005
5.281875
5.1625
4.81875
4.66125
4.5175
4.62375
4.505625
4.505625
4.505625
4.505625
