129.5125
129.5125
129.5125
129.5125
125.78125
126.0
127.3125
134.2375
128.125
121.86875
114.7625
99.0125
101.56875
109.4625
122.6
142.3875
152.95
154.53125
151.44375
150.4375
144.7
146.6375
144.3125
141.03125
144.26875
143.26875
147.51875
141.91875
136.5625
131.75625
128.7625
131.68125
134.74375
137.80625
136.625
135.75
130.86875
121.14375
109.7375
104.725
101.0875
100.8125
103.54375
99.35
98.11875
104.69375
115.71875
128.2375
140.31875
141.625
142.2625
142.6375
142.73125
148.5875
143.84375
134.375
122.3375
107.21875
100.5125
103.25625
108.2
118.375
128.4
129.675
134.625
138.40625
135.8375
136.59375
128.75625
111.45
104.50625
98.65625
102.2375
114.475
115.8
121.18125
121.65625
129.275
144.21875
149.80625
149.06875
131.475
113.60625
104.10625
102.35
113.275
117.725
123.9375
128.73125
124.23125
127.8
119.225
112.41875
115.3
118.13125
129.03125
139.85625
143.03125
139.93125
133.525
120.54375
108.33125
100.95
99.86875
108.55
124.9625
134.8
140.49375
142.23125
131.1
127.03125
124.8375
122.11875
132.78125
144.8875
155.11875
160.1625
159.66875
149.74375
134.14375
125.1
113.39375
113.81875
120.9125
125.575
133.55625
133.76875
135.79375
138.1375
134.43125
133.49375
129.36875
131.60625
142.89375
149.375
153.48125
151.56875
139.525
129.65625
119.35625
105.7375
99.40625
98.90625
107.91875
118.09375
125.30625
123.53125
114.9125
111.93125
118.63125
131.0375
144.48125
149.65625
139.9125
128.725
115.575
105.79375
103.43125
105.06875
106.55625
115.7875
128.34375
136.98125
150.8
153.84375
149.84375
144.6375
130.84375
119.625
114.5625
109.4625
108.90625
111.70625
106.91875
101.39375
99.24375
104.2375
114.53125
130.3875
145.3125
145.84375
146.31875
140.63125
132.8375
131.35625
127.04375
129.05625
130.925
133.69375
143.34375
145.04375
145.94375
139.075
122.9125
111.775
103.14375
108.0125
121.78125
138.99375
150.61875
153.7
147.4875
132.2875
123.3875
111.46875
104.39375
105.5625
102.9625
105.20625
107.84375
102.2
101.76875
100.4875
98.8125
102.01875
100.18125
98.675
96.7125
102.95
112.075
123.3625
140.5625
142.84375
142.2375
137.43125
128.49375
127.51875
130.28125
139.93125
145.8625
154.15
154.45
150.08125
150.5
143.71875
143.33125
139.225
124.525
117.875
114.2875
121.68125
144.15
154.99375
158.85625
146.7125
122.2375
111.2625
104.06875
107.20625
117.66875
121.80625
126.43125
129.35
135.3125
137.475
138.5875
139.0375
132.31875
133.08125
130.9875
128.90625
125.0125
114.51875
108.91875
108.96875
116.09375
132.95625
148.6
153.7875
157.29375
145.75
135.25625
130.21875
120.9375
121.2
119.59375
118.05
121.01875
124.36875
126.39375
128.35625
133.95
136.15625
141.0125
150.59375
151.16875
157.125
160.43125
157.6875
152.4
138.73125
122.9875
105.5625
97.65
93.66875
97.55
106.08125
116.4375
131.01875
141.51875
149.0375
146.53125
137.8625
123.90625
116.28125
116.80625
122.73125
134.01875
136.325
135.49375
129.2625
120.7
117.81875
114.81875
118.28125
131.81875
140.2
148.7
148.9125
135.45
129.8375
121.20625
123.88125
135.63125
142.99375
153.375
153.65625
145.8875
133.79375
119.99375
106.05
97.86875
95.71875
99.7375
114.0
127.05
141.15
146.325
137.9375
133.0375
120.91875
113.65625
111.75625
100.875
99.3
101.78125
112.00625
129.33125
136.96875
137.35
128.36875
117.68125
117.53125
119.85625
125.21875
130.58125
124.49375
119.06875
113.64375
106.5125
105.9
104.625
107.2375
116.4
128.825
141.58125
149.21875
149.20625
142.15
138.23125
129.6
123.775
124.10625
117.7
120.75625
121.775
118.2125
119.04375
116.35625
118.5625
123.275
126.8625
128.4125
124.25
113.08125
104.8625
100.3875
103.09375
115.2625
120.88125
123.7875
123.4375
119.56875
121.04375
122.7625
122.8625
125.76875
130.18125
135.41875
136.3625
129.59375
121.9
112.6625
110.075
115.3125
118.55625
129.60625
137.74375
144.83125
151.91875
148.23125
145.34375
136.5625
121.0
116.2125
114.7375
120.9125
139.325
147.55
151.40625
148.0125
138.6125
134.94375
134.0
140.825
144.4
141.38125
137.0
128.35625
123.16875
128.4
134.55625
140.56875
144.74375
141.99375
134.3875
127.425
125.36875
125.775
129.65625
130.35
132.76875
130.06875
129.925
135.39375
131.9625
135.075
136.0875
132.85
137.6625
140.2
141.4
145.36875
145.7375
144.28125
148.30625
151.00625
153.5875
159.05625
161.23125
159.075
157.15625
148.95
138.6625
134.35
129.5375
132.425
133.7875
137.1625
141.3
144.45
153.49375
153.58125
150.15
143.525
130.95625
121.8125
117.5
111.05
110.09375
116.95625
123.56875
133.70625
140.75625
146.025
145.00625
146.78125
150.325
142.8875
143.69375
140.825
132.93125
131.85625
124.68125
119.6875
116.25
111.70625
110.86875
105.96875
106.63125
107.7
110.78125
115.8625
118.54375
122.96875
121.6875
122.9125
123.45625
120.43125
118.75625
114.7125
105.8375
99.4875
97.175
94.11875
100.8125
108.925
111.6375
120.18125
117.73125
113.925
116.84375
110.775
116.09375
119.86875
117.75
118.6125
112.8125
111.21875
110.34375
117.275
120.45
124.11875
129.0375
127.63125
135.79375
137.98125
143.95625
146.79375
140.3375
139.65625
129.33125
118.95625
114.34375
104.025
102.925
106.8875
112.675
123.95625
133.21875
142.01875
148.23125
148.6
147.40625
142.93125
134.31875
131.78125
124.6375
124.26875
125.61875
120.89375
120.89375
115.60625
113.95625
113.475
111.5125
106.16875
98.59375
93.65
96.5125
105.8375
121.1
136.14375
143.41875
149.4375
148.10625
149.3125
153.40625
153.01875
150.70625
142.69375
133.2375
126.05625
126.35625
126.0875
121.675
123.7
124.0375
134.4375
149.525
157.0625
160.6125
152.9375
145.5125
135.5125
128.175
124.14375
122.125
124.1
124.85625
132.35
136.91875
144.04375
153.59375
154.6125
152.83125
151.2375
143.0875
136.625
136.11875
130.70625
129.18125
131.94375
128.63125
126.93125
129.625
130.03125
132.7125
137.7375
135.01875
126.45625
118.65625
111.80625
110.4375
115.06875
123.5
123.8375
120.7375
121.64375
118.23125
126.56875
141.79375
145.2875
144.9125
139.825
125.225
117.34375
115.61875
108.675
111.18125
118.15
123.35
129.35
130.625
126.375
120.41875
119.13125
117.9625
116.49375
117.975
117.975
113.0125
108.075
100.65
99.94375
109.775
122.05
135.56875
137.45625
129.0
119.3375
116.39375
116.55625
120.325
124.29375
114.825
108.40625
104.7375
99.8625
103.74375
110.53125
118.63125
131.98125
146.1
155.4
161.8
161.25
157.775
154.96875
152.04375
151.59375
147.2375
139.8625
132.4875
122.25625
113.86875
108.83125
105.66875
112.01875
122.73125
135.91875
140.45
138.65625
138.30625
131.00625
131.79375
131.1375
123.775
121.1
120.71875
122.84375
131.65
137.1875
132.8
127.2125
114.225
107.25
112.80625
114.175
120.00625
122.78125
119.46875
120.48125
123.85
125.65
129.20625
137.4875
142.4875
148.51875
146.65625
137.15
128.16875
123.94375
133.6625
153.11875
172.43125
184.25625
184.375
170.29375
151.25
138.28125
124.25
117.05625
119.55
115.86875
117.73125
128.0625
130.4125
135.9
144.83125
138.91875
136.24375
138.58125
131.86875
132.175
130.5125
118.925
114.1125
107.33125
102.875
105.9875
103.94375
109.525
119.1
121.95
136.2875
142.575
141.275
148.1125
142.8875
141.95
144.25
140.05625
141.19375
135.9875
130.68125
131.45625
128.14375
128.1375
128.13125
120.58125
119.6375
119.7375
117.96875
123.00625
121.7625
119.0375
118.6375
112.3
106.89375
106.25625
108.16875
113.2
117.55625
121.6625
124.20625
129.6875
140.60625
142.1625
138.13125
129.61875
114.30625
108.8375
106.8125
102.83125
102.95
100.9125
99.575
106.1
112.93125
119.325
130.44375
133.68125
135.9125
132.89375
122.13125
118.5875
113.275
117.13125
125.7
130.46875
137.00625
138.18125
137.11875
132.45625
126.375
116.4875
105.53125
97.63125
91.15
88.99375
88.45
87.75
89.23125
92.51875
99.025
108.26875
119.35625
126.83125
131.35
131.79375
125.525
121.0625
113.65
110.08125
108.96875
108.96875
108.96875
108.96875
