0.046875
0.046875
0.046875
0.046875
-0.076875
-0.064375
0.128125
0.038125
0.135625
0.32
0.220625
0.2625
0.201875
-0.10125
-0.261875
-0.435
-0.559375
-0.574375
-0.466875
-0.193125
0.129375
0.46375
0.5125
0.28625
-0.03125
-0.34875
-0.3725
-0.16625
0.07125
0.4375
0.53125
0.51625
0.495
0.19375
0.025
-0.29
-0.5775
-0.69625
-0.800625
-0.72125
-0.498125
-0.2675
-0.040625
0.21375
0.150625
0.03
0.0075
-0.165
-0.15125
-0.0925
-0.14375
-0.11
-0.089375
-0.071875
-0.17125
-0.129375
-0.02125
0.0775
0.285
0.343125
0.25
0.156875
0.0825
0.01625
0.01625
0.0225
-0.0075
-0.183125
-0.329375
-0.4125
-0.3225
-0.068125
0.14125
0.245
0.08
0.0175
-0.0275
-0.07875
0.07125
0.10125
0.12875
0.33375
0.3525
0.22875
0.1375
-0.2525
-0.5175
-0.619375
-0.76125
-0.588125
-0.411875
-0.289375
0.00125
0.153125
0.35375
0.615
0.72125
0.66125
0.588125
0.48
0.256875
0.2
-0.054375
-0.325
-0.344375
-0.366875
-0.163125
0.080625
0.03875
0.11125
0.11125
0.11125
0.11125
