0.4306875
0.4306875
0.4306875
0.4306875
0.400625
0.354125
0.308125
0.25125
0.240125
0.264125
0.291
0.327625
0.330875
0.3150625
0.3143125
0.3096875
0.3188125
0.33175
0.3223125
0.31175
0.3051875
0.2865625
0.279125
0.2943125
0.298125
0.325625
0.366875
0.38525
0.40775
0.398375
0.3565
0.3125
0.2523125
0.2211875
0.225
0.2540625
0.3155
0.3495625
0.374125
0.3754375
0.3513125
0.343375
0.332
0.334625
0.342
0.3655625
0.382625
0.3754375
0.38525
0.3801875
0.381625
0.4110625
0.436625
0.4459375
0.4284375
0.391875
0.3434375
0.33025
0.35425
0.3713125
0.394875
0.39275
0.3663125
0.3559375
0.3318125
0.3143125
0.307
0.311
0.3144375
0.303375
0.3065625
0.300125
0.3189375
0.361125
0.3758125
0.372375
0.354625
0.33725
0.3515
0.389625
0.435375
0.46325
0.4689375
0.4505625
0.4171875
0.377
0.3413125
0.32575
0.3146875
0.3158125
0.324125
0.334625
0.351125
0.38325
0.4004375
0.400375
0.4015625
0.3958125
0.3976875
0.4168125
0.4193125
0.4084375
0.3975
0.3764375
0.372875
0.376
0.372875
0.361625
0.35575
0.3441875
0.3265
0.3290625
0.3125
0.291125
0.2945
0.2766875
0.262375
0.2680625
0.257875
0.2636875
0.26725
0.2674375
0.2648125
0.25325
0.2564375
0.256625
0.2710625
0.296375
0.3205
0.32825
0.3225625
0.303125
0.2775625
0.2759375
0.291
0.3163125
0.3443125
0.35
0.3338125
0.310375
0.2815625
0.2859375
0.301
0.3324375
0.356625
0.3455
0.3334375
0.301875
0.2808125
0.28725
0.30625
0.3405
0.38325
0.395
0.3976875
0.378375
0.3363125
0.3211875
0.307625
0.3184375
0.34675
0.3468125
0.330375
0.30625
0.28175
0.2945625
0.3254375
0.3576875
0.378625
0.3808125
0.361125
0.32375
0.30725
0.298125
0.3106875
0.332125
0.340375
0.320125
0.293875
0.277625
0.2495
0.246375
0.24375
0.230625
0.241625
0.250375
0.254125
0.26625
0.2511875
0.242625
0.2514375
0.2525625
0.2756875
0.276625
0.269
0.2773125
0.2815625
0.3003125
0.303625
0.2836875
0.2485
0.217375
0.2120625
0.23
0.2708125
0.3065
0.3118125
0.2981875
0.2811875
0.2734375
0.283875
0.3115
0.3169375
0.308625
0.319875
0.325375
0.36625
0.41225
0.4210625
0.4190625
0.379375
0.3460625
0.3355
0.331625
0.350125
0.36225
0.36525
0.3615625
0.35475
0.3396875
0.3205
0.304
0.285625
0.287875
0.28675
0.293
0.29925
0.27025
0.266375
0.262625
0.256
0.27725
0.279625
0.276625
0.282625
0.297375
0.315375
0.337125
0.347625
0.331125
0.325125
0.3205
0.319375
0.3421875
0.350375
0.3485625
0.35
0.327125
0.30725
0.3014375
0.301125
0.329375
0.3573125
0.3779375
0.376375
0.347875
0.314125
0.2870625
0.293875
0.32575
0.359375
0.3820625
0.3833125
0.3584375
0.3526875
0.3513125
0.3566875
0.3925
0.411
0.43675
0.451125
0.443875
0.44175
0.429
0.42025
0.42
0.4163125
0.415875
0.4186875
0.394375
0.3709375
0.3291875
0.29125
0.2949375
0.3064375
0.3545625
0.38725
0.398625
0.397375
0.3724375
0.3600625
0.35025
0.3470625
0.33175
0.3285625
0.3186875
0.2888125
0.2814375
0.2424375
0.21625
0.2263125
0.235875
0.2695
0.300125
0.321875
0.334625
0.34875
0.362375
0.3438125
0.34225
0.3319375
0.3161875
0.3475625
0.3535
0.3563125
0.361
0.321
0.306875
0.311
0.3140625
0.348875
0.376125
0.39
0.4064375
0.4195
0.4219375
0.4104375
0.3876875
0.351
0.3019375
0.281125
0.281125
0.271625
0.302625
0.3268125
0.3298125
0.371875
0.3776875
0.35
0.3549375
0.323625
0.3066875
0.321375
0.293375
0.28675
0.273625
0.267125
0.289125
0.304375
0.33775
0.357
0.37525
0.3785
0.3515
0.321375
0.271625
0.2331875
0.217375
0.2223125
0.252625
0.2933125
0.346875
0.3773125
0.404125
0.4286875
0.43
0.4251875
0.39625
0.3715625
0.357625
0.3618125
0.38875
0.401
0.3895625
0.3803125
0.350875
0.3276875
0.32375
0.3024375
0.299125
0.2838125
0.2795625
0.2855
0.303125
0.3374375
0.3608125
0.38225
0.3714375
0.3404375
0.3021875
0.2733125
0.2683125
0.2889375
0.308875
0.3285625
0.342625
0.328875
0.334125
0.342625
0.327125
0.330375
0.322625
0.2963125
0.3075625
0.3186875
0.3149375
0.306875
0.2664375
0.2373125
0.2219375
0.2199375
0.2366875
0.2396875
0.2564375
0.2703125
0.3051875
0.3301875
0.3281875
0.3355625
0.312
0.2944375
0.30225
0.31975
0.344625
0.3709375
0.390375
0.3858125
0.3625
0.35525
0.33225
0.308375
0.30325
0.2870625
0.2865
0.2931875
0.3160625
0.335125
0.3315625
0.329
0.296625
0.2505625
0.237625
0.2338125
0.25725
0.2980625
0.3305
0.3539375
0.36375
0.375
0.361125
0.328375
0.2794375
0.2365
0.2064375
0.2075
0.23525
0.243875
0.2625
0.256375
0.247875
0.26525
0.28825
0.333125
0.377375
0.40175
0.409375
0.398
0.368625
0.332
0.318125
0.326125
0.3465
0.38375
0.399625
0.39075
0.3670625
0.330625
0.2825625
0.256375
0.2435625
0.2273125
0.2380625
0.2421875
0.246375
0.2765625
0.292875
0.3126875
0.336
0.329375
0.313625
0.2913125
0.265
0.2661875
0.305875
0.343375
0.376875
0.388375
0.36625
0.3490625
0.330375
0.3308125
0.34625
0.3449375
0.359625
0.3595625
0.3284375
0.3193125
0.3079375
0.2918125
0.3143125
0.321625
0.3108125
0.3185
0.2985
0.285875
0.27425
0.25275
0.2550625
0.261875
0.3004375
0.343125
0.3771875
0.3998125
0.3766875
0.3354375
0.291625
0.25475
0.266875
0.293
0.310875
0.310875
0.310875
0.310875
