0.9039375
0.9039375
0.9039375
0.9039375
0.802375
0.72425
0.6823125
0.6766875
0.68325
0.664375
0.6816875
0.7354375
0.752875
0.8133125
0.8136875
0.7624375
0.7609375
0.7300625
0.6984375
0.6970625
0.705125
0.711875
0.7744375
0.81025
0.8180625
0.82125
0.8105625
0.82325
0.8221875
0.87125
0.8909375
0.8819375
0.9159375
0.879875
0.8440625
0.8305625
0.7929375
0.824625
0.8799375
0.91875
0.96175
0.9171875
0.8366875
0.878375
0.8875625
0.9725
1.0815625
1.079625
1.106
1.0695625
1.052
0.91
0.880125
0.9221875
0.9665625
1.2598125
1.341125
1.3999375
1.419125
1.220625
1.1219375
1.002375
0.90125
0.893375
0.8973125
0.8996875
0.9045625
1.0026875
1.112
1.2480625
1.404625
1.384125
1.3218125
1.206
1.0270625
0.9125625
0.8356875
0.907125
1.0116875
1.114375
1.151125
0.9674375
0.79775
0.6899375
0.653375
0.7454375
0.8475
0.8895625
0.8956875
0.87625
0.828125
0.80275
0.889
0.9805
1.0996875
1.232375
1.20025
1.170875
1.0971875
1.00575
0.9793125
0.952625
0.9665625
0.98925
1.001
1.0144375
1.0070625
0.955625
0.88275
0.8174375
0.796875
0.813625
0.899
0.9395625
0.9279375
1.0261875
1.067
1.1570625
1.3510625
1.345125
1.453625
1.5510625
1.4845625
1.487625
1.325375
1.1366875
1.1366875
1.1366875
1.1366875
