1.20375
1.20375
1.20375
1.20375
1.240625
1.196875
1.07125
0.933125
0.849375
0.815625
0.82875
0.84625
0.860625
0.916875
0.980625
1.041875
1.073125
1.03375
0.985
0.9325
0.954375
1.00125
1.081875
1.193125
1.22375
1.2425
1.19375
1.085
0.985625
0.89875
0.879375
0.89125
0.943125
1.04
1.0575
1.065625
1.041875
0.94
0.9
0.9125
0.954375
1.05
1.121875
1.105625
1.065
1.005
0.943125
0.941875
0.974375
1.024375
1.086875
1.11625
1.100625
1.030625
0.983125
0.985
1.00125
1.07625
1.111875
1.105
1.100625
1.055625
1.02
0.975625
0.9225
0.876875
0.82625
0.84
0.88125
0.96125
1.080625
1.12125
1.12625
1.091875
1.005625
0.94125
0.92625
0.915625
0.920625
0.94
0.9125
0.883125
0.885625
0.918125
0.9575
1.041875
1.08875
1.076875
1.069375
1.034375
1.01125
0.998125
0.993125
0.9375
0.90875
0.92
0.93625
1.00625
1.006875
0.998125
0.98875
0.956875
0.98
0.974375
0.945625
0.926875
0.881875
0.835625
0.81875
0.803125
0.80125
0.811875
0.79375
0.775625
0.758125
0.74375
0.745
0.744375
0.743125
0.74375
0.755625
0.769375
0.803125
0.833125
0.83875
0.855625
0.83
0.820625
0.820625
0.820625
0.820625
