0.465
0.465
0.465
0.465
0.453125
0.44875
0.44375
0.433125
0.440625
0.4325
0.41625
0.42
0.4125
0.41875
0.44125
0.448125
0.45625
0.46375
0.45125
0.4525
0.4525
0.448125
0.459375
0.4575
0.458125
0.444375
0.429375
0.4125
0.39
0.39
0.3975
0.42125
0.45375
0.47625
0.48
0.46875
0.454375
0.445
0.449375
0.469375
0.48625
0.4975
0.495
0.46875
0.44625
0.4175
0.403125
0.415
0.4225
0.4325
0.4375
0.4225
0.39875
0.386875
0.37375
0.3725
0.389375
0.400625
0.409375
0.41875
0.4225
0.42875
0.450625
0.453125
0.458125
0.46125
0.453125
0.469375
0.48375
0.4925
0.4975
0.495
0.48
0.461875
0.444375
0.42375
0.42
0.4325
0.450625
0.450625
0.450625
0.450625
