0.0333971042643
0.0333971042643
0.0333971042643
0.0333971042643
0.0300274272259
0.0299624337995
0.0311768823953
0.0262304184091
0.0232149555445
0.01661324826
0.0118671032987
0.00833540693312
0.0046737237148
0.00283603458393
0.00292725750024
0.00828062675947
0.0136989894451
0.0194007698936
0.0210810820848
0.0164108401607
0.0118213757809
0.00668527026124
0.00364172095165
0.0180052681815
0.0326489835028
0.0522463585112
0.0865640482363
0.0916541941187
0.100888135171
0.108302956644
0.0894446497411
0.087107671824
0.0802659531006
0.0627383866031
0.0607943867962
0.0556796362596
0.045699199281
0.0583081561179
0.0594153655602
0.0615051363376
0.0684605935571
0.0506544838036
0.0413355870578
0.0343244211871
0.0272324777722
0.0360156429892
0.0427315530086
0.0458349891183
0.0490192027721
0.0354026157069
0.0227627869924
0.0196064276642
0.0169247524678
0.0400111138758
0.0738712963031
0.107032335158
0.142640144397
0.148459145132
0.133092145823
0.097658890358
0.0708024459812
0.0618435663936
0.0647408804938
0.0789201249359
0.066826241003
0.0595996683478
0.0524789421299
0.0578587729984
0.0780331967853
0.090337148757
0.0977956086728
0.0985207496157
0.0991518822097
0.0997830148037
0.103788002585
0.0900135743414
0.076248430873
0.0516096550521
0.0297762740569
0.0239619157091
0.0182125507877
0.0234175957632
0.0336292236443
0.0490579667085
0.0644867097728
0.0798734392294
0.0843726091704
0.0706401945346
0.0718021841505
0.0729451399772
0.0697233229838
0.082082519368
0.0647921788767
0.0492088443055
0.0554270903743
0.0539749515335
0.0676133578204
0.0777785618255
0.0607326430412
0.0553008174316
0.049533579318
0.06028767019
0.0966245664011
0.113456471117
0.131916693283
0.120772641853
0.096837187753
0.0836163642306
0.0667837631565
0.0796099837331
0.0824882640442
0.0854060046498
0.0903269355043
0.0657413150213
0.0472929309436
0.0305515527858
0.0137707143335
0.0223233850062
0.0351196621828
0.0521797402491
0.0766214467165
0.0796526936989
0.0955767795199
0.102600247718
0.0981765165751
0.104604598563
0.0936861671705
0.0811730756375
0.0714521481256
0.0688976743496
0.0743847443716
0.086037833602
0.0970005997965
0.0934350140014
0.0714289361876
0.0457978500175
0.0220306824681
0.00531042717394
0.00253520786755
0.00172371851533
0.00313477222589
0.0122445294104
0.0220462344666
0.0318282093754
0.0375237226006
0.0298250191266
0.0365861924251
0.0433670958709
0.0520769113638
0.0651958344785
0.0536896768156
0.042505700852
0.031430820997
0.0219141585394
0.0178406955411
0.0134450508434
0.00894031003721
0.0191558839477
0.0483288797362
0.0771796938253
0.110966526528
0.115223363837
0.0901981092484
0.0655147665065
0.0311230306992
0.0114666973683
0.00701650461639
0.00252685156987
0.00318630272824
0.00381093597962
0.00373665777804
0.0114191128954
0.0332320673851
0.0552518402424
0.0775937947989
0.0921987461839
0.0778983354254
0.0632933840405
0.0486338846013
0.0262571121377
0.0180108390465
0.00997138432282
0.00977802887934
0.0173019464602
0.0251480457404
0.0329395969664
0.025222323942
0.0175050509177
0.00973322983901
0.00198113890767
0.00192659085339
0.00330143394069
0.0096122956421
0.0159034271962
0.022536470597
0.0262910015673
0.0202825914179
0.0290293138923
0.0371316729679
0.0544201565042
0.08147158116
0.0809764705226
0.0955784043556
0.0966897919467
0.0884479291237
0.0913361905681
0.0646359625341
0.0418035397277
0.0259713731811
0.0134617634388
0.0158242744877
0.0199945312674
0.0187139286484
0.0136690460451
0.0102924054253
0.00872049298442
0.0102074497322
0.0138624014885
0.0169277700198
0.0213468587748
0.0303586615811
0.0470970221869
0.0745894736646
0.0942722686047
0.106145407007
0.104236457227
0.0776448610626
0.0555652014053
0.034780767888
0.025602303367
0.037985872286
0.0524527126399
0.0690986897325
0.0745138027468
0.0604239242659
0.0428192941342
0.0244110667092
0.0146987276144
0.0160561617482
0.0209480776801
0.0282876924734
0.0294663946846
0.0298999936863
0.0284478548455
0.0229196996932
0.0186709865631
0.0148865121928
0.00906402966671
0.00565628505003
0.0073806999235
0.0110340268441
0.0275340008468
0.0443512820418
0.0549159634997
0.0634971848562
0.0505156764145
0.035785148445
0.0256043924415
0.0133206348558
0.0135374343566
0.0168314404772
0.0175298876913
0.0204508779683
0.0276159389878
0.045550178639
0.066712038268
0.0951162546701
0.110148073595
0.0990627483677
0.0841869136664
0.0565707425592
0.0358617478403
0.0269906093783
0.0182253173536
0.0276298661507
0.0390777618492
0.0628063975815
0.0877348583886
0.0851167839025
0.0812273915724
0.0558107837093
0.031537131673
0.0297358852847
0.0276372939708
0.0382367933357
0.0468628137324
0.0400345579332
0.0317820176187
0.0343571500197
0.0397724951533
0.052944573606
0.0819936176455
0.0942304871165
0.106212257389
0.118509710018
0.10640654131
0.1023449164
0.0934765633705
0.0868012742426
0.0900739253801
0.0774345609044
0.0698182598103
0.0585363294684
0.0497893748746
0.0608041358102
0.0831008270878
0.119563067764
0.149405031605
0.16062243276
0.14575356164
0.113835522064
0.0975010491796
0.0922428488662
0.10004252427
0.101431062401
0.0765662023041
0.0510767089557
0.0253193498429
0.0114181844179
0.0121328799887
0.020492195218
0.0424451176938
0.0641109084967
0.0880189725096
0.0975451518618
0.0789707269607
0.0563952603079
0.0297333319716
0.00980866863751
0.0123958712461
0.0177884686805
0.0251842563637
0.0338789840969
0.0271194356341
0.0204768753388
0.0141170364483
0.013481493586
0.0208656753002
0.0299180989979
0.041229508501
0.0380831303062
0.0371957379167
0.0328351432455
0.0303913904136
0.0360397834047
0.038226580083
0.0569347057469
0.0745567448321
0.091488228762
0.122111274317
0.125168054431
0.114176273314
0.103380633073
0.0653738700429
0.0489291404527
0.0537971480885
0.0588694207786
0.0812828681043
0.0989464565585
0.100026508033
0.102545235425
0.0992210537849
0.0918761002459
0.085651122715
0.0764733545522
0.0701840799531
0.0490811786465
0.0327269756145
0.0198053539728
0.0143315147553
0.0344641570538
0.0654481482444
0.0924264552956
0.111989940875
0.124781343544
0.126779891405
0.130839427241
0.127259682164
0.112621305588
0.0892122982418
0.0675109931738
0.0641053376315
0.0619839986184
0.0814246930453
0.102199377549
0.106390525073
0.114449477824
0.109717027906
0.0990606592933
0.0896022588001
0.0839153339919
0.0652000126273
0.0472251520846
0.0416187727012
0.0320236538932
0.0444645562991
0.0592257240267
0.0589327893693
0.0756372605456
0.0725254681384
0.0690441416783
0.0759320521582
0.0560343146722
0.0518266866723
0.0481480587392
0.0530132809424
0.0816609905741
0.102583767242
0.124554098671
0.135026164497
0.1187933599
0.106697154773
0.106205061688
0.0910358280905
0.0927024452384
0.090154470805
0.0617866971455
0.0587524326111
0.0624665748093
0.0688447511309
0.0860506001679
0.0926000805919
0.0943997021445
0.0983424819319
0.109056184032
0.110999255361
0.0945018346716
0.0848893069101
0.0804175270559
0.0934870087426
0.120582303961
0.132979800043
0.120654493088
0.0905509307059
0.0637636579043
0.0488307218356
0.0486923786851
0.0635521971492
0.07548963262
0.070707044916
0.0691615940844
0.0558720632255
0.0474359164815
0.0518148485838
0.0496800466466
0.0512607796239
0.0550259880857
0.0596124349137
0.0673972546776
0.0850116338233
0.0818295092439
0.0709967299021
0.0602612085805
0.0339583689249
0.0311520456216
0.040495082783
0.049799356008
0.0672403419769
0.0670729839039
0.0521470114166
0.0479751298012
0.0430655727964
0.0505047668036
0.0673984152746
0.0627451180652
0.058878241315
0.0479981096198
0.0478713724383
0.0584567125211
0.071553816414
0.0823787036968
0.0685209445959
0.0566099707344
0.0385206753374
0.0252385722987
0.0227105601319
0.0165313101189
0.0243432878503
0.0338525224877
0.0426978956986
0.0681421257679
0.0738443704551
0.0909072339541
0.124600522547
0.143480184433
0.184395867532
0.199462272244
0.199699266131
0.187144857349
0.147109370938
0.11962829331
0.0776945346099
0.0465687184782
0.0305896203641
0.0148475161369
0.0132359112821
0.0168843636958
0.0187030190375
0.0295292990366
0.0435613797919
0.0587772693848
0.0751289191036
0.0737023133945
0.0664697056354
0.061814551471
0.0571593973066
0.0641183363168
0.0739996583203
0.0694301562071
0.0653023772738
0.0534654494945
0.0490291839054
0.0594188473508
0.0690643360643
0.0836340053034
0.0844573327441
0.0738469237683
0.0645354548426
0.0699206244569
0.0805964910978
0.0845002748294
0.0864110815649
0.0587918929057
0.0322119027104
0.0181805183133
0.00710935236836
0.0106935077138
0.0146701769307
0.0154962898038
0.0271500753924
0.0538178067133
0.0798063567285
0.106965252657
0.108541343247
0.0878100650677
0.0750985114648
0.0628688376946
0.0613275650119
0.0601595402921
0.0434176978956
0.0260830226028
0.0124200116616
0.00535499409488
0.0210409254321
0.047796629998
0.0715345505055
0.096155917373
0.0930914773192
0.0684190441881
0.045195732346
0.021169751688
0.00993517369957
0.00969376954445
0.0111988316039
0.0134257849349
0.013630514228
0.0169922992074
0.0276152426298
0.0375550587169
0.0524394818353
0.0715248014916
0.0785854087901
0.0858486563073
0.0892893618759
0.0748536255189
0.0556434256363
0.051447171486
0.046048074709
0.0526762436028
0.0719774342824
0.0664362804448
0.0704795679237
0.0782729761047
0.0783414513217
0.0835309442987
0.0767607183444
0.0575723376835
0.0391894112709
0.0259555890633
0.0216783252494
0.026102056392
0.0325637956904
0.0416577687571
0.0462734626269
0.0549814211648
0.0637439277569
0.0736373199681
0.0761688139255
0.0652097616411
0.0689710240735
0.0616072688648
0.0763802746808
0.113665146439
0.123146758871
0.139365636304
0.12778125441
0.0914740694798
0.073810713145
0.0581765444295
0.0586512285614
0.0750010213252
0.0861104869678
0.0937664804759
0.104269186059
0.0984128141039
0.08479947671
0.0729128753835
0.0591198775895
0.0553978433324
0.060448993159
0.0664966314836
0.0547648537834
0.0467093828224
0.0403430445892
0.0427180900846
0.0578552912077
0.066345986006
0.0746663051794
0.0623751197736
0.0587976958901
0.0589611079335
0.0483578946585
0.0535747777223
0.0453208446916
0.0362475302497
0.0354724836402
0.0322859487926
0.0328149488594
0.0337536396319
0.0416654286966
0.0397000739067
0.0415737415415
0.0435019572305
0.0410324391475
0.0487689780805
0.067732899301
0.101417135238
0.123313652705
0.139408114151
0.14247417904
0.116088240647
0.0965871951808
0.0800788648805
0.0491508144605
0.0405391854652
0.0444696629255
0.0482910442772
0.0694536002644
0.0785164693342
0.0665240215704
0.0594675924207
0.0479300986415
0.0453134168715
0.052740540671
0.0504047233507
0.0480092513499
0.0334163701728
0.0191240835926
0.00964827414596
0.00652092974025
0.0128770547207
0.0192227343291
0.0274994150591
0.0291035920938
0.0270952952187
0.0251519917699
0.0194766729308
0.0128222745471
0.0101368854407
0.00931750402959
0.0103641303137
0.0291467662985
0.0486698631053
0.0646002161496
0.0806113467381
0.0669952239116
0.0456541681213
0.0308470407565
0.0208248222894
0.025600446412
0.0370585553632
0.03920473115
0.0315387565086
0.0287700365449
0.0244372961992
0.0242483510239
0.0320090303723
0.0300225527189
0.0275620872917
0.0402761942078
0.0470647575931
0.0607412314583
0.0836623238678
0.0769949267989
0.0781155991651
0.0800575098976
0.0670646276063
0.0687270666053
0.0605773551761
0.0446377173566
0.0375353285696
0.0454468855149
0.0604079080286
0.0824183961107
0.0957652604564
0.0901969486514
0.0805421751628
0.068517927044
0.0622472219953
0.0521268170305
0.0459733322687
0.0401157997162
0.0322748070623
0.0293661191125
0.0244739710612
0.0226328001396
0.024758549421
0.0347039363733
0.0426113151698
0.0499732134235
0.0532486499937
0.051642616004
0.0550127572811
0.0502324907709
0.0475552258428
0.0417975046238
0.0322014573383
0.0284578359788
0.0247949921636
0.0224273744884
0.018976455667
0.0132663189209
0.0074754046305
0.00346972049113
0.00144749645322
0.00144749645322
0.00148626038967
0.00166151052151
0.00358322686791
0.00729017336532
0.0217124467982
0.0432624100305
0.0633029009352
0.0801338771736
0.0774401317695
0.0674822103707
0.0700786977546
0.0736577464736
0.0888508883673
0.0986655921087
0.080875266473
0.0656296655995
0.0427136798164
0.0251761321855
0.0224522112621
0.0233788318267
0.0368693780685
0.0557383624626
0.0746073468567
0.0803409276602
0.0706005021205
0.0480809762383
0.0256002142926
0.0105013128672
0.00512287471496
0.00720359283661
0.0112290071233
0.015221460458
0.0156021362411
0.0162267694925
0.0128457186045
0.00917544696907
0.00673958619614
0.00469531081713
0.00506716606378
0.00576120300975
0.0069076406272
0.00669896530465
0.00748770695763
0.00929266725593
0.0111171255821
0.0132475172511
0.0142235792437
0.0131672039456
0.0118155727963
0.0128025443998
0.0223231528868
0.035743599076
0.0523844695422
0.0650584198056
0.063034570932
0.0659975748167
0.0631715213661
0.0656055251841
0.0839146376338
0.0868757845636
0.100262109204
0.107417421209
0.0912990514673
0.0793815782631
0.0553644181416
0.0349957104338
0.0265036229193
0.021307862719
0.0192793714579
0.0184242436622
0.0337930999265
0.0490679478418
0.0636137087849
0.0762920693164
0.0671577074776
0.0581134079581
0.0514522781124
0.0436539954243
0.0499314319351
0.0595084454315
0.0683477835384
0.0765390443367
0.0658012018213
0.0592254919074
0.0530265117471
0.0634263884453
0.0845508768542
0.0873892326319
0.105056999235
0.100498174613
0.0953344468874
0.101033906142
0.0848660949721
0.0835242128367
0.0839696499268
0.0861070051771
0.102320079626
0.101172249292
0.103323995944
0.109719813339
0.0944006306219
0.0842024656648
0.0674320725846
0.0386806055901
0.0259576781376
0.0257986763624
0.0289745337185
0.0363399137629
0.0408660095521
0.0446929617689
0.0483639297625
0.0537709185985
0.0714586474683
0.0676887966189
0.0717142109055
0.0832860583529
0.088085822891
0.106911400961
0.112266162937
0.102738822988
0.074377084432
0.0465457386596
0.0332385667278
0.02739055107
0.0441319292277
0.0623855651457
0.0610757154847
0.0670495398464
0.059257060143
0.0628442330403
0.0820899471881
0.0895152140326
0.101145787683
0.0850708242652
0.0740781146707
0.0695069877218
0.0741217531141
0.095299396861
0.0965811600769
0.0910539334021
0.0727476063849
0.050591811571
0.0338792162164
0.0220323073038
0.0135416125055
0.00731709921339
0.008158764085
0.0107856591076
0.0154347781681
0.0342341267483
0.0553254220858
0.0729047512051
0.0925063043623
0.0828415497403
0.0604668663512
0.0417826489834
0.0208392136909
0.0148458913013
0.0316035178156
0.0472975733311
0.0632286227336
0.0803745849705
0.0786053710568
0.0747988453454
0.0721294724762
0.0714865017938
0.0788850749096
0.0889509318201
0.105750107703
0.116328019966
0.107990756078
0.0948467640702
0.0738323002474
0.0540000204266
0.0509281525526
0.0531163419472
0.0474340595266
0.0431106039561
0.0371581345772
0.032065667501
0.0352366503502
0.0390454972554
0.0409560718716
0.0352159917254
0.036560427174
0.0371755435308
0.0539046193614
0.0827830556567
0.0954133674766
0.123251212592
0.123607980079
0.116997684377
0.124911562516
0.11059884943
0.11492996494
0.111148972361
0.0953265548283
0.0815386636607
0.0580500393674
0.0423961405046
0.0314614607551
0.0253708803453
0.030843094727
0.0390034836477
0.0536789993241
0.0694231926257
0.0669358013504
0.0587243461661
0.0484765076618
0.0430727684971
0.0591772110763
0.0930492315919
0.116629310921
0.127791235544
0.132219841193
0.106989625192
0.0887473631239
0.0771030944299
0.0495468101226
0.0388579447964
0.0284822085138
0.018687467039
0.0252622484754
0.0276960201739
0.0303301108973
0.032766435909
0.0307244817238
0.030866306665
0.030849826189
0.0326770699478
0.0271424154528
0.0216634696091
0.0210889741437
0.0170025124602
0.0206001307296
0.023983270692
0.0196572618084
0.0277923497166
0.0430200773979
0.0602895271449
0.0801359662479
0.0932688165253
0.10602470493
0.11518854593
0.122999595184
0.111976245831
0.0790206326275
0.0521651167282
0.0268508735117
0.0163344728847
0.0207124765095
0.0186753968313
0.021523501623
0.0273255576436
0.0332471551449
0.0530032998091
0.0779001923805
0.0969950289314
0.117953784103
0.112246432789
0.0965911412103
0.0985548711645
0.0964321394351
0.108964728996
0.106602914305
0.0750332859191
0.0471353218846
0.0194764408114
0.00683150547059
0.0103005296036
0.0107517696782
0.0258583310431
0.0409430731863
0.052383076826
0.0760262926264
0.0848946456559
0.0936652764264
0.104517089557
0.0967443400011
0.0889715904449
0.0839847376865
0.0791575830616
0.090071372067
0.0861715343648
0.0783486470226
0.069932926784
0.0477195663639
0.0436351937547
0.0388869597189
0.0373380270967
0.0383384616242
0.03419605917
0.0367361415445
0.0338508976521
0.040631336859
0.055152028909
0.0619477879951
0.0713049844386
0.0665827477734
0.0563228390613
0.0489063927533
0.0410482232653
0.0458630755631
0.0503028229429
0.0527203462849
0.0589757314545
0.0584063426155
0.0533765477719
0.0503689769663
0.0426721304474
0.0339962043839
0.0342410903297
0.049299602983
0.0636875227476
0.0827830556566
0.0900363220405
0.0750629971997
0.0640171322671
0.0571765741407
0.0573081858291
0.0603744828379
0.0643205122966
0.0545587317739
0.0467103112999
0.0407787326653
0.0274989508204
0.0220144341115
0.0243312176426
0.0299034754771
0.0396582924185
0.0521210140461
0.0522616783902
0.0584290903148
0.0648641358844
0.073366668771
0.0845111844399
0.0812176425582
0.0779786487307
0.0622469898757
0.0412750038995
0.0328274833059
0.0351886016386
0.0454134603243
0.0742821476057
0.0945329386685
0.09610461899
0.0970101166911
0.0848872178357
0.0903336669663
0.115541831626
0.141191719466
0.152012196481
0.13465430925
0.0905757674795
0.0469389488892
0.0259230923501
0.0222484104464
0.0334576874224
0.044000781778
0.0393704643872
0.0285420953137
0.0224861006915
0.0213837657563
0.0420830114611
0.0734207525867
0.0965537699901
0.110091900705
0.0945331707879
0.0662341044649
0.0416101842842
0.0233398357709
0.0344237682817
0.0596567697153
0.0842950812975
0.120771249137
0.127675872212
0.122417671898
0.115968931285
0.09619444919
0.0913793647728
0.0903315778918
0.0906908986919
0.0836372549747
0.0814000883909
0.0709962656633
0.0640693591276
0.0679476097274
0.0669443897674
0.0737327210334
0.0742034591359
0.0608830563995
0.0504727343291
0.0548918230841
0.0622323663549
0.094391577966
0.115923435887
0.107796472157
0.102590962943
0.069207089483
0.0512577620721
0.0481923935407
0.0388744252723
0.0530529733563
0.059139143498
0.0651162175311
0.0743594433592
0.0630561580343
0.044785809521
0.0413994198873
0.0381588012241
0.0457268214872
0.0679791779632
0.0607249831017
0.0533092331518
0.0459677614035
0.0239222232951
0.0312309662108
0.0535148909225
0.0757048072852
0.106272840547
0.112215793031
0.0958513767465
0.0794679266726
0.0687890424797
0.0739852669186
0.082116176678
0.0923080744118
0.0909258035044
0.0757458924154
0.0625157841178
0.0472634517823
0.0413427827585
0.0551838292641
0.0710786680433
0.0878736657778
0.0976554085672
0.0807710448714
0.0722179099599
0.0676180002079
0.0640027408655
0.0780459633509
0.0842326411841
0.0811055288977
0.0762521447829
0.0733685257261
0.0704849066693
0.0691072781494
0.0710062467965
0.0676767264109
0.056490661373
0.0527637526089
0.0638117066159
0.0681950489865
0.08055447749
0.0835276946275
0.0573063288742
0.041079095143
0.0267157800325
0.0250254867079
0.0406763680187
0.0648710994659
0.0854540533614
0.0906061751182
0.0924438642491
0.0694575462939
0.0625192659085
0.077897406948
0.0908046371881
0.120415410127
0.128568603347
0.122044656055
0.133139730296
0.136127803074
0.139432950924
0.129709702219
0.0981934612899
0.0711891568681
0.0498894183273
0.039832846192
0.0290968606317
0.0334725430627
0.0408479042405
0.0503694412051
0.0783426119187
0.0799231127766
0.0852736966033
0.0976781562665
0.103369027104
0.120558163546
0.124217989809
0.117552913934
0.10284629426
0.087746696477
0.0804616297381
0.071279451307
0.070138816674
0.0693911601513
0.0685501916378
0.072442137281
0.0575384482541
0.0505052310424
0.0435811099392
0.0416127375974
0.054438958174
0.0560025143171
0.0585277410513
0.0516997173714
0.059607096168
0.0655282294305
0.0841917881734
0.108955444221
0.106172564975
0.107139806431
0.0815570010919
0.0671372809722
0.0645417220658
0.0631647899041
0.0873706630815
0.0872868679854
0.0871738258473
0.0948869207229
0.0827707533295
0.0788762543731
0.0762806954667
0.0589265221459
0.0426196714674
0.0295506540195
0.0306318660912
0.0393576978214
0.0522888363577
0.0800723655379
0.0800774721643
0.0793384040586
0.0833069490972
0.0654240078289
0.0597728294052
0.0566663757436
0.062528782803
0.0754290494617
0.0890878822541
0.0989824350622
0.0822306115323
0.0606254038876
0.0410823448142
0.0306153856152
0.0397107513982
0.0510980639386
0.0737870369681
0.0920782762257
0.100755130767
0.114947838133
0.103083752386
0.0922233508383
0.0861701416486
0.0738471558877
0.0875809632397
0.0825191359217
0.0774375784564
0.0864642369029
0.078441726894
0.0869405458706
0.110233957765
0.126755286751
0.136563026911
0.142897564789
0.134457239896
0.108967746548
0.101929886949
0.0966187634165
0.0913076398843
0.0976006283935
0.0991934315786
0.115541367387
0.124851443597
0.135618765273
0.147389771149
0.131377247844
0.129440443738
0.137869626901
0.13077977256
0.134991578709
0.128144753359
0.100467070616
0.0813332380097
0.064004133582
0.0402968528326
0.0284457657711
0.0269639156497
0.0330433543292
0.0565284968319
0.0771650703041
0.0900117173861
0.0982361712557
0.0969188937746
0.104065617363
0.111962550788
0.106108035787
0.097907025975
0.0752498533004
0.0448027542356
0.0250157376939
0.0149916622718
0.023192672084
0.0383667801885
0.0536697145489
0.0670012590155
0.073544936455
0.0854768010606
0.102181040118
0.109984661551
0.100739114529
0.0816656329616
0.0562149035497
0.0349694809439
0.039780851451
0.0643031033433
0.0948360865787
0.127073522421
0.131829880635
0.114343863506
0.0846058891471
0.0568147000274
0.0430344687994
0.0296274855343
0.028893524055
0.0393219514369
0.052058109694
0.0713922613256
0.0917721107637
0.0842291593936
0.0759573531706
0.0730737341138
0.0612458589903
0.0661783958136
0.0778442516099
0.0817201810159
0.0886131981221
0.0967206638242
0.0939405700108
0.0919817145636
0.082305586092
0.0724590819955
0.0598761225291
0.0541810735427
0.0610104899389
0.0679469133693
0.0934282825394
0.109572185413
0.117531094712
0.111718825439
0.0783402907249
0.0510618533154
0.0364661867057
0.0355082300248
0.0570621392865
0.076987731098
0.078837722556
0.0759366945456
0.0575228962556
0.051900500635
0.0678401384545
0.0953850489122
0.141498581286
0.162029308321
0.165747860788
0.15072091637
0.114469207972
0.0904745634299
0.0617300600168
0.0416958363354
0.0337548002288
0.0248444335916
0.0275481601289
0.0368371134748
0.0428364709683
0.0651689086303
0.0827145804395
0.0865575488935
0.0916934222938
0.0819998848688
0.073083018889
0.0741424117389
0.0803444094512
0.0735180106069
0.0738782598845
0.0716770718047
0.0646686913665
0.0689422412703
0.0671957750558
0.0640148110733
0.0592835217523
0.0562599347093
0.0472163315481
0.0401415649674
0.0316627082575
0.0252448395219
0.0234521815508
0.0191417246656
0.0174635015487
0.0265544570635
0.0370402179322
0.0495094389025
0.0655774387391
0.0550953917804
0.0442366150681
0.0334755606147
0.0162590340863
0.0117849330382
0.0154791129697
0.0218614674401
0.0346015717267
0.0591119855305
0.0729207674423
0.0958348962705
0.123047643895
0.130735669878
0.136468090085
0.115554133953
0.0764085932452
0.0457966894206
0.0220726960759
0.0131818274666
0.0257991406012
0.0369267115555
0.0548026892423
0.0725226827059
0.070717954527
0.0779821305217
0.065721584874
0.053539031338
0.048143648471
0.0279896511895
0.0189119264794
0.0126980906788
0.00846771497968
0.0117280637901
0.0142895011476
0.0218575214107
0.0442004044448
0.0664492791301
0.0920130506801
0.0989522595429
0.0911166056348
0.0940547727459
0.0911323897526
0.0990618198903
0.102970478129
0.100145817395
0.100604485289
0.100887438813
0.109211936136
0.0986862507335
0.0903610570531
0.0821138554843
0.0658251101175
0.067303942687
0.0632989549057
0.0592742369772
0.0484616520215
0.0321824235492
0.0206108082211
0.00900437498607
0.00826112873154
0.0145181387368
0.019226912478
0.0240060183913
0.0290857189016
0.0396415798231
0.0528039092617
0.076743309391
0.100294605917
0.0994782420578
0.10576635606
0.0905272545292
0.0767453984654
0.0790115799716
0.0639168566951
0.0615202240973
0.0563079834211
0.0523108876988
0.0503483183415
0.0461850251431
0.0578327756278
0.0691720394566
0.0839062813361
0.10486805406
0.0967329661513
0.0804474704557
0.0709723573672
0.0506533232066
0.0556677981712
0.0753053298323
0.0851694750017
0.104740388401
0.113654933187
0.104791222545
0.111747608242
0.120888469423
0.124102162238
0.133983484242
0.122237083021
0.0886976895766
0.0710334047642
0.0575751231161
0.0596978548455
0.0785394491529
0.0755418594805
0.0684032600703
0.0515562675946
0.0307075370091
0.022143028248
0.0156710756969
0.0170187608168
0.020781183846
0.0316281224699
0.0427426947389
0.0509190998968
0.0583420455474
0.0623082693922
0.0659523115377
0.0695963536831
0.0756551337379
0.0776931418937
0.0842358908556
0.088250163412
0.103017830482
0.10310835704
0.0941894019862
0.0874635108335
0.0551548143416
0.0394089962044
0.027845737174
0.024335163672
0.0316325327381
0.0427977070318
0.0690599257959
0.0846947908696
0.113067206917
0.127910312785
0.127978555883
0.126010415661
0.102553823842
0.0869117630674
0.0593784585788
0.0446481627287
0.0554073602269
0.0664499754881
0.0938621136604
0.12045556678
0.119502484606
0.132679901804
0.134017141552
0.115258645983
0.107269329045
0.0748793907702
0.0498125868126
0.0360866715195
0.0247439259001
0.0233491205461
0.0293937413187
0.037510491796
0.0478277339949
0.0562016727451
0.0605671419233
0.0642420559463
0.0627940952544
0.0751806817254
0.0881958474772
0.103510155687
0.121009171501
0.126616943601
0.113309539549
0.09607467559
0.0795932711377
0.0482824558602
0.035262183482
0.0389607736818
0.0419801825758
0.0746584131205
0.111417998722
0.119663807575
0.128153573896
0.10703906662
0.0754299779394
0.059839911906
0.0447022465441
0.0520764471249
0.0547504623817
0.0626415928216
0.0697836740226
0.0614714790275
0.0608765570568
0.0528041413811
0.0470703284583
0.0597881492844
0.0872611027343
0.111341863566
0.146230566966
0.162907415936
0.152037729613
0.140474934821
0.101291326534
0.0662698508494
0.042017553796
0.0218505578293
0.0198441179092
0.0211372549748
0.0322283831864
0.054817777002
0.0781613266829
0.0781613266829
0.0781613266829
0.0781613266829
