3.51875
3.51875
3.51875
3.51875
3.44375
3.04375
2.7875
2.475
2.3375
2.575
2.525
2.56875
2.70625
2.5125
2.41875
2.5
2.48125
2.60625
2.775
2.50625
2.2875
2.025
1.7625
1.71875
1.675
1.86875
2.35
2.79375
3.23125
3.6875
3.56875
3.44375
3.59375
3.16875
3.075
3.25625
2.95
3.00625
3.225
3.26875
3.4875
3.81875
3.7375
3.3125
2.975
2.63125
2.45625
2.825
3.15625
3.45625
4.00625
4.2375
4.63125
4.95
5.025
5.05625
4.85625
4.725
4.44375
4.225
3.91875
3.29375
3.06875
2.84375
2.7625
2.76875
2.325
2.36875
2.4625
2.6875
3.1125
2.7375
2.5375
2.66875
2.8625
3.625
4.125
4.10625
4.35
4.3375
4.3375
4.675
4.76875
5.025
5.28125
5.3
4.89375
4.28125
3.80625
3.45
3.69375
4.18125
4.2625
4.55
4.61875
4.375
4.65625
4.53125
4.6125
4.75625
4.64375
4.6875
4.375
4.05
4.00625
4.04375
3.96875
3.99375
3.55625
3.0875
3.20625
3.69375
4.24375
4.7875
4.7125
4.09375
3.7375
3.525
3.8125
4.1
4.1625
4.04375
3.85625
3.76875
3.75
3.65625
3.01875
2.69375
2.40625
2.23125
2.4125
2.16875
1.98125
1.74375
1.85
2.4
3.08125
4.00625
4.4125
4.325
3.9875
3.425
3.0875
3.03125
3.075
3.0
2.83125
2.7375
2.83125
3.1125
3.48125
3.84375
3.76875
3.61875
3.55
3.3625
3.4
3.71875
3.9125
3.9125
4.11875
4.2375
4.44375
5.15
5.4625
5.40625
5.30625
4.73125
4.15625
3.64375
3.49375
3.33125
3.5
3.81875
3.3625
3.1
2.54375
2.16875
2.21875
2.53125
2.98125
3.03125
3.2875
3.30625
3.3375
3.625
3.73125
3.5625
3.33125
3.175
2.725
2.4875
2.275
1.9875
2.14375
2.375
2.9375
3.45625
3.93125
4.63125
4.7625
4.7625
4.325
3.7
3.35
3.375
3.69375
3.6
3.75
3.6
3.6
4.13125
4.20625
4.125
3.75
2.95
2.46875
2.4875
2.75625
3.63125
4.64375
5.24375
5.9875
6.26875
6.14375
6.0375
5.31875
4.4875
3.56875
2.90625
2.56875
2.63125
2.975
3.03125
3.1625
2.84375
2.4875
2.275
2.20625
2.3875
2.56875
2.75
2.56875
2.58125
2.55625
2.89375
3.70625
4.175
4.725
4.5125
3.91875
3.425
3.1
3.325
3.725
4.4
4.6
4.5375
4.26875
3.89375
3.825
3.825
3.76875
3.50625
3.3125
3.5
3.86875
4.3
4.46875
4.0125
3.75
3.25
2.89375
3.0625
2.775
3.0125
3.3
3.1125
3.15
2.6625
2.1375
1.84375
1.775
2.34375
3.075
3.8125
4.5375
4.76875
4.8
5.075
5.2375
5.45625
5.85625
5.76875
5.25625
4.875
4.26875
4.05
4.325
4.35
4.2375
3.8375
3.1125
2.53125
2.3
2.325
2.94375
3.55625
4.0
4.18125
3.8375
3.5375
3.26875
3.3375
3.28125
3.525
3.80625
3.75625
4.0625
4.2125
4.325
4.5375
4.4875
4.1125
3.80625
3.58125
3.65625
3.90625
4.0875
4.2375
4.125
3.7625
3.1375
2.5
1.9375
1.7125
1.74375
1.78125
1.85625
1.99375
2.19375
2.39375
2.6375
2.55625
2.55625
2.7
2.975
3.41875
3.69375
3.79375
3.5
3.26875
3.1
2.8125
2.74375
2.80625
2.84375
2.9875
3.53125
3.7125
3.7
3.81875
3.2875
3.11875
3.46875
3.68125
3.98125
4.03125
3.41875
3.04375
3.03125
3.19375
3.94375
4.65625
4.975
5.1125
4.98125
4.51875
4.29375
4.3625
4.2
4.3125
4.38125
3.81875
3.75625
3.6
3.625
4.11875
4.2875
4.45625
4.18125
3.7625
3.2625
2.7
2.775
3.025
3.60625
4.10625
4.18125
4.1125
3.6
3.2375
2.83125
2.68125
2.83125
2.96875
3.19375
3.3625
3.75625
4.26875
4.60625
4.7125
4.63125
4.33125
4.3625
4.275
3.775
3.375
2.8625
2.70625
2.8875
3.075
3.08125
2.96875
2.90625
2.84375
3.28125
3.61875
4.08125
4.90625
5.125
5.25
5.16875
4.56875
4.4
4.44375
4.36875
4.20625
3.7125
3.13125
2.99375
3.2875
3.59375
4.15625
4.24375
3.99375
4.01875
3.75625
3.5625
3.51875
3.3375
3.075
2.925
2.73125
2.6
3.01875
3.01875
3.01875
3.01875
