0.087239048125
0.087239048125
0.087239048125
0.087239048125
0.094300355
0.092732236875
0.08333335625
0.0643213375
0.0520102875
0.0442964
0.04049789375
0.04283543125
0.0431860625
0.041277075
0.04004986875
0.0354721875
0.0331151625
0.03545269375
0.03710844375
0.037020780625
0.03759543
0.030836048125
0.03223861
0.036300123125
0.03892988625
0.045971756875
0.03992334
0.04000122875
0.04539702375
0.05631526
0.066434864375
0.0674088375
0.062626616875
0.046400184375
0.03592994625
0.030232189375
0.0253915325
0.028089445625
0.033046984375
0.035900735625
0.0376538925
0.03827723625
0.040020648125
0.038890834375
0.041325771875
0.040400496875
0.031566540625
0.027953091875
0.02166121125
0.021700168125
0.03371900625
0.042143874375
0.0545815175
0.061710998125
0.05246799125
0.0450657975
0.0323262225
0.02289816
0.022576746875
0.022011840625
0.022771540625
0.020219728125
0.018339960625
0.02089178
0.025235711875
0.03033934375
0.033670336875
0.0400498925
0.047754054375
0.05947099125
0.076077285625
0.07984654875
0.079856268125
0.072717011875
0.0615747175
0.052088198125
0.04567944125
0.04374123
0.0402641375
0.038890831875
0.03767336375
0.039611575
0.04041023625
0.0487474675
0.049692223125
0.044822348125
0.04325424875
0.03081658
0.02386239375
0.01823281375
0.01245713875
0.01160978625
0.012388970625
0.013177891875
0.021281345
0.033261215625
0.04550406125
0.064330983125
0.06847039875
0.066727005625
0.06132146875
0.04852345625
0.04139395625
0.0355890625
0.03488779375
0.03166393125
0.04038103125
0.05089024375
0.0582827375
0.070106818125
0.06173061125
0.054679010625
0.04762741
0.040361535
0.0405855475
0.03705001625
0.0292971725
0.021330054375
0.02425196125
0.028712749375
0.037585645
0.046672815
0.0421925475
0.04392622375
0.04777342875
0.0527212275
0.06012342625
0.05663661875
0.048552643125
0.038452535625
0.032793753125
0.039075908125
0.047627428125
0.056909430625
0.0599677325
0.046273621875
0.032598990625
0.019294470625
0.009778714375
0.00837619
0.00696392625
0.01666473875
0.032491856875
0.04983837375
0.069688005625
0.075648693125
0.070885911875
0.06576276625
0.055682088125
0.039514121875
0.031274311875
0.024690256875
0.020356084375
0.02467079375
0.027563503125
0.0281186725
0.0315665475
0.039075898125
0.0400790925
0.042075736875
0.039338863125
0.03103085125
0.030650995625
0.03981613375
0.05062728875
0.06229554375
0.07254179875
0.07119766625
0.071148923125
0.07178196125
0.066220511875
0.05639311875
0.044793086875
0.031381460625
0.025274653125
0.025381789375
0.029813376875
0.0360857775
0.038014246875
0.04810466
0.05999691
0.071645666875
0.084833305
0.083235936875
0.0763986
0.07033070375
0.06268497
0.057630041875
0.044237905
0.041218623125
0.0394460225
0.0417348975
0.05448424625
0.0484747925
0.04624437
0.047987766875
0.0469261175
0.054260155625
0.05814631875
0.05802944375
0.05859435
0.05547763125
0.05014025
0.040799830625
0.04094594875
0.043108191875
0.04604961375
0.052779799375
0.039163604375
0.029326434375
0.021476175625
0.01805750375
0.028527736875
0.033855381875
0.038092171875
0.034994930625
0.02943353375
0.027222613125
0.025187009375
0.025381805
0.023297500625
0.021904714375
0.021252149375
0.023774748125
0.028186853125
0.032560001875
0.036222148125
0.03708898125
0.037098720625
0.03556957875
0.03435211
0.0328424475
0.03423522875
0.0314106975
0.028985495625
0.0272615625
0.023316966875
0.023774739375
0.0347904225
0.045572343125
0.05635426375
0.078249260625
0.08041148
0.0823496925
0.0820672425
0.064915504375
0.0565685225
0.054474460625
0.05682172375
0.05904238625
0.0605812675
0.051065526875
0.03511181125
0.030553609375
0.03552091375
0.047286566875
0.067486845
0.07875576625
0.0745579
0.06747706625
0.05306220125
0.039387560625
0.03011532
0.02194367125
0.01829126625
0.01714197625
0.02212873
0.0299205325
0.03802400375
0.046137215
0.045046358125
0.041491344375
0.034683255625
0.031858725625
0.03388459375
0.034332624375
0.034264449375
0.02674536125
0.0253915375
0.02816736375
0.03505336375
0.045718395
0.048396825625
0.0448710375
0.037712325
0.03180029375
0.0304075125
0.03688445
0.0465170625
0.052078461875
0.0536855175
0.051075260625
0.044208735
0.040751123125
0.034955973125
0.026044104375
0.020911260625
0.013762285
0.014677823125
0.01871008
0.02075542375
0.025001955
0.025216229375
0.02700834125
0.030573091875
0.03558906125
0.047870905625
0.056997075
0.0700483625
0.0795738625
0.07626233125
0.0745286375
0.06798350625
0.06564595
0.06437978125
0.06623033125
0.06272401625
0.05315957
0.04723779625
0.03597864125
0.03062177875
0.025771385
0.02544023375
0.025333095
0.02949196625
0.03575462875
0.0361344825
0.04740336125
0.04994542125
0.05291602375
0.06032795125
0.05586716
0.0533251
0.0524777625
0.04787088125
0.040517368125
0.035783849375
0.026462905625
0.017999061875
0.020989169375
0.026949900625
0.037585713125
0.050559063125
0.0578054375
0.06032803125
0.059480669375
0.05600357625
0.052526483125
0.04819229625
0.053500445625
0.05710413875
0.05498085625
0.0542990525
0.0370791875
0.02453440375
0.02020997125
0.0158758
0.019187315
0.02050218
0.020862550625
0.021992361875
0.02965754875
0.046809273125
0.064116835
0.082193835625
0.09266408625
0.084161261875
0.0700483375
0.05643214375
0.042796475
0.04086800625
0.041413435
0.04928317625
0.060581305
0.065626514375
0.072658635
0.062081243125
0.047568995
0.047744323125
0.05218566125
0.066970636875
0.08465805625
0.0814049475
0.067613425625
0.0522830225
0.042484781875
0.04297175
0.049555804375
0.052136820625
0.040712111875
0.029287403125
0.017122473125
0.009846900625
0.010363109375
0.011424745625
0.024154624375
0.03545275625
0.049867606875
0.06463308625
0.06083455875
0.0572210875
0.046458640625
0.034001475
0.024592871875
0.01802827625
0.016080319375
0.0245734125
0.041501130625
0.0591788125
0.0762721125
0.0770999625
0.070262625
0.05447445125
0.0393291025
0.03742987875
0.04186149875
0.05181556
0.0602697
0.0543479025
0.0533739175
0.05681204
0.0625487425
0.0737202575
0.0680809225
0.05456212875
0.03779999625
0.02680380125
0.022469611875
0.02392083375
0.028079709375
0.024787671875
0.024183808125
0.027670623125
0.033368358125
0.054338044375
0.0754830475
0.082291169375
0.081979534375
0.06313311125
0.042640666875
0.033719035
0.040069354375
0.05368554875
0.069502930625
0.079651775
0.0681491125
0.05510756875
0.0429523375
0.031206174375
0.03073866125
0.035043629375
0.035374785
0.043244510625
0.0496337925
0.0475007875
0.05709447
0.058701551875
0.059665814375
0.067973850625
0.057698380625
0.04624440375
0.036387744375
0.022898160625
0.017356245625
0.020950219375
0.0262973475
0.038033750625
0.05378292875
0.05991896875
0.0727365
0.075015618125
0.069960705
0.068236785625
0.04890335375
0.04890335375
0.04890335375
0.04890335375
