1.1326875
1.1326875
1.1326875
1.1326875
1.1865
1.0575625
0.9273125
0.7963125
0.77325
0.85
0.9571875
1.0283125
0.9966875
1.064875
1.185125
1.3175625
1.5135
1.4851875
1.281125
1.04075
0.7845
0.6773125
0.657625
0.7105625
0.843
0.985625
1.17675
1.3315625
1.2904375
1.1550625
0.9473125
0.70325
0.6834375
0.7715625
0.897
1.1181875
1.22725
1.2393125
1.246875
1.1601875
0.9736875
0.8603125
0.764875
0.679625
0.683
0.6505625
0.703375
0.817125
0.9409375
1.0988125
1.045875
0.9415625
0.8506875
0.72525
0.7096875
0.72425
0.750375
0.7635625
0.89
0.9785
1.1190625
1.3205625
1.326125
1.36575
1.245625
1.052875
0.939625
0.816375
0.74975
0.75575
0.8541875
0.946875
1.06675
1.1625
1.059125
0.9636875
0.91425
0.8404375
0.8803125
0.9083125
0.8555
0.792
0.7355
0.6848125
0.680625
0.685875
0.6690625
0.6778125
0.6631875
0.6743125
0.709
0.6968125
0.6975
0.7141875
0.7435625
0.9090625
1.0721875
1.2026875
1.3014375
1.1759375
1.0528125
1.022125
0.995
1.192125
1.3745625
1.468875
1.544625
1.50825
1.498875
1.3650625
1.254125
1.043375
0.8145625
0.7586875
0.7205625
0.79825
0.883875
0.908
0.896625
0.9530625
1.1059375
1.36075
1.6561875
1.743375
1.618625
1.2928125
0.944125
0.7321875
0.656375
0.7166875
0.7653125
0.7893125
0.8774375
0.90525
0.94475
1.008875
0.88625
0.8354375
0.800625
0.7818125
0.8358125
0.8400625
0.824
0.739
0.716125
0.726875
0.8300625
0.9873125
1.1204375
1.318
1.3515
1.3715625
1.36725
1.191
1.0785
0.9686875
0.88325
0.8596875
0.8475
0.8288125
0.7849375
0.7695625
0.7195
0.692125
0.666875
0.6676875
0.7174375
0.765625
0.9245
1.0550625
1.1950625
1.31775
1.247375
1.184875
1.0878125
1.0666875
1.107625
1.123375
1.13625
0.9610625
0.8416875
0.7330625
0.639
0.6548125
0.656875
0.6543125
0.678
0.71
0.8200625
0.9525
1.047
1.155625
1.099375
1.0428125
0.9733125
0.8685625
0.815875
0.7329375
0.69925
0.6716875
0.6568125
0.676375
0.683
0.7174375
0.7808125
0.82375
0.832125
0.914875
0.961
1.023
1.1045
0.980625
0.8879375
0.7730625
0.6708125
0.6941875
0.729125
0.7645625
0.895875
1.0243125
1.2048125
1.4195
1.4169375
1.4088125
1.212625
0.9933125
0.910125
0.7938125
0.7773125
0.74925
0.7853125
0.860625
0.99675
1.153875
1.1469375
1.140625
1.0858125
1.012375
1.01875
0.9903125
1.0378125
1.07
1.170375
1.33975
1.3399375
1.3905625
1.304125
1.128375
1.0146875
0.8805625
0.776625
0.7245
0.7035625
0.7705
0.87225
0.9543125
1.1608125
1.17425
1.1876875
1.247375
1.071625
0.9710625
0.8865
0.7318125
0.6993125
0.72775
0.711875
0.7276875
0.738875
0.70325
0.7199375
0.743375
0.76025
0.77525
0.7511875
0.83475
0.91175
1.0123125
1.1313125
1.0395
0.9890625
0.9189375
0.94525
1.1711875
1.3340625
1.501625
1.4934375
1.285625
1.0995
0.926125
0.8286875
0.8165
0.9106875
1.099125
1.27025
1.445875
1.4335625
1.2059375
1.088875
1.0130625
1.0136875
1.135375
1.08
0.9985625
0.917625
0.8188125
0.887625
0.9284375
0.9928125
1.17825
1.2039375
1.275375
1.3449375
1.2025625
1.2120625
1.1935625
1.144375
1.191625
1.1629375
1.139375
1.1445
1.1680625
1.1026875
1.0184375
0.9256875
0.906
0.98825
1.10825
1.22825
1.1763125
1.0875
0.97325
0.8938125
0.8990625
1.028
1.187375
1.3769375
1.545375
1.5141875
1.43525
1.2075
0.97875
0.861625
0.7560625
0.7183125
0.7503125
0.76525
0.839625
0.905375
0.8864375
0.851625
0.734875
0.667375
0.664375
0.685875
0.731
0.7631875
0.739875
0.8241875
0.94775
1.0639375
1.2533125
1.247875
1.2135
1.1748125
1.0553125
1.019625
0.975375
0.8905
0.94025
1.00175
1.066125
1.171125
1.0765
0.942375
0.8386875
0.7713125
0.80375
0.96375
1.076
1.13175
1.198375
1.0530625
1.0314375
1.0396875
1.0421875
1.1808125
1.108625
1.0221875
1.0144375
0.9586875
1.041125
1.1315
1.0270625
0.9828125
0.9070625
0.83975
0.9294375
0.9590625
0.969
0.9468125
0.8598125
0.8126875
0.8135625
0.854125
0.9973125
1.1178125
1.2119375
1.2724375
1.1246875
0.9496875
0.791625
0.6511875
0.6351875
0.7775625
0.8931875
1.0020625
1.1355625
1.051375
0.9565
0.884375
0.803625
0.8095625
0.8249375
0.790375
0.7476875
0.7354375
0.7678125
0.8368125
0.8494375
0.826
0.753625
0.6803125
0.6918125
0.7038125
0.7564375
0.8311875
0.852625
0.88575
0.8809375
0.9248125
0.9764375
1.0280625
1.0869375
0.958875
0.8785
0.8098125
0.760125
0.832625
0.849375
0.859625
0.8586875
0.8219375
0.8025
0.777
0.7515
0.750625
0.778
0.7995625
0.7965
0.917875
0.9761875
1.047875
1.1654375
1.05875
0.9986875
0.927625
0.8353125
0.8428125
0.814375
0.79025
0.8693125
0.9831875
1.1683125
1.35775
1.3601875
1.3046875
1.2670625
1.2103125
1.2279375
1.273
1.15325
1.0588125
0.98325
0.884
0.9005625
0.882625
0.8509375
0.817375
0.7518125
0.7225625
0.6613125
0.6525
0.6756875
0.6865625
0.7530625
0.881625
1.013
1.141
1.255
1.187625
1.06325
0.945625
0.8504375
0.83825
0.8553125
0.8605
0.8068125
0.763375
0.7411875
0.7248125
0.7495
0.7690625
0.788
0.822
0.9393125
1.056625
1.157125
1.2440625
1.1133125
0.9825625
0.850375
0.716
0.7306875
0.7303125
0.7365
0.78425
0.9071875
1.0763125
1.34525
1.553
1.561125
1.48575
1.234625
0.9913125
0.8595
0.7935
0.768375
0.796625
0.7891875
0.7806875
0.83025
0.818625
0.831
0.8298125
0.893625
1.0684375
1.25025
1.4398125
1.45325
1.3786875
1.31425
1.2526875
1.256375
1.1490625
1.0405625
1.0064375
1.0010625
1.117875
1.1798125
1.0469375
0.905
0.767875
0.680875
0.7160625
0.7738125
0.7961875
0.81825
0.829125
0.820625
0.8315
0.820625
0.82575
0.8088125
0.770625
0.7445
0.686375
0.6503125
0.6489375
0.6366875
0.628125
0.64675
0.663125
0.709375
0.776875
0.7978125
0.8041875
0.8785
1.0470625
1.2271875
1.513875
1.6138125
1.6105625
1.638
1.56225
1.68375
1.69425
1.77
1.7459375
1.51225
1.40075
1.110625
0.8956875
0.7783125
0.6614375
0.62575
0.651
0.702
0.729625
0.866375
0.971125
1.091875
1.324125
1.3633125
1.3575625
1.2963125
1.0514375
0.9049375
0.8236875
0.7968125
0.83775
0.877875
0.893375
0.8656875
0.854
0.845875
0.861625
0.9931875
1.100125
1.164125
1.1921875
1.0323125
0.909375
0.8326875
0.752875
0.7611875
0.7571875
0.8418125
0.941625
1.02975
1.117875
1.003
0.9033125
0.8313125
0.76825
0.8129375
0.8654375
0.8613125
0.8633125
0.8595625
0.8328125
0.883
1.00625
1.1306875
1.232
1.2853125
1.2505
1.2045
1.1938125
1.2186875
1.1325625
1.0688125
0.969
0.7968125
0.7706875
0.749375
0.746625
0.8085
0.82325
0.806
0.799375
0.785125
0.7828125
0.8125
0.828375
0.8474375
0.8515625
0.809125
0.7590625
0.661
0.581375
0.5816875
0.6344375
0.7335625
0.8293125
0.8296875
0.7820625
0.7389375
0.7066875
0.707
0.719
0.7273125
0.7026875
0.7049375
0.7231875
0.7196875
0.761125
0.789125
0.7968125
0.831375
0.831375
0.8425625
0.846375
0.8181875
0.8016875
0.749375
0.7153125
0.7065625
0.6978125
0.727125
0.778125
0.8265
0.8625625
0.9961875
1.0555625
1.0810625
1.13775
0.9724375
0.8558125
0.766375
0.6675
0.679625
0.797375
0.938
1.0691875
1.200375
1.11225
0.9895625
0.8574375
0.7241875
0.8129375
0.913375
1.0166875
1.14525
1.0746875
1.004125
0.940125
0.8561875
0.8453125
0.841
0.9365
1.0235
1.1255625
1.3143125
1.304625
1.2875625
1.29775
1.2146875
1.217875
1.2204375
1.171875
1.047375
0.93525
0.8570625
0.81875
0.8673125
0.92175
0.94525
0.9379375
0.9196875
0.8896875
0.892875
0.91625
0.893625
0.876875
0.8011875
0.720125
0.6850625
0.65
0.6365625
0.651375
0.677375
0.677375
0.677375
0.677375
