-0.475625
-0.475625
-0.475625
-0.475625
-0.549375
-0.544375
-0.46
-0.37625
-0.26125
-0.035
0.19125
0.38375
0.3625
0.224375
0.095625
0.068125
0.136875
0.08625
0.023125
-0.18375
-0.354375
-0.415
-0.48375
-0.50375
-0.45625
-0.314375
-0.015
0.285625
0.535625
0.603125
0.524375
0.59625
0.509375
0.6175
0.59625
0.371875
0.295625
0.024375
-0.05
-0.013125
0.13375
0.410625
0.546875
0.584375
0.386875
0.124375
-0.061875
-0.136875
0.004375
0.2025
0.4
0.521875
0.53375
0.491875
0.520625
0.455625
0.391875
0.488125
0.475
0.690625
0.891875
0.976875
1.178125
1.123125
1.110625
0.95625
0.734375
0.64125
0.390625
0.40875
0.40625
0.421875
0.69625
0.670625
0.52
0.486875
0.31625
0.321875
0.59375
0.708125
0.6925
0.786875
0.748125
0.63375
0.79
0.71125
0.584375
0.551875
0.308125
0.171875
0.010625
3.46944695195e-18
0.104375
0.27375
0.51625
0.525
0.4
0.1025
-0.229375
-0.4975
-0.514375
-0.26
0.03875
0.4875
0.650625
0.52875
0.409375
0.1125
0.023125
0.0125
0.009375
-0.0025
-0.12625
-0.13625
-0.19125
-0.20125
-0.0825
-0.08375
-0.055
0.01375
-0.17375
-0.18375
-0.15
-0.1075
0.12125
0.14125
0.1125
0.018125
-0.05
-0.075
-0.02
0.0375
-0.015
-0.065
-0.311875
-0.416875
-0.306875
-0.128125
0.283125
0.51375
0.498125
0.448125
0.15
-0.075
-0.2075
-0.34
-0.315
-0.29
-0.265
-0.2425
-0.131875
-0.013125
0.076875
0.171875
0.03625
-0.048125
-0.10375
-0.18625
-0.039375
-0.019375
0.029375
0.0925
0.0575
0.055625
-0.03625
0.045625
-0.015625
-0.008125
0.060625
-0.188125
-0.3075
-0.485625
-0.639375
-0.499375
-0.359375
-0.13375
0.043125
0.0375
0.04
0.06
0.12875
0.20375
0.335625
0.273125
0.161875
0.165625
0.001875
-0.04875
0.07875
-3.46944695195e-18
0.053125
0.2325
0.12875
0.20125
0.244375
0.079375
0.080625
-0.00375
-0.05125
0.064375
0.143125
0.266875
0.325
0.261875
0.1375
0.03375
0.02375
-0.0225
0.016875
-0.009375
-0.198125
-0.173125
-0.189375
-0.16875
-0.043125
-0.06625
-0.0725
-0.07875
-0.075625
-0.1375
-0.174375
-0.138125
-0.003125
0.144375
0.25875
0.26375
0.045625
-0.08875
-0.2175
-0.3525
-0.4
-0.3375
-0.2025
-0.01125
0.2
0.2975
0.240625
0.17
0.240625
0.15625
0.18125
0.319375
0.31625
0.449375
0.549375
0.409375
0.134375
-0.124375
-0.3775
-0.5325
-0.56375
-0.6175
-0.593125
-0.508125
-0.265625
-0.019375
0.078125
0.183125
0.000625
-0.15
-0.219375
-0.365
-0.320625
-0.300625
-0.296875
-0.25625
-0.264375
-0.264375
-0.135
0.095625
0.26
0.52375
0.545
0.346875
0.244375
-0.01375
-0.175
-0.213125
-0.165
-0.148125
-0.116875
-0.070625
-0.12625
-0.093125
-0.018125
0.15
0.140625
0.24
0.275625
0.20625
0.323125
0.21
0.14625
-0.055
-0.30125
-0.45125
-0.565
-0.545625
-0.48125
-0.41875
-0.449375
-0.499375
-0.565625
-0.596875
-0.598125
-0.4425
-0.2875
-0.138125
0.03
-0.106875
-0.26125
-0.439375
-0.63
-0.628125
-0.529375
-0.305625
-0.085
0.095625
0.19125
0.060625
0.015625
-0.030625
-0.166875
-0.2125
-0.275625
-0.1675
0.035625
0.27875
0.398125
0.2175
0.04375
-0.029375
-0.1
-0.029375
0.026875
-0.015
-0.0225
-0.0475
0.03375
0.090625
0.16
0.270625
0.184375
0.1025
0.191875
0.33625
0.6025
0.88125
0.945
0.8225
0.62875
0.41
0.16875
0.069375
0.09125
0.00875
0.01875
-0.04
-0.183125
-0.22625
-0.308125
-0.25375
-0.285625
-0.28
-0.195625
-0.28625
-0.13125
-0.035
0.0875
0.264375
0.1525
0.10125
-0.146875
-0.235
-0.174375
-0.124375
0.171875
0.2075
0.186875
0.1425
-0.1725
-0.23625
-0.15
-0.0425
0.20625
0.230625
0.20375
0.286875
0.41875
0.614375
0.75375
0.6275
0.42375
0.3575
0.235
0.25375
0.40875
0.4675
0.4975
0.69625
0.68
0.55875
0.505
0.12375
-0.16375
-0.28
-0.22
0.159375
0.5525
0.734375
0.745
0.47625
0.2075
0.2175
0.123125
0.120625
0.099375
-0.221875
-0.4225
-0.489375
-0.513125
-0.35875
-0.090625
-0.00875
0.15
0.255
0.104375
0.030625
-0.27
-0.52375
-0.50125
-0.449375
-0.271875
-0.116875
-0.22375
-0.24875
-0.26125
-0.24375
-0.111875
-0.055625
0.036875
0.104375
0.18125
0.100625
-0.0775
-0.146875
-0.0875
0.16875
0.46875
0.61625
0.639375
0.53125
0.453125
0.46125
0.473125
0.533125
0.56
0.411875
0.255625
0.16375
0.116875
0.2025
0.195625
0.100625
0.0475
0.048125
0.0925
0.154375
0.019375
-0.198125
-0.23375
-0.215
-0.075625
0.05
-0.095625
-0.160625
-0.155
-0.106875
0.104375
0.118125
-0.04375
-0.17375
-0.3
-0.390625
-0.27625
-0.183125
-0.185
-0.131875
-0.28375
-0.38125
-0.261875
-0.139375
0.231875
0.580625
0.623125
0.6525
0.406875
0.12
-0.00625
-0.091875
-2.08166817117e-17
-0.043125
0.05375
0.07125
0.1325
0.46125
0.645
0.8425
0.80125
0.4925
0.14125
-0.03125
-0.07
0.17125
0.41875
0.398125
0.395
0.099375
-0.22625
-0.460625
-0.608125
-0.47125
-0.255625
0.024375
0.274375
0.394375
0.58625
0.85375
1.059375
1.243125
1.391875
1.423125
1.3225
1.128125
0.765
0.28375
-0.063125
-0.335
-0.4175
-0.2425
-0.094375
0.09375
0.2175
0.0475
0.055625
0.04875
0.0925
0.324375
0.24875
0.278125
0.0925
-0.005625
0.20375
0.34375
0.78875
1.12125
1.14625
1.03625
1.03625
1.03625
1.03625
