0.983
0.983
0.983
0.983
1.0239375
1.0705
1.1170625
1.158375
1.1904375
1.1788125
1.189125
1.1994375
1.2033125
1.196875
1.1749375
1.1465625
1.11175
1.126125
1.127625
1.113625
1.1125
1.079125
1.053375
1.0715
1.0831875
1.0969375
1.11475
1.110625
1.1000625
1.1196875
1.1340625
1.154875
1.161875
1.12725
1.092625
1.045125
1.037
1.051375
1.037375
1.03625
1.016
1.0131875
1.061875
1.098875
1.137
1.1635625
1.17225
1.163875
1.1324375
1.0934375
1.0439375
1.03675
1.060875
1.0785625
1.084625
1.0963125
1.117625
1.1518125
1.1974375
1.171
1.1255625
1.06725
1.034375
1.06875
1.07475
1.0860625
1.0659375
1.050625
1.065375
1.082375
1.12225
1.112
1.1191875
1.12525
1.1274375
1.1321875
1.125375
1.096625
1.0603125
1.067875
1.0603125
1.096625
1.1329375
1.1473125
1.150125
1.1321875
1.1078125
1.0623125
1.03425
1.01025
0.9926875
0.997125
1.0240625
1.0393125
1.061
1.1020625
1.1223125
1.127875
1.098625
1.048
0.997375
0.9764375
1.007
1.041
1.055875
1.0528125
1.0051875
0.9415
0.918375
0.910875
0.9695625
1.0545625
1.123375
1.1796875
1.1731875
1.1553125
1.1038125
1.0869375
1.0816875
1.0729375
1.1145
1.120125
1.1310625
1.151875
1.1571875
1.1500625
1.12325
1.088875
1.041625
1.0355
1.0733125
1.1046875
1.1425
1.1580625
1.1505
1.173875
1.1753125
1.1854375
1.19325
1.1520625
1.153625
1.147625
1.1439375
1.143625
1.1016875
1.05975
1.0434375
1.06825
1.1346875
1.17275
1.1606875
1.1095
1.018375
1.0020625
1.01025
1.06425
1.157625
1.1800625
1.186125
1.143375
1.0584375
0.9991875
0.9971875
1.0575
1.1616875
1.2699375
1.3128125
1.2940625
1.253375
1.179875
1.107375
1.0375625
0.9475
0.9125625
0.901125
0.923
0.985375
1.0149375
1.051625
1.07375
1.075625
1.065875
1.060375
1.0434375
1.0143125
1.001375
0.9820625
0.9665
0.9541875
0.94325
0.903125
0.8885
0.87975
0.884875
0.9226875
0.944
0.9714375
0.96125
0.9340625
0.8855625
0.8391875
0.8189375
0.8071875
0.839625
0.880375
0.926625
0.9768125
1.0009375
0.9980625
0.9835
0.9916875
1.0250625
1.0753125
1.1455625
1.170125
1.123375
1.09225
1.0228125
0.991375
1.0314375
1.0460625
1.102375
1.1396875
1.132375
1.1095625
1.0729375
1.02875
1.0256875
1.091
1.1231875
1.1640625
1.1849375
1.13375
1.10925
1.083625
1.0655625
1.053125
1.039
1.02375
0.993375
1.003
1.03625
1.07175
1.117125
1.1425
1.152375
1.1391875
1.10225
1.064
1.0193125
1.0059375
1.0354375
1.053
1.064125
1.0581875
1.0076875
0.9925625
0.983875
1.002
1.0651875
1.0998125
1.140875
1.142
1.127625
1.1196875
1.1000625
1.1476875
1.188875
1.2365
1.2670625
1.20475
1.1424375
1.0546875
0.9978125
1.0105
1.0041875
1.016875
1.0335625
1.0259375
1.04875
1.063
1.04275
1.0225625
0.976375
0.984375
1.0143125
1.0529375
1.10925
1.0751875
1.0630625
1.0369375
1.02025
1.056
1.071
1.0924375
1.10775
1.106
1.10075
1.0735625
1.0399375
1.0388125
1.041125
1.0861875
1.1248125
1.12275
1.126
1.097
1.0989375
1.1336875
1.1555625
1.202625
1.2006875
1.1635
1.1391875
1.0788125
1.021
1.01075
0.964125
0.9609375
0.9890625
0.9629375
0.989125
0.981625
1.0018125
1.075375
1.134125
1.196875
1.176125
1.1286875
1.06725
1.01525
1.031625
1.04275
1.0603125
1.096125
1.11
1.134375
1.15875
1.144875
1.1090625
1.068
1.0269375
1.0316875
1.0803125
1.1289375
1.1564375
1.128875
1.0858125
1.02375
1.0039375
1.035625
1.0544375
1.11125
1.125
1.120875
1.1029375
1.0360625
1.0195
0.990125
1.00125
1.0446875
1.031375
1.0331875
1.0159375
1.018625
1.0559375
1.058125
1.0579375
1.03425
0.9980625
1.017
1.036
1.0550625
1.1023125
1.1155625
1.1299375
1.1263125
1.12525
1.1295
1.1129375
1.1421875
1.1224375
1.1049375
1.1290625
1.1265
1.154875
1.161
1.1255
1.09
1.0428125
1.0221875
1.0688125
1.109
1.132125
1.1655
1.1068125
1.061
1.058625
1.04175
1.091625
1.1298125
1.146875
1.1604375
1.1540625
1.1298125
1.112
1.0756875
1.0434375
1.05625
1.057375
1.10125
1.1323125
1.147875
1.1686875
1.1664375
1.1565
1.11175
1.07225
1.033875
1.0114375
1.0638125
1.08425
1.1303125
1.1978125
1.194375
1.21675
1.1954375
1.1455625
1.126625
1.1085625
1.1085625
1.09475
1.0745
1.0534375
1.032375
1.0518125
1.0445625
1.0389375
1.0333125
0.9871875
0.9944375
1.0094375
0.99775
1.0254375
0.998875
0.954375
0.96325
0.9553125
0.99725
1.0579375
1.11
1.142875
1.135875
1.1385
1.105
1.1285625
1.1649375
1.1823125
1.2113125
1.1820625
1.1584375
1.1064375
1.0673125
1.0195625
1.0156875
1.0685625
1.086625
1.1528125
1.14975
1.111875
1.1243125
1.093875
1.0879375
1.0673125
1.0311875
1.0148125
1.004875
1.0169375
1.040625
1.075375
1.077
1.1225
1.1019375
1.0643125
1.0525
0.9714375
0.9649375
1.010875
1.08
1.153375
1.196
1.149125
1.0585
0.9958125
0.925875
0.9006875
0.8936875
0.8704375
0.858625
0.8545
0.872125
0.9030625
0.94775
0.9961875
1.01
1.0354375
1.0435
1.040125
1.0985
1.1185625
1.151125
1.187875
1.153375
1.18725
1.1846875
1.1529375
1.132
1.0413125
1.0238125
1.032125
1.0700625
1.1331875
1.1506875
1.1728125
1.1655625
1.1376875
1.061125
0.970625
0.8944375
0.8315625
0.825875
0.877375
0.9450625
1.0405
1.167625
1.2013125
1.1988125
1.16025
1.0413125
0.967125
0.9123125
0.8838125
0.9111875
0.9833125
1.0774375
1.154
1.2124375
1.1859375
1.1171875
1.0584375
1.0290625
1.039625
1.1169375
1.169
1.169625
1.1705
1.07775
1.0095625
0.990375
0.9714375
1.00375
1.0265625
0.9878125
0.9645
0.9581875
0.984625
1.0606875
1.1008125
1.105
1.0740625
1.0255625
0.9964375
0.97675
0.9688125
0.9773125
0.9866875
1.0273125
1.06375
1.085375
1.1039375
1.1189375
1.12975
1.11975
1.11675
1.069
1.033
1.0220625
1.0055
0.9899375
0.984875
0.9835
0.9900625
1.0389375
1.028875
1.01425
0.993375
0.9325
0.905375
0.8728125
0.84025
0.85
0.86925
0.91625
0.980125
1.019375
1.0785625
1.093125
1.0676875
1.0445625
1.0224375
1.02025
1.0643125
1.0935625
1.0780625
1.0873125
1.0480625
1.04075
1.0306875
0.979125
0.976
0.9790625
1.0263125
1.08875
1.1268125
1.1415625
1.11325
1.11425
1.1254375
1.0879375
1.08175
1.0270625
0.9559375
0.93575
0.902125
0.9124375
0.91575
0.96325
1.0135625
1.04725
1.087
1.057
1.047875
1.0189375
1.010125
1.0265
1.0358125
1.076375
1.0936875
1.109125
1.1055625
1.0621875
1.031125
0.995875
0.9643125
0.956125
0.9683125
0.9858125
1.013375
1.0881875
1.128
1.1464375
1.1418125
1.09075
1.053625
1.0815
1.129375
1.15275
1.217
1.1878125
1.1669375
1.1503125
1.07475
1.07325
1.04575
1.05375
1.07225
1.065375
1.087625
1.1008125
1.1215625
1.117625
1.1033125
1.0846875
1.0671875
1.0815
1.0650625
1.0234375
0.9595625
0.906125
0.881625
0.88475
0.909875
0.896
0.87975
0.8591875
0.8591875
0.9073125
0.9554375
0.9953125
1.019
1.0084375
1.017875
1.0355625
1.017375
1.007875
0.978375
0.951125
0.9736875
0.9981875
0.999625
1.019625
1.0043125
0.9703125
0.986625
0.9863125
1.0073125
1.0323125
1.0028125
0.9496875
0.883125
0.8535625
0.876625
0.934375
1.022125
1.0783125
1.0868125
1.0761875
1.07075
1.05625
1.091625
1.1195
1.0795625
1.054
0.9944375
0.9469375
0.9331875
0.947875
0.9665625
0.9978125
1.0596875
1.0711875
1.1120625
1.141
1.1253125
1.151875
1.1300625
1.0869375
1.0658125
1.0065
0.9491875
0.933
0.937375
0.952
0.98675
1.0068125
0.9800625
0.9738125
0.9661875
0.9221875
0.926625
0.9343125
0.937125
0.993375
1.0113125
1.017375
1.035
1.0134375
1.0299375
1.0341875
1.0548125
1.1056875
1.1109375
1.1250625
1.0884375
1.0141875
0.9855625
0.9624375
0.966125
1.01825
1.02
1.0131875
1.032625
1.004375
1.026
1.0295625
1.0103125
1.0375625
1.0249375
1.0310625
1.02725
0.9798125
0.950375
0.930875
0.90875
0.89825
0.87975
0.846125
0.815375
0.8141875
0.8229375
0.8658125
0.9430625
1.0021875
1.0675
1.0875
1.102375
1.1369375
1.152
1.2079375
1.19375
1.1381875
1.0959375
1.0263125
1.013625
0.996875
0.978625
0.94025
0.8860625
0.8696875
0.8515625
0.8860625
0.9580625
0.990875
1.03275
1.0688125
1.0685
1.11825
1.1570625
1.1499375
1.148125
1.10075
1.059625
1.021875
0.97
0.937375
0.9123125
0.954
1.030375
1.10625
1.1510625
1.1055
1.0405
0.9753125
0.9524375
0.992125
1.0045625
1.04025
1.0365
0.99625
0.98325
0.92075
0.8678125
0.8535625
0.8475625
0.8728125
0.9165625
0.947875
0.966625
0.9839375
0.9809375
0.94825
0.9159375
0.890625
0.8806875
0.9330625
0.989375
1.038
1.103
1.1021875
1.112625
1.097125
1.030875
0.9756875
0.8986875
0.8675625
0.88175
0.90425
0.9596875
0.9781875
0.9823125
1.0210625
1.0174375
1.0315
1.0485
1.0295625
1.0548125
1.0653125
1.0430625
1.0053125
0.916125
0.8385625
0.8074375
0.8480625
0.939
1.0384375
1.1236875
1.134625
1.123625
1.104125
1.0639375
1.029375
0.978
0.9423125
0.91775
0.9588125
1.010125
1.07025
1.1796875
1.19875
1.24325
1.2261875
1.139875
1.1185625
1.102875
1.1156875
1.1404375
1.1238125
1.0368125
0.958375
0.90625
0.9028125
0.9486875
1.0401875
1.0965
1.1433125
1.22575
1.2625625
1.3285
1.35075
1.29575
1.215125
1.163875
1.1151875
1.092625
1.072625
0.9785
0.9105
0.883375
0.8875625
0.917875
0.94275
0.9070625
0.8579375
0.8463125
0.8594375
0.9304375
1.006625
1.0296875
1.0345625
0.99275
0.9720625
0.988875
0.97425
1.0199375
1.021
1.0025625
1.038625
1.0093125
1.005875
1.011
0.961625
0.9125625
0.881125
0.8496875
0.8941875
0.962875
1.01575
1.0771875
1.04125
1.054
1.036
1.020875
1.058375
1.0215625
1.0348125
1.03275
1.030625
1.035
1.01475
1.00225
0.981125
1.0058125
1.016375
1.025375
1.08475
1.106
1.135375
1.140125
1.0621875
0.9843125
0.9159375
0.8753125
0.8640625
0.8794375
0.8924375
0.8945625
0.924625
0.943625
0.9595625
0.977875
0.979
0.949375
0.9500625
0.956875
0.9373125
0.9466875
0.9288125
0.9164375
0.9316875
0.94375
0.951625
0.9475625
0.934
0.9676875
1.0055625
1.0470625
1.094625
1.0743125
1.055125
1.05025
1.0521875
1.0483125
1.0269375
0.9799375
0.9366875
0.969375
1.018875
1.0705
1.1363125
1.1125625
1.1031875
1.103625
1.0528125
1.05425
1.040875
1.04575
1.0616875
1.07125
1.066
1.041625
1.026375
0.982625
0.9760625
0.9770625
0.9835
1.0158125
1.00675
0.9825625
0.9638125
0.941875
0.9515
0.9686875
1.0025625
1.0389375
1.0408125
1.0226875
0.974875
0.970125
1.008125
1.06375
1.1269375
1.097375
1.0355625
0.9754375
0.90425
0.888625
0.897
0.95475
1.0198125
1.073
1.093375
1.0394375
0.9840625
0.932125
0.921875
0.922
0.9729375
1.04475
1.0939375
1.173625
1.1820625
1.1586875
1.135375
1.0744375
1.06475
1.1043125
1.170625
1.2616875
1.302625
1.2805
1.18475
1.0858125
1.011375
0.9425625
0.96975
1.0185625
1.091875
1.1860625
1.23225
1.2345625
1.164375
1.1380625
1.066125
1.02575
1.056875
0.99525
1.0068125
1.0255625
1.004875
1.03975
1.0280625
0.9795625
0.969375
0.9464375
0.9315625
0.9834375
0.9905625
0.9998125
1.0278125
0.9845625
0.956125
0.9549375
0.9591875
0.996625
1.0494375
1.0845
1.0930625
1.0665
1.0266875
0.952875
0.9110625
0.8968125
0.888875
0.9085
0.884375
0.86025
0.8619375
0.8688125
0.9215
0.973375
0.9761875
0.96625
0.9430625
0.9296875
0.9610625
1.048
1.122125
1.18725
1.2235625
1.16625
1.09275
1.033375
0.9793125
0.9984375
1.0350625
1.0438125
1.0336875
0.99075
0.982375
0.9991875
1.052125
1.0849375
1.0595625
0.9996875
0.929875
0.904625
0.9155
0.95725
0.971375
0.974375
0.98025
0.9735625
0.984375
0.962125
0.936
0.9138125
0.898625
0.954875
0.9983125
1.089
1.17425
1.1683125
1.1429375
1.0309375
0.9693125
0.9515625
0.982
1.044125
1.032625
1.067625
1.0571875
1.06375
1.0735625
1.00825
0.9656875
0.906125
0.87675
0.86075
0.8639375
0.8786875
0.885375
0.91675
0.9133125
0.91225
0.951875
0.9985625
1.0518125
1.118375
1.098875
1.045
1.0024375
0.935625
0.923
0.9448125
1.0091875
1.060375
1.091375
1.0855625
0.9939375
0.921
0.8681875
0.852625
0.8918125
0.952125
0.996125
1.024
1.0149375
0.9878125
0.9678125
0.9316875
0.92925
0.9451875
0.964875
1.0054375
1.023375
1.019875
1.035625
1.041875
1.089375
1.088875
1.044625
1.00275
0.908125
0.88
0.896625
0.9366875
0.9956875
1.04425
1.0535
1.020625
0.9961875
0.9364375
0.885375
0.87775
0.8876875
0.952125
1.023
1.097125
1.1185
1.0893125
1.0695625
0.9833125
0.928375
0.9013125
0.87325
0.8895
0.9274375
0.955375
0.98075
1.0026875
1.003375
1.0095
0.9984375
0.976125
0.9324375
0.88875
0.8565
0.866125
0.91125
0.956375
0.9995
0.981375
0.931875
0.9065625
0.8985625
0.9328125
0.9831875
1.0075
0.9941875
1.0063125
1.023625
1.0174375
1.0560625
1.01675
0.975625
0.9676875
0.9193125
0.904
0.8819375
0.8525
0.8469375
0.853125
0.8566875
0.874625
0.887375
0.9035
0.9264375
0.9345625
0.9464375
0.9639375
0.9815
1.0001875
1.0518125
1.0779375
1.1070625
1.110875
1.0293125
0.9486875
0.8570625
0.8126875
0.8200625
0.86325
0.9245
0.948125
0.991
1.0085625
1.05225
1.1026875
1.1054375
1.0901875
0.989875
0.8989375
0.8564375
0.850875
0.8956875
0.960875
1.0105625
1.0291875
1.050625
1.03375
1.00175
0.9745
0.93775
0.9215625
0.9129375
0.915875
0.923125
0.9258125
0.9170625
0.92525
0.960125
1.011
1.080875
1.1159375
1.09675
1.038625
0.9568125
0.884625
0.84
0.8378125
0.8603125
0.8871875
0.9116875
0.924625
0.9404375
0.9664375
1.0171875
1.0304375
1.0174375
0.9834375
0.9070625
0.863
0.8496875
0.8510625
0.881
0.9085625
0.8966875
0.9059375
0.90625
0.9226875
0.9735625
0.9760625
0.9793125
0.9511875
0.92775
0.9485
0.9595
0.989625
0.9885
0.9715625
0.96175
0.9485
0.9423125
0.9129375
0.893625
0.867875
0.8515625
0.8490625
0.834
0.826625
0.8450625
0.874125
0.9535625
1.0280625
1.0565
1.082625
1.0175
0.978
0.946625
0.909
0.9224375
0.9020625
0.90075
0.9194375
0.924875
0.942125
0.9668125
0.960875
0.965125
0.98425
0.9763125
0.979
0.9845
0.9705625
0.96025
0.9485
0.931125
0.9140625
0.9051875
0.9081875
0.9255625
0.9306875
0.9358125
0.9710625
1.0193125
1.1048125
1.1911875
1.2145
1.17
1.10325
1.0399375
0.983125
0.9624375
0.942875
0.9138125
0.9216875
0.93125
0.91775
0.9103125
0.8655625
0.8355
0.853875
0.891625
0.9696875
1.05175
1.106125
1.1433125
1.144875
1.1253125
1.0889375
1.03425
1.0091875
1.0165625
1.0421875
1.11975
1.1825
1.191375
1.201125
1.1255
1.0574375
1.017625
1.005375
1.0538125
1.06475
1.059125
0.99925
0.915375
0.86075
0.8251875
0.83775
0.885375
0.9453125
1.014
1.0845625
1.1120625
1.1245625
1.1275625
1.05925
1.019875
0.977875
0.92475
0.922
0.901375
0.893
0.8765625
0.8764375
0.90525
0.9465625
1.0091875
1.0505625
1.070625
1.0719375
1.062875
1.0625625
1.0534375
1.020125
0.992
0.9323125
0.9198125
0.9366875
0.9735625
1.043625
1.052125
1.051125
1.0343125
1.0505625
1.0701875
1.1174375
1.155
1.11125
1.088625
1.0385
0.983375
0.979625
0.975875
0.9645
0.952375
0.9108125
0.86925
0.8365
0.8189375
0.82225
0.847875
0.89
0.9484375
1.020625
1.0481875
1.0635625
1.0384375
0.989625
0.9720625
0.930125
0.935125
0.93675
0.9205
0.9389375
0.904
0.902375
0.928375
0.9350625
0.995125
1.021375
1.01025
1.002875
0.96125
0.9194375
0.923875
0.9353125
0.9425
0.9613125
0.9331875
0.902875
0.8809375
0.86125
0.850375
0.83775
0.8238125
0.8245625
0.843
0.8865
0.9570625
1.0145625
1.08775
1.1173125
1.1074375
1.070625
0.988875
0.9226875
0.8660625
0.84075
0.8290625
0.820375
0.821625
0.8305625
0.85625
0.8989375
0.9481875
0.9689375
0.97625
0.9513125
0.9054375
0.8846875
0.91475
0.957875
1.0360625
1.08875
1.0510625
1.0249375
0.9526875
0.9063125
0.903
0.88575
0.91575
0.92025
0.9326875
0.9505625
0.9283125
0.9076875
0.921
0.9351875
0.9655625
1.0174375
0.98825
0.9734375
0.949875
0.9084375
0.9085625
0.8781875
0.857
0.8474375
0.832625
0.8483125
0.8656875
0.8705
0.899
0.9203125
0.9446875
0.9965
1.0091875
0.9865625
0.9539375
0.886
0.847
0.8383125
0.8325
0.84825
0.847
0.839625
0.850875
0.8594375
0.8975
0.946875
0.972125
1.0025625
0.9946875
0.973375
0.9550625
0.9174375
0.8964375
0.89675
0.8965
0.90375
0.9260625
0.9403125
0.9601875
0.9878125
0.985375
0.973
0.9558125
0.9523125
0.978
1.0074375
1.0625625
1.0778125
1.065875
1.0554375
1.00375
0.974375
0.94975
0.918375
0.9073125
0.897125
0.944125
1.0159375
1.083875
1.15525
1.1523125
1.1023125
1.0584375
1.0098125
0.975375
0.97075
0.97125
0.964375
0.9815
0.99025
1.0101875
1.041
1.03575
1.033375
0.9840625
0.955875
0.97225
0.976
1.0125
0.99825
0.949
0.905875
0.852375
0.8278125
0.817625
0.8344375
0.8611875
0.894125
0.93
0.9281875
0.9410625
0.94575
0.9585
1.0196875
1.0595625
1.1143125
1.137625
1.100375
1.05125
0.9626875
0.91025
0.89625
0.892875
0.9113125
0.918625
0.933375
0.9458125
0.9719375
0.9919375
0.981875
0.982
0.9588125
0.9253125
0.9061875
0.886125
0.8900625
0.9155625
0.95675
0.9864375
1.000625
1.0101875
0.9896875
0.976
0.96125
0.925375
0.919125
0.9379375
0.9604375
0.990875
0.9919375
0.9498125
0.9061875
0.87025
0.86575
0.8750625
0.889125
0.9075
0.8843125
0.8639375
0.8411875
0.8289375
0.84375
0.8794375
0.93125
0.993875
1.09975
1.1951875
1.2635625
1.2818125
1.2288125
1.16775
1.1324375
1.121625
1.1620625
1.2025
1.25375
1.2924375
1.2650625
1.211125
1.1315625
1.056
1.020875
1.0146875
0.962875
0.9205
0.9185625
0.930375
0.9925625
1.0805625
1.0876875
1.0625625
1.0735625
1.0303125
1.0679375
1.118625
1.107
1.141625
1.0910625
1.046625
1.023625
0.9601875
0.940625
0.9231875
0.9015625
0.90475
0.9299375
0.9533125
0.980875
1.0240625
1.025
1.0191875
0.9903125
0.9240625
0.8798125
0.831375
0.836625
0.8805625
0.92275
0.92275
0.92275
0.92275
