0.050169538125
0.050169538125
0.050169538125
0.050169538125
0.05977295125
0.049604626875
0.04076090875
0.034449526875
0.02943353375
0.036124740625
0.03693313875
0.04190039375
0.0475786525
0.04681893625
0.058058575
0.05687032625
0.05635411625
0.0611558125
0.0529452375
0.048893519375
0.04649756375
0.043897070625
0.0506467025
0.061331195625
0.063639495
0.06324014375
0.0534906675
0.050841485625
0.05312062625
0.057221100625
0.06197412
0.050481195625
0.04005963875
0.029618603125
0.02609279
0.02582981375
0.02751479125
0.029647796875
0.025985653125
0.027212866875
0.021417718125
0.01475573125
0.0114344775
0.009778716875
0.01253506375
0.017521815
0.024534433125
0.0284303325
0.035024141875
0.03923170875
0.03988427
0.038637581875
0.03408912
0.029813376875
0.02662848375
0.029501714375
0.0301055825
0.031021119375
0.030154280625
0.02569347375
0.035394285625
0.04821181625
0.06278250375
0.08202825375
0.08098606
0.07371042875
0.075171335625
0.063688149375
0.059529275625
0.060064958125
0.04410154
0.035783808125
0.03923172
0.038423363125
0.0454067875
0.053227830625
0.05012086125
0.060532698125
0.06984394125
0.079827229375
0.08326536125
0.067019393125
0.06335720625
0.06192541875
0.06711669375
0.08056730625
0.08253473125
0.0785803875
0.0835866375
0.091982325
0.089079880625
0.090248655
0.080430929375
0.06378563625
0.069736606875
0.07284357125
0.0702723175
0.07172358125
0.050588320625
0.03414761625
0.029569910625
0.0290147225
0.0397381875
0.0436827875
0.040916700625
0.0310113775
0.022343000625
0.016966659375
0.017258849375
0.022070283125
0.024427303125
0.029647809375
0.032316503125
0.031274348125
0.033952775625
0.03345604625
0.040790098125
0.0513382725
0.0609319525
0.069395819375
0.05995798
0.048513748125
0.03722535375
0.031780810625
0.0392122425
0.049156530625
0.05168886375
0.0548640025
0.05523409125
0.0569969675
0.0684995975
0.0779179775
0.09201142
0.10018309375
0.100738281875
0.0914367825
0.068762640625
0.04829941875
0.033894320625
0.0233072225
0.030115284375
0.04072185
0.04886426
0.06218822625
0.0668146125
0.07630116875
0.085787725
0.09103748125
0.08849545625
0.07157749375
0.06241240625
0.05996775
0.06421428125
0.071051618125
0.06197413625
0.048679341875
0.03648514125
0.032355454375
0.03736168625
0.038705771875
0.0420465075
0.03713767375
0.03351449
0.03499493625
0.036699395
0.043244510625
0.04217313625
0.0378779025
0.03603706875
0.0356279775
0.0442378975
0.05461071375
0.05197125875
0.048250691875
0.036835721875
0.02634603
0.027855693125
0.024924030625
0.036679944375
0.047530059375
0.053588215625
0.06355201125
0.053432375
0.0464294575
0.0483092275
0.049682530625
0.07055487125
0.08427823625
0.08140500125
0.083956809375
0.0764376925
0.073866370625
0.08235943625
0.079583605625
0.0684120875
0.0641168125
0.057600875
0.060649375
0.0692008575
0.06415568375
0.055516541875
0.039757643125
0.028108916875
0.020375553125
0.021524844375
0.030173743125
0.042104943125
0.057406099375
0.06572385
0.07000934375
0.0640778325
0.05475688375
0.04600084125
0.0357059175
0.031556779375
0.0374395725
0.050257053125
0.06249015
0.075668003125
0.07238571
0.05462044125
0.04990645875
0.042017315625
0.04556262125
0.069054940625
0.0737884575
0.082125684375
0.08962529625
0.0774603075
0.070097038125
0.05893526375
0.050442208125
0.0486696025
0.053520026875
0.061467695
0.054201810625
0.05028640125
0.03855971125
0.02662848375
0.0269304175
0.02246961375
0.026443435
0.027738824375
0.025995405
0.036231860625
0.04225100375
0.055750279375
0.07314546125
0.073856486875
0.07145079375
0.05820475
0.038150618125
0.0272907925
0.021125523125
0.02201184125
0.029365354375
0.04170559875
0.050344740625
0.05707488875
0.06457448
0.056977495625
0.05686064125
0.059977386875
0.06478887625
0.087015004375
0.098186510625
0.10083573
0.087930505
0.068908773125
0.05656851125
0.049448758125
0.05473748125
0.047052798125
0.03740068875
0.027884935625
0.020502188125
0.023502034375
0.028040756875
0.034566388125
0.034917013125
0.037819450625
0.0482896625
0.054211411875
0.06465241125
0.069083986875
0.0607175625
0.054659458125
0.040614753125
0.031030851875
0.023005294375
0.0240571675
0.033329391875
0.04040043625
0.05011095
0.05287708875
0.050471420625
0.049458535
0.049400148125
0.0424654175
0.040205768125
0.0400596475
0.038520739375
0.03619293875
0.031284100625
0.02211898625
0.013879149375
0.01315840375
0.013606433125
0.01664523625
0.021476155
0.02250856875
0.021174219375
0.01919704875
0.019333404375
0.0228786725
0.032209354375
0.04302048
0.04418924875
0.0533738675
0.055536123125
0.054162848125
0.058331493125
0.042426445625
0.02855701
0.020336629375
0.013401898125
0.0171030075
0.024251986875
0.026268116875
0.031995090625
0.0381700925
0.04341981875
0.0489422575
0.04795854
0.046107984375
0.0427185475
0.040381004375
0.0463612425
0.05507835375
0.059792426875
0.0677401
0.064136366875
0.05572119125
0.062577966875
0.0664154175
0.069892525
0.08009006375
0.06815884625
0.05220511125
0.04682875
0.038929795
0.04394577
0.05870149875
0.062451304375
0.069434735
0.07590196
0.07495723
0.08375225375
0.07877520875
0.06914256375
0.058983975
0.05206874375
0.0562179
0.06437983125
0.08360615
0.08549566875
0.08685924375
0.08643070625
0.066532343125
0.06677583
0.063629879375
0.06147737875
0.071733354375
0.06293833625
0.053617374375
0.0489130625
0.040643999375
0.03962132375
0.042475066875
0.0461859225
0.060357254375
0.08140486125
0.09776765
0.0984883575
0.082739183125
0.05613017875
0.035579298125
0.02636551125
0.026930411875
0.035696185
0.0391927525
0.03874472
0.0391343125
0.034576111875
0.03140095875
0.030904236875
0.025888265
0.026209675625
0.027018071875
0.036718843125
0.04408207625
0.046107928125
0.05915921
0.058643054375
0.06397075
0.073135906875
0.062802019375
0.053120676875
0.03963109
0.0229663425
0.01424926375
0.01357722
0.01600242
0.02113527375
0.02716418375
0.025576608125
0.022002119375
0.020638550625
0.018729554375
0.019985976875
0.025566850625
0.032706068125
0.039835546875
0.04919543
0.05737680625
0.0534030075
0.05108496875
0.045182699375
0.03310542375
0.035988373125
0.0380823975
0.042942510625
0.05239978625
0.049136980625
0.04415024375
0.03817979375
0.02884913125
0.02310268125
0.01953793125
0.01477519375
0.01860291875
0.0235020125
0.03575460625
0.05188361875
0.058867
0.0709345375
0.07746995
0.0828658125
0.089001899375
0.0852813525
0.068587399375
0.046351526875
0.02663824875
0.01235001375
0.01325581
0.018135425625
0.023326714375
0.032043793125
0.03022245875
0.02880045375
0.030699703125
0.028440078125
0.03190742875
0.03712793375
0.0352384175
0.030884745625
0.032258049375
0.034741688125
0.048796139375
0.069473620625
0.0827294075
0.088037550625
0.076953725625
0.0695418075
0.05982157
0.053802444375
0.05810743625
0.04387764
0.03593972625
0.03304700125
0.025420758125
0.0299497475
0.035598805
0.036650699375
0.04148161875
0.04542621875
0.04272830625
0.03713768875
0.029560158125
0.02107682875
0.017365980625
0.02282998
0.032618430625
0.0445301475
0.051786264375
0.0485137075
0.042367925
0.0355890625
0.0397187
0.048182525625
0.06334732
0.084823451875
0.09552745875
0.111997401875
0.11091627
0.0942613125
0.075444105
0.047422829375
0.03270607875
0.026647949375
0.02515777125
0.025586324375
0.018973035
0.01273959625
0.00744117125
0.00613604625
0.0097592375
0.01446354125
0.018875651875
0.023511775
0.036981880625
0.0470138525
0.057766564375
0.06285073875
0.047354756875
0.03976745625
0.03107956875
0.02774855
0.0363585
0.033767731875
0.03460535125
0.035072858125
0.0353358275
0.042942570625
0.04589371375
0.047305975625
0.05471790625
0.0584969125
0.06254863125
0.06603544375
0.05373415625
0.0439067625
0.037020775
0.0272420825
0.0305730775
0.03300801625
0.0415205925
0.056383485
0.0717041275
0.095868495
0.102851875
0.104478394375
0.0984495075
0.078648551875
0.06796404
0.059120339375
0.04934160125
0.03920252
0.030952945
0.034809901875
0.040799864375
0.05207851375
0.05931516875
0.05506863625
0.0566075175
0.05814639875
0.06249032875
0.0559062375
0.051942170625
0.058837946875
0.07074969625
0.095712731875
0.103426604375
0.08879744625
0.064896041875
0.04041025375
0.027436885625
0.03185873625
0.041851724375
0.0471891125
0.0525362375
0.04715989375
0.0406927
0.037342225
0.037011075
0.040575824375
0.0435756675
0.046672904375
0.04585476
0.048445529375
0.0527310175
0.059938436875
0.06178899125
0.05923717625
0.04907861125
0.031868464375
0.02145666625
0.014181074375
0.01590501375
0.022576748125
0.029462755
0.034225493125
0.0354916625
0.03742013125
0.03671886875
0.036436413125
0.034507939375
0.02853747125
0.022060534375
0.016849765
0.01325579375
0.011911705
0.0108500725
0.019070446875
0.030222485625
0.04580611125
0.064584374375
0.0660258375
0.068207525
0.0619545875
0.0524777875
0.04660471625
0.03523842
0.028303710625
0.02382342625
0.031342496875
0.04168609875
0.054279583125
0.063863479375
0.065110166875
0.06219798
0.0555554675
0.0563930875
0.052555645
0.05168882625
0.056587945
0.052555706875
0.05319853125
0.05556529375
0.05641263125
0.058438481875
0.056441815
0.063084335625
0.069337325
0.078122650625
0.10157607375
0.107127771875
0.10128390125
0.0940569825
0.07125614
0.0581561225
0.051805774375
0.04672159625
0.043741230625
0.035189726875
0.02828424
0.02064827125
0.01474598375
0.0215832725
0.030027619375
0.04754939625
0.068382685625
0.072716874375
0.0746356075
0.0648666775
0.0575521475
0.0583410675
0.06283109125
0.06706785875
0.05850662625
0.05089989375
0.04702346875
0.047919525
0.056354136875
0.061467493125
0.055691843125
0.055643186875
0.057990506875
0.065986881875
0.085924194375
0.091329756875
0.0971443875
0.095917175
0.07649606625
0.060308575625
0.0491662975
0.041257623125
0.0448223975
0.053334966875
0.043283529375
0.036543603125
0.030660774375
0.023385158125
0.028420605625
0.029384838125
0.02706677125
0.02522595375
0.0213592725
0.0272713225
0.03809220875
0.03809220875
0.03809220875
0.03809220875
