126.6
126.6
126.6
126.6
123.60625
122.60625
125.525
123.65625
125.25
124.14375
117.41875
114.43125
112.20625
116.70625
123.825
126.05625
132.51875
130.93125
127.875
124.65
112.44375
105.36875
98.99375
102.13125
111.875
122.10625
137.94375
148.30625
154.58125
160.70625
158.69375
148.65625
139.26875
128.9875
122.0875
128.6875
137.46875
145.15
149.5875
145.7125
139.1125
133.0625
130.71875
129.3125
132.075
130.3875
131.38125
136.34375
134.05
140.5375
138.64375
133.83125
133.0125
127.8625
130.10625
132.0875
135.2875
133.7625
126.1375
116.11875
108.9625
106.53125
111.825
119.775
126.49375
136.06875
138.0375
139.44375
133.44375
122.43125
115.3625
109.31875
107.825
113.18125
121.8625
133.21875
148.51875
158.45625
159.10625
153.48125
138.16875
123.2625
114.96875
112.83125
120.41875
129.5
140.2875
145.1375
146.2375
143.26875
132.55625
124.7625
118.25
110.2375
111.79375
111.9375
113.01875
126.6375
136.2625
148.94375
154.73125
147.6375
134.39375
119.275
110.16875
103.70625
102.54375
103.20625
102.9625
111.475
124.05625
135.04375
145.2875
140.6125
127.40625
114.2
104.2375
105.7625
118.46875
126.29375
130.05625
127.24375
117.7125
113.0625
109.54375
112.0375
108.85625
111.61875
118.5
122.65625
133.48125
135.70625
130.3875
125.53125
118.0375
111.7875
108.9625
105.775
107.2375
115.1125
126.80625
137.8375
144.26875
145.03125
138.05625
132.20625
126.84375
122.81875
120.21875
117.05625
121.01875
118.85625
120.8375
124.4125
116.49375
117.49375
117.075
112.90625
117.43125
115.79375
115.925
118.675
115.45
115.93125
114.64375
115.65
119.4125
120.4625
124.53125
123.0875
123.3375
125.29375
120.20625
116.10625
112.60625
109.10625
110.96875
115.70625
112.45625
111.0125
109.59375
110.4875
118.78125
125.26875
129.03125
129.75625
128.775
130.7125
133.78125
130.14375
130.19375
122.5375
115.1125
120.21875
120.96875
131.4125
142.0875
143.5375
145.775
138.2625
130.1875
128.26875
123.09375
122.7625
122.8625
116.7875
112.14375
109.30625
109.95625
113.64375
117.55625
119.1
116.50625
116.56875
120.29375
124.38125
126.2125
127.64375
128.0
128.0
128.0
128.0
