-0.075625
-0.075625
-0.075625
-0.075625
-0.036875
-0.051875
-0.0125
-0.0375
-0.08125
-0.12875
-0.176875
-0.126875
-0.0825
-0.04125
-0.004375
-0.07125
-0.099375
-0.096875
-0.105
-0.060625
-0.07625
-0.08125
-0.09375
-0.12125
-0.096875
-0.136875
-0.205
-0.218125
-0.26125
-0.225625
-0.13375
-0.091875
-0.02125
-0.029375
-0.035
-0.038125
-0.0475
-0.0175
0.011875
0.04375
0.046875
0.089375
0.06625
-0.006875
-0.045
-0.1475
-0.206875
-0.17375
-0.168125
-0.1225
-0.064375
-0.05125
0.034375
0.134375
0.210625
0.228125
0.1575
0.035625
-0.03
0.024375
0.148125
0.271875
0.3075
0.26
0.07375
-0.046875
-0.124375
-0.19
-0.06875
-0.035625
-0.045625
-0.04875
-0.169375
-0.24625
-0.23625
-0.249375
-0.23625
-0.206875
-0.208125
-0.15375
-0.083125
-0.04375
-0.043125
-0.0875
-0.125625
-0.148125
-0.13
-0.079375
-0.0775
-0.089375
-0.115
-0.129375
-0.13
-0.08
-0.030625
-0.053125
-0.079375
-0.120625
-0.176875
-0.190625
-0.179375
-0.218125
-0.226875
-0.248125
-0.21625
-0.125625
-0.035625
0.03875
0.009375
-0.096875
-0.246875
-0.311875
-0.284375
-0.196875
-0.065
0.04375
0.083125
0.094375
0.090625
0.010625
-0.071875
-0.095625
-0.073125
0.016875
0.13125
0.156875
0.075
-0.055
-0.185
-0.24625
-0.23125
-0.166875
-0.103125
-0.08625
-0.085
-0.131875
-0.178125
-0.18875
-0.17375
-0.1375
-0.076875
0.0025
0.056875
0.16
0.239375
0.286875
0.33375
0.2875
0.2225
0.1575
0.093125
0.090625
0.12375
0.110625
0.08
0.064375
0.03125
0.044375
0.093125
0.020625
-0.05125
-0.05125
-0.05125
-0.05125
