1.279375
1.279375
1.279375
1.279375
1.045625
0.66
0.45
0.036875
-0.06125
0.036875
-0.076875
-0.154375
-0.13625
-0.511875
-0.978125
-1.366875
-1.946875
-1.968125
-1.69
-1.411875
-0.9425
-0.999375
-1.35125
-1.688125
-2.120625
-2.08375
-1.8625
-1.59375
-1.325
-1.40625
-1.4875
-1.804375
-2.290625
-2.4
-2.14875
-1.47
-0.556875
-0.22875
-0.621875
-1.5975
-2.375
-2.64
-2.2975
-1.4425
-1.009375
-0.5175
-0.335
-0.25
0.03125
-0.295625
-0.744375
-1.28
-1.875625
-1.721875
-1.199375
-0.74125
-0.084375
0.211875
0.478125
0.9625
1.1725
1.330625
1.069375
0.3025
-0.29
-0.876875
-0.96375
-0.7075
-0.619375
-0.7475
-1.09125
-1.16375
-1.26375
-0.931875
-0.619375
-0.823125
-0.72625
-0.579375
-0.4325
0.230625
0.610625
0.69125
0.609375
0.0025
-0.400625
-0.825625
-1.046875
-0.705625
-0.605625
-0.545625
-0.66
-1.074375
-1.190625
-0.869375
-0.281875
0.259375
0.520625
0.199375
-0.199375
-0.5675
-0.95625
-0.823125
-0.745625
-0.825625
-0.581875
-0.816875
-0.98625
-0.695625
-0.83375
-0.465
-0.324375
-0.646875
-0.64875
-1.035
-1.035625
-0.8375
-0.42625
-0.026875
0.023125
0.2325
-0.02125
0.046875
0.0525
-0.184375
-0.166875
-0.35375
-0.163125
-0.23125
-0.279375
-0.2875
-0.58125
-0.3175
-0.265625
-0.120625
0.344375
0.685
0.96625
0.86875
0.40625
-0.465625
-0.899375
-0.83875
-0.620625
0.0125
0.4025
0.2075
0.073125
-0.199375
-0.854375
-0.859375
-0.940625
-0.921875
-0.358125
-0.399375
-0.516875
-0.755625
-1.11625
-0.9075
-0.638125
-0.470625
-0.22375
-0.17375
-0.29
-0.0825
-0.340625
-0.664375
-0.543125
-0.66625
-0.259375
0.18
0.275
0.321875
0.075625
-0.225
-0.484375
-0.398125
-0.281875
-0.22
0.06375
0.075
0.278125
0.479375
0.470625
0.490625
0.186875
-0.223125
-0.656875
-0.955625
-0.830625
-0.2125
0.395625
0.4975
0.055625
-0.675625
-1.4075
-1.379375
-0.915
-0.55125
-0.309375
-0.8275
-1.338125
-1.65375
-1.5225
-0.854375
-0.223125
0.19625
0.361875
0.370625
0.229375
0.230625
0.12125
0.015625
-0.1775
-0.413125
-0.6425
-0.98
-1.163125
-1.4725
-1.37125
-1.06125
-0.78125
-0.43375
-0.5275
-0.62375
-0.6275
-0.439375
-0.140625
-0.215
-0.605
-1.031875
-1.61625
-1.801875
-1.51125
-1.51375
-1.145625
-0.671875
-0.3225
0.3275
0.869375
0.82625
0.3825
-0.2725
-0.9975
-1.1725
-0.77375
-0.188125
0.260625
0.693125
0.551875
0.345
0.066875
-0.6125
-0.81625
-1.05125
-1.0975
-0.765625
-0.524375
-0.33
0.0375
-0.016875
-0.19125
-0.126875
-0.313125
-0.2275
-0.45
-0.9625
-1.295625
-1.4025
-0.849375
-0.166875
0.2075
0.111875
-0.64375
-1.33875
-1.726875
-1.706875
-1.005
-0.329375
0.326875
0.89125
0.816875
0.56625
0.0525
-0.599375
-0.775625
-0.88125
-0.704375
-0.353125
-0.0925
0.20125
0.475625
0.3175
0.02875
-0.06125
-0.414375
-0.255
-0.144375
-0.561875
-0.78875
-1.2775
-1.593125
-1.35875
-0.898125
-0.410625
-0.09125
0.094375
-0.26375
-0.49125
-0.735625
-1.315625
-1.324375
-1.56125
-1.70875
-1.278125
-0.98375
-0.4975
-0.108125
-0.085625
-0.513125
-1.116875
-1.378125
-1.4875
-0.9775
-0.2475
0.180625
0.3475
0.0425
-0.200625
-0.250625
-0.09375
0.36375
0.339375
0.064375
-0.38125
-1.094375
-1.3275
-1.52125
-1.581875
-1.480625
-1.644375
-1.849375
-2.054375
-2.101875
-2.11
-1.755
-1.289375
-1.360625
-1.1825
-1.3875
-1.718125
-1.623125
-1.7275
-1.50125
-1.090625
-0.640625
-0.345
-0.2925
-0.50125
-0.814375
-0.78875
-0.659375
-0.37625
-0.015625
0.175625
0.263125
0.226875
0.073125
-0.065625
-0.100625
0.018125
0.24125
0.33875
0.351875
-0.056875
-0.67375
-1.18875
-1.63875
-1.406875
-1.15
-0.610625
-0.390625
-0.874375
-0.8875
-1.241875
-1.111875
-0.278125
0.151875
0.451875
0.61125
0.131875
-0.333125
-0.31375
-0.340625
-0.145625
0.17625
-0.084375
-0.694375
-0.939375
-1.625625
-1.720625
-1.11625
-0.93625
-0.074375
0.19625
0.054375
0.24125
0.098125
0.37
0.554375
0.3925
0.230625
-0.22625
-0.704375
-1.21375
-1.89625
-2.346875
-2.645625
-2.679375
-2.53625
-2.15375
-1.515625
-1.07
-0.628125
-0.53375
-0.933125
-1.1125
-1.100625
-1.17625
-0.69625
-0.335625
-0.218125
0.03875
-0.050625
-0.259375
-0.478125
-0.5275
-0.645
-0.699375
-0.610625
-1.03
-1.500625
-1.92375
-2.449375
-2.275625
-1.746875
-1.209375
-0.788125
-0.90375
-1.255
-1.440625
-1.41125
-1.220625
-0.80125
-0.585625
-0.525
-0.31
-0.31875
-0.078125
0.24
0.11
-0.10875
-0.708125
-1.138125
-1.075
-0.78875
-0.318125
-0.17125
-0.22375
-0.686875
-1.18
-1.394375
-1.5975
-1.285
-0.738125
-0.4175
-0.25875
-0.205
-0.5125
-0.7975
-0.851875
-1.008125
-1.1
-1.070625
-0.924375
-1.086875
-1.21375
-1.3825
-1.67125
-1.290625
-0.686875
0.08625
0.48875
0.47875
-0.0125
-0.8425
-1.36375
-1.833125
-1.650625
-1.28375
-0.608125
-0.056875
0.120625
0.37
0.1675
0.17625
0.176875
-0.106875
-0.20625
-0.275
-0.415625
-0.104375
0.2675
0.141875
0.076875
-0.32375
-0.774375
-0.72625
-0.441875
0.015625
0.060625
-0.066875
-0.44125
-0.9375
-0.7125
-0.16875
0.191875
0.439375
0.1725
-0.426875
-0.59375
-0.4225
-0.033125
0.42375
0.5775
0.345
-0.149375
-0.745625
-1.2325
-1.6325
-1.9
-1.874375
-1.66125
-1.335
-0.56375
-0.175
-0.264375
-0.0475
-0.290625
-0.240625
0.29375
0.29
0.32875
0.303125
-0.1825
-0.301875
-0.485625
-0.950625
-0.9775
-1.1475
-1.31125
-0.935625
-0.855
-0.89875
-0.911875
-1.374375
-1.4025
-1.181875
-0.658125
0.12125
0.514375
0.64375
0.676875
0.570625
0.555
0.8375
0.83625
0.91
0.645
0.2
-0.27625
-1.09875
-1.610625
-2.23875
-2.598125
-2.401875
-2.196875
-1.95875
-1.920625
-2.3675
-2.805625
-3.139375
-3.36875
-3.008125
-2.304375
-1.665625
-1.091875
-1.230625
-1.91625
-2.17625
-2.205625
-1.809375
-1.31875
-1.38375
-1.419375
-1.278125
-1.0275
-0.386875
-0.174375
-0.34125
-0.34375
-0.54125
-0.38625
-0.0975
0.131875
0.36125
0.585
0.720625
0.446875
-0.1225
-0.859375
-1.513125
-1.8625
-1.91625
-2.05375
-2.2475
-2.45875
-2.735
-2.87375
-2.778125
-2.378125
-1.5525
-0.625
0.133125
0.235
-0.045625
-0.690625
-1.335625
-1.31125
-1.243125
-0.79375
-0.344375
-0.24125
-0.35125
-0.500625
-0.45875
-0.341875
-0.03375
0.1575
-0.129375
-0.578125
-0.925
-1.234375
-0.97
-0.456875
-0.07
0.48625
0.641875
0.364375
-0.008125
-0.641875
-1.048125
-0.93875
-0.8375
-0.5825
-0.47375
-0.609375
-0.433125
-0.61875
-0.71125
-0.664375
-0.820625
-0.346875
-0.195
-0.246875
-0.106875
-0.38875
-0.528125
-0.406875
-0.628125
-0.7575
-0.53
-0.46125
-0.3925
-0.561875
-0.8775
-1.355625
-1.48
-1.014375
-0.670625
-0.32125
-0.09375
-0.371875
-0.621875
-0.415
-0.24625
0.17625
0.29375
0.109375
-0.361875
-1.24
-1.564375
-1.865625
-1.74375
-1.008125
-0.4575
-0.12875
0.176875
0.229375
-0.02375
0.105
-0.136875
-0.4325
-0.160625
-0.07
0.51875
0.811875
0.699375
0.63875
0.28125
0.4825
0.643125
0.51875
0.119375
-0.624375
-1.43
-2.0025
-2.194375
-2.19125
-1.643125
-1.2225
-0.884375
-0.6925
-1.213125
-1.60625
-1.87125
-2.431875
-2.28875
-2.080625
-2.17625
-1.736875
-1.649375
-1.420625
-0.69875
-0.325625
0.015
0.266875
-0.09875
-0.3225
-0.48125
-0.7575
-0.478125
0.043125
0.340625
0.61
0.55125
0.00875
-0.123125
-0.57875
-1.11875
-1.12125
-1.423125
-1.02125
-0.07375
0.2175
0.28
-0.2425
-1.51625
-2.1225
-2.34625
-2.390625
-1.99875
-1.949375
-1.97375
-1.6575
-1.09125
-1.09125
-1.09125
-1.09125
