1.115625
1.115625
1.115625
1.115625
1.0525
1.17375
1.341875
1.2
1.153125
1.073125
0.876875
0.858125
0.715625
0.598125
0.705
0.83625
1.06625
1.285625
1.22375
1.045625
0.80875
0.576875
0.42875
0.33125
0.440625
0.55
0.701875
0.960625
0.873125
0.785
0.78
0.6175
0.66375
0.75875
0.69
0.70125
0.655
0.686875
0.909375
1.139375
1.4325
1.520625
1.4225
1.320625
1.17375
1.04
1.116875
1.165
1.35375
1.64625
1.661875
1.7325
1.560625
1.290625
1.13
0.881875
0.769375
0.756875
0.865625
0.98
0.976875
0.974375
0.969375
1.100625
1.384375
1.5775
1.55875
1.4175
1.15375
0.96375
0.9
0.89125
0.94375
0.918125
0.86375
0.754375
0.635
0.561875
0.54625
0.664375
0.879375
1.110625
1.333125
1.323125
1.136875
0.996875
0.769375
0.643125
0.605
0.473125
0.43125
0.391875
0.440625
0.594375
0.876875
1.355625
1.658125
1.814375
1.653125
1.191875
0.906875
0.86875
1.011875
1.275
1.42375
1.27375
1.26
1.23
1.205625
1.2725
1.061875
0.9025
0.8175
0.7925
0.85125
0.8525
0.743125
0.6375
0.610625
0.681875
0.866875
1.02125
1.13625
1.135
0.98125
0.84375
0.78875
0.758125
0.84625
0.92625
0.983125
1.2175
1.435625
1.65375
1.660625
1.3575
1.0475
0.715
0.56
0.5825
0.749375
0.96125
1.283125
1.629375
1.6575
1.663125
1.424375
1.091875
0.980625
0.875625
0.828125
0.88125
0.9275
0.949375
1.026875
1.073125
0.998125
0.91125
0.819375
0.62875
0.549375
0.674375
0.8275
1.189375
1.50125
1.48375
1.5075
1.39875
1.331875
1.42375
1.39625
1.2425
1.024375
0.82125
0.804375
0.87375
1.16125
1.4075
1.355
1.35375
1.048125
0.92
0.991875
1.095625
1.285
1.186875
1.1875
1.178125
1.205625
1.329375
1.235
1.0175
0.868125
0.845
0.8525
0.98625
1.000625
1.00375
1.204375
1.36875
1.584375
1.665
1.4325
1.334375
1.241875
1.093125
1.11
0.81625
0.640625
0.660625
0.77375
1.063125
1.158125
1.14
0.986875
1.008125
1.1525
1.330625
1.51375
1.39
1.1725
1.006875
1.0575
1.221875
1.414375
1.4425
1.1225
0.79875
0.47625
0.315625
0.504375
0.715625
0.961875
1.115625
0.9175
0.78125
0.7
0.66875
0.819375
1.02
1.148125
1.255
1.39875
1.261875
1.20375
1.1425
1.0
1.083125
0.9325
0.834375
0.94
0.926875
1.145
1.4525
1.46875
1.565625
1.665
1.578125
1.58875
1.609375
1.406875
1.320625
1.418125
1.444375
1.590625
1.676875
1.443125
1.420625
1.4225
1.290625
1.344375
1.1175
0.9475
0.8975
0.826875
0.98
1.131875
1.315
1.53625
1.53375
1.3575
1.1325
0.975625
0.91
0.9625
1.138125
1.0425
0.97375
0.924375
0.8075
1.020625
1.22125
1.40625
1.625
1.67875
1.7025
1.71875
1.52375
1.17375
0.8775
0.654375
0.74125
1.031875
1.320625
1.48125
1.354375
1.15875
0.928125
0.734375
0.749375
0.79875
0.94375
1.111875
1.105
1.195625
1.144375
1.0825
1.274375
1.354375
1.565625
1.828125
1.784375
1.684375
1.465
1.191875
1.085625
0.959375
0.93375
0.895625
0.82625
0.9675
1.04125
1.134375
1.268125
1.125
0.97625
0.8375
0.74375
0.826875
0.93625
1.054375
0.99375
0.8725
0.71
0.603125
0.77
0.921875
1.28875
1.53125
1.435
1.385
1.16125
0.9925
1.085625
1.1875
1.115
1.009375
0.74625
0.568125
0.5875
0.6625
0.905625
1.0275
1.1225
1.1725
1.068125
0.93875
0.813125
0.748125
0.765
0.84375
1.0775
1.235
1.296875
1.29125
0.98625
0.78125
0.649375
0.566875
0.666875
0.738125
0.956875
1.348125
1.695625
1.9625
1.926875
1.5675
1.246875
0.97375
0.829375
0.854375
0.789375
0.850625
1.108125
1.413125
1.778125
1.861875
1.693125
1.54125
1.3675
1.33875
1.335
1.0875
0.865625
0.74
0.631875
0.685
0.706875
0.56625
0.479375
0.390625
0.495
0.704375
0.92125
1.2325
1.375
1.470625
1.6675
1.749375
1.6575
1.559375
1.335
1.24875
1.3775
1.533125
1.576875
1.334375
1.014375
0.71375
0.558125
0.610625
0.716875
0.945625
1.05125
1.09
1.118125
0.91625
0.818125
0.926875
1.021875
1.119375
1.279375
1.125
0.9625
0.896875
0.835625
0.88125
0.9725
1.05
0.959375
0.925625
0.870625
0.835
0.860625
0.87875
0.869375
0.8025
0.729375
0.640625
0.658125
0.743125
0.85
0.92375
0.796875
0.785
0.93875
1.139375
1.46625
1.475
1.32875
1.245
1.1375
1.203125
1.124375
0.941875
0.934375
1.101875
1.4425
1.743125
1.7525
1.501875
1.211875
1.01875
0.923125
0.9425
0.925
0.848125
0.843125
0.865
0.99625
1.331875
1.73625
2.08625
2.36
2.285
1.98625
1.68375
1.41
1.42875
1.67125
1.764375
1.78625
1.5725
1.0725
0.72375
0.426875
0.280625
0.404375
0.623125
0.885
1.128125
1.354375
1.3675
1.304375
1.2175
0.919375
0.801875
0.784375
0.779375
1.039375
1.1975
1.239375
1.410625
1.370625
1.409375
1.51375
1.31125
1.1875
1.050625
0.89125
0.929375
0.8775
0.71125
0.578125
0.575
0.774375
1.235625
1.740625
1.958125
2.03375
1.85
1.54375
1.36875
1.14
1.084375
1.080625
1.046875
1.153125
1.005
0.87625
0.86375
0.77375
0.860625
0.885
0.7375
0.588125
0.45125
0.410625
0.5175
0.723125
0.88375
1.010625
1.115625
1.071875
1.054375
1.001875
0.879375
0.825625
0.793125
0.8075
0.83125
0.88125
0.8775
0.785
0.6775
0.62375
0.618125
0.84375
1.20375
1.375
1.53625
1.36
0.9925
0.7375
0.51375
0.486875
0.73
0.986875
1.13375
1.314375
1.146875
1.1225
1.15375
1.201875
1.44625
1.380625
1.32375
1.01375
0.6775
0.56
0.62125
0.919375
1.2075
1.515625
1.65
1.67875
1.72125
1.504375
1.175625
0.900625
0.794375
0.979375
1.3025
1.590625
1.711875
1.645625
1.47375
1.43875
1.24875
1.169375
1.165625
0.936875
0.838125
0.64
0.47
0.44875
0.480625
0.7175
0.98875
1.35625
1.7025
1.774375
1.873125
1.70375
1.50625
1.41875
1.245625
1.2875
1.34875
1.44
1.3625
1.129375
1.05125
0.925
1.00375
1.155625
0.9975
0.9
0.73
0.54375
0.6675
0.91125
1.20875
1.50625
1.563125
1.396875
1.209375
1.046875
0.94375
0.829375
0.729375
0.7925
0.82
0.931875
1.1775
1.254375
1.455
1.69125
1.6475
1.459375
1.209375
0.905
0.871875
1.1275
1.495
1.929375
2.0925
1.95625
1.539375
1.070625
0.7875
0.814375
1.043125
1.416875
1.6575
1.6075
1.485625
1.095625
0.813125
0.6575
0.54875
0.57875
0.59625
0.63125
0.68
0.736875
0.788125
0.880625
0.929375
0.93125
0.884375
0.7875
0.72375
0.710625
0.8525
0.91375
0.974375
1.010625
0.911875
0.89125
1.004375
1.15
1.241875
1.419375
1.278125
1.084375
0.9475
0.680625
0.63
0.586875
0.5825
0.583125
0.519375
0.459375
0.390625
0.371875
0.379375
0.568125
0.735625
0.92875
1.13375
1.02125
0.905625
0.72
0.56875
0.72
0.9025
1.135
1.403125
1.408125
1.380625
1.494375
1.381875
1.34875
1.496875
1.49
1.599375
1.74125
1.716875
1.54125
1.469375
1.45625
1.33125
1.423125
1.37
1.1925
1.064375
0.83
0.8125
1.01375
1.283125
1.63375
1.678125
1.51125
1.371875
1.10875
1.01125
0.8925
0.7075
0.619375
0.51
0.446875
0.411875
0.518125
0.68375
0.89625
1.201875
1.18625
1.095625
0.99125
0.71
0.616875
0.51375
0.48
0.565
0.6175
0.789375
0.833125
0.905625
1.058125
1.0775
1.188125
1.24
1.1725
1.121875
0.976875
0.76625
0.655625
0.620625
0.6525
0.90125
1.1
1.3825
1.82875
1.9725
2.046875
1.84375
1.306875
0.986875
0.89125
1.098125
1.48375
1.720625
1.63375
1.395625
1.14
0.98125
1.05375
0.97125
0.8925
0.955
0.916875
1.02
1.109375
0.88875
0.765
0.6975
0.64375
0.814375
0.8675
0.871875
1.045
1.065625
1.20375
1.325625
1.27875
1.32875
1.236875
1.19
0.974375
0.74875
0.689375
0.585
0.7325
1.0275
1.325
1.63125
1.785
1.61875
1.28125
0.9575
0.689375
0.673125
0.673125
0.686875
0.731875
0.779375
0.965625
1.2075
1.583125
1.72875
1.739375
1.64
1.220625
0.954375
0.905
0.886875
1.120625
1.3125
1.2675
1.231875
1.083125
1.050625
1.034375
0.99875
0.973125
0.838125
0.753125
0.706875
0.66125
0.59875
0.575
0.535
0.669375
0.86625
1.113125
1.345
1.2475
1.180625
1.13
1.095
1.40875
1.625625
1.700625
1.74625
1.481875
1.26125
1.001875
0.79875
0.734375
0.65375
0.675
0.675
0.63
0.604375
0.71625
0.770625
1.04125
1.33125
1.365
1.495
1.324375
1.115
0.996875
0.845
0.780625
0.735625
0.6775
0.660625
0.67875
0.6775
0.72125
0.596875
0.49
0.425625
0.33625
0.528125
0.716875
0.90125
1.1325
1.02625
0.885
0.7025
0.6225
0.72875
0.85375
1.02375
0.925625
0.786875
0.6925
0.53375
0.51375
0.546875
0.544375
0.589375
0.585625
0.5275
0.454375
0.411875
0.448125
0.5225
0.753125
0.9475
1.1025
1.263125
1.114375
0.965625
0.82
0.635625
0.606875
0.654375
0.71125
0.7875
1.049375
1.14
1.173125
1.2825
1.078125
0.95125
0.878125
0.68125
0.58875
0.55
0.519375
0.488125
0.514375
0.468125
0.4775
0.5975
0.751875
0.97875
1.053125
1.044375
1.044375
1.044375
1.044375
