134.6125
134.6125
134.6125
134.6125
139.85625
142.79375
147.775
145.13125
140.575
145.675
140.1875
137.66875
135.35
120.61875
117.34375
110.7375
107.88125
112.6625
112.1125
121.19375
128.9625
133.6125
132.3
121.9
112.23125
105.9375
116.4375
132.53125
148.675
166.11875
170.6375
172.35
172.2875
168.26875
166.68125
162.75625
154.1
149.125
142.725
138.19375
145.3125
145.16875
143.325
143.14375
135.7125
129.31875
128.85625
124.1375
118.35
119.40625
121.83125
129.00625
141.50625
153.98125
158.425
164.15
164.6375
161.81875
157.8625
152.74375
151.4875
150.23125
158.9625
165.8875
165.8875
162.3375
151.1375
131.83125
119.3875
112.1125
109.83125
120.46875
131.69375
140.3
145.0625
150.69375
147.9
147.2125
147.925
138.78125
140.95625
143.5125
146.81875
147.98125
141.775
133.13125
126.55625
132.9375
141.9875
152.95625
156.2375
151.59375
150.425
148.26875
152.70625
157.89375
157.16875
150.1625
143.13125
133.46875
125.9125
127.9875
125.5
129.8875
133.61875
137.325
145.375
150.3375
149.3375
146.5
146.5
146.5
146.5
