0.754375
0.754375
0.754375
0.754375
0.768125
0.783125
0.81875
0.895
0.95
1.079375
1.149375
1.1275
1.10375
0.97875
0.8925
0.850625
0.88375
0.89625
0.926875
0.93875
0.84875
0.809375
0.754375
0.710625
0.70375
0.69625
0.669375
0.66125
0.70375
0.815625
0.96125
1.115625
1.221875
1.17875
1.154375
1.1625
1.124375
1.17125
1.13
0.9925
0.901875
0.8025
0.775
0.761875
0.745625
0.72875
0.6925
0.718125
0.729375
0.745
0.755625
0.73125
0.776875
0.854375
0.975625
1.086875
1.07875
1.036875
0.89
0.744375
0.73125
0.685
0.726875
0.86
0.93875
1.09625
1.2375
1.231875
1.16375
1.05
0.98125
0.98125
1.031875
1.07625
1.07
1.07625
1.064375
0.988125
0.86625
0.7375
0.639375
0.708125
0.811875
0.8825
0.950625
0.859375
0.77
0.78625
0.83875
0.929375
1.0375
0.990625
0.82875
0.695625
0.55375
0.521875
0.58125
0.633125
0.690625
0.7025
0.66125
0.6625
0.70875
0.7775
0.9075
1.048125
1.138125
1.1875
1.206875
1.111875
0.96875
0.933125
0.89625
0.905
0.959375
0.906875
0.8575
0.88625
0.899375
0.921875
0.941875
0.909375
0.983125
1.128125
1.27125
1.351875
1.325
1.201875
1.09625
1.130625
1.115625
1.14625
1.145
1.0025
0.949375
0.86375
0.79
0.823125
0.8375
0.91875
1.025
1.011875
0.995
0.936875
0.8425
0.888125
0.905625
0.9025
0.916875
0.795625
0.73875
0.71875
0.66375
0.664375
0.609375
0.61375
0.698125
0.798125
0.940625
0.96625
0.975
1.02875
1.05875
1.11625
1.093125
1.0075
0.998125
1.0975
1.241875
1.364375
1.385625
1.253125
1.1825
1.1225
1.041875
1.073125
0.983125
0.908125
0.883125
0.83125
0.85875
0.925
0.9875
0.999375
0.999375
1.015
1.068125
1.095625
1.120625
1.030625
0.84875
0.72375
0.674375
0.781875
1.001875
1.284375
1.451875
1.443125
1.3425
1.135
0.9325
0.83875
0.848125
0.901875
0.985625
1.124375
1.164375
1.255
1.35
1.273125
1.239375
1.08625
0.9275
0.92125
0.890625
0.920625
0.935625
0.860625
0.798125
0.774375
0.8
0.86
0.9325
0.964375
0.97
1.014375
1.000625
0.988125
1.01875
0.938125
0.91875
0.904375
0.844375
0.921875
0.98375
1.10625
1.22875
1.229375
1.209375
1.09375
0.978125
0.936875
0.920625
0.943125
0.935625
0.988125
1.02625
1.038125
1.11
1.02
0.94
0.9175
0.788125
0.818125
0.931875
1.00375
1.18375
1.225
1.106875
0.986875
0.88125
0.834375
0.8425
0.959375
1.030625
1.10625
1.25875
1.315
1.3025
1.325625
1.24875
1.09375
1.06375
0.96
0.879375
0.915625
0.851875
0.904375
1.010625
1.039375
1.1175
1.03375
0.915
0.885625
0.850625
0.91
1.044375
1.128125
1.2625
1.38625
1.363125
1.34
1.22
1.076875
0.985
0.886875
0.85125
0.859375
0.9125
0.913125
0.9275
0.923125
0.896875
0.929375
0.931875
0.91375
0.871875
0.883125
0.850625
0.85625
0.8975
0.82875
0.77875
0.70875
0.63625
0.6775
0.761875
0.880625
0.985
0.99375
1.035
1.006875
0.9775
0.9725
0.87125
0.85375
0.868125
0.893125
0.96375
0.908125
0.779375
0.723125
0.6825
0.791875
0.96
1.003125
0.9825
0.819375
0.72875
0.681875
0.6925
0.8
0.80375
0.88875
1.033125
1.201875
1.39
1.52875
1.5525
1.456875
1.315
1.090625
0.908125
0.850625
0.8375
0.853125
0.95125
1.033125
1.165
1.363125
1.4075
1.411875
1.303125
1.14
1.05
0.86375
0.73875
0.626875
0.52
0.565625
0.71125
0.898125
1.130625
1.26875
1.20625
1.1075
0.91
0.750625
0.791875
0.858125
0.9475
1.0875
1.111875
1.099375
1.211875
1.26125
1.33
1.415625
1.33625
1.23375
1.085625
0.931875
0.86375
0.906875
0.9975
1.14375
1.255625
1.195625
1.17125
1.09625
1.015
1.050625
1.004375
0.914375
0.859375
0.82
0.825
0.905625
0.984375
0.97
0.994375
0.953125
0.946875
1.018125
1.0325
1.075625
1.100625
1.1025
1.1525
1.211875
1.1725
1.21375
1.174375
1.170625
1.23625
1.14
1.09875
0.973125
0.865
0.84625
0.896875
0.99625
1.11
1.26875
1.278125
1.260625
1.206875
1.13
1.120625
1.2025
1.24875
1.175
1.119375
0.916875
0.739375
0.706875
0.738125
0.860625
1.065
1.185625
1.154375
1.124375
0.973125
0.924375
0.998125
1.1275
1.32375
1.375
1.388125
1.26375
1.12625
1.10875
1.01625
0.970625
0.925
0.764375
0.695625
0.704375
0.715625
0.820625
0.904375
0.970625
1.106875
1.215625
1.36625
1.404375
1.284375
1.144375
0.91
0.74875
0.675625
0.681875
0.789375
0.8775
0.978125
0.988125
0.9175
0.93125
0.938125
1.024375
1.125
1.160625
1.22875
1.22125
1.22875
1.23625
1.1675
1.108125
1.083125
0.98
0.915
0.90875
0.88125
0.95375
1.030625
1.025625
0.9575
0.845625
0.706875
0.668125
0.685
0.75375
0.8575
0.854375
0.891875
0.896875
0.933125
1.070625
1.09375
1.121875
1.068125
0.913125
0.845
0.8225
0.838125
0.89
0.928125
0.84
0.7375
0.66375
0.659375
0.830625
1.08125
1.338125
1.52125
1.54125
1.49625
1.41
1.29625
1.24375
1.19125
1.2375
1.263125
1.293125
1.3425
1.24
1.1875
1.135
1.0
0.91625
0.82625
0.786875
0.80375
0.843125
0.886875
0.88
0.874375
0.965
1.058125
1.095
1.115625
0.934375
0.748125
0.62875
0.55875
0.6725
0.79375
0.95
1.129375
1.18
1.27125
1.316875
1.3
1.338125
1.28
1.17125
1.03
0.885
0.795625
0.756875
0.773125
0.78375
0.835
0.85875
0.945
1.114375
1.16125
1.27
1.2275
1.09875
1.11125
1.064375
1.100625
1.060625
0.9
0.75625
0.64125
0.59875
0.68125
0.805
0.895
1.06125
1.1025
1.181875
1.216875
1.2
1.226875
1.104375
1.11
1.103125
1.12125
1.2225
1.1475
1.00375
0.835
0.65625
0.635
0.77875
0.99125
1.253125
1.401875
1.37625
1.334375
1.254375
1.2225
1.319375
1.300625
1.225
1.185
1.094375
1.0975
1.155625
1.17875
1.155625
1.09375
1.07375
1.019375
1.011875
1.075625
1.024375
0.99625
0.935
0.7775
0.71125
0.7
0.75375
0.83
0.884375
0.90625
0.92875
0.999375
1.05875
1.05
0.97
0.8625
0.77625
0.75875
0.784375
0.85875
0.955625
1.08375
1.1875
1.166875
1.075
0.89375
0.71875
0.649375
0.590625
0.576875
0.60875
0.6175
0.68375
0.74875
0.77625
0.799375
0.794375
0.85875
0.928125
0.993125
1.05625
0.984375
0.963125
0.928125
0.870625
0.878125
0.79125
0.745
0.72125
0.750625
0.855
0.939375
1.0275
1.01875
0.945
0.94
0.99625
1.08875
1.210625
1.188125
1.035625
0.905625
0.78
0.773125
0.848125
0.941875
1.07375
1.16
1.20875
1.188125
1.16125
1.08625
1.100625
1.153125
1.10375
1.1
0.95875
0.868125
0.88625
0.91375
1.01
1.005
0.9225
0.83125
0.80875
0.83125
0.874375
0.914375
0.84
0.815625
0.871875
1.003125
1.175
1.245625
1.209375
1.033125
0.866875
0.82625
0.86875
0.966875
1.093125
1.104375
1.043125
1.015
0.99375
1.065
1.185625
1.29
1.27875
1.175625
1.03875
0.943125
0.920625
0.920625
1.014375
1.008125
1.009375
1.025625
0.93875
0.895625
0.824375
0.7875
0.721875
0.686875
0.74375
0.795
0.9025
0.97375
0.925625
0.886875
0.891875
1.01125
1.155
1.20375
1.143125
0.913125
0.81375
0.79625
0.941875
1.1625
1.205625
1.23375
1.145
1.0525
1.07875
1.105625
1.151875
1.199375
1.153125
1.148125
1.0975
1.048125
1.03875
0.939375
0.93125
0.9175
0.9175
0.95375
0.971875
1.045625
1.11625
1.175
1.128125
1.058125
0.965
0.92375
0.960625
0.89625
0.90875
0.933125
0.9625
1.043125
1.029375
0.931875
0.824375
0.7625
0.789375
0.860625
0.91875
1.026875
1.084375
1.134375
1.220625
1.155625
1.045
0.939375
0.789375
0.699375
0.65
0.600625
0.681875
0.771875
0.91125
1.089375
1.135625
1.256875
1.289375
1.295
1.259375
1.170625
1.108125
0.983125
0.949375
0.856875
0.78625
0.844375
0.92625
1.035625
1.194375
1.20125
1.18125
1.264375
1.24125
1.29
1.23125
1.06875
1.06875
1.06875
1.06875
