0.9734375
0.9734375
0.9734375
0.9734375
1.102125
1.218375
1.2494375
1.263875
1.187125
1.0841875
1.032625
0.96875
0.9610625
0.9830625
0.975625
0.9659375
0.9423125
0.88525
0.8946875
0.924375
0.9535
1.053
1.0830625
1.118375
1.1631875
1.1233125
1.1263125
1.1023125
1.07775
1.077875
1.0309375
1.019875
0.994875
0.9896875
0.9870625
0.9314375
0.886375
0.874375
0.8854375
0.927125
0.989125
0.9698125
0.9735625
1.0015
0.984125
1.0243125
1.049
1.048375
1.075875
1.1095625
1.128125
1.1489375
1.1658125
1.159375
1.161625
1.1658125
1.1776875
1.1639375
1.133125
1.1206875
1.137625
1.1601875
1.1904375
1.16975
1.064
1.0024375
0.96075
0.9485625
0.98675
0.97575
0.9656875
0.9395
0.9565625
1.008
1.0533125
1.1334375
1.149875
1.1569375
1.1291875
1.0649375
0.990375
0.9348125
0.9131875
0.9076875
0.9555625
0.9810625
1.01625
1.053125
1.03775
1.0063125
0.98525
0.986125
1.0165
1.1071875
1.17225
1.2218125
1.2708125
1.241875
1.1681875
1.0846875
1.0228125
1.017
1.06025
1.106875
1.151625
1.14675
1.152375
1.139
1.06375
1.019125
0.944875
0.908625
0.92375
0.9875625
1.081
1.1364375
1.1809375
1.1363125
1.0755625
1.0561875
1.0215625
1.027375
1.024375
1.0170625
1.0293125
1.03725
1.0519375
1.0029375
0.9655625
0.95275
0.9433125
0.9846875
0.989875
0.9748125
0.982125
0.98425
1.021875
1.0353125
1.026375
1.009875
1.007625
1.05375
1.0723125
1.09775
1.075625
1.0129375
0.9825625
0.9645
0.9455
0.938125
0.918875
0.90175
0.922625
0.953
0.997625
1.0273125
1.0560625
1.0761875
1.1055625
1.11975
1.115875
1.135
1.116625
1.1374375
1.15825
1.148125
1.1866875
1.1725
1.1126875
1.072625
0.9974375
0.976875
1.0475625
1.0941875
1.1525625
1.182625
1.1223125
1.0863125
1.0495
0.9985
1.0136875
1.0400625
1.0355
1.0720625
1.06575
1.01725
1.0010625
0.9585
0.9450625
0.9496875
0.9448125
0.9441875
0.935875
0.9315
0.9288125
0.9249375
0.933625
0.9715
1.061125
1.1740625
1.2989375
1.36875
1.3684375
1.304625
1.167625
1.061875
0.958125
0.8976875
0.889875
0.8720625
0.9145625
0.9665
1.01125
1.1070625
1.114
1.108375
1.1053125
1.0079375
0.9770625
0.9226875
0.899625
0.9483125
0.9899375
1.0574375
1.0636875
1.0358125
1.0145625
0.9885625
1.0051875
1.029375
1.0140625
1.0276875
1.0390625
1.049375
1.0569375
1.0413125
0.9941875
0.9559375
0.9395
0.8973125
0.8885
0.8701875
0.90225
0.9604375
1.02075
1.102375
1.090375
1.064875
1.0194375
0.9659375
0.985625
1.0248125
1.0588125
1.0581875
1.0480625
1.0274375
1.0134375
1.0253125
0.9820625
0.9475
0.941875
0.96
1.0155625
1.0926875
1.1190625
1.1113125
1.0994375
1.017875
0.98525
0.95475
0.9439375
0.9954375
1.013125
1.0620625
1.0950625
1.07925
1.0874375
1.0733125
1.0836875
1.1655
1.2411875
1.2945625
1.2989375
1.2405
1.1456875
1.0931875
1.04325
1.0038125
1.0166875
1.0095625
1.0451875
1.088375
1.1091875
1.13
1.13
1.13
1.13
1.13
1.155625
1.18125
1.2091875
1.2140625
1.17
1.1068125
1.040125
1.00775
0.996375
1.048875
1.0814375
1.122125
1.1503125
1.13375
1.146875
1.1586875
1.22575
1.252375
1.3075
1.2989375
1.2243125
1.20725
1.1075
1.0745
1.047125
1.047125
1.047125
1.047125
