0.103125
0.103125
0.103125
0.103125
0.095625
0.1075
0.12875
0.13875
0.14125
0.12125
0.111875
0.10375
0.114375
0.145
0.165
0.17375
0.17125
0.1575
0.14125
0.14125
0.14125
0.14125
0.13875
0.126875
0.1175
0.10125
0.09
0.084375
0.068125
0.063125
0.058125
0.0625
0.075
0.090625
0.10625
0.11125
0.126875
0.13375
0.145625
0.15625
0.15875
0.156875
0.141875
0.128125
0.101875
0.085625
0.075625
0.066875
0.080625
0.0975
0.11625
0.123125
0.1125
0.089375
0.07875
0.079375
0.08375
0.089375
0.075
0.07
0.07375
0.095
0.11875
0.13
0.128125
0.103125
0.083125
0.060625
0.045625
0.049375
0.053125
0.066875
0.08
0.0775
0.0875
0.084375
0.08125
0.093125
0.08
0.075
0.0725
0.065
0.07
0.083125
0.1
0.104375
0.12125
0.13125
0.12875
0.13875
0.135625
0.13
0.136875
0.138125
0.133125
0.119375
0.088125
0.063125
0.04
0.029375
0.03875
0.045
0.06125
0.08125
0.095
0.110625
0.12875
0.13375
0.1275
0.12125
0.106875
0.1
0.104375
0.109375
0.114375
0.118125
0.116875
0.113125
0.10125
0.099375
0.10875
0.111875
0.12375
0.12
0.098125
0.079375
0.07
0.061875
0.06125
0.071875
0.07125
0.075625
0.09375
0.09625
0.0925
0.09375
0.07125
0.05875
0.05375
0.05
0.063125
0.075625
0.1
0.118125
0.1275
0.128125
0.116875
0.105625
0.096875
0.1
0.101875
0.1025
0.114375
0.11875
0.116875
0.11625
0.098125
0.091875
0.0925
0.085
0.0925
0.0875
0.09
0.09875
0.095
0.090625
0.07375
0.06375
0.065
0.0675
0.078125
0.08375
0.074375
0.075
0.07125
0.064375
0.0725
0.065
0.060625
0.0575
0.049375
0.059375
0.070625
0.084375
0.086875
0.07
0.049375
0.0275
0.015625
0.010625
0.006875
0.00875
0.010625
0.016875
0.025
0.025625
0.028125
0.0275
0.024375
0.03375
0.05125
0.079375
0.11375
0.125625
0.124375
0.11375
0.095
0.090625
0.085625
0.0825
0.0825
0.09
0.09875
0.105
0.121875
0.130625
0.14
0.14125
0.130625
0.11125
0.098125
0.09625
0.096875
0.101875
0.098125
0.0875
0.065
0.04875
0.04125
0.0425
0.0575
0.066875
0.0675
0.06375
0.05375
0.04625
0.0475
0.045625
0.05625
0.076875
0.093125
0.113125
0.115
0.106875
0.09625
0.09125
0.094375
0.091875
0.091875
0.081875
0.075625
0.079375
0.085625
0.0925
0.09375
0.081875
0.0675
0.066875
0.07125
0.086875
0.098125
0.0975
0.094375
0.085625
0.083125
0.080625
0.075
0.073125
0.071875
0.06375
0.06875
0.081875
0.09875
0.123125
0.136875
0.143125
0.136875
0.1425
0.14
0.12375
0.110625
0.074375
0.04625
0.040625
0.048125
0.071875
0.104375
0.125625
0.126875
0.12125
0.10875
0.090625
0.081875
0.078125
0.0625
0.063125
0.073125
0.075625
0.09
0.08625
0.0725
0.075
0.074375
0.081875
0.09375
0.093125
0.096875
0.104375
0.105625
0.1
0.091875
0.0875
0.07875
0.083125
0.095
0.099375
0.12125
0.13625
0.135625
0.13125
0.108125
0.09375
0.094375
0.10375
0.130625
0.15
0.15375
0.14375
0.11625
0.090625
0.085
0.091875
0.115
0.124375
0.12125
0.11
0.08375
0.071875
0.053125
0.039375
0.033125
0.035
0.045
0.06625
0.095
0.106875
0.128125
0.13875
0.134375
0.13375
0.115
0.09375
0.08
0.069375
0.075
0.084375
0.105
0.125625
0.14
0.143125
0.123125
0.11125
0.098125
0.09875
0.123125
0.138125
0.143125
0.148125
0.129375
0.114375
0.12
0.12125
0.133125
0.13125
0.10875
0.076875
0.0525
0.05125
0.058125
0.0775
0.085625
0.071875
0.071875
0.06625
0.065625
0.083125
0.07875
0.07625
0.076875
0.06125
0.0625
0.0675
0.069375
0.0775
0.08125
0.08875
0.09125
0.098125
0.103125
0.101875
0.10625
0.1075
0.108125
0.105625
0.106875
0.115625
0.1225
0.121875
0.116875
0.098125
0.085
0.086875
0.08375
0.0875
0.085
0.07375
0.0725
0.07125
0.06375
0.06875
0.0725
0.074375
0.095
0.101875
0.1075
0.12
0.1125
0.116875
0.11875
0.110625
0.12
0.1125
0.09625
0.095
0.08125
0.080625
0.09625
0.105625
0.116875
0.121875
0.114375
0.09125
0.071875
0.05375
0.0375
0.031875
0.025
0.0225
0.03
0.043125
0.061875
0.078125
0.09
0.105
0.12
0.1425
0.16125
0.161875
0.145625
0.123125
0.104375
0.108125
0.125625
0.1375
0.14125
0.12625
0.1075
0.08625
0.065625
0.045625
0.029375
0.02
0.01375
0.014375
0.013125
0.023125
0.04
0.066875
0.091875
0.099375
0.106875
0.101875
0.10875
0.11875
0.1275
0.138125
0.12875
0.130625
0.125
0.111875
0.10875
0.0925
0.07
0.05375
0.04
0.026875
0.035625
0.05625
0.084375
0.12125
0.146875
0.151875
0.13625
0.118125
0.096875
0.08875
0.09125
0.095
0.1
0.0975
0.103125
0.098125
0.0875
0.083125
0.060625
0.043125
0.0325
0.019375
0.018125
0.024375
0.030625
0.040625
0.049375
0.058125
0.066875
0.069375
0.070625
0.061875
0.05375
0.04875
0.0475
0.048125
0.050625
0.053125
0.049375
0.04875
0.0425
0.03625
0.038125
0.040625
0.046875
0.05625
0.05625
0.055
0.0525
0.053125
0.060625
0.06875
0.080625
0.08
0.076875
0.076875
0.07125
0.069375
0.0675
0.06
0.055
0.055
0.05
0.0575
0.07375
0.095
0.133125
0.160625
0.168125
0.160625
0.140625
0.120625
0.11375
0.119375
0.119375
0.12
0.119375
0.105625
0.093125
0.07125
0.04625
0.0325
0.035625
0.0475
0.0625
0.08125
0.07625
0.073125
0.07375
0.069375
0.089375
0.114375
0.1325
0.14625
0.14875
0.1375
0.12875
0.11625
0.090625
0.073125
0.053125
0.048125
0.053125
0.065625
0.091875
0.105625
0.12625
0.130625
0.12375
0.120625
0.109375
0.115625
0.120625
0.115625
0.116875
0.10875
0.094375
0.095
0.0925
0.090625
0.09375
0.086875
0.076875
0.059375
0.046875
0.049375
0.055625
0.07625
0.104375
0.115
0.125
0.12
0.0975
0.0825
0.076875
0.07625
0.088125
0.0975
0.0875
0.079375
0.05875
0.0425
0.039375
0.04
0.045625
0.05875
0.075
0.085625
0.100625
0.10625
0.104375
0.104375
0.100625
0.08625
0.07
0.065
0.071875
0.0975
0.129375
0.140625
0.131875
0.113125
0.0925
0.084375
0.09625
0.10375
0.09875
0.0975
0.078125
0.06625
0.070625
0.0625
0.06125
0.061875
0.06375
0.07375
0.09625
0.113125
0.12375
0.130625
0.116875
0.10375
0.080625
0.054375
0.041875
0.030625
0.038125
0.05125
0.063125
0.0875
0.103125
0.1175
0.12375
0.11125
0.08875
0.079375
0.071875
0.068125
0.085625
0.088125
0.096875
0.109375
0.111875
0.119375
0.125625
0.13375
0.138125
0.128125
0.109375
0.085
0.064375
0.055
0.065
0.08625
0.095
0.10625
0.104375
0.084375
0.085625
0.095625
0.104375
0.12375
0.128125
0.110625
0.0875
0.068125
0.050625
0.056875
0.081875
0.1075
0.148125
0.1675
0.16375
0.151875
0.124375
0.105625
0.09875
0.099375
0.10375
0.113125
0.129375
0.14
0.145625
0.136875
0.114375
0.093125
0.076875
0.079375
0.100625
0.123125
0.143125
0.155625
0.143125
0.128125
0.12
0.108125
0.12125
0.12625
0.121875
0.121875
0.099375
0.0875
0.07875
0.0675
0.0775
0.085625
0.105625
0.115
0.103125
0.099375
0.076875
0.065
0.0625
0.04875
0.0425
0.03625
0.033125
0.029375
0.02875
0.038125
0.053125
0.073125
0.094375
0.10375
0.096875
0.088125
0.073125
0.055
0.049375
0.05875
0.07
0.0925
0.115
0.1225
0.133125
0.13875
0.136875
0.12625
0.12125
0.1075
0.0975
0.0975
0.09
0.086875
0.08375
0.07875
0.07375
0.075
0.0825
0.09625
0.11375
0.123125
0.12875
0.126875
0.109375
0.109375
0.105625
0.105
0.11625
0.114375
0.11125
0.106875
0.109375
0.105625
0.096875
0.09875
0.085
0.078125
0.076875
0.058125
0.050625
0.04
0.031875
0.031875
0.038125
0.04625
0.06375
0.089375
0.095
0.10125
0.093125
0.078125
0.07625
0.086875
0.095
0.0925
0.088125
0.071875
0.07375
0.094375
0.121875
0.139375
0.14125
0.124375
0.0925
0.08125
0.08
0.09875
0.135
0.14875
0.149375
0.12875
0.08875
0.07
0.065
0.07375
0.0925
0.096875
0.095
0.09
0.0975
0.1175
0.128125
0.134375
0.11625
0.088125
0.07
0.055625
0.0525
0.046875
0.046875
0.0525
0.0725
0.10125
0.116875
0.1225
0.111875
0.100625
0.095625
0.0975
0.099375
0.088125
0.08125
0.0825
0.079375
0.086875
0.098125
0.0925
0.09375
0.104375
0.1075
0.1225
0.145625
0.15625
0.168125
0.166875
0.1525
0.141875
0.11625
0.106875
0.104375
0.089375
0.1
0.10625
0.11625
0.138125
0.14875
0.143125
0.133125
0.133125
0.1325
0.154375
0.16375
0.153125
0.14
0.105625
0.08
0.06375
0.04875
0.05
0.05625
0.0625
0.063125
0.065
0.071875
0.07875
0.0925
0.090625
0.07125
0.0625
0.06375
0.075
0.098125
0.1
0.09
0.076875
0.0725
0.086875
0.093125
0.106875
0.1075
0.10125
0.11
0.10875
0.1025
0.095625
0.08
0.071875
0.08125
0.089375
0.1025
0.113125
0.10625
0.1
0.091875
0.08375
0.08
0.075
0.07375
0.075
0.0825
0.083125
0.084375
0.083125
0.080625
0.096875
0.105625
0.119375
0.125
0.108125
0.0925
0.06375
0.053125
0.05625
0.069375
0.09375
0.09375
0.089375
0.08
0.063125
0.060625
0.06125
0.05875
0.061875
0.06125
0.06125
0.06125
0.063125
0.06875
0.08375
0.095
0.105
0.11125
0.099375
0.095
0.081875
0.0725
0.079375
0.075625
0.09
0.103125
0.09875
0.110625
0.105
0.10875
0.11625
0.104375
0.09625
0.075625
0.07375
0.0825
0.093125
0.09625
0.084375
0.084375
0.088125
0.11375
0.129375
0.121875
0.10625
0.076875
0.07
0.078125
0.098125
0.111875
0.103125
0.090625
0.078125
0.081875
0.095625
0.10625
0.096875
0.080625
0.076875
0.076875
0.09125
0.094375
0.085
0.0725
0.056875
0.050625
0.036875
0.025625
0.0275
0.039375
0.07125
0.105625
0.1275
0.13125
0.113125
0.095
0.068125
0.06125
0.075625
0.0825
0.109375
0.12125
0.110625
0.115
0.109375
0.09875
0.101875
0.0975
0.085625
0.09625
0.104375
0.1075
0.125625
0.11625
0.116875
0.110625
0.096875
0.09875
0.08
0.08125
0.085
0.09375
0.12625
0.13875
0.145
0.13625
0.109375
0.095
0.080625
0.074375
0.06875
0.06
0.051875
0.054375
0.07125
0.083125
0.10625
0.1075
0.093125
0.09375
0.08125
0.09125
0.115
0.12875
0.145
0.150625
0.143125
0.136875
0.130625
0.116875
0.10375
0.079375
0.07
0.07125
0.07625
0.1
0.110625
0.109375
0.10875
0.09125
0.0725
0.073125
0.07625
0.0875
0.099375
0.099375
0.09625
0.09375
0.08375
0.068125
0.064375
0.06
0.076875
0.1075
0.12875
0.16
0.17875
0.18
0.18
0.1625
0.135
0.12
0.1025
0.089375
0.08375
0.0725
0.055625
0.05125
0.05625
0.0625
0.085
0.096875
0.1
0.116875
0.124375
0.125
0.1275
0.10625
0.0875
0.08
0.07625
0.094375
0.11125
0.13
0.136875
0.12875
0.1225
0.10125
0.0975
0.10375
0.10125
0.11375
0.111875
0.095
0.08
0.055
0.035
0.03
0.031875
0.040625
0.05625
0.06375
0.07
0.075
0.06625
0.070625
0.081875
0.09
0.105
0.1
0.0775
0.05875
0.046875
0.045
0.058125
0.069375
0.071875
0.0825
0.083125
0.09625
0.10625
0.110625
0.121875
0.10875
0.100625
0.09
0.080625
0.09375
0.111875
0.119375
0.11875
0.11
0.088125
0.08625
0.10125
0.11375
0.13375
0.143125
0.13875
0.135
0.13125
0.12875
0.130625
0.13375
0.148125
0.1575
0.164375
0.17
0.15875
0.1525
0.135625
0.11875
0.114375
0.105625
0.105625
0.105625
0.105625
