1.1125
1.1125
1.1125
1.1125
1.1625
1.13125
1.175
1.1625
1.175
1.2125
1.13125
0.99375
0.93125
0.8
0.80625
0.89375
0.85
0.875
1.6875
2.525
3.43125
4.3125
3.475
2.5875
1.7625
1.00625
1.075
1.15625
1.16875
1.05
1.00625
0.9625
0.875
0.89375
0.925
0.925
0.96875
0.98125
0.91875
0.8875
0.86875
0.8625
0.85
0.86875
0.90625
0.95
1.0875
1.16875
1.14375
1.1
1.85
2.65
3.55625
4.39375
4.38125
4.35625
4.34375
4.48125
3.75
3.0375
2.28125
2.28125
3.15
3.9125
4.61875
3.575
2.5625
1.61875
0.76875
0.875
0.86875
0.90625
0.84375
0.725
0.75625
0.71875
0.75
1.675
2.4625
3.28125
4.16875
3.325
2.6
1.95
1.2125
1.29375
1.3375
1.29375
1.23125
1.23125
1.1625
1.1
1.04375
0.89375
0.85625
0.83125
0.825
0.94375
1.0125
1.06875
1.13125
1.125
1.05625
0.99375
0.95
0.925
0.95625
0.93125
0.925
0.83125
0.8
0.8875
0.9375
1.1125
1.15
1.09375
1.0125
0.83125
0.79375
0.825
0.84375
0.99375
1.075
1.05
1.14375
1.1375
1.14375
1.29375
1.35625
1.45625
1.53125
1.5
1.46875
1.375
2.14375
2.93125
3.65625
4.4125
3.4625
2.55
1.71875
0.94375
1.0
0.96875
0.95
0.825
1.60625
2.45
3.2375
4.15
3.325
2.575
1.925
1.18125
1.3
1.34375
1.29375
1.24375
1.125
1.00625
0.93125
0.8875
0.90625
0.925
0.86875
0.8125
0.7625
0.7125
0.775
0.9
1.06875
1.225
1.325
1.36875
1.36875
1.3875
1.4
1.39375
1.3875
1.3125
1.25625
1.225
1.175
1.24375
1.29375
1.2625
1.25
1.11875
1.0
1.01875
0.975
1.0
0.98125
0.84375
0.7625
0.675
0.65625
1.58125
2.5
3.4875
4.44375
3.5875
2.76875
1.84375
0.93125
0.94375
0.95
1.025
1.0125
0.99375
0.95625
0.81875
0.81875
0.88125
0.9375
1.1
1.20625
1.18125
1.15
1.10625
1.05
1.1375
1.2375
1.31875
1.34375
1.21875
1.9375
2.58125
3.35
4.19375
4.1875
4.25
4.19375
4.14375
3.225
2.375
1.59375
0.8625
1.01875
1.075
1.13125
1.9875
2.75625
3.51875
4.26875
3.3125
2.4625
1.65
0.88125
0.9625
1.05
1.1375
1.125
1.08125
0.95
0.8875
0.8625
0.88125
0.94375
0.90625
0.9625
0.98125
0.9625
0.9875
0.89375
0.8375
0.85625
0.81875
0.79375
0.75625
0.68125
0.725
0.875
1.06875
1.30625
1.39375
1.3625
1.28125
1.075
1.85625
3.5625
5.2625
7.9625
8.88125
8.91875
8.90625
7.125
6.24375
4.5125
2.90625
3.0
3.04375
3.93125
4.75625
4.73125
5.58125
6.4375
7.29375
7.25625
5.45625
3.65625
1.8
0.875
0.90625
0.94375
1.1
1.21875
1.275
1.3375
2.1875
2.98125
3.8
4.53125
3.5625
2.71875
1.875
1.1625
1.24375
1.24375
1.15625
0.95
0.8625
0.8
0.875
1.0625
1.175
1.2
1.18125
1.0625
0.95625
0.9875
0.91875
0.9
0.89375
0.8
0.7875
0.85625
0.91875
1.0375
1.15625
1.1125
1.04375
0.925
0.8875
0.96875
1.04375
1.16875
1.16875
1.1625
1.16875
1.14375
1.1625
1.11875
1.13125
1.98125
2.83125
4.59375
6.26875
6.2625
7.1375
6.2625
5.4875
5.54375
3.8625
3.05
2.10625
1.175
1.1
1.0375
1.125
1.23125
1.34375
1.3875
1.275
1.125
0.9125
0.81875
0.8875
0.99375
1.225
1.3625
1.34375
1.23125
0.99375
0.81875
0.7875
0.90625
1.125
1.3125
1.4375
1.44375
1.40625
1.38125
2.1875
3.0625
4.7875
7.3375
8.19375
9.025
8.0875
5.41875
3.55
1.7
0.83125
0.89375
1.06875
1.15
1.16875
2.00625
2.7875
3.7
5.46875
5.4875
5.45625
5.3125
3.4
2.41875
1.5375
0.775
0.91875
1.025
1.06875
1.04375
1.03125
1.875
2.75
3.575
4.4
3.5125
2.5375
1.65
0.80625
0.75625
0.78125
0.8125
0.79375
0.8875
1.03125
1.0625
1.06875
0.9875
0.85
0.85
0.8375
0.85
0.86875
0.83125
0.86875
0.925
0.95625
0.91875
0.84375
0.7625
0.73125
0.80625
0.88125
1.0
1.04375
1.03125
1.04375
1.88125
2.7875
4.5875
6.3625
7.26875
8.15
7.2375
7.18125
6.2125
5.2625
5.25625
3.5125
3.59375
3.6
3.6
4.525
3.68125
2.91875
2.15
1.2625
1.23125
1.13125
0.99375
0.9875
1.0
1.13125
1.2875
1.3875
2.30625
3.10625
3.86875
4.60625
3.65625
2.75
2.75625
2.7875
3.60625
4.45
4.4125
4.4125
4.50625
4.575
4.64375
4.6625
4.675
5.54375
5.55625
5.5875
5.56875
3.8375
2.9625
2.075
1.2375
1.21875
1.175
1.125
1.025
0.975
0.91875
0.8625
0.85625
0.8625
0.93125
1.0375
1.09375
1.125
1.15
1.125
1.15
2.03125
2.83125
3.6875
4.49375
3.59375
2.78125
1.9375
1.0875
1.9375
2.78125
3.61875
4.54375
3.7625
3.8125
4.725
6.4375
8.94375
9.725
8.7375
6.0375
3.4375
1.65625
0.78125
0.70625
0.63125
1.525
2.4875
3.5625
4.59375
3.825
2.99375
2.05
1.9625
2.725
3.475
4.3125
3.43125
2.65625
1.925
1.15
1.275
1.29375
1.28125
1.28125
1.19375
1.0875
0.95
0.86875
0.8875
1.025
1.20625
1.2625
1.23125
1.98125
2.66875
3.41875
4.19375
3.20625
2.2625
1.38125
0.55
0.625
0.76875
0.875
0.98125
1.14375
1.2125
1.20625
1.1
0.9
0.71875
0.59375
0.60625
0.6625
0.775
0.8875
0.94375
1.00625
1.0375
1.04375
0.95625
0.85
0.725
0.675
0.775
0.8875
1.00625
1.0875
1.06875
1.11875
1.1625
1.14375
1.16875
1.05625
1.8
2.61875
3.375
4.20625
3.29375
2.33125
1.45625
0.63125
0.74375
0.9375
1.05625
1.1375
1.15625
1.0625
1.00625
0.85625
1.59375
2.4375
3.29375
4.26875
3.45625
2.58125
1.75
0.85
0.88125
0.94375
0.90625
0.88125
0.86875
0.76875
0.6875
0.6125
0.54375
0.54375
0.575
0.63125
0.65
0.7375
0.8625
1.025
1.16875
1.225
1.26875
1.24375
1.20625
1.15
0.99375
0.7875
0.7
0.6625
0.71875
0.8375
0.80625
0.7375
0.6875
0.66875
0.76875
0.90625
0.98125
0.9875
0.95
0.9625
0.96875
1.0375
1.1125
1.0875
1.05
1.03125
0.93125
0.83125
0.79375
0.68125
0.6625
0.73125
0.75625
0.84375
0.9375
0.99375
1.1375
1.25
1.2625
1.26875
1.20625
1.14375
1.2
1.21875
1.1875
1.15625
1.10625
1.13125
1.1875
1.175
1.11875
0.94375
0.80625
0.75
0.6625
0.68125
0.69375
0.75
0.825
0.8375
0.8
0.70625
1.55625
2.5
3.55
4.5375
3.6875
2.78125
1.8125
0.96875
1.125
1.2375
1.34375
1.35625
1.20625
1.06875
0.85625
1.55625
2.4
3.2625
4.26875
3.55625
2.73125
1.975
1.1625
1.10625
1.15625
1.1125
1.04375
1.13125
1.13125
1.19375
1.2375
1.13125
1.01875
0.8875
0.75
0.76875
0.8625
0.93125
1.1125
1.20625
1.225
1.1875
1.0
0.76875
0.625
0.575
0.68125
0.8125
0.9125
1.04375
1.05
1.08125
1.0375
0.91875
0.80625
0.73125
0.7375
0.7
0.7125
0.71875
0.6625
0.66875
0.6625
0.6375
0.71875
0.80625
0.88125
0.93125
0.88125
0.8875
0.98125
1.08125
1.175
1.20625
1.15
1.075
1.0375
0.96875
0.93125
0.9625
0.99375
1.04375
1.04375
0.93125
0.83125
0.78125
0.7625
0.8375
0.95625
1.0375
1.10625
1.19375
1.21875
1.23125
1.21875
1.0875
0.96875
0.8875
0.84375
0.9375
1.025
1.01875
1.0125
0.95
0.9
0.9125
0.925
0.85625
0.76875
0.7625
0.7625
0.90625
0.9875
1.8375
2.68125
3.45
4.35
3.55625
2.76875
2.00625
1.18125
1.20625
1.25
1.25625
1.2625
1.20625
1.1
1.025
0.90625
0.91875
0.94375
0.91875
0.98125
0.975
1.05
1.2
1.2625
1.25
1.1375
1.83125
3.4625
5.16875
6.88125
6.8375
5.05
3.2875
1.5625
0.76875
0.825
0.89375
0.95
0.9625
0.9125
0.7875
0.6875
0.68125
0.73125
0.80625
0.84375
0.75
0.675
0.68125
0.675
0.725
0.7625
0.71875
0.6875
0.7375
0.84375
0.9
0.99375
1.01875
0.9875
1.09375
1.23125
1.28125
1.2625
2.00625
2.69375
3.5375
4.53125
3.775
2.9625
2.0375
1.03125
0.93125
0.875
0.84375
0.8125
0.8375
0.875
0.925
0.89375
0.8
0.71875
0.61875
0.6375
0.63125
0.59375
0.56875
0.54375
0.5625
0.61875
1.6
2.475
3.40625
4.375
3.50625
2.76875
1.975
1.05625
1.975
2.775
3.54375
4.44375
3.50625
3.53125
3.53125
3.40625
4.25
3.26875
2.4
1.63125
0.8375
0.96875
1.0125
1.04375
1.0125
1.03125
1.04375
1.875
2.73125
3.46875
4.23125
3.3125
2.45625
1.73125
1.0875
1.2
1.225
1.1875
1.075
1.05
1.025
0.91875
0.8
0.675
0.59375
0.6125
0.5875
0.6375
1.59375
2.58125
3.7
4.74375
4.03125
3.2625
2.40625
1.55
1.46875
1.375
1.2375
1.0875
1.00625
0.95
1.0125
1.03125
1.04375
1.03125
0.9625
0.94375
1.0125
1.09375
1.15625
1.28125
1.29375
1.3125
1.3
1.175
1.0375
0.825
0.6375
0.58125
0.64375
0.85
1.14375
1.2875
1.35625
1.26875
1.0875
1.05625
0.95
1.00625
1.04375
1.0
1.10625
1.13125
1.275
1.4
1.45
1.48125
1.35625
1.24375
1.05625
0.89375
0.89375
0.89375
1.04375
1.16875
1.2125
1.25
1.2125
1.2125
1.1375
1.075
1.0125
0.86875
0.83125
0.8
0.7
0.6625
0.59375
0.53125
0.5625
0.66875
0.74375
0.85625
0.9875
1.04375
1.125
1.125
1.08125
0.9625
0.8875
0.9125
0.9375
1.1125
1.2625
1.35625
1.375
1.2375
1.0375
0.83125
0.775
0.8
0.94375
1.0875
1.15625
1.2625
1.28125
1.25625
1.15
1.05
0.9875
0.9375
0.96875
0.95625
0.89375
0.9375
0.98125
0.99375
1.00625
0.8625
0.75625
0.68125
0.65625
0.75
0.84375
0.96875
1.13125
1.24375
1.325
1.31875
1.175
1.05625
0.85
0.74375
0.8
0.83125
1.025
1.1875
1.19375
1.26875
1.1875
1.0875
1.05625
0.925
0.94375
0.9
0.94375
1.075
1.13125
1.3
1.34375
1.3
1.2125
1.03125
0.85625
0.75625
0.74375
0.78125
0.88125
0.8875
0.85
0.89375
0.9375
1.075
1.15625
1.075
1.0
0.9375
0.9125
0.975
0.93125
0.7875
0.68125
0.5875
0.6
0.66875
0.71875
0.75
0.71875
0.6875
0.6375
0.5875
0.5875
0.5875
0.60625
0.60625
0.64375
0.6625
0.75625
0.8875
0.9625
1.05625
1.075
1.11875
1.15625
1.1875
1.15
1.0
0.81875
0.725
1.60625
2.56875
3.6
4.475
3.6
2.7
1.78125
0.96875
0.975
1.05625
1.05
0.98125
0.925
0.75625
0.70625
0.75
0.76875
0.83125
0.8375
0.7125
0.63125
0.61875
0.65625
0.84375
1.025
1.08125
1.10625
0.975
0.8875
0.90625
0.875
0.98125
1.075
1.075
1.10625
1.00625
0.8625
0.78125
0.75625
0.85
0.96875
1.13125
1.18125
1.15625
1.0375
0.81875
0.71875
0.625
0.68125
0.7625
0.81875
0.95625
0.95625
0.975
0.9
0.74375
0.725
0.78125
0.975
1.21875
1.325
1.34375
1.29375
1.2125
1.20625
1.15
1.0875
0.94375
0.79375
0.7375
0.625
0.64375
0.70625
0.76875
0.95625
1.1125
1.175
1.15
1.03125
0.89375
0.8875
0.93125
1.0375
1.08125
0.96875
0.85625
0.65625
0.58125
0.58125
0.59375
0.65625
0.66875
0.7
0.8
0.95
1.0875
1.20625
1.25
1.20625
1.11875
1.0125
0.825
0.75625
0.73125
0.75625
0.8875
0.94375
1.0
1.0125
1.0
0.9875
0.94375
0.96875
0.99375
0.9875
1.00625
0.925
0.81875
0.775
0.7375
0.7125
0.71875
0.69375
0.7375
0.8125
0.95625
1.1
1.13125
1.16875
1.05625
0.94375
0.93125
0.925
1.0375
1.075
0.98125
0.91875
0.775
0.70625
0.7125
0.68125
0.74375
0.80625
0.94375
1.075
2.0
2.96875
3.78125
4.54375
3.61875
2.60625
1.75625
1.0125
1.025
1.08125
1.05625
0.9
0.90625
0.98125
1.05625
1.28125
1.38125
1.375
1.3375
1.14375
1.0375
0.9375
0.825
0.79375
0.71875
0.75
0.89375
1.11875
1.2875
1.3
1.19375
1.00625
0.9
0.95
1.025
1.1
1.125
1.08125
1.0875
1.0125
0.9875
0.9
0.76875
0.79375
0.75
0.81875
0.9125
0.9375
1.025
1.05625
1.09375
1.04375
0.95625
0.8625
0.8125
0.84375
0.8875
0.93125
0.8375
0.75
0.7375
0.7
0.825
0.975
1.06875
1.21875
1.2125
1.175
1.05
0.875
0.775
0.71875
0.78125
0.8375
0.89375
0.90625
0.825
0.79375
0.76875
0.7
0.71875
0.775
0.8125
0.925
0.96875
0.95625
0.99375
0.96875
0.96875
0.96875
0.94375
0.99375
1.05625
1.075
1.06875
1.01875
0.96875
1.00625
1.03125
1.05625
1.14375
1.14375
1.19375
1.24375
1.14375
1.05625
0.94375
0.83125
0.80625
0.84375
0.88125
0.8625
0.8375
0.78125
0.69375
0.71875
0.7375
0.75625
0.8375
0.81875
0.80625
0.8375
0.8125
0.83125
0.85625
0.8375
0.85625
0.8625
0.85625
0.85
0.8125
0.84375
0.8875
0.8875
0.90625
0.86875
0.81875
0.8
0.7875
0.775
0.78125
0.8125
0.83125
0.85
0.84375
0.8125
0.7875
0.71875
0.66875
0.64375
0.6625
0.76875
0.86875
0.91875
0.875
0.73125
0.61875
0.55
0.55625
0.675
0.80625
0.925
1.0
1.01875
0.91875
0.83125
0.8375
0.76875
0.775
0.85
0.81875
0.9375
1.13125
1.20625
1.2625
1.16875
1.0
0.875
0.85
0.9
0.90625
0.95625
0.94375
0.93125
0.9625
0.875
0.7625
0.66875
0.5375
0.525
0.55
0.5375
0.5875
0.55
0.59375
0.6875
0.73125
0.85
0.84375
0.80625
0.8625
0.875
0.975
1.0875
1.13125
1.24375
1.23125
1.15625
1.0125
0.7375
0.625
0.5875
0.65625
0.83125
0.9125
0.95
0.99375
1.01875
0.9875
1.05
1.025
0.9625
0.975
0.8375
0.7875
0.74375
0.7125
0.7875
0.81875
0.86875
0.875
0.81875
0.7625
0.70625
0.7125
0.75
0.70625
0.6625
0.58125
0.575
0.65
0.8
0.95
0.95
1.03125
1.0375
1.0875
1.2125
1.25625
1.225
1.1375
1.05
0.91875
0.85625
0.7375
0.61875
0.5875
0.56875
0.65625
0.775
0.775
0.8
0.81875
0.775
0.8
0.7625
0.65
0.64375
0.64375
0.675
0.80625
0.79375
0.7875
0.78125
0.71875
0.78125
0.85625
0.93125
0.9375
0.81875
0.6625
0.58125
0.59375
0.75625
0.9375
1.04375
1.16875
1.13125
1.09375
1.05625
0.89375
0.89375
0.89375
0.8125
0.81875
0.74375
0.7
0.81875
0.975
1.05625
1.075
1.0125
0.8625
0.78125
0.73125
0.6375
0.61875
0.675
0.75
0.9125
1.0125
1.05625
1.0625
0.95625
0.88125
0.79375
0.75625
0.8125
0.8875
0.9625
1.01875
1.0375
1.05
0.98125
0.85625
0.75625
0.6125
0.5875
0.68125
0.73125
0.8875
0.975
0.9875
1.05
1.0375
1.05625
0.99375
0.89375
0.79375
0.725
0.775
0.8625
0.9375
0.96875
0.9375
0.8625
0.8125
0.75625
0.79375
0.8625
0.91875
1.025
1.0625
1.0875
1.1125
1.10625
1.1
1.10625
1.06875
1.01875
0.95625
0.90625
0.8625
0.8125
0.70625
0.5625
0.5375
0.53125
0.59375
0.675
0.675
0.69375
0.7125
0.775
0.80625
0.83125
0.89375
0.94375
1.0125
1.1
1.1375
1.0625
1.0
0.8375
0.7125
0.69375
0.6875
0.83125
0.98125
1.15
1.30625
1.38125
1.34375
1.275
1.18125
1.075
1.075
0.98125
0.925
0.8125
0.675
0.7
0.68125
0.76875
0.86875
0.80625
0.775
0.75
0.7
0.8125
0.925
0.98125
1.05
0.95625
0.89375
0.775
0.6375
0.6625
0.66875
0.825
1.075
1.1625
1.2375
1.23125
1.09375
1.10625
1.09375
1.0
0.975
0.8125
0.65625
0.6625
0.625
0.7375
0.94375
0.9875
1.0625
1.05625
0.9
0.8625
0.9
0.8625
0.94375
1.03125
0.96875
1.05625
1.05625
1.0
1.0375
0.91875
0.8625
0.75
0.6
0.6125
0.5875
0.66875
0.8
0.80625
0.83125
0.81875
0.7375
0.6625
0.5875
0.55625
0.56875
0.65625
0.74375
0.775
0.81875
0.7875
0.775
0.70625
0.63125
0.675
0.68125
0.8375
0.95
0.98125
1.05
0.95625
0.9375
0.91875
0.8625
0.89375
0.8375
0.76875
0.7375
0.69375
0.69375
0.6375
0.54375
0.5375
0.53125
0.63125
0.76875
0.8125
0.8875
0.96875
1.0125
1.0375
1.0625
0.96875
0.925
0.9125
0.8
0.7625
0.6625
0.5625
0.5375
0.54375
0.625
0.675
0.71875
0.775
0.7375
0.80625
0.875
0.84375
0.875
0.75625
0.66875
0.6875
0.68125
0.825
0.90625
0.9
0.975
1.8125
2.7375
3.74375
5.53125
5.5875
5.525
5.3625
3.43125
2.44375
1.55625
0.75
0.94375
1.09375
1.20625
1.325
1.3625
1.35
1.325
1.19375
1.00625
0.8625
0.70625
0.66875
0.7125
0.8
0.9875
1.1625
1.3375
1.4625
1.50625
1.51875
1.5125
1.51875
1.54375
1.56875
1.58125
1.54375
1.49375
1.3625
1.2
1.04375
1.725
2.525
3.325
4.225
3.43125
2.63125
1.94375
1.2
1.325
1.41875
1.4375
1.41875
1.375
1.3375
1.225
1.16875
1.1375
1.0375
1.0125
0.96875
0.8375
0.79375
0.8125
0.7625
0.85625
0.9375
0.9
0.91875
0.80625
0.7125
0.675
0.68125
0.79375
0.81875
0.9
0.9125
0.83125
1.7
2.45
3.25
4.125
3.1875
2.39375
1.625
0.8875
1.075
1.10625
1.0625
0.9625
0.8625
0.88125
0.975
1.0625
1.16875
1.2625
1.28125
1.3125
1.31875
1.28125
1.30625
1.26875
1.19375
1.1
0.91875
0.80625
0.75625
0.7625
0.80625
0.80625
0.825
0.83125
0.85625
0.9125
0.85625
0.7125
0.64375
0.6375
0.76875
1.05
1.175
2.0875
2.93125
3.625
4.4375
3.54375
2.59375
1.73125
0.85625
0.85
0.8875
0.9125
0.85
0.70625
0.5875
0.5375
0.63125
0.79375
0.99375
1.05
1.025
1.075
1.09375
1.21875
1.2625
1.21875
1.08125
0.9
0.86875
0.8625
1.00625
1.21875
1.33125
1.35
1.21875
1.03125
0.9125
0.94375
1.05
1.08125
1.0
0.85
0.75625
0.8
0.91875
0.975
0.95
0.85625
0.7625
0.7625
0.83125
0.91875
1.0125
1.1125
1.16875
1.1375
1.1625
1.15
1.06875
1.06875
0.9625
0.8625
0.83125
0.8625
0.9375
0.99375
1.0375
1.01875
1.89375
2.7125
3.61875
4.4375
3.45625
2.6125
1.65625
1.7
2.6625
3.5375
4.48125
3.5875
2.725
1.85625
0.8875
0.84375
0.69375
0.54375
0.4625
0.44375
0.55
0.68125
0.88125
0.94375
0.9375
0.98125
0.95625
1.06875
1.13125
1.09375
1.0
0.7625
0.6
0.55625
0.56875
0.68125
0.825
0.84375
0.85
1.725
2.48125
3.28125
4.15625
3.2875
2.48125
1.6875
0.79375
0.71875
0.71875
0.76875
0.9
1.025
1.05
0.975
0.8625
0.7875
1.625
2.5625
3.45625
4.375
3.56875
2.66875
1.83125
1.0125
1.0375
1.16875
1.21875
1.15625
1.03125
0.8375
0.76875
0.76875
0.9
0.98125
1.8375
2.7625
3.6125
4.525
3.675
2.7125
1.68125
0.64375
0.525
0.4625
0.5
0.6
0.7375
0.875
1.0125
1.01875
1.0
0.925
0.85625
0.85
0.80625
0.85
0.7875
1.65
2.5375
3.3375
4.2125
3.25
2.3
2.30625
2.34375
4.21875
6.08125
6.19375
6.31875
4.63125
2.91875
2.88125
2.725
3.50625
4.30625
3.41875
3.51875
3.58125
3.66875
4.60625
3.7875
2.9
2.01875
1.1375
1.05
1.0875
1.96875
2.7875
3.7
4.4875
3.525
2.69375
1.75
0.86875
0.86875
0.7875
0.85
0.925
0.96875
1.025
0.99375
1.00625
1.05625
1.04375
1.05
0.9875
0.9125
0.98125
1.04375
1.11875
1.26875
1.26875
1.2
1.1125
1.8
2.55625
3.3875
4.2
3.3125
2.4625
1.65
0.94375
1.03125
1.05625
1.0125
0.825
0.7375
0.65
0.63125
0.75
0.8625
1.025
1.0875
1.09375
1.0625
0.98125
0.94375
1.74375
2.5
3.3625
4.2375
3.4125
2.6875
1.88125
1.1125
1.175
1.1625
1.10625
0.98125
0.925
0.89375
0.875
0.9625
0.9875
1.0375
1.175
1.21875
1.28125
1.28125
1.16875
1.01875
0.84375
0.75
0.775
0.875
1.03125
1.0875
1.0125
0.95625
0.86875
0.83125
0.8625
0.81875
0.78125
0.75
0.78125
1.74375
2.6875
3.6875
5.48125
5.475
5.49375
5.4
3.5375
2.59375
1.63125
0.725
0.79375
0.83125
0.86875
0.96875
0.94375
0.9375
0.9375
0.80625
0.7375
0.725
0.65
0.725
0.85625
0.95
2.025
2.9875
3.83125
4.65625
3.65
2.675
1.825
0.94375
1.03125
1.13125
1.1125
1.125
1.09375
1.06875
1.14375
1.175
1.18125
2.00625
2.8
3.69375
4.55
3.6875
2.825
1.85
0.975
1.0125
1.025
1.1
1.06875
0.94375
0.76875
0.58125
0.50625
0.55625
0.66875
0.80625
0.90625
0.8875
0.93125
1.00625
1.01875
1.08125
1.03125
0.925
0.825
0.725
0.725
0.66875
0.6875
0.7125
0.6875
0.78125
0.80625
0.86875
0.94375
0.9625
1.06875
1.1
1.1125
1.13125
1.0375
1.04375
1.05
1.05
1.10625
1.1
1.04375
0.925
0.875
0.83125
1.75625
2.7375
4.49375
6.24375
6.16875
6.16875
4.46875
2.7625
1.96875
1.0375
0.975
0.85625
0.8125
0.90625
0.975
1.16875
1.26875
1.29375
1.31875
1.3
1.2875
1.225
1.175
1.94375
2.7375
3.61875
4.4875
3.625
2.7375
1.80625
0.9
0.9125
0.9375
0.975
1.01875
1.0625
1.13125
1.2125
1.275
1.30625
1.24375
1.2
1.09375
1.00625
1.04375
1.05625
1.20625
1.3125
1.325
1.33125
1.1875
1.0625
1.0125
0.9625
0.98125
1.05
1.06875
1.01875
1.05
0.975
0.925
0.9625
0.91875
0.9875
0.9875
1.025
1.06875
1.04375
1.15
1.125
1.04375
1.0
0.80625
0.75
0.80625
0.8375
1.0125
1.09375
1.075
1.06875
0.94375
0.89375
0.94375
1.04375
1.19375
1.25625
1.2625
1.15
1.0875
1.09375
1.09375
1.1625
1.1875
1.2
1.225
1.25
1.26875
1.275
1.275
1.34375
1.4125
1.43125
1.45
1.33125
1.16875
1.0375
0.90625
0.84375
0.79375
0.76875
0.74375
0.71875
0.71875
0.70625
0.69375
0.68125
0.75625
0.8375
0.875
0.9125
0.86875
0.825
0.86875
0.91875
0.925
0.93125
0.89375
0.91875
1.03125
1.15
1.2125
1.1375
0.9375
0.8
0.7
0.725
0.84375
0.8125
0.875
0.85
0.88125
1.075
1.19375
1.3875
1.46875
1.45625
1.375
1.25
1.2125
1.14375
1.16875
1.15
1.0875
1.05
0.975
0.93125
0.8875
0.9375
1.05625
1.16875
1.225
1.15
1.01875
0.98125
1.05625
1.16875
1.26875
1.2375
1.15
1.15625
1.1875
1.25625
1.3125
1.2375
1.09375
0.9625
0.78125
0.65625
0.64375
0.675
0.8
0.98125
1.025
0.99375
0.89375
0.70625
0.68125
0.775
0.94375
1.1
1.175
1.1
0.9875
0.91875
0.80625
0.75625
0.69375
0.70625
0.725
0.825
0.9125
0.89375
0.9125
0.85
0.89375
0.98125
1.075
1.1625
1.0875
0.9625
0.83125
0.71875
0.69375
0.68125
0.66875
0.61875
0.6375
0.74375
0.88125
1.0125
1.05
0.9625
0.8125
0.7375
0.625
0.58125
0.6
0.58125
0.675
0.78125
0.85625
0.93125
0.8875
0.8375
0.75
0.63125
0.65625
0.7125
0.875
1.98125
2.925
3.74375
4.50625
3.44375
2.46875
1.58125
0.6625
0.6625
0.65
0.70625
0.725
0.7625
0.86875
0.8875
1.0375
1.125
1.125
1.06875
0.88125
0.8125
0.76875
0.8
0.94375
0.9625
0.94375
0.9375
0.79375
0.71875
0.6875
0.6625
0.75625
0.775
0.8625
0.95625
1.025
1.2
1.28125
1.31875
1.35625
1.275
1.23125
2.05
2.83125
3.675
4.48125
3.56875
2.66875
1.7875
0.8625
0.78125
0.69375
0.5625
0.575
0.65
0.7875
1.0125
1.1375
1.1625
1.175
1.0625
0.93125
0.86875
0.73125
0.71875
0.75625
0.8625
1.025
1.0625
1.1125
1.00625
0.91875
0.975
0.98125
1.075
1.0625
0.925
1.69375
2.5125
3.48125
4.45625
3.7
2.8875
2.0
1.15
1.14375
1.08125
1.85625
2.70625
3.525
4.43125
3.64375
2.76875
1.90625
1.0
0.95
0.85625
0.85625
0.86875
0.9
1.00625
1.0125
1.03125
1.03125
1.05
1.13125
1.24375
1.34375
1.40625
1.36875
1.2125
1.025
0.78125
0.66875
0.63125
0.61875
0.6625
0.6625
0.69375
0.7625
0.8625
0.9
0.90625
0.875
0.8
0.76875
0.7375
0.8
0.9125
1.0375
1.20625
1.25625
1.2875
1.2625
1.1875
1.2
1.19375
1.3
1.4125
1.475
1.48125
1.38125
1.2125
1.89375
2.6125
3.39375
4.25
3.41875
2.65
1.8625
1.10625
1.14375
1.1375
1.13125
1.11875
1.18125
1.2625
1.34375
1.39375
1.41875
1.4375
1.4375
1.3625
1.2375
1.09375
0.9625
0.9
0.96875
1.01875
1.075
1.1375
1.04375
0.95
0.78125
0.61875
0.5875
0.61875
0.78125
0.99375
1.0875
1.0875
1.03125
0.93125
0.96875
1.13125
1.28125
1.4125
1.46875
1.43125
1.3375
1.1875
1.0
0.8125
0.68125
0.6125
0.625
0.6875
0.7625
0.86875
0.9125
0.90625
0.925
0.88125
0.83125
0.8625
0.875
0.95
1.09375
1.1375
1.125
1.11875
1.025
0.95
0.95
0.8875
0.9125
1.0125
1.08125
1.1625
1.2
1.20625
1.1875
1.19375
1.16875
1.125
1.11875
1.1125
1.09375
1.0
0.95
0.8625
0.85
0.94375
0.9
0.925
0.90625
0.9
1.05625
1.15625
1.3125
1.425
1.375
1.28125
1.08125
0.875
0.825
0.8875
1.01875
1.14375
1.11875
1.01875
0.90625
0.76875
0.75625
0.7625
0.81875
0.925
1.0125
1.1125
1.2
1.2875
2.18125
3.05
3.8125
4.5125
3.45625
2.36875
1.3625
0.43125
0.5
0.6875
0.8625
0.99375
1.03125
0.9875
1.01875
1.1375
1.25
1.36875
1.425
1.41875
1.45
1.475
1.49375
1.5
1.45625
1.43125
1.33125
2.08125
2.83125
3.5375
4.3875
3.525
2.69375
2.7625
2.75
3.5625
4.45
3.5875
2.7125
1.9
0.93125
0.875
0.85625
0.8625
0.975
1.06875
1.15
1.125
1.96875
2.8
3.5875
4.5125
3.675
2.8375
2.1
1.23125
1.18125
1.0625
0.83125
0.6375
1.4125
2.325
3.29375
4.275
3.48125
2.61875
1.81875
1.025
1.0375
1.05
0.98125
0.99375
1.1125
1.23125
1.31875
1.29375
1.225
1.14375
1.19375
1.23125
1.24375
1.275
1.225
1.29375
1.3875
1.4
1.33125
1.14375
0.94375
0.825
0.85
0.95
1.04375
1.2
1.30625
1.3625
1.425
1.425
1.41875
1.45
1.4125
1.3625
2.14375
2.8375
3.675
4.45625
3.5625
2.7875
1.88125
1.0375
0.9875
0.875
0.8
0.7625
1.65
2.5625
3.56875
4.525
3.74375
2.9375
2.05
1.1625
1.1375
1.16875
1.2125
1.325
1.43125
1.49375
1.50625
1.4625
1.35
1.18125
1.1
0.9375
0.925
1.025
1.0
1.05625
0.95625
0.74375
0.69375
0.66875
0.71875
0.825
0.775
0.68125
0.6625
0.64375
0.7
0.79375
0.75625
0.7
0.6625
0.59375
0.59375
0.63125
0.6625
0.775
0.91875
1.0875
1.28125
1.39375
1.45625
1.45625
1.41875
1.40625
1.40625
1.44375
1.4875
1.51875
1.54375
1.51875
1.4875
1.45
1.4125
1.40625
1.3875
1.3
1.2125
1.09375
0.91875
1.7375
2.55
4.30625
6.16875
6.21875
6.2375
4.43125
2.55
1.6
0.6875
0.70625
0.8125
0.81875
0.8375
0.8875
0.9125
1.075
1.24375
1.36875
1.4625
1.45625
1.43125
1.36875
1.30625
1.25625
1.2
1.175
1.13125
1.1
1.05
1.86875
2.7375
4.4875
6.275
6.3125
6.3375
4.64375
2.8875
2.0
1.1
0.95625
0.86875
0.84375
0.74375
0.8
0.84375
0.825
0.8875
0.8625
0.89375
0.8875
0.94375
1.0
1.03125
1.16875
1.2
1.24375
1.2375
1.14375
1.0625
0.9375
0.79375
0.65
0.525
0.45
0.48125
1.45625
3.35
5.225
7.8875
8.71875
7.725
7.6625
5.86875
5.04375
5.20625
3.58125
2.85
2.01875
1.09375
0.9875
0.84375
0.83125
0.85625
0.9375
1.025
0.9875
0.85
0.725
0.69375
0.7375
0.8625
1.01875
1.05625
1.01875
1.05625
0.96875
0.9625
1.05625
1.05
1.15625
1.15
1.0125
0.93125
0.85625
0.85625
0.9875
1.03125
1.0125
1.0625
0.99375
1.0375
1.1125
1.11875
1.2625
1.275
1.25
1.1625
1.00625
0.925
0.86875
0.91875
0.91875
0.99375
1.06875
1.05
1.04375
0.95
0.88125
0.9125
1.04375
1.11875
1.1625
1.1875
1.15
1.21875
1.30625
1.28125
1.21875
1.1625
1.075
1.11875
1.18125
1.125
1.0875
1.0125
0.95
1.01875
1.03125
1.03125
1.0
0.8875
0.875
0.8625
0.9375
1.0625
1.15625
1.2375
2.11875
2.9625
3.75625
4.59375
3.73125
2.90625
2.16875
1.4
1.45
1.48125
1.4625
1.4375
1.3875
1.25625
1.1
0.9
0.775
0.8
0.86875
1.0125
2.025
2.95
3.8625
4.7125
3.75
2.80625
1.81875
0.89375
0.89375
0.89375
0.975
1.03125
1.075
1.0375
0.925
0.85625
0.8
0.81875
0.85625
0.8375
0.88125
0.96875
1.10625
1.25625
1.26875
1.25625
1.15625
1.15625
1.15625
1.15625
