1.24875
1.24875
1.24875
1.24875
1.175
1.04625
0.9375
0.860625
0.8525
0.894375
0.940625
0.9375
0.93375
0.9525
0.93875
1.02375
1.030625
0.98875
0.965
0.8825
0.886875
0.93125
1.003125
1.053125
1.045625
1.040625
1.008125
1.019375
1.086875
1.111875
1.124375
1.086875
1.01875
0.990625
0.984375
0.991875
1.02125
1.07875
1.13
1.21625
1.25875
1.238125
1.20625
1.14875
1.13125
1.1375
1.16
1.161875
1.090625
1.045
0.988125
0.990625
1.048125
1.02
0.998125
0.9425
0.941875
1.01625
1.079375
1.134375
1.105
1.078125
1.058125
1.054375
1.054375
1.040625
1.03125
1.00125
1.02375
1.0175
1.00625
1.016875
1.010625
1.051875
1.103125
1.148125
1.176875
1.176875
1.160625
1.16
1.166875
1.174375
1.158125
1.10125
1.0275
0.94375
0.891875
0.8525
0.8125
0.79625
0.82
0.865625
0.954375
1.066875
1.154375
1.22125
1.274375
1.26625
1.19625
1.13
1.06375
1.0025
1.005625
1.0225
1.000625
1.034375
1.05875
1.06375
1.066875
1.00375
0.9575
0.929375
0.960625
1.045
1.045625
1.015625
0.938125
0.855625
0.8575
0.904375
0.990625
1.030625
1.05625
1.064375
1.045625
1.109375
1.178125
1.260625
1.349375
1.36875
1.3775
1.30875
1.236875
1.19875
1.09625
1.105625
1.106875
1.06375
1.1325
1.103125
1.09
1.139375
1.109375
1.141875
1.153125
1.085
1.02375
0.95
0.888125
0.885625
0.90125
0.934375
0.97375
1.014375
1.103125
1.148125
1.165
1.14375
1.054375
0.961875
0.910625
0.873125
0.86
0.9225
0.968125
1.0575
1.140625
1.11375
1.08625
1.038125
0.96125
1.001875
1.054375
1.0725
1.149375
1.13625
1.105625
1.104375
1.08
1.065625
1.08
1.083125
1.079375
1.14375
1.138125
1.106875
1.088125
0.995
0.941875
0.9625
0.971875
1.038125
1.159375
1.2225
1.284375
1.28875
1.2425
1.196875
1.15625
1.144375
1.106875
1.1075
1.1125
1.116875
1.130625
1.105625
1.046875
0.976875
0.925625
0.879375
0.875625
0.900625
0.9475
1.004375
1.035
1.049375
1.010625
0.96375
0.94375
0.9275
0.975625
1.0425
1.0925
1.129375
1.129375
1.135625
1.1525
1.1775
1.1825
1.146875
1.0925
1.014375
0.97875
0.98125
0.96875
0.971875
0.94125
0.9
0.9025
0.96625
1.0575
1.119375
1.168125
1.13625
1.07375
1.031875
0.959375
0.895
0.88
0.87625
0.923125
0.995625
1.00875
0.98625
0.90375
0.855625
0.853125
0.9025
0.993125
1.04875
1.10875
1.160625
1.1975
1.18625
1.139375
1.05375
0.991875
0.99625
0.98625
0.980625
0.995625
0.946875
0.929375
0.970625
0.95375
1.01375
1.106875
1.159375
1.254375
1.309375
1.2825
1.21
1.095
0.976875
0.935625
0.964375
1.014375
1.08
1.1325
1.14125
1.145625
1.11
1.003125
0.93375
0.878125
0.886875
0.97375
1.0425
1.105
1.12125
1.105625
1.099375
1.081875
1.108125
1.155
1.189375
1.25875
1.265
1.216875
1.188125
1.100625
1.076875
1.11875
1.121875
1.17
1.16125
1.12875
1.128125
1.105
1.128125
1.149375
1.153125
1.175625
1.1475
1.1225
1.11375
1.068125
1.0425
0.983125
0.903125
0.878125
0.905
0.993125
1.091875
1.16
1.16375
1.1225
1.0975
1.0725
1.0725
1.12375
1.160625
1.194375
1.225
1.19625
1.14
1.075
0.995625
0.914375
0.87875
0.904375
0.9775
1.10875
1.221875
1.261875
1.240625
1.185625
1.136875
1.12
1.159375
1.189375
1.208125
1.221875
1.165
1.093125
1.000625
0.901875
0.841875
0.85875
0.921875
1.019375
1.135625
1.156875
1.158125
1.109375
1.025625
0.99375
0.9675
0.96625
1.0175
1.064375
1.096875
1.1025
1.075625
1.04
0.999375
0.974375
0.921875
0.876875
0.858125
0.874375
0.905625
0.93
0.970625
1.0025
1.1
1.179375
1.205
1.19125
1.07125
0.996875
0.95625
0.96
1.075625
1.17125
1.2575
1.278125
1.20875
1.10625
0.97
0.9225
0.931875
1.016875
1.1825
1.29625
1.35875
1.351875
1.285
1.229375
1.206875
1.206875
1.205625
1.19875
1.2025
1.2075
1.235
1.229375
1.1875
1.14
1.056875
1.02125
0.994375
0.999375
1.065625
1.109375
1.1675
1.201875
1.199375
1.228125
1.26125
1.290625
1.316875
1.3
1.260625
1.215625
1.178125
1.1625
1.145625
1.111875
1.081875
1.045
1.0175
1.0075
0.955625
0.93
0.941875
0.965
1.056875
1.114375
1.099375
1.105
1.054375
0.985
0.968125
0.881875
0.849375
0.899375
0.951875
1.0625
1.140625
1.121875
1.09125
1.068125
1.030625
1.085625
1.13875
1.139375
1.166875
1.101875
1.04375
0.989375
0.95875
0.99375
0.980625
1.025
1.008125
0.99875
1.041875
1.08
1.1475
1.16625
1.196875
1.200625
1.224375
1.233125
1.239375
1.226875
1.176875
1.16375
1.12875
1.13125
1.171875
1.244375
1.274375
1.2575
1.16
0.99875
0.894375
0.82125
0.84375
0.938125
1.018125
1.0775
1.121875
1.14125
1.13
1.13625
1.069375
0.985625
0.94875
0.929375
0.96625
1.005
1.05125
1.05875
1.06125
1.023125
0.946875
0.879375
0.815625
0.816875
0.84375
0.941875
1.07875
1.181875
1.2625
1.225625
1.0875
0.97125
0.86625
0.82
0.8675
0.9025
0.951875
1.02875
1.035625
1.03
1.005
0.96
0.980625
1.039375
1.12125
1.173125
1.20375
1.20875
1.15875
1.135
1.101875
1.031875
1.019375
1.01875
1.03125
1.104375
1.145625
1.146875
1.1125
1.0675
1.048125
1.07625
1.13
1.17625
1.205
1.216875
1.22875
1.21
1.16375
1.086875
1.005
0.945
0.9625
1.050625
1.15875
1.294375
1.37
1.380625
1.375
1.343125
1.300625
1.26875
1.22
1.146875
1.12125
1.071875
1.034375
1.00875
0.931875
0.926875
0.888125
0.888125
0.94
0.911875
0.9525
0.948125
0.91
0.939375
0.9325
0.960625
0.998125
1.00625
1.023125
1.0075
1.004375
0.985625
0.970625
0.998125
1.00375
1.05875
1.078125
1.095
1.09875
1.043125
1.0025
0.92125
0.909375
0.91875
0.968125
1.028125
1.02125
1.020625
1.001875
1.018125
1.0275
1.05625
1.0725
1.015625
1.0175
0.986875
0.9525
1.006875
1.029375
1.065
1.13375
1.141875
1.15
1.204375
1.238125
1.311875
1.3825
1.388125
1.341875
1.24875
1.15875
1.084375
1.1025
1.124375
1.168125
1.215
1.1825
1.165
1.0975
1.009375
0.959375
0.943125
0.924375
0.9375
0.9425
0.88625
0.8925
0.8725
0.863125
0.9425
0.991875
1.08375
1.149375
1.158125
1.168125
1.116875
1.126875
1.140625
1.120625
1.13625
1.0875
1.040625
1.045625
1.074375
1.123125
1.143125
1.154375
1.11875
1.09
1.0925
1.095625
1.160625
1.235625
1.264375
1.233125
1.124375
0.979375
0.9
0.898125
0.975625
1.09375
1.21375
1.29375
1.2725
1.21875
1.1375
1.050625
1.059375
1.08125
1.05625
1.070625
1.041875
0.989375
1.01125
1.011875
1.004375
1.004375
0.978125
0.92125
0.89
0.875
0.854375
0.85625
0.8725
0.9475
1.049375
1.15625
1.215
1.183125
1.10625
1.028125
0.975625
0.935625
0.915
0.92125
0.92125
0.973125
1.028125
1.05625
1.096875
1.095625
1.0975
1.07625
1.039375
0.9975
0.934375
0.916875
0.888125
0.8975
0.94625
0.9525
0.968125
0.93625
0.889375
0.91625
0.983125
1.110625
1.208125
1.234375
1.18875
1.080625
1.02
0.975
1.01
1.07375
1.1325
1.194375
1.17625
1.136875
1.02
0.90625
0.84875
0.836875
0.936875
0.99375
1.045
1.05625
0.99625
1.029375
1.03125
1.05
1.08875
1.074375
1.080625
1.08125
1.08
1.05625
1.079375
1.085625
1.07125
1.1075
1.05
0.998125
0.9825
0.911875
0.916875
0.934375
0.910625
0.91375
0.88375
0.86125
0.885625
0.90875
0.918125
0.9125
0.91125
0.93375
0.974375
1.05
1.0725
1.025625
0.974375
0.89875
0.855625
0.893125
0.939375
0.979375
1.015625
1.005
1.009375
1.016875
1.023125
1.070625
1.094375
1.098125
1.101875
1.05625
0.9875
0.984375
0.965625
0.9425
0.963125
0.9125
0.914375
0.9925
1.073125
1.1775
1.225625
1.219375
1.19125
1.1925
1.238125
1.2675
1.326875
1.3375
1.323125
1.3
1.228125
1.17625
1.081875
1.040625
0.990625
0.9275
0.896875
0.86625
0.890625
0.940625
1.034375
1.055
1.048125
1.01
0.938125
0.9425
0.949375
1.000625
1.051875
1.07875
1.091875
1.065
1.004375
0.95875
0.951875
0.9525
1.020625
1.031875
0.981875
0.990625
0.9625
1.01
1.134375
1.161875
1.155625
1.066875
0.90625
0.779375
0.724375
0.7625
0.8775
1.058125
1.175
1.229375
1.193125
1.10375
1.0625
1.00875
1.025
1.023125
0.97625
1.003125
1.00125
1.035625
1.135625
1.18375
1.215
1.205625
1.12875
1.03625
1.0175
1.0275
1.0525
1.09875
1.060625
1.013125
0.978125
0.91125
0.876875
0.865
0.90625
1.01
1.101875
1.12125
1.06125
0.971875
0.903125
0.919375
0.960625
1.021875
1.085
1.096875
1.118125
1.065
1.01875
1.0325
1.044375
1.121875
1.16625
1.116875
1.04875
0.9925
0.943125
0.953125
0.988125
0.974375
0.970625
0.99125
0.99625
1.029375
1.039375
1.01375
1.01375
1.01375
1.01375
