0.364625
0.364625
0.364625
0.364625
0.3876875
0.321625
0.19725
0.0164375
-0.0669375
-0.0315
-0.0138125
0.101125
0.1436875
0.1366875
0.226
0.2013125
0.2128125
0.2340625
0.1928125
0.2488125
0.2795625
0.2348125
0.198625
0.1135625
0.0898125
0.125125
0.1698125
0.23175
0.25675
0.232875
0.2265
0.17125
0.11775
0.1615
0.179125
0.294
0.408
0.44825
0.462375
0.428875
0.36375
0.2519375
0.183
0.0699375
0.020125
0.07775
0.0744375
0.098375
0.083125
0.0271875
0.042875
0.0821875
0.14525
0.2049375
0.2371875
0.2533125
0.25325
0.242
0.1860625
0.1315625
0.0691875
0.036
0.0826875
0.0630625
0.05825
0.045
-0.0100625
0.0893125
0.1324375
0.1675
0.205875
0.083875
0.0614375
-0.0085625
-0.0719375
0.022
0.0561875
0.1716875
0.2725625
0.194875
0.12
0.020875
-0.047375
-0.018
-0.016
-0.026375
-0.093125
-0.171
-0.228
-0.282125
-0.238
-0.136625
0.0831875
0.300125
0.465
0.602875
0.5534375
0.506875
0.4086875
0.2435
0.22675
0.223875
0.2159375
0.257875
0.2240625
0.1179375
0.0823125
0.0491875
0.0254375
0.0989375
0.2313125
0.33275
0.45925
0.5873125
0.54125
0.527625
0.447125
0.2555625
0.1560625
0.0543125
-0.0218125
0.0405625
0.1436875
0.208625
0.2785
0.2211875
0.124
0.0196875
-0.073375
-0.092375
-0.1670625
-0.1825625
-0.153875
-0.1499375
-0.011
0.145
0.220625
0.294875
0.256
0.136625
0.099
0.0265625
0.00325
0.061875
0.0326875
0.036625
-0.0030625
-0.126125
-0.207
-0.2205
-0.229375
-0.1724375
-0.0978125
-0.0689375
0.0135625
0.0895
0.106125
0.1484375
0.1631875
0.1503125
0.169125
0.09875
-0.0089375
-0.0718125
-0.0905625
-0.0378125
0.083125
0.11575
0.1721875
0.1699375
0.08625
0.0333125
-0.119375
-0.2213125
-0.25275
-0.2096875
-0.123375
-0.0068125
0.063375
0.0804375
0.08675
0.025375
0.07675
0.1295625
0.2256875
0.3605625
0.3523125
0.2689375
0.1093125
-0.08575
-0.2093125
-0.2020625
-0.1866875
-0.1230625
-0.077375
-0.0758125
0.0115625
0.07475
0.10275
0.1084375
0.052375
0.0046875
-0.014875
-0.0325
-0.0716875
-0.1191875
-0.1265
-0.117
-0.085875
-0.087125
-0.0610625
0.01825
0.1175625
0.24925
0.3048125
0.2170625
0.096125
0.016875
-0.0560625
0.0194375
0.162125
0.2530625
0.296375
0.231
0.096375
-0.03575
-0.07925
-0.0836875
-0.0343125
0.011375
-0.0410625
-0.0869375
-0.1855
-0.2439375
-0.1801875
-0.143875
-0.0618125
-0.0186875
-0.0213125
0.0571875
0.134125
0.2715625
0.450375
0.59725
0.722625
0.6923125
0.55275
0.3630625
0.147375
0.1018125
0.172125
0.232125
0.30675
0.295625
0.1573125
0.03275
-0.0373125
-0.1421875
-0.190625
-0.2174375
-0.3508125
-0.3808125
-0.3563125
-0.2994375
-0.1304375
0.0104375
0.08075
0.0863125
0.0446875
-0.0165
-0.0375
-0.0045
-0.0305625
-0.064875
-0.134625
-0.2059375
-0.194875
-0.1996875
-0.1386875
-0.1070625
-0.0565625
0.100125
0.19425
0.2976875
0.385125
0.2984375
0.2781875
0.2496875
0.15075
0.143875
0.0574375
-0.02075
-0.0368125
-0.0300625
-6.25e-05
0.0374375
0.057875
0.0426875
0.0294375
0.0173125
-0.0273125
-0.059125
-0.099375
-0.1491875
-0.1465625
-0.1115625
-0.066375
-0.0025625
0.0324375
0.0155
0.0588125
0.1095
0.1795
0.25625
0.26975
0.20025
0.108125
0.0595625
0.01025
-0.01525
-0.0294375
-0.0810625
-0.1119375
-0.0663125
-0.001125
0.0366875
0.1001875
0.113
0.14025
0.224375
0.1965
0.152875
0.0296875
-0.1075
-0.116625
-0.0775625
-0.01375
0.086
0.1340625
0.133875
0.1545
0.1033125
0.0104375
-0.0583125
-0.085375
-0.083
0.043125
0.22625
0.36625
0.503875
0.467375
0.373875
0.2985625
0.2218125
0.27125
0.2853125
0.19075
0.0814375
-0.096125
-0.21825
-0.1928125
-0.18525
-0.1095
-0.071375
-0.079
-0.02175
0.009
0.0573125
0.1313125
0.1436875
0.18325
0.22275
0.1730625
0.1541875
0.0665625
-0.0209375
-0.046875
-0.0728125
-0.1203125
-0.1099375
-0.10425
-0.0885625
-0.004125
-0.018
-0.0693125
-0.130625
-0.12875
-0.104125
-0.01125
0.121875
0.0890625
0.0814375
0.039625
-0.0510625
0.028
0.108125
0.188375
0.26975
0.1790625
0.063625
-0.086
-0.2281875
-0.2228125
-0.2013125
-0.111625
-0.00425
0.057375
0.125625
0.1774375
0.1940625
0.21025
0.2554375
0.2313125
0.257625
0.2226875
0.08575
0.0233125
-0.08875
-0.1375625
-0.08925
-0.0549375
-0.054125
-0.0078125
0.0590625
0.0955
0.2138125
0.2505
0.1538125
0.07875
-0.0255
-0.1246875
-0.14625
-0.1354375
-0.1094375
-0.0196875
0.0689375
0.105625
0.149375
0.10475
0.0998125
0.101625
0.0331875
0.026875
-0.0376875
-0.0491875
-0.015125
-0.03975
-0.04025
-0.089625
-0.1598125
-0.1485
-0.0969375
-0.002
0.154
0.262625
0.34775
0.363375
0.3193125
0.2885
0.208
0.161375
0.103375
0.0288125
0.0451875
0.0201875
0.057625
0.1083125
0.0189375
-0.0266875
-0.0853125
-0.131125
-0.07075
-0.013375
0.015875
-0.01125
-0.05425
-0.02725
-0.0315
0.04475
0.0571875
-0.055875
-0.0518125
-0.0865625
-0.00325
0.1773125
0.2359375
0.3178125
0.338125
0.2679375
0.211
0.129375
0.0635625
0.082125
0.1213125
0.1265
0.0579375
-0.078875
-0.1405625
-0.1613125
-0.1365625
-0.090875
-0.118125
-0.1675625
-0.15375
-0.0711875
0.030375
0.1555
0.2303125
0.258875
0.2276875
0.1799375
0.171125
0.1776875
0.2573125
0.3534375
0.327125
0.2305625
0.16475
0.1246875
0.2330625
0.3546875
0.346375
0.2145
0.01625
-0.0718125
-0.051875
0.1210625
0.25175
0.32025
0.3310625
0.2784375
0.2746875
0.15
0.1221875
0.054125
0.054125
0.054125
0.054125
