-6.119375
-6.119375
-6.119375
-6.119375
-6.130625
-5.619375
-5.380625
-3.855625
-2.573125
-2.095
-1.25625
-2.10375
-3.703125
-4.839375
-7.068125
-7.83375
-7.44375
-7.205
-5.734375
-4.613125
-4.4225
-4.55125
-5.25
-6.871875
-7.824375
-7.916875
-7.869375
-6.99125
-6.3225
-5.781875
-4.999375
-3.799375
-2.798125
-2.330625
-2.556875
-3.914375
-4.833125
-5.64875
-5.59
-4.91625
-4.86125
-4.67625
-5.40625
-5.985625
-6.19875
-6.05375
-5.615
-4.9775
-4.66875
-4.673125
-4.54875
-4.495625
-3.95875
-3.74625
-3.173125
-3.22625
-3.248125
-2.71375
-2.841875
-2.57375
-2.549375
-2.96625
-2.89625
-2.9225
-3.06375
-2.85125
-2.706875
-2.573125
-2.394375
-2.67125
-3.796875
-4.756875
-5.646875
-6.3825
-5.95625
-5.5
-5.04375
-4.42875
-3.941875
-3.72875
-3.4675
-3.7325
-4.60125
-5.033125
-5.450625
-4.578125
-3.675
-3.001875
-2.2
-2.091875
-1.5
-1.014375
-1.021875
-1.705
-2.16
-3.390625
-4.319375
-4.5225
-5.606875
-5.879375
-6.081875
-6.563125
-6.60375
-5.9125
-5.640625
-5.529375
-5.789375
-7.513125
-8.30625
-8.255
-7.4025
-5.445625
-3.879375
-3.188125
-2.856875
-2.770625
-3.425
-3.395625
-3.93625
-4.3725
-4.26
-4.84125
-4.116875
-3.624375
-3.001875
-2.0675
-2.314375
-3.29125
-4.524375
-6.2575
-7.615
-7.814375
-8.25875
-7.773125
-7.239375
-7.1925
-6.158125
-5.6125
-4.86125
-4.420625
-4.669375
-4.730625
-5.3475
-5.224375
-5.46875
-5.419375
-4.568125
-3.919375
-2.55625
-2.038125
-2.335
-2.968125
-3.815
-4.739375
-5.2825
-5.53
-5.534375
-4.6675
-3.625625
-3.0525
-3.083125
-3.48375
-4.949375
-5.500625
-5.368125
-5.450625
-4.378125
-3.688125
-4.191875
-4.481875
-5.160625
-6.58125
-6.2675
-6.01375
-5.296875
-3.71875
-3.985625
-3.92
-4.538125
-6.1475
-6.834375
-7.735
-7.935
-6.53125
-4.5125
-2.5525
-1.9375
-2.795
-4.2675
-5.74
-6.29
-5.98125
-5.555625
-5.06
-4.134375
-3.76875
-3.44625
-3.32125
-3.44125
-2.8175
-2.5325
-2.4925
-2.8225
-4.195
-5.744375
-6.143125
-6.286875
-5.823125
-4.51625
-3.96
-3.495625
-3.51875
-4.284375
-5.784375
-7.2
-7.645
-7.80875
-7.21375
-7.123125
-7.4325
-7.165625
-6.67125
-5.055625
-3.48375
-2.5025
-2.131875
-2.8475
-3.938125
-4.88
-5.089375
-4.53125
-3.416875
-2.491875
-2.038125
-1.945
-2.809375
-3.326875
-4.105625
-5.5175
-6.25
-7.57375
-8.665
-9.123125
-8.948125
-8.635625
-7.543125
-5.70125
-4.724375
-2.864375
-1.995625
-2.224375
-2.29125
-3.053125
-3.87625
-4.42125
-4.548125
-5.320625
-5.291875
-4.89125
-5.13875
-4.433125
-4.48875
-4.8
-4.859375
-4.786875
-3.75
-2.759375
-2.150625
-2.566875
-4.348125
-6.2925
-7.02875
-6.874375
-5.14
-3.125625
-2.50875
-2.434375
-4.05625
-6.096875
-7.19875
-7.45625
-6.865625
-6.244375
-6.048125
-6.425
-6.703125
-6.71
-6.36875
-6.759375
-6.541875
-5.75125
-5.388125
-4.194375
-4.354375
-5.389375
-5.9375
-6.584375
-6.743125
-6.1075
-6.134375
-5.83
-4.635
-4.314375
-4.004375
-4.356875
-6.173125
-7.37
-7.765625
-7.42875
-5.86
-4.575
-3.338125
-2.5025
-1.86125
-1.746875
-2.6675
-3.473125
-5.29125
-5.963125
-5.459375
-5.185625
-3.763125
-3.546875
-4.375625
-5.43875
-6.7525
-7.531875
-7.215625
-6.601875
-6.7525
-6.374375
-7.30125
-7.496875
-6.4725
-5.878125
-4.01125
-2.87
-3.0225
-2.756875
-3.5725
-4.64375
-4.495
-5.24125
-5.075625
-4.4975
-4.609375
-4.075
-3.360625
-2.8675
-2.140625
-1.391875
-1.57625
-1.92125
-2.95625
-4.484375
-5.79875
-6.385625
-6.128125
-5.38375
-4.41375
-3.709375
-2.78375
-2.1175
-1.50875
-1.89625
-3.08375
-4.3075
-5.96125
-6.809375
-7.186875
-7.151875
-6.186875
-5.123125
-4.570625
-4.27375
-4.245
-4.04125
-3.760625
-3.933125
-4.639375
-5.069375
-5.228125
-4.619375
-3.7675
-4.016875
-3.925
-4.495625
-5.22
-5.22375
-5.97
-6.471875
-6.82125
-7.781875
-7.75875
-7.951875
-7.56875
-6.47
-6.205
-5.335
-5.4375
-5.26375
-5.26875
-6.035
-6.07375
-6.853125
-6.5875
-5.519375
-5.1525
-4.78625
-5.65
-7.1
-7.7475
-8.314375
-7.83625
-6.688125
-5.479375
-4.2175
-3.08375
-2.543125
-3.24125
-3.71375
-4.605
-5.4075
-5.404375
-5.569375
-5.454375
-5.29125
-5.128125
-4.890625
-4.979375
-5.068125
-5.156875
-5.394375
-5.305625
-5.216875
-4.39625
-3.26375
-2.294375
-1.325
-1.819375
-2.78875
-3.995625
-5.2025
-5.6775
-6.356875
-6.53375
-6.710625
-6.8875
-6.6225
-6.65
-6.259375
-5.86875
-5.03625
-4.41375
-4.6275
-4.22625
-4.029375
-3.3575
-2.2675
-2.4075
-3.0225
-3.875
-4.235
-3.55
-2.39
-1.23
-1.055
-1.74
-2.9
-4.408125
-5.42375
-5.46875
-5.03875
-3.95875
-3.30875
-3.199375
-3.3275
-4.059375
-3.629375
-3.64125
-3.653125
-3.793125
-4.665
-4.57875
-4.73
-4.02125
-3.26625
-3.0275
-2.661875
-3.15625
-4.324375
-5.566875
-6.69875
-7.400625
-6.8475
-6.145625
-5.44375
-4.741875
-4.905
-5.216875
-5.418125
-4.696875
-4.27875
-3.711875
-3.255625
-4.214375
-4.6325
-5.199375
-5.935625
-6.45875
-6.823125
-6.875625
-6.7
-5.965625
-4.62625
-3.570625
-2.905
-2.33375
-2.83375
-3.47875
-3.7325
-4.008125
-4.4925
-5.2275
-5.375625
-5.85
-5.406875
-4.521875
-4.589375
-4.376875
-4.450625
-4.0825
-3.47875
-3.22375
-3.26875
-3.79625
-4.525
-4.74375
-4.52625
-4.76625
-4.891875
-6.071875
-7.37875
-7.64875
-7.14875
-5.874375
-5.43125
-5.96875
-6.95625
-7.94
-7.58375
-6.884375
-6.394375
-5.535625
-5.56375
-4.993125
-4.178125
-4.104375
-4.253125
-5.303125
-6.703125
-7.7325
-7.481875
-6.778125
-6.55
-5.82375
-6.276875
-6.454375
-6.153125
-5.92
-5.36875
-5.123125
-4.631875
-4.885625
-4.524375
-3.873125
-2.605625
-1.138125
-1.158125
-1.45375
-2.774375
-4.329375
-4.9525
-5.77875
-6.6425
-6.935
-6.30875
-6.196875
-5.7875
-5.194375
-5.63875
-5.25125
-4.09875
-3.398125
-2.95625
-2.81375
-3.825
-4.74375
-4.93875
-4.50875
-3.579375
-2.69625
-2.9375
-4.13125
-5.715
-7.59875
-7.785625
-7.068125
-5.195625
-3.07125
-2.79
-3.365
-5.005
-7.026875
-7.348125
-6.743125
-6.419375
-4.743125
-3.700625
-3.5575
-2.951875
-4.189375
-6.335
-7.563125
-8.83
-9.079375
-8.22375
-7.7675
-6.84
-5.178125
-3.579375
-2.456875
-1.3475
-1.569375
-2.306875
-2.95875
-4.603125
-5.371875
-6.44375
-6.910625
-6.84125
-7.1475
-6.540625
-6.154375
-4.8675
-3.77125
-2.92
-2.569375
-3.82625
-5.0075
-6.814375
-8.381875
-9.145625
-9.923125
-9.589375
-9.00625
-8.274375
-7.244375
-7.291875
-6.921875
-6.700625
-7.090625
-6.38875
-6.818125
-7.2475
-6.555625
-7.11875
-7.065
-6.661875
-7.714375
-7.79
-7.8675
-8.794375
-8.946875
-9.798125
-9.873125
-9.2975
-7.914375
-5.7175
-4.97625
-3.804375
-3.511875
-3.9275
-3.611875
-3.994375
-4.87625
-5.514375
-6.353125
-7.69
-7.880625
-8.291875
-8.405625
-7.1725
-7.145625
-6.508125
-5.7975
-6.451875
-5.956875
-5.660625
-5.5875
-4.88125
-5.2075
-6.298125
-7.608125
-8.47625
-8.77625
-7.85625
-6.325625
-5.626875
-4.700625
-5.07625
-6.231875
-6.9975
-7.79125
-8.07875
-7.754375
-7.43
-7.26
-6.570625
-6.47375
-6.0275
-6.3575
-6.5825
-6.06625
-5.784375
-4.306875
-3.3475
-2.75875
-2.4
-2.8
-3.4225
-4.415625
-5.4225
-6.40875
-7.66875
-8.409375
-9.02
-9.460625
-8.749375
-8.186875
-7.568125
-6.264375
-6.038125
-5.59
-5.47875
-6.63375
-6.934375
-7.67875
-8.14375
-7.92375
-8.204375
-8.263125
-7.931875
-7.704375
-7.645625
-7.63875
-8.411875
-8.731875
-8.7725
-8.245
-7.3275
-6.93875
-6.601875
-7.245625
-7.308125
-7.465
-7.57
-7.210625
-7.38625
-7.34
-7.390625
-7.493125
-8.269375
-9.045625
-9.628125
-10.106875
-9.330625
-8.554375
-7.2925
-6.0825
-6.179375
-6.27625
-7.538125
-8.851875
-8.806875
-8.2975
-7.15375
-5.51625
-5.185625
-5.934375
-6.345
-6.89
-6.8075
-5.569375
-5.103125
-5.641875
-5.71625
-6.14
-5.8
-4.298125
-3.503125
-3.629375
-4.67625
-6.070625
-7.49625
-8.095
-8.155
-8.69125
-9.050625
-9.233125
-9.045
-8.18875
-6.431875
-4.589375
-3.39125
-3.084375
-3.705625
-5.2675
-6.50375
-7.25625
-7.950625
-8.115625
-8.324375
-7.753125
-6.8825
-5.326875
-3.323125
-2.523125
-2.32625
-3.121875
-4.98875
-5.76
-6.639375
-7.373125
-6.569375
-6.640625
-6.231875
-4.99
-5.593125
-5.824375
-5.3275
-5.613125
-4.244375
-3.445625
-3.67875
-3.86375
-4.971875
-4.6575
-4.04125
-3.65125
-2.7625
-2.986875
-3.02625
-2.0775
-1.50625
-1.3775
-1.12625
-1.595625
-2.295
-2.03
-2.0725
-2.273125
-2.50125
-2.7125
-3.114375
-3.284375
-2.355
-2.393125
-2.9725
-3.51125
-5.59375
-7.056875
-7.01
-7.544375
-7.0275
-5.9375
-5.90375
-4.55125
-3.17625
-2.73375
-2.414375
-3.15125
-4.19
-4.51
-3.679375
-2.698125
-1.94875
-2.131875
-3.4825
-4.34625
-4.978125
-5.096875
-4.449375
-4.520625
-4.933125
-4.6525
-4.76625
-4.115
-3.279375
-3.076875
-2.828125
-3.6125
-3.70125
-3.98125
-4.26125
-3.58625
-3.831875
-4.426875
-5.25375
-5.96375
-6.450625
-5.966875
-4.939375
-4.430625
-3.390625
-2.780625
-2.5625
-2.9675
-3.311875
-3.354375
-3.54875
-3.0975
-3.734375
-4.626875
-5.3575
-6.03625
-5.405
-5.598125
-5.419375
-4.724375
-5.488125
-5.315
-5.804375
-6.646875
-6.2575
-6.086875
-5.12125
-4.365
-4.465
-3.755625
-3.36375
-2.925625
-1.38
-0.89125
-0.63
-0.600625
-1.15375
-1.84125
-3.23
-4.34625
-5.605625
-5.67375
-4.77125
-4.448125
-4.07875
-5.305
-6.23375
-6.253125
-7.004375
-5.98875
-5.671875
-5.5575
-4.33875
-4.963125
-5.7175
-6.808125
-8.27125
-8.66125
-8.138125
-7.27875
-6.01375
-4.318125
-3.163125
-1.794375
-0.8775
-0.495625
-0.17625
-1.0625
-1.9025
-3.195625
-4.404375
-4.458125
-4.62875
-4.031875
-3.15125
-2.22625
-1.428125
-1.62375
-2.125
-3.64875
-5.149375
-5.500625
-5.925625
-5.76375
-5.101875
-4.89
-4.90625
-4.53125
-4.05375
-4.321875
-4.5675
-5.203125
-6.881875
-6.953125
-6.09
-4.76125
-2.823125
-2.243125
-3.121875
-4.45375
-5.830625
-7.275625
-7.186875
-7.633125
-7.369375
-5.83125
-5.023125
-3.24375
-2.541875
-3.3925
-4.36
-5.758125
-6.840625
-6.71875
-6.99625
-6.955
-6.668125
-6.558125
-5.931875
-5.861875
-5.9875
-6.946875
-7.90625
-8.239375
-7.741875
-6.260625
-4.87625
-4.68625
-5.958125
-7.70125
-8.919375
-9.29125
-8.129375
-6.64625
-5.9225
-5.101875
-5.275625
-5.951875
-5.895625
-5.35375
-5.1375
-5.00125
-5.6675
-7.49875
-8.81375
-9.7975
-10.38
-10.04875
-9.010625
-7.530625
-5.60875
-3.67
-3.24375
-3.3
-4.336875
-6.498125
-7.35375
-8.666875
-9.44125
-9.2825
-9.62375
-9.37
-8.34
-7.466875
-6.553125
-5.22
-4.900625
-4.31
-3.870625
-3.756875
-3.94625
-4.738125
-5.1175
-6.394375
-7.12875
-7.258125
-7.615625
-7.26625
-6.77
-6.188125
-6.055625
-5.87125
-5.984375
-6.81625
-6.970625
-6.405
-4.77
-3.14625
-2.405625
-3.20875
-5.123125
-5.936875
-5.841875
-4.695625
-3.660625
-3.715
-3.89375
-4.05
-4.3325
-4.0875
-3.94875
-4.41375
-3.720625
-3.23625
-3.254375
-3.241875
-4.689375
-5.784375
-6.844375
-7.79
-8.005625
-8.533125
-7.761875
-6.0575
-3.623125
-2.000625
-1.424375
-1.670625
-2.838125
-2.69375
-2.4375
-1.944375
-1.0225
-1.001875
-1.280625
-2.0575
-3.75125
-4.6425
-5.356875
-5.646875
-4.578125
-4.410625
-4.386875
-5.113125
-6.51875
-6.61875
-6.394375
-5.485
-5.255
-6.02125
-6.83125
-7.41375
-6.68375
-6.2275
-5.16
-4.26125
-4.186875
-3.320625
-3.31125
-3.523125
-3.3525
-3.61625
-4.183125
-4.52875
-5.065625
-4.944375
-3.8525
-2.730625
-2.19
-2.441875
-3.455
-4.558125
-4.69
-4.761875
-4.17125
-3.991875
-4.128125
-3.968125
-4.02875
-3.67
-3.570625
-4.20125
-4.9425
-6.170625
-7.103125
-7.41875
-7.775
-7.703125
-8.2825
-8.86375
-9.75375
-10.030625
-9.61625
-9.20375
-8.0925
-7.779375
-7.08625
-6.01875
-5.800625
-5.825625
-6.584375
-7.35625
-7.4775
-6.7425
-6.2825
-6.135625
-6.288125
-6.79875
-6.45875
-6.784375
-6.533125
-6.753125
-7.345625
-7.4775
-8.095
-7.869375
-7.64375
-6.5275
-5.35375
-5.1625
-5.245
-6.250625
-7.25625
-6.989375
-6.069375
-4.958125
-4.219375
-4.40375
-5.073125
-6.283125
-6.748125
-7.5625
-8.27125
-7.7075
-7.51625
-6.0525
-4.58875
-3.856875
-3.125
-3.426875
-3.623125
-4.400625
-5.050625
-4.90625
-4.61375
-3.791875
-3.225
-3.974375
-5.209375
-6.06125
-7.158125
-6.798125
-6.27625
-5.78375
-4.41875
-4.04625
-3.60375
-3.8225
-4.563125
-5.158125
-5.45125
-5.3275
-5.2875
-4.7625
-4.730625
-4.26375
-3.331875
-2.67125
-1.43
-0.871875
-0.975
-1.135625
-2.000625
-3.034375
-3.76625
-4.335
-4.77375
-4.795625
-4.515625
-4.0875
-3.474375
-2.91875
-2.966875
-3.2225
-3.17625
-2.945
-2.841875
-3.404375
-4.570625
-6.106875
-7.213125
-7.35875
-7.481875
-7.118125
-6.595625
-6.914375
-6.56375
-7.246875
-7.8175
-7.515625
-8.144375
-8.04125
-8.540625
-9.68625
-10.29125
-10.7975
-11.07125
-11.01125
-10.8525
-10.350625
-9.65125
-8.740625
-7.5975
-7.436875
-7.315
-7.894375
-8.8625
-8.749375
-8.123125
-6.136875
-3.543125
-1.659375
-0.275
-0.320625
-1.298125
-2.105
-3.11
-4.045
-4.290625
-4.53875
-4.803125
-4.096875
-4.54625
-4.750625
-5.355
-7.040625
-7.878125
-9.03375
-8.870625
-7.736875
-6.504375
-5.579375
-5.838125
-6.956875
-7.658125
-8.13625
-8.15125
-7.73625
-8.08
-7.8925
-7.460625
-6.488125
-5.215625
-4.258125
-4.18375
-5.190625
-6.00375
-6.933125
-7.43
-7.38625
-7.845
-8.075625
-7.61875
-6.790625
-6.14125
-5.35375
-5.215625
-5.82
-5.21625
-5.395625
-4.971875
-3.746875
-3.648125
-2.83125
-3.429375
-4.155625
-4.423125
-5.048125
-4.01875
-3.4825
-3.5975
-3.946875
-5.758125
-7.916875
-8.994375
-9.373125
-8.865
-7.82
-7.35625
-7.643125
-7.564375
-7.48375
-7.49
-6.76375
-7.24125
-7.10375
-6.71125
-6.348125
-4.80375
-4.116875
-4.0575
-4.88125
-6.703125
-8.653125
-9.603125
-10.120625
-10.141875
-9.794375
-10.016875
-9.941875
-8.9425
-7.01875
-5.304375
-3.516875
-2.893125
-4.015625
-4.636875
-5.850625
-6.6925
-6.0775
-5.441875
-4.065
-2.89875
-2.4825
-2.383125
-2.654375
-3.5775
-4.220625
-5.33
-6.811875
-7.463125
-8.374375
-7.896875
-6.616875
-5.034375
-3.10625
-1.944375
-0.7125
0.42375
0.383125
-0.510625
-2.834375
-6.170625
-7.899375
-8.28375
-7.579375
-5.72625
-4.5525
-3.951875
-3.518125
-3.52625
-3.48375
-3.695
-4.04875
-4.94125
-6.11625
-6.71
-7.15125
-6.956875
-6.88
-7.395625
-7.183125
-6.688125
-5.84375
-4.796875
-4.48
-4.649375
-4.81875
-4.925625
-5.7625
-6.705
-6.875625
-6.7925
-5.60875
-4.2725
-3.8525
-3.57
-3.29875
-3.064375
-3.46375
-4.3975
-5.881875
-7.1125
-7.565
-7.22375
-6.309375
-5.611875
-4.914375
-5.39625
-6.81
-7.530625
-8.25125
-7.629375
-5.9075
-5.178125
-4.35
-4.10125
-4.519375
-4.269375
-3.786875
-2.83375
-2.139375
-2.435
-3.34125
-5.50875
-7.58
-8.355
-8.189375
-7.1925
-5.451875
-4.7825
-4.854375
-4.484375
-4.415625
-3.3175
-2.49875
-1.7325
-1.129375
-1.7325
-2.25
-3.355
-5.139375
-6.016875
-6.7175
-7.17375
-6.24375
-5.27875
-3.78875
-2.964375
-2.920625
-3.494375
-4.120625
-4.284375
-4.60625
-4.061875
-4.08375
-3.1025
-2.389375
-2.73375
-3.5025
-5.806875
-7.18125
-7.870625
-7.943125
-7.38625
-7.530625
-7.743125
-7.41875
-6.32125
-4.263125
-2.955
-2.248125
-2.334375
-3.528125
-4.02875
-4.515
-5.280625
-5.959375
-6.698125
-7.013125
-6.72625
-5.276875
-3.984375
-3.373125
-3.6175
-5.123125
-6.471875
-7.91625
-8.249375
-7.920625
-7.053125
-5.883125
-5.33875
-5.75625
-7.1025
-7.735
-7.9975
-7.160625
-6.084375
-5.50625
-5.626875
-5.75625
-5.194375
-4.703125
-3.233125
-2.85375
-2.82375
-3.0775
-3.994375
-3.45125
-3.7325
-3.944375
-4.185
-5.109375
-5.400625
-5.894375
-6.588125
-7.294375
-7.3675
-7.07
-6.30625
-6.388125
-7.103125
-6.89
-6.8725
-5.428125
-4.2375
-4.80625
-4.498125
-4.641875
-4.278125
-3.083125
-3.29375
-3.905
-4.77
-5.001875
-4.326875
-3.34
-3.085
-3.82375
-4.771875
-5.86875
-6.23375
-6.510625
-6.8575
-7.055625
-6.63875
-5.433125
-4.62875
-3.708125
-3.5875
-3.78625
-3.58375
-3.571875
-3.19
-3.816875
-4.540625
-5.264375
-6.78625
-6.718125
-5.625
-5.335625
-4.0625
-3.730625
-4.525
-4.41875
-5.05375
-5.2925
-6.063125
-6.599375
-6.22625
-6.39375
-5.460625
-4.510625
-3.791875
-2.574375
-1.251875
-0.32375
-0.05125
-0.329375
-1.199375
-2.65625
-4.263125
-5.453125
-6.453125
-6.378125
-4.876875
-3.764375
-3.380625
-3.549375
-4.798125
-5.443125
-5.433125
-4.964375
-4.506875
-3.845
-2.601875
-1.706875
-0.415625
-0.4475
-1.641875
-3.114375
-5.509375
-6.68875
-7.27875
-7.991875
-7.251875
-6.520625
-5.224375
-2.89375
-1.40125
-0.8425
-1.08875
-1.851875
-3.23
-4.191875
-4.921875
-5.768125
-5.605625
-4.4825
-3.0475
-1.6125
-0.496875
-0.98875
-2.604375
-4.9175
-7.0275
-8.236875
-8.09375
-6.625625
-6.041875
-5.555
-5.649375
-6.990625
-6.720625
-5.626875
-4.144375
-1.58625
-0.11
0.468125
0.581875
0.165
-0.505625
-1.5775
-2.486875
-3.76375
-4.5075
-5.049375
-5.493125
-4.97875
-4.719375
-4.134375
-4.61625
-5.729375
-6.165
-6.803125
-6.368125
-6.31625
-7.236875
-7.634375
-8.1825
-8.2325
-8.209375
-8.50125
-8.44375
-7.57625
-6.08
-4.339375
-3.076875
-2.51375
-2.23
-2.88125
-3.275
-4.543125
-5.74125
-6.403125
-7.691875
-8.37375
-9.62375
-10.000625
-9.149375
-7.41125
-5.175
-3.993125
-4.27125
-5.9125
-7.125625
-8.560625
-8.726875
-7.818125
-7.2675
-6.216875
-6.24375
-6.44125
-6.77875
-7.0175
-6.620625
-6.806875
-6.62125
-6.203125
-5.980625
-5.51625
-5.935
-7.113125
-8.190625
-9.62625
-9.899375
-9.31625
-8.055625
-6.366875
-5.62
-5.253125
-5.76875
-5.85625
-5.795625
-5.529375
-4.923125
-4.2525
-2.68
-1.994375
-1.255
-1.125
-1.800625
-1.260625
-1.618125
-1.983125
-2.865
-4.580625
-5.21
-6.2375
-6.19
-5.780625
-5.29875
-4.453125
-3.6675
-2.80125
-3.218125
-3.47625
-4.260625
-5.596875
-6.200625
-6.8025
-7.30625
-7.0425
-6.25
-4.96125
-3.54625
-3.314375
-3.940625
-4.759375
-5.664375
-5.644375
-4.826875
-5.120625
-5.5325
-6.085
-6.455625
-5.590625
-4.6675
-3.23
-3.264375
-4.06
-5.4025
-7.216875
-7.380625
-7.31
-6.128125
-5.22875
-4.979375
-4.02
-3.62875
-3.075625
-3.315625
-4.685
-5.491875
-6.118125
-5.589375
-4.484375
-4.25375
-3.9425
-3.881875
-3.261875
-1.878125
-1.25875
-1.19125
-1.673125
-3.086875
-3.47125
-2.94375
-2.963125
-2.70625
-3.361875
-5.3325
-6.7675
-7.92875
-8.014375
-6.995
-6.31375
-5.190625
-4.965
-5.1025
-4.305625
-3.81
-3.534375
-3.713125
-4.43
-5.04625
-5.0675
-4.184375
-4.33875
-4.726875
-5.211875
-6.45625
-5.859375
-5.388125
-4.643125
-3.165625
-3.380625
-3.916875
-4.55875
-5.730625
-5.549375
-5.549375
-5.549375
-5.549375
