0.032098585125
0.032098585125
0.032098585125
0.032098585125
0.0305121550625
0.03377814375
0.0366994625
0.0400788875
0.04078914375
0.0377158125
0.0380646625
0.04243505625
0.05246185
0.06108904375
0.066037425
0.067466025
0.06869063125
0.07499108125
0.0782805375
0.0771922800625
0.071014641375
0.0590431464375
0.05293460775
0.0555814964375
0.060534528875
0.0676051738125
0.0719828875
0.0699247375
0.06818465
0.06250911875
0.0527319375
0.04329464375
0.03052126875
0.0216833375
0.02284825625
0.03130726875
0.04612038125
0.061190125
0.064904975
0.05772479375
0.04343211875
0.029384575
0.02012993125
0.0198733
0.02380874375
0.027242425
0.03485668125
0.0351133125
0.03580489375
0.0367997375
0.0339567375
0.040588975
0.05115725
0.066761225
0.0781465175625
0.077675153875
0.0693771526875
0.05171638275
0.0429700714375
0.046344222625
0.0543169925625
0.070337375
0.0834614
0.08843598125
0.08849118125
0.0775206550625
0.065386966375
0.0569544776875
0.051777964
0.0566952276875
0.056030422625
0.0491260113125
0.046456425
0.04213986875
0.0459153875
0.054318525
0.05872224375
0.05869384375
0.0581433875
0.0613986375
0.0646822875
0.07095316875
0.06930646875
0.0601618
0.0494585
0.04256090625
0.0404241375
0.04697103125
0.05364795625
0.05176525625
0.05031750625
0.037818125
0.02751739375
0.02291879375
0.01856965
0.0202879125
0.0195178625
0.0206278
0.02568753125
0.0316883
0.03940733125
0.04445719375
0.04257720625
0.03880079375
0.0410774375
0.040018
0.0412542125
0.04419703125
0.0350337375
0.02904749375
0.02425459375
0.01886935625
0.02029556875
0.0209633875
0.02037105
0.02262365
0.0233594625
0.02580188125
0.03505575
0.0434162375
0.05279175
0.06264765
0.06065406875
0.05141426875
0.048061825
0.04089679375
0.0395281875
0.0423565625
0.0328969625
0.02976396875
0.02729879375
0.02576524375
0.03569488125
0.0416819
0.05001209375
0.05860609375
0.06024050625
0.0617158875
0.060180275
0.05918588125
0.0561530625
0.050451075
0.04081364375
0.033273375
0.03309073125
0.0385644875
0.05190913125
0.0623231875
0.06537961875
0.0618314375
0.0543478125
0.04467540625
0.03841800625
0.03592984375
0.03590685625
0.037331
0.0399743375
0.04512258125
0.04518144375
0.045318775
0.04592931875
0.042476025
0.04344635625
0.04722845
0.0474617625
0.052272175
0.05364278125
0.0544518375
0.057381075
0.0533567
0.0509727125
0.04309465
0.0388954
0.0425813875
0.0425885625
0.0525842375
0.05572405
0.05124243125
0.05017581875
0.037259725
0.03316290625
0.03248826875
0.03234124375
0.0377268375
0.0310695875
0.02466179375
0.02378661875
0.02343905625
0.03342755625
0.04720681875
0.04989499375
0.0523193625
0.04782105625
0.03576275
0.03217615625
0.0285895625
0.03097743125
0.03790010625
0.0377102875
0.03752046875
0.030407975
0.02177151875
0.023471125
0.0243127988125
0.029346547625
0.0390884839375
0.038519739
0.0396668589375
0.046701335125
0.0514335800625
0.05853354375
0.0684543875
0.0652293238125
0.055044672625
0.0454541526875
0.0282493765
0.0225832651875
0.021979722625
0.0262598363125
0.0338740925625
0.033774553875
0.0339316464375
0.02647448275
0.0215180339375
0.022915685125
0.0252615488125
0.0349650375
0.04540644375
0.0489919875
0.05160555625
0.04755308125
0.03787604375
0.03555663125
0.0317352300625
0.033888291375
0.0418567839375
0.04458783275
0.0533813776875
0.057742803875
0.0592760300625
0.060915525
0.05503104375
0.05059145
0.04332365625
0.04263683125
0.04792446875
0.0501202488125
0.058131460125
0.0549610089375
0.0488033265
0.0470971964375
0.044869010125
0.0526293238125
0.0603896375
0.067750125
0.068735375
0.06279795
0.056860525
0.050735525
0.0462866625
0.04413345
0.0419802375
0.0359628738125
0.035699216375
0.0398059526875
0.046377864
0.0605783776875
0.067482697625
0.0667727613125
0.05812148125
0.04493345625
0.041097675
0.04513278125
0.0531183050625
0.0565670839375
0.0513547565625
0.0385281729375
0.0278214666875
0.021651505375
0.0200117065625
0.0241709015
0.0302337015
0.0378222526875
0.043965916375
0.0495480300625
0.056542475
0.06108671875
0.0656309625
0.0640798300625
0.056153460125
0.048550239
0.039502130375
0.039527511625
0.038082624125
0.037840339
0.037476835125
0.0286411425625
0.0276763375
0.0316860625
0.0402728875
0.0521938550625
0.058734491375
0.0580589089375
0.050436889
0.0440174714375
0.036552385125
0.0307276863125
0.032773875
0.03815420625
0.04851565
0.054934475
0.0534824125
0.04809490625
0.0415027
0.04279573125
0.0505147625
0.05823379375
0.06466696875
0.06322208125
0.060731525
0.0537042238125
0.046835953875
0.0433018265
0.036877924125
0.039368480375
0.037764561625
0.03736324525
0.035916260125
0.0302505925625
0.0324558125
0.037995175
0.0454237925625
0.053511853875
0.0597820839375
0.06211687025
0.0659108901875
0.064132516375
0.0581189175625
0.05422293125
0.053147825
0.0568266375
0.0626230625
0.0596475175625
0.055110772625
0.0499727265
0.044834680375
0.046952292875
0.041155867875
0.040497489
0.036965322625
0.0330884863125
0.0386868875
0.0358131
0.0386868875
0.0410474125
0.039729125
0.0417449800625
0.039328416375
0.0396590401875
0.039989664
0.0415228901875
0.042996328875
0.0434240988125
0.04385186875
0.04761378125
0.0529941125
0.05692955625
0.0571861875
0.0498285625
0.041969175
0.03017434375
0.0257371375
0.02865755625
0.03575855
0.0467949875
0.0541526125
0.05389598125
0.0467834875
0.0436064375
0.0404293875
0.045151625
0.0562279625
0.0588321113125
0.063076647625
0.0593934964375
0.05465090775
0.054445064
0.05307605775
0.05738915775
0.05746703275
0.0620816526875
0.066219047625
0.0706963300625
0.07573259375
0.07228949375
0.06884639375
0.063504175
0.057343775
0.0553898
0.0476394
0.03605115625
0.02683255
0.01709350625
0.01527106875
0.019247625
0.02561534375
0.03461650625
0.0414974875
0.0462582875
0.0486351
0.04651491875
0.04307958125
0.03821564375
0.03475130625
0.03340715
0.03230931875
0.03562731875
0.0340259375
0.0359443375
0.0428741875
0.0422800613125
0.050524916375
0.0562274964375
0.06010507025
0.068519389
0.0660386765
0.05808317025
0.04194982025
0.0281360339375
0.023833522625
0.0277071113125
0.0432239375
0.0546957625
0.0606735125
0.0592936375
0.0477031375
0.04178069375
0.03881648125
0.04532750625
0.0555107625
0.0617514
0.06307265625
0.0528010625
0.0495450875
0.0417523675625
0.037222797625
0.0421684651875
0.0405766765
0.0443795651875
0.054492141375
0.0569832863125
0.05463245625
0.05510250625
0.04584325625
0.0399324988125
0.040032522625
0.0389189089375
0.0390975515
0.0465246776875
0.057887841375
0.0621034738125
0.0742861
0.08016193125
0.07659270625
0.08204063125
0.07804798125
0.07370776875
0.073419425
0.0683190625
0.0656146375
0.05822785625
0.0555492625
0.05170750625
0.0500189625
0.05769513125
0.06126965
0.06280574375
0.068277875
0.0629236625
0.060005125
0.06145698125
0.0526982125
0.0515450625
0.04599765625
0.03880328125
0.03745571875
0.03368665625
0.03415281875
0.041157375
0.047898125
0.0557885625
0.0615613875
0.05643200625
0.05342280625
0.050200025
0.0447006
0.0506643625
0.05213113125
0.053645425
0.05759539375
0.0492573875
0.0426948925625
0.039124266375
0.0338359776875
0.0404881015
0.0485994589375
0.049724166375
0.0500235175625
0.04243723125
0.0393122125
0.04656600625
0.0556096613125
0.063035316375
0.0595587651875
0.04967442025
0.0409783276875
0.042133435125
0.0528141675625
0.05708710625
0.061029725
0.0524205625
0.04233395625
0.0380610175625
0.0326663401875
0.033085330375
0.0306915830625
0.0288919619375
0.0349521931875
0.0461716955625
0.0540625166875
0.06649008275
0.0649138089375
0.05420724525
0.044198811625
0.025116888125
0.019691242
0.0188307408125
0.02795027325
0.0486084705625
0.0629598729375
0.0773112753125
0.0776588378125
0.0640025604375
0.0445225518125
0.032044463125
0.026568294375
0.0280940455625
0.04022457175
0.0383512580625
0.036477944375
0.041258988125
0.0342570681875
0.0342570681875
0.038822213125
0.0300786431875
0.030967544375
0.038510803
0.03692377175
0.043516849125
0.0456794503125
0.034533336625
0.027952367875
0.0249742541875
0.0219227518125
0.025525606875
0.033665206875
0.031547594375
0.0309557330625
0.0333419854375
0.032009967875
0.0388175503125
0.0471508839375
0.055705122625
0.058085666375
0.055896585125
0.0551927464375
0.0496495015
0.0564633964375
0.066394553875
0.0757798925625
0.08892323125
0.0880627300625
0.0811068526875
0.0692206253125
0.0555643479375
0.0502696854375
0.0540485128125
0.0566137026875
0.0588313300625
0.0628663125
0.06080591875
0.0677435375
0.07221598125
0.073511375
0.0749130375
0.06779648125
0.06092791875
0.05405935625
0.04864315625
0.0434478613125
0.0381501839375
0.0344928940625
0.0308356041875
0.0363335604375
0.0486878253125
0.0594017026875
0.0694477613125
0.074141475
0.07128745
0.068433425
0.06992603125
0.0697690625
0.07809925625
0.08323043125
0.0831241625
0.08223069375
0.0688591363125
0.057068178875
0.0505120964375
0.041860789
0.0472133214375
0.057361322625
0.0641806425625
0.0805036
0.0828227175625
0.0774280401875
0.0713382378125
0.052797653
0.0479133455625
0.0475657830625
0.040911425625
0.0475657830625
0.0475657830625
0.0475657830625
0.0585978541875
0.057870724125
0.0520387503125
0.0477562901875
0.036381360125
0.0301112738125
0.0319332625
0.0306562238125
0.031288916375
0.0309662214375
0.03012147025
0.0374805901875
0.0447868026875
0.0569910214375
0.0605860776875
0.0508724190625
0.0481938253125
0.0378938003125
0.0337377628125
0.0368302089375
0.028426322625
0.0234374425625
0.01911638125
0.01420836875
0.02076354375
0.0275897
0.03358198125
0.04562014375
0.05116675625
0.0631068125
0.07540274375
0.08164561875
0.0815816988125
0.074769597625
0.066218164
0.0510123729375
0.0430550655
0.0354453205625
0.0293850893125
0.0343569291875
0.042518230375
0.0455746878125
0.0552855026875
0.060777635125
0.058108466375
0.0589946276875
0.0481215878125
0.0370895166875
0.03043515925
0.0259244416875
0.0249690541875
0.0203348541875
0.018678767875
0.020399574125
0.030671814
0.0437649339375
0.0509018265
0.0510283065625
0.0386766979375
0.02718302175
0.0217593166875
0.018707186625
0.0204634065625
0.0228209276875
0.0189947339375
0.0158363589375
0.0170530151875
0.02120279525
0.0325801589375
0.0430995901875
0.0459479651875
0.0442180464375
0.038594389
0.0344227901875
0.034215035125
0.0325605925625
0.0278122
0.028877475
0.029935575
0.037419675
0.0477795
0.046629025
0.0492693125
0.04429534375
0.0383494
0.039742275
0.03915098125
0.04293008125
0.047914025
0.05188115
0.0494212375
0.049285375
0.05260009375
0.0537178125
0.06247878125
0.06822411875
0.0700748125
0.069119425
0.064960975
0.0632393
0.0604192
0.065166275
0.06724881875
0.0660698
0.0661766375
0.05898010625
0.0560879
0.04870128125
0.03977231875
0.0343631375
0.02607299375
0.0292460375
0.036789625
0.04406940625
0.05788263125
0.06472708125
0.06734373125
0.07628441875
0.0743238375
0.06786884375
0.06601246875
0.05204280625
0.04966599375
0.0532999625
0.04987734375
0.05250060625
0.04353101875
0.0329144625
0.028213625
0.02828105625
0.0332869800625
0.043219310125
0.0537176964375
0.05707788275
0.0658611464375
0.066709547625
0.0585259488125
0.0543064875
0.04181466875
0.0372505375
0.04515443125
0.04750745
0.0542355
0.05908891875
0.05579289375
0.05721910625
0.05705305
0.05268016875
0.0520084875
0.05539585
0.061425925
0.066699825
0.0650425375
0.05298480625
0.04145439375
0.03731194375
0.04463268125
0.0584918125
0.06639815
0.06513893125
0.05228331875
0.03990091875
0.03702215625
0.0388185375
0.04987303125
0.05737874375
0.05329160625
0.04918070625
0.0367668125
0.02999288125
0.03113555625
0.0360839375
0.04776353125
0.0581999875
0.06971528125
0.07742486875
0.0804028
0.0775415875
0.06696718125
0.05258706875
0.04147025625
0.0323736
0.03278251875
0.0371105875
0.04369110625
0.0569188125
0.06515511875
0.07220915
0.07640419375
0.07321775
0.07003130625
0.0734967
0.0736260125
0.077009475
0.078275325
0.0683751625
0.06184186875
0.05033554375
0.04097523125
0.03746173125
0.03674564375
0.04402060625
0.04836498125
0.05244555
0.05052789375
0.04591385
0.04420199375
0.04222633125
0.046113625
0.04870178125
0.05022110625
0.05450196875
0.05568888125
0.05158113125
0.04880601875
0.04129925
0.03221830625
0.03242755
0.0381694125
0.0466469625
0.0552224125
0.05599663125
0.0488852125
0.04077026875
0.0379080125
0.04183869375
0.04561300625
0.05359629375
0.0605637875
0.0666616625
0.07500511875
0.07739578125
0.0751502
0.0685103625
0.0610767125
0.058134225
0.0536305375
0.0536801375
0.0559759125
0.053010475
0.0582211375
0.0588785125
0.06175976875
0.06908525625
0.0671595375
0.06978710625
0.06517593125
0.05847760625
0.06046864375
0.05412280625
0.0488417375
0.0464364
0.036160175
0.0313500550625
0.031535397625
0.0319687339375
0.0380557765
0.0455948776875
0.053721522625
0.0569462175625
0.06313500625
0.0742622875
0.078026575
0.08275435
0.07639915
0.0575931675625
0.0411654901875
0.0237133690625
0.0187149229375
0.0270251916875
0.0438892315625
0.0670345901875
0.0780666613125
0.07638414375
0.0619942125
0.0425348375
0.0355434875
0.0340182425625
0.040922866375
0.0505866339375
0.0483902015
0.0529650276875
0.054084341375
0.0537019675625
0.0613582125
0.06103790625
0.0640326125
0.06708411875
0.07006804375
0.0748513875
0.07385681875
0.0749230625
0.0721715375
0.07204421875
0.07572230625
0.07151475625
0.0632511238125
0.049926510125
0.0408353776875
0.038208489
0.0439149339375
0.049812572625
0.0525120613125
0.05361210625
0.05541028125
0.0601125875
0.05838715
0.06365356875
0.0591835125
0.05773115
0.0644467875
0.06298458125
0.06758978125
0.0685187375
0.06597888125
0.06539760625
0.0687446
0.0654372363125
0.062559291375
0.055462664
0.042871961625
0.043112749125
0.041117224125
0.0434994128125
0.04601163275
0.04234672025
0.0435838515
0.0456789151875
0.054307422625
0.056758797625
0.055071153875
0.0570228651875
0.049534939
0.0552260651875
0.060961578875
0.0577025175625
0.0564586863125
0.042068947625
0.0283030839375
0.0197023265
0.0165129901875
0.019211010125
0.0224574238125
0.02411156875
0.02623635625
0.028617775
0.03124865
0.0347968
0.0334833125
0.03610526875
0.04349549375
0.0548639125
0.0621762488125
0.065553141375
0.0617918339375
0.0524724765
0.0551626964375
0.054865685125
0.0606220238125
0.0716416375
0.07090205
0.072959875
0.06635005625
0.05606399375
0.05633518125
0.06209085
0.072724475
0.0767037425625
0.072765428875
0.0577360276875
0.04187185775
0.0367977714375
0.036654035125
0.0444269050625
0.0531408125
0.05510901875
0.05461205
0.05567114375
0.0576690375
0.0652879
0.06745435625
0.06464543125
0.0660334875
0.0607317375
0.06088239375
0.0631541
0.05423696875
0.054795075
0.0583404125
0.0557446375
0.060277925
0.05533854375
0.0428751863125
0.0348730964375
0.0256887315625
0.0238568541875
0.02656172175
0.0314842166875
0.036870055375
0.0334510440625
0.0315815464375
0.031128385125
0.0297856050625
0.03263980625
0.0390493375
0.040446525
0.04556048125
0.05186986875
0.0472779875
0.04362430625
0.03285813125
0.02157151875
0.01674915
0.01322489375
0.01456053125
0.02008824375
0.0278001
0.0410877875
0.05810240625
0.07282196875
0.08090598125
0.07783115625
0.0639278175625
0.0422069589375
0.023675561625
0.0146697893125
0.012699081875
0.0239074268125
0.040246642875
0.0487077964375
0.0563110175625
0.050504525
0.0426264625
0.0450844625
0.051221275
0.06754946875
0.0814124875
0.0864097125
0.0901933
0.0864097125
0.0756242050625
0.068944260125
0.0536551526875
0.04387507025
0.0456336526875
0.044111460125
0.047875322625
0.050572297625
0.04419578275
0.0349229104375
0.02803372175
0.017507869375
0.014496875625
0.0160226268125
0.0188745893125
0.0255625979375
0.032471511625
0.0399745515
0.044784660125
0.0522566175625
0.0533305375
0.05759391875
0.0587110375
0.054908775
0.0558925625
0.0530927625
0.0583850375
0.0650769125
0.067166125
0.06944276875
0.06696213125
0.06302913125
0.062088
0.06304865
0.05897938125
0.056362475
0.056780325
0.04904873125
0.0503342875
0.05307220625
0.05443951875
0.06792729375
0.077080275
0.08412234375
0.09000125
0.089819925
0.08450999375
0.08207579375
0.0740357625
0.06634329375
0.06380319375
0.061163525
0.06666345625
0.06937905
0.0705213675625
0.064417466375
0.0524287839375
0.04128984525
0.0332261714375
0.035419710125
0.0454784363125
0.05646564375
0.06896649375
0.071044075
0.06601264375
0.0616397625
0.0496623425625
0.042214016375
0.0340095151875
0.0250112015
0.0221037839375
0.020893560125
0.0275485238125
0.034065675
0.0405094375
0.05115018125
0.05246473125
0.05564253125
0.0589266
0.05499285
0.057611075
0.0607500375
0.06444798125
0.0726719125
0.07473604375
0.0753478125
0.07418953125
0.0681293
0.0669433125
0.0643049625
0.05584288125
0.04685874375
0.039953975
0.03356994375
0.03813825
0.04580723125
0.0489065875
0.0523434425625
0.043896335125
0.0342669526875
0.02775483275
0.0284911964375
0.035899160125
0.0443759550625
0.0497354875
0.0417863050625
0.037252128875
0.0351019401875
0.0315322690625
0.0407940878125
0.0464054940625
0.0533091565625
0.06319093275
0.065255189
0.065704014
0.056416364
0.0486544651875
0.044998128875
0.0469526300625
0.06102759375
0.07264518125
0.0777737875
0.0764134125
0.06687519375
0.06467639375
0.0635232863125
0.063276722625
0.0621605401875
0.0492976015
0.0409385276875
0.033479535125
0.0320234050625
0.0408976375
0.04969848125
0.06301544375
0.0754059875
0.08280513125
0.09031054375
0.08930700625
0.08621425625
0.07813010625
0.0648085125
0.06161446875
0.05329181875
0.0488917375
0.0473125363125
0.036233360125
0.0331347526875
0.03504759525
0.0444727276875
0.055537678875
0.0599670800625
0.05823668125
0.04551713125
0.0391241875
0.03747021875
0.0365718
0.040008175
0.03950193125
0.0408685
0.0428387675625
0.044015222625
0.0450326464375
0.0388441565625
0.0341149003125
0.0292550065625
0.0271783503125
0.02947940775
0.03757978275
0.047666264
0.0481266190625
0.0501127253125
0.0392904190625
0.0263376253125
0.0233648651875
0.020318716375
0.0260643488125
0.0364204125
0.0408202488125
0.0407896089375
0.0367565628125
0.0296113354375
0.0320985791875
0.037563936625
0.043288017875
0.044611661625
0.0334845229375
0.0229586854375
0.013792542875
0.008003292875
0.007746661625
0.006287428
0.004828194375
0.008340800625
0.0115230869375
0.0153066744375
0.0190902619375
0.0141184220625
0.009740708375
0.0053629946875
0.000985281
0.000985281
0.000985281
0.0076396384375
0.0204711283125
0.033896744375
0.051700074125
0.0577442026875
0.0580884238125
0.0617811375
0.06125516875
0.06726264375
0.0661385363125
0.058060816375
0.0458814464375
0.03594972025
0.0349919151875
0.0355193526875
0.0423733964375
0.0450739714375
0.050137339
0.0597045714375
0.066887816375
0.0750255113125
0.0781332875
0.0768105875
0.07916413125
0.08104045
0.08114671875
0.08270535
0.0739333800625
0.059101178875
0.0448279589375
0.029623114
0.0210726265
0.0179882440625
0.017862092875
0.0194331354375
0.0276585354375
0.036478061625
0.0408799690625
0.043750739
0.034672489
0.0271199901875
0.024203928875
0.0281136675625
0.036559675
0.0419541800625
0.044415110125
0.0347555776875
0.02834499525
0.0279969089375
0.034302941375
0.0466763800625
0.0534674050625
0.051786241375
0.03776419525
0.025453236625
0.016835436625
0.018553699125
0.030365739
0.042517666375
0.0557865550625
0.062654825
0.06488889375
0.0650648125
0.0612029050625
0.050933203875
0.0476582526875
0.0443833015
0.0487831339375
0.063533378875
0.0688074113125
0.074268875
0.0705694125
0.06539250625
0.06281080625
0.05607065625
0.052188
0.0411578125
0.03454345625
0.03568370625
0.0371708675625
0.043998935125
0.0499573839375
0.0547564515
0.0607509464375
0.067645522625
0.0724224863125
0.07375045625
0.075415925
0.0779879375
0.08055995
0.08395675
0.08575410625
0.08040393125
0.0690007
0.05842225625
0.05300891875
0.05449511875
0.0658107875
0.07383649375
0.07866405
0.081274425
0.07709036875
0.0774891
0.07431205
0.06719238125
0.06626778125
0.06110795625
0.05838380625
0.06210000625
0.0596281625
0.0591149
0.06090778125
0.0614887875
0.06809178125
0.076653225
0.077273325
0.077585075
0.0703490863125
0.059514260125
0.0541793651875
0.04403749525
0.0399818839375
0.040002335125
0.0390508113125
0.045758225
0.052344725
0.050601525
0.05538236875
0.0509785238125
0.048822322625
0.0550959901875
0.0562710515
0.0641610276875
0.0617204026875
0.0601019839375
0.0575291151875
0.05661457025
0.0638801339375
0.0617695464375
0.0593142714375
0.0561176214375
0.0507274015
0.0544924276875
0.054318272625
0.0495908300625
0.04921001875
0.047409725
0.0520959625
0.059217875
0.0643013625
0.06946660625
0.07194654375
0.07270881875
0.0662477
0.05897098125
0.05215236875
0.05056863125
0.055499525
0.054923275
0.0570827125
0.0532892625
0.0476325625
0.0509930125
0.05340539375
0.0537167050625
0.058743228875
0.0597825214375
0.062160164
0.0732932339375
0.079243116375
0.0823802613125
0.080428025
0.07425710625
0.0708853875
0.0684202125
0.06826118125
0.07006073125
0.0674426625
0.065304525
0.06332541875
0.05695205625
0.0522370175625
0.053703185125
0.0523173901875
0.05336727025
0.0603135901875
0.058133597625
0.0603716738125
0.0622916875
0.05599614375
0.05740065
0.05723905
0.05346006875
0.05687968125
0.0499686925625
0.046967766375
0.0477432526875
0.0467983765
0.05250785775
0.0473053565625
0.042102855375
0.0333015166875
0.0288778916875
0.0320574878125
0.0390134964375
0.0439925113125
0.0445938125
0.05016964375
0.0475913488125
0.051280022625
0.051280022625
0.051280022625
0.051280022625
