-0.1725
-0.1725
-0.1725
-0.1725
-0.17625
-0.15875
-0.144375
-0.09875
-0.07125
-0.0525
-0.056875
-0.096875
-0.11375
-0.15375
-0.173125
-0.161875
-0.130625
-0.03375
0.100625
0.224375
0.293125
0.27
0.159375
0.061875
0.0275
0.025
0.098125
0.169375
0.163125
0.166875
0.1
0.00375
-0.0625
-0.079375
-0.050625
-0.00125
0.058125
0.055625
0.045625
0.033125
0.020625
-0.008125
-0.034375
-0.063125
-0.091875
-0.10875
-0.1275
-0.145
-0.148125
-0.12875
-0.1275
-0.105625
-0.10625
-0.113125
-0.0825
-0.090625
-0.05875
-0.0375
-0.034375
-0.0275
-0.07625
-0.0975
-0.105625
-0.098125
-0.091875
-0.10875
-0.164375
-0.199375
-0.174375
-0.13375
-0.079375
-0.05
-0.090625
-0.15
-0.17375
-0.189375
-0.16
-0.11375
-0.106875
-0.104375
-0.073125
-0.080625
-0.049375
-0.01375
-0.04875
-0.01625
-0.043125
-0.08625
-0.114375
-0.176875
-0.180625
-0.15875
-0.104375
-0.06
-0.063125
-0.068125
-0.09375
-0.108125
-0.038125
0.0025
0.098125
0.195625
0.195625
0.21375
0.125625
0.026875
-0.04875
-0.130625
-0.15
-0.16375
-0.163125
-0.14625
-0.085625
-0.02375
0.043125
0.095
0.053125
-0.010625
-0.09625
-0.181875
-0.2175
-0.171875
-0.11
-0.043125
0.019375
-0.039375
-0.063125
-0.0975
-0.14875
-0.07875
-0.061875
-0.018125
0.05
0.0575
0.10125
0.13625
0.153125
0.11375
0.039375
-0.0425
-0.115625
-0.07625
-0.02125
0.020625
0.071875
0.023125
-0.018125
-0.03875
-0.069375
-0.053125
-0.005625
0.033125
0.053125
0.036875
-0.06125
-0.170625
-0.24375
-0.25375
-0.21625
-0.15375
-0.125
-0.143125
-0.166875
-0.19625
-0.1925
-0.123125
-0.058125
-0.02375
-0.01125
-0.07625
-0.1275
-0.094375
-0.055625
0.01125
0.065
0.018125
-0.029375
-0.085625
-0.126875
-0.125
-0.1125
-0.090625
-0.076875
-0.066875
-0.07125
-0.06625
-0.033125
-0.001875
0.07875
0.154375
0.169375
0.16625
0.068125
-0.04125
-0.115
-0.1075
-0.05
0.01375
0.07
0.028125
0.03625
0.0775
0.1225
0.2025
0.18875
0.110625
0.035
-0.048125
-0.055625
-0.028125
-0.005625
0.020625
-0.046875
-0.118125
-0.143125
-0.155625
-0.0325
0.095625
0.143125
0.234375
0.20125
0.156875
0.1425
0.038125
-0.005625
0.00125
0.01875
0.11625
0.188125
0.1725
0.1525
0.0925
0.104375
0.20375
0.306875
0.36625
0.369375
0.285
0.185
0.12875
0.01625
-0.045625
-0.08625
-0.1275
-0.106875
-0.093125
-0.090625
-0.043125
0.00875
0.02375
0.04375
-0.02125
-0.055625
-0.04
-0.029375
0.021875
-0.0175
-0.045
-0.07625
-0.07875
-0.025
0.039375
0.099375
0.09875
0.085625
-0.006875
-0.04
-0.0375
-0.02125
0.0825
0.106875
0.12625
0.136875
0.06375
0.02
-0.025
-0.025
0.01125
0.0525
0.1025
0.068125
0.04
0.03625
0.0225
0.04
0.04625
-0.01375
-0.02875
-0.035
-0.03875
-0.005
-0.0625
-0.11875
-0.124375
-0.104375
0.00375
0.1175
0.158125
0.155625
0.076875
0.035625
0.0225
0.059375
0.14875
0.150625
0.15375
0.1
0.02375
-0.015
-0.058125
-0.080625
-0.05125
-0.015625
0.026875
0.07125
0.028125
0.035
0.0375
0.08625
0.161875
0.1475
0.133125
0.03125
-0.03375
-0.06875
-0.070625
0.003125
0.05625
0.125625
0.13375
0.0775
0.023125
0.00625
-0.000625
0.0325
0.060625
0.00125
-0.021875
-0.053125
-0.0875
-0.04625
0.021875
0.078125
0.191875
0.24125
0.203125
0.1775
0.05125
0.001875
0.0025
0.011875
0.07125
0.0425
-0.005
-0.02
-0.035625
-0.014375
0.031875
-0.003125
-0.026875
-0.005
-0.001875
0.036875
0.093125
0.0725
0.061875
0.05625
-0.01625
-0.044375
-0.048125
-0.00875
0.075625
0.1975
0.259375
0.2775
0.293125
0.229375
0.19875
0.118125
0.033125
-0.024375
-0.084375
-0.094375
-0.1025
-0.099375
-0.09125
-0.0775
-0.085625
-0.05625
0.009375
0.07
0.168125
0.175625
0.09875
0.02375
-0.085
-0.129375
-0.129375
-0.1025
-0.03375
0.05625
0.146875
0.17
0.16
0.064375
-0.031875
-0.09
-0.14
-0.150625
-0.153125
-0.105625
-0.055
0.025625
0.073125
0.020625
-0.035
-0.10875
-0.140625
-0.0725
-0.005
0.056875
0.103125
0.043125
-0.025
-0.08875
-0.155
-0.10875
-0.039375
0.074375
0.189375
0.191875
0.155
0.023125
-0.1025
-0.17625
-0.214375
-0.20125
-0.156875
-0.09125
-0.03
0.080625
0.10375
0.11
0.10375
-0.0025
-0.049375
-0.09375
-0.12625
-0.05875
-0.01
0.0275
0.10375
0.08875
0.091875
0.10375
0.0275
-0.01
-0.075625
-0.103125
-0.0875
-0.069375
-0.015625
-0.038125
-0.0275
-0.023125
-0.040625
-0.014375
-0.020625
-0.020625
-0.005625
0.006875
-0.01375
-0.025
-0.05
-0.080625
-0.083125
-0.095
-0.093125
-0.081875
-0.056875
0.00875
0.056875
0.085
0.13375
0.141875
0.16125
0.2
0.22125
0.201875
0.18
0.16
0.0925
0.0625
0.029375
-0.02
-0.041875
-0.05375
-0.064375
-0.08375
-0.125
-0.148125
-0.1675
-0.15
-0.07875
-0.063125
-0.00875
0.025
0.035
0.076875
0.026875
-0.025
-0.066875
-0.1125
-0.099375
-0.100625
-0.1125
-0.119375
-0.141875
-0.086875
-0.03125
0.021875
0.0925
0.0525
0.0275
0.00625
0.015
0.083125
0.10125
0.1175
0.09375
0.040625
0.033125
0.015625
-0.045625
-0.0675
-0.085625
-0.0925
-0.0625
-0.060625
-0.0375
-0.026875
2.16840434497e-18
0.035625
0.035625
0.05375
0.06
0.075
0.04625
0.009375
-0.03125
-0.083125
-0.091875
-0.104375
-0.09625
-0.079375
-0.09125
-0.100625
-0.13375
-0.135625
-0.075625
-0.03125
0.031875
0.0175
-0.03875
-0.03
-0.055625
-0.036875
-0.0025
-0.030625
-0.023125
-0.024375
-0.031875
-0.025625
-0.024375
-0.014375
0.004375
0.00375
-0.031875
-0.080625
-0.128125
-0.155
-0.11875
-0.09
-0.07125
-0.060625
-0.080625
-0.07375
-0.085625
-0.084375
-0.094375
-0.101875
-0.04625
0.00625
0.068125
0.109375
0.070625
0.02
-0.02875
-0.0375
-0.03125
-0.001875
0.024375
-0.030625
-0.020625
-0.029375
-0.04125
0.011875
-0.005
-0.0225
-0.036875
-0.06375
-0.064375
-0.050625
-0.036875
-0.011875
-0.01125
-0.045
-0.08
-0.155
-0.20625
-0.2225
-0.2425
-0.230625
-0.195
-0.154375
-0.099375
-0.051875
-0.035
0.0025
0.030625
0.091875
0.168125
0.20875
0.24625
0.213125
0.16625
0.078125
-0.006875
-0.044375
-0.07875
-0.0425
-0.0125
0.005
0.06875
0.074375
0.099375
0.159375
0.115
0.1025
0.07125
0.008125
0.054375
0.099375
0.1525
0.2175
0.20125
0.158125
0.111875
0.05375
0.011875
0.010625
0.000625
-0.05
-0.064375
-0.049375
-0.035625
0.014375
0.04
-0.04
-0.09875
-0.150625
-0.203125
-0.184375
-0.17
-0.15625
-0.124375
-0.053125
0.01125
0.074375
0.1175
0.05
-0.033125
-0.1375
-0.23625
-0.2575
-0.21375
-0.13125
-0.0425
0.03625
0.0525
0.049375
0.030625
0.03
0.033125
0.045625
0.05875
0.015
-0.024375
-0.08125
-0.10875
-0.09625
-0.0625
-0.018125
-0.001875
-0.001875
-0.035625
-0.03875
-0.0275
-0.015
0.02375
0.006875
-0.015
-0.02
-0.0475
-0.059375
-0.05375
-0.078125
-0.07875
-0.068125
-0.110625
-0.084375
-0.076875
-0.04375
0.059375
0.1
0.15625
0.135
0.04375
-0.02
-0.058125
-0.036875
0.019375
0.013125
-0.056875
-0.1325
-0.1975
-0.198125
-0.123125
-0.04875
0.065
0.19625
0.223125
0.23625
0.155625
-0.006875
-0.091875
-0.17375
-0.205625
-0.178125
-0.1675
-0.12
-0.09125
-0.04875
0.025625
0.034375
0.063125
0.053125
-0.0175
-0.053125
-0.09875
-0.150625
-0.178125
-0.21875
-0.256875
-0.264375
-0.234375
-0.17375
-0.113125
-0.061875
-0.076875
-0.11375
-0.150625
-0.181875
-0.17875
-0.17125
-0.130625
-0.095
-0.0775
-0.049375
-0.103125
-0.155625
-0.175625
-0.20125
-0.153125
-0.128125
-0.134375
-0.145625
-0.19125
-0.199375
-0.1725
-0.100625
-0.01
0.081875
0.145625
0.126875
0.1225
0.11375
0.1225
0.1625
0.146875
0.079375
0.003125
-0.07375
-0.075
-0.04875
-0.025
0.019375
-0.040625
-0.08
-0.10875
-0.165
-0.1
-0.044375
-0.001875
0.068125
0.0775
0.085625
0.095
0.08375
0.02875
-0.011875
-0.048125
-0.094375
-0.11375
-0.146875
-0.180625
-0.1975
-0.1775
-0.14625
-0.115625
-0.080625
-0.07
-0.056875
-0.04
-0.02125
0.003125
-0.030625
-0.051875
-0.055
-0.065625
-0.03625
-0.041875
-0.086875
-0.10125
-0.10125
-0.093125
-0.09
-0.128125
-0.16125
-0.1775
-0.15375
-0.11125
-0.08875
-0.061875
-0.055
-0.045
-0.034375
-0.043125
-0.071875
-0.1075
-0.135
-0.145625
-0.120625
-0.116875
-0.11125
-0.12125
-0.143125
-0.08125
-0.030625
0.03875
0.101875
0.060625
0.025
0.01875
0.015
0.055
0.0925
0.09
0.09125
0.124375
0.16
0.154375
0.14375
0.0775
0.055
0.07125
0.118125
0.2125
0.221875
0.265625
0.248125
0.175
0.1725
0.138125
0.138125
0.153125
0.10625
0.02125
-0.06625
-0.12
-0.1325
-0.106875
-0.08375
-0.045625
-0.024375
0.035
0.12875
0.15875
0.190625
0.1525
0.094375
0.061875
0.048125
0.06875
0.03375
0.043125
0.0775
0.094375
0.15875
0.153125
0.06625
-0.01
-0.1
-0.114375
-0.08125
0.016875
0.135
0.209375
0.32
0.32625
0.3125
0.255
0.10125
-0.00875
-0.103125
-0.15375
-0.141875
-0.13
-0.135625
-0.158125
-0.18125
-0.201875
-0.198125
-0.156875
-0.076875
-0.00875
0.090625
0.14875
0.121875
0.1125
-0.00125
-0.0775
-0.116875
-0.166875
-0.145625
-0.14125
-0.08875
-0.02625
0.019375
0.10875
0.11375
0.10875
0.125
0.05625
0.02375
-0.0075
-0.063125
-0.0775
-0.088125
-0.116875
-0.12625
-0.145
-0.12
-0.075625
-0.06125
0.013125
0.04375
0.07875
0.15875
0.146875
0.09125
0.061875
-0.0175
-0.064375
-0.059375
-0.11
-0.11875
-0.11875
-0.1325
-0.13125
-0.16375
-0.196875
-0.183125
-0.134375
-0.051875
0.02125
0.003125
-0.048125
-0.098125
-0.114375
-0.09125
-0.05875
-0.0625
-0.096875
-0.11
-0.1325
-0.14375
-0.165
-0.18375
-0.18375
-0.18375
-0.18375
