3.675
3.675
3.675
3.675
3.6125
3.91875
4.3375
4.88125
5.19375
4.78125
4.1125
3.3875
2.86875
2.89375
3.1375
3.28125
3.38125
3.325
3.45625
3.7
4.18125
4.3875
4.36875
4.05625
3.4
3.33125
3.15
3.1875
3.59375
3.36875
3.48125
3.55
3.18125
3.06875
2.79375
2.525
2.8375
3.1875
3.3
3.7375
3.45625
3.16875
3.35
3.04375
3.09375
3.4875
3.51875
3.9625
4.54375
4.45625
4.725
4.74375
4.84375
5.275
5.09375
4.9125
4.36875
4.0125
4.1625
4.35
4.58125
4.48125
4.1
3.78125
3.39375
3.10625
2.95
2.73125
2.95
3.39375
3.80625
4.1625
3.99375
3.4625
2.96875
2.38125
2.0875
1.975
1.9
2.3375
2.7
3.31875
4.04375
4.40625
4.9875
5.1
4.925
4.75
4.16875
4.0125
4.15
3.925
3.96875
3.54375
3.025
2.83125
2.74375
3.125
3.25
3.66875
4.0
3.95
4.45625
4.4875
4.2875
4.25625
3.8
3.78125
4.2875
4.99375
5.61875
5.725
5.1125
4.20625
3.225
2.5875
2.53125
2.75
3.48125
4.35
4.89375
4.96875
4.9125
4.7375
4.51875
4.8
4.76875
4.46875
4.31875
3.8875
3.51875
3.575
3.9625
4.275
4.575
4.44375
3.86875
3.6125
3.6625
3.925
4.06875
3.85625
3.2
2.5
2.08125
1.84375
1.85
2.1125
2.24375
2.4875
2.9875
3.05625
3.2875
3.4375
3.35625
3.54375
3.6125
3.61875
3.31875
3.1125
2.98125
2.73125
2.95
3.11875
3.3625
3.975
4.3625
4.41875
4.425
4.25
4.20625
4.6
4.86875
5.24375
5.26875
5.10625
4.8125
4.01875
3.5375
3.11875
2.975
3.14375
3.46875
3.56875
3.80625
4.275
4.60625
4.95
4.8125
4.45
3.725
3.1375
2.96875
2.6875
2.65
2.825
2.7375
2.75625
3.15
3.1125
3.18125
3.29375
2.74375
2.55625
2.31875
2.1625
2.525
2.5625
3.05625
3.46875
3.90625
4.675
4.88125
5.05
5.00625
4.99375
4.93125
4.89375
4.4125
3.6
2.95625
2.58125
2.69375
2.775
3.08125
2.93125
2.7375
2.7625
2.8125
3.01875
3.625
4.34375
4.45
4.6375
4.2125
3.4875
3.35
3.1375
2.95
2.83125
2.58125
2.36875
2.38125
2.55625
2.41875
2.31875
2.18125
1.9625
2.23125
2.4625
2.69375
3.075
3.04375
3.0125
2.98125
2.6125
2.3875
2.525
2.66875
3.25625
4.0625
4.2875
4.50625
4.4
3.975
3.84375
3.925
4.16875
4.75
5.0375
4.9
4.375
3.44375
2.95
2.625
2.59375
3.0125
3.175
3.425
3.94375
4.15
4.43125
4.61875
4.325
4.14375
3.70625
3.56875
3.6
3.33125
3.5
3.21875
2.98125
3.24375
3.2125
3.3375
3.4625
3.38125
3.19375
3.0875
2.975
2.69375
2.59375
2.81875
3.3125
4.04375
5.01875
5.23125
4.925
4.4125
3.45
2.925
2.65625
2.36875
2.50625
2.56875
2.675
3.19375
3.6375
4.15625
4.63125
4.48125
3.7875
3.05625
2.5375
2.5375
2.975
3.61875
3.83125
3.88125
4.00625
3.68125
3.575
3.26875
2.74375
2.50625
2.26875
2.56875
2.93125
3.20625
3.7
3.475
3.5125
3.775
3.9625
4.45625
4.9125
5.0
4.8
4.65
3.91875
3.425
3.0375
2.69375
3.03125
3.49375
4.03125
4.53125
4.7125
4.5375
4.4
4.2125
4.00625
4.1875
4.21875
4.5375
5.125
5.44375
5.8375
6.0
5.54375
5.2125
4.95625
4.58125
4.76875
4.8
4.41875
4.2125
3.69375
3.375
3.44375
3.2625
3.425
3.46875
3.6625
3.99375
3.99375
3.8
3.2
2.6875
2.31875
2.33125
2.55
2.68125
2.81875
2.75625
2.9375
3.20625
3.66875
4.225
4.29375
4.5375
4.29375
3.725
3.58125
3.00625
3.01875
3.53125
3.6375
4.3125
4.46875
4.1375
4.075
3.5
3.35
3.48125
3.7875
4.15625
4.06875
3.9
3.25
2.5375
2.075
1.65625
1.5
1.5
1.50625
1.51875
1.53125
1.73125
2.18125
2.88125
3.625
4.0375
3.93125
3.30625
2.59375
1.98125
1.63125
1.54375
1.5
1.5
1.5
1.50625
1.5125
1.78125
2.1
2.59375
3.13125
3.36875
3.55
3.36875
3.1
2.8
2.50625
2.3875
2.3125
2.15
1.94375
1.74375
1.55
1.5125
1.70625
1.90625
2.28125
2.7
2.79375
2.91875
2.675
2.34375
2.14375
1.8625
1.76875
1.725
1.64375
1.60625
1.56875
1.525
1.525
1.7125
2.1625
2.825
3.53125
3.85625
3.6625
3.0375
2.325
1.8125
1.55
1.50625
1.50625
1.50625
1.5125
1.70625
1.90625
2.28125
2.875
3.09375
3.3
3.1375
2.5375
2.125
1.71875
1.50625
1.51875
1.53125
1.73125
1.96875
2.38125
2.95625
3.34375
3.6375
3.5625
3.1625
2.575
2.0375
1.6875
1.5
1.50625
1.51875
1.53125
1.7625
2.1375
2.71875
3.5625
3.96875
4.06875
3.7875
3.025
2.66875
2.65625
2.8125
3.1875
3.23125
2.95
2.58125
2.21875
2.0
2.11875
2.4125
2.84375
3.51875
3.93125
4.2125
4.34375
4.20625
3.9875
3.96875
3.81875
3.43125
3.40625
3.35
3.7875
4.89375
5.56875
6.16875
6.00625
5.03125
4.375
3.3375
3.1125
3.34375
3.5375
4.28125
4.21875
4.39375
4.4375
4.2875
4.75625
4.60625
4.35625
4.09375
3.725
3.73125
3.94375
4.2875
4.225
4.35625
4.7375
4.83125
5.225
5.25625
4.7
4.2875
3.825
3.5875
3.8625
3.875
4.11875
4.04375
3.53125
3.325
2.7875
2.46875
2.325
2.2875
2.3375
2.60625
3.18125
3.375
3.675
3.9
3.60625
3.575
3.7125
3.29375
3.125
2.975
2.3875
2.44375
2.50625
2.7
3.1125
3.06875
3.18125
2.9375
2.7
2.73125
2.45
2.7
2.9375
3.49375
4.43125
4.65
4.83125
4.46875
3.7
3.2125
2.925
2.5875
2.39375
2.5125
2.3625
2.675
3.24375
3.65
4.13125
4.49375
4.41875
4.35
4.275
3.74375
3.43125
2.93125
2.7625
2.9375
3.33125
3.83125
4.05625
4.625
4.79375
4.79375
4.56875
3.70625
3.025
2.525
2.15
2.43125
2.7125
3.125
3.85625
3.975
4.20625
4.3375
4.0375
4.025
3.79375
3.34375
3.15
2.73125
2.59375
2.84375
2.99375
3.33125
3.49375
3.20625
2.9625
2.7125
2.28125
2.3125
2.625
2.9875
3.45
3.5125
3.34375
3.09375
3.36875
3.825
3.8875
4.1375
3.58125
3.025
3.225
3.1625
3.64375
4.0875
3.75625
3.75625
3.39375
3.25625
3.725
3.70625
3.98125
3.88125
3.25625
2.9125
2.30625
1.925
1.78125
1.61875
1.81875
2.09375
2.7
3.31875
3.9125
4.2
3.99375
3.99375
3.45
3.14375
3.00625
2.65625
2.65625
2.79375
3.00625
3.04375
3.0875
2.8125
2.4625
2.4375
2.41875
2.5375
3.09375
3.30625
3.6875
4.0625
3.88125
3.9
3.56875
3.20625
2.79375
2.4125
2.375
2.4125
2.875
3.2625
3.26875
3.35
3.2125
3.5125
4.26875
4.7625
4.99375
4.38125
3.26875
2.51875
2.28125
2.53125
3.00625
3.05625
3.0125
2.88125
3.00625
3.675
3.775
3.9625
4.075
3.675
3.88125
4.3
4.51875
4.91875
5.125
5.00625
4.69375
4.41875
4.14375
3.7375
3.75625
3.50625
3.33125
3.51875
3.30625
3.36875
3.31875
2.95625
2.9625
2.9625
2.93125
3.26875
3.5625
4.025
4.65
5.16875
5.725
5.875
5.8375
5.35625
4.33125
3.74375
3.38125
3.39375
3.80625
3.7375
3.29375
2.8
2.34375
2.3125
2.74375
3.425
4.025
4.4125
4.325
3.7125
3.39375
2.91875
2.69375
3.15
3.3
3.6375
4.025
3.85625
3.55
3.5
3.6125
3.675
3.975
3.94375
3.41875
3.39375
3.2875
3.1125
3.225
2.66875
2.55
2.79375
3.11875
3.9
4.1375
4.15625
4.3875
4.5
4.71875
4.9
4.45625
4.05
3.5
2.91875
2.70625
2.89375
3.44375
3.95625
4.65
4.58125
4.36875
4.2625
3.71875
3.5375
3.10625
2.875
2.8625
3.05625
3.56875
3.7875
4.00625
4.175
4.0875
4.1875
4.2875
4.0875
3.99375
3.81875
3.64375
3.34375
3.53125
3.4875
3.40625
3.79375
3.375
3.1375
2.925
2.3625
2.1625
1.95625
1.8125
2.025
2.41875
3.14375
4.18125
4.80625
5.03125
4.7625
3.91875
3.39375
3.0875
3.1625
3.3
3.3625
3.4625
3.41875
3.73125
3.81875
4.0875
4.08125
3.6625
3.61875
3.25
3.1125
3.4
3.4625
3.525
3.83125
3.7
3.44375
3.65
3.59375
3.71875
4.00625
3.5375
3.3125
3.1625
3.025
3.50625
3.4125
3.575
3.94375
4.0625
4.90625
5.34375
5.38125
5.50625
4.90625
4.2375
3.93125
3.3625
3.15625
3.49375
3.83125
4.55625
5.4875
5.9
5.73125
5.2
4.25625
3.2625
2.70625
2.33125
2.525
3.2875
3.96875
5.0125
5.475
5.2125
5.1875
4.58125
4.23125
4.2
3.83125
3.9
3.93125
4.19375
4.55
4.46875
4.3875
4.18125
4.06875
4.03125
3.81875
3.5125
3.16875
2.8875
2.925
2.81875
2.6625
2.63125
2.30625
2.30625
2.30625
2.6625
3.35
3.88125
4.4875
4.5375
4.1875
4.0625
4.1375
4.275
4.66875
4.84375
4.75
5.0
5.35625
5.5
5.65
5.3375
4.88125
4.63125
4.51875
4.65
4.6375
4.4875
4.23125
3.76875
3.6
3.53125
3.2
3.4
3.3
3.4
3.80625
3.45
3.25
2.78125
2.38125
2.65
3.2
3.81875
4.2125
4.26875
3.89375
3.5625
3.35
3.2125
3.2875
3.51875
4.1
4.7125
4.99375
5.00625
4.51875
3.825
3.39375
3.21875
2.93125
2.96875
3.05
2.95625
3.26875
3.28125
3.46875
3.575
3.6375
4.2125
4.49375
5.00625
5.34375
4.91875
4.43125
3.85625
3.2
2.9875
3.01875
2.825
2.925
2.93125
2.925
3.1125
3.125
3.19375
2.9625
2.98125
2.88125
2.8125
2.95
2.775
2.93125
3.00625
3.44375
3.75625
3.70625
3.74375
3.41875
3.6875
4.39375
5.275
5.9125
5.89375
5.40625
4.63125
3.98125
3.6875
3.75
3.7375
3.80625
3.6625
3.3375
3.15
3.1875
3.175
3.29375
3.59375
3.5125
3.8375
3.81875
3.4125
3.24375
2.7625
2.575
2.75625
2.85
2.86875
2.95625
2.73125
2.7375
3.025
3.0875
3.55
3.68125
3.48125
3.575
3.175
2.88125
2.99375
2.69375
2.90625
3.4125
3.8125
4.7
5.0625
4.90625
4.34375
3.31875
2.74375
2.69375
3.15625
4.1875
5.09375
5.66875
5.80625
5.4
4.875
4.225
3.90625
3.80625
3.575
3.54375
3.43125
3.06875
2.89375
2.95625
2.84375
2.9375
3.06875
2.9
3.09375
3.40625
3.9
4.3
4.40625
4.25
3.65625
3.3625
3.0
2.83125
3.125
3.3375
4.05625
4.86875
5.19375
5.59375
5.225
4.53125
4.08125
3.125
2.7625
2.5875
2.55625
3.03125
3.325
3.6625
3.8625
3.775
3.68125
3.54375
3.25
3.25
3.2125
3.175
3.24375
3.0125
2.925
2.8375
2.8
3.0625
3.1125
3.38125
3.64375
3.75625
4.04375
4.1125
4.16875
4.29375
4.16875
3.975
3.84375
3.43125
3.3125
3.2625
3.38125
3.925
4.3875
4.91875
5.15625
5.075
4.78125
4.15625
3.825
3.4875
3.73125
4.425
4.9
5.4875
5.53125
5.425
5.1
4.8875
4.74375
4.5625
4.81875
5.2125
5.71875
6.225
6.5125
6.14375
5.775
5.5875
5.25625
5.58125
5.65
5.175
4.63125
3.5875
2.71875
2.3625
2.43125
2.94375
3.69375
4.4375
4.93125
5.19375
5.29375
5.1375
4.8
4.5625
4.11875
3.525
3.39375
3.39375
3.39375
3.39375
