0.98125
0.98125
0.98125
0.98125
0.945625
0.9025
0.93875
0.859375
0.859375
0.888125
0.84
0.865625
0.88125
0.9525
0.996875
1.043125
1.085625
1.03875
1.033125
1.05
1.06125
1.04125
0.998125
0.88875
0.756875
0.67
0.624375
0.579375
0.575
0.66
0.8
1.0
1.221875
1.3025
1.27375
1.22
1.16125
1.16
1.148125
1.138125
1.0475
0.974375
0.950625
0.9225
0.939375
0.970625
0.964375
0.955625
0.9525
0.885625
0.864375
0.823125
0.831875
0.836875
0.8375
0.9175
0.95375
1.0275
1.0925
1.1125
1.0825
1.01875
0.960625
0.890625
0.839375
0.8475
0.900625
0.8975
0.931875
0.93875
0.895
0.918125
0.906875
0.869375
0.763125
0.64125
0.63875
0.726875
0.901875
1.06375
1.128125
1.168125
1.195
1.3025
1.34
1.264375
1.229375
1.069375
0.953125
0.925625
0.801875
0.809375
0.86375
0.88875
1.003125
1.04875
1.1
1.158125
1.11125
0.9875
0.79875
0.589375
0.47625
0.46625
0.518125
0.6275
0.743125
0.8375
0.898125
0.9
0.83375
0.8275
0.831875
0.895625
1.023125
1.03625
1.093125
1.115
1.070625
1.105625
1.109375
1.1875
1.268125
1.34625
1.43125
1.414375
1.535
1.58875
1.558125
1.503125
1.315
1.165625
1.04875
0.988125
0.878125
0.80875
0.79375
0.801875
0.915625
0.905625
0.9
0.86625
0.80375
0.833125
0.81
0.791875
0.809375
0.836875
0.96625
1.100625
1.135
1.175
1.12
1.049375
1.043125
0.97375
0.855
0.790625
0.738125
0.72
0.78875
0.780625
0.760625
0.82375
0.87375
1.021875
1.16625
1.13625
1.06875
0.84
0.605625
0.555625
0.5475
0.64375
0.750625
0.68125
0.593125
0.515
0.466875
0.525
0.62
0.70125
0.796875
0.86
0.93375
0.99875
0.953125
0.974375
0.919375
0.854375
0.873125
0.805625
0.780625
0.78875
0.811875
0.885
0.921875
0.92125
0.853125
0.721875
0.656875
0.610625
0.598125
0.66375
0.661875
0.695
0.761875
0.7975
0.9625
1.071875
1.179375
1.2675
1.175
1.108125
0.939375
0.809375
0.778125
0.7225
0.736875
0.700625
0.688125
0.695
0.701875
0.748125
0.79625
0.844375
0.8975
0.965
0.9525
0.959375
1.034375
1.0825
1.136875
1.140625
1.03125
0.99625
0.990625
1.028125
1.105625
1.02875
0.95625
0.924375
0.924375
1.00875
1.093125
1.156875
1.09125
1.025625
0.96
0.843125
0.89
0.925
0.998125
1.11
1.12125
1.170625
1.14875
1.01
0.979375
0.925
0.949375
1.136875
1.158125
1.15625
1.030625
0.84
0.75625
0.71375
0.776875
0.800625
0.804375
0.805625
0.82375
0.875
0.958125
1.0025
0.963125
0.939375
0.86875
0.869375
0.904375
0.945625
0.989375
0.904375
0.9025
0.868125
0.908125
1.05375
1.12125
1.200625
1.159375
1.14125
1.045
0.9475
0.940625
0.883125
0.898125
0.975
1.07625
1.165
1.303125
1.339375
1.276875
1.170625
1.170625
1.170625
1.170625
