0.135625
0.135625
0.135625
0.135625
0.035625
-0.1625
-0.665625
-1.420625
-1.759375
-1.90875
-1.830625
-1.535
-1.724375
-1.89625
-2.53375
-3.115
-3.401875
-3.70625
-3.6025
-3.38
-2.89
-2.32625
-1.523125
-0.781875
-0.744375
-0.456875
-0.816875
-1.0575
-0.76125
-1.0325
-0.895625
-0.906875
-1.113125
-0.885625
-0.651875
-0.835
-0.941875
-1.53875
-2.11875
-1.93
-1.779375
-1.135625
-0.704375
-0.968125
-1.3325
-1.794375
-2.0125
-1.641875
-0.98875
-0.365625
0.3425
0.709375
0.7125
0.330625
-0.618125
-1.60125
-2.45875
-2.979375
-3.0725
-3.233125
-3.0375
-2.69
-2.075
-1.04375
-0.374375
0.03875
-0.260625
-0.7825
-1.489375
-2.165625
-2.114375
-2.189375
-1.74625
-0.938125
-0.479375
0.039375
0.404375
0.52125
0.49
0.644375
0.539375
0.3825
0.28875
-0.14625
-0.439375
-0.821875
-0.91125
-0.811875
-0.894375
-0.8875
-1.284375
-1.376875
-1.2875
-1.460625
-1.323125
-1.833125
-2.399375
-2.646875
-3.103125
-3.1425
-2.825625
-2.301875
-1.665
-1.00125
-0.9375
-1.45625
-1.66875
-1.83
-1.62625
-1.103125
-0.895
-0.891875
-0.71875
-0.554375
-0.705
-0.68
-1.125
-1.376875
-1.140625
-1.131875
-0.834375
-0.516875
-0.545625
-0.39875
-0.26375
-0.55625
-0.675625
-0.91875
-0.984375
-0.72125
-0.285
0.213125
0.2875
0.05875
-0.420625
-0.758125
-0.76875
-0.646875
-0.228125
-0.093125
-0.218125
0.093125
-0.13875
-0.475625
-0.6375
-1.36625
-1.7625
-1.665
-1.45125
-0.979375
-0.424375
-0.289375
-0.308125
-0.275625
-0.335
-0.22125
-0.16125
-0.32875
-0.323125
-0.063125
0.2525
0.681875
0.599375
0.18125
-0.186875
-0.555
-0.510625
-0.504375
-0.639375
-0.855625
-0.9725
-0.736875
-0.3225
0.135
0.48125
0.594375
0.3225
0.2325
-0.154375
-0.73625
-1.0875
-1.78
-2.064375
-2.245625
-2.115
-1.589375
-1.155625
-0.456875
0.019375
0.365625
0.549375
0.4825
0.185
-0.51875
-1.20375
-1.79625
-2.081875
-1.859375
-1.451875
-1.078125
-0.961875
-0.795625
-0.75
-0.523125
0.18
0.28375
0.24625
-0.216875
-1.2625
-1.871875
-2.24
-2.345
-2.186875
-2.085
-1.9675
-1.749375
-1.5225
-1.295625
-1.214375
-1.23
-1.1625
-0.78
-0.73
-0.779375
-1.0775
-1.761875
-1.91625
-1.801875
-1.37
-1.101875
-1.09875
-1.441875
-1.80625
-1.935625
-1.704375
-1.204375
-0.81375
-0.423125
-0.451875
-0.4175
-0.686875
-0.965
-0.9125
-1.273125
-1.15375
-1.016875
-1.17
-1.1425
-1.231875
-1.234375
-1.29625
-1.210625
-1.214375
-1.29875
-1.0125
-0.565
-0.3125
-0.185625
-0.4625
-0.9225
-1.18375
-1.2425
-0.831875
-0.76
-0.533125
-0.203125
-0.455625
-0.188125
-0.223125
-0.566875
-0.6
-1.108125
-1.49125
-1.93375
-2.039375
-1.629375
-1.0275
-0.156875
0.39625
0.50625
0.27
0.129375
-0.19125
-0.305
-0.3375
-0.715
-0.965
-1.13125
-0.970625
-0.854375
-0.815
-0.978125
-1.324375
-1.1725
-0.55
0.0725
0.451875
0.388125
-0.2225
-0.556875
-0.560625
-0.42125
-0.083125
-0.05375
-0.39875
-0.844375
-1.191875
-1.59875
-1.573125
-1.203125
-0.959375
-0.2275
0.306875
0.649375
1.078125
0.868125
0.7475
0.279375
-0.3525
-0.598125
-0.933125
-0.871875
-0.555
-0.0675
0.42
0.65
0.72625
0.393125
-0.235625
-0.550625
-1.16125
-1.419375
-1.08625
-0.91
-0.375625
-0.369375
-1.019375
-1.669375
-2.14875
-2.119375
-1.390625
-0.7625
-0.728125
-1.0075
-1.6575
-1.94375
-1.54125
-0.863125
-0.099375
0.461875
0.57375
0.504375
0.38125
-0.12625
-0.645625
-0.860625
-1.251875
-1.319375
-0.999375
-0.8675
-0.735
-0.460625
-0.70375
-1.29625
-1.721875
-2.168125
-2.055625
-1.543125
-0.894375
-0.334375
-0.26125
-0.388125
-0.441875
-0.528125
-0.5275
-0.198125
-0.069375
-0.23625
-0.29875
-0.63875
-1.241875
-1.614375
-2.051875
-2.400625
-2.385625
-1.996875
-1.534375
-1.160625
-0.88375
-1.096875
-1.01875
-0.798125
-0.56625
0.08
0.12625
-0.22125
-0.505625
-1.1125
-1.428125
-1.1525
-0.82875
-0.621875
-0.221875
-0.1175
-0.3625
-0.4575
-0.8475
-1.259375
-1.275
-1.178125
-0.979375
-0.75875
-1.05
-1.155625
-1.148125
-1.470625
-1.454375
-1.65875
-2.128125
-1.915625
-1.431875
-0.969375
-0.08375
0.45
0.769375
1.099375
1.204375
1.309375
1.33625
1.0875
0.5575
0.005625
-0.443125
-0.626875
-0.566875
-0.44375
-0.7825
-0.88625
-0.694375
-0.85
-0.625625
-0.6825
-1.21125
-1.16875
-0.888125
-0.639375
-0.33375
-0.27125
-0.333125
-0.331875
-0.2025
-0.075625
-0.349375
-0.608125
-0.58875
-0.608125
-0.349375
-0.1325
-0.554375
-1.151875
-1.445
-1.463125
-0.96875
-0.238125
0.083125
0.0575
-0.1325
-0.561875
-0.76375
-0.929375
-0.985625
-0.84375
-0.905
-0.669375
-0.60375
-0.546875
-0.31125
-0.323125
-0.0975
0.201875
0.379375
0.604375
0.583125
0.740625
0.99125
1.170625
1.11625
0.636875
0.06875
-0.4475
-0.4725
-0.278125
-0.03625
0.043125
0.0625
-0.121875
-0.578125
-0.775
-1.39625
-1.543125
-1.258125
-1.004375
-0.450625
-0.125625
0.07375
-0.111875
-0.136875
-0.250625
-0.450625
-0.133125
0.215
0.5525
0.903125
1.176875
1.27875
1.4
1.5925
1.344375
0.824375
0.304375
-0.2675
-0.52
-0.481875
-0.44375
-0.405625
0.0125
0.535625
0.771875
1.008125
0.64125
-0.10375
-0.570625
-1.07
-1.446875
-1.535
-1.299375
-1.231875
-0.82
-0.22875
-0.148125
0.014375
-0.19125
-0.6625
-0.81375
-0.494375
-0.028125
0.311875
0.59875
0.53375
0.44625
0.656875
0.79625
0.935625
1.176875
1.330625
1.41125
1.296875
1.043125
0.376875
-0.1625
-0.6075
-0.9775
-0.62625
-0.350625
0.13
0.573125
0.655625
0.42125
0.0825
-0.49125
-1.065
-1.130625
-1.19625
-0.829375
-0.4625
-0.26875
-0.170625
-0.16125
-0.305625
-0.303125
-0.109375
-0.395625
-0.565625
-1.018125
-1.464375
-1.474375
-1.255625
-0.70625
-0.169375
0.394375
0.715
0.86375
0.63625
0.16
-0.245
-0.660625
-0.67875
-0.24
0.098125
0.208125
0.403125
0.054375
-0.18875
0.006875
-0.06625
0.3675
0.579375
0.310625
0.16875
-0.23625
-0.20875
0.02625
0.2075
0.3075
0.170625
0.27625
0.381875
0.56875
0.515625
0.371875
0.195625
0.133125
0.375
0.466875
0.47
0.164375
-0.165625
-0.545625
-0.704375
-0.825
-0.878125
-0.6475
-0.485
0.205625
0.8475
1.279375
1.349375
1.048125
0.426875
-0.28
-0.35875
-0.456875
-0.1875
0.276875
0.305625
0.1625
0.10625
-0.03125
0.04625
0.50625
0.775
0.780625
0.535625
-0.054375
-0.61625
-0.59125
-0.158125
0.295625
0.7125
0.7775
0.464375
0.53875
0.6025
0.59625
0.736875
0.675
0.6325
0.595
0.511875
0.16625
-0.23125
-0.5775
-0.670625
-0.6575
-0.83625
-0.74
-1.009375
-1.165625
-0.763125
-0.615625
-0.1375
0.505
0.8325
0.916875
0.63375
0.2375
-0.15
-0.176875
-0.173125
-0.370625
-0.6375
-0.80875
-0.556875
-0.1225
0.353125
0.44625
0.33375
0.046875
-0.520625
-0.9925
-1.460625
-1.741875
-1.666875
-1.29875
-1.019375
-0.9125
-0.56625
-0.381875
-0.4025
-0.313125
-0.60875
-0.91875
-0.95375
-0.810625
-0.721875
-0.654375
-0.55125
-0.515625
-0.125
0.244375
0.455
0.60125
0.444375
0.273125
0.0175
-0.519375
-1.08375
-1.523125
-1.525625
-1.010625
-0.143125
0.45875
0.725
0.563125
-0.1275
-0.82625
-1.6675
-2.465
-3.023125
-3.008125
-2.620625
-1.8575
-0.981875
-0.6125
-0.2675
-0.360625
-0.51
-0.813125
-1.564375
-2.243125
-2.715625
-2.851875
-2.55375
-1.913125
-1.47875
-1.00875
-0.79375
-0.880625
-0.878125
-0.895
-0.45625
0.066875
0.41125
0.596875
0.295625
0.026875
-0.115
-0.041875
0.148125
0.341875
0.263125
-0.25125
-0.490625
-0.81875
-0.920625
-0.54875
-0.696875
-0.90625
-1.106875
-1.6025
-1.678125
-1.808125
-1.6425
-1.094375
-0.4975
0.4225
0.995
1.304375
1.40375
1.26375
0.940625
0.289375
-0.4875
-1.38625
-1.876875
-1.965625
-1.941875
-1.440625
-1.020625
-0.56375
0.1575
0.469375
0.350625
0.2975
-0.039375
-0.14875
0.419375
0.81125
0.944375
0.603125
-0.16875
-0.973125
-1.13875
-0.555
0.201875
0.82875
1.055
0.56875
-0.253125
-0.89375
-1.32
-1.159375
-0.509375
0.121875
0.409375
0.46625
0.145
-0.19125
-0.125625
-0.0925
-0.073125
0.09875
-0.01
-0.405625
-0.405625
-0.405625
-0.405625
