154.20625
154.20625
154.20625
154.20625
160.225
159.94375
151.26875
145.19375
131.275
124.10625
127.16875
130.41875
142.15
149.84375
145.2125
140.9
137.45625
136.03125
140.76875
139.3
130.1625
124.33125
116.6
115.8625
117.9625
113.825
114.675
106.63125
108.81875
116.55
124.40625
143.26875
147.1125
150.13125
145.5375
139.6375
145.08125
148.7375
158.40625
161.275
159.50625
153.14375
149.7625
148.78125
147.78125
149.7625
145.3625
146.5875
147.9875
152.1875
158.175
157.84375
157.1625
158.525
160.20625
161.75625
167.65625
168.81875
171.0875
172.0125
164.5875
160.175
154.38125
158.175
166.125
166.25
166.2875
158.1625
150.05625
153.61875
149.1625
140.13125
126.44375
108.69375
99.00625
99.34375
102.69375
104.41875
114.25
124.775
143.2625
162.0875
168.40625
165.30625
153.08125
137.8875
125.2875
122.725
125.775
135.1
149.0375
153.18125
154.69375
154.325
149.95625
153.35
151.975
149.21875
147.475
142.74375
144.4125
141.6375
141.0625
138.98125
137.70625
143.425
145.2875
150.48125
150.075
142.675
138.30625
128.9875
125.64375
126.7
126.5625
129.36875
122.86875
119.175
115.48125
119.13125
139.59375
160.60625
181.61875
190.325
182.025
163.95
144.68125
131.50625
122.50625
122.9875
122.79375
119.33125
122.88125
122.175
125.675
129.15625
124.975
120.375
111.1
106.03125
108.68125
117.34375
133.0
144.91875
149.39375
146.68125
136.525
132.89375
134.6875
139.7375
148.76875
153.14375
146.74375
139.40625
132.80625
123.8875
129.33125
133.63125
134.7125
140.45
139.8875
140.9375
141.25625
140.98125
139.21875
140.36875
146.525
144.51875
145.15625
142.05
136.13125
140.3375
139.31875
138.6625
137.6375
130.8875
129.6375
126.9875
121.74375
118.51875
112.175
114.3875
115.875
120.35
131.50625
132.35
141.51875
149.44375
150.44375
155.175
156.6
154.85625
153.66875
152.26875
149.68125
148.18125
148.43125
148.7875
147.5375
146.625
146.98125
150.69375
151.9875
153.475
149.6125
135.975
129.2125
117.40625
112.475
113.9625
109.36875
116.04375
119.55
123.05625
135.6375
135.38125
136.95
141.58125
138.30625
141.45
137.775
131.14375
119.9375
111.9
113.70625
114.575
123.40625
126.15625
125.625
123.5875
124.5625
133.1875
136.99375
143.1375
140.225
132.43125
127.78125
127.80625
133.84375
138.34375
140.14375
134.65625
125.6875
115.23125
111.98125
112.9875
120.51875
137.6375
154.55
170.76875
181.38125
181.025
172.28125
159.8
146.43125
140.41875
133.94375
128.3875
125.96875
121.0625
123.15
127.3625
128.975
129.95
129.3125
134.625
141.43125
148.5375
153.91875
151.30625
148.125
145.15625
145.78125
147.225
145.7125
143.83125
139.375
130.5375
126.675
123.30625
119.56875
123.08125
129.275
134.8125
134.73125
134.73125
134.73125
134.73125
