0.935
0.935
0.935
0.935
0.893125
0.888125
0.895625
0.91625
0.93875
0.981875
1.060625
1.13
1.213125
1.2225
1.2
1.164375
1.0875
1.055
0.98625
0.9475
0.944375
0.916875
0.92
0.90375
0.8825
0.88125
0.9025
0.926875
0.945
0.9675
0.95125
0.940625
0.92375
0.90375
0.903125
0.930625
1.01375
1.0925
1.16125
1.1975
1.134375
1.06875
1.01375
0.905625
0.85875
0.81875
0.790625
0.839375
0.89125
0.9575
1.008125
1.035
1.0475
1.00375
0.964375
0.920625
0.89125
0.9025
0.9025
0.908125
0.885
0.8725
0.8675
0.850625
0.860625
0.841875
0.820625
0.82375
0.815625
0.8375
0.9175
0.98375
1.05375
1.10875
1.108125
1.1
1.10625
1.098125
1.058125
1.033125
0.964375
0.92
0.92125
0.9075
0.92125
0.92375
0.90375
0.89125
0.886875
0.875625
0.8675
0.8625
0.855
0.855625
0.875625
0.895
0.886875
0.878125
0.855
0.826875
0.838125
0.86
0.885
0.909375
0.905
0.8925
0.88125
0.856875
0.855
0.831875
0.796875
0.778125
0.746875
0.788125
0.875625
0.969375
1.055
1.034375
0.98875
0.98375
0.989375
1.071875
1.12875
1.12375
1.13125
1.098125
1.04875
0.9925
0.95375
0.94125
0.96
0.989375
0.9875
0.98375
0.980625
1.036875
1.045
1.038125
1.054375
0.979375
0.9525
0.934375
0.8775
0.906875
0.955
0.994375
1.083125
1.093125
1.065625
1.08875
1.035
1.0375
1.061875
1.043125
1.065625
1.05125
1.033125
0.961875
0.885
0.81875
0.788125
0.84625
0.918125
1.003125
1.020625
0.990625
0.946875
0.89375
0.90125
0.9475
1.02125
1.09125
1.1125
1.09875
1.04375
1.03125
1.028125
0.990625
0.981875
0.906875
0.85625
0.871875
0.878125
0.9325
0.971875
0.96875
0.96
0.90625
0.85625
0.839375
0.853125
0.919375
0.98625
1.050625
1.105625
1.1
1.076875
1.026875
0.9325
0.864375
0.821875
0.794375
0.805
0.830625
0.828125
0.81625
0.833125
0.85375
0.945
1.03875
1.061875
1.07625
1.008125
0.96625
0.93875
0.909375
0.905
0.861875
0.8575
0.853125
0.853125
0.90375
0.95125
0.98625
1.0375
1.03125
1.02625
1.03375
0.99625
1.001875
0.99
1.009375
1.08625
1.124375
1.12875
1.07125
0.965625
0.886875
0.873125
0.9
0.95375
1.019375
1.026875
1.015
0.995625
0.965
0.94375
0.959375
0.95125
0.9275
0.92
0.866875
0.8475
0.8425
0.87625
0.928125
0.9875
1.04
1.034375
1.018125
0.980625
0.933125
0.90375
0.93125
0.945
1.0175
1.12625
1.1425
1.18625
1.148125
1.023125
0.955
0.89625
0.861875
0.91625
0.985
1.00375
1.055
1.056875
1.01875
1.03
1.030625
1.05875
1.0825
1.071875
1.065625
1.045625
1.04375
1.054375
1.013125
0.96
0.951875
0.96375
1.031875
1.14125
1.175625
1.209375
1.195625
1.15
1.14
1.091875
1.069375
1.034375
1.009375
1.00625
1.010625
1.03
1.00375
1.00375
1.008125
0.99875
1.049375
1.084375
1.114375
1.174375
1.17
1.14
1.088125
0.998125
0.94375
0.904375
0.8925
0.91
0.934375
0.944375
0.933125
0.92875
0.9325
0.936875
0.955
0.944375
0.9475
0.964375
0.979375
0.991875
0.94875
0.93125
0.9225
0.961875
1.011875
1.016875
1.0
0.966875
0.993125
1.02875
1.095625
1.104375
1.02625
1.005
0.94625
0.9425
0.991875
0.994375
1.053125
1.0975
1.12125
1.11125
1.045
1.015
0.99125
0.998125
1.02375
0.969375
0.93625
0.9325
0.9225
0.975625
1.003125
0.979375
0.9975
1.0175
1.061875
1.164375
1.18625
1.156875
1.118125
1.0025
0.94125
0.92625
0.894375
0.935
0.99125
1.048125
1.121875
1.139375
1.10875
1.03375
0.97375
0.9525
0.95875
1.010625
1.01875
1.00625
0.993125
0.945625
0.9525
0.978125
1.015
1.10375
1.1175
1.11875
1.08625
0.989375
0.94875
0.9
0.84625
0.840625
0.830625
0.835
0.87
0.888125
0.894375
0.89625
0.8925
0.88875
0.918125
0.965625
1.041875
1.094375
1.08375
1.04875
0.955625
0.893125
0.853125
0.8575
0.90375
0.94625
1.01375
1.010625
0.989375
1.008125
1.015
1.04625
1.115625
1.108125
1.128125
1.17125
1.1375
1.1375
1.090625
1.014375
0.97625
0.938125
0.90125
0.88
0.880625
0.9125
0.9475
1.0275
1.085
1.068125
1.09375
1.04875
1.016875
1.05875
1.066875
1.100625
1.103125
1.045
0.9775
0.9
0.884375
0.94125
1.01625
1.1075
1.173125
1.155625
1.1325
1.095625
1.04875
1.04875
1.053125
1.065
1.04875
1.060625
1.0675
1.085625
1.155
1.15875
1.14875
1.105
1.00625
0.9575
0.918125
0.91375
0.965625
0.960625
1.015
1.09
1.13
1.214375
1.21
1.126875
1.051875
0.971875
0.929375
0.963125
0.954375
0.95625
0.9725
0.94
0.970625
1.008125
1.02125
1.0775
1.145625
1.2075
1.2575
1.2575
1.19125
1.1125
1.04625
0.994375
0.961875
0.90625
0.865
0.8325
0.840625
0.860625
0.88625
0.91625
0.90625
0.898125
0.865
0.82875
0.810625
0.80125
0.805
0.823125
0.834375
0.86375
0.920625
0.970625
1.04625
1.123125
1.144375
1.155
1.108125
1.019375
0.96625
0.899375
0.87625
0.86375
0.826875
0.8175
0.819375
0.8625
0.929375
1.008125
1.08125
1.1075
1.13625
1.1475
1.118125
1.106875
1.074375
1.01875
0.96625
0.934375
0.958125
1.019375
1.14875
1.224375
1.22875
1.179375
1.05
0.9725
0.905
0.918125
0.95625
0.961875
1.030625
1.05125
1.074375
1.125
1.07625
0.99875
0.955625
0.881875
0.868125
0.919375
0.95125
1.02875
1.12
1.134375
1.12125
1.0675
0.965625
0.91625
0.923125
0.9375
1.006875
1.0475
1.0175
0.9775
0.91
0.9125
0.945625
1.011875
1.10375
1.100625
1.089375
1.059375
0.95875
0.9275
0.910625
0.910625
0.910625
0.910625
