0.045114493125
0.045114493125
0.045114493125
0.045114493125
0.051075205
0.057328104375
0.0502960225
0.046984523125
0.04367302375
0.038861605625
0.0420367625
0.0420367625
0.04135498125
0.03950443125
0.03547218125
0.0321217125
0.030543875
0.04092646875
0.05095842875
0.06167217
0.06820756125
0.05487382125
0.04442304875
0.03950443875
0.03966997875
0.0500038375
0.0568995625
0.0497895625
0.0386862625
0.02690118125
0.01766791625
0.0162264325
0.016966654375
0.01522324
0.012564288125
0.01148317375
0.0102462225
0.01239870625
0.014931040625
0.0143077
0.0139960325
0.01244741
0.01431744
0.022576745
0.029939991875
0.0477053325
0.0698633225
0.08495025
0.103270775
0.10123515375
0.08410287625
0.06979513
0.0528089525
0.04665341125
0.05502962
0.0628409225
0.073885825
0.083908050625
0.075366269375
0.068519206875
0.061418888125
0.05438674875
0.062120091875
0.064243335
0.055906121875
0.053675735625
0.044510648125
0.040916698125
0.046069029375
0.04016673875
0.043458774375
0.052925835
0.062100701875
0.08198929875
0.09223553875
0.08682021625
0.08043091875
0.062986999375
0.04823124875
0.038754466875
0.025810334375
0.018544479375
0.012836993125
0.008580725625
0.019089940625
0.0308361025
0.044802920625
0.06578236375
0.0670679875
0.06591867625
0.0622175525
0.047315710625
0.038345400625
0.031595750625
0.032676881875
0.039523949375
0.049312421875
0.056899714375
0.046371025625
0.034887838125
0.02773883875
0.02200210125
0.0259077425
0.0321704075
0.033621635
0.035267658125
0.04848452375
0.057941840625
0.062110470625
0.07672987375
0.071616499375
0.07043798625
0.07410987125
0.056850988125
0.0572016175
0.05873076
0.066425166875
0.08277823625
0.078843361875
0.065947911875
0.0528966425
0.044345135625
0.0531888475
0.067769274375
0.07120738875
0.069571096875
0.0581073925
0.04720859125
0.0401862275
0.034264450625
0.03293983625
0.039163516875
0.04341977
0.049760330625
0.05293547375
0.039290099375
0.03143013625
0.025177235
0.02712520625
0.03867655625
0.054318585
0.06313304625
0.06397064625
0.06399984125
0.0489227175
0.04189062875
0.033650814375
0.024738963125
0.025917474375
0.020268418125
0.0180867125
0.024748680625
0.04049786125
0.069123016875
0.098332554375
0.1140330925
0.112182555625
0.088962961875
0.07030158
0.056880166875
0.04791957875
0.051172660625
0.044140555
0.034654030625
0.032472325
0.0324918
0.0395628625
0.04808515125
0.04729623375
0.0405855475
0.0319658675
0.02470975125
0.02116447875
0.021690425
0.02063853375
0.020667755
0.022011844375
0.0205119275
0.019489254375
0.01868085375
0.020122335625
0.02345332375
0.027884905625
0.029004975
0.02618044375
0.0243104125
0.022625436875
0.02170016125
0.023053991875
0.021875485
0.029219241875
0.03835511125
0.046692318125
0.05629569375
0.05097780625
0.0516595875
0.05154270625
0.0500135625
0.053120525
0.04185165
0.0321801
0.028138125
0.03605658125
0.05595491875
0.0741585375
0.0844826975
0.07435333875
0.05436734625
0.0400888475
0.03313464125
0.03625136
0.04838709
0.0534517575
0.05083176125
0.04790009625
0.0479293475
0.0465658175
0.049244284375
0.05113382625
0.03574498625
0.0260052025
0.0202489775
0.01700560875
0.03312487875
0.045806015
0.050890145
0.0573670625
0.046439080625
0.03780967875
0.032706066875
0.024797405
0.025586323125
0.02487532
0.02487531625
0.02333643125
0.0275147825
0.0342449525
0.041812745
0.05189339375
0.05053957
0.0451534875
0.03670912375
0.02955041
0.028537481875
0.0379850275
0.052127129375
0.06077600625
0.069785251875
0.061749969375
0.048377305625
0.036329248125
0.02573241625
0.026745348125
0.03066072375
0.047198843125
0.06375644375
0.074947444375
0.083401576875
0.07028211625
0.049760436875
0.03997194375
0.031809988125
0.0365629625
0.057172280625
0.0612435375
0.0666491425
0.067506285
0.067506285
0.067506285
0.067506285
