0.070610483254
0.070610483254
0.070610483254
0.070610483254
0.0750848164215
0.0812670839864
0.0647100086163
0.0697149666862
0.0707339707641
0.0793309762384
0.0930687296199
0.0791856695065
0.0672466092
0.0546281354685
0.0487805840495
0.05781699151
0.0672282717691
0.0577104487146
0.0441258941239
0.0305845137377
0.0311077108201
0.0426219926613
0.0563200536289
0.0698226700785
0.058957626143
0.0617841438323
0.0660177692028
0.0720955830467
0.0980692774217
0.0984601664575
0.106668139851
0.111328632761
0.0912663226348
0.0967868178476
0.0826033952566
0.0702209869345
0.0727111636423
0.0624099376806
0.062097969234
0.0635870150562
0.0796554791316
0.0829325405373
0.0915007632085
0.0965215053963
0.072090244301
0.0692210166458
0.0595270149819
0.0515249314784
0.0730725735169
0.0751152240602
0.0765397406948
0.0780188053837
0.0498935964763
0.0324284700919
0.0200862184225
0.0225733775784
0.0399642257612
0.0578390428511
0.0702142554725
0.054731660712
0.0424316547698
0.0341937379762
0.0337754588536
0.0466225701743
0.0539524359536
0.0519290513188
0.0509513644906
0.0477729538213
0.0457841549741
0.059485465613
0.0575217356588
0.0578241872108
0.0592716836641
0.0391564503191
0.0277628705554
0.0305195203114
0.0335043434178
0.0472629875436
0.0623600320139
0.0482492627889
0.0354973204139
0.0227059177443
0.0240450144471
0.0401195136263
0.0524947262477
0.0648896690163
0.0588111588142
0.052713614823
0.0487283571891
0.0595179623261
0.0684011709959
0.0773073594842
0.0861195396237
0.0657371368724
0.0512819024876
0.0417239227804
0.0336347945093
0.0395556956525
0.0554245370611
0.0615849854043
0.0796220539408
0.0980845973008
0.0966512601297
0.114819708235
0.104833004033
0.0966157458646
0.093539235603
0.0619292184448
0.0452031601661
0.0297723280274
0.0339038208707
0.0510999208937
0.069987939077
0.0883304767175
0.0819699414688
0.0759267134124
0.0683740130284
0.0616785295144
0.064930986266
0.073441643331
0.0845587689131
0.0814750629508
0.0753109006975
0.0593188038981
0.0404832446947
0.0353944915286
0.0464145912099
0.0732547872301
0.10009498325
0.120993851622
0.118916383172
0.0971946515981
0.0814000883911
0.0764652303738
0.0795350091733
0.0971289618135
0.108795746087
0.104888712684
0.102024823775
0.0885540076803
0.0642095592331
0.0493091198776
0.0353088394774
0.0250247903498
0.0277173751569
0.0286832238968
0.0275460710545
0.0306265273455
0.0297182442118
0.0288099610782
0.0300046795267
0.0232532552422
0.0181703050606
0.0161678111699
0.0143825810189
0.0192482674609
0.0243312176425
0.0263337115332
0.0300046795267
0.0311601698
0.0344186616553
0.0344186616553
0.0344186616553
0.0344186616553
