-0.201875
-0.201875
-0.201875
-0.201875
-0.048125
0.175625
0.42125
0.63125
0.640625
0.409375
0.155625
-0.09625
-0.39875
-0.496875
-0.59125
-0.69
-0.51375
-0.41
-0.215625
0.128125
0.164375
0.24625
0.09375
-0.30875
-0.599375
-0.756875
-0.723125
-0.47625
-0.0425
0.159375
0.31
0.27625
-0.02625
-0.245625
-0.470625
-0.6025
-0.60875
-0.5725
-0.5175
-0.4775
-0.43375
-0.329375
-0.1425
0.048125
0.32125
0.413125
0.296875
0.15
-0.188125
-0.43
-0.468125
-0.424375
-0.349375
-0.2825
-0.306875
-0.289375
-0.094375
0.111875
0.3375
0.53875
0.538125
0.54875
0.54
0.468125
0.60625
0.6875
0.661875
0.526875
0.2175
0.081875
0.041875
0.220625
0.52
0.584375
0.821875
0.805
0.746875
0.780625
0.589375
0.52625
0.298125
0.076875
-0.22
-0.495
-0.63875
-0.679375
-0.4425
-0.215625
-0.02125
0.065625
-0.060625
-0.181875
-0.20625
-0.3375
-0.401875
-0.32
-0.295
-0.13375
0.0425
-0.056875
-0.173125
-0.266875
-0.274375
-0.185
0.04125
0.243125
0.25
0.423125
0.47625
0.55375
0.715625
0.745625
0.77375
0.744375
0.75625
0.76625
0.778125
0.815
0.923125
1.01
1.09875
1.068125
0.920625
0.81375
0.705
0.85375
0.91
0.845625
0.8075
0.456875
0.456875
0.456875
0.456875
