1.025625
1.025625
1.025625
1.025625
1.011875
0.995
0.98625
0.975625
0.9625
0.961875
0.94
0.920625
0.896875
0.86625
0.855625
0.856875
0.86875
0.88125
0.89625
0.9
0.911875
0.941875
0.959375
0.98
0.98125
0.955625
0.944375
0.934375
0.926875
0.928125
0.915625
0.911875
0.925
0.95875
1.0
1.015
1.014375
0.981875
0.958125
0.9625
0.970625
0.99
0.98
0.956875
0.945625
0.946875
0.975
1.01
1.023125
1.040625
1.054375
1.05125
1.063125
1.04625
1.0175
1.0
0.974375
0.965
0.96625
0.9775
0.980625
0.983125
0.989375
0.985
0.99625
1.008125
1.0125
1.015
1.02
1.019375
1.016875
1.016875
1.004375
1.006875
1.015
1.03
1.045
1.04
1.021875
0.996875
0.98875
0.99125
1.015
1.031875
1.030625
1.036875
1.028125
1.02625
1.04125
1.0475
1.06
1.075
1.073125
1.064375
1.054375
1.0375
1.02
1.0125
0.99125
0.965
0.965625
0.961875
0.978125
1.003125
1.00375
1.001875
0.9925
0.990625
0.989375
1.004375
1.026875
1.040625
1.068125
1.075625
1.060625
1.04625
1.014375
0.986875
0.970625
0.966875
0.97125
0.9675
0.9675
0.953125
0.931875
0.94375
0.974375
1.01125
1.065
1.0925
1.094375
1.08875
1.0725
1.0525
1.038125
1.0175
0.99
0.980625
0.981875
0.990625
1.01875
1.01875
1.01875
1.01875
