0.128125
0.128125
0.128125
0.128125
0.0875
0.053125
0.09375
0.109375
0.15
0.153125
0.08125
0.009375
-0.046875
-0.05
-0.01875
0.0375
0.0625
0.025
-0.021875
-0.01875
-0.021875
0.03125
0.025
-0.053125
-0.071875
-0.12125
-0.058125
0.04875
0.080625
0.09875
0.029375
-0.111875
-0.209375
-0.28125
-0.2875
-0.240625
-0.2
-0.2
-0.20625
-0.178125
-0.184375
-0.128125
-0.121875
-0.17125
-0.120625
-0.060625
0.03375
0.133125
0.129375
0.0725
-0.003125
-0.08125
-0.090625
-0.08125
-0.084375
-0.0625
-0.0625
-0.05
-0.015625
0.009375
0.00375
-0.026875
-0.010625
0.0275
0.07375
0.104375
0.038125
-0.046875
-0.1
-0.109375
-0.059375
-0.0375
-0.0875
-0.159375
-0.25
-0.315625
-0.29375
-0.259375
-0.190625
-0.15
-0.128125
-0.146875
-0.193125
-0.16125
-0.166875
-0.144375
-0.141875
-0.21125
-0.236875
-0.25625
-0.230625
-0.16125
-0.11625
-0.074375
-0.055
-0.073125
-0.076875
-0.06125
-0.043125
0.009375
0.025
0.04875
0.045
0.019375
0.0125
-0.0375
-0.0375
-0.034375
0.0125
0.04375
0.028125
-0.0375
-0.15625
-0.221875
-0.24375
-0.18125
-0.09375
-0.0125
0.03125
0.025
-9.54097911787e-18
-0.08125
-0.153125
-0.2
-0.2625
-0.24375
-0.19375
-0.13125
-0.040625
-0.00625
1.38777878078e-17
-0.040625
-0.0625
-0.04375
-0.021875
0.025
0.05
0.05
0.053125
0.059375
0.040625
-0.025
-0.1125
-0.20625
-0.246875
-0.21875
-0.18125
-0.1125
-0.059375
-0.025
0.021875
0.015625
-0.003125
-0.028125
-0.015625
-0.00625
-0.034375
-0.08125
-0.2375
-0.3375
-0.4
-0.415625
-0.303125
-0.19375
-0.0625
0.015625
0.028125
0.021875
-0.028125
-0.025
-0.01875
-0.028125
0.00625
0.015625
0.028125
0.05
0.05
0.05
0.059375
0.046875
0.034375
0.003125
-0.0375
-0.034375
-0.053125
-0.009375
0.025
0.046875
0.0875
0.034375
-0.034375
-0.14375
-0.25
-0.28125
-0.265
-0.176875
-0.11375
-0.075625
-0.073125
-0.13
-0.111875
-0.09375
-0.0625
-0.0125
-0.0125
-0.028125
-0.028125
-0.028125
-0.003125
0.028125
0.0125
1.21430643318e-17
-0.0375
-0.0625
-0.05
-0.065625
-0.128125
-0.146875
-0.146875
-0.075
0.065625
0.134375
0.178125
0.1
0.015625
-0.04375
-0.103125
-0.04
0.016875
0.04875
0.105625
0.0925
-0.005
-0.0275
-0.125
-0.165625
-0.078125
-0.065625
0.046875
0.09375
0.065625
0.0625
-0.065625
-0.125
-0.16875
-0.2625
-0.25625
-0.303125
-0.31875
-0.236875
-0.13
0.0175
0.118125
0.151875
0.110625
0.019375
-0.028125
-0.05
-0.046875
-0.01875
-0.0125
0.003125
0.01875
0.031875
0.048125
0.051875
0.080625
0.13
0.15125
0.19125
0.196875
0.19375
0.2625
0.234375
0.15
-0.01875
-0.259375
-0.375
-0.365625
-0.253125
-0.10625
-0.059375
-0.08125
-0.109375
-0.15625
-0.153125
-0.140625
-0.125
-0.125
-0.065625
-0.00625
0.028125
0.090625
0.0625
0.04375
0.025
0.025
0.078125
0.0625
0.046875
-0.040625
-0.175
-0.175
-0.225
-0.15
-0.025
-0.025
0.034375
-0.03125
-0.096875
-0.109375
-0.115625
-0.046875
-0.01875
0.025625
0.0325
-0.0075
-0.038125
-0.0825
-0.108125
-0.115
-0.109375
-0.103125
-0.084375
-0.0125
0.059375
0.115625
0.203125
0.215625
0.20625
0.20625
0.165625
0.125
0.109375
0.06875
-0.046875
-0.1625
-0.2875
-0.346875
-0.28125
-0.165625
-0.084375
-0.040625
-0.021875
-0.01875
0.01875
0.009375
-0.071875
-0.16875
-0.2625
-0.26875
-0.228125
-0.18125
-0.10625
-0.06875
-0.009375
0.0875
0.11875
0.14375
0.121875
0.03125
-0.021875
-0.1
-0.128125
-0.128125
-0.1
-0.04375
0.00625
0.0625
0.028125
0.00625
-0.034375
-0.0625
0.034375
0.096875
0.159375
0.20625
0.15
0.115625
0.08125
0.015625
0.009375
-0.003125
-0.065625
-0.115625
-0.16875
-0.234375
-0.21875
-0.13125
-0.05625
0.05
0.15
0.2125
0.221875
0.215625
0.175
0.115625
0.125
0.15
0.16625
0.185625
0.180625
0.169375
0.12875
0.09125
0.05875
-0.03
-0.07125
-0.165625
-0.259375
-0.284375
-0.290625
-0.196875
-0.125
-0.059375
-0.003125
-0.018125
0.016875
0.02375
0.018125
0.055
0.023125
0.019375
0.028125
0.0125
0.03125
0.03125
0.05625
0.084375
0.138125
0.204375
0.1675
0.13375
0.08
-0.03
-0.043125
-0.109375
-0.175
-0.16875
-0.2
-0.125
-0.05625
-0.015625
0.04375
0.021875
0.01875
0.021875
0.015625
0.009375
-0.05
-0.096875
-0.11875
-0.075
0.003125
0.0625
0.078125
0.053125
0.05375
0.066875
0.0925
0.118125
0.12375
0.073125
0.05375
-0.0125
-0.10625
-0.121875
-0.196875
-0.225
-0.184375
-0.186875
-0.145625
-0.08875
-0.07875
-0.045
-0.02375
0.013125
0.015625
0.0125
0.053125
0.0625
0.109375
0.153125
0.159375
0.125
0.1375
0.096875
0.0375
0.06875
0.0125
0.0375
0.084375
0.071875
0.13125
0.184375
0.2375
0.303125
0.321875
0.30625
0.253125
0.19375
0.175
0.175
0.221875
0.25625
0.215625
0.140625
0.059375
-0.00625
0.028125
0.0875
0.125625
0.16375
0.124375
0.085
0.085
0.085
0.115
0.145
0.125625
0.10625
0.09375
0.090625
0.10625
0.096875
0.06875
0.0375
0.025
0.065625
0.140625
0.196875
0.171875
0.134375
0.0625
-0.021875
0.028125
0.01875
-0.046875
-0.090625
-0.271875
-0.409375
-0.48125
-0.55
-0.515625
-0.45625
-0.3375
-0.19375
-0.09375
0.00625
0.015625
0.025
0.084375
0.071875
0.115625
0.09375
0.015625
0.03125
0.01875
0.0875
0.196875
0.259375
0.35
0.35
0.309375
0.26875
0.203125
0.2375
0.278125
0.31875
0.334375
0.275
0.2225
0.12
0.0675
0.043125
0.001875
0.033125
0.014375
0.014375
0.03375
0.033125
0.033125
0.033125
0.033125
