-0.0625
-0.0625
-0.0625
-0.0625
-0.0625
-0.01875
-0.06875
-0.046875
0.028125
0.02875
0.11375
0.101875
0.046875
0.021875
-0.0625
-0.021875
0.03625
0.095
0.131875
0.075
0.009375
-0.0625
-0.0875
-0.04375
0.003125
0.053125
0.090625
0.084375
0.0625
0.059375
0.059375
0.078125
0.10625
0.121875
0.121875
0.0875
0.10625
0.071875
0.021875
0.03125
-0.05625
-0.096875
-0.103125
-0.1875
-0.221875
-0.234375
-0.215625
-0.153125
-0.08125
-0.03375
-0.051875
-0.0475
-0.03375
-0.04
0.00375
0.0275
0.026875
0.07375
0.04875
0.04
0.0175
-0.051875
-0.1025
-0.20625
-0.31875
-0.371875
-0.346875
-0.271875
-0.11875
-3.46944695195e-18
0.053125
0.06875
0.003125
-0.134375
-0.2625
-0.346875
-0.39375
-0.34375
-0.2625
-0.228125
-0.15625
-0.140625
-0.16875
-0.121875
-0.1625
-0.1
-0.005625
0.01125
0.10625
0.085625
0.03875
0.021875
-0.03875
-0.043125
-0.01875
-0.046875
-0.0875
-0.165625
-0.240625
-0.2125
-0.140625
-0.05
-0.046875
-0.121875
-0.234375
-0.3
-0.24375
-0.121875
0.03125
0.1375
0.1875
0.175625
0.1575
0.11125
0.068125
0.058125
0.054375
0.075625
0.1125
0.10625
0.059375
0.009375
-0.053125
-0.1125
-0.146875
-0.15625
-0.171875
-0.13125
-0.090625
-0.046875
-0.065625
-0.0875
-0.13125
-0.196875
-0.1625
-0.153125
-0.1025
-0.07375
-0.11375
-0.17875
-0.235625
-0.226875
-0.15875
-0.075
-0.065625
-0.1125
-0.15625
-0.159375
-0.09375
0.00625
0.0725
0.116875
0.114375
0.08375
0.070625
0.0575
0.094375
0.13125
0.171875
0.184375
0.175
0.2
0.159375
0.115625
0.04375
-0.078125
-0.121875
-0.146875
-0.140625
-0.125
-0.165625
-0.178125
-0.196875
-0.20625
-0.1625
-0.14375
-0.090625
-0.03125
0.000625
0.0075
-0.03875
-0.0475
-0.02625
0.048125
0.14125
0.196875
0.178125
0.128125
0.0625
-0.015625
-0.015625
-0.028125
-0.00625
0.025
-0.00625
0.0125
0.009375
0.025
0.11875
0.175
0.24375
0.284375
0.228125
0.109375
-0.01875
-0.1625
-0.253125
-0.228125
-0.203125
-0.1
1.73472347598e-17
0.05
0.06875
0.015625
-0.046875
-0.125
-0.165625
-0.1625
-0.109375
-0.021875
0.1
0.15
0.15
0.146875
0.09375
0.115625
0.13125
0.115625
0.09375
0.065625
0.06875
0.084375
0.084375
0.025
-0.075
-0.19375
-0.240625
-0.246875
-0.2
-0.090625
-0.03375
0.06375
0.105
0.105625
0.09875
0.0575
0.05375
0.034375
0.040625
0.0
-0.034375
-0.05875
-0.09875
-0.0825
-0.131875
-0.154375
-0.164375
-0.215
-0.1625
-0.15
-0.103125
-0.003125
0.05625
0.084375
0.06875
-0.003125
-0.103125
-0.105625
-0.0925
-0.07625
-0.02875
-0.02625
-0.04875
0.0225
0.0625
0.078125
0.10625
0.044375
0.023125
0.045625
0.074375
0.11125
0.098125
0.04125
-0.024375
-0.06375
-0.053125
0.02625
0.11375
0.165625
0.1425
0.0225
-0.13125
-0.259375
-0.29375
-0.275
-0.215625
-0.153125
-0.203125
-0.234375
-0.228125
-0.2125
-0.103125
-0.015625
-0.015625
-0.015625
-3.46944695195e-18
-9.54097911787e-18
0.034375
0.05625
0.0375
0.025
0.01875
0.009375
3.46944695195e-18
0.025
0.071875
0.11875
0.15
0.165625
0.184375
0.184375
0.1975
0.191875
0.114375
0.065
0.018125
-0.04125
-0.031875
-0.038125
-0.06375
-0.095625
-0.124375
-0.2
-0.284375
-0.293125
-0.37375
-0.40125
-0.350625
-0.345
-0.295625
-0.218125
-0.165625
-0.1125
-0.03125
-0.00625
-0.08125
-0.178125
-0.315625
-0.371875
-0.353125
-0.284375
-0.184375
-0.171875
-0.134375
-0.16875
-0.26875
-0.325
-0.38125
-0.39375
-0.30625
-0.1875
-0.090625
0.0225
0.104375
0.126875
0.15875
0.17125
0.155625
0.15875
0.143125
0.13
0.116875
0.081875
0.059375
0.059375
0.06875
0.125
0.134375
0.071875
-0.015625
-0.1625
-0.26875
-0.35625
-0.41875
-0.465625
-0.471875
-0.390625
-0.30625
-0.1375
-0.05
-0.03125
-0.015625
-0.1125
-0.159375
-0.2125
-0.225
-0.14375
-0.071875
0.009375
-0.01875
-0.1
-0.146875
-0.15625
-0.0625
0.0125
0.034375
0.040625
0.053125
0.13125
0.228125
0.26875
0.19375
0.053125
-0.0875
-0.19375
-0.165625
-0.1125
-0.08125
-0.04375
-0.125
-0.203125
-0.259375
-0.29375
-0.22125
-0.145625
-0.073125
0.0025
0.0425
0.0825
0.100625
0.071875
0.0
-0.09375
-0.1125
-0.1125
-0.109375
-0.1125
-0.165625
-0.2
-0.146875
-0.071875
-0.01875
-0.0125
-0.075
-0.115625
-0.109375
-0.05875
-0.020625
-0.004375
-0.031875
-0.066875
-0.058125
-0.049375
-0.003125
0.009375
0.009375
0.006875
-0.0425
-0.060625
-0.113125
-0.160625
-0.13625
-0.115
-0.0375
0.0375
0.028125
0.05625
0.040625
-0.025
-0.028125
-0.08125
-0.140625
-0.096875
-0.075
-0.09375
-0.0625
-0.06875
-0.071875
0.00625
0.05625
0.053125
0.04375
0.053125
0.01875
0.015625
-0.00625
-0.090625
-0.109375
-0.071875
0.028125
0.134375
0.228125
0.221875
0.159375
0.125
0.065625
0.08125
0.134375
0.134375
0.121875
0.034375
-0.1
-0.186875
-0.226875
-0.1825
-0.094375
-0.0325
0.02625
0.075625
0.065625
0.103125
0.08125
0.025
0.02875
-0.070625
-0.1075
-0.135
-0.179375
-0.1075
-0.0575
-0.029375
0.011875
0.008125
-0.020625
-0.030625
-0.09375
-0.159375
-0.15625
-0.146875
-0.0625
0.021875
-0.00625
-0.00625
-0.040625
-0.1
-0.065625
-0.053125
-0.046875
0.034375
0.125
0.165625
0.14375
0.021875
-0.14375
-0.2625
-0.25
-0.153125
-0.021875
0.11875
0.15625
0.153125
0.075
0.075
0.075
0.075
