23.03125
23.03125
23.03125
23.03125
22.70625
22.125
22.525
23.04375
23.525
24.21875
23.46875
23.65625
23.35625
23.69375
25.45625
25.15625
25.8875
24.65625
21.98125
21.05
19.59375
19.48125
19.79375
19.09375
18.625
19.1625
20.3125
22.1375
22.68125
20.95
18.1125
14.64375
12.6
11.3375
11.58125
12.7
13.91875
16.3125
18.0
19.275
19.6375
19.93125
21.05
22.13125
23.98125
24.275
22.625
20.93125
18.45625
17.63125
18.00625
18.875
20.275
19.8125
19.575
19.01875
18.7125
19.69375
20.61875
21.1125
21.3125
20.81875
19.31875
18.5125
17.3
17.28125
18.575
19.49375
20.40625
19.93125
18.85
17.48125
18.01875
19.85
21.30625
22.875
22.18125
20.05625
18.78125
18.14375
18.96875
21.075
22.36875
23.525
22.9125
21.79375
20.94375
20.26875
21.66875
22.64375
23.44375
22.525
19.8375
18.01875
16.90625
17.7875
19.09375
19.63125
19.34375
17.6625
16.16875
15.30625
16.3875
19.225
22.5125
24.69375
24.10625
21.66875
18.50625
16.44375
15.6375
15.5625
16.36875
17.625
19.29375
20.5375
20.49375
19.5
17.825
17.01875
17.50625
17.65625
18.38125
18.25625
17.94375
19.3875
20.15
21.725
22.4875
21.55
22.0375
21.79375
21.7625
21.5375
19.00625
17.125
16.60625
17.4375
19.91875
21.66875
21.28125
19.58125
17.25625
15.3375
16.01875
18.45625
21.31875
23.76875
23.46875
21.225
18.375
16.3125
16.20625
16.63125
17.88125
18.38125
17.89375
17.78125
17.5625
19.25
21.91875
24.7
26.0875
24.825
21.7125
18.2125
16.58125
16.70625
17.9125
19.23125
18.95
17.35625
15.8375
14.69375
14.84375
15.70625
16.6125
17.225
17.15
17.11875
17.00625
16.6
17.1375
18.63125
20.00625
21.2625
21.03125
18.975
17.35
16.55
17.225
18.35625
18.98125
18.78125
17.2875
16.125
15.36875
15.51875
16.14375
17.15625
17.6625
17.675
18.1
18.04375
18.1625
17.7875
17.1875
16.775
16.1875
16.50625
16.3625
15.7375
15.78125
15.8
16.425
17.31875
18.20625
18.70625
19.74375
20.9
20.94375
20.6
18.9875
17.49375
17.4875
17.86875
18.09375
18.1625
17.2375
15.9
15.28125
15.03125
14.95
16.8125
18.9
20.69375
22.15625
21.05
19.54375
17.25625
15.875
15.53125
14.9875
15.9875
16.43125
16.75625
17.78125
17.50625
17.55
17.83125
17.1875
17.45
17.18125
17.83125
19.0
19.55
20.78125
19.7375
19.44375
19.6125
19.05
19.84375
19.33125
18.625
19.28125
20.25625
21.29375
22.525
21.68125
19.9625
19.1125
17.2625
16.41875
16.41875
16.49375
17.39375
18.68125
19.05625
18.45625
18.20625
17.09375
16.46875
16.06875
15.1875
15.1875
16.44375
19.53125
22.98125
25.8625
26.6625
25.45
23.625
22.31875
21.63125
20.375
19.14375
17.61875
16.16875
16.45625
16.9375
16.9125
17.54375
17.54375
18.05625
19.4875
19.8875
20.30625
20.55
20.33125
21.05
21.16875
20.3
19.5
18.2875
17.6
17.8
18.15
18.59375
19.79375
20.69375
21.14375
22.23125
22.5625
23.53125
24.325
23.6
22.2375
20.29375
19.2
18.15
17.325
17.41875
16.6
16.9375
18.7375
18.8875
19.525
19.3375
17.3625
16.55625
16.2375
16.64375
18.18125
19.39375
19.61875
19.53125
18.34375
16.06875
15.04375
14.525
15.0875
18.25
20.3
22.075
23.39375
22.35625
21.36875
19.4125
17.54375
16.5
15.80625
16.35625
17.0625
17.88125
18.55
18.9625
19.0625
19.08125
19.7625
19.125
19.175
18.775
17.75625
18.55
18.36875
18.4875
18.58125
18.2375
18.38125
18.64375
19.1625
18.625
18.31875
18.525
17.71875
18.4125
18.90625
18.35625
19.4
18.64375
16.98125
15.93125
14.24375
13.91875
15.26875
17.69375
20.2125
23.15625
25.93125
26.33125
25.89375
23.96875
20.5375
19.54375
19.15
20.275
21.95
21.30625
20.61875
18.91875
17.525
17.1125
16.9
16.6
16.5125
17.05
18.125
19.8375
20.89375
22.15625
22.10625
21.24375
20.8
18.425
16.29375
14.8375
13.7625
14.64375
17.46875
19.95625
22.16875
23.64375
22.43125
21.46875
20.44375
18.68125
18.075
17.425
16.25
15.8125
15.49375
15.775
16.65
17.5125
18.46875
18.03125
17.6875
17.35
16.09375
15.3
15.11875
15.025
16.70625
19.14375
20.275
21.69375
22.50625
22.70625
23.04375
22.7625
20.7875
18.94375
17.03125
15.675
16.1
17.06875
18.46875
19.0625
18.63125
17.68125
16.8125
16.8875
18.1125
18.50625
18.85
18.30625
16.0375
14.89375
14.0375
13.325
13.9625
15.53125
16.25625
17.65625
19.30625
18.19375
18.34375
18.20625
18.2
19.725
20.13125
20.3
18.66875
17.5
16.5
15.7125
16.00625
16.19375
16.88125
17.43125
18.7125
18.81875
18.64375
18.9875
17.94375
18.56875
19.1625
19.61875
21.925
22.84375
23.24375
23.10625
21.8125
21.79375
22.7125
24.09375
24.725
24.3875
23.6375
21.91875
20.16875
18.20625
15.5375
14.14375
14.2375
15.10625
17.75
19.4375
19.7125
19.4125
17.46875
16.3375
16.20625
17.3875
18.95
19.5875
19.93125
17.9875
17.46875
17.89375
19.09375
21.8875
22.6625
23.16875
22.14375
21.10625
20.4125
19.0375
18.8125
17.975
18.08125
18.725
19.3375
19.8625
19.0875
18.49375
17.29375
17.5
18.88125
20.6375
23.34375
23.74375
24.24375
23.1375
20.6125
19.83125
18.525
18.7625
19.58125
19.5875
19.69375
19.63125
19.7
19.58125
18.5625
17.45
15.65
14.75625
14.7125
13.88125
14.15
13.59375
13.725
13.725
13.725
13.725
