0.18625
0.18625
0.18625
0.18625
0.146875
0.025
-0.108125
-0.16875
-0.216875
-0.1175
-0.02625
0.023125
0.118125
0.15375
0.205625
0.299375
0.286875
0.200625
0.061875
-0.083125
-0.155625
-0.095625
0.00875
0.0525
0.11
0.055625
-0.00375
0.080625
0.0825
0.170625
0.301875
0.230625
0.25375
0.169375
-0.009375
-0.01875
-0.04875
-0.0125
0.079375
0.035
-0.05125
-0.15
-0.19125
-0.164375
-0.16125
-0.12625
-0.189375
-0.268125
-0.32
-0.376875
-0.29125
-0.16625
-0.034375
0.124375
0.121875
0.080625
0.115
0.041875
-0.028125
-0.073125
-0.195625
-0.195625
-0.070625
0.04875
0.185625
0.266875
0.28
0.274375
0.25375
0.231875
0.141875
0.114375
0.101875
0.055
0.133125
0.10625
0.006875
-0.058125
-0.17125
-0.20375
-0.17125
-0.13875
-0.115
-0.115
-0.05
0.015
0.015
0.015
-0.05875
-0.099375
-0.075625
-0.06
-0.06875
-0.1675
-0.241875
-0.258125
-0.265
-0.19125
-0.096875
-0.109375
-0.03
0.11875
0.170625
0.270625
0.2675
0.063125
-0.03875
-0.131875
-0.2075
-0.125625
-0.14375
-0.13875
-0.07375
-0.100625
-0.06
-0.0075
-0.055625
-0.068125
-0.115625
-0.25625
-0.270625
-0.263125
-0.245
-0.16875
-0.171875
-0.145625
-0.053125
0.04
0.144375
0.145
0.018125
-0.041875
-0.17
-0.2475
-0.248125
-0.3275
-0.313125
-0.221875
-0.148125
-0.063125
0.005
0.005
0.0225
0.04125
0.06125
0.0275
-0.009375
-0.09125
-0.159375
-0.155
-0.15625
-0.07125
-0.058125
-0.03125
-0.004375
-0.00875
0.094375
0.108125
0.175625
0.16375
0.013125
-0.075
-0.261875
-0.3575
-0.348125
-0.29875
-0.213125
-0.155
-0.11375
-0.12125
-0.11875
-0.070625
0.01375
0.10125
0.195
0.27125
0.2925
0.28
0.3025
0.20625
0.17875
0.185
0.10625
0.201875
0.19
0.169375
0.225
0.20125
0.166875
0.186875
0.130625
0.03
0.013125
-0.07625
-0.080625
0.00375
0.030625
0.074375
0.07875
-0.020625
-0.02875
0.006875
-0.031875
0.013125
-0.04375
-0.134375
-0.074375
-0.015
0.088125
0.19125
0.146875
0.0225
-0.1075
-0.285625
-0.38125
-0.42125
-0.39625
-0.331875
-0.238125
-0.12
-0.06125
0.015
0.04625
0.088125
0.11875
0.131875
0.113125
0.0675
-0.008125
-0.075
-0.0725
-0.143125
-0.179375
-0.1475
-0.14375
-0.065625
0.025
0.0375
-0.025625
-0.0975
-0.175
-0.2675
-0.17625
-0.025625
0.125
0.27625
0.2175
0.045625
-0.0725
-0.106875
-0.05625
0.0575
0.073125
0.026875
-0.00125
0.005625
0.09875
0.1525
0.24125
0.250625
0.17625
0.188125
0.101875
0.10125
0.119375
0.03375
-0.011875
-0.1775
-0.30625
-0.31625
-0.2475
-0.123125
0.04125
0.066875
-0.02375
-0.033125
-0.09625
-0.045625
0.041875
0.061875
0.029375
0.005
0.063125
0.12125
0.284375
0.348125
0.284375
0.218125
0.054375
-0.0375
-0.055
-0.07
-0.00625
0.0425
0.109375
0.099375
0.0225
-0.02
-0.151875
-0.1275
-0.036875
-0.015
0.120625
0.1175
0.08125
0.079375
0.0275
0.05
0.08375
0.150625
0.168125
0.205
0.18625
0.100625
0.06625
-0.0025
-0.035
-0.033125
-0.005625
-0.03625
-0.074375
-0.148125
-0.256875
-0.22375
-0.160625
-0.0325
0.0675
0.0
-0.0775
-0.135625
-0.1725
-0.00875
0.1325
0.18
0.259375
0.128125
0.07125
0.05375
-0.046875
-0.053125
-0.055625
-0.031875
0.118125
0.266875
0.23875
0.16375
-0.046875
-0.265625
-0.353125
-0.37125
-0.33375
-0.278125
-0.235625
-0.295
-0.316875
-0.34875
-0.3975
-0.3225
-0.26375
-0.161875
0.02125
0.096875
0.205
0.228125
0.236875
0.2725
0.26875
0.368125
0.31375
0.32375
0.2775
0.1025
0.0725
-0.050625
-0.11125
-0.0025
0.02125
0.13125
0.275
0.224375
0.225625
0.1675
0.085
0.080625
0.10125
0.09875
0.05125
0.033125
-0.076875
-0.123125
-0.17625
-0.20875
-0.15125
-0.073125
0.08125
0.200625
0.2775
0.281875
0.201875
0.078125
0.009375
-0.0475
-0.08625
-0.08
-0.186875
-0.233125
-0.19
-0.14
0.001875
0.064375
-0.00375
-0.085
-0.15375
-0.155
-0.091875
0.023125
0.065625
0.025625
0.009375
-0.035625
-0.0025
0.133125
0.238125
0.299375
0.2675
0.12375
-0.0275
-0.188125
-0.24375
-0.234375
-0.15375
0.0225
0.100625
0.1775
0.206875
0.100625
0.071875
0.034375
-0.0775
-0.055
-0.09875
-0.086875
0.04875
0.08
0.18625
0.175625
0.116875
0.148125
0.1375
0.2575
0.3
0.2975
0.23
0.100625
0.095
0.044375
0.12375
0.1475
0.12625
0.16
0.18
0.276875
0.3175
0.383125
0.289375
0.155
0.056875
-0.11125
-0.165625
-0.20375
-0.179375
-0.113125
-0.03375
0.13875
0.213125
0.2975
0.398125
0.405625
0.4525
0.44
0.348125
0.2075
0.08625
0.016875
0.02625
0.133125
0.27625
0.454375
0.608125
0.605
0.533125
0.34875
0.119375
0.0575
-0.01875
0.04125
0.11875
0.0925
0.08
-0.045
-0.1025
-0.0825
-3.46944695195e-18
0.22
0.348125
0.454375
0.524375
0.408125
0.324375
0.17
-0.04875
-0.14
-0.168125
-0.1225
-0.1225
-0.1225
-0.1225
