1.551875
1.551875
1.551875
1.551875
1.34125
1.311875
1.038125
0.905625
0.800625
0.61875
0.61625
0.74
0.92125
1.093125
1.289375
1.429375
1.406875
1.405
1.2975
1.00125
0.870625
0.846875
0.940625
1.16375
1.3075
1.44875
1.465625
1.4475
1.340625
1.015625
0.73375
0.49
0.354375
0.371875
0.529375
0.728125
0.918125
1.120625
1.110625
1.05625
1.009375
0.86375
0.885625
1.04625
1.15
1.46375
1.639375
1.513125
1.45
1.2425
1.100625
1.205625
1.348125
1.321875
1.3075
1.1825
0.9625
0.925
1.008125
1.085625
1.13375
1.154375
0.901875
0.661875
0.52625
0.46125
0.6775
0.950625
1.181875
1.389375
1.344375
1.231875
1.251875
1.1525
1.144375
1.265625
1.128125
1.13
1.149375
1.000625
0.93
0.7825
0.688125
0.705625
0.945625
1.19
1.31875
1.3875
1.203125
1.193125
1.225625
1.413125
1.631875
1.61
1.67375
1.60125
1.7025
1.889375
2.019375
2.006875
1.789375
1.49125
1.158125
0.945
0.715625
0.600625
0.571875
0.73625
1.113125
1.4375
1.6325
1.52625
1.2075
0.946875
0.7775
0.704375
0.7125
0.666875
0.58375
0.705625
0.87375
1.066875
1.35125
1.466875
1.55
1.631875
1.721875
1.7
1.655625
1.708125
1.5425
1.445625
1.52625
1.349375
1.280625
1.41
1.219375
1.18
1.219375
0.93
0.885
0.8175
0.69
0.78375
0.71
0.68125
0.615625
0.46375
0.399375
0.319375
0.334375
0.44125
0.57875
0.85375
1.2075
1.49375
1.75375
1.73375
1.475625
1.358125
1.22625
1.28
1.471875
1.363125
1.3375
1.3475
1.416875
1.694375
1.804375
1.69625
1.37625
0.998125
0.776875
0.685
0.73375
0.8275
0.8025
0.741875
0.6275
0.525
0.496875
0.516875
0.729375
0.8525
1.109375
1.41
1.404375
1.45
1.344375
1.211875
1.2325
1.28875
1.28875
1.181875
1.0525
0.86375
0.646875
0.5325
0.445625
0.505625
0.734375
0.95
1.2175
1.288125
1.161875
1.03
0.874375
0.93375
1.148125
1.359375
1.618125
1.5675
1.426875
1.306875
0.930625
0.769375
0.829375
0.825625
0.996875
1.12375
0.944375
0.8775
0.811875
0.886875
1.094375
1.144375
1.235
1.011875
0.785625
0.646875
0.425625
0.555
0.7375
0.96875
1.303125
1.308125
1.27
1.18375
0.973125
0.94
0.843125
0.70375
0.6325
0.5925
0.633125
0.73375
0.82375
0.8825
0.874375
0.82625
0.87125
0.838125
0.876875
0.9375
0.939375
0.9825
0.990625
1.005
0.934375
0.878125
0.82
0.750625
0.713125
0.71625
0.72375
0.75625
0.8625
0.869375
0.9125
0.95875
0.874375
0.914375
0.921875
0.95375
1.120625
1.135625
1.176875
1.17125
1.11125
1.17625
1.15625
1.221875
1.266875
1.2875
1.3425
1.143125
0.985
0.8125
0.678125
0.72625
0.733125
0.76625
0.79625
0.969375
1.129375
1.2225
1.36375
1.19125
1.078125
0.958125
0.865
0.998125
1.134375
1.40625
1.418125
1.360625
1.274375
1.106875
1.119375
1.04375
1.02375
0.99
0.98375
1.160625
1.164375
1.105625
0.980625
0.760625
0.663125
0.61625
0.77125
0.83125
1.055
1.296875
1.19625
1.19
0.85
0.685
0.69875
0.71375
0.946875
1.005625
1.076875
1.2425
1.3225
1.27
1.265625
1.07125
0.968125
0.95625
0.795625
0.90375
0.953125
1.076875
1.32625
1.29
1.233125
1.1325
0.946875
0.873125
0.7525
0.62
0.69875
0.7775
0.953125
1.26875
1.415625
1.415625
1.415625
1.415625
