-0.82375
-0.82375
-0.82375
-0.82375
-1.098125
-1.339375
-1.296875
-0.98125
-0.644375
-0.3475
-0.201875
-0.23
-0.26125
-0.31875
-0.358125
-0.343125
-0.43125
-0.45125
-0.585
-0.77375
-0.77875
-0.83875
-0.876875
-0.83875
-0.88125
-1.0225
-0.920625
-0.8925
-0.928125
-0.676875
-0.613125
-0.5075
-0.296875
-0.240625
-0.169375
-0.285625
-0.6125
-0.968125
-1.306875
-1.47625
-1.35875
-1.2625
-1.1575
-0.946875
-0.835
-0.66125
-0.525
-0.475
-0.433125
-0.535625
-0.7925
-1.0425
-1.3575
-1.425
-1.2275
-1.13375
-1.115625
-1.194375
-1.3025
-1.31125
-1.12375
-0.925625
-0.823125
-0.7425
-0.634375
-0.705625
-0.83875
-0.99375
-1.3025
-1.334375
-1.210625
-0.976875
-0.65875
-0.55375
-0.456875
-0.61
-0.908125
-1.1
-1.361875
-1.336875
-1.078125
-0.820625
-0.586875
-0.43375
-0.415
-0.4475
-0.39125
-0.443125
-0.51625
-0.56125
-0.694375
-0.76375
-0.798125
-0.96
-1.048125
-1.090625
-1.133125
-0.9375
-0.815625
-0.72875
-0.649375
-0.67375
-0.624375
-0.59625
-0.553125
-0.4725
-0.42125
-0.3975
-0.38875
-0.434375
-0.505625
-0.54625
-0.64375
-0.72625
-0.83625
-0.919375
-0.81
-0.764375
-0.673125
-0.620625
-0.76
-0.78125
-0.785625
-0.706875
-0.521875
-0.45125
-0.371875
-0.350625
-0.358125
-0.310625
-0.261875
-0.3525
-0.456875
-0.540625
-0.678125
-0.6175
-0.556875
-0.519375
-0.478125
-0.50125
-0.51125
-0.485
-0.465
-0.509375
-0.668125
-0.9225
-1.07375
-1.10625
-1.07
-1.025625
-1.04
-1.071875
-0.950625
-0.729375
-0.585
-0.440625
-0.45625
-0.520625
-0.4975
-0.51125
-0.566875
-0.745
-0.99125
-1.30125
-1.43875
-1.32875
-1.13375
-0.939375
-0.873125
-0.924375
-0.99125
-0.929375
-0.80375
-0.7075
-0.7075
-0.729375
-0.725625
-0.688125
-0.525
-0.441875
-0.473125
-0.476875
-0.536875
-0.51875
-0.400625
-0.370625
-0.340625
-0.3775
-0.5625
-0.660625
-0.75875
-0.914375
-0.87625
-0.98625
-1.09625
-1.058125
-1.066875
-0.884375
-0.74125
-0.60625
-0.51875
-0.529375
-0.500625
-0.541875
-0.6825
-0.80625
-0.90125
-0.90125
-0.90125
-0.90125
