0.05550706875
0.05550706875
0.05550706875
0.05550706875
0.0643658125
0.0676816
0.07083835625
0.07005966875
0.06313699375
0.05904251875
0.05738371875
0.062037175
0.062008275
0.064807575
0.06321261875
0.06291709375
0.06952110625
0.07345595
0.07950840625
0.0752302613125
0.064792316375
0.0502527214375
0.032839339
0.0266170589375
0.028120985125
0.0359515175625
0.04558700625
0.04674313125
0.04411566875
0.03672740625
0.030407975
0.03443895625
0.03862896875
0.0491312375
0.06341709375
0.06885838125
0.07019801875
0.0692426
0.06072000625
0.05304715625
0.05325954375
0.047203925
0.050992125
0.0579259875
0.06303484375
0.07575855
0.082422025
0.08999204375
0.09316780625
0.09036910625
0.0824655625
0.0694726375
0.05875635625
0.0494777925625
0.046074122625
0.0415182464375
0.0395865765
0.0437411651875
0.051808060125
0.0636441925625
0.07039094375
0.06866550625
0.05963350625
0.057016475
0.0538773875
0.0610743625
0.06711195625
0.06427658125
0.06741566875
0.06152993125
0.05942778125
0.056803575
0.047513325
0.03801908125
0.03246745625
0.0299030625
0.03469629375
0.04243116875
0.04228080625
0.04213044375
0.04076644375
0.04200375625
0.04794925625
0.0554371
0.05799459375
0.0580247625
0.05824923125
0.0553890125
0.05105135
0.044280675
0.03483186875
0.031553025
0.03298236875
0.03588724375
0.04051038125
0.0388655125
0.03568950625
0.0323281625
0.02895964375
0.02328889375
0.0183837125
0.01443391875
0.0104913
0.0104913
0.0104913
0.0104913
0.0104913
0.0104913
0.0104913
0.011422925
0.0117604238125
0.012105097625
0.0124569464375
0.01095272025
0.0162197526875
0.022404060125
0.0285811925625
0.03593940625
0.03154465625
0.02767781875
0.02552924375
0.02286740625
0.0267296125
0.02768709375
0.0261562625
0.02881750625
0.03351776875
0.03969415625
0.04664059375
0.04570896875
0.03785466875
0.03140520625
0.0300605875
0.0326585875
0.04014024375
0.0451146
0.0445068875
0.04784179375
0.05321571875
0.05836305625
0.06481240625
0.0673191375
0.06528000625
0.07060639375
0.0681060738125
0.061670310125
0.053815064
0.033846530375
0.022779330375
0.016572024125
0.01632094525
0.028175978875
0.036232185125
0.044816303875
0.0540985526875
0.051274689
0.0509443651875
0.046784866375
0.0328888925625
0.03109903125
0.03249863125
0.0402104875
0.05792519375
0.0659106
0.06633600625
0.06364444375
0.05865065
0.05744684375
0.060012275
0.059382125
0.05507018125
0.05193035
0.05118168125
0.05043330625
0.05376774375
0.05679383125
0.06063495
0.06777733125
0.067302475
0.0658501125
0.0556229
0.04959984375
0.05007706875
0.04655876875
0.0523927125
0.05309805
0.0519473125
0.05781011875
0.05687849375
0.05629443125
0.06042558125
0.061296725
0.070003325
0.07368000625
0.07619730625
0.081475225
0.07711826875
0.080479325
0.07653381875
0.064941075
0.057407375
0.0458605125
0.0436783625
0.04699848125
0.05713005
0.066839525
0.06940146875
0.07406805
0.0705639625
0.067030875
0.06297573125
0.05871893125
0.05290093125
0.05313915
0.06099221875
0.06609141875
0.0759109125
0.07647516875
0.0681340875
0.06027023125
0.05006678125
0.0435427375
0.04092275
0.0321256300625
0.030202453875
0.0352805464375
0.040756064
0.0577639339375
0.063612966375
0.0612913300625
0.06177413125
0.0529061875
0.04988505625
0.0489815375
0.04319166875
0.0462147625
0.0534713375
0.05771691875
0.0646792
0.06150484375
0.0538332
0.05430115625
0.0511324488125
0.054744572625
0.0575382214375
0.05292662025
0.0528426464375
0.053514222625
0.0574694488125
0.0659779625
0.0743655625
0.07766219375
0.07562745625
0.06763983125
0.05584679375
0.0468141
0.0408895875
0.03718895625
0.04144096875
0.0448582125
0.0498328875
0.0577122875
0.05443285
0.05815468125
0.05843670625
0.05726636875
0.06808683125
0.06772563125
0.0686038
0.07063958125
0.06012358125
0.05553
0.05420363125
0.04844185625
0.0485674375
0.051756775
0.0480561125
0.0483010625
0.0495610375
0.04164424375
0.03915085625
0.0374420125
0.038151825
0.0446826
0.04629399375
0.05012926875
0.0492288625
0.05312135625
0.060269825
0.0570876925625
0.054035591375
0.0435712151875
0.0327765190625
0.0327719065625
0.0396483003125
0.0494607815625
0.0665217464375
0.079848003875
0.0836980488125
0.0857521125
0.0750915875
0.0610428125
0.05101784375
0.0437698
0.04816499375
0.059353125
0.0745650625
0.08636559375
0.0879555
0.0870388375
0.07569775
0.06292925625
0.05478838125
0.0392953125
0.0296015613125
0.024399566375
0.0221848026875
0.0262797265
0.0376303089375
0.050727547625
0.0624779425625
0.08011569375
0.0853026625
0.08170760625
0.0711529625
0.0480465375
0.0307365375
0.01927335
0.0184485625
0.02781515625
0.042978175
0.0601113125
0.0727500375
0.08179260625
0.08147625
0.08201124375
0.07703909375
0.0673143675625
0.061038397625
0.0478195839375
0.04396548275
0.0460362214375
0.046768341375
0.0543936863125
0.05331286875
0.05568979375
0.06237104375
0.06503913125
0.0693542125
0.0642242375
0.0533903375
0.04451145
0.04358520625
0.04633836875
0.0549828875
0.0603865375
0.0555867375
0.0526596
0.042729225
0.0328282875
0.0305706
0.027412225
0.02821051875
0.03270436875
0.03021156875
0.02846505625
0.02845115625
0.029033775
0.03917041875
0.05287180625
0.063386125
0.0683225125
0.06685398125
0.058532025
0.0508137675625
0.047117053875
0.0402467276875
0.038413664
0.0436156651875
0.049275772625
0.0621084550625
0.066362275
0.062798575
0.056813375
0.04609249375
0.04315728125
0.04189085625
0.04823005
0.0572854875
0.06895028125
0.0821986625
0.08539299375
0.08783073125
0.0806390125
0.0672076875
0.05897228125
0.05280103125
0.051158875
0.05924918125
0.068330275
0.0709223875
0.0782226875
0.07685564375
0.0688771625
0.0634938875
0.050225375
0.03897701875
0.0343090375
0.032612
0.0409178125
0.054571675
0.063734375
0.07279961875
0.07368701875
0.0667731875
0.06432211875
0.05743893125
0.052514325
0.0532036625
0.048664825
0.0486555625
0.05060475
0.0488153375
0.04911246875
0.04786725625
0.039503425
0.03677955625
0.03573853125
0.03220695
0.0354562
0.03312751875
0.0316588625
0.03908138125
0.0488998375
0.0593148125
0.06951096875
0.07248171875
0.06773733125
0.0689518625
0.0674809375
0.06503538125
0.0641278300625
0.054225703875
0.0470543214375
0.03789877025
0.0364180026875
0.044753722625
0.0532849425625
0.06954236875
0.07946706875
0.08243218125
0.0791292875
0.07148275625
0.06481373125
0.05660804375
0.05604560625
0.05710368125
0.0604384
0.0674898875
0.067554725
0.06190278125
0.05185658125
0.04390799375
0.043472025
0.0482011625
0.0550763125
0.05934253125
0.057457175
0.05873346875
0.057079175
0.0514254625
0.0512336875
0.0434067375
0.03767695
0.03970176875
0.038874625
0.04648080625
0.0602112125
0.06809988125
0.0757465625
0.07924285
0.07183693125
0.0641695988125
0.053968222625
0.036635264
0.025650880375
0.023640417875
0.0230462916875
0.035283655375
0.0520501128125
0.0584859690625
0.0732834401875
0.080263391375
0.0796720363125
0.08643316875
0.080739975
0.07351011875
0.06572870625
0.053793825
0.04661976875
0.0458282125
0.04821475625
0.04787950625
0.0473779050625
0.046107628875
0.0455661526875
0.04583970775
0.0499493089375
0.049156960125
0.0513097175625
0.0558464625
0.0610813375
0.0712465625
0.074763775
0.08434121875
0.08444599375
0.0766331875
0.07324400625
0.06170538125
0.05596318125
0.05498180625
0.04834344375
0.04008708125
0.0315740875
0.02348886875
0.01754295625
0.0159958375
0.014698175
0.01461970625
0.02019494375
0.03018344375
0.0409446875
0.05072678125
0.05903860625
0.05714074375
0.059771975
0.0662564375
0.06482331875
0.071482275
0.06755190625
0.05609980625
0.05520495625
0.04868554375
0.05145631875
0.06291075625
0.06426895
0.06772475625
0.0631895125
0.05366286875
0.04806596875
0.04317484375
0.04152085
0.0338138
0.0279268
0.0217076875
0.01624696875
0.01683930625
0.01721296875
0.01699429375
0.01676844375
0.0159412925625
0.017052722625
0.0244983776875
0.03573479525
0.0505506276875
0.065512366375
0.0702706550625
0.06984575625
0.06501414375
0.05509315
0.049799775
0.0435220125
0.04166008125
0.0377265800625
0.036780310125
0.0421606464375
0.0445537515
0.0530331151875
0.060990422625
0.0650051113125
0.06603256875
0.064555125
0.0542047125
0.03991168125
0.03143408125
0.0233177425625
0.022564585125
0.0257612214375
0.0279290765
0.0322168089375
0.038135366375
0.0451084050625
0.0441048925625
0.044586622625
0.044586622625
0.044586622625
0.044586622625
