2.40625
2.40625
2.40625
2.40625
1.525
1.03125
0.5375
1.00625
1.83125
3.11875
4.075
3.86875
2.9875
1.38125
0.11875
0.08125
0.3875
1.0125
1.375
1.5375
1.0625
0.0875
-0.275
-1.05625
-1.2125
-0.48125
-0.85
-1.44375
-1.4625
-2.0875
-1.68125
-0.94375
-0.75625
-0.24375
0.30625
1.25
2.05
2.43125
1.85625
0.56875
-0.48125
-0.73125
0.25625
1.39375
2.29375
1.625
0.2125
-1.2875
-2.4125
-2.1375
-1.34375
-0.075
0.49375
1.05
0.35
-0.76875
-1.7375
-3.16875
-3.10625
-3.33125
-3.20625
-2.99375
-3.40625
-3.3625
-3.43125
-3.5
-3.9375
-3.69375
-2.76875
-1.70625
0.0375
0.9
1.15
1.1125
0.25
-0.89375
-2.3125
-3.76875
-4.0875
-3.3
-2.05625
-0.04375
1.4
2.275
3.06875
3.21875
3.3125
3.40625
3.275
2.95
1.8875
0.03125
-1.64375
-2.70625
-2.975
-2.05
-1.19375
-0.8875
-0.69375
-0.95625
-1.21875
-1.275
-1.21875
-0.88125
-0.55625
-0.96875
-0.55
-0.4125
-0.66875
-0.1875
-0.8
-1.85625
-1.78125
-1.10625
-0.39375
0.6875
0.7125
0.48125
0.53125
1.175
2.1375
2.29375
2.225
1.15625
-0.44375
-1.49375
-2.05625
-1.65625
-0.19375
0.9875
1.06875
0.1875
-1.53125
-2.69375
-2.7375
-2.5
-1.25625
-0.4875
-0.125
1.11875
1.675
1.9375
2.25
1.4
0.34375
0.1
-0.7625
-0.6625
-0.48125
-1.075
-0.6625
-0.73125
-0.34375
0.78125
1.625
2.33125
2.21875
1.7375
1.43125
1.2875
1.75
2.2
1.60625
0.65625
-0.73125
-1.98125
-2.43125
-2.23125
-1.2875
-0.2625
1.00625
1.825
2.275
2.275
2.275
2.275
