-3.761875
-3.761875
-3.761875
-3.761875
-3.296875
-2.796875
-3.02
-4.509375
-5.925
-7.165625
-7.4925
-6.785
-6.80625
-6.726875
-6.868125
-7.17875
-6.179375
-5.085
-4.211875
-3.490625
-3.8575
-4.04875
-3.8275
-3.883125
-3.87625
-3.735
-4.086875
-4.698125
-4.12875
-3.89625
-3.914375
-3.26375
-3.86375
-4.57
-4.1275
-3.89625
-3.055
-2.374375
-3.0475
-3.94375
-5.548125
-7.42
-8.263125
-8.303125
-7.7075
-6.699375
-5.99875
-6.460625
-6.5775
-5.929375
-5.355625
-3.73625
-2.726875
-2.8125
-2.78125
-3.28875
-3.570625
-3.1225
-2.9825
-2.496875
-2.12625
-2.07625
-2.004375
-2.475
-2.52875
-2.875
-3.051875
-3.126875
-3.515
-3.446875
-3.3775
-2.778125
-2.27125
-2.52875
-2.354375
-2.9
-3.590625
-3.436875
-4.149375
-4.143125
-4.484375
-5.525
-5.82375
-7.115
-7.439375
-6.9075
-6.56
-5.306875
-4.43375
-3.613125
-3.2925
-3.243125
-3.105
-3.37
-3.530625
-3.259375
-3.261875
-3.864375
-4.255625
-5.735
-6.7775
-6.8025
-6.864375
-6.42
-6.955
-7.615
-7.68
-6.7925
-4.5925
-2.848125
-1.486875
-1.36375
-2.455
-3.599375
-4.85875
-5.625
-5.95875
-5.805
-5.788125
-6.109375
-5.478125
-4.9
-4.1225
-3.21625
-3.37875
-4.16625
-4.875625
-5.335625
-6.069375
-6.74
-7.454375
-8.364375
-7.925625
-6.31
-5.5675
-4.579375
-5.213125
-6.6525
-7.15875
-7.1525
-5.719375
-4.31375
-2.491875
-1.984375
-2.548125
-3.084375
-4.425625
-4.794375
-4.365625
-3.936875
-3.625625
-3.181875
-2.8475
-3.140625
-2.694375
-3.479375
-4.75
-5.04375
-5.896875
-5.75
-5.455
-6.009375
-6.225
-7.030625
-7.488125
-6.945625
-6.498125
-4.95125
-3.831875
-3.710625
-3.66375
-4.7075
-5.99625
-6.78875
-7.58125
-8.011875
-7.861875
-7.71
-8.173125
-8.58
-9.288125
-9.99625
-9.408125
-8.8775
-7.69625
-6.513125
-6.1925
-5.686875
-5.449375
-4.715625
-4.29875
-4.310625
-4.67125
-6.03
-6.080625
-6.108125
-6.01875
-4.6975
-4.899375
-5.03125
-5.0
-6.281875
-6.949375
-7.46625
-8.309375
-7.94375
-7.479375
-6.64375
-6.10125
-6.1525
-5.5225
-5.02
-3.79
-3.405625
-3.843125
-5.1375
-6.40125
-6.353125
-6.275
-5.213125
-4.706875
-4.770625
-5.15375
-5.78
-6.62875
-7.2225
-6.845625
-6.66625
-5.280625
-4.32375
-4.075625
-4.185625
-5.7575
-7.455
-8.741875
-9.124375
-8.345
-6.698125
-5.47875
-4.78375
-4.44875
-4.611875
-4.59
-4.45
-4.45
-4.948125
-5.7775
-6.805625
-7.76375
-7.725625
-7.025
-6.136875
-5.24875
-4.553125
-4.11875
-3.3675
-3.04625
-3.030625
-3.044375
-3.46125
-3.448125
-3.625625
-4.384375
-5.46375
-6.543125
-8.046875
-8.395
-8.019375
-7.14375
-5.653125
-5.29375
-5.744375
-6.389375
-6.604375
-5.62375
-4.58
-4.6475
-5.575
-7.53
-8.61375
-8.35125
-7.65875
-7.048125
-6.896875
-7.826875
-8.756875
-8.525
-8.33375
-7.601875
-6.138125
-5.40625
-5.215
-4.245625
-4.31
-4.49125
-3.35375
-2.966875
-2.1675
-1.325625
-2.04
-3.0875
-4.35625
-5.550625
-5.966875
-6.0775
-6.0775
-6.245625
-5.601875
-4.958125
-4.129375
-2.82375
-2.526875
-2.728125
-3.356875
-4.17
-4.97125
-5.274375
-5.229375
-5.743125
-6.071875
-5.7875
-5.471875
-4.663125
-3.854375
-3.65875
-3.785
-3.97
-4.085
-4.315
-3.978125
-4.069375
-4.72875
-5.158125
-6.78125
-7.548125
-7.040625
-6.648125
-4.903125
-3.64375
-3.01625
-2.57375
-2.671875
-2.7125
-3.82
-4.694375
-5.33125
-5.969375
-5.185
-4.426875
-4.684375
-4.58
-4.66375
-4.839375
-3.864375
-3.610625
-4.050625
-4.045
-4.354375
-3.86875
-2.890625
-3.09375
-3.784375
-5.715
-8.296875
-10.073125
-10.738125
-10.5975
-9.54375
-7.758125
-6.72
-5.681875
-5.01625
-5.00875
-5.55
-5.359375
-4.92625
-4.8725
-3.28125
-2.375625
-1.786875
-1.390625
-2.06125
-3.18375
-4.67375
-5.29625
-5.746875
-5.62375
-4.99875
-4.684375
-5.203125
-5.815625
-6.646875
-7.966875
-8.48125
-9.685
-10.73
-11.345
-11.96
-11.80125
-11.48375
-10.360625
-9.2375
-7.750625
-5.65875
-5.019375
-4.22125
-4.196875
-5.85875
-7.0325
-8.52375
-10.19375
-10.94125
-11.53
-11.96
-11.96
-11.181875
-10.245
-8.49625
-6.64875
-6.19875
-5.9675
-7.26125
-8.211875
-8.16125
-7.37125
-5.18875
-3.61625
-2.154375
-1.77875
-2.701875
-3.829375
-5.228125
-6.050625
-6.25375
-5.584375
-5.568125
-6.261875
-6.57375
-6.955625
-6.3025
-5.10875
-4.686875
-5.25375
-5.93125
-5.803125
-5.336875
-4.5325
-4.033125
-4.366875
-4.206875
-3.17125
-2.068125
-1.556875
-1.21625
-1.72125
-2.92125
-3.501875
-5.015
-6.79375
-7.903125
-9.0725
-8.999375
-8.19875
-6.6425
-4.44375
-3.459375
-2.67625
-3.03875
-3.859375
-3.34
-2.57875
-1.198125
0.058125
-0.0475
-1.12625
-2.849375
-5.219375
-6.92625
-7.6225
-7.353125
-5.78375
-4.2825
-3.130625
-2.689375
-2.865
-2.708125
-3.049375
-3.23875
-3.6975
-4.3
-3.674375
-2.904375
-2.51625
-2.256875
-3.088125
-4.174375
-3.8675
-3.961875
-3.636875
-3.2075
-3.653125
-3.318125
-2.66
-2.18625
-2.138125
-2.138125
-2.138125
-2.138125
