0.1275
0.1275
0.1275
0.1275
0.1225
0.10375
0.1
0.11
0.10875
0.115
0.103125
0.078125
0.068125
0.061875
0.076875
0.094375
0.113125
0.130625
0.126875
0.124375
0.104375
0.081875
0.07
0.048125
0.05
0.055
0.068125
0.0875
0.091875
0.095625
0.09
0.086875
0.076875
0.06375
0.055
0.05125
0.05625
0.065625
0.061875
0.056875
0.055
0.059375
0.07375
0.088125
0.09875
0.09125
0.091875
0.08625
0.085625
0.095625
0.09
0.07875
0.07
0.06125
0.0625
0.07125
0.064375
0.058125
0.053125
0.0575
0.079375
0.11
0.14
0.16125
0.169375
0.155
0.139375
0.114375
0.10125
0.110625
0.115625
0.134375
0.139375
0.126875
0.108125
0.09125
0.08875
0.1025
0.1275
0.145
0.145
0.1275
0.105
0.085
0.08375
0.09375
0.11625
0.13875
0.14125
0.13875
0.125
0.0975
0.08375
0.07
0.0575
0.0575
0.0525
0.05
0.04625
0.0475
0.05625
0.07625
0.0875
0.089375
0.08125
0.059375
0.05
0.045625
0.04625
0.049375
0.048125
0.0475
0.0475
0.040625
0.0375
0.040625
0.0475
0.070625
0.101875
0.11625
0.121875
0.115625
0.098125
0.101875
0.109375
0.113125
0.109375
0.081875
0.0575
0.039375
0.03
0.034375
0.04375
0.050625
0.065
0.08875
0.1
0.115
0.1175
0.101875
0.093125
0.091875
0.093125
0.099375
0.096875
0.086875
0.0775
0.075
0.08125
0.08625
0.0925
0.090625
0.096875
0.103125
0.115
0.135625
0.13625
0.1275
0.11
0.085625
0.079375
0.083125
0.09125
0.100625
0.096875
0.091875
0.08625
0.081875
0.08875
0.099375
0.120625
0.139375
0.151875
0.158125
0.15375
0.150625
0.138125
0.12875
0.108125
0.08625
0.071875
0.058125
0.06625
0.075625
0.091875
0.11
0.116875
0.125
0.128125
0.12375
0.10875
0.08125
0.06125
0.048125
0.04625
0.065625
0.065
0.063125
0.0725
0.063125
0.075
0.08375
0.071875
0.08
0.079375
0.0925
0.118125
0.121875
0.128125
0.116875
0.1
0.0925
0.07375
0.058125
0.0525
0.0475
0.050625
0.06
0.063125
0.078125
0.104375
0.124375
0.13375
0.1225
0.098125
0.086875
0.085
0.095625
0.10125
0.0875
0.084375
0.081875
0.089375
0.11625
0.1225
0.13
0.1425
0.14375
0.153125
0.145625
0.120625
0.098125
0.081875
0.076875
0.081875
0.075625
0.0625
0.05125
0.04
0.04875
0.059375
0.066875
0.0725
0.068125
0.075
0.093125
0.1225
0.149375
0.165625
0.17625
0.1725
0.1725
0.1625
0.14
0.1275
0.105
0.1025
0.10875
0.11
0.12
0.11
0.10625
0.094375
0.086875
0.08875
0.075625
0.07875
0.079375
0.080625
0.100625
0.1125
0.114375
0.125625
0.115625
0.095625
0.085
0.065
0.066875
0.08125
0.0975
0.10375
0.0925
0.0875
0.07625
0.08625
0.108125
0.111875
0.12875
0.12375
0.10375
0.103125
0.0925
0.095625
0.10875
0.11
0.101875
0.086875
0.074375
0.055625
0.045
0.03875
0.029375
0.03625
0.04375
0.049375
0.05625
0.045
0.045
0.046875
0.045625
0.055
0.0425
0.038125
0.04875
0.070625
0.10375
0.12
0.1225
0.110625
0.10875
0.123125
0.14125
0.14125
0.14125
0.14125
