116.7
116.7
116.7
116.7
120.15625
130.525
139.80625
135.59375
132.39375
128.2375
125.09375
129.125
125.43125
119.525
112.1125
108.8625
110.425
113.09375
123.86875
124.125
124.38125
127.23125
117.24375
113.1625
119.575
125.2
143.70625
167.31875
169.94375
170.71875
163.225
148.09375
149.75625
149.7
153.2125
163.86875
166.63125
171.15625
172.49375
161.4125
153.51875
144.675
136.91875
143.525
148.5375
151.05
153.9
150.45
142.34375
143.89375
145.4625
143.81875
150.0
146.68125
141.73125
141.6125
135.4125
133.04375
130.66875
125.48125
127.60625
126.93125
124.7875
120.325
111.4625
112.26875
124.26875
147.8875
170.01875
182.35625
183.1875
169.70625
155.9875
138.45
121.25
116.4625
116.6125
127.36875
141.44375
147.50625
150.35625
148.825
151.4375
155.875
158.71875
165.71875
165.10625
161.66875
158.825
149.41875
150.63125
155.95
166.625
176.2875
171.38125
163.875
147.4625
136.38125
133.8375
135.71875
140.5375
138.6875
134.0875
127.83125
131.78125
144.8875
159.55
170.9375
163.2375
148.3125
129.69375
109.66875
104.84375
107.41875
119.80625
138.61875
149.6625
149.90625
143.86875
134.6375
134.93125
144.2375
149.10625
151.15
144.59375
133.85625
133.7
136.35
137.06875
137.475
128.46875
122.26875
119.88125
119.18125
123.2375
122.875
129.23125
133.94375
138.9375
147.15625
142.45
141.2875
138.3375
133.95
142.4875
153.525
162.75625
168.65
168.08125
163.13125
157.2
157.59375
156.18125
158.925
165.75625
169.56875
176.95
175.0125
171.775
163.65625
151.0625
144.5625
141.3125
147.5375
154.83125
159.6875
157.2125
146.875
137.9875
133.8375
131.43125
133.45
133.79375
129.125
128.6625
126.9
129.06875
133.0
135.53125
134.89375
134.89375
134.89375
134.89375
