0.3855
0.3855
0.3855
0.3855
0.4814375
0.4718125
0.3283125
0.202375
0.0395
-0.096125
-0.047625
-0.02325
0.041625
0.130125
0.033
0.00025
-0.0053125
-0.000875
0.108625
0.1504375
0.129
0.0553125
-0.029875
-0.1004375
-0.107
-0.103625
-0.067875
0.0114375
0.026
0.0455
0.0130625
-0.05925
-0.0750625
-0.0608125
-0.0090625
0.0301875
0.0519375
0.047375
0.0265
0.058875
0.053875
0.03225
-0.034875
-0.1259375
-0.2094375
-0.2688125
-0.2064375
-0.1910625
-0.09
0.0326875
0.0504375
0.1895625
0.251
0.2908125
0.318375
0.194625
0.0619375
-0.0795625
-0.18175
-0.2066875
-0.1834375
-0.0978125
0.069875
0.232875
0.388
0.4634375
0.415
0.327625
0.160625
-0.0305
-0.19925
-0.2545
-0.223125
-0.0745
0.06275
0.096
0.1368125
0.0664375
0.077125
0.113
0.087375
0.1751875
0.204125
0.2263125
0.2920625
0.2305625
0.166875
0.1195
0.0365
0.0115
0.0181875
-0.0031875
0.0499375
0.110625
0.09725
0.12275
0.0676875
-0.0380625
-0.0550625
-0.065375
-0.028875
0.093
0.1680625
0.140625
0.0413125
-0.106875
-0.2325625
-0.2301875
-0.1190625
-0.0354375
0.012875
-0.019375
-0.12525
-0.154625
-0.183125
-0.1955625
-0.1779375
-0.2026875
-0.1494375
-0.093375
0.0094375
0.1215625
0.179625
0.2576875
0.1856875
0.08675
-0.0145625
-0.135875
-0.155125
-0.168
-0.2215
-0.223375
-0.211125
-0.161125
-0.02575
0.026375
0.02025
-0.0114375
-0.0761875
-0.0676875
0.0513125
0.169375
0.2598125
0.2738125
0.1350625
-0.0439375
-0.197875
-0.2838125
-0.3065625
-0.2574375
-0.1810625
-0.070875
0.0965
0.257625
0.34925
0.357625
0.278
0.106
-0.005875
-0.098125
-0.146375
-0.0935625
-0.09075
-0.084625
-0.0311875
-0.0230625
0.0014375
-0.01475
-0.07
-0.10275
-0.120625
-0.0945
-0.087375
-0.07625
-0.0896875
-0.0396875
0.0310625
0.0600625
0.08975
0.047375
-0.0158125
-0.0653125
-0.1163125
-0.1775
-0.2170625
-0.1868125
-0.114625
-0.0479375
-0.0236875
-0.1483125
-0.2140625
-0.212375
-0.20225
-0.0260625
-0.0011875
-0.0269375
0.0065
-0.05275
-0.013875
-0.0148125
-0.0645625
-0.076375
-0.092375
0.0014375
0.1650625
0.3510625
0.48625
0.5324375
0.4774375
0.3388125
0.1760625
0.0663125
0.00075
-0.0215625
0.0119375
0.0036875
0.0646875
0.106625
0.143
0.1705625
0.0709375
-0.045125
-0.090375
-0.0875
-0.0266875
0.0681875
0.025875
-0.0321875
-0.124375
-0.2065625
-0.2015625
-0.213125
-0.1589375
-0.11475
-0.0551875
0.02875
0.0594375
0.147125
0.16325
0.1623125
0.2038125
0.213375
0.278375
0.305
0.33025
0.2611875
0.170625
0.15175
0.0731875
0.09275
0.0735
0.02975
0.0470625
0.0179375
0.0190625
0.0028125
0.0019375
0.0765625
0.148
0.2305625
0.2769375
0.207375
0.1641875
0.118625
0.055375
0.0145625
-0.0294375
-0.0719375
-0.054
0.011
0.031125
0.0574375
0.0253125
-0.0183125
0.0385625
0.0733125
0.114375
0.1795
0.20525
0.26375
0.274625
0.2501875
0.208875
0.1406875
0.1295
0.17375
0.13225
0.0676875
0.03475
-0.0753125
-0.099
-0.0903125
-0.0785
-0.0693125
-0.070125
-0.02925
-0.023125
0.0185625
0.092625
0.1049375
0.0636875
0.058
-0.035625
-0.1308125
-0.1644375
-0.2576875
-0.2721875
-0.2248125
-0.1645625
-0.08025
0.0125
0.048875
0.04675
0.084875
0.11675
0.16475
0.183125
0.15175
0.104375
0.0536875
0.115125
0.1860625
0.146375
0.0891875
-0.09775
-0.3154375
-0.364625
-0.3513125
-0.20825
-0.010375
0.1295625
0.1816875
0.1040625
-0.0316875
-0.197625
-0.288875
-0.2604375
-0.1638125
-0.0355
0.0529375
0.0434375
0.015
-0.055875
-0.0461875
0.0505
0.1168125
0.27175
0.2709375
0.2355625
0.24825
0.2039375
0.2908125
0.3836875
0.3766875
0.354375
0.287375
0.2050625
0.1953125
0.1994375
0.1533125
0.1071875
0.1001875
0.085125
0.1705625
0.23925
0.2470625
0.290625
0.3006875
0.3275
0.3464375
0.2949375
0.1696875
0.0444375
-0.0150625
-0.022375
0.109375
0.257875
0.288125
0.3298125
0.2315
0.0594375
0.022875
-0.033125
-0.0425
0.005125
0.02675
0.048375
0.0585
0.108875
0.0934375
0.078
0.1161875
0.130875
0.1945625
0.2596875
0.3134375
0.3175625
0.2653125
0.2006875
0.107125
0.104375
0.172625
0.2874375
0.3938125
0.3601875
0.2550625
0.0695625
-0.0866875
-0.1191875
-0.0685625
0.0375625
0.139875
0.182875
0.17275
0.1611875
0.176875
0.186125
0.216125
0.2275
0.12625
0.0390625
-0.0656875
-0.1935
-0.2011875
-0.16475
-0.1045625
0.012125
0.032625
-0.005125
-0.0993125
-0.210125
-0.2438125
-0.264875
-0.2140625
-0.145375
-0.0758125
-0.0064375
0.0399375
0.0609375
0.0661875
0.148
0.2379375
0.295
0.351625
0.3419375
0.2713125
0.1745625
0.02525
-0.105875
-0.2288125
-0.22625
-0.1175625
-0.042375
0.124375
0.2346875
0.26825
0.3353125
0.3460625
0.2950625
0.2493125
0.1868125
0.135125
0.1844375
0.2691875
0.3285625
0.41825
0.4763125
0.484375
0.56825
0.5960625
0.57
0.5931875
0.524125
0.436
0.387375
0.2988125
0.235875
0.2330625
0.2430625
0.2583125
0.28975
0.2388125
0.1885
0.173625
0.1916875
0.32375
0.4136875
0.47825
0.452875
0.3375625
0.216
0.0615
0.030375
0.0036875
0.0214375
0.0788125
0.0604375
0.1570625
0.2683125
0.382375
0.4488125
0.3869375
0.297625
0.1988125
0.18775
0.210625
0.2060625
0.2015
0.1756875
0.156125
0.1396875
0.114625
0.0714375
0.039375
0.033125
0.0455625
0.0766875
0.09975
0.213375
0.3155
0.4075625
0.478125
0.456625
0.4365625
0.4150625
0.382
0.323875
0.2648125
0.2071875
0.2314375
0.2005625
0.1636875
0.099375
-0.034625
-0.06525
-0.079625
-0.0376875
0.03525
0.109125
0.156125
0.109375
0.0494375
-0.06875
-0.1935
-0.1731875
-0.14175
0.015875
0.197625
0.26625
0.275125
0.099875
-0.0360625
-0.0810625
-0.0658125
0.0515
0.1209375
0.0719375
0.054625
0.0596875
0.124625
0.216875
0.249875
0.218125
0.0770625
0.01225
-0.0463125
-0.0725
-0.0254375
-0.012875
0.011
0.075125
0.16675
0.241125
0.2911875
0.2735625
0.1439375
-0.0086875
-0.137
-0.2183125
-0.2190625
-0.1479375
-0.0653125
-0.0105625
-0.0144375
-0.086
-0.1374375
-0.13825
-0.0685625
0.056
0.1073125
0.0384375
-0.022
-0.126
-0.1366875
-0.026375
0.10275
0.254625
0.370125
0.4929375
0.48325
0.4678125
0.392875
0.1739375
0.013875
-0.1786875
-0.349875
-0.4275
-0.428
-0.366125
-0.22975
-0.0578125
0.0696875
0.1759375
0.2551875
0.3064375
0.2964375
0.2366875
0.1099375
-0.031875
-0.1104375
-0.117125
-0.0485625
0.043625
0.1813125
0.296
0.344875
0.3141875
0.20975
0.1134375
0.025875
0.0149375
0.012125
-0.0241875
0.020625
0.086375
0.1708125
0.2273125
0.182625
0.0925
0.0326875
0.06225
0.1634375
0.29475
0.343875
0.3388125
0.2976875
0.2385
0.221125
0.2065625
0.1898125
0.1399375
0.0821875
0.0070625
-0.06525
-0.0735625
-0.075625
-0.0295625
0.0358125
0.079625
0.1184375
0.1415
0.1419375
0.1323125
0.12925
0.117875
0.1290625
0.1301875
0.1643125
0.1901875
0.2115
0.242
0.2489375
0.28025
0.3405
0.3916875
0.397875
0.37175
0.31
0.30375
0.3440625
0.3665
0.335375
0.205125
0.054625
-0.05625
-0.09475
-0.05225
-0.056
-0.02925
-0.01125
-0.0206875
0.048625
0.1323125
0.2059375
0.2393125
0.2395
0.1465
0.0434375
0.01225
0.0318125
0.0448125
0.068625
0.0191875
-0.0615
-0.0008125
0.0395625
0.155625
0.2219375
0.154375
0.106375
0.031
0.02825
0.0155625
-0.0199375
-0.092875
-0.2065
-0.1748125
-0.0700625
0.061
0.1979375
0.1720625
0.0959375
0.0603125
0.0625
0.1628125
0.212875
0.2369375
0.201
0.0945
0.03825
-0.039
-0.0823125
-0.0839375
-0.05475
-0.0245625
-0.014625
0.0269375
0.016875
-0.0155625
-0.026125
-0.0335625
0.0014375
0.07025
0.128125
0.0804375
0.0311875
0.0220625
-0.04025
-0.0388125
-0.042125
-0.0870625
0.01475
0.1479375
0.2088125
0.2380625
0.0816875
-0.0715625
-0.191
-0.2464375
-0.11775
-0.0150625
0.191
0.414375
0.4404375
0.4650625
0.3525
0.13225
0.082125
0.0219375
0.0495
0.135125
0.1141875
0.0485
-0.0123125
-0.0570625
-0.070125
0.0365
0.0828125
0.0935625
0.1566875
0.10325
0.0745
0.0860625
0.079875
0.135375
0.17325
0.1485625
0.04225
-0.05
-0.1486875
-0.166375
-0.15025
-0.1001875
0.0055625
0.0326875
0.1378125
0.092875
-0.0153125
-0.1190625
-0.287625
-0.2720625
-0.1831875
0.0575
0.325875
0.44425
0.5033125
0.3875
0.2549375
0.1561875
0.0278125
-0.0265
-0.08175
-0.112875
-0.0165625
0.08975
0.1975
0.36225
0.471875
0.555375
0.6778125
0.718625
0.6764375
0.592
0.4091875
0.24275
0.110125
0.01975
-0.0466875
-0.1049375
-0.1149375
-0.1166875
-0.0326875
0.0675625
0.143625
0.1790625
0.2031875
0.211125
0.23675
0.335
0.3678125
0.348875
0.2914375
0.2355625
0.1785
0.26675
0.4214375
0.484625
0.520125
0.38
0.1279375
-0.0498125
-0.154875
-0.0958125
0.060375
0.14775
0.241625
0.1955
0.144875
0.1464375
0.1235625
0.166125
0.167125
0.1393125
0.084625
0.030125
-0.0114375
-0.019375
0.0601875
0.1135625
0.12
0.1249375
0.0516875
-0.023875
-0.016
-0.0194375
-0.046375
-0.0108125
0.032875
0.0848125
0.21725
0.2663125
0.2308125
0.196375
0.0714375
-0.0118125
-0.0460625
-0.1105
-0.0905625
-0.0465
-0.0190625
0.0325625
0.0829375
0.1514375
0.2090625
0.22775
0.1889375
0.0183125
-0.1415
-0.214875
-0.2719375
-0.1745625
-0.080375
-0.0521875
0.0005
-0.0405625
-0.0324375
0.0084375
0.049875
0.138125
0.2345625
0.3025
0.3536875
0.4131875
0.4131875
0.4131875
0.4131875
