116.33125
116.33125
116.33125
116.33125
111.375
106.71875
98.45
91.6125
91.075
97.0125
104.75625
109.9125
113.65
117.3375
122.73125
120.7
119.43125
111.8875
109.55625
117.2875
128.4
140.88125
139.625
135.18125
122.79375
115.6375
115.53125
114.1125
120.29375
124.3375
128.15
131.4
130.73125
128.475
129.575
133.96875
135.0
136.675
131.6375
123.7625
118.125
112.10625
107.40625
107.64375
110.83125
109.1125
109.43125
107.05
102.3
103.5625
106.06875
109.74375
115.075
120.29375
125.0625
124.80625
126.24375
124.65
126.94375
132.175
135.6875
142.94375
143.2625
146.7
150.19375
155.96875
160.78125
156.36875
145.25625
125.1625
107.4375
102.24375
102.38125
110.2125
127.125
133.56875
144.38125
154.7875
152.8
154.19375
155.4625
149.9875
145.91875
144.7125
132.025
128.2375
125.89375
121.45
122.0625
111.05
102.7625
94.14375
89.46875
94.49375
101.69375
107.45625
113.10625
120.03125
122.81875
129.14375
137.64375
137.5
136.4625
133.65625
122.64375
121.31875
120.075
115.64375
117.64375
111.7625
109.93125
118.4625
129.275
141.25625
146.525
139.31875
127.15625
123.64375
128.3
138.90625
150.6
157.41875
160.09375
162.88125
165.55
156.20625
146.74375
139.55625
130.38125
133.8375
134.39375
127.4625
124.50625
118.68125
119.5625
130.19375
133.93125
143.00625
147.84375
146.0125
150.19375
145.725
135.48125
126.74375
114.375
107.025
107.41875
108.05625
112.7
114.61875
121.9
129.65
140.38125
150.375
155.49375
154.06875
145.425
140.65
131.0375
128.825
127.6625
127.75
126.78125
123.44375
128.53125
130.6
136.75625
142.53125
135.56875
123.88125
114.75
113.38125
119.36875
131.7875
135.60625
130.45
123.95625
116.0875
117.45
116.60625
115.43125
112.28125
108.88125
111.65
117.76875
129.98125
136.35
139.24375
136.43125
128.65
126.3625
127.94375
136.89375
144.075
143.84375
144.2
136.55625
129.1
131.09375
127.7125
125.49375
130.28125
130.4625
131.29375
137.88125
136.425
131.8125
130.94375
123.3375
118.86875
117.3375
114.1
115.69375
122.3
129.00625
133.94375
133.725
125.175
115.3125
109.31875
111.575
113.6875
117.9625
122.94375
118.4125
119.1125
122.5625
120.16875
122.4375
123.0375
113.7125
107.425
103.06875
98.05
100.8375
106.54375
108.575
110.31875
115.04375
116.5875
124.6625
136.59375
138.11875
133.9625
120.35625
105.1875
99.25
100.7375
107.34375
107.6
104.8
101.5625
102.2625
106.45
113.2125
119.925
118.625
120.61875
121.68125
120.10625
123.20625
126.075
125.74375
128.7
129.66875
128.0
122.2
117.44375
117.1
117.95
127.71875
136.79375
138.6875
140.84375
137.18125
124.80625
116.19375
107.11875
99.35625
98.25
97.6875
95.41875
95.9
101.35
104.95
112.0625
116.15625
111.74375
112.1
110.88125
110.975
122.05
130.725
137.13125
143.5375
134.33125
124.99375
118.0875
115.5125
120.775
121.51875
123.18125
116.83125
112.58125
114.95625
116.35
120.38125
119.51875
111.16875
109.075
109.06875
114.975
123.45625
121.45
117.29375
114.0125
115.79375
121.075
132.25
135.375
138.33125
135.88125
124.9625
119.34375
105.98125
99.84375
101.1875
104.9
113.3375
123.81875
126.05
120.6
118.55
114.48125
114.8625
119.64375
124.34375
124.0
123.65625
129.13125
127.96875
130.86875
135.08125
129.0875
123.0125
119.49375
114.99375
114.09375
119.99375
123.54375
125.96875
129.24375
128.575
123.65
122.7375
123.1375
121.61875
121.81875
118.8
113.80625
115.20625
123.0
131.175
138.90625
139.625
136.08125
129.11875
123.71875
118.675
110.45
105.1625
100.73125
99.025
99.13125
98.025
98.74375
102.98125
112.35
126.0375
133.78125
135.90625
133.60625
126.9375
123.075
121.375
115.6875
111.03125
106.04375
102.8
105.8125
109.15625
112.93125
118.4875
125.7625
137.025
149.2375
154.275
152.0375
141.925
132.36875
130.2875
130.1875
130.6875
128.51875
115.2875
105.46875
107.1375
106.40625
121.05
133.9875
133.7125
141.425
138.94375
134.75625
135.58125
130.81875
130.04375
135.7
141.45625
146.68125
148.0375
141.75
135.2625
130.6
127.69375
127.60625
125.9125
123.65625
121.6375
122.85625
127.025
129.75625
127.525
119.01875
109.83125
107.2
109.4125
114.7625
123.1375
124.0375
126.74375
129.78125
128.3
129.175
128.14375
130.1375
130.30625
130.90625
131.70625
128.6
128.35
127.9
130.00625
129.85625
129.04375
127.86875
121.6125
118.1625
115.7375
117.25625
120.40625
120.0375
118.2
110.19375
103.775
104.0625
106.3625
110.55625
117.3125
119.56875
120.35625
122.5
117.6
114.8625
112.5875
109.75
113.7375
117.66875
124.81875
130.1625
127.4625
123.6375
112.06875
104.34375
103.39375
105.53125
112.65
114.2125
117.49375
114.8
116.1
122.3375
119.53125
118.6375
111.85
106.5625
108.83125
115.86875
121.99375
125.2
127.125
122.1875
123.2875
123.2375
120.75625
121.6125
118.90625
115.64375
114.45625
114.4375
113.91875
123.73125
133.4125
142.65
149.84375
140.18125
132.475
122.3375
114.39375
112.80625
105.0
98.9625
94.75
94.2875
104.08125
113.875
123.1375
136.85
138.21875
141.35625
145.6875
141.81875
148.1125
150.86875
146.35625
140.68125
127.825
117.84375
112.975
109.275
107.2
103.36875
97.63125
94.525
92.83125
91.7875
97.275
104.7
116.575
128.05625
132.125
134.81875
132.94375
131.85625
136.2625
134.61875
131.76875
132.975
128.3375
129.66875
128.8625
120.46875
113.24375
107.99375
107.5125
108.4
112.2625
110.15
106.1875
107.45625
106.5125
107.0125
108.05625
105.6375
107.24375
110.46875
114.7
122.25
125.26875
125.8
128.08125
122.03125
116.74375
119.9625
115.9
116.85
118.95625
109.89375
109.88125
112.625
115.60625
121.95
126.025
127.60625
128.44375
135.64375
135.1125
134.05625
135.0125
128.08125
126.425
120.9625
112.5375
107.425
102.7125
104.53125
106.49375
114.16875
120.4
126.0375
131.98125
125.1875
124.3625
123.6625
127.0625
137.11875
138.96875
132.5
125.95
123.85
125.69375
137.93125
145.525
144.34375
145.8375
140.60625
132.00625
132.7
125.80625
119.7
118.2875
107.51875
102.5125
104.1625
109.95625
124.65
136.71875
140.98125
137.9625
126.35
120.5
116.6625
117.65625
123.9
122.09375
120.53125
115.58125
108.41875
105.65
105.74375
107.06875
108.8
110.55625
106.69375
103.29375
105.05625
108.8375
117.55625
127.06875
128.9
127.04375
123.76875
122.125
124.2625
124.2125
129.06875
126.975
122.90625
124.53125
120.86875
123.5
127.85
125.01875
122.83125
118.875
113.9125
114.78125
114.9875
113.425
112.5
107.54375
105.38125
104.9875
103.2375
105.63125
98.85
92.13125
88.25
86.4125
91.41875
96.3
101.06875
98.9125
96.63125
98.9375
100.5
108.44375
121.35625
127.31875
135.375
138.05
132.68125
129.50625
124.05625
122.38125
126.98125
131.25
131.3375
130.1125
122.15
113.44375
109.2
104.29375
102.1375
102.59375
102.71875
102.4
102.93125
109.5375
116.63125
124.83125
134.675
134.20625
134.7875
140.15625
143.88125
149.6875
153.74375
150.09375
144.34375
139.44375
129.975
123.325
123.68125
119.13125
118.6375
116.475
104.5625
99.325
99.325
104.0125
118.00625
130.23125
133.46875
135.65625
129.3125
126.65625
127.8375
124.23125
129.14375
126.68125
128.59375
133.325
130.56875
131.5
128.3625
125.325
128.3625
128.2125
124.64375
121.075
110.325
109.9375
114.78125
122.38125
135.23125
139.9375
141.68125
141.9
144.05
146.90625
152.0625
152.0
144.75625
139.00625
131.05625
130.23125
139.56875
150.60625
164.2875
169.9875
163.34375
149.86875
132.44375
119.8
113.0875
107.25625
107.58125
109.275
114.7625
126.025
130.45
135.725
134.1375
125.26875
119.66875
108.90625
105.06875
106.2125
113.7125
124.525
135.19375
150.70625
155.46875
160.26875
159.875
150.29375
145.25625
140.6375
134.75625
135.68125
136.225
135.24375
137.4
132.6125
129.7
127.20625
127.33125
137.5
141.93125
145.94375
145.86875
138.75
134.675
137.11875
140.2125
139.3375
135.7625
123.59375
114.66875
113.4375
125.83125
142.53125
154.38125
165.825
163.0
155.425
151.09375
145.49375
140.8375
143.2625
144.05
137.79375
138.35625
135.11875
132.7
139.925
138.64375
134.225
133.4625
129.2125
131.175
138.89375
138.96875
138.90625
137.5375
132.625
134.8375
137.05
142.48125
151.13125
152.84375
154.9375
154.19375
146.70625
146.4375
144.34375
138.73125
141.71875
141.66875
143.9875
149.54375
145.55625
138.05
129.75625
122.95625
125.875
128.74375
127.7125
126.53125
116.6375
111.80625
114.7625
114.2875
123.10625
134.11875
141.225
152.1875
154.44375
152.89375
150.84375
146.525
145.6625
140.20625
136.3625
129.29375
124.725
125.1375
120.43125
119.69375
114.9875
110.625
108.34375
109.51875
113.26875
118.45
128.8375
131.28125
137.875
137.51875
136.05625
137.975
131.6625
130.6375
126.46875
127.85
132.55
137.825
143.95
141.2625
138.575
139.23125
136.2875
141.5125
143.275
132.15625
130.1125
123.80625
122.26875
133.8125
135.2
136.44375
139.98125
136.94375
135.06875
131.03125
120.35625
114.13125
117.75
121.75625
128.0375
129.95625
120.64375
113.30625
106.08125
103.3
107.525
115.275
123.98125
129.0
136.6
135.85625
138.56875
137.2875
125.30625
124.53125
115.53125
115.7
126.03125
130.0375
143.35
154.73125
158.93125
159.99375
155.69375
147.125
141.825
141.35625
143.8
151.9
158.43125
158.3875
149.16875
134.2625
128.61875
131.14375
145.35625
154.69375
149.51875
140.29375
125.78125
118.05
116.575
119.6625
120.475
122.05
120.76875
112.55
110.025
114.6625
125.0125
138.6
151.025
153.61875
156.04375
161.2875
162.4
163.54375
159.975
148.7625
136.3875
121.74375
110.11875
103.21875
99.9375
103.5
104.63125
109.1625
117.09375
117.44375
121.33125
123.2625
116.75
116.6
114.68125
111.86875
114.94375
115.05625
116.8625
119.44375
120.6375
126.0375
127.5875
127.8125
129.71875
127.59375
130.70625
131.94375
130.85
132.93125
127.60625
124.15625
129.28125
132.5375
143.51875
148.175
138.43125
131.725
119.4625
114.94375
115.83125
107.35625
99.79375
95.71875
97.50625
113.81875
133.4125
133.4125
133.4125
133.4125
