1.124375
1.124375
1.124375
1.124375
1.21
1.280625
1.2475
1.196875
1.085625
1.038125
1.083125
1.065
1.065625
1.03125
0.970625
1.03375
1.0375
1.126875
1.17625
1.11
1.114375
0.975625
0.94875
0.9525
0.973125
1.09375
1.141875
1.200625
1.2025
1.196875
1.141875
1.074375
1.054375
0.986875
1.018125
1.116875
1.136875
1.218125
1.241875
1.218125
1.249375
1.2075
1.1325
1.055625
1.01
0.981875
0.97125
0.974375
0.8975
0.829375
0.834375
0.800625
0.833125
0.929375
1.0
1.079375
1.146875
1.0825
1.008125
1.004375
0.989375
1.09125
1.1325
1.0925
1.118125
1.10375
1.10875
1.129375
1.051875
0.95375
0.87125
0.778125
0.683125
0.609375
0.625
0.695625
0.824375
1.008125
1.06
1.100625
1.178125
1.205625
1.30375
1.34
1.28
1.17
1.06
0.975
0.955625
0.999375
1.010625
1.03125
1.003125
0.935625
0.9225
0.935625
0.9975
1.106875
1.186875
1.213125
1.17125
1.125
1.00125
0.98875
1.085625
1.095
1.1675
1.14
0.986875
0.97375
0.993125
0.99625
1.059375
0.96125
0.820625
0.773125
0.780625
0.875625
0.994375
0.985625
0.8725
0.83625
0.846875
0.93
1.111875
1.178125
1.180625
1.23375
1.23
1.27375
1.2725
1.169375
1.008125
0.788125
0.6375
0.61125
0.680625
0.8775
1.01875
1.038125
1.046875
0.93875
0.92
0.99875
1.041875
1.12375
1.1075
1.0475
1.010625
1.0125
1.08625
1.155
1.189375
1.119375
1.003125
0.865
0.798125
0.840625
0.93875
1.0025
0.998125
0.89375
0.76375
0.723125
0.715
0.78125
0.824375
0.825625
0.851875
0.92
1.05375
1.25875
1.3975
1.410625
1.31375
1.145625
0.983125
0.960625
1.010625
0.99125
1.06
1.040625
1.003125
1.130625
1.1975
1.22875
1.248125
1.13375
0.98625
0.8975
0.9
0.9825
1.081875
1.139375
1.0825
0.959375
0.853125
0.83
0.84
0.8675
0.8825
0.86125
0.825
0.866875
0.920625
0.94375
1.07625
1.110625
1.205625
1.32375
1.334375
1.3475
1.266875
1.174375
1.061875
1.01375
0.976875
0.894375
0.901875
0.901875
0.961875
1.123125
1.21375
1.231875
1.2425
1.224375
1.21
1.293125
1.336875
1.31
1.26875
1.161875
0.985625
0.834375
0.76625
0.745625
0.843125
1.003125
1.079375
1.11125
1.063125
1.015
1.03125
1.039375
1.119375
1.131875
1.113125
1.096875
1.10375
1.114375
1.115625
1.105
1.025625
0.998125
0.94
0.978125
1.04375
1.080625
1.158125
1.1175
1.0
0.921875
0.891875
0.903125
1.005
0.983125
0.95
0.951875
0.908125
0.95
0.954375
0.93
0.941875
0.955
0.930625
0.966875
0.99
1.0775
1.24
1.31375
1.33875
1.233125
1.003125
0.7675
0.628125
0.60375
0.699375
0.890625
1.020625
1.07
1.104375
1.058125
1.0375
1.030625
0.97875
0.94375
0.81875
0.78875
0.76125
0.768125
0.84875
0.77375
0.81
0.8075
0.86
0.99125
1.0
1.01125
0.940625
0.940625
0.940625
0.940625
