0.79325
0.79325
0.79325
0.79325
0.9175625
1.0890625
1.2446875
1.2211875
1.142625
1.058
0.9639375
0.9328125
0.9340625
0.91475
0.884375
0.8449375
0.796625
0.794
0.78825
0.8045625
0.8095625
0.77975
0.76925
0.86975
0.9761875
1.03325
1.116125
0.9848125
0.8614375
0.818
0.7644375
0.829125
0.92525
0.981375
0.9803125
0.976375
0.8905
0.7929375
0.7775
0.7325625
0.7224375
0.7395
0.7159375
0.7148125
0.7623125
0.7999375
0.833375
0.8376875
0.7886875
0.7524375
0.7324375
0.74875
0.7761875
0.809875
0.835375
0.948375
1.1023125
1.22075
1.3041875
1.1768125
0.9970625
0.873875
0.8011875
0.8675625
0.9615625
0.9915625
0.998
0.951
0.886125
0.872875
0.8435
0.8573125
0.8811875
0.8539375
0.8671875
0.859875
0.85425
0.9790625
1.0608125
1.149625
1.2300625
1.1075
1.042875
0.9384375
0.8151875
0.8915625
0.9005
0.97075
1.11
1.0384375
1.0024375
1.03925
0.970625
1.0335
1.1103125
0.989875
0.9883125
0.968625
0.9211875
0.9950625
0.9985625
0.988
1.0866875
1.173625
1.2645
1.373625
1.296125
1.188875
1.08775
0.9851875
0.9756875
0.9636875
0.94825
0.9253125
0.868125
0.8535625
0.847625
0.851625
0.9089375
0.94075
0.9469375
0.923375
0.879875
0.8353125
0.83425
0.8495
0.8614375
0.878625
0.87275
0.89575
0.8886875
0.8910625
0.8943125
0.86275
0.8726875
0.8325625
0.764125
0.7021875
0.72775
0.807375
0.919125
1.0508125
0.998875
0.939375
0.87225
0.7971875
0.82475
0.8635625
0.9303125
0.99825
1.112375
1.1729375
1.2214375
1.2620625
1.1726875
1.1390625
1.0760625
1.0130625
0.9679375
0.8841875
0.8111875
0.7303125
0.7206875
0.7496875
0.809125
0.87225
0.9103125
0.934375
0.9266875
0.9461875
0.95575
1.0598125
1.1835
1.2370625
1.3015
1.172875
1.028625
0.950375
0.8609375
0.8859375
0.902625
0.9056875
0.9376875
0.9084375
0.9074375
0.9891875
1.0584375
1.19175
1.29725
1.2388125
1.1871875
1.1346875
1.1018125
1.2208125
1.3155625
1.368375
1.4133125
1.2985
1.2001875
1.1206875
1.0333125
1.0254375
0.993875
0.9623125
0.938625
0.89525
0.8864375
0.9614375
1.032125
1.155125
1.24775
1.180625
1.1409375
1.0846875
1.0818125
1.1428125
1.1576875
1.1499375
1.0860625
1.03425
1.0054375
0.9945
0.9963125
1.021125
1.0195625
0.9989375
0.9995625
0.942375
0.942125
0.9298125
0.868375
0.8294375
0.7505
0.73575
0.8591875
1.0165625
1.211625
1.3506875
1.319625
1.3574375
1.3236875
1.28175
1.266625
1.096
0.971875
0.8808125
0.8590625
0.9023125
0.942375
0.9623125
0.9350625
0.896875
0.887875
0.9285
0.9735
1.0333125
1.139875
1.1595
1.2146875
1.2448125
1.1151875
1.0746875
0.974125
0.9
0.8825
0.8030625
0.8069375
0.80975
0.8786875
0.97425
1.0876875
1.1775625
1.2073125
1.3315625
1.3028125
1.3206875
1.364875
1.197125
1.1164375
0.9793125
0.8108125
0.763375
0.7408125
0.7474375
0.822625
0.9270625
1.0075625
1.0788125
1.0676875
0.9995625
0.9314375
0.8748125
0.877125
0.9820625
1.046875
1.118375
1.149875
0.99775
0.897625
0.8158125
0.8045
0.916875
1.045625
1.147125
1.1804375
1.1536875
1.0731875
0.9796875
0.9238125
0.9403125
0.989875
1.0575625
1.06825
1.010375
1.027875
1.020875
1.0714375
1.178875
1.1274375
1.09875
1.0695
1.023625
1.0213125
1.0221875
0.9933125
0.9604375
0.9961875
1.118625
1.2169375
1.275125
1.2659375
1.073
0.935625
0.843
0.8846875
1.107375
1.2856875
1.479375
1.4939375
1.3148125
1.1629375
0.9801875
0.8655
0.885125
0.9364375
1.0776875
1.2023125
1.2434375
1.241625
1.091875
0.9698125
0.921375
0.8525
0.802625
0.7436875
0.7666875
0.8580625
1.1064375
1.399625
1.4845
1.601375
1.5351875
1.4191875
1.41025
1.217125
1.056
0.9005625
0.73425
0.708375
0.8346875
0.9663125
1.219
1.443375
1.4435
1.4435
1.217
1.0743125
1.155875
1.241625
1.491125
1.6568125
1.5859375
1.522625
1.402875
1.2071875
1.260375
1.28575
1.27925
1.31025
1.092375
0.894875
0.7593125
0.652125
0.7938125
1.015
1.217375
1.461
1.5151875
1.40175
1.259625
1.103625
1.0055625
0.963
0.9288125
0.8288125
0.8079375
0.8030625
0.93875
1.133
1.13075
1.1823125
1.00625
0.820125
0.7830625
0.7115
0.7625
0.927875
1.0751875
1.2034375
1.396125
1.35
1.287375
1.2126875
1.0541875
1.068625
1.1961875
1.46
1.6588125
1.8850625
1.9243125
1.727
1.5610625
1.3191875
1.169
1.2026875
1.2441875
1.2856875
1.3193125
1.2340625
1.2990625
1.288125
1.2533125
1.3303125
1.1990625
1.1165
1.0525
0.9200625
0.8554375
0.809125
0.7734375
0.759
0.7359375
0.734125
0.723625
0.7070625
0.7745625
0.846625
0.9220625
1.010125
0.991625
0.939375
0.887125
0.77075
0.7138125
0.670375
0.642125
0.690875
0.7433125
0.8090625
0.8478125
0.8685
0.868875
0.85275
0.8450625
0.8359375
0.83125
0.857
0.913375
0.9595
1.0175625
1.0344375
1.0001875
0.961125
0.8926875
0.8466875
0.813375
0.79
0.7661875
0.732125
0.7443125
0.7565
0.773
0.776875
0.7456875
0.7190625
0.7316875
0.7620625
0.7600625
0.7683125
0.7664375
0.799625
0.8625
0.994375
1.081375
1.1094375
1.1579375
1.0143125
0.923875
0.852
0.7505
0.767
0.736625
0.708375
0.692
0.6764375
0.6915625
0.7195625
0.752875
0.7516875
0.755375
0.7481875
0.745
0.7874375
0.8045
0.798125
0.7485
0.6433125
0.5295625
0.476875
0.48275
0.5749375
0.5749375
0.5749375
0.5749375
