0.50125
0.50125
0.50125
0.50125
0.523125
0.556875
0.585
0.599375
0.6275
0.619375
0.62125
0.623125
0.595
0.595
0.588125
0.563125
0.563125
0.54875
0.53625
0.54625
0.545
0.55375
0.56375
0.570625
0.57
0.5525
0.541875
0.534375
0.52625
0.54375
0.54375
0.499375
0.48875
0.465625
0.4375
0.47375
0.480625
0.469375
0.47375
0.46375
0.461875
0.47625
0.504375
0.52375
0.50125
0.493125
0.45375
0.39375
0.41125
0.399375
0.405
0.438125
0.428125
0.451875
0.4875
0.514375
0.545625
0.54125
0.503125
0.458125
0.403125
0.339375
0.32625
0.304375
0.29375
0.30875
0.284375
0.300625
0.314375
0.3625
0.3975
0.418125
0.439375
0.4175
0.43375
0.43
0.42875
0.4425
0.40875
0.395
0.405625
0.41875
0.504375
0.575625
0.59875
0.596875
0.539375
0.491875
0.45875
0.453125
0.4725
0.490625
0.5325
0.57
0.59375
0.6075
0.606875
0.605
0.61375
0.641875
0.645625
0.595625
0.51625
0.406875
0.32
0.305625
0.338125
0.389375
0.43875
0.481875
0.5025
0.510625
0.5525
0.559375
0.560625
0.58625
0.5675
0.580625
0.606875
0.620625
0.61125
0.581875
0.53375
0.473125
0.4725
0.465625
0.468125
0.486875
0.4975
0.5175
0.515
0.505625
0.4875
0.489375
0.515625
0.57125
0.619375
0.65125
0.6875
0.6575
0.618125
0.534375
0.45
0.418125
0.3925
0.435
0.47375
0.475625
0.46125
0.434375
0.405625
0.43125
0.494375
0.544375
0.605
0.62125
0.620625
0.615625
0.605625
0.6125
0.618125
0.618125
0.594375
0.560625
0.539375
0.539375
0.561875
0.59125
0.6
0.601875
0.599375
0.611875
0.616875
0.603125
0.5975
0.5625
0.553125
0.5625
0.573125
0.61
0.64125
0.6725
0.6725
0.6475
0.62
0.578125
0.57625
0.580625
0.583125
0.61
0.610625
0.623125
0.646875
0.6175
0.58
0.54375
0.48
0.480625
0.525625
0.545
0.575
0.588125
0.569375
0.573125
0.588125
0.59875
0.590625
0.579375
0.5675
0.548125
0.5775
0.60875
0.62875
0.640625
0.604375
0.550625
0.5075
0.49
0.49875
0.533125
0.54875
0.54125
0.51125
0.476875
0.484375
0.51875
0.589375
0.635
0.625
0.574375
0.489375
0.436875
0.413125
0.426875
0.455
0.46875
0.493125
0.5025
0.53625
0.571875
0.590625
0.56875
0.515625
0.454375
0.403125
0.40875
0.433125
0.465
0.4925
0.511875
0.533125
0.533125
0.533125
0.533125
