-0.674375
-0.674375
-0.674375
-0.674375
-0.77375
-0.85625
-1.0375
-1.209375
-1.31
-1.30125
-1.045
-0.89375
-0.740625
-0.710625
-0.803125
-0.775625
-0.710625
-0.5575
-0.41375
-0.39
-0.476875
-0.5925
-0.65
-0.589375
-0.46
-0.33125
-0.261875
-0.31625
-0.338125
-0.425625
-0.6125
-0.728125
-0.86
-0.929375
-0.819375
-0.730625
-0.648125
-0.595
-0.62625
-0.594375
-0.65625
-0.65
-0.555
-0.50375
-0.356875
-0.420625
-0.5525
-0.755625
-1.0025
-0.925625
-0.91875
-0.88
-0.86875
-1.085625
-1.200625
-1.188125
-1.0375
-0.746875
-0.4875
-0.33125
-0.199375
-0.1625
-0.173125
-0.15375
-0.20875
-0.2775
-0.25625
-0.2875
-0.399375
-0.42
-0.489375
-0.51375
-0.34125
-0.219375
-0.108125
-0.011875
-0.066875
-0.1775
-0.259375
-0.34875
-0.338125
-0.28
-0.24
-0.179375
-0.238125
-0.31125
-0.448125
-0.58875
-0.60375
-0.538125
-0.363125
-0.28625
-0.38625
-0.565
-0.765625
-0.8775
-0.799375
-0.738125
-0.71375
-0.674375
-0.645625
-0.5825
-0.555
-0.48375
-0.465625
-0.53375
-0.49125
-0.551875
-0.63125
-0.49875
-0.4975
-0.425625
-0.333125
-0.37625
-0.28625
-0.2225
-0.261875
-0.280625
-0.363125
-0.474375
-0.4125
-0.53875
-0.65
-0.78125
-1.028125
-1.004375
-1.031875
-0.961875
-0.805
-0.655
-0.491875
-0.315625
-0.188125
-0.15875
-0.046875
-0.03
-0.026875
-0.014375
-0.07625
-0.12375
-0.12125
-0.183125
-0.399375
-0.5675
-0.771875
-0.98125
-0.851875
-0.729375
-0.685625
-0.518125
-0.505
-0.529375
-0.41125
-0.3375
-0.330625
-0.365
-0.448125
-0.53625
-0.5825
-0.51625
-0.54375
-0.525
-0.508125
-0.565625
-0.488125
-0.62375
-0.67375
-0.6875
-0.765
-0.558125
-0.458125
-0.38375
-0.286875
-0.329375
-0.320625
-0.34125
-0.41375
-0.50125
-0.663125
-0.738125
-0.835
-0.8225
-0.866875
-0.951875
-0.876875
-0.956875
-0.79875
-0.760625
-0.9575
-1.0375
-1.256875
-1.365625
-1.1975
-1.0125
-0.739375
-0.429375
-0.405625
-0.6075
-0.954375
-1.286875
-1.3925
-1.215625
-0.91875
-0.729375
-0.564375
-0.52
-0.575625
-0.680625
-0.845
-0.945625
-1.105625
-0.990625
-0.98625
-1.104375
-1.00625
-1.0925
-0.966875
-0.719375
-0.52125
-0.2875
-0.234375
-0.346875
-0.555
-0.796875
-0.893125
-0.75125
-0.530625
-0.45875
-0.445625
-0.73
-1.05375
-1.04625
-1.0675
-0.7575
-0.46125
-0.390625
-0.295625
-0.349375
-0.368125
-0.274375
-0.21
-0.33375
-0.5
-0.73
-1.0175
-1.024375
-1.0625
-1.085625
-0.953125
-0.87
-0.645625
-0.43625
-0.2425
-0.134375
-0.15125
-0.153125
-0.2325
-0.2925
-0.3025
-0.32
-0.3025
-0.301875
-0.36375
-0.4625
-0.614375
-0.673125
-0.755
-0.78125
-0.7775
-0.89625
-0.943125
-1.16
-1.3325
-1.40625
-1.4475
-1.3375
-1.24875
-1.2375
-1.170625
-0.9525
-0.83625
-0.798125
-0.848125
-1.078125
-1.198125
-1.205
-1.189375
-1.105625
-1.006875
-0.72375
-0.499375
-0.291875
-0.1025
-0.18625
-0.2125
-0.28375
-0.363125
-0.28
-0.218125
-0.13375
-0.0375
-0.0225
0.0075
0.008125
-0.124375
-0.226875
-0.366875
-0.504375
-0.45375
-0.440625
-0.3975
-0.310625
-0.346875
-0.38625
-0.489375
-0.556875
-0.5225
-0.58
-0.694375
-0.923125
-1.200625
-1.26125
-1.0575
-0.743125
-0.4575
-0.275625
-0.39625
-0.558125
-0.714375
-0.9025
-0.7775
-0.72375
-0.63875
-0.6475
-0.810625
-0.91
-1.01125
-0.99
-1.035
-1.01625
-1.0775
-1.025625
-0.86375
-0.821875
-0.69875
-0.68875
-0.73
-0.754375
-0.781875
-0.9225
-1.063125
-1.1425
-1.35625
-1.30875
-1.3175
-1.4025
-1.195625
-1.13375
-0.99875
-0.809375
-0.853125
-0.896875
-0.984375
-0.94375
-0.775625
-0.603125
-0.376875
-0.27875
-0.251875
-0.2325
-0.2375
-0.25
-0.255
-0.270625
-0.3725
-0.533125
-0.7075
-0.87125
-0.823125
-0.635
-0.43
-0.228125
-0.20125
-0.233125
-0.2575
-0.275625
-0.194375
-0.150625
-0.095
-0.0425
-0.055625
-0.083125
-0.133125
-0.22875
-0.3675
-0.48125
-0.67375
-0.75125
-0.71625
-0.63125
-0.398125
-0.29625
-0.301875
-0.321875
-0.424375
-0.453125
-0.41625
-0.403125
-0.41375
-0.399375
-0.3625
-0.3525
-0.255625
-0.2325
-0.233125
-0.23
-0.276875
-0.2425
-0.39625
-0.529375
-0.668125
-0.83625
-0.66
-0.498125
-0.42625
-0.443125
-0.644375
-0.759375
-0.683125
-0.474375
-0.235625
-0.128125
-0.211875
-0.361875
-0.534375
-0.758125
-0.785
-0.781875
-0.77125
-0.49625
-0.386875
-0.3
-0.264375
-0.425625
-0.47875
-0.546875
-0.56875
-0.54
-0.576875
-0.694375
-0.764375
-0.854375
-0.90375
-0.820625
-0.928125
-0.99375
-1.155625
-1.34
-1.37625
-1.45625
-1.419375
-1.3525
-1.134375
-0.93125
-0.71875
-0.550625
-0.61125
-0.608125
-0.774375
-0.95875
-0.964375
-0.938125
-0.648125
-0.329375
-0.17375
-0.138125
-0.268125
-0.40875
-0.478125
-0.435
-0.346875
-0.245625
-0.15125
-0.113125
-0.12
-0.130625
-0.106875
-0.068125
0.000625
0.045
0.0525
-0.139375
-0.33875
-0.6925
-1.056875
-1.075
-1.149375
-0.87
-0.546875
-0.441875
-0.224375
-0.20625
-0.405625
-0.55875
-0.768125
-1.006875
-0.88625
-0.738125
-0.584375
-0.33625
-0.29
-0.199375
-0.14125
-0.2025
-0.26
-0.385
-0.50875
-0.499375
-0.440625
-0.471875
-0.445625
-0.546875
-0.650625
-0.7325
-0.926875
-1.0525
-1.22875
-1.220625
-1.03625
-0.89375
-0.74
-0.645625
-0.69375
-0.6275
-0.53
-0.571875
-0.564375
-0.6725
-0.793125
-0.776875
-0.713125
-0.61875
-0.605
-0.68875
-0.84625
-0.98875
-1.021875
-0.931875
-0.928125
-0.92
-0.93625
-1.013125
-0.89875
-0.759375
-0.58625
-0.478125
-0.404375
-0.378125
-0.363125
-0.2825
-0.3225
-0.33375
-0.41125
-0.495625
-0.528125
-0.57875
-0.571875
-0.705
-0.776875
-0.895625
-1.08
-0.980625
-0.864375
-0.661875
-0.391875
-0.255
-0.181875
-0.26875
-0.41375
-0.6725
-0.910625
-0.995625
-1.15875
-1.194375
-1.27
-1.300625
-1.066875
-0.819375
-0.570625
-0.38875
-0.358125
-0.450625
-0.491875
-0.5575
-0.6125
-0.501875
-0.395625
-0.310625
-0.3025
-0.393125
-0.5125
-0.540625
-0.473125
-0.42375
-0.344375
-0.416875
-0.52125
-0.5575
-0.726875
-0.751875
-0.78375
-0.894375
-0.855
-0.8175
-0.721875
-0.586875
-0.4425
-0.33
-0.276875
-0.250625
-0.26
-0.29375
-0.316875
-0.260625
-0.27
-0.3225
-0.356875
-0.591875
-0.74875
-0.80625
-0.881875
-0.6475
-0.4175
-0.40375
-0.45375
-0.665625
-0.994375
-1.005625
-0.93625
-1.02875
-0.98875
-1.245
-1.489375
-1.45875
-1.400625
-1.043125
-0.743125
-0.518125
-0.370625
-0.525625
-0.651875
-0.798125
-0.970625
-0.8225
-0.635
-0.56125
-0.40125
-0.431875
-0.59
-0.575
-0.606875
-0.640625
-0.511875
-0.611875
-0.73
-0.839375
-1.04875
-0.981875
-0.89375
-0.776875
-0.60875
-0.568125
-0.536875
-0.47
-0.47125
-0.44125
-0.553125
-0.765
-0.88875
-1.07
-0.980625
-0.818125
-0.73
-0.613125
-0.56625
-0.558125
-0.530625
-0.4775
-0.578125
-0.63375
-0.719375
-0.85625
-0.80375
-0.7675
-0.60375
-0.414375
-0.361875
-0.391875
-0.520625
-0.649375
-0.7175
-0.70875
-0.68625
-0.66375
-0.61625
-0.57875
-0.5475
-0.476875
-0.499375
-0.475625
-0.489375
-0.630625
-0.659375
-0.775625
-0.920625
-0.9775
-1.17875
-1.295625
-1.310625
-1.248125
-1.058125
-0.890625
-0.71625
-0.770625
-0.866875
-0.975625
-1.104375
-0.97125
-0.94625
-1.101875
-1.29625
-1.589375
-1.66625
-1.455
-1.215
-0.96125
-0.805625
-0.75375
-0.6825
-0.615625
-0.56375
-0.530625
-0.529375
-0.570625
-0.596875
-0.57875
-0.554375
-0.656875
-0.72875
-0.814375
-0.980625
-0.87625
-0.776875
-0.69875
-0.616875
-0.6575
-0.764375
-0.918125
-0.8925
-0.82
-0.69625
-0.496875
-0.3575
-0.265
-0.36
-0.465625
-0.62
-0.7925
-0.62625
-0.534375
-0.4625
-0.39875
-0.5225
-0.54125
-0.55125
-0.511875
-0.4575
-0.444375
-0.45375
-0.634375
-0.96
-1.356875
-1.6425
-1.631875
-1.28875
-0.8625
-0.553125
-0.370625
-0.40875
-0.46625
-0.411875
-0.37875
-0.4575
-0.48625
-0.59
-0.740625
-0.6325
-0.58
-0.56875
-0.633125
-0.756875
-0.875
-0.906875
-0.668125
-0.494375
-0.3575
-0.270625
-0.366875
-0.491875
-0.564375
-0.70375
-0.79875
-0.805625
-0.85375
-0.898125
-0.96375
-1.056875
-1.13375
-0.9675
-0.725
-0.500625
-0.266875
-0.25875
-0.341875
-0.471875
-0.601875
-0.683125
-0.7725
-0.775625
-0.7225
-0.598125
-0.478125
-0.384375
-0.405625
-0.61875
-0.69125
-0.69125
-0.69125
-0.69125
