0.37875
0.37875
0.37875
0.37875
0.3625
0.33125
0.325
0.323125
0.34125
0.369375
0.395
0.411875
0.409375
0.405625
0.383125
0.3525
0.340625
0.31625
0.28625
0.29125
0.286875
0.3175
0.35625
0.3725
0.37625
0.3475
0.331875
0.29375
0.268125
0.243125
0.21125
0.213125
0.215
0.245625
0.265625
0.289375
0.33
0.318125
0.330625
0.314375
0.2575
0.2425
0.2275
0.21625
0.238125
0.253125
0.226875
0.21125
0.173125
0.13625
0.14875
0.155625
0.20875
0.2725
0.32
0.386875
0.398125
0.37875
0.349375
0.29125
0.275625
0.276875
0.2725
0.30125
0.306875
0.329375
0.361875
0.348125
0.320625
0.281875
0.2575
0.27125
0.313125
0.34375
0.3325
0.323125
0.30375
0.284375
0.323125
0.336875
0.32625
0.31
0.245625
0.19375
0.198125
0.206875
0.2475
0.27875
0.266875
0.295
0.291875
0.324375
0.365625
0.336875
0.341875
0.315
0.295
0.320625
0.329375
0.35875
0.388125
0.40375
0.415
0.375625
0.310625
0.26875
0.221875
0.23125
0.24875
0.24
0.254375
0.259375
0.305625
0.359375
0.385625
0.404375
0.38625
0.383125
0.38875
0.366875
0.356875
0.338125
0.343125
0.369375
0.370625
0.360625
0.3175
0.28
0.26
0.255
0.27875
0.3225
0.393125
0.440625
0.456875
0.426875
0.345625
0.265625
0.22875
0.224375
0.280625
0.3425
0.378125
0.39125
0.35125
0.3475
0.34375
0.356875
0.4
0.4175
0.42
0.441875
0.431875
0.405625
0.383125
0.3225
0.31
0.29625
0.310625
0.328125
0.325
0.355625
0.37875
0.425625
0.455625
0.44875
0.40625
0.3575
0.31125
0.271875
0.256875
0.21
0.1725
0.14125
0.130625
0.14625
0.14875
0.1825
0.18
0.213125
0.280625
0.32625
0.40125
0.416875
0.398125
0.3625
0.293125
0.27125
0.2525
0.226875
0.250625
0.250625
0.269375
0.33
0.344375
0.330625
0.324375
0.27375
0.24375
0.255
0.235
0.265625
0.28375
0.294375
0.336875
0.349375
0.4
0.42625
0.415
0.39
0.31875
0.25875
0.235625
0.230625
0.24625
0.27875
0.28875
0.28
0.289375
0.2825
0.27
0.2625
0.24125
0.23
0.235625
0.28375
0.2975
0.314375
0.3225
0.288125
0.28375
0.283125
0.285625
0.27125
0.248125
0.21625
0.19875
0.229375
0.29625
0.350625
0.38625
0.390625
0.34125
0.300625
0.251875
0.229375
0.25
0.285625
0.33
0.35
0.35125
0.330625
0.308125
0.27875
0.24625
0.209375
0.185625
0.178125
0.163125
0.1925
0.23875
0.2725
0.330625
0.334375
0.29375
0.276875
0.2275
0.205625
0.20375
0.203125
0.249375
0.303125
0.37125
0.39875
0.365
0.306875
0.215625
0.150625
0.148125
0.183125
0.235
0.29875
0.30875
0.271875
0.2575
0.24125
0.250625
0.273125
0.280625
0.285625
0.29
0.313125
0.29875
0.26
0.21375
0.1575
0.159375
0.168125
0.190625
0.23125
0.24875
0.285625
0.305
0.31625
0.304375
0.300625
0.314375
0.285625
0.289375
0.2725
0.275
0.3375
0.3775
0.4
0.390625
0.33375
0.286875
0.25375
0.221875
0.204375
0.18375
0.1975
0.215625
0.245
0.304375
0.33625
0.358125
0.379375
0.338125
0.29125
0.271875
0.245625
0.276875
0.3025
0.3075
0.34125
0.343125
0.3675
0.374375
0.3425
0.314375
0.256875
0.22
0.175
0.129375
0.125625
0.12375
0.161875
0.23125
0.2725
0.304375
0.32125
0.290625
0.25125
0.24875
0.224375
0.249375
0.2775
0.27875
0.315
0.334375
0.376875
0.3975
0.381875
0.3475
0.300625
0.2725
0.254375
0.24
0.248125
0.2525
0.28875
0.319375
0.29125
0.291875
0.253125
0.2425
0.299375
0.331875
0.380625
0.4125
0.388125
0.36375
0.343125
0.3225
0.32625
0.313125
0.29625
0.265625
0.235
0.229375
0.223125
0.216875
0.23875
0.25
0.251875
0.290625
0.28625
0.2625
0.279375
0.271875
0.27125
0.32
0.329375
0.345625
0.37
0.3725
0.375625
0.354375
0.346875
0.328125
0.30375
0.31125
0.288125
0.25375
0.24375
0.205625
0.198125
0.22125
0.2475
0.281875
0.315
0.333125
0.316875
0.30875
0.27875
0.23375
0.2425
0.255625
0.278125
0.3375
0.3375
0.3525
0.350625
0.309375
0.294375
0.268125
0.25875
0.2725
0.2975
0.30375
0.32375
0.336875
0.3275
0.3275
0.3225
0.318125
0.330625
0.324375
0.309375
0.298125
0.298125
0.309375
0.310625
0.3225
0.3175
0.32875
0.340625
0.325625
0.299375
0.29125
0.301875
0.33125
0.383125
0.381875
0.355
0.314375
0.24
0.20875
0.188125
0.174375
0.17625
0.170625
0.173125
0.178125
0.223125
0.2325
0.235625
0.25125
0.224375
0.216875
0.25
0.260625
0.254375
0.274375
0.230625
0.215
0.233125
0.21875
0.245625
0.255625
0.2625
0.285625
0.27
0.236875
0.193125
0.14625
0.156875
0.19
0.244375
0.313125
0.32875
0.358125
0.351875
0.316875
0.29
0.216875
0.17
0.138125
0.118125
0.12125
0.113125
0.118125
0.1325
0.179375
0.231875
0.25625
0.270625
0.235625
0.21
0.213125
0.22875
0.288125
0.364375
0.409375
0.421875
0.396875
0.3225
0.2675
0.2425
0.209375
0.19625
0.195
0.195625
0.244375
0.294375
0.3025
0.28125
0.219375
0.16125
0.14125
0.139375
0.163125
0.175625
0.17375
0.18125
0.18625
0.203125
0.230625
0.24625
0.253125
0.264375
0.261875
0.264375
0.2475
0.22
0.205625
0.179375
0.16875
0.15875
0.1625
0.173125
0.188125
0.225625
0.2375
0.26125
0.306875
0.323125
0.345
0.3575
0.318125
0.3125
0.29
0.284375
0.331875
0.331875
0.35125
0.356875
0.3125
0.315625
0.313125
0.280625
0.28375
0.235
0.193125
0.201875
0.204375
0.256875
0.315
0.3325
0.360625
0.369375
0.35625
0.358125
0.3275
0.271875
0.228125
0.18625
0.19125
0.209375
0.22875
0.26125
0.25625
0.27
0.27375
0.253125
0.2475
0.2325
0.2625
0.33
0.35875
0.386875
0.35125
0.26625
0.23625
0.2075
0.22
0.250625
0.24125
0.234375
0.225625
0.22
0.239375
0.245625
0.214375
0.2
0.19875
0.236875
0.294375
0.321875
0.3
0.24875
0.24125
0.2525
0.295625
0.305625
0.275
0.240625
0.233125
0.28625
0.333125
0.3825
0.3825
0.340625
0.289375
0.235625
0.210625
0.195625
0.209375
0.220625
0.214375
0.2125
0.20125
0.190625
0.18875
0.186875
0.185
0.189375
0.180625
0.176875
0.173125
0.165
0.17375
0.176875
0.168125
0.168125
0.1675
0.155625
0.1675
0.1575
0.165
0.19375
0.219375
0.2625
0.270625
0.2675
0.240625
0.2
0.188125
0.170625
0.17
0.188125
0.175
0.18125
0.190625
0.188125
0.225
0.245625
0.25625
0.25875
0.2425
0.235
0.25125
0.28875
0.289375
0.283125
0.24125
0.185
0.18
0.18
0.195
0.220625
0.216875
0.204375
0.195625
0.176875
0.16
0.15125
0.13375
0.119375
0.12625
0.133125
0.165
0.223125
0.26
0.30875
0.31875
0.279375
0.245625
0.20125
0.1775
0.17375
0.195625
0.21
0.23625
0.25875
0.2375
0.220625
0.18
0.14625
0.1475
0.125625
0.114375
0.10625
0.099375
0.12625
0.154375
0.1725
0.161875
0.143125
0.155
0.17375
0.22125
0.256875
0.245
0.24375
0.22375
0.213125
0.21625
0.206875
0.1875
0.180625
0.175
0.17125
0.200625
0.21125
0.215
0.220625
0.216875
0.209375
0.238125
0.2675
0.28125
0.318125
0.30875
0.2975
0.270625
0.22125
0.190625
0.154375
0.141875
0.145625
0.149375
0.165625
0.169375
0.17875
0.188125
0.1825
0.1875
0.18
0.18
0.1825
0.195625
0.194375
0.178125
0.18625
0.19625
0.235
0.285625
0.30375
0.299375
0.26625
0.224375
0.201875
0.183125
0.193125
0.2025
0.189375
0.185625
0.155
0.13875
0.155
0.1825
0.235
0.288125
0.3175
0.318125
0.3075
0.270625
0.24625
0.263125
0.263125
0.3
0.321875
0.290625
0.290625
0.266875
0.259375
0.280625
0.26875
0.239375
0.239375
0.239375
0.239375
