-0.0188125
-0.0188125
-0.0188125
-0.0188125
-0.0269375
-0.03075
0.0303125
0.0730625
0.17125
0.2036875
0.1195625
0.0824375
0.04075
0.0495
0.1523125
0.1935625
0.229
0.2621875
0.220625
0.2044375
0.179875
0.115375
0.0960625
0.0691875
0.04975
0.0466875
-0.0051875
0.0085
0.02225
0.020125
0.1079375
0.07975
0.059875
0.1305
0.12925
0.203625
0.2775625
0.21875
0.177875
0.15975
0.12425
0.212125
0.3274375
0.3605625
0.3724375
0.291125
0.132125
-0.0125
-0.069375
-0.110875
-0.103625
-0.057625
-0.0863125
-0.0371875
0.0556875
0.1455
0.2378125
0.2289375
0.171125
0.0855
-0.0205625
-0.0824375
-0.12
-0.1200625
-0.04225
0.0435625
0.152125
0.202
0.178875
0.10375
-0.0535625
-0.160125
-0.1956875
-0.1070625
0.0039375
0.1049375
0.1139375
0.0678125
0.044375
0.03375
0.074875
0.0329375
-0.0363125
-0.1660625
-0.242625
-0.29675
-0.24475
-0.0778125
-0.00575
0.113375
0.1504375
0.1119375
0.0919375
0.0845
0.0190625
-0.097
-0.084625
-0.120375
-0.109375
-0.0045625
-0.0468125
-0.008
0.02925
0.0444375
0.0919375
0.0561875
0.057375
0.0653125
0.052
0.02975
-0.04075
-0.081125
-0.06
0.00075
0.0984375
0.0599375
0.042
0.1016875
0.159875
0.33975
0.38625
0.3506875
0.3460625
0.2883125
0.379
0.444625
0.432375
0.457625
0.350125
0.2323125
0.1435
-0.00725
-0.0499375
-0.078875
-0.1125
-0.063
-0.0760625
-0.035875
0.0269375
0.1003125
0.1865625
0.2336875
0.235375
0.1344375
0.0415
-0.0439375
-0.061125
-0.0621875
-0.034375
-0.006625
-0.013
0.0605
0.059
0.0335
0.0079375
-0.060875
-0.048375
-0.0118125
0.05775
0.1149375
0.1378125
0.1914375
0.1319375
0.0943125
0.037
-0.0818125
-0.0579375
-0.062625
-0.0728125
0.014125
0.031625
0.082
0.1681875
0.08675
0.0115
-0.076625
-0.1455
-0.0574375
0.05675
0.1685625
0.2605625
0.358125
0.455375
0.552625
0.58725
0.5026875
0.3930625
0.24175
0.17625
0.1445625
0.0631875
0.0651875
0.0330625
0.0574375
0.099125
0.099125
0.11525
0.106875
0.187875
0.2579375
0.3133125
0.333375
0.3058125
0.254
0.1914375
0.1851875
0.12725
0.1089375
0.1339375
0.119125
0.1549375
0.181875
0.1400625
0.11775
0.0503125
0.0158125
-0.0155625
-0.0545625
-0.0215625
-0.000875
0.0916875
0.1833125
0.2298125
0.250625
0.2311875
0.1843125
0.165875
0.1925625
0.203125
0.2599375
0.2991875
0.2688125
0.2874375
0.2973125
0.266
0.278
0.240375
0.175125
0.2321875
0.2785
0.3336875
0.406375
0.356625
0.292125
0.23475
0.184125
0.1321875
0.0931875
0.0896875
0.081125
0.1559375
0.23725
0.2498125
0.2700625
0.2639375
0.2545625
0.2468125
0.2544375
0.23
0.247875
0.2936875
0.2808125
0.2846875
0.179875
0.0839375
0.056
0.0541875
0.140375
0.1989375
0.157125
0.062125
-0.052
-0.11975
-0.064125
0.000875
0.070875
0.1305
0.133125
0.1888125
0.2295
0.2769375
0.267375
0.2475
0.211
0.1225625
0.1151875
0.042375
0.01775
0.0023125
-0.06125
-0.095375
-0.1359375
-0.0908125
-0.0260625
-0.0043125
-0.0001875
-0.07625
-0.1218125
-0.0081875
0.104
0.243
0.3659375
0.3679375
0.331125
0.2868125
0.190875
0.10125
0.108875
0.1241875
0.2328125
0.2823125
0.2748125
0.2733125
0.1784375
0.20525
0.2320625
0.163375
0.136375
0.080875
0.03475
0.0875625
0.20675
0.30125
0.36025
0.4713125
0.439625
0.3315625
0.27575
0.0955625
0.05875
0.1485625
0.145875
0.225625
0.238375
0.191375
0.2235625
0.2254375
0.212
0.1673125
0.1098125
0.037625
-0.048125
-0.05075
-0.1010625
-0.102375
-0.0483125
0.0130625
0.188625
0.2643125
0.29825
0.242125
0.0646875
-0.0229375
-0.129375
-0.1550625
-0.0625
0.0765
0.30125
0.485625
0.590375
0.5855
0.553625
0.46375
0.356
0.3133125
0.2198125
0.191
0.2479375
0.2454375
0.2690625
0.321625
0.362875
0.39575
0.4276875
0.4396875
0.4113125
0.4699375
0.4801875
0.4496875
0.4191875
0.3124375
0.2535
0.18425
0.04575
0.0216875
0.03475
0.10325
0.22375
0.2041875
0.124875
-0.0161875
-0.15875
-0.201
-0.178875
-0.073375
0.1048125
0.213625
0.2989375
0.357875
0.362875
0.3973125
0.3348125
0.2
0.0746875
-0.0639375
-0.0575
0.0461875
0.1129375
0.1915
0.1875625
0.093125
0.026125
-0.083375
-0.1785
-0.224875
-0.2599375
-0.186375
-0.073375
0.0734375
0.2171875
0.2369375
0.1763125
0.0949375
-0.0029375
-0.0114375
0.03225
0.089
0.1506875
0.147625
0.1285625
0.0595
-0.0270625
-0.048875
0.0065625
0.04575
0.10575
0.122625
0.0205625
-0.00825
-0.0470625
-0.09675
-0.088875
-0.07725
-0.0248125
0.0895
0.2220625
0.3015625
0.3535
0.33775
0.2250625
0.14775
0.043125
0.0351875
0.067625
0.05775
0.113625
0.0181875
-0.0119375
-0.02575
-0.0913125
-0.0531875
-0.0499375
-0.0221875
0.041
0.0609375
0.14725
0.2591875
0.312875
0.3766875
0.374125
0.2605
0.1796875
0.121875
0.07975
0.1248125
0.21225
0.3284375
0.4289375
0.47075
0.4166875
0.339125
0.2365
0.215375
0.266625
0.234125
0.1913125
0.1590625
0.066375
0.0830625
0.1035
0.014625
-0.022625
-0.1105
-0.090375
-0.0046875
0.095125
0.22075
0.2244375
0.2459375
0.2761875
0.26
0.292625
0.2556875
0.1416875
0.075375
0.0025625
-0.038875
-0.0086875
-0.0048125
-0.03
-0.011625
-0.0609375
-0.0945
-0.0021875
0.017125
0.118375
0.1918125
0.11375
0.1135625
0.02
-0.0668125
-0.0534375
-0.0334375
0.079875
0.227625
0.333125
0.354125
0.3435625
0.3138125
0.24175
0.200625
0.1285625
0.1120625
0.1379375
0.244375
0.381625
0.4029375
0.4570625
0.39225
0.3284375
0.2984375
0.2449375
0.2215625
0.2119375
0.2164375
0.2115625
0.2441875
0.2065625
0.2553125
0.2505
0.2363125
0.2861875
0.1933125
0.1719375
0.0678125
-0.094125
-0.1896875
-0.3339375
-0.328875
-0.24425
-0.171125
-0.000875
0.054
0.1104375
0.2215
0.2568125
0.3716875
0.3526875
0.3253125
0.2810625
0.1581875
0.177625
0.1529375
0.147875
0.182125
0.182875
0.2180625
0.2665
0.3719375
0.460625
0.4991875
0.4991875
0.4991875
0.4991875
