128.80625
128.80625
128.80625
128.80625
132.7
139.7625
137.09375
139.9
148.2125
150.38125
157.03125
156.51875
143.5
135.39375
127.8
111.6125
105.43125
97.09375
88.5
88.5
88.03125
94.275
103.43125
114.01875
123.825
130.325
133.9125
136.44375
139.15625
138.85625
137.25625
133.475
132.1125
135.50625
140.2
148.50625
148.83125
141.55
132.4
124.375
119.65
117.21875
115.0125
103.2375
94.08125
93.40625
98.35625
116.58125
132.175
138.1
142.7
142.0875
147.575
155.20625
153.54375
146.1
131.03125
118.175
118.25625
127.09375
143.63125
156.15
160.775
156.40625
147.30625
142.925
137.075
140.4125
141.9875
148.54375
160.5
163.4625
168.1875
159.6125
151.35625
149.14375
146.95
150.61875
153.325
153.85
156.1
161.6375
161.85625
162.50625
159.9875
150.50625
143.65
137.00625
129.9625
129.30625
129.65
131.7125
135.6
141.825
150.98125
157.99375
168.525
173.1875
170.18125
165.15625
158.775
151.93125
151.63125
153.39375
146.20625
141.05625
133.90625
133.81875
140.325
145.425
152.01875
147.96875
147.2375
148.0
146.35625
145.6375
138.8625
133.0
130.8375
131.23125
137.34375
139.18125
138.44375
141.3875
143.38125
148.8
151.8625
151.3
151.0625
153.48125
157.5875
159.675
149.10625
134.14375
119.83125
105.51875
105.40625
108.79375
112.83125
119.20625
124.80625
129.675
131.55625
139.85625
144.8875
148.29375
156.1
154.2375
146.4125
137.4375
127.50625
119.525
124.14375
130.25
132.3375
135.54375
129.48125
123.41875
125.00625
126.775
132.99375
140.36875
139.88125
137.9625
136.3875
134.325
139.9375
151.71875
159.74375
165.275
161.9
147.15
134.4375
122.44375
112.74375
116.31875
121.6125
130.94375
147.33125
147.33125
147.33125
147.33125
