0.0913348946136
0.0913348946136
0.0913348946136
0.0913348946136
0.0887734192038
0.0588407494146
0.029493559719
0.0292008196721
0.0436182669789
0.0734777517564
0.103556791569
0.104947306791
0.0913348946136
0.0900175644028
0.0887002341921
0.10275175644
0.102678571429
0.088700234192
0.0747218969554
0.058694379391
0.0714285714284
0.0847482435596
0.0985802107727
0.11343676815
0.0996048009366
0.0857728337235
0.0719408665104
0.0581088992973
0.0586211943793
0.0453747072599
0.0314695550351
0.0177839578454
0.00409836065573
0.0188817330211
0.0329332552693
0.0612558548009
0.0895784543325
0.103190866511
0.118193793911
0.103995901639
0.0903103044496
0.0619145199063
0.033006440281
0.0188085480094
0.0180035128806
0.0463261124122
0.0885538641687
0.144540398127
0.173228922717
0.173594847775
0.145638173302
0.0906762295082
0.0480825526932
0.0188817330211
0.0188085480094
0.0452283372365
0.0726727166276
0.100629391101
0.0991656908664
0.0706967213114
0.0422277517564
0.0137587822014
0.0144174473068
0.0288348946136
0.0432523419204
0.0714285714286
0.0712822014052
0.0721604215456
0.0877488290397
0.0905298594847
0.106703747073
0.120828454332
0.105532786885
0.0889197892271
0.072819086651
0.0720872365339
0.0860655737704
0.0860655737704
0.0860655737704
0.0575966042154
0.043837822014
0.0444233021077
0.0587675644028
0.0870169789226
0.100263466042
0.114973653396
0.1168764637
0.120462529274
0.124634074941
0.126390515223
0.112485362998
0.0965310304449
0.0655737704918
0.0488144028103
0.0605240046837
0.0719408665104
0.111826697892
0.124707259953
0.123829039812
0.124707259953
0.0990925058546
0.0872365339577
0.0616217798594
0.0489607728337
0.0490339578454
0.0496194379391
0.0639637002342
0.0497658079625
0.0483021077283
0.0461797423887
0.045081967213
0.0731118266978
0.0756733021077
0.0780152224825
0.0793325526933
0.0518149882905
0.0362265807963
0.0347628805621
0.0322745901639
0.045081967213
0.0584748243558
0.0581088992973
0.0725263466041
0.0851873536298
0.0980679156907
0.110948477752
0.0973360655736
0.0993120608898
0.101288056206
0.0895052693208
0.090456674473
0.0623536299765
0.0351288056206
0.021662763466
0.0218823185012
0.0498389929742
0.0760392271662
0.116583723653
0.143149882904
0.144028103044
0.145784543325
0.119072014052
0.0782347775176
0.0492535128806
0.0202722482436
0.00519613583139
0.00490339578456
0.00402517564404
0.0178571428571
0.046618852459
0.0893588992974
0.133343091335
0.147906908665
0.133050351288
0.102898126464
0.072306791569
0.056425644028
0.0552546838406
0.0412763466041
0.0285421545667
0.0158079625292
0.00329332552694
0.0060011709602
0.00665983606559
0.021662763466
0.0509367681498
0.0772833723653
0.104654566745
0.117096018735
0.101800351288
0.102385831382
0.102971311475
0.0906030444965
0.0900175644028
0.0605971896956
0.0311768149883
0.0297862997658
0.0298594847775
0.0452283372365
0.061475409836
0.0632318501171
0.0649882903981
0.0655005854801
0.0652810304449
0.0650614754098
0.0648419203747
0.0644759953162
0.0776492974239
0.0898711943793
0.115851873536
0.142344847775
0.14044203747
0.125731850117
0.0982142857141
0.0844555035127
0.085406908665
0.114534543325
0.12800058548
0.128659250585
0.129317915691
0.11555913349
0.117974238876
0.118486533958
0.11899882904
0.105898711944
0.0898711943793
0.0610362997657
0.0327137002341
0.0171984777517
0.00314695550352
0.0172716627635
0.0303717798595
0.0442769320844
0.0581820843092
0.0432523419204
0.0288348946136
0.0281762295082
0.0275175644028
0.0412763466041
0.0550351288055
0.0559865339578
0.0571574941451
0.0727459016393
0.103044496487
0.117681498829
0.131879391101
0.117242388759
0.0731850117096
0.0438378220141
0.0291276346604
0.042593676815
0.0707699063232
0.0994584309133
0.0998243559718
0.0726727166276
0.0599385245901
0.0463992974239
0.0462529274005
0.0598653395785
0.0446428571429
0.029493559719
0.0148565573771
0.000219555035129
0.0
0.0
0.0
0.0
0.00102459016394
0.00351288056207
0.0060011709602
0.00848946135833
0.00892857142859
0.0211504683841
0.0333723653396
0.046106557377
0.0608899297424
0.0608899297424
0.0608899297424
0.0608899297424
