0.1105
0.1105
0.1105
0.1105
0.1050625
0.091875
0.1369375
0.1913125
0.240375
0.2535625
0.185375
0.0814375
-0.050875
-0.1683125
-0.22225
-0.2034375
-0.12625
0.0165625
0.128625
0.1679375
0.1638125
0.0915
0.0581875
0.0784375
0.104875
0.1518125
0.169
0.2018125
0.192625
0.1735625
0.124125
0.0090625
-0.061375
-0.0915625
-0.061
-0.0155625
0.036875
0.01125
-0.0555625
-0.0865
-0.096625
-0.0106875
0.096875
0.17425
0.19075
0.14825
0.0529375
-0.017875
-0.0285
-0.0390625
-0.0125625
-0.0105625
-0.0680625
-0.1365
-0.146875
-0.103
0.0010625
0.12925
0.177625
0.1529375
0.0501875
-0.0363125
-0.075625
-0.063375
-0.00425
0.0459375
0.03625
0.0173125
0.049875
0.0436875
0.1224375
0.18925
0.2029375
0.2454375
0.1885
0.1353125
0.09
0.09025
0.182125
0.2368125
0.2805
0.261875
0.2154375
0.23725
0.221875
0.218625
0.206125
0.1359375
0.1200625
0.1140625
0.0673125
0.0538125
0.0385625
-0.011375
-0.02125
-0.02125
-0.02125
-0.02125
