-0.075625
-0.075625
-0.075625
-0.075625
-0.0775
-0.121875
-0.094375
-0.05125
-0.02
0.1075
0.140625
0.136875
0.17625
0.140625
0.21375
0.335625
0.37125
0.406875
0.31875
0.19375
0.100625
-0.0325
-0.07
-0.081875
-0.0975
-0.088125
-0.0925
-0.134375
-0.14
-0.10625
-0.129375
-0.128125
-0.130625
-0.1575
-0.095
-0.00875
0.060625
0.105625
0.080625
0.0325
-0.01625
-0.018125
0.0275
0.07
0.1125
0.135
0.1375
0.145
0.1525
0.155
0.155
0.174375
0.17
0.161875
0.140625
0.03625
-0.020625
-0.0725
-0.123125
-0.075625
-0.09125
-0.065625
-0.02625
-0.001875
0.123125
0.13875
0.175
0.169375
0.0625
0.039375
-0.030625
-0.08875
-0.101875
-0.113125
-0.114375
-0.12375
-0.135
-0.193125
-0.26625
-0.31125
-0.35
-0.28875
-0.1075
0.065
0.205625
0.221875
0.125625
0.01125
-0.0675
-0.090625
-0.115
-0.13875
-0.174375
-0.19625
-0.196875
-0.16875
-0.135625
-0.116875
-0.14
-0.1625
-0.166875
-0.13125
0.03875
0.193125
0.27625
0.280625
0.161875
0.045625
0.00125
0.00375
0.025
0.02875
-0.016875
-0.083125
-0.12125
-0.14375
-0.1425
-0.115625
-0.1175
-0.134375
-0.135625
-0.174375
-0.174375
-0.098125
-0.051875
0.03
0.063125
-5.20417042793e-18
-0.068125
-0.15875
-0.210625
-0.2275
-0.1925
-0.1475
-0.12
-0.088125
-0.075625
-0.06125
-0.033125
-0.04
-0.02875
-0.01625
-0.011875
0.06
0.031875
0.024375
-0.025
-0.10875
-0.12875
-0.179375
-0.176875
-0.19
-0.178125
-0.18875
-0.213125
-0.21375
-0.253125
-0.261875
-0.255
-0.256875
-0.205
-0.091875
0.0025
0.070625
0.091875
0.03
-0.040625
-0.0425
-0.031875
-0.03875
0.010625
-0.0125
-0.0125
0.06625
0.103125
0.151875
0.1775
0.183125
0.18625
0.205625
0.246875
0.23875
0.184375
0.174375
0.075625
-0.008125
-0.02125
-0.123125
-0.13875
-0.12375
-0.201875
-0.23625
-0.28875
-0.371875
-0.340625
-0.26125
-0.176875
-0.063125
0.025625
0.066875
0.11
0.13875
0.12625
0.081875
0.014375
-0.043125
-0.0575
-0.008125
0.05625
0.11125
0.12
0.074375
0.02875
-0.043125
-0.0675
-0.108125
-0.163125
-0.235625
-0.34125
-0.379375
-0.388125
-0.29375
-0.158125
-0.01875
0.116875
0.19125
0.201875
0.1775
0.141875
0.115
0.129375
0.124375
0.1225
0.145625
0.136875
0.151875
0.17125
0.15
0.19375
0.235625
0.24875
0.23
0.16875
0.0825
0.063125
0.07625
0.045625
0.0875
0.016875
-0.045625
-0.079375
-0.2075
-0.19375
-0.164375
-0.08125
0.04875
0.04875
0.016875
-0.0775
-0.17
-0.195625
-0.18375
-0.101875
-0.009375
0.114375
0.218125
0.25375
0.286875
0.276875
0.265625
0.253125
0.206875
0.105625
0.00125
-0.0375
-0.073125
-0.051875
-0.050625
-0.124375
-0.1575
-0.169375
-0.156875
-0.12375
-0.08625
-0.041875
0.000625
0.055625
0.086875
0.0575
0.02625
0.01875
-0.01375
0.015
0.0575
0.050625
0.068125
0.015
-0.0625
-0.115
-0.12375
-0.108125
-0.056875
0.009375
0.0425
0.13625
0.23125
0.32125
0.34625
0.28375
0.165
0.01125
-0.076875
-0.099375
-0.080625
-0.011875
0.035
0.01375
-0.029375
-0.098125
-0.145625
-0.10375
-0.00625
0.069375
0.108125
0.09
-0.019375
-0.08375
-0.060625
-0.03625
0.029375
0.03375
-0.07
-0.13875
-0.175625
-0.179375
-0.136875
-0.135625
-0.184375
-0.2275
-0.244375
-0.265
-0.24875
-0.188125
-0.1775
-0.10625
-0.07875
-0.118125
-0.10875
-0.139375
-0.1325
-0.104375
-0.11375
-0.135
-0.1675
-0.174375
-0.173125
-0.185625
-0.1475
-0.173125
-0.15375
-0.06875
-0.05375
0.061875
0.090625
0.11
0.134375
0.075
0.063125
-0.03375
-0.065625
-0.09875
-0.153125
-0.140625
-0.15125
-0.138125
-0.029375
0.04125
0.0675
0.105
0.0675
0.07125
0.08
0.045625
-0.031875
-0.125
-0.2075
-0.2375
-0.23625
-0.21
-0.176875
-0.165625
-0.143125
-0.16875
-0.169375
-0.12125
-0.06
0.03625
0.094375
0.058125
-0.001875
-0.085
-0.1675
-0.203125
-0.203125
-0.16875
-0.105
-0.034375
0.011875
0.0375
0.085
0.11875
0.141875
0.150625
0.09
0.05875
0.03875
0.03875
0.03875
0.03875
