-0.100625
-0.100625
-0.100625
-0.100625
-0.126875
-0.153125
-0.18375
-0.164375
-0.1675
-0.13375
-0.0925
-0.065
-0.0225
-0.026875
-0.03125
-0.048125
-0.060625
-0.0925
-0.104375
-0.11
-0.095625
-0.026875
0.01875
0.099375
0.1325
0.145
0.15
0.086875
0.06625
0.033125
0.025
0.051875
0.03625
0.045625
0.03125
0.031875
0.04125
0.023125
0.014375
-0.025
-0.0525
-0.0575
-0.05625
-0.043125
-0.025625
-0.039375
-0.05375
-0.061875
-0.069375
-0.0525
-0.013125
0.030625
0.08
0.119375
0.09875
0.056875
-0.011875
-0.0575
-0.065
-0.04125
0.003125
-0.00625
-0.023125
-0.066875
-0.10125
-0.074375
-0.0425
-0.009375
-0.0075
-0.005
-0.006875
0.00125
0.0275
-0.001875
-0.025625
-0.05625
-0.0525
-0.041875
-0.035
-0.0225
-0.07125
-0.078125
-0.08375
-0.090625
-0.074375
-0.079375
-0.08125
-0.07625
-0.070625
-0.045
-0.03125
-0.028125
-0.020625
-0.0475
-0.065
-0.081875
-0.101875
-0.088125
-0.076875
-0.029375
-2.60208521397e-18
0.000625
0.00625
-0.0475
-0.059375
-0.066875
-0.08125
-0.0775
-0.09375
-0.09625
-0.08875
-0.0725
-0.061875
-0.065
-0.0775
-0.09
-0.080625
-0.0475
-0.00375
0.043125
0.071875
0.069375
0.06375
0.0625
0.06125
0.08875
0.11125
0.130625
0.145
0.128125
0.1275
0.10375
0.071875
0.059375
-0.00375
-0.045
-0.065
-0.056875
0.005
0.063125
0.11
0.09375
0.046875
0.004375
-0.031875
-0.03375
0.001875
0.02625
0.04125
0.058125
0.04875
0.079375
0.115625
0.175
0.2
0.1625
0.129375
0.048125
0.019375
0.028125
0.04125
0.075625
0.086875
0.09
0.085
0.085
0.095
0.105
0.115
0.115
0.11
0.105
0.1
0.1
0.095
0.09
0.085
0.0675
0.055
0.0425
0.035
0.0575
0.071875
0.09125
0.105625
0.11875
0.14
0.14
0.123125
0.09
0.08625
0.100625
0.130625
0.145625
0.11
0.073125
0.039375
0.00625
0.015625
0.021875
0.029375
0.05375
0.056875
0.064375
0.065625
0.064375
0.030625
-0.000625
0.00375
0.01375
0.058125
0.124375
0.125625
0.111875
0.09625
0.024375
-0.015
-0.029375
-0.04375
0.001875
0.05375
0.078125
0.116875
0.095
0.059375
0.0625
0.0675
0.106875
0.17125
0.20875
0.2
0.181875
0.1625
0.113125
0.09125
0.1075
0.08125
0.0825
0.088125
0.030625
-0.0075
-0.026875
-0.03875
-0.02375
0.03125
0.056875
0.094375
0.118125
0.081875
0.05875
-0.01625
-0.05625
-0.05875
-0.031875
0.03
0.0825
0.11
0.07375
0.026875
-0.001875
-0.01875
0.016875
0.061875
0.080625
0.10125
0.085625
0.06375
0.016875
-0.02875
-0.021875
-0.011875
-0.00625
-0.001875
-0.046875
-0.11125
-0.121875
-0.119375
-0.11375
-0.053125
-0.01625
-0.005
0.018125
0.000625
-0.0225
-0.04125
-0.06
-0.095625
-0.106875
-0.06625
-0.029375
0.038125
0.038125
0.038125
0.038125
