0.25375
0.25375
0.25375
0.25375
0.24
0.216875
0.224375
0.229375
0.248125
0.26875
0.2775
0.273125
0.254375
0.245625
0.211875
0.201875
0.17125
0.140625
0.1525
0.15375
0.176875
0.2275
0.234375
0.230625
0.254375
0.250625
0.27875
0.33375
0.356875
0.374375
0.366875
0.35
0.345
0.3275
0.343125
0.3425
0.3075
0.30875
0.27125
0.25125
0.265
0.249375
0.266875
0.264375
0.2675
0.29875
0.29
0.29375
0.275
0.2225
0.20375
0.18375
0.169375
0.171875
0.166875
0.16625
0.184375
0.219375
0.254375
0.285
0.291875
0.27625
0.265
0.24125
0.229375
0.20125
0.18875
0.2125
0.250625
0.32125
0.34875
0.34375
0.299375
0.255625
0.2525
0.2725
0.318125
0.34375
0.351875
0.329375
0.29875
0.274375
0.259375
0.251875
0.2625
0.27875
0.259375
0.275625
0.27
0.278125
0.315
0.325625
0.33875
0.3275
0.3225
0.300625
0.30875
0.32875
0.326875
0.355625
0.33125
0.28375
0.244375
0.18
0.17125
0.17375
0.188125
0.228125
0.2375
0.26375
0.294375
0.283125
0.261875
0.23375
0.2
0.215625
0.250625
0.291875
0.336875
0.338125
0.35125
0.3425
0.298125
0.291875
0.246875
0.216875
0.23
0.22125
0.235625
0.259375
0.269375
0.2975
0.3275
0.351875
0.355625
0.346875
0.32875
0.301875
0.29
0.2825
0.283125
0.27125
0.264375
0.24875
0.245625
0.26
0.271875
0.27875
0.27
0.255625
0.255625
0.265
0.266875
0.27875
0.25
0.22375
0.22625
0.22
0.23875
0.260625
0.238125
0.21625
0.2325
0.244375
0.285
0.325625
0.30625
0.27125
0.229375
0.21
0.21375
0.24625
0.284375
0.301875
0.33
0.329375
0.335
0.34625
0.329375
0.345625
0.330625
0.280625
0.254375
0.20375
0.1875
0.23
0.26
0.304375
0.333125
0.308125
0.29125
0.24375
0.199375
0.179375
0.161875
0.170625
0.205625
0.26875
0.345
0.414375
0.45125
0.45375
0.44125
0.424375
0.39
0.34
0.258125
0.206875
0.17625
0.169375
0.195
0.1925
0.198125
0.2
0.205
0.19125
0.18
0.18625
0.174375
0.199375
0.214375
0.2
0.1975
0.189375
0.18625
0.196875
0.236875
0.256875
0.27125
0.308125
0.295625
0.3125
0.32625
0.284375
0.27375
0.225
0.1825
0.20625
0.224375
0.265
0.315
0.29875
0.263125
0.230625
0.195625
0.224375
0.26625
0.3225
0.365
0.36
0.34375
0.308125
0.27375
0.24375
0.235
0.22625
0.24
0.298125
0.33625
0.348125
0.3525
0.315
0.325
0.368125
0.386875
0.425625
0.41375
0.39
0.373125
0.32625
0.280625
0.25875
0.261875
0.2825
0.3325
0.3375
0.305625
0.2875
0.23875
0.22375
0.24125
0.234375
0.22875
0.210625
0.17875
0.164375
0.174375
0.21625
0.265
0.2975
0.3325
0.3375
0.32
0.33625
0.3175
0.2875
0.2725
0.225625
0.199375
0.175625
0.166875
0.165625
0.17125
0.200625
0.2225
0.24625
0.253125
0.2625
0.2475
0.23375
0.235
0.195625
0.175
0.15625
0.134375
0.13875
0.15625
0.17125
0.186875
0.214375
0.234375
0.248125
0.279375
0.285625
0.269375
0.275625
0.25625
0.26375
0.28625
0.270625
0.241875
0.194375
0.170625
0.17625
0.205625
0.24125
0.238125
0.241875
0.254375
0.264375
0.300625
0.30625
0.2925
0.281875
0.2525
0.23625
0.23125
0.238125
0.249375
0.26125
0.25625
0.23625
0.21375
0.203125
0.18875
0.189375
0.22375
0.25125
0.303125
0.313125
0.296875
0.275625
0.25625
0.279375
0.308125
0.33
0.34625
0.335625
0.309375
0.304375
0.288125
0.306875
0.31375
0.309375
0.29875
0.26
0.2525
0.24125
0.259375
0.2625
0.25625
0.264375
0.258125
0.29625
0.325
0.334375
0.316875
0.251875
0.208125
0.1725
0.18125
0.210625
0.225625
0.254375
0.245625
0.245
0.258125
0.243125
0.243125
0.2425
0.215625
0.211875
0.214375
0.208125
0.2375
0.25
0.245
0.263125
0.24375
0.241875
0.275
0.275625
0.293125
0.28875
0.26375
0.271875
0.29125
0.343125
0.38125
0.375625
0.338125
0.26625
0.2125
0.18125
0.183125
0.210625
0.226875
0.251875
0.2575
0.24875
0.245625
0.235625
0.239375
0.255
0.2875
0.319375
0.3525
0.380625
0.37125
0.38
0.369375
0.326875
0.299375
0.245625
0.216875
0.22125
0.251875
0.285625
0.291875
0.3125
0.31375
0.32625
0.350625
0.3325
0.326875
0.3025
0.285
0.30375
0.295
0.3125
0.334375
0.333125
0.33125
0.30125
0.2475
0.22125
0.225
0.27375
0.355625
0.403125
0.438125
0.439375
0.4275
0.429375
0.4225
0.416875
0.3725
0.33125
0.284375
0.213125
0.188125
0.185625
0.208125
0.276875
0.328125
0.3375
0.319375
0.265625
0.20875
0.168125
0.16375
0.191875
0.22625
0.29
0.311875
0.325
0.3725
0.3875
0.41875
0.425625
0.39375
0.365
0.341875
0.355
0.353125
0.354375
0.350625
0.321875
0.315625
0.3125
0.325625
0.35
0.385625
0.420625
0.424375
0.4025
0.345625
0.266875
0.205625
0.165
0.156875
0.1875
0.221875
0.255625
0.284375
0.261875
0.246875
0.23125
0.195
0.21125
0.195625
0.17125
0.17375
0.1425
0.144375
0.160625
0.18875
0.258125
0.311875
0.3625
0.359375
0.305
0.256875
0.21
0.199375
0.22875
0.255
0.280625
0.31
0.3225
0.325
0.30875
0.273125
0.220625
0.205
0.215625
0.2325
0.275625
0.274375
0.253125
0.225625
0.174375
0.14125
0.125
0.125625
0.165
0.213125
0.24875
0.305
0.3125
0.300625
0.33
0.30125
0.32125
0.351875
0.316875
0.338125
0.32625
0.306875
0.3325
0.331875
0.33875
0.35875
0.350625
0.336875
0.30125
0.256875
0.244375
0.233125
0.2725
0.314375
0.333125
0.34625
0.313125
0.3025
0.295
0.2975
0.323125
0.320625
0.31125
0.301875
0.3025
0.291875
0.29875
0.314375
0.296875
0.294375
0.29625
0.27625
0.26625
0.258125
0.2125
0.193125
0.19625
0.218125
0.260625
0.28125
0.301875
0.286875
0.27875
0.273125
0.24
0.25
0.27
0.290625
0.334375
0.325
0.278125
0.24625
0.190625
0.17375
0.21
0.23
0.27875
0.32125
0.334375
0.36125
0.378125
0.38375
0.366875
0.354375
0.32375
0.278125
0.25125
0.198125
0.14625
0.150625
0.161875
0.194375
0.265625
0.291875
0.31375
0.323125
0.2875
0.26125
0.24125
0.25125
0.284375
0.29
0.28375
0.236875
0.183125
0.170625
0.158125
0.1625
0.189375
0.195625
0.2175
0.2325
0.2275
0.235625
0.249375
0.290625
0.324375
0.345625
0.343125
0.325625
0.30625
0.31375
0.34
0.349375
0.37625
0.365625
0.335625
0.325625
0.299375
0.2925
0.28375
0.2575
0.253125
0.234375
0.235
0.253125
0.24
0.2475
0.269375
0.265625
0.296875
0.3225
0.323125
0.354375
0.3625
0.36125
0.339375
0.298125
0.240625
0.18375
0.17125
0.155625
0.195
0.26625
0.30625
0.350625
0.335625
0.3
0.275
0.254375
0.280625
0.268125
0.27875
0.29125
0.26625
0.29625
0.276875
0.258125
0.2675
0.26375
0.28875
0.299375
0.29
0.278125
0.264375
0.284375
0.30875
0.323125
0.350625
0.336875
0.341875
0.350625
0.355
0.411875
0.441875
0.449375
0.42125
0.35625
0.306875
0.29125
0.3
0.280625
0.2675
0.243125
0.245
0.290625
0.316875
0.325
0.28625
0.255625
0.235
0.25625
0.3125
0.324375
0.323125
0.298125
0.274375
0.288125
0.348125
0.394375
0.40375
0.386875
0.328125
0.283125
0.275
0.28
0.29125
0.325625
0.3325
0.34375
0.34625
0.311875
0.288125
0.274375
0.291875
0.31
0.348125
0.355
0.324375
0.324375
0.301875
0.3225
0.358125
0.3575
0.37375
0.36375
0.37625
0.429375
0.446875
0.4275
0.370625
0.268125
0.19
0.181875
0.191875
0.2225
0.2575
0.25375
0.24875
0.25625
0.268125
0.258125
0.24875
0.230625
0.195625
0.225
0.24125
0.27625
0.305625
0.28875
0.298125
0.265625
0.250625
0.21875
0.174375
0.175
0.17875
0.229375
0.27875
0.3
0.33125
0.3475
0.361875
0.37625
0.36
0.338125
0.32125
0.296875
0.294375
0.278125
0.27375
0.2825
0.283125
0.31125
0.304375
0.319375
0.3225
0.315
0.34875
0.34625
0.35625
0.345625
0.31
0.295625
0.293125
0.3225
0.34375
0.3625
0.373125
0.355
0.371875
0.38
0.365
0.36
0.309375
0.263125
0.26375
0.293125
0.34875
0.394375
0.4025
0.38625
0.376875
0.38625
0.414375
0.413125
0.38
0.33
0.2475
0.199375
0.205
0.22125
0.246875
0.269375
0.2375
0.188125
0.18
0.186875
0.21875
0.28625
0.320625
0.3475
0.371875
0.38125
0.385
0.353125
0.311875
0.2375
0.196875
0.185625
0.216875
0.303125
0.335
0.36375
0.359375
0.30875
0.319375
0.3325
0.33625
0.35125
0.339375
0.330625
0.340625
0.37
0.386875
0.398125
0.376875
0.358125
0.34
0.323125
0.3525
0.3675
0.405625
0.433125
0.43375
0.434375
0.4075
0.40375
0.379375
0.358125
0.353125
0.308125
0.28
0.225
0.155
0.11125
0.10125
0.11875
0.15375
0.18875
0.17875
0.1675
0.14375
0.14625
0.191875
0.24625
0.31375
0.350625
0.34375
0.32875
0.3025
0.26625
0.263125
0.238125
0.245
0.268125
0.273125
0.31125
0.304375
0.298125
0.300625
0.28875
0.32375
0.3675
0.39
0.41125
0.378125
0.318125
0.2975
0.266875
0.260625
0.27
0.25125
0.27
0.3125
0.36
0.39875
0.375625
0.30125
0.22125
0.17
0.18375
0.2475
0.3
0.3475
0.33625
0.295625
0.29625
0.264375
0.27375
0.28
0.22625
0.195625
0.150625
0.125
0.151875
0.195625
0.24
0.28125
0.311875
0.305625
0.32
0.318125
0.285625
0.275625
0.2325
0.221875
0.23875
0.2675
0.30625
0.326875
0.32625
0.31125
0.31125
0.31125
0.31125
