0.85875
0.85875
0.85875
0.85875
0.85
0.883125
0.878125
0.845625
0.849375
0.825625
0.828125
0.8475
0.82375
0.818125
0.81375
0.8275
0.846875
0.870625
0.865625
0.876875
0.92
0.986875
1.09125
1.136875
1.19875
1.215625
1.204375
1.195625
1.08875
1.01
0.930625
0.8775
0.904375
0.900625
0.92875
0.923125
0.899375
0.9375
0.95125
1.01
1.08625
1.103125
1.101875
1.100625
1.060625
1.026875
1.055
1.026875
1.010625
1.005625
0.93875
0.935625
0.94875
0.9725
1.025
1.03375
1.034375
1.0275
0.98375
1.0075
1.023125
1.0525
1.17125
1.19
1.245
1.245625
1.135625
1.088125
0.98375
0.918125
0.904375
0.856875
0.84
0.833125
0.83125
0.8475
0.861875
0.87375
0.858125
0.858125
0.87375
0.88375
0.955
1.00375
1.00875
0.99
0.919375
0.8575
0.846875
0.884375
0.925625
0.99125
1.03125
1.0175
1.03
1.00875
0.98875
1.00625
0.964375
0.949375
0.935625
0.94375
1.00625
1.043125
1.059375
1.0175
0.97
0.973125
1.009375
1.080625
1.123125
1.0625
0.978125
0.86625
0.80375
0.804375
0.836875
0.876875
0.858125
0.866875
0.895
0.93375
1.026875
1.101875
1.104375
1.119375
1.11
1.0525
0.999375
0.9625
0.904375
0.9025
0.9575
1.003125
1.068125
1.10625
1.1075
1.07
1.034375
1.005
0.97375
0.920625
0.869375
0.87
0.893125
0.97
1.043125
1.046875
1.015
0.97875
0.985625
0.970625
0.99125
0.985
0.916875
0.9025
0.863125
0.853125
0.86375
0.849375
0.8475
0.8225
0.789375
0.808125
0.855625
0.956875
1.05375
1.084375
1.068125
0.99
0.94625
0.929375
0.943125
1.0175
1.07625
1.12375
1.164375
1.12625
1.076875
1.0375
0.975
0.95
0.92875
0.919375
0.936875
0.956875
0.978125
1.00125
1.005
1.025
1.04625
1.060625
1.0975
1.116875
1.111875
1.095625
1.05625
0.999375
0.9875
0.986875
1.013125
1.03375
1.039375
1.051875
1.019375
1.02375
0.99125
0.928125
0.904375
0.883125
0.91375
0.95875
1.005625
1.028125
1.053125
1.090625
1.0925
1.0925
1.0425
0.96625
0.92375
0.92375
0.92375
0.92375
