0.0463992974239
0.0463992974239
0.0463992974239
0.0463992974239
0.0327137002342
0.0192476580796
0.0180766978923
0.0316159250585
0.0455210772833
0.0594262295081
0.0456674473067
0.0463261124122
0.0461065573771
0.0469115925059
0.0758196721312
0.0758928571429
0.090456674473
0.102971311475
0.102678571428
0.117827868852
0.104069086651
0.0913348946136
0.0776492974239
0.0624268149883
0.0621340749414
0.0628659250585
0.0491071428571
0.0491071428571
0.0630122950819
0.0748682669788
0.100995316159
0.100117096019
0.0707699063231
0.0424473067915
0.014856557377
0.00204918032787
0.00358606557378
0.00512295081968
0.00563524590165
0.00461065573772
0.00358606557378
0.00256147540984
0.00204918032787
0.0015368852459
0.00102459016394
0.00139051522248
0.0155152224824
0.0301522248243
0.0447892271662
0.0578893442622
0.043837822014
0.0297862997657
0.0159543325527
0.00256147540984
0.00219555035129
0.00182962529274
0.00102459016393
0.000439110070258
0.000219555035129
0.0
0.000512295081968
0.0015368852459
0.00256147540984
0.00409836065574
0.00483021077284
0.004537470726
0.00424473067916
0.00292740046839
0.00248829039813
0.00256147540984
0.00365925058549
0.0052693208431
0.00651346604217
0.0082699063232
0.00797716627637
0.0081967213115
0.00717213114755
0.00512295081968
0.00409836065574
0.00204918032787
0.00102459016394
0.000512295081968
0.00102459016394
0.00307377049181
0.00512295081969
0.0081967213115
0.00958723653399
0.00958723653399
0.00958723653399
0.00958723653399
