0.080625
0.080625
0.080625
0.080625
0.170625
0.174375
0.17
0.13625
0.08625
0.100625
0.149375
0.198125
0.255
0.26625
0.2475
0.22875
0.220625
0.23125
0.2125
0.170625
0.093125
0.01875
-0.024375
-0.02125
0.031875
0.085
0.129375
0.140625
0.10375
0.0575
0.0525
0.038125
0.045
0.058125
-0.011875
-0.059375
-0.105625
-0.153125
-0.105625
-0.060625
-0.02
0.041875
0.06
0.073125
0.084375
0.056875
-0.003125
-0.03125
-0.045
-0.035625
0.023125
0.026875
0.053125
0.069375
0.0475
0.055625
0.010625
-0.00875
-0.0175
-0.00125
0.050625
0.090625
0.146875
0.149375
0.126875
0.069375
0.005625
-0.043125
-0.085625
-0.095
-0.11625
-0.11375
-0.10125
-0.095
-0.064375
-0.050625
-0.044375
-0.04125
-0.031875
0.01125
0.06125
0.140625
0.164375
0.128125
0.085
-0.0075
-0.050625
-0.061875
-0.064375
-0.03125
0.010625
0.055
0.05875
0.023125
-0.065625
-0.158125
-0.180625
-0.16875
-0.1075
-0.069375
-0.0625
-0.070625
-0.1175
-0.095
-0.075625
-0.01125
0.05375
0.014375
-0.029375
-0.159375
-0.25125
-0.224375
-0.165625
-0.04375
0.063125
0.079375
0.019375
-0.05125
-0.124375
-0.166875
-0.141875
-0.119375
-0.09875
-0.07875
-0.0475
-0.018125
0.004375
0.033125
0.02125
0.03
0.038125
0.025625
0.031875
-0.009375
-0.031875
-0.063125
-0.129375
-0.14125
-0.164375
-0.13375
-0.046875
0.02375
0.118125
0.18625
0.199375
0.176875
0.1025
0.046875
0.0425
0.058125
0.105
0.12125
0.0825
0.05375
0.019375
-0.0225
-0.030625
-0.048125
-0.035625
-0.008125
0.009375
0.058125
0.081875
0.130625
0.166875
0.13
0.0675
-0.050625
-0.150625
-0.185625
-0.176875
-0.13
-0.06375
-0.01125
-0.006875
-0.0125
-0.03125
-0.0675
-0.04625
-0.02
-0.00625
0.028125
0.006875
0.00625
0.00375
-0.008125
0.00625
-0.025625
-0.039375
-0.051875
-0.050625
-0.003125
0.03875
0.080625
0.095625
0.0875
0.06875
0.02
-0.018125
-0.08375
-0.144375
-0.124375
-0.1025
-0.063125
-0.021875
-0.044375
-0.07125
-0.076875
-0.0825
-0.054375
0.0075
0.055
0.13125
0.140625
0.083125
0.058125
0.00375
0.019375
0.11
0.145
0.156875
0.1325
0.06
0.04
0.02875
0.01875
0.006875
-0.06875
-0.1225
-0.126875
-0.11875
-0.04625
0.02125
0.03375
0.041875
0.023125
0.029375
0.050625
0.07375
0.096875
0.069375
0.05
0.033125
0.01625
0.01625
0.033125
0.050625
0.055625
0.09375
0.079375
0.070625
0.086875
0.06875
0.08625
0.095625
0.078125
0.04875
0.01125
-0.0225
-0.044375
-0.046875
-0.046875
-0.046875
-0.046875
