0.00375
0.00375
0.00375
0.00375
0.208125
0.21875
0.351875
0.54625
0.473125
0.65
0.54875
0.289375
0.314375
0.109375
0.0675
0.159375
-0.008125
-0.079375
-0.04625
-0.123125
-0.090625
0.0425
-0.08375
-0.124375
-0.068125
-0.17
-0.00125
0.244375
0.3025
0.506875
0.463125
0.216875
0.110625
-0.17625
-0.364375
-0.475625
-0.656875
-0.730625
-0.7825
-0.74875
-0.62125
-0.465
-0.31875
-0.15375
-0.086875
0.08625
0.285
0.27
0.291875
0.0375
-0.24375
-0.376875
-0.436875
-0.34625
-0.27625
-0.10125
-0.06875
-0.043125
0.046875
0.021875
0.0625
0.100625
0.07625
-0.090625
-0.136875
-0.05375
0.079375
0.375625
0.438125
0.241875
0.000625
-0.290625
-0.428125
-0.460625
-0.331875
-0.166875
0.045625
0.306875
0.295
0.285625
0.070625
-0.16875
-0.27375
-0.403125
-0.423125
-0.443125
-0.4575
-0.329375
-0.211875
0.035
0.24125
0.18625
0.225
-0.011875
-0.20375
-0.258125
-0.445
-0.395625
-0.35875
-0.34375
-0.24875
-0.32875
-0.32375
-0.305
-0.22625
0.070625
0.1975
0.33
0.431875
0.27375
0.183125
0.154375
-0.060625
-0.07
0.08875
0.241875
0.515625
0.766875
0.729375
0.5375
0.391875
0.17625
0.09875
0.15
0.16125
0.070625
0.1125
0.015625
-0.065
-0.03
-0.24875
-0.3275
-0.399375
-0.505625
-0.355625
-0.121875
0.1
0.46375
0.563125
0.40625
0.225
-0.1425
-0.25125
-0.1025
0.224375
0.61875
0.751875
0.71875
0.385625
0.15375
0.026875
-0.16375
-0.220625
-0.47
-0.53375
-0.49
-0.41625
-0.245
-0.28875
-0.18125
-0.00625
0.19625
0.4975
0.66
0.668125
0.663125
0.629375
0.45375
0.34375
0.35625
0.2625
0.28625
0.308125
0.034375
-0.200625
-0.375
-0.465
-0.2275
0.21
0.5375
0.713125
0.60375
0.21875
0.040625
-0.07625
0.049375
0.43375
0.555
0.665625
0.655
0.385625
0.303125
0.275
0.115
0.20125
0.110625
0.12
0.385
0.404375
0.57375
0.4475
0.064375
-0.04875
-0.095625
0.02625
0.36625
0.565
0.535625
0.51875
0.465
0.355
0.48375
0.73625
0.795
0.95375
0.913125
0.585
0.426875
0.09125
-0.20125
-0.263125
-0.22
-0.038125
0.25375
0.509375
0.500625
0.506875
0.364375
0.061875
-0.09625
-0.299375
-0.45875
-0.436875
-0.326875
-0.180625
0.099375
0.2075
0.184375
0.14375
-0.100625
-0.08375
0.02875
0.28875
0.758125
0.9275
0.89375
0.71875
0.464375
0.34625
0.496875
0.6475
0.644375
0.64625
0.4025
0.1025
-0.010625
-0.12375
0.005
0.24625
0.36
0.6075
0.73125
0.669375
0.703125
0.601875
0.50875
0.515625
0.6225
0.598125
0.5375
0.533125
0.258125
0.261875
0.1925
0.228125
0.416875
0.295625
0.405
0.32625
0.21875
0.43875
0.516875
0.69375
0.9775
1.085
1.06375
0.87875
0.50125
0.0025
-0.365
-0.5325
-0.568125
-0.4875
-0.374375
-0.28375
-0.155
-0.00875
0.124375
0.20125
0.1375
0.108125
0.20125
0.281875
0.570625
0.8225
0.92875
1.0475
0.89
0.866875
0.85875
0.704375
0.8325
0.69375
0.43125
0.4175
0.10875
-0.05125
0.03375
-0.053125
0.1675
0.341875
0.398125
0.64125
0.59875
0.613125
0.501875
0.16
-0.076875
-0.20875
-0.219375
-0.130625
0.135625
0.21625
0.364375
0.515
0.39125
0.3675
0.184375
0.0175
0.10625
0.0225
0.05875
0.09
-0.169375
-0.17125
-0.239375
-0.3125
-0.068125
-0.069375
0.001875
0.078125
-0.13375
-0.099375
-0.02625
0.034375
0.34125
0.4625
0.435
0.516875
0.48625
0.421875
0.556875
0.535625
0.371875
0.388125
0.1475
-0.05875
0.006875
-0.12
0.019375
0.268125
0.26375
0.356875
0.3125
0.091875
-0.0125
0.039375
-0.033125
0.0475
0.1025
-0.1275
-0.1
-0.13375
-0.104375
0.205
0.244375
0.32
0.326875
0.03375
-0.020625
-0.116875
-0.16125
0.101875
0.2025
0.370625
0.65375
0.6575
0.718125
0.575625
0.314375
0.158125
0.13125
0.386875
0.47
0.585
0.433125
0.08375
-0.01
-0.13875
-0.109375
-0.02375
-0.114375
-0.16375
-0.21375
-0.2075
-0.073125
0.0925
0.229375
0.25375
0.180625
0.005
-0.133125
-0.305
-0.41625
-0.459375
-0.53875
-0.438125
-0.36125
-0.29875
-0.091875
0.08125
0.379375
0.68
0.85625
0.8225
0.5825
0.469375
0.20125
0.226875
0.335
0.22125
0.324375
0.1425
-0.038125
-0.16875
-0.408125
-0.351875
-0.15875
0.0825
0.371875
0.51875
0.539375
0.554375
0.558125
0.54125
0.389375
0.220625
0.060625
-0.13625
-0.145625
-0.126875
0.0125
0.104375
0.07125
0.148125
0.016875
0.00625
0.084375
0.055
0.11
0.155
0.203125
0.2375
0.364375
0.445
0.630625
0.675
0.61875
0.74875
0.618125
0.75625
0.9025
0.8025
0.91625
0.78125
0.654375
0.7
0.581875
0.711875
0.6925
0.605625
0.615625
0.414375
0.341875
0.24875
0.216875
0.215625
0.380625
0.420625
0.28
0.204375
-0.17125
-0.39375
-0.476875
-0.444375
-0.260625
0.024375
0.409375
0.54375
0.679375
0.69375
0.5625
0.565625
0.6975
0.688125
0.5525
0.40625
0.06875
-0.14
-0.0675
-0.00875
0.036875
0.15625
0.005625
-0.01
0.023125
-0.06625
-0.044375
-0.27625
-0.34125
-0.320625
-0.245
-0.036875
0.025
0.028125
-0.04875
-0.114375
-0.33375
-0.484375
-0.56375
-0.519375
-0.1675
0.25125
0.7625
1.13875
1.22
1.093125
0.726875
0.219375
-0.0675
-0.27125
-0.354375
-0.286875
-0.329375
-0.324375
-0.200625
0.045625
0.28
0.504375
0.559375
0.474375
0.566875
0.766875
0.93625
1.000625
0.868125
0.614375
0.420625
0.3075
0.225625
-0.02
-0.106875
-0.06375
-0.029375
0.18625
0.129375
-0.030625
-0.031875
0.095625
0.409375
0.644375
0.65125
0.365625
-0.010625
-0.285625
-0.471875
-0.365625
-0.228125
-0.034375
0.156875
0.201875
0.24625
0.2175
0.21625
0.215
0.229375
0.2075
0.339375
0.37875
0.5325
0.65625
0.475
0.34375
-0.044375
-0.32875
-0.413125
-0.46125
-0.37
-0.35375
-0.355
-0.35
-0.348125
-0.15
-0.078125
0.135
0.341875
0.24375
0.325625
0.1125
-0.01875
0.013125
0.01125
0.195625
0.21625
0.208125
0.14375
0.10625
0.13625
0.1875
0.23875
0.2925
0.390625
0.4575
0.3925
0.124375
-0.185
-0.4725
-0.6425
-0.538125
-0.436875
-0.335625
-0.205625
-0.321875
-0.391875
-0.4375
-0.500625
-0.421875
-0.390625
-0.418125
-0.47125
-0.553125
-0.524375
-0.4325
-0.148125
0.09375
0.146875
0.174375
-0.103125
-0.344375
-0.38625
-0.391875
-0.115
0.155625
0.22625
0.341875
0.31625
0.33125
0.43875
0.41375
0.2475
0.0375
-0.140625
-0.34375
-0.418125
-0.476875
-0.4925
-0.440625
-0.284375
-0.128125
-0.13375
0.00125
-0.019375
0.00875
0.14125
-0.0025
-0.0825
-0.180625
-0.31375
-0.285625
-0.224375
-0.278125
-0.2075
-0.1675
-0.068125
0.120625
0.213125
0.284375
0.255
0.240625
0.118125
0.045
-0.170625
-0.44875
-0.479375
-0.506875
-0.23875
0.081875
0.141875
0.160625
-0.093125
-0.203125
-0.068125
0.08
0.496875
0.61375
0.4425
0.370625
0.025625
-0.173125
-0.200625
-0.421875
-0.379375
-0.331875
-0.296875
0.00375
0.01875
0.15625
0.29375
0.21125
0.38
0.3
0.36625
0.415625
0.41
0.6325
0.57375
0.689375
0.77625
0.691875
0.8775
0.99
0.956875
0.934375
0.655625
0.2025
0.013125
-0.11125
-0.125
0.15375
0.159375
0.280625
0.544375
0.515625
0.634375
0.5025
0.1825
0.146875
0.11875
0.216875
0.28625
0.225625
0.225625
0.225625
0.225625
