0.8944375
0.8944375
0.8944375
0.8944375
0.89325
0.9268125
0.9478125
0.961
1.008625
0.967375
0.942875
0.934
0.9028125
0.9288125
0.9463125
0.9505625
0.93675
0.9144375
0.8875625
0.886125
0.897
0.899375
0.933
0.97225
1.0151875
1.0696875
1.0975
1.0996875
1.0996875
1.0975
1.068625
1.03975
1.037
1.0600625
1.105875
1.133625
1.1191875
1.0780625
1.0639375
1.04575
1.073375
1.070375
1.0251875
0.9943125
0.9091875
0.8629375
0.8805625
0.9359375
1.018875
1.1125625
1.11675
1.060375
1.049625
0.992625
0.9795
1.0200625
1.015
1.0371875
1.0571875
1.0426875
0.98775
0.9335
0.885375
0.8370625
0.8291875
0.8284375
0.824625
0.8409375
0.8575
0.85775
0.8631875
0.860125
0.8568125
0.862
0.85375
0.84525
0.839875
0.84275
0.8569375
0.871375
0.8710625
0.8581875
0.8698125
0.87625
0.895
0.9180625
0.8945625
0.892375
0.9375
1.027375
1.1285625
1.2026875
1.188375
1.1036875
1.053375
1.0096875
0.9981875
0.9923125
0.9330625
0.87725
0.8569375
0.8753125
0.9195
0.9735
0.98125
0.9598125
0.940125
0.911125
0.901375
0.9100625
0.9224375
0.9489375
0.9779375
0.9880625
0.987375
0.9591875
0.9255
0.9186875
0.924125
0.9433125
0.9809375
0.9896875
0.98725
0.97625
0.9284375
0.9015
0.87975
0.88525
0.9360625
0.9828125
1.05375
1.09275
1.081
1.091
1.0768125
1.067375
1.103
1.0665625
1.0259375
1.018
0.9754375
0.980125
0.969875
0.933
0.91225
0.887625
0.9088125
0.91375
0.92725
0.9744375
0.9725625
0.99025
0.996
0.9405
0.9021875
0.88325
0.860125
0.87925
0.909
0.89825
0.894375
0.8711875
0.837125
0.8224375
0.8166875
0.8146875
0.818125
0.846625
0.858625
0.8745625
0.9180625
0.9331875
0.9838125
1.083125
1.1729375
1.2469375
1.315125
1.3165625
1.2595
1.2233125
1.128625
1.029625
0.970625
0.9150625
0.8965625
0.892875
0.884875
0.8759375
0.8584375
0.850875
0.8680625
0.8680625
0.8680625
0.8680625
