1.20625
1.20625
1.20625
1.20625
1.179375
1.0975
1.015625
0.9525
0.90875
0.92
0.941875
0.93
0.87
0.841875
0.806875
0.815625
0.895
0.9425
1.00875
1.065
1.07
1.043125
0.974375
0.924375
0.875625
0.88625
0.9375
0.966875
1.0525
1.095625
1.115625
1.119375
1.06875
1.048125
1.013125
1.00125
1.01
1.008125
1.040625
1.085
1.128125
1.175
1.165
1.133125
1.086875
1.05125
1.054375
1.044375
1.02375
0.925625
0.843125
0.77375
0.750625
0.811875
0.87875
0.991875
1.070625
1.098125
1.078125
0.990625
0.9125
0.895
0.9075
0.9475
0.986875
0.986875
0.983125
0.99875
0.99875
0.985
0.968125
0.9
0.868125
0.876875
0.914375
1.02375
1.090625
1.1
1.043125
0.938125
0.869375
0.835625
0.84625
0.873125
0.883125
0.933125
0.995
1.03625
1.09375
1.0875
1.05
1.0375
0.983125
0.97625
0.99625
1.00375
1.085
1.134375
1.181875
1.189375
1.104375
1.008125
0.873125
0.778125
0.74875
0.72625
0.7575
0.819375
0.838125
0.9225
0.956875
0.94625
0.99125
0.9425
0.925625
0.946875
0.928125
0.9775
1.020625
1.0
0.98125
0.935
0.935
0.983125
1.024375
1.038125
1.0
0.9775
0.968125
1.026875
1.065
1.055625
1.070625
1.031875
1.000625
1.02
0.978125
0.909375
0.86375
0.781875
0.76375
0.798125
0.815625
0.87
0.883125
0.924375
0.990625
1.001875
1.045625
1.04875
1.026875
1.023125
0.986875
0.8975
0.87375
0.85125
0.85375
0.943125
0.95375
1.023125
1.0675
1.07125
1.085625
1.049375
1.046875
1.055
1.078125
1.050625
1.0025
0.945625
0.91125
0.931875
0.923125
0.9
0.831875
0.759375
0.72375
0.70125
0.720625
0.759375
0.81625
0.891875
0.924375
0.905625
0.86375
0.824375
0.8375
0.9225
1.005
1.081875
1.12375
1.1175
1.088125
1.0525
1.045625
1.02125
1.023125
1.01875
0.97875
0.995
1.0175
1.0125
1.0075
0.966875
0.901875
0.888125
0.876875
0.83875
0.824375
0.8025
0.78125
0.808125
0.850625
0.85625
0.89625
0.91625
0.8825
0.88375
0.83
0.78
0.800625
0.790625
0.864375
0.938125
0.931875
0.936875
0.8725
0.823125
0.81375
0.84625
0.91125
0.98875
1.10625
1.188125
1.228125
1.225625
1.149375
1.101875
1.0525
1.015
1.031875
1.003125
1.009375
0.998125
0.979375
0.966875
0.939375
0.91625
0.8675
0.835625
0.843125
0.873125
0.94125
1.013125
1.029375
1.068125
1.040625
0.965
0.91125
0.819375
0.763125
0.77875
0.83
0.873125
0.966875
1.05
1.075625
1.110625
1.046875
0.92125
0.835
0.79375
0.8375
0.94125
1.025
1.075
1.12
1.11375
1.12125
1.1175
1.06
1.065
1.05125
1.0725
1.12875
1.160625
1.208125
1.22875
1.231875
1.22375
1.188125
1.11
1.023125
0.921875
0.86625
0.89
0.978125
1.073125
1.106875
1.084375
0.965
0.874375
0.833125
0.8175
0.8975
0.976875
1.04375
1.1175
1.120625
1.07625
1.053125
0.98
0.945
0.976875
1.006875
1.0575
1.063125
1.015
1.015
1.015
1.015
