7.1125
7.1125
7.1125
7.1125
7.89375
7.75
6.8125
5.975
5.2625
5.375
5.95
6.18125
6.53125
6.2
6.14375
6.26875
6.175
6.1375
5.3625
4.50625
3.9625
3.61875
3.59375
3.73125
3.675
3.875
4.6375
5.31875
6.1625
6.45
5.84375
5.1375
4.38125
4.5
5.2125
6.08125
6.75625
6.45625
5.86875
5.5
5.25
5.2625
5.46875
5.18125
4.9625
5.45625
5.93125
6.5125
6.95625
6.5875
6.33125
6.3625
6.88125
7.44375
7.2625
7.24375
6.5625
6.13125
6.4125
5.95625
5.6
5.43125
5.04375
5.05625
5.28125
5.25
5.36875
5.475
5.60625
5.96875
6.25
6.5
6.4625
6.0125
5.55
5.35625
5.25
5.35
5.3125
4.70625
4.2125
3.71875
3.45625
3.8625
4.83125
6.00625
7.0875
7.69375
7.50625
6.6625
5.9125
5.3
4.66875
4.4875
4.2375
4.23125
4.6875
5.18125
5.5
5.2875
4.73125
4.09375
4.0
4.6875
5.49375
6.8
7.45625
7.21875
6.95625
5.78125
5.325
5.2
5.29375
6.3
6.45625
6.7375
7.10625
6.7875
7.26875
8.15625
8.28125
8.6
8.025
6.4875
5.5375
4.44375
4.3375
4.85625
5.43125
6.15625
5.9875
5.70625
5.1875
4.78125
4.69375
4.5125
4.75625
5.31875
5.95
7.16875
7.65
7.3375
7.19375
6.0625
5.33125
5.20625
5.03125
5.26875
5.6375
5.725
5.45625
5.6625
5.7375
5.95
6.4125
6.1
6.05625
6.125
6.2625
6.89375
6.775
6.025
5.10625
4.34375
4.54375
5.23125
6.53125
7.74375
8.075
8.38125
7.8375
6.7125
5.89375
5.125
4.5375
4.25625
4.35625
4.3375
4.575
4.94375
4.81875
4.875
4.775
4.6125
4.66875
4.3875
4.38125
4.48125
4.96875
5.88125
6.80625
7.56875
7.4375
6.90625
5.65
4.75
4.325
4.14375
4.55
4.70625
4.94375
5.525
6.4125
6.9625
7.5
7.40625
6.9125
6.825
6.525
6.41875
5.9125
5.2
4.73125
4.16875
3.99375
3.95
4.0375
4.09375
4.125
4.21875
4.36875
5.24375
6.4
7.4875
7.90625
7.49375
6.63125
5.90625
5.58125
5.525
6.0875
6.75
7.4
8.31875
8.575
8.18125
8.2125
7.5625
7.0125
7.08125
6.50625
6.35625
6.55
6.36875
6.2375
6.0375
5.85
5.8875
6.06875
6.3625
5.99375
5.64375
5.38125
5.00625
4.96875
4.4625
3.825
3.21875
2.90625
3.2875
4.23125
5.28125
6.14375
6.7625
6.9
6.8625
6.98125
6.98125
6.64375
6.89375
6.86875
6.725
6.85625
6.49375
6.16875
6.14375
6.1
5.65625
5.4
5.0125
4.95625
5.2875
5.43125
5.28125
4.71875
4.16875
4.025
4.46875
5.13125
5.8125
5.9625
5.6875
5.69375
5.68125
6.2875
7.0875
7.55
8.2
8.05625
7.9375
7.41875
6.51875
6.06875
5.38125
5.09375
5.4
5.475
5.65
5.8125
5.2375
5.35
5.5625
5.99375
6.64375
6.44375
6.3625
5.86875
5.7
5.64375
5.25625
5.09375
4.975
5.30625
5.85625
6.44375
6.78125
6.81875
6.90625
7.275
7.1625
7.05625
6.61875
5.50625
4.95625
4.54375
4.60625
5.1125
5.66875
6.3
6.39375
6.2125
6.16875
6.04375
6.3625
6.79375
6.475
5.9
5.325
5.03125
5.7
6.55
7.0875
7.06875
6.11875
5.25625
4.55
4.50625
4.96875
5.2125
5.39375
5.01875
4.73125
4.66875
4.65625
4.925
4.90625
4.8125
4.80625
4.80625
5.34375
6.26875
6.88125
7.5625
7.35625
6.275
5.66875
5.1375
5.4125
6.15625
6.4375
6.175
5.33125
4.58125
4.61875
5.08125
5.76875
6.30625
6.05
5.95625
6.21875
7.03125
7.85625
7.95
7.64375
6.4
5.64375
5.66875
5.78125
6.625
7.15
7.21875
7.1625
6.675
6.46875
6.4875
6.625
7.25625
7.31875
7.1
6.775
5.7
5.11875
4.81875
4.875
5.275
5.2875
5.08125
4.63125
4.48125
4.51875
5.26875
5.875
6.1
6.64375
6.44375
6.3875
6.30625
5.61875
4.84375
4.08125
3.8875
4.04375
4.6875
5.71875
6.0875
6.59375
6.93125
6.41875
6.225
5.875
5.3875
5.34375
5.41875
5.41875
5.2125
5.2875
5.0125
4.74375
4.81875
4.8
4.975
5.51875
6.06875
5.925
5.9
5.34375
4.7875
5.075
5.1
5.36875
5.46875
4.85625
4.54375
4.20625
4.15625
4.7125
4.93125
5.175
5.33125
5.2625
5.53125
6.00625
6.13125
6.19375
5.8625
5.49375
5.44375
5.45625
5.6375
5.14375
4.4875
3.71875
2.94375
2.81875
2.86875
3.20625
3.78125
3.975
4.325
4.60625
4.93125
5.5625
5.74375
5.65
5.51875
5.5375
5.875
6.3
6.29375
5.85625
5.54375
5.79375
6.13125
6.70625
6.68125
5.6125
4.71875
3.99375
3.8125
4.35625
4.725
4.75625
4.6875
4.45625
4.68125
5.0375
5.21875
5.35
4.9625
4.575
4.3
4.1875
4.23125
4.275
4.2875
3.9625
3.75625
3.4875
3.31875
3.425
3.65625
4.35
4.9875
5.90625
6.50625
6.5
6.43125
6.2125
6.61875
7.0375
7.95625
8.29375
7.7
7.43125
6.7125
6.39375
6.575
6.33125
5.90625
5.54375
5.05
5.075
5.05
5.11875
5.56875
5.73125
6.30625
6.725
6.75625
6.85
6.725
6.3
6.23125
6.15
6.375
6.9
6.70625
6.48125
5.59375
5.1875
5.34375
5.54375
6.13125
6.00625
5.69375
5.34375
4.90625
4.53125
4.375
4.29375
4.56875
5.0125
5.125
5.65625
5.925
6.4125
7.13125
6.99375
7.0875
6.73125
6.33125
6.21875
5.875
5.94375
6.0125
6.2125
6.0125
5.4625
5.14375
4.80625
4.85625
5.0625
5.0375
5.09375
5.575
6.08125
6.36875
6.5875
5.99375
5.375
4.8125
4.45625
4.5
4.56875
4.9625
4.91875
4.78125
4.5375
4.11875
3.8625
3.7
3.7125
3.7375
3.8625
4.08125
4.18125
4.29375
4.375
4.3625
4.4375
4.5
4.76875
5.20625
5.74375
6.68125
7.16875
7.31875
7.16875
6.61875
6.44375
6.44375
6.59375
6.33125
6.19375
6.04375
5.89375
6.3625
6.1625
5.9125
5.66875
5.425
5.58125
5.85
6.325
6.3875
6.4375
6.49375
6.51875
6.6875
6.8875
7.3625
7.24375
7.0
7.13125
6.71875
6.95
7.375
6.95
6.66875
5.8875
5.2125
4.8875
4.89375
5.61875
6.3875
7.4875
7.91875
7.63125
6.8875
5.91875
5.35
4.90625
4.99375
5.00625
5.08125
5.7125
6.3625
6.9875
7.8875
7.88125
7.39375
7.3125
6.48125
6.2375
6.275
5.875
6.11875
6.4
6.35625
6.55
6.2375
5.60625
5.3125
4.56875
4.55625
4.625
4.625
4.98125
4.88125
5.18125
5.4875
6.00625
6.29375
6.14375
6.1625
6.0875
6.24375
6.5
6.25625
5.85625
5.23125
5.10625
5.48125
5.6625
6.25625
6.1875
6.1125
6.29375
6.35
6.81875
7.125
7.3125
7.24375
6.45625
5.40625
4.51875
3.95625
4.08125
4.75625
5.35
5.66875
5.7
5.65
5.6125
5.9
6.4125
6.2625
6.1
5.5375
4.8625
5.1
5.325
5.81875
6.19375
5.93125
5.75625
5.7
6.21875
6.60625
6.69375
6.84375
6.5375
6.80625
7.6125
8.00625
7.9875
7.425
6.2875
5.03125
4.2625
4.2875
4.6375
5.35625
6.10625
5.94375
5.675
5.35
4.7375
4.74375
5.01875
5.5
6.30625
6.89375
7.1875
7.04375
7.025
6.7375
6.45625
6.45625
5.91875
5.6875
5.46875
5.1125
4.84375
4.74375
4.73125
4.86875
5.6375
6.1375
6.6
7.11875
6.95625
6.725
6.725
6.8
7.3375
7.95625
8.275
8.15625
7.46875
7.03125
6.45625
5.78125
5.55
5.1375
4.89375
5.0625
4.95625
4.6625
4.41875
4.175
3.9875
4.1875
4.29375
4.15625
4.1875
4.18125
4.81875
5.7875
6.81875
7.33125
7.05
6.8125
6.45625
6.775
7.1625
7.3375
7.64375
7.15625
6.825
6.46875
5.7375
5.4625
5.2
4.7125
4.7125
4.9875
5.65
6.5625
6.875
6.75625
6.0625
5.36875
5.1125
4.9
4.84375
5.24375
5.8625
6.5875
7.14375
6.975
6.975
6.975
6.975
