-0.0890625
-0.0890625
-0.0890625
-0.0890625
-0.11125
-0.069375
-0.03675
0.0331875
0.01
-0.0136875
0.0128125
-0.012625
0.0318125
0.0440625
-0.0160625
-0.0298125
-0.020625
-0.0059375
0.0828125
0.1625625
0.185625
0.1980625
0.158
0.0558125
-0.032625
-0.0998125
-0.1161875
-0.048625
0.068375
0.1535625
0.178
0.1760625
0.1039375
0.053
0.0423125
0.005125
0.020625
0.01725
0.0073125
0.029125
0.050625
0.0781875
0.119625
0.1273125
0.0633125
0.0223125
-0.077875
-0.1529375
-0.175375
-0.1765625
-0.1109375
-0.0598125
0.007125
0.038
0.06125
0.115125
0.163625
0.185
0.19225
0.159125
0.130625
0.187
0.2200625
0.2389375
0.20125
0.073875
-0.047125
-0.112125
-0.1083125
-0.0795625
-0.0158125
0.0009375
-0.0411875
-0.0690625
-0.1186875
-0.10675
-0.0431875
0.0260625
0.0959375
0.0691875
-0.012375
-0.081125
-0.13625
-0.0868125
0.035125
0.1155
0.162
0.1718125
0.14175
0.1625
0.21075
0.2476875
0.284
0.2479375
0.204625
0.1448125
0.0389375
-0.030625
-0.13225
-0.2146875
-0.2136875
-0.1890625
-0.12975
-0.0678125
-0.064125
-0.088
-0.104875
-0.1551875
-0.184
-0.2115
-0.260875
-0.2420625
-0.18125
-0.081625
0.0729375
0.188125
0.246125
0.243125
0.1998125
0.1393125
0.0698125
0.048125
0.0058125
-0.0325
-0.037625
-0.0716875
-0.06925
-0.0331875
0.0143125
0.0760625
0.0993125
0.115125
0.1204375
0.1525625
0.201625
0.2240625
0.226625
0.162
0.11125
0.0846875
0.038625
0.0310625
-0.006875
-0.09475
-0.124375
-0.1078125
-0.041
0.089375
0.1863125
0.1943125
0.16125
0.125375
0.0595
0.035625
-0.0096875
-0.0925
-0.090875
-0.0441875
0.0371875
0.114875
0.14275
0.1231875
0.1231875
0.17275
0.2223125
0.276625
0.316
0.29525
0.2745
0.2278125
0.186875
0.2066875
0.1788125
0.2011875
0.1975625
0.1241875
0.1041875
0.0209375
-0.0363125
-0.02475
-0.018875
0.0145625
0.038125
0.011125
0.026125
0.0795625
0.11375
0.1901875
0.1769375
0.1236875
0.057125
-0.020625
-0.003
0.051875
0.165625
0.2390625
0.2648125
0.2576875
0.2013125
0.2056875
0.21075
0.2226875
0.2636875
0.2538125
0.24325
0.1815
0.1105
0.0805
0.0104375
0.0013125
-0.0078125
-0.0374375
0.0024375
0.0604375
0.1389375
0.218125
0.2573125
0.27875
0.280375
0.280625
0.302
0.31875
0.3348125
0.35775
0.332375
0.274125
0.2151875
0.1339375
0.1281875
0.1596875
0.1525
0.1608125
0.13075
0.0606875
0.0594375
0.048875
0.0389375
0.0674375
0.065875
0.09475
0.123625
0.1745625
0.226125
0.246625
0.283875
0.289375
0.289375
0.289375
0.289375
