20.65625
20.65625
20.65625
20.65625
20.08125
18.55625
15.8875
14.46875
14.91875
17.71875
22.15625
25.55625
27.26875
26.6625
24.7125
21.525
18.975
16.88125
15.5125
16.61875
17.725
19.24375
20.5625
20.64375
21.13125
21.04375
20.4625
18.84375
16.3
15.06875
15.15
17.30625
19.68125
21.46875
22.30625
21.39375
21.5625
20.94375
20.5125
20.35
19.0
18.7625
18.575
18.75
19.45
18.54375
17.73125
17.75625
17.9875
19.26875
19.7625
19.98125
19.05625
18.54375
19.6875
19.23125
20.00625
21.4875
21.9
23.01875
23.3125
20.95625
17.86875
16.0125
15.3875
17.1125
19.5875
21.24375
22.0625
21.7375
21.39375
20.525
19.69375
19.5125
18.925
19.0625
19.18125
18.45
18.20625
17.7625
16.9125
16.59375
15.99375
15.71875
15.7375
15.9125
16.40625
16.16875
16.2375
16.5
17.7625
19.8375
21.525
22.45
21.775
20.69375
21.0375
22.90625
25.7375
28.05
28.0125
25.81875
22.43125
19.2625
17.29375
16.24375
15.3875
15.24375
16.05625
17.6625
20.5375
23.6375
24.9875
25.10625
23.91875
21.04375
18.55625
16.95
16.9375
19.50625
22.95625
26.3125
27.59375
25.8125
22.91875
19.2375
16.59375
15.975
15.9125
16.6
17.2875
17.69375
18.01875
17.95625
18.93125
19.4
20.35625
21.0125
19.59375
18.05625
15.59375
14.11875
13.68125
13.65625
15.38125
16.53125
17.48125
19.175
18.40625
17.30625
16.525
14.75
14.4
14.95625
15.475
16.24375
17.14375
17.46875
18.0375
19.1625
19.9625
21.9625
23.28125
23.2875
22.85
21.29375
19.94375
19.4875
19.5625
18.85
18.79375
18.46875
17.59375
17.58125
16.7375
16.15625
16.45
16.55625
18.025
19.23125
20.075
20.7
19.13125
18.2125
17.275
16.5875
16.99375
16.35625
16.725
17.68125
18.7
20.76875
20.95625
20.1375
19.41875
18.15625
17.35
17.05625
17.075
16.80625
17.0
17.18125
16.86875
16.68125
16.45625
16.7375
17.15625
18.975
20.34375
20.85
20.8
18.375
17.1625
16.30625
17.18125
19.6375
20.9875
21.875
21.05
19.29375
17.84375
17.15
16.35
16.05625
16.8
17.33125
18.8125
20.0
18.61875
17.83125
17.3875
17.2375
19.3625
19.7625
18.225
17.11875
15.30625
14.54375
15.5625
16.18125
16.35625
16.90625
16.35
16.11875
17.45
18.83125
21.525
23.84375
24.275
23.775
22.51875
21.1875
20.08125
19.65
18.48125
16.99375
16.18125
16.26875
17.63125
19.1125
20.66875
20.0
18.24375
17.15625
15.11875
14.1625
13.76875
13.0
13.64375
14.84375
16.0125
17.85625
19.81875
21.5875
23.5125
24.0125
22.53125
19.9875
17.36875
15.575
14.975
15.23125
15.98125
16.65625
17.5875
18.3625
19.0625
19.85
20.45625
21.15
20.6125
20.23125
19.7375
18.91875
18.89375
18.96875
18.65625
18.65625
18.1
16.15
14.45
14.28125
15.05625
17.7
20.1875
20.43125
20.31875
18.94375
19.39375
20.80625
21.61875
22.9125
21.9625
20.1875
19.10625
18.0375
17.15625
17.175
17.05625
16.425
17.55625
18.3625
19.46875
21.8375
22.21875
22.60625
22.8875
22.3875
22.6
22.39375
21.9625
21.4
20.5625
20.1875
19.8125
19.275
19.4375
19.8875
20.81875
22.3
23.64375
24.5375
24.21875
23.7375
22.7375
21.59375
21.0875
20.39375
19.46875
19.9
20.15
20.19375
21.96875
21.54375
21.78125
21.8375
19.13125
17.9125
16.55625
15.95625
17.6875
18.625
19.06875
19.35625
19.575
20.8375
22.3375
23.58125
22.9375
21.0375
19.175
17.4125
16.8625
17.31875
17.94375
19.825
22.0375
24.1125
25.43125
24.44375
22.74375
20.46875
18.6875
17.925
18.04375
18.2375
18.4375
19.34375
19.49375
20.2
20.9625
20.49375
19.86875
18.88125
17.8125
17.53125
17.93125
18.01875
18.3875
18.65625
18.85
18.85
18.85
18.85
