0.668125
0.668125
0.668125
0.668125
0.749375
0.87625
1.035625
1.235625
1.370625
1.47875
1.53625
1.5025
1.45625
1.35
1.193125
1.0625
0.90625
0.78125
0.711875
0.680625
0.6875
0.73
0.766875
0.7625
0.758125
0.71625
0.65625
0.6875
0.78875
0.896875
1.02
0.99625
0.910625
0.8575
0.82875
0.94375
1.050625
1.115
1.206875
1.199375
1.118125
1.09125
1.01625
0.970625
0.98875
1.0475
1.09375
1.144375
1.1925
1.1675
1.195
1.273125
1.381875
1.4175
1.385625
1.2575
1.11625
1.048125
0.96125
0.953125
0.939375
0.923125
0.94875
0.94125
0.934375
0.96625
1.053125
1.1525
1.2475
1.318125
1.269375
1.143125
1.003125
0.85125
0.768125
0.764375
0.799375
0.834375
0.8875
0.93125
1.0025
1.028125
1.11375
1.189375
1.244375
1.334375
1.273125
1.19875
0.99125
0.781875
0.6225
0.48125
0.446875
0.416875
0.47875
0.540625
0.705625
0.9075
0.971875
1.0925
1.025
0.99625
1.04875
1.011875
1.05875
0.9725
0.884375
0.826875
0.81375
0.900625
1.01
1.1975
1.29625
1.3725
1.363125
1.278125
1.243125
1.19625
1.18875
1.08875
0.988125
0.836875
0.720625
0.78125
0.83625
1.02
1.2575
1.41875
1.558125
1.579375
1.533125
1.42125
1.388125
1.361875
1.3275
1.380625
1.344375
1.321875
1.241875
1.066875
0.958125
0.883125
0.915
1.064375
1.1425
1.210625
1.14125
0.975625
0.848125
0.750625
0.8375
1.051875
1.305
1.466875
1.459375
1.26375
0.995625
0.823125
0.7575
0.843125
0.961875
1.006875
1.0
0.91125
0.856875
0.84625
0.87125
0.945625
0.98625
1.030625
1.021875
1.076875
1.088125
1.130625
1.20625
1.13
1.105625
0.960625
0.89625
0.883125
0.86375
0.968125
0.954375
0.975625
1.04125
1.044375
1.023125
0.980625
0.879375
0.79125
0.798125
0.81
0.76875
0.778125
0.803125
0.8225
0.955625
0.995
0.923125
0.926875
0.864375
0.815
0.923125
0.911875
0.91625
1.00125
0.92
0.90625
0.8675
0.798125
0.836875
0.855625
1.0075
1.10875
1.1575
1.199375
1.03125
0.865
0.700625
0.5525
0.57375
0.703125
0.8825
1.1425
1.336875
1.408125
1.414375
1.304375
1.159375
1.134375
1.20375
1.24875
1.405
1.41375
1.294375
1.251875
1.060625
0.9125
0.894375
0.853125
0.958125
1.101875
1.0925
1.059375
0.953125
0.829375
0.8625
0.9425
0.949375
1.03125
0.99875
0.95125
1.05
1.095625
1.17625
1.25625
1.170625
1.060625
0.97125
0.874375
0.905
0.88125
0.86375
0.84625
0.775625
0.79875
0.770625
0.7175
0.684375
0.62875
0.6925
0.815625
0.936875
1.118125
1.1475
1.145
1.176875
1.068125
1.0625
1.1225
1.16
1.264375
1.295
1.19
1.0225
0.878125
0.744375
0.75875
0.844375
0.93625
1.085625
1.05125
0.9575
0.8925
0.8
0.814375
0.96375
0.998125
1.063125
1.1575
1.0825
1.119375
1.135625
1.186875
1.356875
1.4025
1.3575
1.18125
0.986875
0.88
0.885625
0.934375
0.9475
0.971875
0.940625
0.9525
0.94125
0.8925
0.93
0.983125
1.03375
1.120625
1.094375
0.9875
0.9475
0.888125
0.895
1.021875
1.155625
1.289375
1.405
1.34875
1.225
1.081875
0.9225
0.90625
0.84875
0.845625
0.905
0.9175
0.990625
1.05875
1.035
0.963125
0.925625
0.828125
0.77125
0.840625
0.878125
0.931875
0.993125
0.964375
1.025
1.065
1.105
1.19625
1.164375
1.166875
1.14375
1.003125
0.94125
0.976875
1.02625
1.158125
1.223125
1.15875
1.209375
1.245625
1.32875
1.475625
1.489375
1.504375
1.411875
1.2225
1.01
0.815
0.7
0.715
0.7625
0.876875
0.998125
0.98875
1.00125
0.88875
0.786875
0.81625
0.860625
0.93625
1.020625
0.955
0.83875
0.72
0.63375
0.65125
0.74875
0.923125
1.016875
1.136875
1.160625
1.128125
1.14375
1.068125
1.070625
1.020625
0.991875
1.07375
1.20125
1.395625
1.493125
1.45
1.2475
1.004375
0.84875
0.8525
0.9275
1.055
1.106875
1.066875
1.0575
0.994375
1.041875
1.105625
1.229375
1.413125
1.4825
1.50375
1.4075
1.2475
1.110625
1.05375
1.048125
1.106875
1.248125
1.27125
1.21375
1.101875
0.93375
0.894375
1.02
1.259375
1.448125
1.535625
1.4875
1.289375
1.211875
1.235625
1.29875
1.4375
1.474375
1.488125
1.533125
1.59125
1.66375
1.70875
1.655
1.550625
1.415625
1.24125
1.13625
1.07
1.1175
1.16
1.16875
1.07375
0.875
0.72625
0.61875
0.61
0.641875
0.675
0.71125
0.81125
0.90625
1.031875
1.220625
1.29125
1.34625
1.319375
1.225
1.183125
1.215625
1.343125
1.4625
1.4925
1.4225
1.25375
1.076875
1.008125
1.039375
1.136875
1.175
1.181875
1.120625
0.993125
0.9125
0.865
0.86875
0.921875
1.01625
1.06
0.980625
0.92625
0.853125
0.779375
0.7675
0.799375
0.829375
0.913125
1.096875
1.114375
1.131875
1.080625
0.895
0.82625
0.7575
0.7675
0.82125
0.898125
0.9525
0.915625
0.90375
0.81
0.8075
0.88375
0.9575
1.05125
1.095625
1.06875
1.078125
1.174375
1.18125
1.230625
1.185625
1.071875
1.0225
1.0025
1.01
0.971875
0.949375
0.8275
0.795
0.8475
0.858125
0.964375
1.029375
1.015
1.041875
1.043125
0.93875
0.864375
0.849375
0.795625
0.82
0.86
0.85875
0.91375
0.950625
1.0325
1.086875
1.175625
1.295
1.3175
1.261875
1.1775
1.068125
1.000625
0.993125
0.8825
0.853125
0.90625
0.995625
1.163125
1.205625
1.1425
1.055625
0.955625
0.89
0.839375
0.820625
0.888125
0.986875
1.03375
1.015625
0.84625
0.73625
0.786875
0.89875
1.096875
1.17
1.079375
0.961875
0.810625
0.771875
0.87625
1.023125
1.205625
1.35125
1.315625
1.20875
1.165
1.0825
1.105625
1.156875
1.113125
1.113125
1.113125
1.113125
