-0.146875
-0.146875
-0.146875
-0.146875
-0.178125
-0.215625
-0.225
-0.1125
-0.09375
-0.015625
-0.028125
-0.13125
-0.1
-0.11875
-0.0375
0.078125
0.071875
0.1125
0.096875
0.09375
0.1875
0.196875
0.225
0.19375
0.125
0.08125
0.009375
-0.009375
-0.09375
-0.096875
-0.078125
-0.04375
0.103125
0.175
0.18125
0.159375
0.053125
-0.05
-0.040625
-0.03125
0.046875
0.128125
0.171875
0.165625
0.13125
0.096875
0.034375
0.034375
-0.04375
-0.05625
-0.053125
-0.025
0.140625
0.25
0.33125
0.328125
0.328125
0.328125
0.328125
