-0.10625
-0.10625
-0.10625
-0.10625
-0.22875
-0.240625
-0.301875
-0.335
-0.22875
-0.18
-0.113125
0.02625
-0.05625
-0.1
-0.003125
0.045625
0.165
0.32125
0.309375
0.219375
0.175625
0.044375
-0.033125
0.025625
0.046875
0.138125
0.1675
0.084375
0.06375
0.005625
-0.001875
0.035
-0.0175
-0.11
-0.128125
-0.17
-0.153125
-0.116875
-0.188125
-0.235625
-0.276875
-0.226875
-0.135
-0.043125
-0.031875
-0.08875
-0.11125
-0.076875
0.03
0.126875
0.164375
0.14625
0.12
0.06875
0.009375
-0.109375
-0.235
-0.34875
-0.440625
-0.465625
-0.458125
-0.361875
-0.243125
-0.07625
0.000625
0.003125
0.003125
-0.09625
-0.115625
-0.06625
0.025625
0.19375
0.37375
0.4425
0.465
0.45375
0.40625
0.368125
0.283125
0.20625
0.0625
-0.054375
-0.1525
-0.309375
-0.32875
-0.32625
-0.216875
-0.005625
0.135
0.253125
0.204375
0.0475
-0.125
-0.198125
-0.2
-0.138125
-0.03125
-0.09125
-0.119375
-0.15125
-0.21125
-0.18
-0.176875
-0.13875
-0.145625
-0.155
-0.14125
-0.23375
-0.315625
-0.349375
-0.41375
-0.375625
-0.26875
-0.166875
-0.040625
0.05125
0.10875
0.01625
-0.07
-0.165
-0.26875
-0.203125
-0.11625
-0.04625
0.058125
0.1275
0.10125
0.100625
0.034375
-0.181875
-0.33875
-0.444375
-0.441875
-0.33375
-0.109375
0.0125
0.006875
0.0125
-0.098125
-0.1375
-0.069375
0.075625
0.118125
0.24875
0.283125
0.19875
0.225625
0.03625
-0.080625
-0.14625
-0.186875
-0.139375
-0.12625
-0.12625
-0.12625
-0.12625
