-0.579375
-0.579375
-0.579375
-0.579375
-0.7175
-0.895
-0.9825
-1.165625
-1.448125
-1.899375
-2.305625
-2.61625
-2.658125
-2.485
-2.240625
-1.709375
-1.4325
-0.91
-0.249375
0.091875
0.34875
0.285625
-0.30625
-0.885
-0.909375
-1.003125
-0.408125
0.16875
0.033125
-0.095
-0.870625
-1.60875
-1.91875
-1.83
-1.32125
-0.914375
-0.420625
-0.14125
-0.136875
0.0625
-0.28125
-0.70125
-0.71625
-1.086875
-1.040625
-1.21875
-1.66
-1.669375
-1.489375
-1.130625
-0.915625
-0.7925
-1.005
-0.791875
-0.348125
-0.22
-0.18375
-0.699375
-1.40375
-1.87875
-2.180625
-2.27625
-2.100625
-1.731875
-1.048125
-0.555
-0.263125
-0.011875
-0.075625
0.274375
0.620625
0.664375
0.50375
-0.068125
-0.71
-1.001875
-1.265
-1.100625
-0.6575
-0.76625
-0.53875
-0.565625
-0.77625
-0.36375
0.0275
0.45125
0.918125
0.86875
0.43625
-0.06125
-0.59125
-0.569375
-0.121875
0.36875
0.62625
0.54125
0.211875
-0.10625
0.07
0.299375
0.745625
1.05625
0.8825
0.613125
0.0975
-0.366875
-0.526875
-0.710625
-0.865
-0.7525
-0.78375
-0.47125
-0.215625
-0.30625
-0.45375
-1.14125
-1.605
-1.865
-1.943125
-1.649375
-1.564375
-1.51125
-1.46375
-1.16625
-0.764375
-0.66625
-0.800625
-1.32125
-1.54625
-1.29125
-0.6225
0.169375
0.665625
0.993125
0.835625
0.45
0.064375
-0.460625
-0.573125
-0.333125
-0.065
0.163125
0.13375
-0.071875
-0.51
-0.8625
-1.069375
-1.39
-1.50625
-1.51
-1.30625
-1.06625
-0.6825
-0.34625
-0.331875
-0.24
-0.259375
-0.000625
0.055625
0.303125
0.49625
0.169375
0.105625
-0.445
-0.951875
-0.964375
-1.033125
-0.510625
-0.01
-0.031875
0.3025
0.15
-0.19375
-0.395
-0.876875
-1.1675
-1.37125
-1.465
-1.545625
-1.63
-1.368125
-0.70875
-0.43375
-0.311875
-0.43
-1.325625
-1.750625
-1.95375
-2.4675
-2.345625
-2.141875
-1.71625
-0.62125
0.05375
0.446875
0.553125
0.003125
-0.3825
-0.573125
-0.94
-0.748125
-0.405625
-0.41
-0.34875
-0.87
-1.675
-2.04625
-2.041875
-1.56125
-0.643125
0.106875
0.318125
0.280625
-0.16625
-0.735
-0.82375
-0.820625
-0.950625
-1.078125
-1.49875
-1.721875
-1.426875
-1.045
-0.4
0.083125
0.15125
0.30625
0.263125
0.046875
0.01625
-0.3725
-0.90875
-1.27
-1.673125
-1.476875
-0.891875
-0.381875
0.286875
0.48375
0.433125
0.4575
0.301875
0.179375
-0.210625
-0.660625
-1.211875
-1.365625
-1.28
-1.109375
-0.935625
-1.344375
-1.345
-1.326875
-1.180625
-0.443125
-0.17125
-0.235
-0.020625
-0.335
-0.421875
4.16333634234e-17
-0.216875
0.0325
0.07875
-0.210625
0.0125
-0.293125
-0.653125
-0.818125
-1.06625
-1.08375
-0.915625
-0.975
-1.0875
-0.806875
-0.72875
-0.71
-0.986875
-1.64875
-2.15875
-2.504375
-2.3075
-2.078125
-1.7125
-1.0425
-0.7875
-0.589375
-0.476875
-0.66
-0.46625
-0.1725
0.270625
0.6
0.335625
0.19625
-0.134375
-0.41375
-0.06125
0.18
0.38875
0.540625
0.15
-0.449375
-1.035625
-1.360625
-1.08625
-0.51125
0.113125
0.38875
0.073125
-0.50625
-1.380625
-1.6875
-1.611875
-1.56625
-0.96875
-0.731875
-0.633125
-0.35625
-0.5575
-0.75875
-0.86
-0.731875
-0.581875
-0.608125
-0.9625
-1.6175
-1.93375
-1.8975
-1.25375
-0.460625
0.178125
0.640625
0.55125
0.4125
0.345625
0.0875
0.211875
0.1175
0.025625
0.020625
-0.47125
-0.725
-1.068125
-1.2025
-0.921875
-0.521875
-0.4175
-0.248125
-0.11125
-0.304375
-0.266875
-0.46625
-0.95
-1.359375
-1.343125
-1.17
-0.745625
-0.295625
-0.258125
-0.605625
-0.80625
-0.899375
-1.08375
-0.96375
-1.011875
-1.056875
-1.050625
-1.053125
-1.1775
-1.1825
-0.80875
-0.435
-0.178125
-0.119375
-0.52375
-0.936875
-1.14375
-1.306875
-1.413125
-1.575625
-1.4425
-1.618125
-1.739375
-1.786875
-2.13
-1.98875
-1.51125
-0.78
-0.409375
-0.4425
-0.944375
-1.8525
-2.153125
-1.984375
-1.353125
-0.345
0.33875
0.49625
0.115
-0.7325
-1.283125
-1.635625
-1.45125
-0.854375
-0.69625
-0.22625
-0.27375
-0.446875
-0.385625
-0.49
-0.248125
-0.355625
-0.5975
-1.083125
-1.465625
-1.289375
-0.99375
-0.340625
0.1175
0.049375
-0.01
-0.264375
-0.6325
-0.53125
-0.184375
-0.133125
-0.15
-0.579375
-1.230625
-1.52375
-1.7
-1.406875
-1.3225
-1.363125
-0.978125
-0.795625
-0.314375
0.173125
0.066875
-0.415
-1.19875
-1.87
-2.075
-2.03
-1.7675
-1.36375
-1.48
-1.370625
-1.45625
-1.64125
-1.4475
-1.45625
-1.243125
-1.304375
-1.4575
-1.63125
-1.583125
-1.478125
-1.354375
-1.04875
-1.225
-1.273125
-1.3175
-1.305
-1.0975
-0.9075
-0.7625
-1.080625
-1.20375
-1.2175
-1.0325
-0.30625
-0.061875
-0.01875
-0.4475
-1.12
-1.21875
-1.0975
-0.57625
-0.133125
0.023125
-0.059375
-0.24625
-0.4525
-0.954375
-1.336875
-1.815
-2.03
-1.8075
-1.64125
-1.181875
-0.988125
-0.97375
-0.838125
-0.810625
-0.604375
-0.4025
-0.155
-0.029375
-0.28875
-0.56875
-0.959375
-1.46125
-1.65875
-1.85
-1.8975
-1.81625
-1.570625
-0.916875
-0.528125
-0.124375
-0.066875
-0.36125
-0.7325
-1.273125
-1.640625
-2.295
-2.48875
-2.185
-1.94625
-1.32875
-1.038125
-1.27625
-1.186875
-1.29
-1.264375
-1.0
-1.260625
-1.125
-0.93625
-0.704375
-0.145
-0.114375
-0.229375
-0.545
-0.83
-0.64875
-0.41125
-0.054375
0.165
0.0975
-0.321875
-0.80375
-1.010625
-1.11
-0.876875
-0.6375
-0.745
-1.0975
-1.363125
-1.5075
-1.619375
-1.635625
-1.645625
-1.4875
-1.053125
-0.531875
-0.055625
0.0875
-0.25125
-0.461875
-0.696875
-0.65
-0.143125
0.1875
0.485625
0.57375
0.41125
0.3475
0.0925
-0.166875
-0.34875
-0.470625
-0.21
-0.23625
-0.2475
-0.27125
-0.6625
-0.55875
-0.32625
-0.2725
0.13375
0.426875
0.4175
0.586875
0.40375
0.080625
0.1075
-0.006875
-0.064375
-0.08625
-0.331875
-0.665
-0.759375
-0.7325
-0.673125
-0.474375
-0.41375
-0.27875
-0.083125
0.070625
0.384375
0.544375
0.615625
0.675
0.35125
-0.1675
-0.849375
-1.190625
-1.08375
-0.67625
-0.181875
-0.165625
-0.553125
-1.133125
-1.345625
-1.175625
-0.71625
-0.289375
-0.093125
-0.088125
-0.213125
0.044375
0.269375
0.2075
0.240625
-0.30875
-0.858125
-0.83375
-0.88125
-0.44875
-0.01625
-0.16625
-0.16375
-0.130625
-0.0975
0.335625
0.633125
0.563125
0.460625
0.4125
0.223125
0.38625
0.614375
0.429375
0.575
0.31125
-0.17625
-0.3175
-0.65
-0.803125
-0.7275
-0.54875
-0.341875
-0.08125
0.119375
-0.06625
-0.308125
-0.439375
-0.404375
-0.07625
-0.071875
-0.28875
-0.616875
-1.253125
-1.5375
-1.619375
-2.020625
-2.206875
-2.336875
-2.36375
-2.16875
-1.809375
-1.1825
-0.750625
-0.093125
0.505
0.75125
0.899375
0.845
0.44375
0.070625
-0.26
-0.61125
-0.49625
-0.57625
-0.7425
-0.78375
-1.234375
-1.295
-1.01625
-0.758125
-0.1475
0.235625
0.22375
0.17
-0.255
-0.901875
-1.250625
-1.50625
-1.485625
-1.156875
-0.73375
-0.481875
-0.493125
-0.676875
-1.055625
-1.466875
-1.576875
-1.21625
-1.1425
-0.86625
-0.709375
-1.058125
-1.024375
-1.0825
-1.26
-1.13
-1.0025
-0.966875
-0.51625
-0.273125
-0.258125
0.135625
0.253125
0.301875
0.423125
-0.103125
-0.64
-0.97625
-1.04375
-0.39
-0.06875
-0.023125
-0.38125
-1.198125
-1.69125
-1.924375
-1.673125
-1.420625
-1.159375
-0.779375
-0.68625
-0.4925
-0.211875
-0.093125
-0.169375
-0.35375
-0.675625
-0.984375
-1.098125
-1.006875
-0.9275
-1.071875
-1.308125
-1.801875
-1.955
-1.758125
-1.415625
-0.85125
-0.6275
-0.70625
-0.5775
-0.380625
-0.2675
-0.029375
-0.3675
-0.656875
-0.715625
-0.65
-0.334375
-0.42
-0.8525
-1.415
-1.5325
-1.430625
-0.918125
-0.563125
-0.61625
-0.83875
-1.25625
-1.168125
-1.285
-1.066875
-0.873125
-1.145
-1.126875
-1.36625
-1.2475
-0.905625
-0.74
-0.49125
-0.729375
-1.04875
-1.24
-1.280625
-1.13
-1.29875
-1.47625
-1.641875
-1.849375
-1.499375
-1.095625
-0.845625
-0.61625
-0.798125
-0.800625
-0.994375
-1.025
-0.89125
-1.166875
-1.355625
-1.645
-1.990625
-2.081875
-2.06875
-2.051875
-1.609375
-1.38
-1.03125
-0.855625
-1.216875
-1.2425
-1.233125
-0.665625
0.063125
0.328125
0.265625
-0.194375
-0.480625
-0.399375
-0.14125
0.10625
-0.005625
-0.32625
-0.82
-1.59
-2.12125
-2.548125
-2.445
-1.904375
-1.44
-0.68
-0.280625
-0.165
0.189375
0.215625
0.050625
0.128125
-0.060625
-0.2825
-0.4175
-0.5475
-0.705
-0.89
-0.86625
-1.210625
-1.270625
-1.2225
-1.383125
-1.21625
-1.431875
-1.838125
-1.958125
-2.216875
-2.38
-2.105
-1.9875
-1.589375
-1.104375
-1.079375
-1.184375
-1.49625
-1.736875
-1.493125
-0.920625
-0.194375
0.350625
0.41375
0.171875
-0.4
-0.50125
-0.564375
-0.7875
-1.01
-1.87125
-2.22375
-2.03875
-1.415625
-0.41375
0.003125
0.124375
-0.223125
-0.4675
-0.47875
-0.785625
-0.766875
-0.943125
-1.173125
-0.811875
-0.5075
-0.203125
0.265625
0.151875
0.089375
-0.20625
-0.534375
-0.260625
-0.100625
0.23
0.385625
-0.15375
-0.693125
-1.16125
-1.3375
-1.13375
-0.93
-0.5
-0.44125
-0.144375
-0.02375
-0.2625
-0.200625
-0.458125
-0.72375
-0.975625
-1.49125
-1.7525
-1.46875
-0.809375
0.12875
0.724375
0.783125
0.59875
0.294375
-0.01
-0.138125
-0.58375
-1.068125
-1.383125
-1.8175
-1.814375
-1.74
-1.305
-0.806875
-0.491875
-0.22875
-0.613125
-0.95
-1.3375
-1.92
-1.980625
-1.9675
-1.575625
-0.79375
-0.24875
0.473125
0.908125
0.915
0.879375
0.464375
-0.24625
-0.72375
-1.291875
-1.818125
-2.04875
-2.341875
-2.443125
-2.161875
-1.636875
-1.105625
-0.4875
-0.508125
-0.753125
-0.885625
-1.425
-1.35
-1.294375
-0.999375
-0.259375
0.1125
0.495
0.405625
-0.0475
-0.495625
-0.984375
-1.120625
-0.970625
-0.619375
-0.481875
-0.5725
-0.7675
-0.900625
-0.84625
-0.7775
-0.63125
-0.6475
-0.6075
-0.53875
-0.625
-0.87
-0.763125
-0.663125
-0.408125
0.164375
0.333125
0.659375
1.05
1.119375
1.13875
0.70125
-0.193125
-0.92125
-1.5475
-1.685625
-1.50875
-1.49625
-1.616875
-2.0925
-2.514375
-2.784375
-2.748125
-2.234375
-1.774375
-1.12125
-0.5275
-0.525
-0.65
-0.974375
-1.699375
-1.865625
-1.839375
-1.9025
-1.568125
-1.640625
-1.778125
-1.669375
-1.495
-1.033125
-0.451875
-0.145625
-0.206875
-0.74
-1.21625
-1.324375
-1.05
-0.4475
-0.110625
-0.151875
-0.384375
-0.489375
-0.415625
-0.415625
-0.415625
-0.415625
