-0.0820625
-0.0820625
-0.0820625
-0.0820625
0.0065
0.089125
0.1731875
0.2465
0.2578125
0.2739375
0.2900625
0.307625
0.2705625
0.1979375
0.1174375
0.0369375
0.051875
0.1056875
0.1478125
0.1625
0.18625
0.1819375
0.1971875
0.251125
0.2286875
0.24025
0.2158125
0.168875
0.13025
0.0495
0.0681875
0.1176875
0.1760625
0.2433125
0.247125
0.23925
0.247125
0.27075
0.294375
0.310125
0.2985625
0.238875
0.1713125
0.095875
0.0854375
0.147625
0.2255625
0.345375
0.384
0.3786875
0.32525
0.2284375
0.16725
0.073625
0.01025
-0.0799375
-0.1685
-0.1575
-0.094125
0.017
0.134375
0.1961875
0.2235
0.237625
0.243875
0.258
0.256375
0.265875
0.265875
0.2594375
0.260875
0.25425
0.257125
0.24925
0.2506875
0.24925
0.2494375
0.2589375
0.23025
0.1935
0.1620625
0.15525
0.2215
0.298125
0.3855
0.422875
0.383125
0.3525625
0.224125
0.1218125
0.06075
-0.0204375
0.00175
0.0310625
0.0520625
0.083875
0.124875
0.0945625
0.06425
0.0008125
-0.137375
-0.1486875
-0.152125
-0.102375
-0.00025
0.0289375
0.0228125
0.0320625
0.044125
0.0919375
0.186
0.217625
0.29
0.336125
0.3203125
0.331625
0.254625
0.1334375
0.123875
0.1388125
0.1524375
0.239125
0.2326875
0.17625
0.2005625
0.1866875
0.1974375
0.2328125
0.2235
0.231375
0.247125
0.219
0.181375
0.152625
0.116
0.175
0.2520625
0.295625
0.3559375
0.3645
0.3493125
0.300625
0.2023125
0.104
0.037
0.02025
-0.0109375
-0.016
-0.0450625
-0.033375
0.0890625
0.14975
0.2261875
0.271375
0.243625
0.287125
0.32275
0.33275
0.3170625
0.239625
0.1460625
0.1265625
0.14225
0.1679375
0.2676875
0.3095
0.396
0.51475
0.53375
0.5109375
0.4434375
0.3519375
0.294375
0.278625
0.262875
0.2643125
0.273625
0.2326875
0.183875
0.1164375
-0.0065625
-0.0793125
-0.16375
-0.238875
-0.202875
-0.1245
-0.008625
0.14125
0.28525
0.3545
0.4320625
0.46625
0.45075
0.524625
0.480375
0.420125
0.3348125
0.1925
0.1769375
0.2371875
0.29625
0.2868125
0.2665625
0.1461875
0.0454375
0.0488125
0.0040625
0.043
0.1046875
0.13075
0.24725
0.303625
0.293625
0.2363125
0.077
-0.083625
-0.151625
-0.1723125
-0.15575
-0.1360625
-0.15875
-0.118
-0.1344375
-0.0748125
0.0094375
-0.0215
0.047125
0.064
-0.01225
0.007125
0.0019375
-0.00325
0.0715625
0.110375
0.12975
0.149125
0.1455
0.134
0.07075
0.0075
-0.000375
-0.016125
0.071625
0.14325
0.178875
0.22075
0.210875
0.183
0.138625
0.0779375
0.008625
0.0655
0.156375
0.309375
0.4634375
0.4674375
0.4460625
0.3805
0.3300625
0.326375
0.307375
0.263
0.2110625
0.19925
0.1510625
0.0734375
0.0044375
-0.1395625
-0.233375
-0.2089375
-0.1513125
-0.0014375
0.2016875
0.301125
0.3169375
0.286625
0.206
0.2049375
0.2054375
0.1883125
0.1604375
0.1203125
0.1528125
0.1996875
0.26375
0.224375
0.151875
0.0859375
-0.0040625
0.0246875
0.0225625
0.0750625
0.1599375
0.2016875
0.251875
0.2284375
0.1485625
0.0694375
0.078375
0.026625
0.0971875
0.1489375
0.151125
0.2704375
0.24975
0.2753125
0.2609375
0.2074375
0.228
0.180875
0.16625
0.157875
0.133375
0.17325
0.197375
0.1385
0.029375
-0.1395
-0.30125
-0.3321875
-0.27875
-0.201375
-0.13075
-0.1125625
-0.0705625
0.030375
0.1046875
0.193375
0.1420625
0.0858125
0.1139375
0.1244375
0.238625
0.2765
0.212375
0.1065625
-0.010125
-0.0935625
-0.083
0.035625
0.1931875
0.344
0.4635
0.4919375
0.3654375
0.264
0.1415625
0.059125
0.135875
0.2354375
0.355125
0.4265625
0.4033125
0.324
0.2499375
0.17475
0.2073125
0.2294375
0.203375
0.221375
0.146125
0.0335625
-0.0746875
-0.1613125
-0.231625
-0.1489375
0.0060625
0.074625
0.1725625
0.127375
0.0811875
0.0898125
0.02875
0.0325625
-0.111625
-0.244125
-0.28475
-0.3038125
-0.1541875
-0.01625
0.06125
0.089125
0.095375
0.153375
0.217375
0.2971875
0.243125
0.117875
0.0378125
-0.080625
-0.131875
-0.152875
-0.2258125
-0.2943125
-0.2366875
-0.256375
-0.2369375
-0.1075
-0.0886875
-0.003375
0.0540625
0.0625
0.0233125
0.050625
0.0521875
-0.007125
0.0475625
0.044375
0.1060625
0.170875
0.14575
0.103375
0.009375
-0.0761875
-0.112625
-0.1150625
-0.101125
0.0255625
0.1199375
0.1204375
0.1961875
0.1045
0.0450625
0.132
0.07175
0.1425625
0.181125
0.1078125
0.2029375
0.2355625
0.3171875
0.4825
0.4736875
0.4659375
0.4006875
0.2344375
0.14025
0.0618125
-0.00025
-0.04175
-0.030875
-0.0350625
-0.0310625
0.0360625
0.024
0.0356875
0.055
0.0095625
0.062375
0.091125
0.0935
0.194625
0.219
0.2144375
0.24825
0.1895625
0.1045
0.1176875
0.1113125
0.103625
0.126125
0.051
-0.0171875
-0.0939375
-0.1476875
-0.1860625
-0.2821875
-0.330625
-0.3598125
-0.3365625
-0.218625
-0.110875
0.0174375
0.1395
0.180875
0.297125
0.3008125
0.24625
0.2570625
0.182125
0.17175
0.2118125
0.2308125
0.2591875
0.317125
0.3158125
0.332375
0.3235625
0.2376875
0.225125
0.1704375
0.14975
0.1911875
0.20175
0.2290625
0.24775
0.2485
0.256375
0.25475
0.24525
0.24525
0.22125
0.21625
0.219125
0.2125
0.238125
0.280375
0.321875
0.353875
0.4115625
0.417
0.3915625
0.401875
0.3546875
0.3175
0.353625
0.338125
0.3035625
0.293375
0.195375
0.079625
-0.0089375
-0.148125
-0.215125
-0.161125
-0.0819375
0.07375
0.2125
0.207
0.1745625
0.114625
0.0148125
0.0055
0.030125
0.074375
0.1261875
0.1605
0.1131875
0.0066875
0.028625
0.0534375
0.201625
0.3355
0.3128125
0.280625
0.1365
0.0628125
0.0413125
0.0119375
0.049
0.051375
0.087625
0.131
0.151125
0.2345
0.2408125
0.2565
0.301625
0.2315625
0.2618125
0.2673125
0.219625
0.340625
0.3215625
0.33475
0.3338125
0.1696875
0.144625
0.0955625
0.07525
0.1015625
0.0355
-0.013375
0.027125
0.0429375
0.1545625
0.23925
0.26175
0.3836875
0.38725
0.3971875
0.309375
0.158125
0.0714375
0.0073125
0.056875
0.0546875
0.0106875
-0.0559375
-0.1616875
-0.2041875
-0.1406875
-0.0886875
-0.0291875
0.0504375
0.033125
0.1306875
0.204125
0.227125
0.267625
0.200375
0.1700625
0.14575
0.1300625
0.1300625
0.1285
0.1165625
0.139375
0.1360625
0.1290625
0.1925625
0.2119375
0.2171875
0.2040625
0.1095
-0.008625
-0.0044375
0.0138125
0.1331875
0.3184375
0.3703125
0.4265
0.4156875
0.3473125
0.3123125
0.2705
0.2119375
0.16975
0.172
0.129625
0.087875
0.01875
-0.0745
-0.1355625
-0.147625
-0.1240625
-0.1445625
-0.0731875
-0.070875
-6.25e-05
0.1945
0.2646875
0.40725
0.4645625
0.35775
0.3139375
0.2093125
0.1135625
0.16625
0.1453125
0.116625
0.1204375
-0.0185
-0.0578125
-0.06475
-0.1291875
-0.067
-0.038875
0.0295
0.137375
0.15475
0.129
0.0468125
-0.0486875
-0.0715625
-0.0720625
-0.03875
-0.0328125
-0.05925
-0.0656875
-0.0744375
-0.008375
0.038125
0.114875
0.1500625
0.10225
0.0919375
0.0219375
-0.0201875
0.0578125
0.1111875
0.1516875
0.135
0.0143125
-0.0835
-0.1475
-0.07575
0.04825
0.092625
0.134
0.0266875
-0.1415
-0.1906875
-0.186625
-0.12575
-0.0200625
0.037
0.0684375
0.1475625
0.2413125
0.3290625
0.2894375
0.2218125
0.09475
-0.007125
0.05875
0.119875
0.1796875
0.171125
0.0544375
-0.0493125
-0.0809375
-0.0703125
-0.0080625
0.064125
0.135
0.1585625
0.172125
0.0816875
-0.0970625
-0.1389375
-0.18525
-0.1180625
0.046875
0.096125
0.15425
0.209625
0.184625
0.2025
0.2159375
0.1395
0.1025625
0.032125
-0.0141875
0.0535
0.134
0.1795
0.1895625
0.075625
-0.0376875
-0.063625
-0.0694375
0.0434375
0.1141875
0.1821875
0.21975
0.1524375
0.0996875
-0.0778125
-0.2336875
-0.29325
-0.35
-0.255875
-0.0796875
0.01025
0.127
0.2426875
0.226625
0.3315625
0.4524375
0.446125
0.497375
0.444625
0.323125
0.2904375
0.242
0.15625
0.0676875
-0.0404375
-0.1328125
-0.11775
0.0049375
0.126
0.2559375
0.3518125
0.3005
0.2516875
0.1419375
-0.0085
-0.0418125
-0.117625
-0.1379375
-0.1506875
-0.19325
-0.1425
-0.1030625
0.014375
0.1115625
0.1546875
0.25575
0.2831875
0.264375
0.23025
0.08025
-0.06375
-0.1161875
-0.15175
-0.12275
-0.0406875
0.0233125
0.1075625
0.16725
0.1705
0.1574375
0.0615
-0.0293125
-0.096375
-0.1974375
-0.1298125
-0.0100625
0.0473125
0.161125
0.144625
0.081125
0.12725
0.1493125
0.1635625
0.119
0.019625
-0.0635625
-0.09775
0.0096875
0.117125
0.208375
0.30025
0.33375
0.35975
0.411875
0.422625
0.349625
0.30025
0.1824375
0.056875
0.0653125
0.074375
0.0785
0.115
0.0275
-0.1129375
-0.1259375
-0.0819375
0.101125
0.338875
0.45225
0.4644375
0.3365625
0.1636875
0.0463125
-0.0089375
0.01
0.0634375
0.1130625
0.146375
0.147375
0.1859375
0.1809375
0.1419375
0.0849375
-0.04375
-0.0995625
-0.1101875
-0.0196875
0.0883125
0.117125
0.133125
0.0644375
0.013
0.0139375
0.0344375
0.0996875
0.1468125
0.2503125
0.36825
0.39275
0.4376875
0.3915625
0.2350625
0.1756875
0.0765
0.0005625
0.011
-0.02725
-0.0170625
-0.024875
-0.0024375
0.025125
0.024875
0.01325
-0.078875
-0.1696875
-0.2808125
-0.3303125
-0.297875
-0.1854375
0.017
0.2095
0.358875
0.406875
0.3766875
0.26075
0.137625
0.055625
-0.061375
-0.00825
0.1039375
0.1883125
0.3359375
0.327875
0.2536875
0.210375
0.168375
0.186875
0.1546875
0.1111875
0.0736875
0.0160625
0.0148125
0.0558125
0.07875
0.1621875
0.265625
0.2504375
0.242375
0.078625
-0.071
-0.067875
-0.1000625
0.0178125
0.129125
0.139375
0.196625
0.2276875
0.231875
0.2090625
0.1343125
0.0223125
-0.11275
-0.129125
-0.1363125
-0.1071875
0.036375
0.0559375
0.18825
0.3038125
0.2945625
0.355125
0.2725625
0.2058125
0.18275
0.1743125
0.206625
0.1651875
0.103375
-0.002
-0.0945625
-0.141625
-0.1684375
-0.163
-0.18075
-0.1855
-0.191875
-0.223
-0.1949375
-0.1375625
-0.0599375
0.0075
0.056875
0.0674375
0.0506875
0.05275
0.0269375
0.0279375
0.0285625
0.006375
-0.0025625
-0.022625
0.0235
0.0909375
0.172625
0.2736875
0.258875
0.2570625
0.186
0.087875
0.0120625
-0.0624375
-0.053625
-0.0804375
-0.060125
-0.0346875
0.0195625
0.1103125
0.2465625
0.364875
0.36475
0.3714375
0.264125
0.1260625
0.0789375
-0.0251875
-0.0723125
-0.0316875
-0.014625
0.0825625
0.2005625
0.228625
0.2125625
0.144875
0.0758125
0.0573125
0.0735625
0.1346875
0.2025
0.211
0.2006875
0.1663125
0.035
-0.033
-0.0556875
-0.106875
-0.0520625
0.0415625
0.126375
0.2569375
0.298375
0.192875
0.0335
-0.1343125
-0.200875
-0.14575
-0.0984375
-0.0815625
-0.079125
-0.152625
-0.1265625
-0.0548125
-0.0488125
0.049625
0.060125
0.05325
0.0875
0.0700625
0.1090625
0.143
0.178
0.1598125
0.0835
0.0134375
-0.0948125
-0.138375
-0.1055
-0.09
-0.01675
0.076625
0.1080625
0.1575625
0.2185625
0.2565625
0.325375
0.3348125
0.2620625
0.1055625
-0.062125
-0.135875
-0.1510625
-0.0606875
0.029625
0.058
0.045
0.030125
-0.008875
-0.001625
-0.013625
-0.0459375
-0.013875
-0.0078125
0.07775
0.1629375
0.2
0.2180625
0.1971875
0.21025
0.2229375
0.2598125
0.3033125
0.2229375
0.1669375
0.1138125
0.02325
0.01475
-0.009875
-0.0634375
0.0091875
0.1220625
0.2263125
0.3291875
0.3149375
0.2525625
0.1671875
0.135
0.070875
0.014625
0.014125
-0.0743125
-0.081625
-0.0810625
-0.0885
-0.0171875
0.046125
0.0929375
0.14975
0.214125
0.210625
0.214875
0.159
0.098625
0.1408125
0.143125
0.171125
0.115875
-0.041
-0.11475
-0.21425
-0.225125
-0.1495625
-0.1085
-0.023375
0.0401875
0.065625
0.0745625
0.062
0.0546875
0.060625
0.0435625
0.081125
0.0704375
0.04075
0.0311875
-0.0215
-0.023625
0.0404375
0.1483125
0.248625
0.329875
0.311375
0.22975
0.1084375
-0.030875
-0.1730625
-0.2744375
-0.2813125
-0.2325625
-0.0944375
0.05775
0.2206875
0.3306875
0.3798125
0.357625
0.183875
-0.023375
-0.20775
-0.2646875
-0.2165625
-0.1181875
-0.06725
-0.131875
-0.1871875
-0.2196875
-0.177375
-0.0905625
-0.055375
-0.0316875
-0.0268125
-0.0301875
0.038875
0.1545625
0.2820625
0.4078125
0.5005625
0.495
0.3845
0.2765
0.186
0.1183125
0.13
0.1393125
0.0769375
0.040375
0.0525625
0.0579375
0.1188125
0.1390625
0.0339375
-0.0213125
-0.095625
-0.0555
0.0714375
0.1113125
0.2050625
0.2010625
0.2409375
0.32475
0.27425
0.255125
0.1883125
0.1015
0.169125
0.17925
0.1540625
0.1148125
-0.0101875
-0.0943125
-0.187
-0.1775625
-0.126375
-0.0828125
0.061625
0.1280625
0.214
0.3085
0.3628125
0.430375
0.3655
0.300625
0.1575
0.04475
0.058125
0.072375
0.127375
0.124875
0.0850625
0.0435
0.0275625
0.0279375
0.0415
0.002
-0.073125
-0.0819375
-0.107375
0.0013125
0.119625
0.097875
0.1004375
-0.0018125
-0.0106875
0.0753125
0.1148125
0.2035625
0.18675
0.226375
0.3223125
0.376875
0.4568125
0.39825
0.329
0.2490625
0.16825
0.1394375
0.0609375
0.009875
-0.03175
-0.0300625
0.012125
0.0315
-0.0014375
-0.0250625
-0.097875
-0.1055
-0.0749375
-0.0965
-0.0094375
-0.0203125
0.0260625
0.0730625
0.0284375
0.0625625
0.027375
0.0058125
0.008125
0.0113125
0.04975
0.1014375
0.12225
0.0905
0.0318125
-0.038375
-0.056125
-0.020125
0.0330625
0.0205
0.0233125
-0.0199375
-0.02925
0.1198125
0.2080625
0.3411875
0.3389375
0.1763125
0.0383125
-0.171
-0.242875
-0.210625
-0.1705
-0.0358125
0.04675
0.1019375
0.1483125
0.18025
0.2626875
0.34475
0.4286875
0.455125
0.3685
0.29075
0.2034375
0.165375
0.2689375
0.365125
0.4699375
0.5171875
0.4513125
0.2981875
0.1034375
-0.0254375
-0.1044375
-0.08125
-0.0164375
-0.0174375
-0.0183125
0.02575
0.1215
0.2028125
0.2764375
0.2195625
0.0593125
-0.009625
-0.1410625
-0.1750625
-0.081
-0.027625
0.1516875
0.2948125
0.29075
0.2548125
0.1554375
0.023125
-0.038375
-0.0345
-0.0045
0.065125
0.1715625
0.221625
0.1691875
0.0693125
-0.068125
-0.11675
-0.0373125
0.1345625
0.3325625
0.41
0.4343125
0.3860625
0.29475
0.224
0.1385
0.065875
-0.0043125
-0.078625
-0.1038125
-0.121
-0.1053125
0.0125
0.071125
0.1069375
0.0719375
0.0036875
-0.02975
-0.0175625
0.0916875
0.113375
0.1188125
0.128875
0.1029375
0.1485
0.227125
0.2783125
0.3021875
0.3015
0.19525
0.0904375
-0.01575
-0.1086875
-0.074125
-0.058625
-0.0223125
-0.05825
-0.175625
-0.278625
-0.3399375
-0.2605
-0.0966875
0.026375
0.1063125
0.10325
0.0096875
0.0156875
0.023125
-0.0039375
0.0220625
-0.01575
-0.0621875
-0.06775
-0.086125
-0.054
0.0371875
0.1369375
0.248
0.292125
0.1805625
0.0905
-0.003375
-0.081875
-0.0319375
-0.0346875
-0.05575
-0.0605625
-0.0315625
0.0100625
0.0301875
0.0704375
0.0290625
0.0323125
0.1210625
0.147125
0.1961875
0.222875
0.1863125
0.211625
0.2648125
0.274875
0.303625
0.289375
0.191875
0.12675
0.00275
-0.08775
-0.0971875
-0.049625
0.1151875
0.2465
0.3866875
0.4949375
0.50325
0.464875
0.3265625
0.1631875
-0.0028125
-0.105375
-0.1409375
-0.2369375
-0.26175
-0.24175
-0.15475
0.0113125
0.117625
0.2395625
0.26825
0.2950625
0.3228125
0.2080625
0.0888125
-0.0734375
-0.2008125
-0.17975
-0.045875
0.115125
0.3066875
0.4225
0.45625
0.489125
0.439
0.3815
0.2304375
0.0605625
-0.0345
-0.14025
-0.116875
-0.0054375
0.088125
0.2270625
0.2831875
0.219625
0.088125
-0.0604375
-0.1078125
-0.07
0.0210625
0.0564375
0.0891875
0.044875
0.021875
0.0976875
0.070875
0.0623125
-0.0050625
-0.105625
-0.2205
-0.3345
-0.3323125
-0.3401875
-0.20825
-0.0414375
0.0545625
0.1498125
0.213625
0.2900625
0.3728125
0.4539375
0.40025
0.3335
0.2510625
0.1811875
0.2550625
0.3353125
0.3751875
0.3940625
0.343625
0.2655
0.210125
0.21525
0.2380625
0.281
0.3075
0.2223125
0.1370625
0.024125
0.0373125
0.1150625
0.1895
0.2475
0.1521875
0.0294375
-0.0866875
-0.126375
-0.125625
-0.0766875
-0.0235625
-0.0210625
0.0150625
0.023875
0.0176875
-0.004375
0.03
0.1131875
0.2005625
0.307625
0.2874375
0.197
0.1554375
0.1183125
0.0919375
0.09025
0.00075
-0.0943125
-0.0948125
-0.112875
-0.1
-0.0475
-0.0356875
0.0359375
0.1368125
0.2459375
0.3385
0.4045
0.442625
0.3961875
0.3629375
0.314
0.2783125
0.327125
0.31375
0.2424375
0.185375
0.061375
0.0975625
0.1560625
0.1860625
0.1875625
0.0521875
-0.0053125
-0.0409375
0.018875
0.1143125
0.1675
0.20975
0.2206875
0.225
0.1870625
0.14675
0.066625
-0.0541875
-0.0391875
-0.0370625
0.0631875
0.2580625
0.3436875
0.486875
0.5608125
0.576125
0.564875
0.469
0.373125
0.27575
0.1920625
0.1506875
0.1093125
0.1224375
0.1570625
0.2093125
0.168
0.067375
0.009375
-0.025875
0.085625
0.2570625
0.4509375
0.512375
0.503
0.409
0.257
0.2734375
0.2719375
0.328
0.368375
0.266
0.2770625
0.2576875
0.2293125
0.291375
0.23325
0.24825
0.312625
0.3705625
0.470875
0.4975625
0.4573125
0.424125
0.4488125
0.4891875
0.62975
0.7209375
0.7138125
0.682
0.551875
0.436375
0.3859375
0.350125
0.379375
0.4534375
0.5028125
0.6126875
0.6885
0.704875
0.6756875
0.5556875
0.427375
0.3061875
0.233875
0.15025
0.077375
-0.0369375
-0.1479375
-0.14025
-0.1624375
-0.066625
0.0320625
0.073125
0.1205625
0.084875
0.0658125
0.01125
0.079
0.211125
0.274875
0.36475
0.337375
0.261125
0.26
0.285
0.36075
0.479875
0.54075
0.509125
0.4191875
0.3101875
0.2265625
0.291375
0.40675
0.5064375
0.6161875
0.643875
0.6078125
0.4796875
0.3400625
0.1600625
0.0546875
0.1334375
0.1689375
0.2448125
0.258125
0.1214375
0.064625
-0.0015
0.0005625
0.0605
0.1365625
0.1895625
0.1843125
0.1874375
0.0974375
0.035375
0.0298125
0.0151875
0.0151875
0.0151875
0.0151875
