1.1548125
1.1548125
1.1548125
1.1548125
1.1334375
1.0184375
0.9994375
1.0098125
1.091625
1.2694375
1.39925
1.444
1.444
1.3715
1.2503125
1.225125
1.15975
1.1063125
1.15025
1.1216875
1.1248125
1.128875
1.0355625
0.9465
0.889
0.8661875
0.9005625
0.95125
0.9830625
0.9918125
0.9875
1.0358125
1.07575
1.101125
1.1758125
1.1538125
1.113625
1.110125
1.021
0.987
0.9964375
1.0018125
1.0889375
1.2098125
1.287875
1.299875
1.2305625
1.0970625
0.993125
0.9371875
0.9406875
0.950625
0.969125
0.990875
0.9894375
0.998625
0.9679375
0.934
0.8894375
0.87425
0.9125
0.9955
1.0850625
1.128375
1.111125
1.004375
0.914125
0.8525625
0.829875
0.859625
0.89825
0.9235
0.9400625
0.9626875
0.9681875
1.0301875
1.0933125
1.1195625
1.1458125
1.0769375
1.0019375
0.9731875
0.96775
1.031875
1.125625
1.2195625
1.26325
1.277625
1.2445
1.161125
1.1046875
1.0435
1.020875
1.0119375
0.9819375
0.9776875
0.939
0.9073125
0.9045
0.8638125
0.8729375
0.8945625
0.9038125
0.94775
0.9304375
0.9470625
0.987375
1.008375
1.0639375
1.0384375
1.0194375
1.0126875
0.99875
1.0209375
0.9804375
0.9385
0.91075
0.8963125
0.9189375
0.951
0.9846875
1.0098125
1.0349375
1.0349375
1.00125
1.004625
1.008
1.0208125
1.052375
1.0098125
0.9595625
0.9155625
0.8739375
0.8655625
0.8725625
0.8648125
0.8805625
0.900125
0.9010625
0.9623125
0.984375
0.998625
1.0718125
1.0963125
1.1766875
1.264875
1.258625
1.2036875
1.062125
0.928375
0.84275
0.8330625
0.91625
1.0325
1.1661875
1.2531875
1.268125
1.1974375
1.0868125
1.0150625
0.9489375
0.950875
0.9720625
0.94725
0.947875
0.901
0.8791875
0.8871875
0.892875
0.9219375
0.904
0.8828125
0.855125
0.851375
0.9010625
0.9550625
1.0158125
1.0303125
0.9873125
0.9559375
0.9211875
0.910375
0.927125
0.915375
0.9005
0.88175
0.8715625
0.8705625
0.8895625
0.933375
0.968625
1.00125
1.018875
0.99525
0.9630625
0.942875
0.94225
0.9705
1.0234375
1.0851875
1.079875
1.0558125
1.0218125
0.9716875
0.966375
0.992375
0.9953125
0.980875
0.9656875
0.904375
0.8630625
0.859125
0.88025
0.9340625
0.9809375
0.9904375
0.9600625
0.961375
1.007375
1.0775
1.1868125
1.2103125
1.1465
1.0918125
0.9921875
0.9381875
0.936875
0.9064375
0.889625
0.8736875
0.843
0.84375
0.9016875
0.9630625
1.0329375
1.06125
0.99525
0.9439375
0.90425
0.88925
0.9288125
0.943875
0.9439375
0.944
0.923125
0.89725
0.8704375
0.8514375
0.8466875
0.8528125
0.8593125
0.85775
0.8516875
0.841875
0.8445
0.847625
0.853
0.8535
0.837
0.81175
0.795
0.7865
0.795
0.812
0.82025
0.8291875
0.8250625
0.8426875
0.85625
0.8800625
0.9123125
0.9283125
0.9559375
0.9801875
1.02
1.0293125
1.02075
0.986125
0.9055
0.847625
0.8238125
0.8185
0.8663125
0.918625
0.934875
0.999125
1.0349375
1.06625
1.110125
1.0879375
1.067625
1.0518125
1.0730625
1.1304375
1.211125
1.3115
1.3503125
1.3710625
1.3198125
1.2224375
1.1284375
1.016375
0.9569375
0.9299375
0.9288125
0.9181875
0.9075
0.8919375
0.8638125
0.8684375
0.883125
0.8828125
0.8988125
0.903625
0.903375
0.91475
0.9321875
0.953375
0.9350625
0.9174375
0.8621875
0.81225
0.7929375
0.7729375
0.776
0.796
0.84325
0.8898125
0.936375
0.967125
0.970625
0.9833125
1.007625
1.0005
0.974625
0.9356875
0.8735
0.8385625
0.8625625
0.935875
1.043875
1.1635
1.1973125
1.1649375
1.0980625
1.0351875
1.0390625
1.04875
1.0589375
1.037875
0.99875
0.9666875
0.972125
0.9815625
0.9913125
1.029625
1.041375
1.092
1.108625
1.0821875
1.0285
0.9509375
0.915625
0.911875
0.9360625
0.9749375
1.03925
1.13525
1.2785625
1.355125
1.370125
1.3449375
1.226125
1.2046875
1.23225
1.2598125
1.333
1.3575
1.3575
1.333
1.354125
1.3538125
1.3164375
1.2800625
1.1571875
1.0291875
0.934875
0.871875
0.8691875
0.914125
0.9814375
1.081125
1.142625
1.16525
1.1646875
1.08375
1.06175
1.0566875
1.0814375
1.1865625
1.20675
1.2734375
1.26975
1.225875
1.2500625
1.1799375
1.172375
1.1191875
1.016125
0.9848125
0.962625
0.9908125
1.0690625
1.1318125
1.1189375
1.102
1.0451875
0.998875
1.0051875
1.025375
1.062625
1.0361875
1.0135
0.9531875
0.902875
0.8981875
0.8824375
0.8975625
0.9134375
0.9293125
0.943375
0.9690625
1.001375
1.038875
1.08975
1.097
1.0375
0.9761875
0.9036875
0.8795625
0.912375
0.95325
0.9966875
0.9969375
0.9806875
0.9384375
0.9004375
0.89625
0.9275625
0.9921875
1.041375
1.053375
1.032625
0.9698125
0.9673125
1.017125
1.05375
1.137
1.1306875
1.0638125
1.035625
0.9799375
0.960375
0.9799375
0.9680625
0.940375
0.9183125
0.87925
0.84825
0.8424375
0.856
0.9053125
0.9575625
0.998625
1.025875
0.9993125
0.965375
0.9351875
0.892125
0.878875
0.88125
0.9165
0.9425
0.9698125
0.9893125
0.9781875
0.97425
0.95725
0.9324375
0.8848125
0.8573125
0.8468125
0.8928125
0.9538125
0.9915625
1.0208125
0.953375
0.9179375
0.905375
0.9115625
0.9956875
1.050625
1.106125
1.14625
1.148875
1.140375
1.1009375
1.03575
0.97925
0.9474375
0.9424375
0.9555
0.9471875
0.9303125
0.8980625
0.8915625
0.9091875
0.939375
0.976375
0.9781875
0.9683125
0.9333125
0.9039375
0.8766875
0.8611875
0.8544375
0.8543125
0.8743125
0.890375
0.9109375
0.9315625
0.93825
0.9416875
0.984625
0.9855
1.016
1.0763125
1.0719375
1.1066875
1.09
1.028
0.974125
0.933875
0.9695625
1.0385625
1.124625
1.206625
1.216625
1.189
1.16
1.1129375
1.0754375
1.072625
1.111375
1.150125
1.2396875
1.3546875
1.4031875
1.4260625
1.367125
1.246625
1.1540625
1.071875
1.0791875
1.109875
1.1359375
1.173375
1.1660625
1.1855
1.192
1.222625
1.227625
1.159
1.1465
1.0978125
1.100375
1.1989375
1.232125
1.2760625
1.294375
1.2646875
1.284
1.306125
1.2878125
1.245
1.1531875
1.06375
1.0071875
0.974
0.9450625
0.916125
0.94275
0.948125
0.972875
1.045625
1.0299375
1.084625
1.1858125
1.193375
1.2370625
1.207125
1.0835625
1.00325
0.9315625
0.8655
0.8954375
0.97575
1.074125
1.2125
1.254875
1.208375
1.1128125
1.022875
0.9833125
1.0255
1.139125
1.18625
1.23575
1.214875
1.1045
1.075875
1.0429375
1.028125
1.0795
1.042
0.9965
1.00325
0.96625
1.02525
1.1398125
1.187875
1.259125
1.282375
1.257625
1.24325
1.227125
1.16625
1.105375
1.0601875
1.0615
1.1523125
1.243125
1.3283125
1.327
1.2329375
1.138875
1.071125
1.040375
1.0591875
1.03
1.0041875
0.98225
1.0051875
1.124125
1.1705625
1.217
1.217
1.121
1.121
1.121
1.121
1.17225
1.1755
1.177875
1.18025
1.224125
1.22
1.232875
1.24575
1.213875
1.278
1.3555
1.387375
1.3705625
1.2843125
1.119875
1.0466875
1.046375
1.0633125
1.1374375
1.12575
1.06875
1.001375
0.9411875
0.9126875
0.9295
0.9754375
0.9845625
1.00525
1.0231875
1.0035
1.001875
0.994125
0.9185
0.869
0.8308125
0.8039375
0.846625
0.8916875
0.950875
1.04225
1.0858125
1.1385
1.146
1.072875
1.0244375
0.95
0.89125
0.912875
0.9591875
1.008375
1.075625
1.08125
1.0453125
1.0390625
1.01025
0.986875
0.980375
0.931625
0.919875
0.9435
0.97025
1.01575
1.0135625
0.9620625
0.8980625
0.8599375
0.844125
0.90625
0.9785625
1.027375
1.100375
1.0883125
1.0730625
1.0566875
0.9895625
0.9556875
0.932
0.8870625
0.8765
0.86975
0.865875
0.8836875
0.889125
0.9109375
0.9335
0.9598125
1.0354375
1.0744375
1.102
1.1319375
1.0800625
1.053
0.998375
0.9414375
0.9316875
0.908875
0.9411875
0.9665625
0.9623125
0.974375
0.93675
0.922375
0.9483125
0.984
1.056375
1.085125
1.0739375
1.0415625
0.9933125
0.9915625
1.0080625
1.010375
1.017625
1.0078125
0.99975
1.00625
0.9915625
0.9601875
0.9270625
0.9004375
0.886625
0.8735625
0.8583125
0.844125
0.86225
0.9131875
0.9754375
1.033625
1.042125
1.042125
1.042125
1.042125
