126.05
126.05
126.05
126.05
129.9875
131.3625
131.0625
126.90625
120.55625
119.78125
121.6
129.80625
141.8
150.05625
152.54375
144.0625
131.1125
121.71875
118.09375
122.95
130.975
137.6875
139.01875
138.2875
133.475
126.225
124.1625
123.20625
124.46875
132.45
135.24375
138.41875
142.34375
139.01875
138.2875
136.40625
135.25625
134.89375
138.93125
137.89375
137.575
145.26875
146.425
155.76875
162.0
161.98125
163.48125
157.825
150.00625
138.98125
129.525
130.19375
140.475
155.49375
173.75625
185.6
189.1875
191.30625
184.70625
173.75
163.73125
153.675
150.2375
154.0875
158.2625
162.45625
158.1375
149.0625
138.48125
126.30625
120.55
116.61875
116.7125
119.99375
123.275
126.55625
129.525
130.9
130.63125
127.45
123.0
117.0625
116.475
120.4125
124.24375
124.75
121.175
117.18125
113.725
118.16875
126.15
136.29375
148.88125
161.6125
172.79375
177.36875
174.6125
170.6375
165.00625
164.1125
166.91875
161.025
153.43125
138.05
124.8
122.5625
120.5625
132.925
142.7
143.825
143.2875
133.2625
125.45
124.025
128.83125
134.725
137.7875
135.08125
127.9375
119.5375
115.125
116.0625
118.55625
119.8375
121.56875
126.65
136.14375
151.35625
160.60625
158.225
145.04375
132.24375
119.525
117.425
121.53125
117.75
118.825
117.2875
118.6625
124.825
129.48125
135.48125
137.4625
140.89375
144.3375
137.00625
127.075
110.15
92.65625
87.93125
94.975
109.0125
121.7375
133.1125
136.69375
143.2875
158.03125
166.16875
169.21875
167.95
155.81875
148.425
145.66875
140.75
142.825
140.625
135.275
132.2875
122.05
117.725
121.54375
125.775
137.83125
141.76875
139.59375
134.875
130.2375
133.7625
138.78125
142.33125
136.2125
124.0125
107.9125
96.5625
94.69375
99.1875
107.3875
114.08125
121.06875
125.75
136.73125
152.125
160.9125
165.575
165.7
156.83125
152.7
151.36875
148.275
152.175
148.2875
143.15
138.0125
127.6875
125.5625
129.26875
130.2625
134.95625
141.2
138.64375
137.15625
136.05
130.95625
134.6625
144.36875
148.1875
152.54375
152.51875
145.425
145.64375
147.35
149.35625
148.725
143.7
135.59375
127.16875
130.73125
135.95625
142.775
149.59375
149.4375
153.69375
158.59375
160.36875
160.99375
152.625
144.5625
139.2
132.15625
132.125
130.19375
128.93125
130.8375
128.625
122.0125
113.46875
109.6
108.39375
117.35
131.05625
140.40625
144.275
140.1625
131.36875
123.68125
123.4875
129.63125
140.625
147.48125
148.25625
145.03125
133.9
124.8375
124.85
123.6125
127.05
134.4875
136.03125
144.05625
158.54375
166.425
169.21875
169.375
158.66875
152.7
151.36875
141.85625
139.35625
133.05
128.94375
132.94375
131.71875
130.73125
127.725
124.40625
128.05625
136.59375
146.1
157.5875
156.65625
154.53125
147.01875
134.3875
134.63125
131.75625
131.4
128.15
123.3375
118.925
119.74375
128.28125
127.40625
125.575
120.59375
115.90625
123.8125
138.45625
157.5125
169.9625
171.1625
166.71875
153.28125
144.58125
140.51875
133.71875
133.93125
134.41875
136.56875
147.1
155.0
157.78125
157.6
151.2375
145.23125
141.20625
143.4375
147.7125
148.71875
149.66875
141.44375
130.6625
125.40625
126.0
130.99375
138.38125
136.875
128.3375
119.425
111.1375
114.5
122.11875
132.13125
141.7875
146.7125
150.94375
155.9125
159.7
160.4125
161.9375
154.24375
148.575
145.18125
135.475
136.8875
137.15
134.2625
135.74375
131.08125
124.25625
122.40625
117.40625
110.725
105.86875
99.36875
99.90625
105.675
113.26875
124.03125
132.19375
139.29375
142.6375
141.70625
134.85625
125.63125
118.3375
116.50625
121.3875
127.825
135.85625
139.8
146.24375
157.1
164.875
167.5625
166.1875
155.81875
148.425
145.66875
137.58125
138.29375
139.28125
140.45
151.60625
154.9625
153.84375
154.1
142.725
136.0125
132.9625
129.18125
140.1
148.49375
152.96875
155.15625
146.56875
137.86875
128.80625
122.49375
113.54375
108.60625
113.3
113.975
121.9
124.55
116.5
111.3625
104.325
98.2375
100.95
105.46875
116.19375
128.8625
136.18125
139.8875
130.925
123.5125
117.05
118.55625
128.2125
137.16875
147.075
149.39375
146.69375
141.40625
133.575
127.16875
127.60625
134.3
144.51875
152.08125
158.91875
160.98125
159.2875
159.78125
157.4875
150.79375
147.4125
144.31875
136.825
136.34375
128.075
122.00625
118.4375
110.75
114.06875
116.31875
122.1125
130.56875
129.6125
123.30625
117.41875
106.30625
107.9625
116.93125
124.94375
135.125
132.69375
125.86875
115.025
107.725
101.4625
98.7
98.59375
100.55
106.01875
110.4375
113.46875
109.34375
108.925
105.925
115.0625
127.39375
138.80625
152.475
148.4875
145.0125
138.89375
126.78125
126.5625
130.4875
133.6
143.70625
147.31875
143.74375
136.76875
131.2125
123.01875
122.1625
128.2875
131.99375
144.51875
149.1375
146.03125
136.93125
120.425
107.275
104.2875
106.65
119.1625
135.03125
148.53125
168.525
178.96875
182.80625
178.84375
167.24375
153.63125
144.75625
140.51875
137.425
141.325
137.4375
138.4625
136.0375
128.425
129.0125
120.31875
119.49375
120.8875
123.1875
131.23125
136.6
139.0125
140.23125
139.0625
136.15
141.91875
144.56875
149.60625
151.2875
143.9125
133.23125
119.98125
110.0875
102.25625
102.75
102.93125
106.46875
119.98125
132.76875
153.70625
168.0375
169.21875
166.6625
153.24375
144.5625
142.0
141.53125
148.075
152.8
156.7625
161.15
161.41875
161.4
160.84375
155.46875
154.85
154.85
156.1375
160.675
158.7125
151.4
142.8
131.2875
123.5625
121.1875
115.50625
114.54375
113.04375
115.25
122.24375
125.36875
126.85
124.625
122.74375
121.28125
121.0875
121.89375
119.5875
122.4375
128.65
137.21875
150.05625
162.16875
173.08125
177.3875
173.89375
164.4
148.71875
137.96875
130.425
127.81875
132.20625
130.0625
132.44375
134.925
133.8625
136.00625
132.325
124.99375
117.96875
116.1
118.575
121.76875
124.4125
121.675
120.8125
118.99375
119.66875
122.2125
120.1625
120.43125
117.675
116.7875
120.16875
127.8875
142.35
158.06875
166.18125
168.55625
161.5125
149.4125
141.5625
137.56875
137.975
140.3125
139.69375
130.2
125.0625
120.03125
123.68125
137.5625
145.325
153.51875
155.71875
149.78125
144.65625
138.35
131.6875
128.8375
121.5875
115.0875
113.94375
116.7625
128.44375
138.5375
144.275
146.925
147.25625
153.84375
157.18125
157.44375
156.61875
146.61875
141.35625
140.3875
136.14375
134.49375
125.05625
116.49375
113.1625
112.825
118.7875
122.0375
127.58125
132.55625
142.2375
151.91875
159.675
166.19375
165.2
164.20625
154.99375
148.125
148.48125
144.48125
143.4625
135.90625
122.9625
115.375
110.59375
118.6875
127.75
137.74375
150.65
152.1375
156.38125
157.40625
152.35
152.24375
146.0875
137.5125
130.4625
122.15625
118.96875
122.65625
132.8
141.31875
146.1875
146.78125
145.8125
145.4875
148.49375
150.54375
141.28125
129.85625
116.925
108.11875
109.01875
110.825
108.2125
104.5375
103.54375
111.0875
129.25625
145.23125
159.24375
166.28125
167.1125
170.4375
167.05
160.7875
150.125
139.84375
129.93125
122.04375
121.15
113.725
111.925
114.225
109.53125
114.3625
121.25625
120.425
122.09375
116.75
108.65
111.6625
121.3875
134.28125
145.275
147.375
146.34375
141.56875
136.1
131.41875
118.5625
110.7
108.8375
113.375
129.75625
144.8875
149.5
148.375
141.3625
132.21875
128.98125
123.18125
117.91875
110.44375
105.09375
108.10625
114.36875
127.65625
141.8625
151.08125
150.63125
146.66875
137.325
122.34375
118.45625
117.35625
121.1125
136.80625
141.50625
137.11875
130.81875
118.88125
119.75625
131.74375
138.70625
147.1
142.50625
131.99375
124.5125
112.01875
112.31875
113.10625
121.8375
130.65
133.5
144.375
147.35625
158.1625
163.89375
151.725
139.95625
117.23125
102.69375
98.65
98.25625
107.86875
119.175
136.8
154.0625
170.55
176.2125
174.05
168.03125
157.15
149.0375
137.61875
126.475
118.85625
115.95625
125.93125
138.9
150.29375
159.2625
157.45625
152.53125
147.56875
148.2
154.25625
160.925
164.64375
160.03125
147.975
138.5625
134.1375
128.3625
130.2875
131.51875
130.0875
138.7125
142.88125
143.13125
143.025
135.73125
125.1125
119.48125
117.44375
119.08125
131.83125
143.85
150.68125
156.625
158.03125
157.8125
160.1875
158.825
151.34375
137.9
122.65
108.575
95.15
92.00625
95.0875
102.69375
117.3375
130.5125
136.28125
138.03125
137.93125
135.125
137.325
142.275
147.23125
152.38125
151.80625
147.325
135.05625
122.7875
112.58125
105.0625
105.74375
104.83125
107.20625
113.70625
119.91875
123.01875
129.13125
127.3375
126.9125
136.54375
140.03125
145.68125
146.66875
142.30625
134.61875
130.9125
128.78125
122.94375
128.21875
127.91875
124.6625
133.9625
132.5625
136.7375
147.68125
142.9875
148.85625
151.9375
149.475
151.99375
146.925
137.2
127.7
122.91875
120.9875
123.96875
128.5625
130.1375
127.575
129.15625
135.1375
138.1625
140.45
135.125
125.41875
120.4625
123.69375
127.05
127.4
129.03125
121.1875
116.43125
117.63125
115.53125
118.16875
127.10625
134.8375
145.2625
158.6
163.04375
161.36875
150.64375
135.525
123.0
113.025
111.8
113.43125
115.0625
118.24375
117.55625
115.6
109.9375
104.53125
104.38125
101.2125
108.05
119.2125
125.28125
135.875
138.68125
133.09375
131.7625
131.625
134.13125
143.5125
147.66875
146.40625
144.31875
138.05
134.39375
131.54375
128.55625
123.6125
121.45625
119.20625
116.2375
122.9
128.34375
137.33125
142.775
135.61875
120.475
105.55625
96.5125
96.85625
105.68125
112.83125
119.81875
122.275
125.28125
124.3875
123.1375
123.33125
119.3
122.68125
124.4375
126.19375
124.85625
120.91875
112.6625
104.40625
102.5
98.38125
98.91875
103.1625
110.41875
120.425
132.76875
139.56875
140.225
140.525
139.85625
142.325
144.8
141.25
136.95
128.4375
118.075
115.9
113.775
112.6625
121.375
122.93125
121.8875
129.04375
123.2125
126.08125
128.075
122.28125
122.98125
113.69375
108.825
104.14375
102.975
108.8625
113.33125
115.5875
114.525
107.69375
98.60625
96.7375
94.3
101.86875
116.15625
124.675
131.88125
132.98125
128.475
126.2875
130.44375
135.975
143.6
150.7125
150.38125
142.0625
130.91875
120.03125
113.76875
114.18125
117.7625
125.66875
131.7375
141.0
147.18125
149.36875
150.1875
148.84375
150.35625
151.875
156.13125
152.4625
145.26875
134.6125
120.94375
117.425
114.10625
113.9125
113.55625
110.15625
110.88125
114.4125
123.2
130.86875
132.76875
131.84375
130.18125
132.475
140.11875
141.48125
133.7125
119.5125
107.375
103.4375
108.25625
119.00625
128.7625
138.425
141.76875
135.9875
119.43125
99.2625
86.40625
83.575
96.86875
116.3875
132.95
143.74375
140.05625
129.3375
122.6
122.91875
132.71875
143.325
149.575
149.00625
145.48125
147.2125
142.525
141.15
138.5625
135.2375
136.6875
136.65
137.71875
128.0125
119.95
113.91875
108.8875
115.43125
128.29375
136.14375
141.61875
140.06875
132.2
132.45625
134.26875
141.2375
147.85625
142.54375
138.24375
138.71875
137.0875
146.64375
153.63125
149.84375
148.70625
135.0625
119.4625
109.21875
100.425
106.0375
116.88125
127.36875
138.925
142.69375
146.36875
149.4
143.55625
142.45
141.8
143.8625
155.0
158.3375
155.0875
147.3625
133.8125
126.00625
126.23125
123.5625
125.6125
129.825
128.6875
136.8625
144.875
141.46875
136.0
123.28125
103.56875
97.26875
96.575
98.28125
105.3375
105.4
101.6625
102.66875
108.4875
117.05625
131.23125
132.79375
124.73125
113.8375
99.04375
97.6625
107.5875
117.79375
133.0125
137.53125
132.76875
131.5125
117.10625
114.6875
112.99375
112.025
121.03125
121.575
127.24375
126.71875
126.6125
123.51875
112.65625
108.4125
103.75
105.54375
113.6875
117.13125
117.09375
117.28125
120.48125
126.99375
135.34375
139.95625
137.31875
132.51875
124.20625
124.18125
129.0125
134.2
149.2
151.3625
147.19375
136.6875
117.2875
108.0125
102.55
105.05
106.4375
100.4125
94.9
89.80625
94.3875
104.7375
118.9
131.275
133.35625
137.775
136.8625
135.4
140.325
136.45
132.8375
129.30625
126.30625
127.70625
128.04375
126.70625
121.18125
115.4625
110.1625
108.79375
107.64375
111.28125
120.26875
125.13125
128.0375
119.8875
110.29375
109.18125
113.04375
126.5375
135.13125
131.14375
130.1875
126.6
127.66875
134.64375
132.525
129.33125
122.475
120.53125
127.74375
134.0125
141.925
145.18125
143.3625
145.6625
146.15625
146.31875
142.41875
131.8125
124.81875
113.83125
105.34375
104.375
105.95625
113.73125
127.1125
131.69375
123.85625
112.5375
99.15625
94.6375
104.81875
118.225
128.34375
138.075
140.83125
141.79375
144.4
140.75625
137.64375
135.0875
132.53125
136.225
139.86875
146.06875
152.26875
154.05625
155.3625
150.80625
146.25
144.26875
140.03125
136.6625
135.55625
132.825
132.49375
137.93125
137.0375
136.15
135.65
129.8
131.46875
135.5625
142.05625
150.19375
156.16875
155.69375
152.625
149.55625
144.8625
142.71875
137.98125
131.4375
127.0375
124.44375
122.6375
125.55
123.25625
119.0625
120.125
121.525
126.43125
139.20625
148.53125
154.60625
155.7625
149.79375
146.5375
138.55
138.8875
137.2125
131.08125
130.05625
127.35625
129.8875
129.4875
131.64375
131.31875
128.93125
133.0875
131.1875
129.93125
128.3
126.6375
124.5875
123.8
126.375
125.46875
134.375
137.69375
139.76875
142.86875
137.075
135.8625
124.84375
117.325
110.59375
107.05625
115.2875
116.56875
124.05625
128.09375
130.6875
135.45
135.8125
132.725
124.91875
122.525
115.475
113.68125
118.89375
120.7875
129.20625
138.75
139.6625
142.025
140.65
133.21875
125.8875
113.4625
105.24375
98.28125
100.65
106.46875
107.86875
114.30625
113.75
115.0
123.06875
129.45625
137.7625
142.2
141.5625
137.11875
134.3875
135.40625
134.16875
134.78125
129.3375
122.58125
120.0625
122.83125
127.76875
132.33125
129.9
118.025
109.95
98.16875
96.55
101.2
105.75625
120.5125
130.45625
133.40625
132.74375
125.0625
117.91875
116.125
115.88125
113.9
110.84375
109.6875
110.85
113.9
114.575
117.75
120.50625
128.36875
141.225
148.73125
155.88125
155.05
154.45625
154.8125
147.24375
144.4125
139.2625
132.74375
138.2125
140.6
142.0375
142.50625
138.575
136.34375
136.35
141.8625
141.76875
138.4
129.00625
113.53125
105.775
102.875
107.51875
118.525
123.40625
129.56875
136.28125
142.25625
155.95
168.48125
174.40625
171.2
161.74375
146.08125
134.20625
133.40625
129.49375
126.275
118.8125
102.0375
93.675
94.36875
98.76875
109.8875
115.2375
111.53125
112.15
112.35
119.60625
132.63125
140.175
142.36875
134.83125
126.23125
118.7875
118.75625
123.20625
130.05625
132.09375
129.8875
132.59375
127.30625
134.89375
142.9125
141.875
145.43125
137.675
130.025
126.51875
124.85
127.91875
132.91875
141.34375
147.93125
150.24375
150.2875
143.99375
140.4125
142.40625
144.7375
151.925
154.65625
153.1125
150.08125
143.675
137.4
133.76875
133.45
134.81875
139.39375
138.74375
131.53125
129.16875
120.8125
116.525
121.375
120.23125
125.29375
133.26875
132.1875
128.8
121.54375
114.625
110.71875
114.33125
126.46875
132.64375
140.4625
141.95
132.575
127.2
125.15625
127.6375
132.7125
131.50625
129.60625
126.1125
128.84375
136.825
140.90625
141.19375
135.45
129.45
121.90625
115.875
108.39375
107.075
110.36875
115.275
121.6
115.6
104.0875
96.025
94.41875
101.78125
112.85
115.11875
113.1125
107.10625
102.74375
108.4375
114.88125
122.9875
133.15625
135.55625
136.66875
138.0375
135.1625
136.79375
137.75625
136.8
136.38125
133.075
129.81875
126.14375
123.00625
124.375
127.65
136.95625
148.4375
156.13125
161.86875
160.38125
152.93125
143.86875
137.56875
130.5625
127.9625
129.56875
122.6625
121.16875
116.0625
107.21875
106.85625
104.59375
104.7875
113.26875
124.04375
138.26875
153.79375
158.35
152.3875
145.6875
137.6875
141.21875
155.3125
161.71875
167.01875
158.55
147.44375
142.93125
142.11875
148.09375
146.14375
139.76875
132.5625
124.98125
123.5625
126.75625
122.025
116.2375
112.25625
106.275
112.6625
124.9
133.525
145.15
147.8125
141.6375
137.0125
126.775
122.00625
126.39375
133.1
145.4
151.7375
150.2125
146.625
135.85
131.61875
133.6375
131.95
136.74375
133.84375
124.5125
123.59375
118.5125
118.83125
125.7625
125.18125
128.29375
131.05
130.1625
131.825
133.7125
132.9375
132.51875
130.7125
127.06875
123.75625
120.40625
125.0
130.2125
140.81875
151.78125
150.14375
146.625
139.4
128.53125
130.6
132.7375
129.525
132.925
129.6875
127.4625
136.90625
139.91875
141.64375
143.30625
134.23125
129.475
126.00625
123.4
128.125
130.65625
129.48125
127.6875
121.875
115.25625
112.34375
107.625
104.0125
106.60625
111.2625
123.8875
132.80625
139.35625
145.4875
144.03125
148.18125
146.675
144.475
141.875
141.775
145.94375
146.375
143.81875
134.26875
118.725
104.35625
96.7
93.28125
101.18125
119.2875
133.59375
142.55
146.0625
138.55
136.45
141.11875
142.28125
142.625
141.29375
142.6875
148.3625
157.2875
163.73125
157.225
149.95625
145.98125
137.94375
137.71875
135.11875
125.825
127.5375
131.1125
134.9125
139.30625
134.6125
124.425
118.65625
117.30625
120.04375
127.6
129.2875
130.6625
129.63125
125.11875
130.0875
132.925
136.86875
138.75
128.05
120.16875
114.88125
113.3
122.28125
129.275
129.01875
130.6625
125.3125
120.29375
124.5875
133.14375
145.9375
160.20625
169.81875
171.175
167.4375
157.49375
142.89375
124.41875
115.6
109.375
108.0625
116.05
116.025
119.41875
125.46875
126.5
127.85
127.5875
124.30625
126.41875
129.9125
131.79375
132.1625
125.375
124.48125
125.2
129.8
139.65625
134.875
129.8375
122.5375
122.5375
122.5375
122.5375
