0.0163125
0.0163125
0.0163125
0.0163125
-0.001
0.0019375
0.014125
0.0399375
0.0483125
0.0955
0.1420625
0.1146875
0.087375
0.0295625
-0.0078125
0.072375
0.12275
0.175125
0.2010625
0.1525625
0.13075
0.1049375
0.05075
0.021
0.0009375
-0.015125
-0.00125
0.000125
0.0056875
0.030625
0.1070625
0.172875
0.17975
0.1590625
0.0919375
0.0145
0.024125
0.0399375
0.018875
0.06075
0.0668125
0.0335
0.054375
0.059
0.00925
-0.0094375
-0.064875
-0.1613125
-0.2069375
-0.2263125
-0.2068125
-0.15625
-0.06275
0.027375
0.129125
0.20975
0.2393125
0.249
0.216375
0.204
0.197125
0.1955625
0.1764375
0.1485
0.1205625
0.092625
0.1018125
0.12625
0.1506875
0.1963125
0.2253125
0.2381875
0.220625
0.1606875
0.1064375
0.0255
0.0054375
-0.0033125
0.0325625
0.095125
0.116625
0.139
0.08
0.0476875
0.036625
0.080125
0.1851875
0.200125
0.18325
0.1153125
0.0430625
0.0921875
0.1625
0.19825
0.1760625
0.1014375
0.037375
0.0050625
0.058375
0.0795
0.060625
0.0984375
0.0739375
0.076125
0.10775
0.091
0.0621875
0.0600625
0.0973125
0.1239375
0.179375
0.1715625
0.1250625
0.0998125
0.0934375
0.114625
0.1139375
0.102625
0.082375
0.09
0.12875
0.1095625
0.0810625
0.0148125
-0.050125
-0.03025
-0.0010625
0.0870625
0.1533125
0.22375
0.244875
0.2153125
0.1643125
0.08225
0.0584375
0.055875
0.0963125
0.1155625
0.137125
0.1374375
0.115875
0.096625
0.025125
-0.0651875
-0.113125
-0.11275
-0.05025
0.07025
0.1305
0.1719375
0.14225
0.0948125
0.0950625
0.0688125
0.0721875
0.0654375
0.050375
0.0564375
0.083375
0.115125
0.1151875
0.0805625
0.0445
-0.0138125
-0.051
-0.0186875
0.0145
0.044625
0.108875
0.1385625
0.1616875
0.2250625
0.211875
0.1900625
0.1883125
0.17675
0.2364375
0.29925
0.3331875
0.3254375
0.2994375
0.2598125
0.2256875
0.2560625
0.2586875
0.2916875
0.3068125
0.2885
0.30525
0.28825
0.3125
0.334375
0.2956875
0.2454375
0.12625
0.0094375
-0.0646875
-0.0646875
0.0103125
0.04525
0.11225
0.0855
0.0399375
0.0440625
0.03225
0.1168125
0.1506875
0.194125
0.21525
0.1668125
0.148
0.1000625
0.048375
0.03325
0.057875
0.113625
0.1899375
0.2116875
0.2308125
0.2075625
0.142625
0.106625
0.0384375
0.002
0.0276875
0.083875
0.1455625
0.186125
0.14725
0.108125
0.0745
0.0514375
0.113625
0.172125
0.225125
0.2880625
0.2829375
0.2449375
0.2069375
0.1490625
0.125
0.0760625
0.027125
-0.0435625
-0.0713125
-0.0045625
0.056
0.201125
0.2839375
0.298
0.278875
0.19625
0.1409375
0.0869375
0.06475
0.0693125
0.0213125
0.0238125
0.0815
0.1063125
0.194625
0.2014375
0.166125
0.137625
0.1143125
0.1339375
0.1319375
0.160375
0.1165625
0.1180625
0.1284375
0.103125
0.123375
0.1009375
0.071875
0.06325
0.0768125
0.07975
0.127625
0.1325
0.1218125
0.1165
0.04075
0.0504375
0.0640625
0.0483125
0.0908125
0.0918125
0.08225
0.11775
0.154875
0.1803125
0.1958125
0.1925625
0.175
0.1470625
0.099625
0.093
0.032
0.00825
0.0139375
0.0023125
0.0815625
0.11275
0.173375
0.225
0.2339375
0.2603125
0.256625
0.24125
0.1858125
0.169375
0.1469375
0.0989375
0.109875
0.0910625
0.0960625
0.123125
0.134625
0.1468125
0.1418125
0.1458125
0.1431875
0.0971875
0.0306875
0.0035625
-0.0149375
0.0413125
0.12775
0.164
0.17075
0.1615625
0.1541875
0.1111875
0.1218125
0.0929375
0.0215
0.0599375
0.0850625
0.120375
0.2019375
0.193375
0.1516875
0.1535625
0.1250625
0.1444375
0.15225
0.0876875
0.058125
0.007375
-0.0051875
0.06625
0.0864375
0.0665625
0.056875
0.005875
0.029
0.1018125
0.1495625
0.1565625
0.120875
0.0848125
0.052
0.068875
0.0456875
0.0026875
-0.0180625
-0.0125
0.0786875
0.1963125
0.2968125
0.344625
0.2834375
0.1821875
0.071625
-0.0109375
-0.0300625
0.0174375
0.013875
-0.0124375
0.0185
-0.01325
0.0523125
0.1098125
0.094875
0.1065625
0.1015625
0.116125
0.1610625
0.2104375
0.2309375
0.2613125
0.2659375
0.23925
0.2180625
0.177125
0.158
0.1300625
0.090625
0.0914375
0.0865
0.166875
0.21975
0.2429375
0.255125
0.1899375
0.1741875
0.147125
0.124875
0.0915
0.0870625
0.072125
0.0640625
0.1058125
0.108875
0.1648125
0.2090625
0.266375
0.3223125
0.31475
0.272625
0.200125
0.113125
0.095125
0.1171875
0.09725
0.1076875
0.06475
0.0218125
0.0635625
0.0749375
0.073
0.0684375
0.0205
0.0029375
0.023125
0.0575625
0.0506875
0.0293125
-0.017
-0.0445625
0.0013125
0.0038125
0.0606875
0.076625
0.061125
0.0883125
0.088375
0.0890625
0.101
0.145
0.1776875
0.2408125
0.252625
0.2485
0.235125
0.2019375
0.2061875
0.1888125
0.1708125
0.157625
0.1496875
0.14725
0.1765625
0.1521875
0.154625
0.156375
0.13625
0.19575
0.2364375
0.2778125
0.3205625
0.29475
0.257625
0.2266875
0.155
0.1688125
0.184
0.1875
0.2704375
0.2838125
0.2753125
0.23225
0.1200625
0.0075625
-0.06325
-0.094
-0.0590625
0.009625
0.04725
0.084875
0.041
0.0153125
-0.03125
-0.0778125
-0.049375
-0.0914375
-0.059375
0.01275
0.0184375
0.055875
0.056125
0.0218125
0.0416875
0.1175625
0.151375
0.1635625
0.191375
0.141125
0.140625
0.1456875
0.1155625
0.146875
0.171625
0.2305
0.29725
0.3329375
0.3331875
0.289625
0.2244375
0.16475
0.1421875
0.0998125
0.0729375
-0.0133125
-0.1161875
-0.1210625
-0.145125
-0.0614375
0.05475
0.115375
0.1689375
0.1230625
0.0681875
-0.0315
-0.06225
-0.007375
0.0019375
0.0825
0.13925
0.1453125
0.1949375
0.227
0.2384375
0.220625
0.213
0.17825
0.1451875
0.1624375
0.129625
0.107375
0.0865
0.09525
0.134
0.1681875
0.1904375
0.161375
0.131
0.1415625
0.174625
0.2301875
0.289
0.2856875
0.2704375
0.20125
0.097375
0.0155625
-0.0655625
-0.0613125
-0.0054375
0.08825
0.16675
0.2049375
0.2443125
0.2685
0.326125
0.3389375
0.305
0.2438125
0.1219375
0.0425
0.003625
-0.010375
0.0574375
0.13425
0.1833125
0.2204375
0.1705
0.148125
0.1369375
0.0870625
0.13325
0.137375
0.135625
0.1604375
0.142375
0.1185625
0.121375
0.1891875
0.2248125
0.28225
0.27275
0.21725
0.1884375
0.15525
0.165
0.1518125
0.1653125
0.155625
0.19675
0.271375
0.292625
0.3023125
0.2583125
0.1975625
0.12675
0.0935
0.0545
-0.0204375
-0.0511875
-0.0705
-0.0673125
-0.013625
0.0430625
0.0954375
0.115375
0.0965625
0.1066875
0.1006875
0.097
0.1463125
0.1410625
0.09025
0.098375
0.0783125
0.0893125
0.18525
0.2010625
0.232375
0.2371875
0.2033125
0.2095
0.1995625
0.210875
0.1904375
0.179
0.1675625
0.151
0.166125
0.1715625
0.1503125
0.1065625
0.0919375
0.0885625
0.1385625
0.177
0.186375
0.1851875
0.1405625
0.1328125
0.129875
0.1375
0.1519375
0.14975
0.1259375
0.0906875
0.0465
0.0506875
0.0809375
0.102375
0.172125
0.1700625
0.16425
0.1893125
0.1555
0.1845
0.180625
0.1245
0.137875
0.120875
0.141125
0.1834375
0.185
0.1851875
0.1854375
0.2235
0.2516875
0.2495
0.2254375
0.14375
0.089375
0.0494375
0.0375
0.0626875
0.071125
0.1135
0.101875
0.1030625
0.0586875
0.0280625
0.026375
0.0196875
0.0774375
0.0640625
0.0990625
0.1124375
0.1274375
0.201375
0.224625
0.258875
0.2733125
0.25
0.2534375
0.245875
0.237625
0.2776875
0.296125
0.3094375
0.31125
0.29975
0.2725625
0.272125
0.3001875
0.2854375
0.273
0.198875
0.0621875
-0.026625
-0.06775
-0.0633125
0.016125
0.079875
0.1260625
0.17225
0.188375
0.1935
0.192875
0.2378125
0.2734375
0.293375
0.244375
0.1330625
0.035
-0.0524375
-0.013
0.05375
0.1191875
0.186875
0.185625
0.1533125
0.0948125
0.0901875
0.069875
0.09125
0.1368125
0.1206875
0.12575
0.0695625
0.0355625
0.0176875
0.0265
0.1209375
0.189875
0.2581875
0.2830625
0.262375
0.20825
0.168375
0.138625
0.0875
0.1198125
0.1354375
0.1596875
0.1894375
0.135375
0.0366875
-0.0693125
-0.15875
-0.1626875
-0.0705625
0.0374375
0.1579375
0.2121875
0.2204375
0.210875
0.2115
0.2266875
0.21925
0.2256875
0.205625
0.2124375
0.2395
0.25
0.2400625
0.1863125
0.1559375
0.1388125
0.1551875
0.1918125
0.1995625
0.204
0.1518125
0.099625
0.012875
-0.108875
-0.126
-0.12525
-0.0748125
0.0423125
0.107
0.11375
0.1468125
0.1535
0.128
0.1399375
0.0998125
0.059625
0.02725
0.0295625
0.0374375
0.0506875
0.0801875
0.08825
0.1335625
0.1365
0.19025
0.238875
0.2553125
0.3140625
0.324625
0.3235
0.2878125
0.252125
0.1950625
0.150375
0.1751875
0.1894375
0.1933125
0.1454375
0.07875
0.0226875
0.0149375
0.0983125
0.1765625
0.223
0.2894375
0.2941875
0.26675
0.2710625
0.2333125
0.179625
0.1738125
0.137
0.065625
0.058375
0.0354375
0.064
0.1409375
0.1858125
0.219
0.221125
0.2351875
0.265375
0.28125
0.285625
0.2385625
0.1486875
0.084625
-0.0040625
-0.030125
-0.0195625
-0.019625
0.0695625
0.117375
0.172
0.2130625
0.201
0.198875
0.163875
0.14775
0.1049375
0.062125
0.006
-0.0100625
0.0005625
0.032375
0.093625
0.114125
0.1399375
0.1333125
0.148875
0.1658125
0.192625
0.2443125
0.2738125
0.3019375
0.2976875
0.25625
0.2214375
0.177375
0.17075
0.208875
0.23575
0.243125
0.233375
0.162375
0.0635
0.01625
-0.05025
-0.0766875
-0.01675
0.0078125
0.0485
0.0891875
0.0698125
0.0946875
0.1195625
0.1845
0.2404375
0.2169375
0.1556875
0.0536875
-0.01175
-0.0205
0.0258125
0.0735
0.0943125
0.13625
0.1813125
0.1780625
0.1485625
0.04975
-0.0800625
-0.1358125
-0.1756875
-0.1228125
-0.0494375
-0.0025
0.0964375
0.128875
0.130875
0.1434375
0.1009375
0.0726875
0.0854375
0.050625
0.0539375
0.019625
-0.054375
-0.041375
-0.0680625
-0.00775
0.0843125
0.0735
0.074875
-0.0071875
-0.0815625
-0.0638125
-0.0091875
0.10925
0.204375
0.2708125
0.3195
0.2958125
0.275875
0.2301875
0.1316875
0.12025
0.096875
0.0939375
0.133
0.0819375
0.042125
-0.035
-0.0670625
-0.0418125
-0.045375
0.004625
-0.0040625
-0.0450625
-0.038375
-0.0326875
-0.0325625
-0.0095
-0.0241875
-0.0699375
-0.0839375
-0.0690625
-0.0353125
0.009
0.047375
0.05925
0.0628125
0.0471875
0.015
-0.0094375
0.0251875
0.0610625
0.097
0.0865
0.011625
0.0054375
0.0289375
0.076875
0.1338125
0.14
0.126375
0.1641875
0.21125
0.198
0.178125
0.1028125
0.0030625
-0.0289375
-0.037125
-0.0193125
0.0189375
0.10575
0.1648125
0.1774375
0.204
0.147875
0.112875
0.1113125
0.089875
0.08525
0.060125
0.035
0.03875
0.0675625
0.0990625
0.161625
0.1671875
0.15225
0.1679375
0.131375
0.158625
0.212375
0.1945625
0.224625
0.2305
0.2145
0.294875
0.3251875
0.3325625
0.3436875
0.269375
0.2418125
0.24225
0.184375
0.147875
0.0514375
-0.0569375
-0.1076875
-0.1425625
-0.1210625
-0.1458125
-0.1458125
-0.1458125
-0.1458125
