0.0846707125
0.0846707125
0.0846707125
0.0846707125
0.0830683125
0.08100360625
0.0741214625
0.063563075
0.0551257375
0.05123755625
0.053898975
0.0602366375
0.0662296125
0.07071564375
0.07335576875
0.0796721375
0.07971485625
0.0714207
0.06643930625
0.0517214375
0.0425361875
0.0433821875
0.03938878125
0.0475158375
0.06196693125
0.0694076125
0.0739519363125
0.067307422625
0.0541254526875
0.0430512515
0.0371079214375
0.039304191375
0.0419776863125
0.0516430375
0.0624397
0.07234298125
0.08044684375
0.07669405
0.074251475
0.064396625
0.056500225
0.0581074625
0.05750095625
0.06143071875
0.0673190625
0.07111218125
0.07088436875
0.07616886875
0.076817125
0.0696762613125
0.068111522625
0.0594157589375
0.05363964525
0.0585774089375
0.057308597625
0.0616159113125
0.063963575
0.06389210625
0.06671848125
0.06248826875
0.0598166875
0.0506927
0.044884325
0.0467910875
0.05025648125
0.05633123125
0.06142159375
0.0626543875
0.0639689375
0.06777449375
0.0663968625
0.0603916125
0.0532232
0.044530825
0.04568226875
0.056566175
0.06697285625
0.07813075625
0.0835759875
0.0786217125
0.0736674375
0.0681262113125
0.059772247625
0.0562111839375
0.04685369525
0.0389482651875
0.029829197625
0.0265310925625
0.0348258375
0.048059075
0.06849090625
0.0836035375
0.0906431
0.08678139375
0.0750221925625
0.057943791375
0.0433294651875
0.03664818275
0.0373227276875
0.045436653875
0.0533631488125
0.05560948125
0.0524937125
0.044873775
0.03934305
0.03951625
0.04457116875
0.0537355125
0.0582920125
0.0571445875
0.05740949375
0.0580071125
0.06136535
0.07222693125
0.076741675
0.07779866875
0.0748300875
0.0655981375
0.060892175
0.055209
0.057093
0.062200975
0.05916668125
0.06456225625
0.063156225
0.05931629375
0.0622878125
0.05487148125
0.05576783125
0.05830800625
0.059588025
0.0672609875
0.0696392875
0.0720204625
0.07559498125
0.07938799375
0.08106339375
0.0778902
0.0766116375
0.06726000625
0.05846735625
0.05224615
0.0459573625
0.04898478125
0.057247075
0.06981369375
0.07456701875
0.07595959375
0.070113425
0.061574325
0.05757149375
0.051851
0.04745908125
0.04454851875
0.04265298125
0.04469318125
0.0504289375
0.05452430625
0.059824675
0.05799401875
0.0585593
0.0544969625
0.04897299375
0.0492646
0.04408665
0.04655195
0.0482234375
0.05170705625
0.0568026625
0.0588542375
0.06682823125
0.07404605
0.0782482375
0.07946783125
0.07555881875
0.06442735
0.05561993125
0.04984726875
0.04198539375
0.0399984125
0.044847
0.05347753125
0.064168875
0.0734335625
0.07015364375
0.06388993125
0.053719175
0.04313619375
0.04025194375
0.03346050625
0.034380925
0.03886790625
0.04151705625
0.04951484375
0.0493585050625
0.044206703875
0.0448892839375
0.044130414
0.0486071901875
0.059552716375
0.0631143675625
0.0619965375
0.06071235625
0.053211575
0.046212975
0.0477543
0.0501463875
0.05660021875
0.06226426875
0.0628984
0.06187644375
0.05642835
0.0581109875
0.058051975
0.05950630625
0.064364425
0.05971470625
0.05319035625
0.04148281875
0.0333162625
0.0316218875
0.03388418125
0.04088545
0.0377555
0.03724208125
0.0367358375
0.034582625
0.0440222625
0.043066875
0.0421114875
0.04764410625
0.0477278625
0.05494068125
0.0631088875
0.063204025
0.05892779375
0.05277770625
0.04710083125
0.04018081875
0.0372846125
0.03890064375
0.04276431875
0.05083935625
0.05891439375
0.06325381875
0.05786394375
0.05476971875
0.053234125
0.04885314375
0.05430163125
0.0538891
0.04893070625
0.0497482875
0.0469484875
0.04833763125
0.0557296375
0.057203825
0.06063659375
0.0643412375
0.06278466875
0.0672593625
0.0635562125
0.05823763125
0.0582002875
0.0551189125
0.0620403875
0.06505481875
0.06585550625
0.06832498125
0.0668518375
0.07536719375
0.08142025
0.0802499125
0.0776346875
0.06291335
0.04682140625
0.0402550875
0.03869615625
0.043948675
0.05768835625
0.06604053125
0.07083020625
0.07410309375
0.0694346375
0.06397714375
0.05352825
0.04777319375
0.04147231875
0.04272456875
0.050283375
0.0493699925625
0.054478597625
0.0547452276875
0.05525533275
0.0632802964375
0.070411878875
0.0749770238125
0.07782450625
0.0753098875
0.0670014125
0.0623941375
0.05794589375
0.058265625
0.0598847875
0.0603691875
0.06104101875
0.0593288625
0.0607519125
0.05802149375
0.0549162125
0.0533695625
0.05635918125
0.06704885
0.0758678
0.08524573125
0.08565275625
0.0758919875
0.0689616625
0.0532593675625
0.041233316375
0.0390300651875
0.03996458275
0.0537305901875
0.066044235125
0.0747074675625
0.079113075
0.07554213125
0.0748759125
0.070210275
0.060095775
0.05038109375
0.04289029375
0.04413160625
0.0509127125
0.05909341875
0.06359788125
0.0588439625
0.06074729375
0.0602738125
0.0575236875
0.06073248125
0.05754065625
0.0561243425625
0.053464891375
0.0501161026875
0.04414310775
0.0454257714375
0.053935428875
0.0639361550625
0.07354306875
0.0743780125
0.07394251875
0.0712436625
0.074768275
0.08025146875
0.07689726875
0.0711659625
0.060642175
0.04887781875
0.0437707125
0.0403821625
0.0364604625
0.0353379625
0.0337022
0.03497056875
0.04203793125
0.04392928125
0.04856781875
0.0530499875
0.0522947125
0.0570341125
0.05704903125
0.05245610625
0.05098044375
0.0500321
0.0534378625
0.059763275
0.0605946125
0.05918036875
0.05421734375
0.04845228125
0.05137658125
0.05427248125
0.05764159375
0.06345313125
0.0591555300625
0.057351503875
0.0604454839375
0.06149805775
0.0732610714375
0.079934703875
0.0787230988125
0.07219229375
0.06160540625
0.0498663125
0.0420698375
0.04026038125
0.0366745625
0.03685798125
0.0370414
0.03563255
0.03517815
0.03867354375
0.04693003125
0.058601525
0.0637355625
0.06739215625
0.06531015
0.05823985625
0.0612008125
0.0546946738125
0.045389628875
0.0388461214375
0.026086014
0.0269821839375
0.032602978875
0.0432791675625
0.05554433125
0.0553587125
0.05326949375
0.04266205625
0.032711225
0.03387601875
0.036927825
0.04317865
0.04836064375
0.04264043125
0.03744095625
0.03224148125
0.030494825
0.034331175
0.03830219375
0.04629701875
0.04953104375
0.053028875
0.0570288875
0.0505973
0.04679915625
0.043405025
0.03186145
0.026989475
0.02186086875
0.01513999375
0.02053958125
0.0256753625
0.03081114375
0.0368642
0.0310606
0.025257
0.01919676875
0.01920394375
0.027127725
0.0371716875
0.0535253375
0.0601425125
0.06831575
0.07436880625
0.07225119375
0.07536845625
0.06874924375
0.06147148125
0.05631133125
0.04959255
0.05287661875
0.06150159375
0.0655898238125
0.065735435125
0.0579958089375
0.04270763275
0.0325503276875
0.026335641375
0.0251324050625
0.02719638125
0.02866623125
0.0303998875
0.0294017550625
0.024323791375
0.0195096339375
0.01443167025
0.0118745964375
0.012996335125
0.0145220863125
0.0160478375
0.0158577238125
0.016335428875
0.0152136901875
0.0194111515
0.02446654525
0.02885412025
0.03417332025
0.0303157515
0.0308358964375
0.031493247625
0.0321505988125
0.03589546875
0.0308849113125
0.028610935125
0.0303079776875
0.0357623015
0.0509495589375
0.063263028875
0.0678982675625
0.0650095300625
0.052268285125
0.0358482276875
0.02313538275
0.0158172151875
0.016675147625
0.0257091800625
0.038422025
0.0502769375
0.05451041875
0.04948551875
0.04289941875
0.03711834375
0.03922250625
0.05003038125
0.0536158
0.06138759375
0.06127415
0.05327546875
0.0558340375
0.0497249625
0.05134209375
0.0608444625
0.064894425
0.0741792625
0.07986794375
0.0770772613125
0.068142591375
0.0537138464375
0.03539045775
0.0224617464375
0.019355835125
0.0265859863125
0.0366654175625
0.045886916375
0.0474869839375
0.036278639
0.0329301464375
0.034900853875
0.0425396175625
0.0575415625
0.0585396675625
0.048635566375
0.0352805901875
0.0223988265
0.0208966964375
0.025743141375
0.0323221988125
0.0390312875
0.0413626625
0.04610551875
0.05109783125
0.0508527
0.0470877875
0.03621038125
0.02507634375
0.02211840625
0.0263590625
0.03479179375
0.04296071875
0.0418712625
0.0325662488125
0.028323803875
0.0282877839375
0.0369554765
0.0545376276875
0.0606234464375
0.0588240276875
0.0491393714375
0.0336774015
0.0305696964375
0.035188197625
0.0440131238125
0.05579628125
0.05976191875
0.060103
0.060180275
0.05502010625
0.0478215125
0.036785075
0.0257486375
0.0228883
0.0242085375
0.0292075875
0.03632681875
0.0381302875
0.03959805
0.04080200625
0.03845718125
0.03845718125
0.03845718125
0.03845718125
