0.0225
0.0225
0.0225
0.0225
0.076875
0.0875
0.046875
-0.01375
-0.13125
-0.151875
-0.13375
-0.0475
0.103125
0.138125
0.194375
0.171875
0.14125
0.15125
0.090625
0.070625
0.0125
-0.05875
-0.105625
-0.1825
-0.19625
-0.181875
-0.106875
0.011875
0.070625
0.098125
0.0375
-0.081875
-0.22125
-0.33
-0.396875
-0.4125
-0.341875
-0.253125
-0.16125
-0.06875
0.025625
0.085
0.165625
0.21625
0.1775
0.121875
0.019375
-0.053125
-0.08125
-0.068125
-0.0325
-0.0125
0.051875
0.07
0.10125
0.11875
0.06375
0.035625
-0.016875
-0.055
-0.074375
-0.165
-0.235625
-0.305625
-0.37375
-0.285
-0.254375
-0.210625
-0.173125
-0.243125
-0.2175
-0.205625
-0.209375
-0.2025
-0.225625
-0.26125
-0.238125
-0.1975
-0.16375
-0.096875
-0.045
-0.011875
0.04375
0.068125
0.078125
0.083125
0.00375
-0.021875
-0.0475
-0.033125
0.035
0.03
0.049375
-0.025
-0.07625
-0.10625
-0.22875
-0.238125
-0.248125
-0.26625
-0.1725
-0.123125
-0.14375
-0.1325
-0.179375
-0.22625
-0.180625
-0.1575
-0.080625
0.018125
0.0275
0.06
0.01375
-0.076875
-0.12125
-0.189375
-0.20375
-0.195
-0.145625
-0.116875
-0.0475
0.075625
0.12625
0.231875
0.2825
0.248125
0.185625
0.14
0.05125
-0.031875
0.03375
-0.013125
0.015625
0.095
0.0225
0.05875
0.03
-0.05
-0.0075
-0.029375
-0.03
-0.004375
-0.0875
-0.14375
-0.209375
-0.259375
-0.20625
-0.1575
-0.051875
0.035625
0.0275
0.0775
0.03125
-0.02625
-0.059375
-0.180625
-0.18375
-0.175
-0.095
0.0175
0.07375
0.15375
0.1225
0.093125
0.06
-0.003125
0.014375
0.006875
0.001875
0.03625
0.006875
0.014375
0.00625
-0.058125
-0.055
-0.03625
-0.016875
-0.01
-0.03125
-0.081875
-0.059375
0.0
0.088125
0.13125
0.09625
0.06125
-0.035625
-0.035625
-0.035625
-0.035625
