0.9825
0.9825
0.9825
0.9825
1.07875
1.07875
1.126875
1.05
1.015
1.025625
0.941875
0.96125
0.964375
1.00875
1.080625
1.12625
1.080625
1.035625
1.02875
1.024375
1.08125
1.023125
0.943125
0.860625
0.82125
0.8575
0.888125
0.966875
1.04625
1.17375
1.393125
1.51875
1.499375
1.38625
1.11625
0.925
0.871875
0.85375
0.941875
0.996875
1.053125
1.20375
1.2775
1.315625
1.28625
1.145625
1.0925
1.0775
1.073125
1.084375
0.995625
0.89375
0.8275
0.755
0.835
0.93125
1.05875
1.234375
1.240625
1.319375
1.298125
1.274375
1.32375
1.2025
1.20625
1.1825
1.1925
1.314375
1.355
1.29125
1.1575
1.004375
0.81125
0.81875
0.854375
0.92375
1.03375
1.055625
1.09375
1.031875
1.04625
0.974375
0.896875
0.913125
0.80875
0.776875
0.77625
0.753125
0.809375
0.9275
0.975625
0.98625
0.97375
0.875
0.830625
0.91625
0.996875
1.086875
1.138125
1.06625
0.999375
1.023125
1.1375
1.24
1.38125
1.355
1.266875
1.2475
1.155
1.19
1.216875
1.2125
1.25875
1.266875
1.170625
1.114375
1.006875
0.886875
0.9
0.8
0.751875
0.723125
0.71375
0.850625
0.970625
1.1975
1.37
1.373125
1.3475
1.208125
1.01625
1.00875
1.134375
1.24875
1.480625
1.559375
1.429375
1.2625
1.070625
0.91125
0.9525
1.05
1.008125
1.02875
0.8775
0.81
0.87
0.8975
1.000625
0.94625
0.945625
1.025625
1.15
1.34875
1.404375
1.298125
1.103125
0.87625
0.765
0.743125
0.791875
0.91875
0.919375
0.984375
1.006875
0.961875
1.016875
0.93625
0.84125
0.7875
0.69125
0.695
0.7375
0.733125
0.76125
0.755
0.809375
0.898125
1.04
1.143125
1.129375
1.099375
1.004375
1.018125
1.0825
1.133125
1.11875
0.938125
0.800625
0.694375
0.70625
0.91875
1.035
1.166875
1.1925
1.035625
0.98
0.8925
0.858125
0.8875
0.7975
0.7925
0.88
1.003125
1.185625
1.1975
1.03875
0.9025
0.803125
0.810625
0.89625
0.908125
0.874375
0.83125
0.760625
0.75
0.7575
0.833125
0.96375
1.01375
1.12
1.113125
1.07875
1.145625
1.10375
1.03625
0.950625
0.73625
0.56125
0.451875
0.429375
0.429375
0.429375
0.429375
