1.030625
1.030625
1.030625
1.030625
0.943125
0.898125
0.87375
0.85125
0.9025
0.94125
1.021875
1.086875
1.101875
1.188125
1.250625
1.28375
1.31875
1.261875
1.175625
1.13125
1.08875
1.06625
1.07125
1.005
0.885625
0.779375
0.69875
0.67125
0.696875
0.75
0.7825
0.815
0.878125
0.88625
0.890625
0.926875
0.901875
0.945
1.01375
1.04625
1.168125
1.22375
1.22875
1.269375
1.19875
1.185
1.2
1.18375
1.23
1.1925
1.1225
1.0525
1.015
1.0575
1.12125
1.13875
1.08875
1.0125
0.97
0.97375
1.00875
1.06625
1.09625
1.144375
1.183125
1.165
1.13875
1.06375
1.008125
0.986875
0.988125
1.075
1.145625
1.228125
1.29625
1.288125
1.25375
1.196875
1.153125
1.136875
1.15375
1.184375
1.2075
1.184375
1.120625
1.0175
0.89
0.833125
0.85
0.9275
1.014375
1.04
1.01625
0.94125
0.845
0.785625
0.735625
0.764375
0.85875
0.999375
1.149375
1.220625
1.2475
1.179375
1.0875
1.046875
1.0175
1.054375
1.111875
1.103125
1.12375
1.108125
1.085
1.12375
1.098125
1.083125
1.07375
1.04
1.0475
1.09
1.12375
1.160625
1.189375
1.13875
1.095625
1.055625
1.0125
1.05625
1.09375
1.094375
1.093125
1.031875
0.983125
1.026875
1.0775
1.14875
1.19625
1.13875
1.08875
1.028125
0.99625
1.053125
1.06375
1.113125
1.124375
1.038125
1.020625
0.9775
0.975625
1.0875
1.175625
1.254375
1.315625
1.299375
1.29375
1.29375
1.291875
1.299375
1.229375
1.131875
1.031875
0.93625
0.9525
0.983125
0.998125
1.05125
1.05125
1.0775
1.175
1.20625
1.21125
1.208125
1.148125
1.154375
1.185625
1.22125
1.249375
1.240625
1.234375
1.21875
1.235
1.25875
1.309375
1.35375
1.3475
1.295
1.19125
1.0725
0.975
0.93125
0.9375
1.01125
1.11625
1.195
1.24125
1.235625
1.203125
1.20375
1.163125
1.128125
1.100625
1.024375
1.02875
0.9875
0.968125
1.005
0.995
1.063125
1.053125
1.0225
1.00375
0.92875
0.945625
0.939375
0.90875
0.913125
0.880625
0.890625
0.93875
0.948125
0.94625
0.889375
0.8425
0.858125
0.885
0.973125
1.040625
1.06875
1.12625
1.11625
1.07375
1.030625
0.92875
0.87625
0.875625
0.913125
0.954375
1.02375
1.08125
1.063125
1.1075
1.095
1.03625
1.04375
0.99
0.928125
0.935
0.918125
0.940625
1.028125
1.105
1.1675
1.219375
1.18375
1.099375
1.00375
0.930625
0.898125
0.90125
0.960625
0.934375
0.941875
0.9425
0.9075
0.958125
0.99375
1.03
1.09875
1.1725
1.224375
1.265
1.278125
1.259375
1.25625
1.235
1.160625
1.080625
0.97375
0.921875
0.94875
0.965
0.985625
0.95125
0.89625
0.820625
0.81625
0.839375
0.839375
0.901875
0.881875
0.8875
0.905
0.903125
0.90125
0.90125
0.90125
0.863125
0.88625
0.85625
0.84875
0.873125
0.83
0.815625
0.78125
0.786875
0.853125
0.885625
0.949375
0.945625
0.928125
0.96875
0.954375
0.955
0.93
0.875625
0.895
0.926875
0.94375
0.99
0.95875
0.980625
1.03
1.03875
1.11
1.115
1.12
1.125625
1.05375
0.9675
0.88125
0.81375
0.78
0.76125
0.7975
0.80625
0.8675
1.0
1.035
1.11875
1.175625
1.115
1.084375
1.045
0.951875
0.93375
0.955625
0.95875
0.99
1.041875
1.0975
1.110625
1.195
1.201875
1.11875
1.120625
1.005
0.9175
0.91625
0.8725
0.8875
0.97375
1.005
0.9775
0.975625
0.86875
0.789375
0.80875
0.835625
0.93625
1.095625
1.175
1.22125
1.25875
1.17875
1.13875
1.04
0.895625
0.835625
0.834375
0.931875
1.055
1.126875
1.08125
0.983125
0.871875
0.82625
0.86625
0.90375
0.979375
0.975
0.95375
0.9475
0.91125
0.945625
0.97
1.0075
1.05125
1.0925
1.1275
1.155625
1.1625
1.14125
1.135625
1.131875
1.1675
1.160625
1.163125
1.170625
1.1825
1.2475
1.265625
1.243125
1.2
1.159375
1.141875
1.156875
1.155
1.126875
1.105625
1.08875
1.081875
1.09625
1.115
1.084375
1.07875
1.083125
1.10625
1.1775
1.21375
1.21375
1.165
1.1
1.05
1.041875
1.08125
1.16875
1.25
1.255
1.209375
1.11875
1.000625
0.94125
0.916875
0.89
0.955625
1.0425
1.113125
1.2225
1.245
1.226875
1.1975
1.118125
1.07125
1.050625
1.064375
1.0825
1.10125
1.121875
1.136875
1.16625
1.17625
1.15
1.13625
1.109375
1.07125
1.028125
0.944375
0.893125
0.92625
1.036875
1.158125
1.228125
1.208125
1.10875
1.025625
1.014375
1.06
1.12875
1.184375
1.1875
1.111875
1.06875
1.054375
1.025
1.06125
1.04875
0.98875
0.99
1.003125
1.0375
1.073125
1.05375
0.99875
0.946875
0.913125
0.900625
0.899375
0.89375
0.896875
0.9225
0.975625
1.03625
1.13875
1.2175
1.255625
1.284375
1.26125
1.2425
1.230625
1.210625
1.18
1.136875
1.06625
1.006875
0.961875
0.906875
0.93875
0.98
1.01875
1.1025
1.13875
1.18375
1.26125
1.291875
1.28375
1.204375
1.06375
0.94
0.849375
0.8375
0.873125
0.93875
1.01875
1.084375
1.123125
1.1575
1.169375
1.133125
1.098125
1.045625
1.024375
1.07375
1.14375
1.19125
1.176875
1.131875
1.059375
0.965625
0.934375
0.903125
0.9225
1.015625
1.0575
1.088125
1.04625
0.970625
0.91625
0.854375
0.89125
0.953125
1.015
1.0925
1.11125
1.071875
1.0975
1.14375
1.161875
1.24625
1.253125
1.255625
1.30875
1.32875
1.335625
1.28125
1.176875
1.0725
1.02375
1.051875
1.10875
1.13375
1.13375
1.068125
1.008125
1.00625
1.005625
1.058125
1.0975
1.1125
1.155625
1.18125
1.225625
1.253125
1.219375
1.19625
1.1575
1.12125
1.1
1.06
1.011875
0.974375
0.9875
1.000625
1.039375
1.066875
1.04875
1.049375
1.02125
1.0275
1.0325
0.9975
0.97875
0.905
0.888125
0.92625
0.9475
1.06125
1.1125
1.133125
1.1625
1.114375
1.07875
1.04125
1.02
1.014375
1.025625
1.046875
1.081875
1.11375
1.12625
1.155625
1.12125
1.0625
1.026875
0.926875
0.89875
0.926875
0.9325
0.980625
1.001875
0.999375
1.0125
1.0625
1.10125
1.169375
1.225
1.2175
1.21625
1.165
1.129375
1.133125
1.13375
1.140625
1.138125
1.1225
1.1225
1.1475
1.1725
1.19125
1.183125
1.15625
1.116875
1.10875
1.115
1.13375
1.1775
1.1775
1.18875
1.16625
1.118125
1.06125
0.981875
0.93375
0.911875
0.92125
0.91625
0.9075
0.845625
0.79125
0.7625
0.754375
0.8025
0.866875
0.97125
1.04375
1.08375
1.071875
1.02
0.979375
0.995
1.020625
1.01875
1.044375
1.045
1.06
1.115625
1.149375
1.14375
1.175
1.18375
1.155625
1.148125
1.0875
1.073125
1.0975
1.10625
1.125
1.09375
1.055
1.044375
1.04125
1.03875
1.035
1.065
1.115
1.18375
1.251875
1.22625
1.185
1.14375
1.103125
1.159375
1.185
1.180625
1.1775
1.088125
1.04875
1.0425
1.0425
1.076875
1.059375
1.015
0.980625
0.98625
1.01875
1.076875
1.124375
1.114375
1.125625
1.1125
1.0475
1.03
0.975
0.966875
0.9925
1.0075
1.001875
0.988125
0.999375
0.97
0.9775
0.94625
0.89
0.86125
0.8325
0.795625
0.77125
0.73375
0.70875
0.711875
0.740625
0.82875
0.891875
0.975
1.046875
1.02625
1.030625
0.98375
0.94125
0.93875
0.91125
0.905
0.82125
0.7375
0.691875
0.705
0.793125
0.9
0.955625
0.953125
0.945625
0.96625
1.038125
1.07875
1.139375
1.131875
1.105
1.13875
1.095
1.080625
1.068125
1.031875
1.029375
1.0325
0.995625
0.944375
0.905625
0.824375
0.766875
0.756875
0.746875
0.805625
0.9125
0.980625
1.101875
1.171875
1.215
1.250625
1.205625
1.19875
1.125625
1.05625
0.98875
0.86375
0.791875
0.730625
0.735
0.77625
0.8175
0.884375
0.8875
0.890625
0.89375
0.841875
0.81
0.83125
0.884375
0.935
1.035625
1.07
1.04875
1.058125
0.9625
0.893125
0.87125
0.889375
0.993125
1.070625
1.118125
1.120625
1.069375
0.99125
0.919375
0.854375
0.869375
0.959375
1.031875
1.1025
1.10375
1.09375
1.11875
1.113125
1.086875
0.978125
0.885
0.84375
0.87
0.980625
1.026875
1.05125
1.014375
0.953125
0.895625
0.83875
0.825
0.79125
0.810625
0.815625
0.8275
0.8625
0.873125
0.885625
0.905625
0.90875
0.92375
0.976875
0.97
0.975625
0.940625
0.8625
0.791875
0.72125
0.69125
0.710625
0.755625
0.800625
0.86
0.88125
0.9425
1.00375
1.024375
1.0575
1.06375
1.07
1.07625
1.095
1.0475
1.025625
0.99
0.889375
0.881875
0.823125
0.79125
0.84625
0.86125
0.91
0.99875
0.99375
0.97625
0.955
0.85375
0.845625
0.849375
0.84875
0.888125
0.8475
0.8075
0.781875
0.75625
0.798125
0.813125
0.786875
0.7875
0.773125
0.798125
0.881875
0.965
1.00375
1.0175
0.9675
0.865
0.78625
0.7325
0.726875
0.720625
0.73875
0.731875
0.729375
0.761875
0.801875
0.88
0.913125
0.960625
0.979375
0.97875
0.99
0.99
0.99
0.99
