-0.275
-0.275
-0.275
-0.275
-0.090625
0.034375
0.115625
0.125
0.0375
-0.05625
-0.105625
-0.108125
-0.0825
-0.04125
-0.0075
-0.001875
0.035
0.05
0.021875
-0.028125
-0.1375
-0.205625
-0.23625
-0.20125
-0.0975
-0.0325
0.016875
0.013125
-0.034375
-0.090625
-0.096875
-0.125
-0.140625
-0.1
-0.1375
-0.1
-0.075
-0.05625
0.021875
0.06875
0.096875
0.1125
0.109375
0.0625
0.05375
0.041875
0.033125
0.074375
0.114375
0.135625
0.09125
1.04083408559e-17
-0.115
-0.205
-0.17625
-0.085
0.020625
0.098125
0.081875
-0.015625
-0.140625
-0.246875
-0.284375
-0.246875
-0.246875
-0.246875
-0.246875
