0.73125
0.73125
0.73125
0.73125
0.09375
-0.60625
-1.875
-2.65625
-3.06875
-2.4
-2.0625
-0.99375
-0.45625
-1.01875
-1.54375
-2.625
-2.6
-2.475
-1.03125
0.5
0.9875
2.05625
1.675
1.19375
1.64375
1.7875
2.7
3.25
2.2875
1.40625
-0.70625
-2.775
-3.3
-4.33125
-3.95625
-2.375
-1.36875
0.41875
1.7375
1.85
1.36875
0.4875
-0.46875
-0.99375
-0.1375
1.1375
2.475
2.9625
1.76875
-0.45
-3.05
-3.8875
-3.8
-2.9
-1.00625
-0.425
0.5
1.1
0.84375
0.75
0.09375
-0.11875
-0.8625
-1.4125
-1.51875
-2.48125
-2.70625
-2.7375
-3.025
-2.51875
-1.53125
-1.45625
-1.75
-2.1875
-2.90625
-2.53125
-1.33125
-0.04375
0.3625
0.325
-0.19375
-0.3875
1.125
2.38125
3.6375
3.94375
2.775
1.675
-0.10625
-1.3375
-2.2125
-2.56875
-2.04375
-1.6
-1.325
-1.75
-2.375
-3.0125
-2.7375
-2.13125
-0.8375
0.8375
1.2125
2.03125
1.21875
-0.3
-1.16875
-2.85
-3.29375
-3.64375
-3.575
-2.375
-2.375
-2.375
-2.375
