1.283625
1.283625
1.283625
1.283625
1.1751875
1.0839375
1.00125
0.978
1.0116875
1.000625
1.0245
1.0213125
1.0208125
1.0426875
1.02225
1.039375
1.0494375
1.05125
1.0724375
1.0154375
0.9354375
0.86675
0.802
0.7944375
0.8133125
0.8533125
0.9045625
0.9641875
1.01725
1.0675625
1.095375
1.105125
1.110375
1.05375
1.0114375
0.9491875
0.8824375
0.875125
0.865625
0.8764375
0.89775
0.8810625
0.8595625
0.836625
0.8364375
0.86875
0.9128125
0.967375
0.9813125
0.990625
1.007375
1.007625
1.011875
0.988625
0.9386875
0.9055
0.8861875
0.88475
0.9073125
0.915125
0.9206875
0.91575
0.8823125
0.8559375
0.8389375
0.8414375
0.853875
0.8740625
0.898625
0.90975
0.933125
0.9605
0.9718125
0.9935
1.0089375
0.987625
0.9455625
0.8985625
0.8703125
0.9149375
1.01325
1.1144375
1.2183125
1.2333125
1.20625
1.1875
1.1064375
1.10575
1.10125
1.0653125
1.066375
1.0058125
0.959625
0.9790625
1.0066875
1.0526875
1.11825
1.11675
1.151375
1.173125
1.1761875
1.1816875
1.105875
1.063125
1.0016875
0.9740625
0.9801875
0.946875
0.9598125
0.9835625
1.0176875
1.09525
1.122875
1.1068125
1.106625
1.07275
1.083625
1.085
1.0748125
1.0738125
1.039
1.03175
1.035
1.0373125
1.031875
1.031625
0.9653125
0.9033125
0.8605
0.8065
0.8080625
0.8139375
0.82375
0.840375
0.84425
0.85475
0.879125
0.9026875
0.955625
0.9806875
0.9968125
1.0215
1.00325
1.0113125
0.9838125
0.938375
0.9338125
0.9165
0.925
0.9445625
0.919875
0.893375
0.8763125
0.861875
0.8610625
0.870625
0.8639375
0.848625
0.844875
0.876375
0.9194375
0.9668125
1.0196875
1.0051875
1.009625
1.0355
1.0494375
1.076375
1.0529375
0.9943125
0.955
0.924875
0.92775
0.93275
0.9168125
0.9141875
0.8983125
0.89475
0.8776875
0.841125
0.815625
0.819375
0.8681875
0.9514375
1.058125
1.11625
1.1511875
1.1469375
1.1084375
1.10075
1.0706875
1.0485
1.0595
1.04575
1.061125
1.0866875
1.041
1.0001875
0.9314375
0.887875
0.889125
0.9171875
0.9783125
0.9819375
0.9880625
0.964
0.9296875
0.93625
0.985875
1.0428125
1.0788125
1.1000625
1.0318125
0.9710625
0.9258125
0.899625
0.9173125
0.9231875
0.9301875
0.907125
0.8825625
0.89275
0.896
0.9058125
0.940375
0.9206875
0.9280625
0.9553125
0.958875
1.0175625
1.0554375
1.0816875
1.0881875
1.067125
1.04475
1.022375
1.0281875
1.011625
0.976875
0.9305
0.89225
0.8923125
0.917875
0.978125
1.004
0.9936875
0.9933125
0.9553125
0.9403125
0.9423125
0.9064375
0.8796875
0.8654375
0.8544375
0.89375
0.9385
0.94575
0.955375
0.91425
0.8816875
0.875
0.8745
0.896375
0.8980625
0.935875
0.9765625
1.0120625
1.107875
1.12575
1.130875
1.138125
1.0486875
0.98775
0.9141875
0.844375
0.849125
0.859375
0.8764375
0.9113125
0.892375
0.88475
0.90275
0.886125
0.9159375
0.954625
0.982875
1.0264375
1.0346875
1.0035
0.967625
0.931
0.9105
0.920875
0.9055
0.8940625
0.882625
0.8996875
0.9550625
1.01325
1.1170625
1.162375
1.170625
1.1739375
1.083625
0.9953125
0.928125
0.85525
0.85275
0.8658125
0.9
0.944375
0.9686875
1.00075
1.0105625
1.010875
0.98575
0.972
0.959375
0.9701875
1.004125
1.0228125
1.0438125
1.0283125
1.05925
1.0678125
1.049375
1.0564375
0.9690625
0.9520625
0.9896875
1.01625
1.0931875
1.0756875
1.0463125
1.019875
1.0121875
1.049375
1.0205
1.006
0.9578125
0.9591875
1.0195
1.044125
1.073625
1.0064375
0.965375
0.97025
1.0030625
1.107625
1.1349375
1.1369375
1.0945
1.0144375
0.969125
0.929125
0.962
1.0091875
1.1074375
1.1765
1.15125
1.12625
1.007625
0.9148125
0.8645625
0.829125
0.8488125
0.891875
0.9571875
0.993125
1.035875
1.075875
1.1261875
1.1825625
1.20325
1.1620625
1.0733125
1.0203125
0.992125
0.9991875
0.994375
0.9373125
0.8771875
0.84225
0.8671875
0.9179375
0.9695625
0.978125
0.9339375
0.9089375
0.8830625
0.8809375
0.896875
0.86975
0.842625
0.8180625
0.8068125
0.8428125
0.896625
0.9471875
1.000625
1.024875
1.03375
1.0503125
1.040625
1.028
0.9894375
0.93225
0.8846875
0.8825
0.9061875
0.9593125
1.037625
1.03375
1.0275
1.006625
0.943375
0.924875
0.9305625
0.9209375
0.96025
1.004125
0.99725
0.9924375
0.9610625
0.9173125
0.903375
0.94525
1.0085625
1.109625
1.2041875
1.211875
1.1579375
1.0554375
0.9633125
0.9064375
0.9043125
0.933
0.972125
1.0211875
1.0365625
1.0155625
0.9758125
0.9465625
0.9331875
0.9681875
0.988
0.99675
1.0386875
1.0400625
1.05825
1.04725
0.976375
0.91475
0.8716875
0.8744375
0.9370625
1.014625
1.046625
1.04325
0.9793125
0.902125
0.873875
0.8734375
0.930875
1.039375
1.1140625
1.1576875
1.1553125
1.0616875
0.9795
0.9194375
0.8726875
0.880125
0.8759375
0.8614375
0.8605625
0.8473125
0.86875
0.9055625
0.926875
0.96725
0.9654375
0.942625
0.9348125
0.8969375
0.88275
0.9108125
0.9278125
0.9553125
1.000375
0.9924375
1.0038125
1.0461875
1.0845
1.1675625
1.2111875
1.2095
1.1433125
1.032375
0.9473125
0.890625
0.8820625
0.887625
0.9108125
0.92975
0.9648125
1.035375
1.0668125
1.06775
1.0330625
0.9925625
0.989
1.056875
1.1393125
1.2003125
1.22175
1.155875
1.1008125
1.0053125
0.93225
0.8961875
0.847375
0.858
0.8903125
0.925625
0.96375
0.9586875
0.9198125
0.8818125
0.854
0.870375
0.889625
0.928875
0.9525
0.9636875
1.007625
1.0571875
1.122125
1.1730625
1.1748125
1.1509375
1.1135
1.066125
1.0415
1.016875
1.0446875
1.12975
1.26575
1.357
1.3761875
1.308875
1.1441875
1.0445
0.9513125
0.9085
0.9174375
0.9036875
0.9081875
0.908375
0.9296875
0.9433125
0.985375
1.0226875
1.011625
1.0263125
1.005875
1.008875
1.033
1.0181875
0.9909375
0.9456875
0.9521875
0.985875
1.067125
1.146125
1.1308125
1.106875
1.0286875
0.9401875
0.8973125
0.9048125
0.93575
0.99375
1.049375
1.011375
0.98375
0.943875
0.9141875
0.934875
0.9436875
0.9263125
0.8956875
0.89025
0.9095625
0.9469375
0.9889375
0.9958125
0.9626875
0.9319375
0.89975
0.90075
0.919375
0.94275
0.9925625
0.975875
0.9648125
0.95225
0.89525
0.874375
0.869375
0.86025
0.8790625
0.922625
0.9726875
1.0275625
1.0873125
1.11225
1.0859375
1.05975
1.0084375
0.98675
0.9906875
1.0376875
1.085625
1.1076875
1.110625
1.0240625
0.9530625
0.889375
0.849125
0.898375
0.9428125
0.98275
1.0331875
1.0174375
1.011125
1.0436875
1.065625
1.1304375
1.1773125
1.187125
1.1685625
1.082125
1.0281875
0.9571875
0.9095625
0.9315
0.908875
0.9203125
0.931
0.9048125
0.8968125
0.8755
0.878125
0.882875
0.8984375
0.9313125
0.927
0.9596875
0.999625
1.0101875
1.0358125
1.0219375
0.9821875
0.95725
0.9318125
0.9175
0.932875
0.9478125
0.95475
0.9564375
0.9280625
0.9005625
0.884375
0.8981875
0.90425
0.9046875
0.9029375
0.8830625
0.8854375
0.8981875
0.914375
0.9131875
0.908125
0.898125
0.8755625
0.8581875
0.8424375
0.8179375
0.8289375
0.864625
0.9270625
1.0010625
1.023625
1.0148125
0.9784375
0.939875
0.9340625
0.9435
0.92625
0.9158125
0.885875
0.882625
0.929375
0.979875
1.062375
1.110625
1.1165625
1.0910625
1.034375
0.9738125
0.93225
0.915875
0.898
0.8881875
0.878375
0.8590625
0.8544375
0.864125
0.8771875
0.8936875
0.9125625
0.9095625
0.9031875
0.9138125
0.9105
0.909875
0.92825
0.91525
0.941375
0.984
0.98525
1.0060625
0.974125
0.926375
0.8958125
0.8609375
0.84275
0.8430625
0.8455
0.8396875
0.847875
0.86075
0.9073125
0.99275
1.0810625
1.1495625
1.1840625
1.1573125
1.1233125
1.0786875
1.014125
1.0108125
1.02475
1.0491875
1.1416875
1.221625
1.2620625
1.3068125
1.2811875
1.2160625
1.169
1.1186875
1.0981875
1.0796875
1.0421875
1.0345
0.9960625
0.97775
0.9690625
0.9150625
0.89
0.864
0.8643125
0.902125
0.9375625
0.9689375
0.9758125
0.93975
0.91225
0.8890625
0.86575
0.8675
0.872125
0.895875
0.9273125
0.9655625
0.9965625
0.9884375
0.9994375
0.999375
0.967875
0.9649375
0.922875
0.879875
0.8671875
0.837375
0.833
0.8320625
0.8256875
0.827875
0.84675
0.8716875
0.9289375
0.9861875
1.0124375
1.0739375
1.0865
1.0990625
1.1026875
1.017875
0.989125
0.9845625
0.9978125
1.060625
1.0630625
1.037125
1.0303125
1.0279375
1.032
1.0444375
1.03775
1.0440625
1.070375
1.0730625
1.0549375
1.00975
0.974
0.9615
0.9715
0.978875
0.961125
0.9585625
0.9543125
0.9529375
0.9555625
0.92775
0.9446875
0.9929375
1.0586875
1.117375
1.084875
1.008625
0.9420625
0.916375
0.9835625
1.0670625
1.102
1.0945625
1.0111875
0.9356875
0.9010625
0.883375
0.8790625
0.866875
0.8360625
0.831375
0.865125
0.9148125
0.9955
1.0606875
1.10125
1.1260625
1.1275625
1.118125
1.0964375
1.0975
1.0798125
1.0413125
1.0319375
0.999375
0.9855625
1.0120625
1.0125625
0.99725
0.9765
0.9435
0.9125625
0.89925
0.911375
0.899625
0.8980625
0.8981875
0.8794375
0.903
0.9311875
1.00875
1.08275
1.112125
1.12825
1.072375
1.0091875
0.9659375
0.9380625
0.9159375
0.94025
0.9701875
0.987375
1.0259375
1.0021875
0.9743125
0.951625
0.9165625
0.8863125
0.8769375
0.87275
0.897125
0.943125
0.9733125
1.01425
1.0375
1.0875
1.1333125
1.151
1.1640625
1.1271875
1.066125
1.0059375
0.9289375
0.8933125
0.9094375
0.9474375
1.0036875
1.0136875
0.9685625
0.91325
0.8588125
0.8355625
0.8640625
0.903625
0.940125
0.9918125
0.996
0.9735
0.9623125
0.912
0.884125
0.867625
0.8385625
0.8495
0.8613125
0.8813125
0.90475
0.893375
0.882875
0.8680625
0.8623125
0.863125
0.8821875
0.8969375
0.8953125
0.9291875
0.929125
0.9410625
0.9611875
0.93075
0.9260625
0.9136875
0.9021875
0.9216875
0.9226875
0.9236875
0.9229375
0.902875
0.87875
0.843
0.8050625
0.77875
0.7913125
0.8396875
0.9398125
1.040625
1.11
1.1796875
1.1605
1.1399375
1.1011875
0.9931875
0.9410625
0.8926875
0.8890625
0.93475
0.9405625
0.9433125
0.9036875
0.862625
0.848
0.8545
0.881875
0.9175625
0.95725
0.9594375
1.0055
1.0388125
1.0804375
1.1336875
1.10175
1.057625
0.9789375
0.926125
0.936125
0.9544375
0.9896875
0.9803125
0.9295625
0.9063125
0.8891875
0.916625
0.952125
0.9705625
1.0315625
1.061375
1.125625
1.1618125
1.152375
1.145375
1.114875
1.1480625
1.15175
1.16225
1.19725
1.1733125
1.16275
1.15225
1.0991875
1.056625
1.0501875
1.0665
1.0733125
1.0876875
1.1076875
1.10075
1.167
1.234375
1.2359375
1.2539375
1.20825
1.159
1.145375
1.090375
1.047
1.0115625
0.979
0.97875
0.9849375
0.980125
1.000125
1.0266875
1.032125
1.0455
1.03575
1.0323125
1.071125
1.1105625
1.1276875
1.1240625
1.0981875
1.06925
1.0715625
1.0606875
1.036125
1.0085
0.9621875
0.94275
0.9540625
0.95625
1.014625
1.07275
1.10275
1.1635625
1.1323125
1.093125
1.0580625
1.0224375
1.0324375
1.0474375
1.11525
1.119375
1.1204375
1.1005625
0.9950625
0.9360625
0.8993125
0.87025
0.899625
0.948375
0.97075
1.0500625
1.0980625
1.1055625
1.1569375
1.1225625
1.1175625
1.1595
1.16475
1.244125
1.31125
1.325
1.2900625
1.169375
1.018625
0.8945625
0.82225
0.798625
0.8219375
0.844375
0.8723125
0.90875
0.9249375
0.962
0.9795625
0.9831875
0.97425
0.9305
0.9456875
0.985
1.0444375
1.1224375
1.10375
1.0485625
0.978625
0.9235625
0.9256875
0.9689375
1.009625
1.004125
0.983875
0.93725
0.9468125
1.0050625
1.0673125
1.109125
1.058875
0.9715625
0.9056875
0.870875
0.887125
0.9226875
0.9390625
0.9403125
0.9403125
0.9403125
0.9403125
