0.0359786425
0.0359786425
0.0359786425
0.0359786425
0.037556481875
0.04079005875
0.045679395625
0.044004141875
0.046322183125
0.039290099375
0.031702849375
0.031615206875
0.03075813
0.031771065625
0.0364461475
0.03486831
0.03660198375
0.0411407075
0.0377999725
0.03578384375
0.02843033125
0.0233169625
0.02441755625
0.0342059875
0.04750073125
0.0663861125
0.08549550625
0.09940393125
0.11056574375
0.102598643125
0.09087199875
0.06569469875
0.04099465
0.0363000525
0.03411831125
0.05301344375
0.07636938
0.08233989625
0.083869086875
0.064535666875
0.044004260625
0.033933330625
0.02732975125
0.031732123125
0.0290634325
0.0231708825
0.023005308125
0.0278362275
0.040030396875
0.05676329
0.062480520625
0.0581268425
0.048981208125
0.033709271875
0.023102678125
0.018690571875
0.016518609375
0.016752364375
0.02126187
0.021826775
0.021193691875
0.021183953125
0.017521808125
0.018787976875
0.022138453125
0.02611227375
0.029112119375
0.028069970625
0.028693315
0.029267958125
0.0295504075
0.030310100625
0.02596616875
0.0225280375
0.0191386075
0.0227618025
0.0314886225
0.03715716125
0.048065685
0.04734494125
0.0415205725
0.0381700975
0.0267745875
0.03238470625
0.04366335625
0.05260446625
0.069025705
0.07156773875
0.06818800375
0.0693469925
0.063581019375
0.05271147125
0.043429505625
0.030076325
0.020200234375
0.01801853125
0.017054295625
0.0154861975
0.0144830025
0.0237650075
0.034050205
0.05629583375
0.077820726875
0.078200576875
0.082291278125
0.075999385625
0.078122616875
0.092985465625
0.097417034375
0.092868534375
0.074811035
0.05504907375
0.04502686625
0.04289387125
0.05383162625
0.06782766875
0.074684475
0.0854371875
0.0827879625
0.08247629375
0.084804094375
0.081521795
0.078999214375
0.06533432125
0.054610833125
0.04604957
0.043702269375
0.043692525
0.0393291125
0.035024143125
0.02881018
0.02333644125
0.02123265875
0.02008336875
0.0174438975
0.0230247775
0.0246415775
0.026531088125
0.03930962375
0.041072496875
0.045338485625
0.048533103125
0.036621401875
0.032053474375
0.031469105625
0.031644443125
0.037351943125
0.0491663
0.0533154725
0.05968530125
0.0683926675
0.0595099775
0.0568217675
0.048143613125
0.04564048375
0.05177654875
0.05339337375
0.05842885125
0.04470552625
0.03134257
0.021369045
0.015437516875
0.02409615625
0.0372058625
0.0578931125
0.0723371825
0.0825542
0.08720981875
0.072502775
0.05857491
0.04211471125
0.025927225
0.019236013125
0.01934315
0.027904391875
0.03831619
0.050500626875
0.052614155
0.044013953125
0.03705002625
0.03118668625
0.03151783375
0.04256271125
0.047792958125
0.048163073125
0.044569108125
0.035618278125
0.032316503125
0.032228845625
0.034430029375
0.034371588125
0.029764684375
0.0262583725
0.023716293125
0.02088202625
0.021456673125
0.0212716175
0.028440061875
0.03816031875
0.04641961
0.06021106375
0.057182
0.05425033
0.051493976875
0.035627955
0.029676980625
0.02353121875
0.0177555675
0.017064046875
0.0164212275
0.026258395625
0.040127820625
0.064516159375
0.095800273125
0.114110980625
0.1252727125
0.12474678125
0.105432805625
0.0818139175
0.060766320625
0.03788763
0.027417415625
0.02384292625
0.020453493125
0.02499221625
0.02652135125
0.0297062425
0.03670911625
0.036563014375
0.04278671875
0.045698910625
0.0529842725
0.064116835625
0.06419477375
0.075415005625
0.06931791875
0.06481815
0.06678557875
0.0477832825
0.04516324875
0.03971869
0.03335859375
0.03867648
0.02930686
0.02726153375
0.026005128125
0.03027116375
0.050120761875
0.0670386725
0.082904689375
0.08714143875
0.0748790875
0.05184461125
0.029988645625
0.01545697375
0.01007091
0.02026840875
0.029355575
0.0415302475
0.053743880625
0.050471345
0.048309141875
0.039387545
0.03156653625
0.030426983125
0.0283718925
0.025693458125
0.019382099375
0.019810648125
0.026316804375
0.043828866875
0.066989984375
0.08216450125
0.097192938125
0.0954008575
0.08888499625
0.08297300375
0.0630941675
0.0553705225
0.0464586275
0.04142315125
0.0447833625
0.041656900625
0.04429637625
0.0406829325
0.04546517625
0.0546497875
0.06765239875
0.09534258625
0.106806305
0.117987568125
0.11161775625
0.0851645125
0.063103918125
0.04051738
0.029696485625
0.02888809125
0.03148861
0.04135500375
0.05071492875
0.06638619125
0.087813648125
0.10141032375
0.111481211875
0.105764
0.08917721875
0.061292305625
0.035959205
0.031001666875
0.03151787875
0.045143816875
0.0613215675
0.058185349375
0.05561403125
0.0551465
0.0498870125
0.049020174375
0.045455425
0.034059913125
0.02404744875
0.023170873125
0.02811867
0.037663629375
0.05342255
0.0684120575
0.08107376625
0.090560318125
0.088963029375
0.0717820775
0.048406638125
0.030991925
0.022771538125
0.025021415
0.033446298125
0.038403830625
0.04772479375
0.058643075
0.07071065
0.08334313125
0.07721681
0.06967822625
0.05340308
0.032969059375
0.02712520625
0.020969684375
0.02494350625
0.03210222625
0.032579475
0.0333683925
0.03163471625
0.03031011
0.03221910375
0.03443976625
0.03327099125
0.032988535625
0.0330761925
0.032540511875
0.029667293125
0.024992216875
0.021953415625
0.027018064375
0.037030508125
0.04798770875
0.052701729375
0.04962396875
0.04594233875
0.043117809375
0.048338315
0.053558820625
0.05815598875
0.06132141
0.05824365125
0.04768578
0.03942648375
0.03383588
0.028654344375
0.0306412525
0.028654348125
0.0220605425
0.023005306875
0.02426174
0.027505079375
0.0344495225
0.0308555525
0.02616098875
0.02056062625
0.01432718375
0.01545699125
0.021904705
0.029277696875
0.04555283875
0.055623761875
0.057883404375
0.071392480625
0.067584238125
0.06764267625
0.0708860125
0.060269623125
0.054386775
0.050753809375
0.053227670625
0.049399969375
0.049214935625
0.04444248
0.02806023625
0.0225670175
0.01598294375
0.02245015625
0.03750783125
0.04857220625
0.063844155
0.0609222075
0.05319856375
0.05055907
0.0489324925
0.0523511275
0.0609902675
0.06767172
0.0650030475
0.063181731875
0.05516593625
0.043799665625
0.03344631125
0.028060230625
0.02662848625
0.025615549375
0.0307970925
0.028352410625
0.02631680125
0.030105564375
0.028459549375
0.034878048125
0.048192321875
0.05348104
0.061487146875
0.067155715625
0.058039278125
0.053266770625
0.049234485
0.039592099375
0.032569738125
0.02484611375
0.016567323125
0.01442457625
0.020287905625
0.026501866875
0.032355456875
0.034274190625
0.03218988625
0.030125060625
0.028410866875
0.0265310925
0.020628800625
0.018739286875
0.0168595125
0.027076543125
0.0437997275
0.0524681375
0.0611365475
0.052964864375
0.04162776375
0.03476120875
0.031926910625
0.03741039375
0.041773803125
0.047754010625
0.05139668
0.04805594375
0.0463222675
0.051338260625
0.05296481625
0.060357308125
0.0721619075
0.066356994375
0.06394151875
0.0630357
0.05791256875
0.059130036875
0.05384134875
0.044890516875
0.03763440375
0.032628173125
0.03274504875
0.033319694375
0.03219962125
0.03494622875
0.03652407125
0.04996496125
0.066386195
0.07660321
0.087307210625
0.08800844375
0.078833608125
0.0716651575
0.070593793125
0.057951595
0.050403266875
0.04649760625
0.03686497
0.04182250125
0.0514745925
0.05547763125
0.05376343375
0.0443645725
0.0348975375
0.02887837125
0.03146914625
0.04937083125
0.05853595375
0.065431714375
0.06885038875
0.053149889375
0.05225379625
0.056324976875
0.0626947325
0.0734571375
0.067847055
0.060337723125
0.0480948725
0.03929015375
0.04020569125
0.03619291
0.03400146625
0.0322190925
0.025099335
0.02053139625
0.01771661125
0.014424578125
0.02256699375
0.030495134375
0.03786810875
0.0459520825
0.041023785
0.04180298125
0.0425821775
0.042143909375
0.042348446875
0.03201457125
0.021125529375
0.01440509875
0.012632463125
0.017025091875
0.025625293125
0.03789740125
0.04870854375
0.062110459375
0.07411959375
0.06800301
0.06778871875
0.069785334375
0.06480828125
0.0702527825
0.0675158875
0.05205891125
0.04433530375
0.040517335625
0.036991565
0.040088810625
0.04678979375
0.0578542075
0.0719963825
0.0953328625
0.1054232175
0.10041691625
0.094387938125
0.07222997
0.056695064375
0.04440351625
0.033378135625
0.030456205
0.02353123625
0.02043399
0.017813994375
0.013655123125
0.015281665625
0.017103003125
0.019197053125
0.022888420625
0.03428395
0.04589375375
0.05596467625
0.069327634375
0.061905923125
0.055253650625
0.045796328125
0.032676859375
0.031868454375
0.02964778625
0.029920499375
0.0259759
0.0203755475
0.02034633875
0.02062879875
0.025751915625
0.03206328125
0.030972428125
0.03299829375
0.035774120625
0.03831618875
0.040020641875
0.03558905125
0.03667988
0.047529965
0.06169156125
0.080761995
0.084667673125
0.067233513125
0.049916238125
0.028391388125
0.018164630625
0.020093105625
0.021144996875
0.027962825625
0.03893956125
0.048114439375
0.05747437375
0.060269714375
0.04703336125
0.038744803125
0.03483913375
0.033504755625
0.039231726875
0.0378097225
0.032365200625
0.027095995625
0.024164329375
0.032141163125
0.047383871875
0.06343498
0.0823788
0.08772596375
0.074947409375
0.064759628125
0.047101454375
0.03237493
0.028985498125
0.024826629375
0.030407514375
0.039416788125
0.05833140625
0.069843805625
0.07394425
0.08093740625
0.06747704375
0.0583898375
0.046965093125
0.03037828
0.026667441875
0.0296380725
0.037868166875
0.04839683625
0.060795518125
0.0633667875
0.06597701875
0.06913268125
0.0613993375
0.06149675625
0.057834630625
0.049448724375
0.047276761875
0.039494699375
0.0342060125
0.042728324375
0.0527895175
0.06054239125
0.069210803125
0.058019796875
0.045289909375
0.039027216875
0.03184898625
0.034527418125
0.03664094375
0.033826155625
0.03046594
0.026891449375
0.02444677125
0.024807141875
0.02881018
0.042241330625
0.05680229375
0.071022365
0.08440482125
0.07861938375
0.0679056275
0.0568315
0.04067321625
0.0339235575
0.027914123125
0.02262543125
0.021291083125
0.022196885
0.036894194375
0.0512311325
0.062899376875
0.07419750875
0.0663667275
0.058165835625
0.05304270625
0.051055758125
0.053432240625
0.058672209375
0.067048359375
0.062051866875
0.063016100625
0.0677009025
0.0590033225
0.0608051775
0.061652538125
0.056285955
0.062529135625
0.07386618625
0.083664355625
0.0865668
0.08615773125
0.07361296875
0.062762925
0.05822421875
0.060308525
0.066658825
0.06595754125
0.065051726875
0.04903959375
0.03194634875
0.02556683375
0.02012233
0.03246257625
0.04642936
0.0522147475
0.060737010625
0.05202969
0.0446567175
0.03812137
0.0358910225
0.0416375125
0.0568607975
0.074967045
0.075600115
0.0800511675
0.06283123375
0.042903649375
0.03861813875
0.02740766625
0.027505065625
0.03288141
0.037829233125
0.046273625625
0.05466932
0.05862368875
0.04822160125
0.048416395625
0.051542853125
0.05358819875
0.063649394375
0.05242917
0.035433275625
0.025781155
0.017736091875
0.021573555
0.036962344375
0.045367728125
0.053578316875
0.059334491875
0.048620785
0.035579279375
0.02656029125
0.030066641875
0.040887524375
0.056091295625
0.067272549375
0.05567248375
0.048143635625
0.04335165625
0.037994770625
0.05003310375
0.06510053125
0.074041656875
0.080109556875
0.083245769375
0.06954188875
0.067136100625
0.07386620125
0.069493020625
0.075336870625
0.0682366275
0.0554386275
0.05421144
0.055448408125
0.06136043875
0.064447938125
0.060084524375
0.0515817175
0.040273860625
0.0329203475
0.029910764375
0.02735895125
0.029287425625
0.02952118125
0.029043934375
0.03324176625
0.035764360625
0.04111148625
0.047198833125
0.0463709575
0.048367613125
0.043604875
0.03791686
0.0381700925
0.029901036875
0.0289368
0.028527729375
0.0288686225
0.040605029375
0.04897148
0.059334580625
0.0625487
0.05837034375
0.0553218
0.048903300625
0.05031556375
0.0498285775
0.0553997475
0.06439931
0.063756515625
0.066707689375
0.058107456875
0.0484261125
0.044481483125
0.041325771875
0.041403685625
0.040507624375
0.04362434125
0.05045190875
0.06066891375
0.067447786875
0.06798348
0.058662539375
0.05062722375
0.048494196875
0.05806837
0.07306758625
0.076379139375
0.078765416875
0.066094000625
0.053831655625
0.05027663
0.046877441875
0.043322434375
0.03838437875
0.033475541875
0.0223722175
0.0170250875
0.01660627375
0.016138761875
0.02297606875
0.033787195
0.04057580375
0.047189096875
0.04928314625
0.0473741575
0.041432911875
0.036787055
0.0315665475
0.02578113375
0.02461235875
0.021427451875
0.022313765
0.030952953125
0.0384233775
0.04680934
0.051416276875
0.03909546375
0.038657164375
0.038803246875
0.042358241875
0.055653018125
0.0503837875
0.04486133125
0.036709145
0.03110877125
0.03164446
0.034400805
0.038803166875
0.03967974125
0.040010890625
0.03555008375
0.031449645625
0.02564475125
0.0202878875
0.015973179375
0.018349665625
0.027621895625
0.03815055125
0.04984797625
0.04658517625
0.03488775125
0.026034333125
0.020112578125
0.0208820175
0.028547200625
0.0304659325
0.03230675125
0.040225175
0.04478338625
0.05219534375
0.05395823875
0.055360790625
0.055633529375
0.0559257475
0.05616927125
0.041267420625
0.02799210875
0.015291439375
0.00946703375
0.014336908125
0.030232213125
0.050695469375
0.06403896875
0.078892125
0.072249586875
0.054766698125
0.041296584375
0.023307230625
0.026628515625
0.0360566275
0.046809345625
0.059724286875
0.05536084625
0.0536173975
0.04684823625
0.04617616125
0.05875021125
0.066055055625
0.074937743125
0.07359368625
0.057464623125
0.04638075375
0.045231410625
0.04736436875
0.057659270625
0.0651491225
0.05771771125
0.051523246875
0.04573785125
0.039952455625
0.04361460375
0.0472572725
0.047617646875
0.04395550375
0.03177107375
0.019372369375
0.009817671875
0.008308009375
0.013966808125
0.02183653125
0.03222884875
0.0402933675
0.048192305625
0.05631525625
0.059451455625
0.05765933625
0.051347973125
0.038598635
0.031245116875
0.024661041875
0.01968402875
0.018924328125
0.016391995625
0.019761951875
0.02473896625
0.030271146875
0.03636823375
0.04128681375
0.045728145625
0.0605423325
0.068850363125
0.07320405
0.07974918
0.064068156875
0.063581165
0.061126745625
0.054493974375
0.058974279375
0.04177385875
0.02786547375
0.0213008625
0.017599738125
0.03092372125
0.055915946875
0.075619485625
0.090160956875
0.094164015
0.08427812875
0.06967819875
0.0688502975
0.07283383375
0.071139151875
0.07717783875
0.060444945625
0.04402372125
0.03543323875
0.02382343125
0.0273492175
0.029336128125
0.035793584375
0.042251040625
0.04158874
0.042163385625
0.038140868125
0.035813069375
0.040984878125
0.046575496875
0.050490878125
0.049477940625
0.046127465
0.050617470625
0.05861378875
0.06735033125
0.06924956125
0.05420166
0.03662142125
0.025566815
0.01944053125
0.02319033625
0.03101136
0.034800126875
0.041900405
0.050607745
0.06377591
0.07382735625
0.0807815625
0.08090820125
0.06338637125
0.048504010625
0.030183518125
0.027173935625
0.0336606275
0.045913255625
0.06258772875
0.0566756775
0.05452317125
0.044822353125
0.034352096875
0.03520919125
0.0343228725
0.032667116875
0.03079708625
0.0317710625
0.028021258125
0.027777765
0.026122009375
0.0191288725
0.018758765625
0.017911409375
0.019888578125
0.027358964375
0.02924847625
0.033689800625
0.03798503125
0.03701105625
0.037673355625
0.03634874875
0.039971916875
0.044608021875
0.050159665
0.052029683125
0.0476857575
0.045484576875
0.046750746875
0.058925416875
0.06242198625
0.06409721875
0.067545069375
0.054932108125
0.056695004375
0.060581166875
0.061818173125
0.073379296875
0.07443122625
0.078765456875
0.06958085375
0.06157476375
0.06149683
0.0546595025
0.058380085625
0.053724475
0.045387239375
0.0376538725
0.031517823125
0.0339722425
0.03396250625
0.033826150625
0.032150919375
0.025898000625
0.022235855
0.029034185625
0.036144185
0.0414815525
0.0472864275
0.046361201875
0.045747645
0.0480365325
0.050081926875
0.04043954
0.034985253125
0.031849029375
0.03160551125
0.040556346875
0.043312695
0.042348455
0.0362221475
0.031186695
0.024183815
0.02170017875
0.02206055
0.020969695
0.02498247
0.02285920125
0.02573242625
0.02951145
0.030037395625
0.0334852725
0.029316659375
0.025576595625
0.026141501875
0.028790708125
0.033699539375
0.037751271875
0.03773179125
0.03326124875
0.025761644375
0.018495794375
0.014385619375
0.014794686875
0.020696971875
0.027992039375
0.03121589375
0.03561826125
0.040381004375
0.04330293875
0.049633786875
0.0479195975
0.038881108125
0.04141346125
0.04460811375
0.05351026
0.066912175
0.060406
0.049828611875
0.036543573125
0.026063584375
0.027972576875
0.032384684375
0.041510830625
0.047831926875
0.045387245625
0.0439360175
0.03759543875
0.027251821875
0.02190469875
0.014551190625
0.00918458875
0.007821025
0.006808093125
0.00928199
0.013742793125
0.023901353125
0.0340696525
0.050559071875
0.062159140625
0.06636673375
0.0740416775
0.0703210525
0.07041841
0.07221048625
0.067983399375
0.057649545
0.05678274625
0.0531108975
0.051104541875
0.06181828375
0.051766838125
0.043293235625
0.039708990625
0.02806997125
0.0258980075
0.03366057
0.036855188125
0.04530927
0.056490484375
0.050072004375
0.041978286875
0.0326573625
0.0206287875
0.018262025
0.02037555
0.02163197875
0.02323903625
0.02921925
0.03130356375
0.034313151875
0.037527275625
0.040527149375
0.046273629375
0.05195193125
0.05794190625
0.0483579575
0.03579364625
0.025693490625
0.0160608425
0.017979573125
0.0216904225
0.02004441125
0.021554079375
0.0252746675
0.031079555625
0.04099461625
0.04451065875
0.04660470125
0.04630276875
0.04478336875
0.05354913125
0.05670479375
0.057805368125
0.0617109925
0.050344723125
0.04357561625
0.050539579375
0.0546984925
0.071460624375
0.08563198125
0.08126855
0.07468445625
0.057561949375
0.04466649875
0.035374776875
0.02740766125
0.026083059375
0.02526492625
0.0281771175
0.03288142125
0.036670186875
0.031936664375
0.026706414375
0.019684051875
0.012973358125
0.014424578125
0.02759274
0.04077063875
0.06370779375
0.084005479375
0.08172638
0.08030438125
0.06324030125
0.05468879
0.06612325125
0.078502469375
0.1013811875
0.110994305625
0.103640813125
0.09626783875
0.073320940625
0.049575410625
0.042367941875
0.03248204125
0.037264238125
0.04868894875
0.04350742
0.04109198
0.041277085
0.041442708125
0.05360768625
0.06436040125
0.061302085
0.06126309375
0.059256675
0.05767880625
0.06073709375
0.054591313125
0.041023838125
0.030904238125
0.0224209125
0.018787985
0.02491429
0.02702781375
0.0312840825
0.038881084375
0.041316016875
0.041218615625
0.039105089375
0.031215893125
0.023365659375
0.021144999375
0.027982288125
0.03766358375
0.046624135
0.054182165
0.048231195625
0.053607576875
0.061808484375
0.068879579375
0.0777232925
0.06488628
0.050938941875
0.03699160375
0.028323210625
0.03315413
0.037166905
0.037176641875
0.034478728125
0.025216220625
0.017882183125
0.016333559375
0.015778385625
0.026794024375
0.04708193125
0.063775868125
0.08339173625
0.087092885625
0.07267805375
0.064107073125
0.051386955
0.048036455625
0.04905912625
0.0507246025
0.05062718625
0.04627350125
0.04573779875
0.03182945375
0.02181700625
0.014697264375
0.006847040625
0.008269039375
0.011707170625
0.01490180875
0.022498814375
0.037644115
0.048055896875
0.060990273125
0.065889354375
0.059685154375
0.054104291875
0.04700402875
0.043692529375
0.0376441375
0.037186370625
0.036319535
0.035881248125
0.04206599625
0.038939538125
0.031215916875
0.023618913125
0.015116110625
0.011093589375
0.015135581875
0.020784635
0.026433688125
0.031829515625
0.03319308625
0.036017616875
0.04663392875
0.061866879375
0.0759700175
0.08137555625
0.07029173375
0.054045841875
0.036027318125
0.0228591925
0.021281351875
0.018369168125
0.019586635625
0.02215793
0.022401425625
0.02813813875
0.04271857
0.056480856875
0.06722381875
0.072697575
0.05738665625
0.04078035625
0.036913675
0.034498219375
0.04312767
0.055458226875
0.04621519125
0.037322785
0.02899527875
0.01621670125
0.02342409625
0.031079519375
0.036465580625
0.046896834375
0.043390539375
0.0511628975
0.059880011875
0.06775951125
0.078327166875
0.067535505
0.06288962875
0.050257151875
0.04329320625
0.048075423125
0.0443158725
0.04631251625
0.0420757225
0.0367285975
0.03167367
0.035267624375
0.04396520375
0.052662783125
0.063522585625
0.0657042875
0.063006378125
0.05552625
0.052448489375
0.04469566625
0.043858065625
0.04865004
0.045815789375
0.04765660125
0.045474895625
0.0416666525
0.046741064375
0.05181547625
0.055351006875
0.057902825
0.049468199375
0.04103357375
0.0320827425
0.02509933625
0.0350826
0.041062825625
0.0495753875
0.062461105625
0.054006985625
0.052429129375
0.058165805
0.055526286875
0.06174022625
0.06790547125
0.057581355
0.04836757375
0.0443937775
0.03168341875
0.0316931575
0.03918302625
0.03862786
0.043984725
0.04418926
0.03734221125
0.034537159375
0.03441053875
0.038238261875
0.0400985575
0.043137361875
0.04158874125
0.032715820625
0.0283621425
0.02159300875
0.0186418625
0.02469025375
0.02988154875
0.036280571875
0.04077060125
0.039066143125
0.037361685
0.036894173125
0.0379655425
0.045406693125
0.0550879875
0.073613
0.086566874375
0.086138366875
0.08044065375
0.056276328125
0.03651437
0.026375269375
0.02285919875
0.02486559
0.037429891875
0.050656493125
0.05972422
0.0720742425
0.06311365
0.05298428875
0.040390771875
0.028177103125
0.034137809375
0.03722529125
0.044130753125
0.052487440625
0.046838403125
0.047247489375
0.04655598875
0.040527104375
0.038248006875
0.03237494125
0.02589800625
0.02215794
0.02143719375
0.016684190625
0.0168789825
0.020891756875
0.02376498625
0.039377791875
0.0469553025
0.04763707
0.05237057
0.040604969375
0.03372872625
0.033163840625
0.029696510625
0.041812743125
0.0521368575
0.05849689625
0.06148697875
0.0492051675
0.037848634375
0.02808942
0.019917788125
0.0183691725
0.019265234375
0.02306374
0.02806997375
0.03759545
0.052818713125
0.0589158275
0.065032420625
0.063892899375
0.046429490625
0.038705835625
0.03386514625
0.032189875625
0.036621461875
0.033913811875
0.026423944375
0.0197229975
0.017541293125
0.0184763075
0.022781278125
0.026355766875
0.02705703125
0.026852496875
0.023112431875
0.031040609375
0.03688448
0.047656666875
0.06096119
0.051669449375
0.044871084375
0.034050201875
0.02586878875
0.029355618125
0.035160510625
0.045640465625
0.053003701875
0.0599968275
0.062353826875
0.051328444375
0.036280544375
0.0208917525
0.00782102375
0.01411293375
0.03312494125
0.05426021625
0.076311029375
0.087706523125
0.085729374375
0.088865575
0.10146883125
0.1140720875
0.13022059375
0.131204344375
0.11453962625
0.091251845625
0.066220651875
0.048835144375
0.03512154375
0.029725724375
0.0329008875
0.0409167075
0.052088206875
0.06713614375
0.07167488625
0.0702821225
0.06935686625
0.05214670375
0.0400596475
0.0308360725
0.022566991875
0.024865568125
0.034332588125
0.040098508125
0.044880715
0.049185670625
0.04020563875
0.041569200625
0.04538718125
0.0503836725
0.06400957
0.06214929875
0.0543769975
0.045679419375
0.03133277875
0.027699850625
0.03881292625
0.050305851875
0.06744784
0.077976535
0.065928445
0.057893133125
0.041744603125
0.029667290625
0.031362006875
0.02500194875
0.025985664375
0.029608849375
0.02828424125
0.031001629375
0.029170555
0.020190505
0.013645393125
0.007450913125
0.004665346875
0.017210169375
0.029784210625
0.052925901875
0.0746066275
0.07350603375
0.075872790625
0.06174037
0.050685710625
0.05311088875
0.04897147625
0.04449118875
0.03494623375
0.02562529125
0.02004441
0.0245928725
0.04260169
0.05527312625
0.06810040375
0.07249305625
0.05715293125
0.0497409625
0.040634275
0.04165693125
0.0488059125
0.045231425
0.04200756625
0.02806023875
0.0167913425
0.0203268525
0.02584927375
0.03817003875
0.05248745375
0.05210761875
0.0597728375
0.06346424375
0.06316235
0.06557783125
0.0501110875
0.03752730625
0.02749534125
0.02055087625
0.019469765
0.0154959475
0.0124084475
0.0182133225
0.027992015
0.0428548575
0.0569579975
0.054474375
0.054474375
0.054474375
0.054474375
