2.91875
2.91875
2.91875
2.91875
2.93125
3.3125
3.55625
3.85
4.3875
4.41875
4.325
4.275
3.8875
3.425
3.2
3.1375
2.975
3.2375
3.6
3.5125
3.88125
3.9875
3.95625
4.35625
4.19375
3.9
3.8125
3.5375
3.8625
4.55625
4.89375
5.23125
5.25625
5.10625
4.84375
4.58125
4.26875
3.8
3.76875
3.59375
3.7
3.95625
4.10625
4.54375
4.3625
4.18125
3.85625
3.2375
3.05625
3.09375
3.05
3.15625
3.5875
3.725
3.96875
4.43125
4.375
4.25
4.2125
3.7375
3.3625
3.425
3.6875
4.3875
5.14375
5.3125
4.99375
4.3875
3.99375
3.89375
4.25625
4.5375
4.2
4.04375
3.66875
3.65
4.23125
4.65625
5.0125
5.175
4.99375
4.5875
4.39375
3.96875
3.65625
3.75625
3.78125
4.16875
4.5875
4.6875
4.575
4.39375
4.21875
4.2125
4.13125
3.75625
3.425
3.0
2.94375
3.10625
3.36875
3.51875
3.36875
3.36875
3.44375
3.775
4.475
5.025
4.95625
5.025
4.80625
4.4375
4.50625
4.18125
3.99375
3.9625
4.00625
4.3375
4.38125
4.375
4.29375
3.70625
3.58125
3.5375
3.26875
3.5125
3.38125
3.3625
3.56875
3.475
3.40625
2.99375
2.54375
2.24375
2.0
1.99375
1.94375
1.89375
1.94375
2.15625
2.45625
2.90625
3.3
3.28125
3.21875
3.0375
2.8625
3.0375
3.2125
3.175
3.2875
3.2625
3.2375
3.39375
3.43125
3.45625
3.48125
3.65
3.71875
3.60625
3.85625
3.81875
3.7375
4.03125
3.78125
3.675
3.825
3.65
3.68125
3.93125
3.9
4.14375
4.15625
3.9125
3.8
3.625
3.61875
3.46875
3.325
2.8875
2.70625
2.70625
2.8875
3.46875
3.83125
4.19375
4.34375
4.28125
4.1875
4.2375
4.16875
3.9
3.6625
3.2875
3.20625
3.4375
3.4375
3.43125
3.2875
3.2125
3.6
3.8
3.84375
3.5875
3.09375
2.825
2.7125
2.93125
3.1625
3.3125
3.66875
3.8125
4.1625
4.78125
4.975
5.4125
5.23125
5.00625
4.94375
4.41875
4.51875
4.4375
4.4
4.45
4.1125
3.59375
3.28125
3.1875
3.2625
3.45
3.24375
2.9375
2.84375
2.81875
2.99375
3.2125
2.95625
2.54375
2.08125
1.875
2.26875
3.08125
3.9375
4.275
3.93125
3.46875
3.23125
3.50625
4.18125
4.53125
4.65625
4.61875
4.69375
4.88125
5.04375
4.96875
4.55625
4.39375
4.3125
4.6
5.0
4.84375
4.7
3.93125
3.4125
3.35625
3.28125
3.80625
4.175
4.59375
4.9625
5.1
5.2375
5.05625
4.5
3.98125
3.3875
3.0125
3.24375
3.31875
3.2
3.0
2.375
2.24375
2.5375
2.91875
3.49375
3.39375
2.91875
2.54375
2.16875
2.41875
2.84375
2.94375
3.09375
2.66875
2.29375
2.43125
2.46875
2.95625
3.54375
3.65
3.80625
3.6875
3.2875
3.04375
2.84375
2.66875
2.5875
2.30625
1.9375
1.69375
1.4875
1.475
1.55
1.5875
1.63125
1.83125
1.9875
2.40625
2.86875
3.18125
3.49375
3.6875
3.98125
4.1125
4.60625
4.8375
4.78125
5.1
4.69375
4.16875
3.75
3.1125
3.01875
3.15625
3.48125
3.54375
3.60625
3.85625
3.84375
4.38125
4.375
3.9625
3.8125
3.11875
2.7875
2.725
2.54375
3.03125
3.46875
3.975
4.275
3.9125
3.56875
3.14375
2.8875
2.91875
3.0625
3.39375
3.73125
3.83125
4.0
3.76875
3.5375
3.85
3.8625
3.88125
3.85
3.54375
3.5375
3.81875
4.49375
4.95625
5.48125
5.69375
5.225
5.04375
4.4375
4.11875
4.54375
4.6125
4.85625
5.0125
4.3625
3.775
3.06875
2.46875
2.30625
2.44375
2.7375
2.925
3.1875
3.3
3.56875
3.725
3.575
3.275
3.06875
2.925
3.175
3.9375
4.23125
4.76875
5.19375
5.00625
4.89375
4.7375
4.2375
4.2375
4.3875
4.3
4.63125
4.4625
4.28125
4.09375
3.63125
3.2625
3.0125
2.9875
3.36875
4.0625
4.89375
5.35
5.58125
5.54375
5.25625
5.2125
5.1
5.1
5.1
5.1
5.03125
5.325
5.4625
5.9625
6.2375
6.15
6.0125
5.5125
5.30625
5.1
5.1
5.1
5.25
5.4
5.55
5.7
5.55
5.4
5.6125
5.66875
6.2375
6.44375
6.2875
6.08125
5.5125
5.30625
5.1
5.1
5.1
5.1
5.1
5.25
5.21875
5.1875
5.15625
5.03125
5.26875
5.86875
6.2875
6.44375
6.05625
5.0625
4.06875
3.64375
3.58125
4.00625
4.6125
4.675
5.1
5.06875
5.0375
5.1875
4.7625
4.7625
4.96875
5.2375
5.93125
6.2
6.41875
6.48125
6.33125
6.24375
5.81875
5.3375
4.85625
4.525
4.375
4.375
4.19375
4.15625
4.11875
4.0375
4.1375
3.90625
3.85625
4.1125
4.14375
4.6125
4.49375
3.85
3.69375
3.44375
3.85
4.5625
4.79375
4.4625
3.63125
2.9375
2.64375
2.8
3.25
3.3375
3.175
3.08125
3.0875
3.23125
3.5375
3.625
3.60625
4.0375
4.16875
4.55
4.7125
4.225
4.125
3.88125
3.775
3.9125
4.05
4.4
5.05625
5.775
6.16875
5.94375
5.41875
4.83125
4.35
4.28125
4.2125
3.96875
3.8
3.66875
3.65
3.75625
3.825
4.20625
4.29375
4.8375
5.525
5.85625
6.76875
7.09375
7.025
6.8125
5.875
5.15625
4.79375
4.35625
4.5
4.3875
4.16875
4.4625
4.5375
5.05
5.70625
5.99375
6.28125
6.35
6.275
6.275
6.275
6.275
6.025
5.775
5.45
5.125
5.08125
5.0375
5.14375
5.39375
5.6875
6.125
6.4875
6.70625
6.85
6.70625
6.5625
6.16875
5.775
5.525
5.16875
5.16875
5.16875
5.3125
5.66875
5.91875
6.3125
6.44375
6.46875
6.49375
5.9625
5.525
5.0125
4.5
4.8125
5.15
5.78125
6.4125
6.63125
6.85
6.4375
6.025
5.46875
4.9125
4.775
4.6375
4.38125
4.125
3.8625
3.49375
3.3875
3.28125
3.175
3.30625
3.84375
4.11875
4.65625
4.7375
4.4125
4.50625
4.3
4.64375
4.625
4.29375
3.81875
2.93125
2.3625
1.95
1.8625
2.1875
2.6
3.2
3.5125
3.6
3.8625
3.8
4.0625
4.325
4.10625
4.01875
3.525
2.80625
2.35
1.9
1.675
1.675
1.925
2.175
2.58125
3.2125
3.5
3.9
4.03125
3.7125
3.38125
2.78125
2.29375
2.03125
1.98125
2.3125
2.6
3.075
3.48125
3.4375
3.84375
3.91875
3.80625
4.325
4.4375
4.875
5.4625
5.64375
5.41875
4.83125
4.60625
4.13125
4.0625
4.13125
3.8375
4.04375
4.65625
5.46875
5.88125
5.9
5.29375
4.6375
4.5625
4.63125
4.91875
5.1
5.1
5.1
5.175
5.14375
5.1875
5.15625
5.05
5.15625
5.1875
5.5125
5.8375
6.2
6.5625
6.30625
6.05
5.29375
4.5375
4.4375
4.125
4.38125
4.6375
4.425
4.6375
4.6375
4.41875
4.51875
4.40625
4.29375
4.61875
4.94375
5.26875
5.375
5.2875
5.09375
4.6875
4.65
4.5625
4.25625
4.30625
4.0625
3.7375
3.63125
3.38125
3.23125
3.075
3.1375
3.00625
2.9625
3.25
3.31875
3.625
4.1
4.35625
4.75625
5.33125
5.43125
5.3125
4.64375
3.5375
2.94375
2.68125
3.23125
4.18125
4.675
5.125
4.95
4.59375
4.6625
4.6625
4.91875
4.99375
4.78125
4.53125
4.06875
3.96875
3.7875
3.5
3.5625
3.625
4.01875
4.91875
5.6125
5.98125
6.20625
5.81875
5.51875
5.1
4.38125
3.98125
3.5375
3.4
3.75
3.80625
3.5875
3.325
2.8
2.6875
3.0625
3.65625
4.3625
4.94375
5.325
5.225
5.05
4.71875
4.1125
4.01875
3.9125
3.7875
3.9125
3.5375
3.1125
3.00625
2.9
3.29375
3.8125
4.0625
4.46875
4.36875
4.00625
3.5625
3.09375
3.1125
3.325
3.6
3.68125
3.3125
3.0625
2.9375
2.65625
2.925
3.15
3.36875
3.84375
3.84375
3.775
3.8125
4.03125
4.60625
5.18125
5.83125
6.15625
5.90625
5.43125
4.59375
3.9
3.75
4.01875
4.575
5.15
5.58125
5.625
5.11875
4.30625
3.2375
2.5875
2.75
3.1625
4.0875
4.71875
4.8
4.88125
4.525
4.4875
4.51875
4.8125
5.4625
5.65
6.13125
6.3125
6.1375
6.16875
5.7625
5.575
5.275
4.98125
4.98125
4.39375
4.28125
3.98125
3.3875
3.60625
3.63125
4.25
5.23125
5.65
6.13125
6.0625
5.8875
5.6625
5.0125
4.2875
3.34375
2.5625
2.1625
2.13125
2.64375
3.425
4.525
5.53125
5.775
5.83125
5.11875
4.35
4.2375
4.05
4.53125
5.025
5.2625
5.5375
5.3375
5.01875
4.7
4.20625
3.875
3.68125
3.45
3.3875
3.6375
3.8625
3.9
4.0875
3.79375
3.34375
3.38125
3.24375
3.50625
4.1375
4.43125
4.825
4.85625
4.66875
4.525
4.09375
4.0625
4.175
4.56875
5.21875
5.43125
5.1
4.11875
3.28125
2.86875
2.85625
3.4625
3.70625
3.54375
3.41875
3.04375
2.85
2.76875
2.65
2.775
3.08125
3.91875
4.75625
5.2
5.2
4.35
3.64375
3.11875
2.9375
2.9375
2.9375
2.9375
