1.0406875
1.0406875
1.0406875
1.0406875
1.022875
0.9985625
0.95825
0.9025
0.831625
0.7884375
0.7730625
0.8120625
0.8830625
0.90975
0.9288125
0.892375
0.835625
0.816125
0.764125
0.749375
0.7149375
0.66375
0.65975
0.639
0.66625
0.687875
0.718875
0.79275
0.842625
1.030375
1.14275
1.185
1.22725
1.0340625
0.912
0.825
0.761125
0.8433125
0.9015
0.970875
1.017125
1.0283125
1.0395
1.0283125
0.988875
0.914375
0.839875
0.811625
0.81675
0.8569375
0.897125
0.8671875
0.832125
0.7970625
0.762
0.7731875
0.784375
0.803375
0.822375
0.819
0.815625
0.8078125
0.8121875
0.82775
0.8555
0.879875
0.879875
0.9149375
0.925625
0.925125
0.941125
0.9141875
0.8994375
0.918875
0.941875
0.9685625
0.9589375
0.8999375
0.803875
0.7240625
0.699875
0.71325
0.7365
0.7204375
0.690375
0.6641875
0.71675
0.7999375
0.8938125
0.9886875
0.9893125
0.99825
0.9666875
0.879
0.8326875
0.7978125
0.89575
1.0738125
1.23025
1.3635625
1.312625
1.2055625
1.1459375
1.075375
1.056875
1.0705
1.05175
1.054875
1.109625
1.1205625
1.1424375
1.13025
1.162375
1.25
1.26725
1.2925625
1.1576875
0.9781875
0.8715625
0.783375
0.7825
0.7764375
0.7799375
0.7960625
0.8139375
0.8565625
0.83975
0.802625
0.763625
0.7581875
0.8376875
0.89525
0.9546875
0.950125
0.8485625
0.7631875
0.6505
0.5655625
0.550375
0.597625
0.6858125
0.7594375
0.816375
0.805
0.76675
0.7815
0.7781875
0.795
0.8279375
0.8145625
0.9268125
1.0281875
1.109625
1.1998125
1.0889375
0.970125
0.9029375
0.8034375
0.782
0.7693125
0.721125
0.6943125
0.6671875
0.6448125
0.623375
0.6254375
0.677625
0.7379375
0.7801875
0.92
1.009125
1.0931875
1.194375
1.0913125
1.007875
0.9376875
0.8896875
1.0281875
1.146625
1.2235
1.270625
1.110125
0.961
0.8475
0.7269375
0.7461875
0.77925
0.8200625
0.887375
0.9130625
0.9084375
0.8505
0.7495
0.6765625
0.6491875
0.699625
0.805875
0.9935
1.1035
1.1428125
1.132875
0.90525
0.727
0.607125
0.56425
0.68225
0.914625
1.1169375
1.2456875
1.338
1.24
1.15075
1.0854375
1.003
0.9843125
0.9455625
0.918625
0.9206875
0.9349375
0.9615
0.9384375
0.88575
0.8331875
0.7846875
0.777125
0.7985
0.81975
0.8368125
0.865
0.9168125
0.963375
1.02875
1.053125
1.0045
0.94225
0.83725
0.757375
0.7468125
0.77675
0.843625
0.91525
0.9168125
0.8840625
0.82625
0.7744375
0.8075625
0.880625
0.96325
1.0189375
1.0215625
0.961875
0.9071875
0.8929375
0.8698125
0.8929375
0.9295
0.8991875
0.869625
0.828875
0.739125
0.707
0.7043125
0.7081875
0.7504375
0.79675
0.829625
0.849375
0.8755
0.88575
0.8995
0.8951875
0.8793125
0.8319375
0.76425
0.7618125
0.7583125
0.7931875
0.878875
0.919625
0.9419375
1.052875
1.105875
1.1580625
1.3379375
1.312875
1.316125
1.41775
1.31125
1.3118125
1.2915
1.0898125
0.99975
0.8965625
0.807875
0.8954375
0.987125
1.11625
1.23425
1.176125
1.062
0.9165
0.7903125
0.7680625
0.833
0.8965
0.9860625
1.0479375
1.055625
1.09375
1.05875
1.0260625
0.9726875
0.86625
0.8088125
0.77025
0.7871875
0.8495
0.8916875
0.9084375
0.8974375
0.8711875
0.8706875
0.898
0.88525
0.8474375
0.78275
0.72925
0.752
0.823
0.934625
1.00025
1.0218125
1.01925
0.99625
1.01925
1.0689375
1.1015
1.1023125
1.0613125
0.9826875
1.0263125
1.1098125
1.2079375
1.336625
1.260375
1.2519375
1.263625
1.2305
1.309
1.1915625
1.037
0.932625
0.8215
0.869625
0.9440625
1.0173125
1.0563125
1.013375
0.9705
0.869375
0.80975
0.7603125
0.7126875
0.7134375
0.7366875
0.8006875
0.8285
0.8441875
0.79025
0.7635
0.7600625
0.76875
0.9120625
0.9838125
1.0965
1.1993125
1.13025
1.0921875
0.9951875
0.949125
0.97125
0.993
1.030125
0.9606875
0.899
0.8179375
0.72925
0.752375
0.743875
0.8575
1.0065625
1.0631875
1.1714375
1.0624375
0.946
0.9058125
0.8244375
0.9023125
0.9564375
0.974375
1.0269375
0.9975625
0.9946875
0.979625
0.9351875
0.93725
0.912
0.8726875
0.8213125
0.75825
0.686625
0.6311875
0.597625
0.5616875
0.6714375
0.82675
1.026625
1.21425
1.1653125
1.045375
0.8619375
0.7144375
0.7006875
0.756375
0.8385
0.8993125
0.9291875
0.9275
0.9204375
0.87275
0.8290625
0.759
0.6650625
0.6480625
0.653375
0.6826875
0.76
0.7646875
0.752375
0.7640625
0.75175
0.77575
0.7989375
0.8141875
0.8295625
0.969375
1.0938125
1.1904375
1.2628125
1.1109375
0.9720625
0.840625
0.7333125
0.7375
0.753375
0.777875
0.800125
0.7905
0.7600625
0.7093125
0.6630625
0.6331875
0.615625
0.5894375
0.561
0.5486875
0.5240625
0.6485
0.7740625
0.893875
1.0745
1.0425625
1.0555
1.0713125
1.0213125
1.0594375
1.0285625
0.9840625
0.945
0.890875
0.85725
0.816
0.786625
0.761125
0.7396875
0.7266875
0.7201875
0.7503125
0.784
0.8404375
0.8645625
0.8470625
0.7999375
0.7140625
0.6904375
0.723125
0.888625
1.104625
1.28925
1.386625
1.291875
1.15425
1.0224375
0.938875
0.9324375
0.897125
0.8198125
0.7525625
0.6715
0.6665625
0.723875
0.780875
0.855
0.9825625
1.075125
1.1628125
1.25725
1.26275
1.2600625
1.2410625
1.2415625
1.1369375
1.0485625
0.9639375
0.9445625
1.0244375
1.084125
1.1515625
1.0549375
0.99925
0.9834375
0.96525
0.990625
0.9848125
0.9378125
0.9918125
1.0781875
1.1329375
1.21025
1.0633125
0.94175
0.8479375
0.7285625
0.77425
0.8015625
0.828875
0.8704375
0.8408125
0.880125
0.9194375
1.0141875
1.188875
1.1825
1.17275
1.085375
0.9138125
0.847375
0.7995
0.779875
0.7950625
0.81025
0.7899375
0.7790625
0.7920625
0.826375
0.900375
0.9555
0.9516875
0.9071875
0.8563125
0.8049375
0.7913125
0.8243125
0.815125
0.8046875
0.81175
0.7915625
0.82975
0.9214375
0.9689375
1.0203125
1.0304375
0.967125
0.956125
0.9295
0.930875
1.0665625
1.145625
1.2119375
1.22925
1.055375
0.9286875
0.8415625
0.827625
0.9246875
1.002875
1.066
1.06075
1.0325
1.0254375
1.021125
1.0331875
1.022125
0.95875
0.983125
1.0365
1.0766875
1.1631875
1.08325
1.002125
0.9979375
0.983625
1.0160625
1.011375
0.9778125
0.9223125
1.001125
1.106375
1.1839375
1.275
1.1729375
1.060375
0.98675
0.9075625
0.9284375
0.9545625
0.938875
0.929875
0.87375
0.799875
0.7203125
0.666875
0.669
0.7278125
0.8143125
0.8530625
0.837375
0.7404375
0.6695
0.6316875
0.66425
0.8535
1.0065625
1.1834375
1.3289375
1.2490625
1.171125
1.032375
0.8835
0.868625
0.8385
0.836125
0.837875
0.814125
0.8191875
0.848125
0.86375
0.88425
0.9960625
1.051625
1.1001875
1.122375
0.9688125
0.8315
0.746625
0.6835
0.6639375
0.7199375
0.727
0.76775
0.9491875
1.0240625
1.10325
1.1406875
1.0048125
0.9400625
0.9021875
0.8680625
0.881
0.854875
0.818
0.7995
0.8059375
0.8255
0.850875
0.852625
0.8353125
0.8345625
0.8491875
0.8821875
0.90425
0.9089375
0.8751875
0.834875
0.9285625
1.11825
1.3098125
1.5186875
1.53275
1.377625
1.224
1.016875
0.8741875
0.8074375
0.778125
0.8211875
0.903
0.99575
1.057125
1.046125
1.0063125
0.93675
0.841125
0.7816875
0.741125
0.72025
0.7790625
0.837875
0.899
0.9771875
0.9948125
1.0364375
1.0545625
1.031625
1.0328125
1.098125
1.1700625
1.2288125
1.227
1.0384375
1.0384375
1.0384375
1.0384375
