-7.22875
-7.22875
-7.22875
-7.22875
-6.698125
-6.28625
-5.141875
-3.765625
-3.385625
-2.879375
-3.59375
-4.73125
-4.831875
-4.704375
-4.569375
-4.005625
-3.789375
-4.28125
-4.17875
-4.36
-5.464375
-5.933125
-6.2075
-7.06875
-6.268125
-5.66125
-6.140625
-6.085625
-7.518125
-8.3775
-7.808125
-6.291875
-4.590625
-3.84375
-4.079375
-6.01125
-7.56875
-8.4975
-9.80625
-10.11625
-10.0575
-9.92875
-9.18875
-8.748125
-8.2725
-8.38875
-7.77125
-7.006875
-6.948125
-5.70625
-5.928125
-6.148125
-6.175
-7.825625
-8.20375
-8.04125
-7.6025
-5.54625
-4.030625
-3.055625
-2.631875
-3.204375
-3.63625
-4.60875
-5.2075
-6.22875
-7.92125
-8.9225
-9.69375
-9.4825
-8.413125
-7.166875
-6.1425
-5.85875
-6.380625
-7.093125
-7.805625
-7.774375
-6.8925
-6.7625
-7.005
-7.260625
-8.26125
-8.548125
-8.460625
-9.365625
-9.799375
-9.815625
-9.335625
-8.1625
-7.088125
-7.04625
-7.84375
-8.36
-8.545
-8.3125
-7.091875
-6.2125
-6.094375
-5.8775
-6.683125
-7.256875
-6.66875
-5.580625
-4.546875
-4.476875
-5.870625
-7.583125
-8.325
-7.96375
-6.370625
-5.489375
-5.689375
-6.131875
-7.415625
-8.319375
-8.531875
-8.943125
-8.63125
-7.436875
-6.065625
-5.0525
-4.461875
-5.335
-7.01375
-7.76625
-8.548125
-8.59625
-7.66625
-7.734375
-7.430625
-6.325
-6.219375
-5.61375
-5.31
-5.88375
-5.5275
-4.439375
-4.083125
-4.385
-5.546875
-8.1725
-9.13625
-8.868125
-8.168125
-6.23625
-6.164375
-6.286875
-6.41125
-7.53375
-7.22625
-7.298125
-6.871875
-5.949375
-6.025
-6.32875
-7.200625
-8.070625
-7.6325
-6.8225
-6.370625
-5.41875
-5.15875
-4.53875
-2.9925
-1.668125
-1.020625
-1.1925
-2.26375
-4.39125
-6.33125
-7.5
-8.36625
-7.954375
-7.17125
-7.1925
-6.636875
-6.58125
-6.025625
-5.5475
-5.410625
-5.771875
-6.633125
-6.564375
-6.325
-5.11125
-4.246875
-4.14375
-4.898125
-6.605
-7.741875
-8.64625
-9.37125
-9.62
-9.72875
-9.588125
-8.64875
-6.78125
-5.57625
-3.940625
-2.3575
-2.481875
-2.363125
-2.9425
-3.855
-4.13875
-4.735
-5.67875
-7.354375
-8.720625
-9.715625
-10.024375
-9.024375
-7.660625
-6.198125
-5.17125
-5.39125
-6.385
-7.4175
-8.393125
-8.891875
-8.79125
-8.06125
-7.174375
-5.65875
-4.346875
-4.031875
-3.568125
-3.91
-4.81875
-5.4825
-5.5975
-5.53375
-4.735625
-4.254375
-5.16
-5.186875
-5.489375
-4.970625
-2.99875
-1.676875
-0.76125
-0.828125
-2.08125
-3.448125
-4.551875
-4.615
-4.755625
-5.640625
-6.058125
-6.058125
-6.058125
-6.058125
