1.059375
1.059375
1.059375
1.059375
0.993125
0.9875
0.9825
0.995625
1.05875
1.13
1.18375
1.191875
1.17375
1.108125
1.05375
1.016875
1.015625
1.07375
1.109375
1.1425
1.14
1.050625
0.99875
0.951875
0.930625
0.97625
0.99625
0.991875
0.95875
0.9
0.86
0.853125
0.88875
0.95125
0.9925
1.034375
1.053125
1.0425
1.0425
1.030625
1.013125
0.9775
0.941875
0.924375
0.911875
0.969375
1.044375
1.0725
1.104375
1.0525
0.97375
0.91
0.85125
0.8475
0.861875
0.919375
0.97375
1.015625
1.0225
0.973125
0.925625
0.8875
0.91875
0.9775
1.043125
1.099375
1.069375
1.035625
0.948125
0.859375
0.83125
0.84875
0.935625
1.004375
1.0475
1.035625
0.986875
1.0025
1.043125
1.106875
1.220625
1.255625
1.27375
1.26125
1.16625
1.113125
1.03375
0.956875
0.925
0.878125
0.856875
0.871875
0.888125
0.91125
0.975
1.02
1.05125
1.089375
1.05875
1.03625
1.001875
0.943125
0.943125
0.943125
0.943125
