18.39375
18.39375
18.39375
18.39375
20.625
23.175
23.53125
23.4625
21.11875
18.21875
16.9
16.36875
16.84375
18.10625
19.675
19.975
20.30625
20.34375
18.58125
17.6
17.6875
17.89375
19.16875
21.425
21.9
22.21875
22.89375
21.675
20.35
19.4875
18.26875
17.96875
18.4875
18.58125
18.675
18.675
19.475
20.325
20.85
21.625
20.8
19.4875
19.05625
18.03125
19.3375
21.1625
22.2
23.69375
22.5875
21.4
20.425
19.0125
18.5
17.49375
17.2375
17.88125
19.2
21.0125
20.85625
19.35
17.28125
16.2625
16.5625
17.34375
17.85
16.55
15.5375
15.86875
16.9375
19.26875
20.9
21.48125
21.6875
20.9625
20.15625
19.1
17.625
16.69375
16.975
17.39375
18.03125
19.5875
20.6125
21.8625
23.4
22.6625
21.29375
19.75625
18.375
18.75625
19.20625
19.4625
19.80625
19.10625
19.3375
19.61875
18.8625
18.6375
17.54375
17.8875
18.84375
19.9375
21.5125
20.63125
19.875
18.50625
16.66875
16.0375
15.2625
15.775
15.96875
16.175
16.63125
16.25625
16.925
18.34375
19.59375
21.1
21.7125
20.9
20.05625
19.425
20.28125
21.85
23.01875
22.56875
19.7875
17.375
15.39375
15.24375
16.85
17.975
20.15
21.41875
22.04375
23.53125
23.29375
24.0
24.4125
24.0375
24.25625
22.525
21.2125
18.6625
15.9
14.375
13.25
13.86875
16.3125
18.925
20.71875
22.025
20.7625
19.575
19.2125
18.3125
18.6625
18.76875
18.13125
18.00625
16.9625
15.70625
15.25625
15.0125
15.85
16.7
16.51875
16.4625
15.96875
16.125
16.54375
16.61875
17.49375
17.475
18.55
20.375
21.2125
23.24375
23.675
21.84375
20.53125
18.4875
17.24375
18.58125
18.58125
18.58125
18.58125
