0.146875
0.146875
0.146875
0.146875
0.194375
0.29125
0.369375
0.424375
0.451875
0.453125
0.444375
0.43875
0.43875
0.415
0.4025
0.39
0.361875
0.386875
0.401875
0.41125
0.430625
0.398125
0.36875
0.33375
0.284375
0.2575
0.21875
0.19375
0.1875
0.1775
0.171875
0.16125
0.14
0.13875
0.183125
0.23
0.285
0.31125
0.274375
0.2375
0.200625
0.17625
0.178125
0.18
0.178125
0.174375
0.16875
0.163125
0.16125
0.163125
0.166875
0.16875
0.185625
0.200625
0.24
0.27375
0.27375
0.27375
0.223125
0.200625
0.2175
0.25125
0.3375
0.40875
0.43125
0.418125
0.36875
0.293125
0.2675
0.260625
0.2475
0.27875
0.28875
0.313125
0.355625
0.345
0.3075
0.24625
0.2075
0.224375
0.284375
0.350625
0.39
0.384375
0.355625
0.33
0.2925
0.2925
0.295625
0.298125
0.32625
0.309375
0.275625
0.263125
0.235
0.2425
0.275
0.265
0.246875
0.21
0.1925
0.21125
0.23875
0.31125
0.348125
0.34875
0.355
0.29
0.215625
0.1725
0.129375
0.1575
0.20625
0.268125
0.340625
0.341875
0.3675
0.34625
0.3125
0.326875
0.29125
0.294375
0.2875
0.2875
0.325625
0.349375
0.383125
0.364375
0.334375
0.29
0.265625
0.2875
0.2975
0.321875
0.30375
0.273125
0.26625
0.251875
0.28625
0.33375
0.330625
0.335
0.298125
0.22375
0.206875
0.221875
0.23875
0.284375
0.295625
0.26375
0.249375
0.22125
0.20875
0.189375
0.163125
0.15625
0.169375
0.23
0.305625
0.36125
0.39
0.35625
0.2975
0.28
0.24625
0.249375
0.265
0.224375
0.206875
0.195625
0.184375
0.199375
0.205625
0.19875
0.214375
0.23125
0.270625
0.335625
0.3725
0.40625
0.396875
0.3425
0.273125
0.220625
0.201875
0.205625
0.25625
0.2925
0.319375
0.344375
0.333125
0.295
0.28875
0.3125
0.350625
0.4375
0.468125
0.464375
0.4375
0.37625
0.34125
0.298125
0.2925
0.295625
0.298125
0.32625
0.309375
0.273125
0.255
0.22125
0.223125
0.255
0.250625
0.238125
0.206875
0.17875
0.18375
0.191875
0.21875
0.2375
0.231875
0.235625
0.219375
0.184375
0.156875
0.13875
0.168125
0.209375
0.27
0.33375
0.325
0.34125
0.321875
0.29
0.30625
0.29
0.294375
0.289375
0.266875
0.25875
0.26125
0.260625
0.25625
0.250625
0.218125
0.23
0.26375
0.285625
0.321875
0.30375
0.273125
0.256875
0.233125
0.258125
0.299375
0.3075
0.323125
0.2975
0.224375
0.189375
0.161875
0.13625
0.15
0.149375
0.154375
0.174375
0.176875
0.186875
0.163125
0.135625
0.13875
0.164375
0.2425
0.3225
0.3675
0.37375
0.351875
0.331875
0.32
0.309375
0.28
0.24875
0.229375
0.22125
0.2075
0.19375
0.199375
0.219375
0.2725
0.3425
0.350625
0.320625
0.2975
0.23375
0.215
0.246875
0.25375
0.281875
0.29875
0.28
0.248125
0.22625
0.230625
0.25875
0.33375
0.429375
0.489375
0.530625
0.5375
0.480625
0.435
0.370625
0.295
0.2625
0.21875
0.21
0.214375
0.20625
0.2025
0.171875
0.140625
0.119375
0.124375
0.158125
0.2
0.235
0.255
0.2375
0.220625
0.2075
0.17125
0.159375
0.16375
0.1675
0.19125
0.22625
0.24125
0.258125
0.2775
0.28125
0.29125
0.308125
0.30875
0.3325
0.340625
0.316875
0.3375
0.320625
0.289375
0.300625
0.250625
0.2325
0.2675
0.293125
0.36875
0.40625
0.391875
0.34375
0.251875
0.210625
0.185
0.184375
0.206875
0.180625
0.168125
0.150625
0.131875
0.139375
0.139375
0.155625
0.1975
0.230625
0.2875
0.31
0.305625
0.31
0.271875
0.254375
0.22625
0.19375
0.19
0.219375
0.254375
0.285
0.31375
0.305625
0.33125
0.35375
0.346875
0.33375
0.294375
0.271875
0.29
0.328125
0.360625
0.383125
0.359375
0.29375
0.245
0.2
0.189375
0.218125
0.225625
0.218125
0.196875
0.168125
0.14
0.1225
0.111875
0.103125
0.1175
0.16625
0.248125
0.350625
0.420625
0.433125
0.3925
0.329375
0.285
0.286875
0.30875
0.328125
0.3475
0.323125
0.285625
0.243125
0.215
0.21375
0.229375
0.26
0.269375
0.26
0.25625
0.215625
0.19875
0.223125
0.235625
0.309375
0.35625
0.349375
0.343125
0.3025
0.259375
0.251875
0.24625
0.22625
0.23875
0.254375
0.298125
0.368125
0.39625
0.399375
0.348125
0.273125
0.22
0.191875
0.20125
0.226875
0.276875
0.2925
0.28375
0.29
0.260625
0.279375
0.315625
0.318125
0.323125
0.29625
0.2625
0.24375
0.25375
0.254375
0.27
0.301875
0.3175
0.36875
0.393125
0.390625
0.360625
0.304375
0.255
0.20875
0.20375
0.205625
0.238125
0.289375
0.303125
0.303125
0.26625
0.24
0.231875
0.23875
0.2575
0.239375
0.241875
0.22875
0.219375
0.24375
0.255
0.293125
0.341875
0.37375
0.368125
0.33625
0.290625
0.215625
0.19875
0.194375
0.18
0.226875
0.256875
0.286875
0.330625
0.313125
0.26
0.23875
0.2125
0.213125
0.23625
0.20125
0.159375
0.140625
0.129375
0.170625
0.22125
0.2625
0.3225
0.35625
0.410625
0.421875
0.39125
0.358125
0.29125
0.268125
0.2875
0.311875
0.365
0.401875
0.389375
0.3425
0.256875
0.175625
0.143125
0.16875
0.253125
0.339375
0.400625
0.416875
0.38375
0.34875
0.301875
0.2925
0.295625
0.298125
0.32625
0.309375
0.275625
0.26
0.21625
0.208125
0.2475
0.250625
0.266875
0.27625
0.250625
0.258125
0.26375
0.255
0.233125
0.175
0.143125
0.125625
0.119375
0.155625
0.176875
0.225
0.31625
0.388125
0.428125
0.43
0.368125
0.305
0.280625
0.26375
0.273125
0.268125
0.27
0.260625
0.259375
0.2725
0.233125
0.204375
0.1575
0.135
0.15625
0.1925
0.27
0.300625
0.32375
0.34875
0.3225
0.33875
0.36125
0.3425
0.35
0.32875
0.28375
0.255625
0.21125
0.160625
0.12625
0.133125
0.151875
0.209375
0.265
0.2775
0.310625
0.298125
0.275
0.25
0.21
0.19375
0.198125
0.234375
0.250625
0.255625
0.27125
0.2775
0.295625
0.3325
0.328125
0.300625
0.27875
0.238125
0.235625
0.236875
0.22125
0.2275
0.19
0.16
0.154375
0.15
0.15
0.15
0.15
