0.59
0.59
0.59
0.59
0.629375
0.605625
0.55125
0.491875
0.4275
0.439375
0.48875
0.545625
0.561875
0.5425
0.5075
0.46625
0.50625
0.55875
0.5975
0.635625
0.624375
0.584375
0.57375
0.571875
0.5875
0.628125
0.645
0.621875
0.57375
0.516875
0.476875
0.493125
0.541875
0.55
0.550625
0.526875
0.478125
0.510625
0.501875
0.47625
0.45
0.376875
0.374375
0.38125
0.375
0.38875
0.366875
0.384375
0.454375
0.494375
0.554375
0.56625
0.548125
0.56625
0.565625
0.579375
0.5975
0.58375
0.558125
0.55625
0.55
0.545625
0.58
0.580625
0.565
0.58125
0.575
0.570625
0.605
0.6175
0.62375
0.65
0.653125
0.645
0.643125
0.631875
0.629375
0.633125
0.643125
0.6525
0.64625
0.65
0.6425
0.635
0.6425
0.62875
0.624375
0.61375
0.595625
0.60375
0.608125
0.584375
0.560625
0.524375
0.47875
0.493125
0.5
0.49375
0.49625
0.479375
0.46375
0.4775
0.5075
0.5475
0.6
0.633125
0.631875
0.606875
0.553125
0.480625
0.42625
0.390625
0.41125
0.45625
0.505625
0.5275
0.489375
0.499375
0.470625
0.4525
0.475625
0.426875
0.436875
0.456875
0.445
0.464375
0.475625
0.48875
0.495
0.500625
0.48375
0.4625
0.48875
0.5175
0.548125
0.575
0.57875
0.555
0.545625
0.531875
0.531875
0.554375
0.526875
0.503125
0.460625
0.418125
0.44
0.47125
0.51125
0.5325
0.539375
0.5325
0.5125
0.50625
0.485625
0.471875
0.4775
0.49
0.525
0.57625
0.615
0.641875
0.643125
0.6225
0.589375
0.5775
0.566875
0.55125
0.55
0.5175
0.48125
0.471875
0.4725
0.49625
0.505625
0.475
0.448125
0.40625
0.405
0.433125
0.4475
0.445
0.434375
0.418125
0.38375
0.408125
0.42375
0.451875
0.50875
0.535625
0.5875
0.623125
0.6475
0.663125
0.640625
0.6175
0.595625
0.5825
0.574375
0.575
0.56875
0.535625
0.53375
0.529375
0.535625
0.548125
0.530625
0.494375
0.439375
0.435
0.423125
0.444375
0.5075
0.540625
0.60375
0.65125
0.66
0.66625
0.64125
0.605
0.58
0.5125
0.466875
0.425625
0.38625
0.423125
0.45625
0.5075
0.553125
0.56625
0.57125
0.563125
0.555625
0.546875
0.554375
0.569375
0.60375
0.63125
0.651875
0.66
0.635625
0.623125
0.59875
0.586875
0.594375
0.578125
0.583125
0.581875
0.57875
0.615
0.621875
0.6225
0.624375
0.594375
0.58
0.5375
0.490625
0.453125
0.433125
0.4875
0.541875
0.5575
0.55875
0.504375
0.455625
0.4775
0.506875
0.551875
0.580625
0.58
0.56625
0.566875
0.59
0.600625
0.60125
0.565
0.510625
0.480625
0.481875
0.489375
0.496875
0.491875
0.441875
0.45625
0.49375
0.49375
0.49375
0.49375
