0.848125
0.848125
0.848125
0.848125
0.826875
0.829375
0.858125
0.919375
0.971875
0.975625
0.958125
0.913125
0.853125
0.82875
0.80875
0.8025
0.831875
0.843125
0.856875
0.88
0.9
0.92875
0.9525
0.945
0.93875
0.929375
0.920625
0.950625
0.916875
0.893125
0.85875
0.809375
0.8525
0.901875
0.97625
1.03875
1.0375
1.0325
1.025
1.028125
1.013125
0.97375
0.928125
0.879375
0.873125
0.88375
0.88125
0.901875
0.930625
1.005625
1.073125
1.096875
1.091875
0.995625
0.935
0.88
0.846875
0.87125
0.876875
0.900625
0.91625
0.915
0.90625
0.89125
0.8775
0.86
0.85125
0.860625
0.870625
0.898125
0.91375
0.8975
0.9025
0.923125
0.9575
1.011875
1.05125
1.04375
1.03
1.011875
0.970625
0.938125
0.9375
0.94125
0.975
1.030625
1.053125
1.0625
1.025625
0.971875
0.915
0.87625
0.9
0.94125
0.9825
1.015625
0.98625
0.938125
0.889375
0.8375
0.7975
0.78625
0.825625
0.87125
0.989375
1.08
1.095
1.106875
1.020625
0.93
0.86
0.835
0.855
0.8875
0.94375
0.91
0.875
0.85375
0.855625
0.915
0.988125
1.08
1.110625
1.113125
1.119375
1.048125
0.999375
0.96875
0.908125
0.9375
0.9875
1.05125
1.115
1.10125
1.040625
0.993125
0.970625
0.9875
1.065625
1.068125
1.0675
1.051875
0.9975
1.035625
1.08875
1.148125
1.19625
1.1625
1.0725
0.974375
0.895
0.884375
0.8975
0.92125
0.99125
0.998125
1.013125
1.02625
0.97625
0.953125
0.930625
0.93
0.961875
1.006875
1.08875
1.1225
1.095625
1.050625
0.934375
0.8675
0.84875
0.82625
0.84125
0.82875
0.813125
0.81
0.81375
0.814375
0.81875
0.8675
0.906875
0.998125
1.0925
1.10625
1.110625
1.02125
0.925625
0.865625
0.858125
0.908125
0.96125
1.013125
0.990625
1.0075
1.02375
1.075625
1.15875
1.149375
1.139375
1.068125
0.975
0.945
0.9425
0.966875
1.03375
1.1025
1.095625
1.08875
1.040625
0.981875
0.97875
0.969375
1.03125
1.058125
1.069375
1.069375
1.02125
0.97625
0.9325
0.90625
0.831875
0.800625
0.769375
0.7575
0.834375
0.8825
0.963125
1.055625
1.07375
1.10125
1.109375
1.07375
1.0575
1.081875
1.081875
1.109375
1.160625
1.163125
1.170625
1.12
1.06
0.985
0.935
0.93875
0.95625
0.995
1.014375
1.038125
1.060625
1.118125
1.218125
1.289375
1.31
1.26625
1.1425
1.018125
0.919375
0.868125
0.869375
0.89375
0.97375
1.01
1.024375
1.03125
0.975
0.954375
0.96
0.970625
0.986875
0.985625
0.9775
0.963125
0.953125
0.963125
0.958125
0.953125
0.955625
0.949375
0.948125
0.97375
0.983125
1.024375
1.071875
1.0775
1.109375
1.078125
1.029375
1.010625
0.988125
0.9875
1.00625
0.986875
0.9725
0.973125
1.00125
1.045625
1.071875
1.084375
1.04375
0.996875
0.95375
0.91875
0.89
0.9175
0.93875
0.96625
1.05125
1.063125
1.08625
1.095625
1.046875
1.025
1.0075
0.98375
0.99
1.009375
1.04875
1.09
1.070625
1.01375
0.9075
0.81875
0.770625
0.76
0.76125
0.755625
0.774375
0.80875
0.899375
1.019375
1.124375
1.178125
1.15125
1.091875
1.055
1.040625
1.06375
1.106875
1.07875
1.070625
1.0575
0.995625
0.981875
0.965625
0.96
0.984375
1.0125
0.994375
0.96875
0.92375
0.8775
0.91
0.9425
1.01625
1.1025
1.09375
1.081875
1.036875
0.9375
0.888125
0.871875
0.866875
0.94375
1.016875
1.009375
1.00625
0.94625
0.93375
0.988125
1.039375
1.0825
1.05
0.991875
0.93375
0.894375
0.869375
0.9
0.963125
1.053125
1.173125
1.244375
1.24875
1.175625
1.076875
0.93
0.8175
0.765625
0.716875
0.738125
0.759375
0.78
0.861875
0.955625
1.094375
1.2125
1.24375
1.24625
1.1575
1.09375
1.051875
0.970625
0.9525
0.90625
0.885
0.9225
0.92625
0.953125
0.968125
0.93125
0.910625
0.88875
0.8675
0.885625
0.921875
0.93375
0.939375
0.9375
0.911875
0.949375
1.0075
1.095
1.1875
1.21625
1.2125
1.126875
1.045625
0.94625
0.86
0.84375
0.81125
0.814375
0.820625
0.805625
0.82125
0.853125
0.875
0.88125
0.865625
0.84125
0.825625
0.878125
0.939375
0.985625
1.0475
1.024375
0.990625
0.971875
0.936875
0.94375
0.975
0.9925
1.018125
1.03
1.011875
1.00625
0.988125
0.95875
0.953125
0.953125
0.965625
1.015
1.040625
1.02625
1.0175
0.989375
0.985
1.036875
1.04125
1.03375
0.998125
0.9225
0.90625
0.901875
0.910625
0.93125
0.911875
0.904375
0.903125
0.93125
0.9875
1.0125
1.03875
0.9925
0.934375
0.895625
0.848125
0.853125
0.85625
0.895
0.91875
0.933125
0.931875
0.895
0.90125
0.919375
0.97125
0.9875
0.95625
0.905625
0.83875
0.815
0.850625
0.889375
0.93125
0.974375
0.981875
0.991875
1.021875
1.04625
1.05125
1.09125
1.065625
1.045
1.05125
0.994375
1.030625
1.03125
1.02
1.05375
1.0025
0.98875
0.97625
0.94875
0.963125
0.993125
1.0175
1.056875
1.08875
1.083125
1.098125
1.065
1.06125
1.045625
1.034375
1.076875
1.054375
1.083125
1.095625
1.065625
1.05375
1.00625
0.923125
0.845625
0.785625
0.731875
0.7375
0.795
0.8525
0.9475
1.0
1.034375
1.09625
1.12
1.165
1.15875
1.118125
1.039375
0.98625
0.954375
0.92625
0.936875
0.891875
0.903125
0.919375
0.945625
1.0075
0.99875
0.97625
0.946875
0.920625
0.91375
0.92125
0.929375
0.89875
0.864375
0.868125
0.85875
0.915
0.995
1.0
1.05875
1.060625
1.068125
1.113125
1.084375
1.07875
1.036875
0.979375
0.941875
0.929375
0.94125
0.978125
1.034375
1.015625
0.994375
0.95875
0.90375
0.886875
0.858125
0.864375
0.886875
0.9525
1.02625
1.03375
1.045625
0.993125
0.93125
0.920625
0.900625
0.9025
0.911875
0.886875
0.861875
0.84375
0.855
0.87
0.883125
0.9025
0.86625
0.840625
0.815625
0.820625
0.899375
0.981875
1.1025
1.161875
1.143125
1.115625
1.02
0.95125
0.894375
0.86375
0.87
0.874375
0.916875
0.928125
0.9225
0.915
0.8775
0.868125
0.861875
0.85
0.86625
0.863125
0.86625
0.866875
0.850625
0.825
0.848125
0.900625
0.94125
1.0025
0.971875
0.924375
0.89375
0.874375
0.945
0.998125
1.06125
1.093125
1.036875
1.00625
0.97375
0.9375
0.941875
0.9375
0.913125
0.92
0.949375
0.976875
1.020625
1.03
1.01375
1.001875
0.97
0.97125
0.96125
0.923125
0.88
0.826875
0.805
0.823125
0.886875
0.929375
0.9575
0.953125
0.908125
0.889375
0.85625
0.8475
0.835
0.813125
0.800625
0.789375
0.805
0.81125
0.844375
0.866875
0.875
0.8925
0.888125
0.885
0.885
0.894375
0.898125
0.895625
0.886875
0.86
0.841875
0.826875
0.83
0.850625
0.87625
0.921875
0.95
0.953125
0.9425
0.910625
0.8875
0.91875
0.986875
1.0475
1.10625
1.09875
1.023125
0.994375
0.94875
0.959375
0.9975
0.968125
0.9575
0.88875
0.84625
0.85
0.85875
0.925
0.95875
0.97125
0.98
0.949375
0.934375
0.91875
0.878125
0.87875
0.924375
1.005625
1.114375
1.19375
1.196875
1.1725
1.134375
1.07875
1.04
1.00125
1.000625
1.00125
1.02625
1.039375
1.0075
1.015
1.014375
1.01
1.02125
0.9875
0.9325
0.90125
0.855625
0.846875
0.908125
0.953125
1.010625
1.04125
0.9925
0.965625
0.948125
0.92625
0.93875
0.96875
0.9925
1.063125
1.10875
1.07
1.044375
0.970625
0.94375
1.005625
1.05125
1.131875
1.15625
1.126875
1.08125
0.999375
0.96
0.940625
0.941875
0.961875
0.969375
0.975
0.96
0.945
0.92875
0.9
0.9075
0.919375
0.926875
0.9575
0.958125
0.95
0.935625
0.9125
0.886875
0.85375
0.855625
0.858125
0.873125
0.914375
0.9075
0.89375
0.925625
0.93875
0.968125
1.001875
0.95875
0.93
0.928125
0.915625
0.9575
0.978125
0.97625
0.9975
1.00375
1.0225
1.0475
1.040625
0.983125
0.92875
0.86
0.820625
0.823125
0.8075
0.814375
0.836875
0.859375
0.915
0.978125
1.00375
1.0425
1.05375
1.0275
0.996875
0.9725
0.9575
0.946875
0.95125
0.949375
0.945
0.969375
1.0125
1.028125
1.043125
1.04375
1.010625
0.974375
0.92875
0.87125
0.84625
0.829375
0.836875
0.868125
0.901875
0.94625
0.975625
0.993125
0.954375
0.930625
0.89125
0.839375
0.84375
0.85125
0.895625
0.95375
0.993125
0.98875
0.969375
0.958125
0.93125
0.95
0.97625
0.980625
1.045625
1.094375
1.105625
1.134375
1.075
0.975625
0.9425
0.899375
0.913125
0.965625
0.9625
1.001875
1.0275
1.075625
1.126875
1.13375
1.121875
1.05875
0.98875
0.91375
0.860625
0.83
0.836875
0.849375
0.90125
0.985
1.061875
1.17
1.2025
1.186875
1.145625
1.05875
0.995625
0.95625
0.9325
0.93125
0.9475
0.989375
1.025
1.041875
1.058125
1.00125
0.9375
0.89125
0.835625
0.8375
0.850625
0.879375
0.930625
0.9525
0.985625
0.97875
0.91625
0.878125
0.83125
0.84375
0.903125
0.979375
1.055
1.06625
1.06375
1.01
0.946875
0.925
0.905
0.914375
0.93875
0.93125
0.928125
0.90875
0.89625
0.930625
0.958125
0.9925
1.025
1.01875
1.015
1.064375
1.07
1.088125
1.10875
1.059375
1.059375
1.059375
1.059375
