0.078125
0.078125
0.078125
0.078125
0.115625
0.103125
0.08125
0.053125
0.003125
-0.01875
-0.0625
-0.078125
-0.04625
-0.0175
0.008125
-0.038125
-0.10125
-0.164375
-0.165
-0.09375
-0.053125
-0.009375
-0.075
-0.16875
-0.2125
-0.265625
-0.184375
-0.096875
-0.0875
-0.049375
-0.11125
-0.20125
-0.219375
-0.279375
-0.28875
-0.266875
-0.2825
-0.231875
-0.195
-0.13
0.019375
0.1125
0.2125
0.24375
0.178125
0.115625
0.015625
-0.015625
-0.0025
0.0325
0.09875
0.09
0.08625
0.045
0.019375
0.040625
0.003125
-0.00625
-0.0875
-0.161875
-0.155
-0.195
-0.11625
-0.048125
-0.08625
-0.036875
-0.1
-0.1875
-0.18125
-0.228125
-0.215625
-0.18125
-0.184375
-0.215625
-0.265625
-0.29375
-0.303125
-0.24375
-0.153125
-0.08125
0.000625
0.0575
0.0675
0.074375
0.04875
-0.0075
-0.03875
-0.095
-0.125
-0.121875
-0.121875
-0.065625
-0.02
-0.026875
-0.015
-0.06875
-0.15625
-0.171875
-0.18125
-0.18125
-0.134375
-0.11875
-0.203125
-0.234375
-0.2875
-0.340625
-0.253125
-0.15625
-0.021875
0.115625
0.15625
0.146875
0.075
-0.005625
-0.039375
-0.085625
-0.08125
-0.06875
-0.05625
-0.01875
-0.02
-0.045625
-0.124375
-0.178125
-0.2125
-0.203125
-0.165625
-0.178125
-0.165625
-0.225
-0.21875
-0.1875
-0.16875
-0.040625
-0.015625
0.040625
0.071875
-0.015625
-0.009375
-0.059375
-0.1
-0.046875
-0.115625
-0.14375
-0.19375
-0.2875
-0.278125
-0.334375
-0.365625
-0.384375
-0.390625
-0.31875
-0.253125
-0.1875
-0.23125
-0.278125
-0.309375
-0.340625
-0.275
-0.234375
-0.20625
-0.1625
-0.175
-0.190625
-0.2
-0.2125
-0.146875
-0.096875
-0.009375
0.06875
0.075
0.1375
0.138125
0.110625
0.105
0.05875
0.014375
-0.033125
-0.04
-0.04375
0.009375
0.0875
0.121875
0.090625
0.015625
-0.059375
-0.14375
-0.14375
-0.14375
-0.14375
