-0.36625
-0.36625
-0.36625
-0.36625
-0.30125
-0.320625
-0.3625
-0.444375
-0.5275
-0.51
-0.475625
-0.446875
-0.445
-0.469375
-0.49375
-0.53
-0.575625
-0.604375
-0.633125
-0.638125
-0.48
-0.336875
-0.23375
-0.154375
-0.4075
-0.630625
-0.7625
-0.870625
-0.7675
-0.559375
-0.40875
-0.125
0.15625
0.181875
0.32875
0.17625
0.010625
0.013125
-0.219375
-0.288125
-0.284375
-0.313125
-0.261875
-0.22
-0.23875
-0.269375
-0.195625
-0.13125
-0.09
-0.041875
-0.07125
-0.09875
-0.2425
-0.275625
-0.346875
-0.410625
-0.250625
-0.181875
-0.036875
0.068125
-0.038125
-0.27875
-0.529375
-0.74
-0.74625
-0.608125
-0.365
-0.0575
0.036875
0.0425
-0.191875
-0.498125
-0.65
-0.5775
-0.266875
0.034375
0.25625
0.30375
0.1
0.011875
0.09625
0.09125
0.245625
0.219375
-0.04125
-0.195
-0.280625
-0.183125
0.0975
0.335625
0.491875
0.43625
0.2
0.054375
-0.236875
-0.465
-0.474375
-0.58625
-0.533125
-0.3925
-0.531875
-0.585625
-0.66375
-0.7575
-0.64375
-0.465625
-0.220625
0.095625
0.476875
0.6775
0.705
0.524375
0.229375
0.1175
0.064375
0.12375
0.119375
-0.08
-0.199375
-0.208125
-0.085625
0.09125
0.228125
0.13625
-0.019375
-0.11875
-0.206875
-0.1525
-0.1
0.05375
0.1925
0.248125
0.19125
0.058125
-0.09375
-0.1525
-0.089375
-0.111875
-0.13125
-0.185
-0.265
-0.299375
-0.314375
-0.209375
0.030625
0.173125
0.31
0.3125
0.08625
-0.06375
-0.156875
-0.2425
-0.259375
-0.14375
-0.083125
-0.154375
-0.144375
-0.4
-0.635
-0.573125
-0.4375
-0.130625
0.1425
0.15625
-0.036875
-0.20875
-0.36375
-0.31625
-0.215
-0.170625
-0.13375
-0.2175
-0.146875
-0.059375
0.020625
0.1675
0.10875
0.05
0.139375
0.153125
0.258125
0.366875
0.33
0.210625
0.1825
0.12375
-0.01125
0.055625
0.038125
0.063125
0.25875
0.384375
0.3575
0.32625
0.13125
-0.180625
-0.29
-0.3975
-0.4325
-0.2975
-0.27625
-0.174375
-0.065625
-0.17
-0.0575
-0.156875
-0.13875
0.156875
0.1725
0.30625
0.323125
0.1025
0.001875
-0.074375
-0.146875
-0.160625
-0.214375
-0.264375
-0.470625
-0.47875
-0.308125
-0.2525
-0.008125
0.078125
0.025625
0.2125
0.389375
0.433125
0.378125
0.15125
-0.116875
-0.2525
-0.281875
-0.390625
-0.37
-0.30875
-0.2575
-0.00875
-0.026875
-0.109375
-0.1775
-0.443125
-0.4
-0.3325
-0.175625
0.2
0.28625
0.534375
0.615625
0.575
0.691875
0.501875
0.33625
0.054375
-0.233125
-0.4325
-0.49625
-0.481875
-0.524375
-0.485
-0.525625
-0.3875
-0.095
0.195
0.310625
0.335
0.163125
-0.05375
0.035
-0.11
-0.185
-0.12375
-0.195625
-0.03625
0.095625
-0.019375
-0.26
-0.53375
-0.5875
-0.35375
0.10625
0.521875
0.72875
0.76
0.56
0.393125
0.25625
0.041875
-0.054375
-0.111875
-0.29125
-0.319375
-0.363125
-0.371875
-0.1425
0.1
0.49375
0.699375
0.66875
0.461875
0.119375
0.02375
0.05125
0.141875
0.129375
-0.01625
-0.164375
-0.265
-0.16125
-0.15875
-0.048125
0.104375
0.199375
0.496875
0.55
0.559375
0.46875
0.15875
0.118125
0.185
0.30125
0.655625
0.754375
0.601875
0.4775
0.07875
-0.195
-0.3175
-0.62125
-0.61625
-0.655625
-0.504375
-0.033125
0.21625
0.539375
0.52875
0.358125
0.2025
0.036875
-0.015625
-0.176875
-0.186875
-0.22875
-0.244375
-0.0425
-0.078125
-0.138125
-0.04
-0.14625
-0.056875
0.039375
-0.080625
-0.01125
-0.015625
0.0525
0.088125
-0.1225
-0.198125
-0.311875
-0.388125
-0.311875
-0.373125
-0.47625
-0.375625
-0.25625
-0.21625
-0.120625
-0.295625
-0.47375
-0.435
-0.30875
-0.064375
0.284375
0.42125
0.329375
0.29
0.0275
-0.158125
-0.214375
-0.375625
-0.450625
-0.491875
-0.456875
-0.345
-0.09625
0.21
0.42875
0.60375
0.53875
0.308125
-0.036875
-0.3675
-0.46
-0.37
-0.03
0.280625
0.320625
0.1875
-0.235625
-0.585
-0.74
-0.71
-0.489375
-0.353125
-0.249375
-0.250625
-0.2375
-0.040625
0.25
0.429375
0.558125
0.5675
0.4525
0.445625
0.38625
0.194375
-0.058125
-0.1875
-0.144375
0.02375
0.256875
0.25375
0.010625
-0.244375
-0.47125
-0.614375
-0.5175
-0.471875
-0.330625
-0.10375
0.00125
0.196875
0.285625
0.330625
0.225
0.22125
0.106875
-0.034375
0.035625
-0.06375
-0.0525
-0.026875
0.02125
-0.055
-0.13125
-0.05625
-0.115625
0.110625
0.334375
0.2825
0.393125
0.28875
0.141875
0.124375
-0.05875
-0.21125
-0.18
-0.045625
0.050625
0.24
0.21625
0.0875
0.05875
-0.05375
-0.131875
-0.309375
-0.509375
-0.515
-0.480625
-0.350625
-0.08375
-0.08
-0.03625
0.100625
0.021875
0.011875
0.055625
-0.081875
-0.16375
-0.164375
-0.375
-0.48
-0.544375
-0.653125
-0.681875
-0.739375
-0.758125
-0.755
-0.68125
-0.470625
-0.339375
-0.143125
0.02375
-0.049375
-0.066875
-0.265
-0.353125
-0.31375
-0.305625
-0.07875
0.03125
0.091875
0.149375
0.085
0.003125
0.09625
0.2275
0.25375
0.31875
0.27
0.315625
0.464375
0.574375
0.554375
0.33875
0.2375
0.08125
0.14625
0.293125
0.235625
0.19375
-0.0525
-0.216875
-0.306875
-0.29625
-0.09625
0.04125
0.193125
0.415625
0.3825
0.171875
0.065
-0.175625
-0.231875
-0.065625
-0.091875
-0.091875
-0.091875
-0.091875
