0.11
0.11
0.11
0.11
0.11875
0.124375
0.14
0.14375
0.13625
0.125
0.11375
0.0925
0.0825
0.07625
0.075
0.081875
0.0925
0.100625
0.10375
0.113125
0.115
0.120625
0.123125
0.118125
0.116875
0.113125
0.110625
0.121875
0.123125
0.11375
0.108125
0.081875
0.06
0.0475
0.0425
0.0575
0.07875
0.1025
0.116875
0.11875
0.115
0.11
0.09625
0.08625
0.08625
0.084375
0.08875
0.091875
0.079375
0.07875
0.083125
0.0875
0.100625
0.09875
0.093125
0.07625
0.05625
0.03875
0.0325
0.038125
0.05875
0.081875
0.095
0.10875
0.1025
0.10375
0.09375
0.091875
0.10125
0.095
0.100625
0.0875
0.061875
0.05375
0.055625
0.075
0.115625
0.138125
0.14875
0.1425
0.11375
0.09375
0.07625
0.075
0.09375
0.115
0.13625
0.14375
0.12875
0.11625
0.0925
0.084375
0.09875
0.099375
0.108125
0.106875
0.098125
0.10375
0.113125
0.1125
0.096875
0.070625
0.04875
0.036875
0.0375
0.053125
0.05875
0.066875
0.0875
0.08625
0.08875
0.0875
0.06625
0.056875
0.055
0.056875
0.0725
0.088125
0.095
0.109375
0.1175
0.125625
0.12375
0.10375
0.075
0.04875
0.034375
0.02625
0.035625
0.045
0.064375
0.08625
0.100625
0.1075
0.09375
0.09125
0.08
0.085625
0.1
0.096875
0.09875
0.086875
0.07875
0.071875
0.07625
0.08375
0.0975
0.1275
0.15
0.16125
0.16375
0.14625
0.115
0.10375
0.08375
0.075
0.08375
0.073125
0.070625
0.0625
0.05125
0.0575
0.065
0.080625
0.0875
0.0875
0.084375
0.081875
0.09625
0.109375
0.135
0.1425
0.14125
0.14125
0.13125
0.13875
0.145
0.1375
0.13
0.125
0.109375
0.10875
0.100625
0.0825
0.075625
0.075625
0.0875
0.094375
0.104375
0.103125
0.0925
0.096875
0.095
0.09
0.099375
0.09375
0.090625
0.088125
0.066875
0.060625
0.056875
0.05875
0.078125
0.0925
0.100625
0.1075
0.09625
0.07
0.04875
0.036875
0.0375
0.055625
0.08125
0.09625
0.11625
0.1375
0.14125
0.14625
0.13875
0.115
0.099375
0.075625
0.05875
0.053125
0.046875
0.051875
0.06
0.075625
0.09375
0.11625
0.126875
0.1225
0.115
0.0975
0.081875
0.0725
0.07375
0.069375
0.08
0.0975
0.1
0.12125
0.13375
0.13875
0.1575
0.155
0.15125
0.138125
0.1125
0.1025
0.09125
0.08875
0.0875
0.075
0.05875
0.05375
0.0625
0.086875
0.11625
0.135625
0.13625
0.1225
0.115
0.11
0.12
0.14
0.144375
0.13625
0.113125
0.085
0.074375
0.07375
0.0825
0.08375
0.071875
0.0575
0.04375
0.035
0.02875
0.035
0.04
0.05
0.06875
0.0725
0.084375
0.09375
0.09
0.09125
0.076875
0.06875
0.068125
0.0625
0.064375
0.06125
0.0575
0.06
0.0725
0.07875
0.083125
0.09625
0.089375
0.095
0.114375
0.1175
0.130625
0.125625
0.0975
0.084375
0.084375
0.084375
0.084375
