0.71875
0.71875
0.71875
0.71875
0.90625
1.06875
0.7375
0.09375
-0.9875
-1.35
-1.38125
-1.025
-0.39375
-0.45625
-0.325
-0.08125
0.4125
0.8625
1.40625
1.39375
0.59375
-0.1125
-1.6125
-2.4625
-2.83125
-2.58125
-1.63125
-0.79375
0.04375
-0.14375
-0.2125
-0.7875
-0.88125
-0.45
-0.875
-0.775
-1.15625
-1.34375
-0.73125
-0.44375
-0.7
-1.2
-2.15
-2.775
-2.4625
-2.1
-1.20625
-0.6125
-0.575
-0.4875
-1.075
-1.525
-1.98125
-2.65625
-2.99375
-3.33125
-3.10625
-2.7125
-1.925
-0.6375
-0.1625
0.2875
0.28125
-0.75
-1.3375
-1.875
-2.68125
-2.60625
-2.55625
-2.4125
-1.9375
-2.15
-2.3625
-2.8125
-3.2625
-3.38125
-3.33125
-2.99375
-2.4875
-1.98125
-1.69375
-1.80625
-1.8
-1.85625
-2.04375
-1.48125
-1.6625
-1.71875
-1.59375
-1.94375
-1.66875
-1.45625
-1.18125
-0.96875
-1.09375
-1.21875
-1.46875
-1.725
-1.48125
-1.3
-0.975
-1.14375
-2.0
-2.23125
-2.08125
-1.35
-0.11875
0.05
-0.24375
-0.11875
-0.0625
0.49375
0.7375
0.01875
-0.8
-1.61875
-1.8125
-1.525
-1.1875
-0.85
-0.975
-0.9375
-1.18125
-1.0875
-1.175
-1.65
-1.80625
-2.6375
-2.96875
-2.84375
-2.78125
-2.38125
-2.31875
-2.65625
-2.99375
-3.33125
-3.0
-2.5
-2.0
-1.5
-2.0
-2.0
-2.0
-2.0625
-1.6875
-2.375
-2.86875
-2.9
-2.46875
-1.475
-0.86875
-1.0625
-1.6625
-2.2
-2.54375
-2.4875
-2.78125
-3.1375
-3.49375
-3.7875
-3.3625
-2.9375
-2.03125
-0.85
-0.36875
0.59375
0.59375
-0.08125
-0.41875
-1.525
-2.2125
-2.39375
-2.38125
-2.275
-2.04375
-1.98125
-2.30625
-2.26875
-2.29375
-2.31875
-2.15
-2.18125
-2.2125
-2.4125
-2.475
-2.46875
-2.4625
-2.11875
-2.05
-2.19375
-2.3375
-2.48125
-2.4875
-2.2
-1.975
-1.8
-1.65
-1.61875
-0.98125
-0.525
0.48125
1.30625
1.08125
0.5
-1.10625
-2.53125
-2.94375
-2.7375
-1.55
-0.3
-0.0375
-0.2125
-1.35
-2.21875
-2.60625
-2.3625
-1.18125
-0.6875
-0.19375
-0.45
-1.61875
-1.95
-2.28125
-2.23125
-1.725
-1.825
-1.95
-2.1625
-2.0375
-1.7875
-1.4875
-1.0625
-1.375
-2.08125
-2.8375
-3.51875
-3.5625
-2.69375
-1.8
-0.68125
0.50625
0.71875
0.95625
0.33125
-0.90625
-1.7125
-2.56875
-2.925
-2.69375
-2.4125
-2.08125
-1.75
-2.18125
-2.7
-3.075
-2.99375
-2.075
-0.7
0.79375
1.375
1.6
1.55625
0.76875
0.6125
0.125
-0.94375
-1.55625
-2.51875
-3.15
-3.325
-3.5
-3.5
-3.3625
-3.225
-2.75625
-2.125
-1.79375
-0.98125
-0.89375
-1.13125
-0.725
-1.30625
-1.49375
-1.01875
-1.50625
-1.525
-1.48125
-2.5
-3.0125
-3.425
-3.9625
-3.875
-3.48125
-2.69375
-1.78125
-0.95625
-0.79375
-1.56875
-2.075
-2.53125
-2.15625
-1.275
-1.11875
-0.65
-1.24375
-1.8625
-1.56875
-1.775
-1.35625
-0.9375
-1.49375
-2.125
-2.88125
-3.30625
-3.275
-2.4875
-1.6375
-1.11875
-0.6
-0.8625
-1.0875
-1.1625
-0.7375
-0.06875
0.5875
0.5875
-0.08125
-0.425
-0.81875
-0.4875
-0.34375
-0.85
-1.33125
-1.83125
-1.49375
-0.95
-0.40625
-0.31875
-1.03125
-1.5875
-2.18125
-2.4625
-2.23125
-1.64375
-0.5625
0.60625
1.25
1.125
0.15
-1.30625
-2.43125
-2.68125
-2.4
-1.80625
-1.275
-1.70625
-2.01875
-2.1125
-1.75
-0.7875
-0.3
0.28125
0.1375
-0.24375
-0.5625
-1.23125
-1.56875
-1.8125
-1.74375
-1.50625
-0.8125
0.05
0.55625
0.9375
0.74375
0.2875
0.5375
0.3
-0.15625
-0.1
-0.8375
-1.10625
-0.86875
-1.225
-1.55
-1.6
-2.0125
-2.28125
-2.05625
-2.225
-1.71875
-0.8125
-0.31875
0.3125
0.00625
-0.95
-1.55625
-1.975
-1.54375
-0.98125
-0.6
-0.225
-0.475
-0.35625
-0.4
-0.9375
-1.2375
-1.59375
-1.78125
-1.6375
-1.49375
-1.84375
-1.8
-1.3625
-1.13125
-0.51875
-0.71875
-1.375
-1.475
-1.40625
-0.4125
0.25
0.225
0.29375
-0.23125
-0.3
-0.1
-0.55
-1.1375
-1.45625
-1.675
-1.675
-1.68125
-2.375
-2.90625
-3.09375
-3.09375
-3.09375
-3.09375
