0.095
0.095
0.095
0.095
0.178125
0.263125
0.32375
0.284375
0.231875
0.14
-0.00625
-0.09875
-0.13875
-0.141875
-0.03125
0.009375
-0.05375
-0.11125
-0.29625
-0.425625
-0.428125
-0.439375
-0.359375
-0.139375
-0.015
0.126875
0.19125
0.010625
-0.116875
-0.205
-0.204375
-0.078125
0.01625
0.0625
0.088125
0.096875
0.11125
0.136875
0.1475
0.174375
0.154375
0.13875
0.0375
-0.015
0.011875
-0.0025
0.129375
0.13875
0.136875
0.125625
0.0525
0.110625
0.1075
0.116875
0.041875
-0.15
-0.25375
-0.21875
-0.071875
0.176875
0.301875
0.208125
0.12125
-0.023125
-0.01125
0.121875
0.17125
0.235
0.15125
0.07375
0.014375
-0.05
0.021875
0.07875
0.1825
0.204375
0.155625
0.0525
-0.07375
-0.09375
-0.136875
-0.159375
-0.18125
-0.245625
-0.324375
-0.34625
-0.326875
-0.283125
-0.199375
-0.193125
-0.294375
-0.424375
-0.53125
-0.524375
-0.451875
-0.2825
-0.14375
-0.0725
0.056875
0.044375
0.080625
0.07375
0.01875
0.05125
0.04375
0.126875
0.150625
0.196875
0.241875
0.229375
0.305625
0.2575
0.14
0.03625
-0.15625
-0.269375
-0.30125
-0.344375
-0.323125
-0.225
-0.07125
0.06125
0.155625
0.140625
0.023125
-0.0425
-0.061875
-0.081875
-0.1
-0.133125
-0.1475
-0.105
-0.040625
-0.054375
-0.11875
-0.2075
-0.27375
-0.211875
-0.198125
-0.218125
-0.18125
-0.1475
-0.038125
0.185
0.295
0.22
0.11625
-0.134375
-0.3625
-0.393125
-0.4225
-0.370625
-0.256875
-0.2125
-0.10125
-0.018125
-0.025625
-0.0675
-0.1575
-0.214375
-0.22
-0.20625
-0.205
-0.2525
-0.3
-0.3175
-0.398125
-0.404375
-0.410625
-0.39875
-0.2975
-0.285
-0.20125
-0.193125
-0.2325
-0.148125
-0.136875
-0.064375
0.055625
0.028125
0.0025
-0.006875
-0.049375
-4.77048955894e-18
-0.02
-0.143125
-0.27125
-0.446875
-0.481875
-0.391875
-0.219375
-0.034375
0.008125
-0.04875
-0.241875
-0.379375
-0.445625
-0.495
-0.4575
-0.50875
-0.54
-0.525625
-0.491875
-0.345625
-0.219375
-0.081875
0.0175
-0.019375
0.003125
0.0225
0.041875
0.129375
0.089375
0.018125
-0.12125
-0.240625
-0.235
-0.3025
-0.281875
-0.30125
-0.434375
-0.465625
-0.516875
-0.5225
-0.41125
-0.283125
-0.175
-0.106875
-0.15875
-0.31
-0.361875
-0.37625
-0.3075
-0.11375
-0.0675
-0.010625
0.023125
-0.04625
-0.024375
-0.104375
-0.184375
-0.25375
-0.34625
-0.33625
-0.335
-0.329375
-0.329375
-0.329375
-0.329375
