0.934375
0.934375
0.934375
0.934375
0.92625
0.920625
0.9125
0.900625
0.885625
0.8775
0.875625
0.8825
0.880625
0.87875
0.88375
0.87875
0.88125
0.88875
0.8825
0.88125
0.88375
0.87625
0.875625
0.88
0.875
0.875
0.881875
0.87875
0.880625
0.8825
0.875625
0.87375
0.876875
0.88
0.88
0.88
0.876875
0.87875
0.885625
0.8975
0.900625
0.89875
0.896875
0.885
0.88
0.87
0.86
0.855
0.85
0.85
0.85
0.85
0.85
0.85
0.85
0.855
0.86
0.865
0.87
0.865
0.866875
0.879375
0.898125
0.921875
0.931875
0.933125
0.926875
0.920625
0.92625
0.9175
0.91
0.9025
0.885
0.89
0.895
0.9
0.9225
0.93125
0.94125
0.95125
0.94625
0.95125
0.96
0.985
1.01375
1.03875
1.05125
1.041875
1.025
1.00125
0.99625
0.98625
0.98875
0.991875
0.976875
0.995625
1.001875
1.005
1.016875
0.9975
0.98
0.98375
0.9875
0.995625
1.02625
1.038125
1.04875
1.06375
1.053125
1.040625
1.015
0.991875
0.97125
0.964375
0.966875
0.95125
0.949375
0.93875
0.939375
0.96625
0.975625
0.984375
0.98625
0.980625
0.9775
0.96875
0.953125
0.92875
0.91875
0.930625
0.944375
0.958125
0.97
0.9725
0.994375
1.02
1.031875
1.02375
0.99375
0.97125
0.96125
0.975625
1.004375
1.03125
1.049375
1.055625
1.039375
1.004375
0.97625
0.939375
0.923125
0.929375
0.931875
0.953125
0.971875
0.978125
0.974375
0.969375
0.960625
0.96375
0.989375
0.99125
0.995
0.98
0.955625
0.96625
0.969375
0.98375
1.0
1.003125
1.016875
1.036875
1.044375
1.04
1.025625
0.999375
0.97875
0.965625
0.95125
0.945625
0.935
0.913125
0.909375
0.91
0.914375
0.944375
0.961875
0.975625
1.003125
1.008125
1.013125
1.004375
0.985
0.9675
0.945
0.928125
0.9175
0.92125
0.938125
0.970625
1.0
1.023125
1.03625
1.03125
1.028125
1.025625
1.02375
1.031875
1.020625
1.005625
0.9925
0.983125
0.985625
0.9925
0.99625
0.98875
0.9875
0.979375
0.979375
0.97
0.95875
0.956875
0.951875
0.971875
1.0
1.0225
1.0425
1.04375
1.0325
1.013125
0.99
0.988125
0.97875
0.980625
0.994375
0.98625
0.991875
0.98375
0.96
0.956875
0.951875
0.965
0.99125
1.000625
1.015625
1.0275
1.0375
1.048125
1.05875
1.059375
1.054375
1.0475
1.0275
1.00625
0.975625
0.95625
0.9375
0.936875
0.95625
0.965625
0.981875
0.985625
0.9875
1.0
1.02625
1.051875
1.0575
1.050625
1.024375
1.00625
1.0075
1.023125
1.039375
1.049375
1.05875
1.0525
1.049375
1.038125
1.025625
1.025
1.020625
1.028125
1.033125
1.02875
1.025
1.0225
1.015
1.0225
1.0375
1.03625
1.0325
1.0175
0.995
0.991875
1.0075
1.02125
1.0475
1.0575
1.033125
1.015
0.978125
0.94625
0.95
0.95
0.96625
0.99625
1.013125
1.01625
1.013125
0.985
0.95
0.933125
0.90875
0.905625
0.91375
0.925625
0.95125
0.97875
0.97875
0.97875
0.97875
