19.39375
19.39375
19.39375
19.39375
19.575
20.55
21.01875
20.6875
19.30625
17.225
15.025
13.26875
13.05625
13.0375
14.5
17.11875
19.0625
22.325
23.7625
23.21875
22.8375
20.4125
19.23125
19.7
20.74375
22.28125
23.58125
23.325
21.95625
20.54375
18.88125
17.525
16.8625
17.06875
16.525
16.325
15.86875
15.95625
17.3125
18.95
21.44375
21.36875
21.00625
20.8
19.1
19.98125
19.95625
19.775
20.875
20.2875
20.375
20.74375
20.45625
20.80625
21.4875
21.20625
21.075
20.825
21.06875
21.05625
21.025
21.525
21.2
22.35
23.5
23.94375
23.2875
21.6625
19.33125
17.7
17.5375
17.8375
19.55
20.81875
21.21875
21.86875
21.56875
21.26875
21.85625
21.9625
22.1625
22.725
23.2625
23.8
24.46875
24.05625
22.53125
19.76875
17.8
17.075
17.2125
19.09375
19.13125
18.19375
17.10625
15.7625
16.23125
17.1875
18.5125
19.3375
18.9875
19.125
18.5375
17.4
16.79375
15.71875
15.1
15.28125
15.24375
14.68125
13.68125
13.48125
13.8125
14.6375
16.33125
16.425
15.8125
15.6
14.7
15.30625
15.79375
16.025
16.89375
17.09375
18.53125
19.725
20.025
21.075
21.275
21.25625
21.85625
20.1375
18.44375
17.11875
15.98125
17.08125
17.8125
18.50625
18.4875
18.4875
18.4875
18.4875
