0.71125
0.71125
0.71125
0.71125
0.710625
0.775625
0.825625
0.819375
0.806875
0.79375
0.786875
0.82
0.82125
0.86125
0.920625
0.980625
0.9725
0.959375
0.85625
0.83875
0.9275
0.9425
1.108125
1.125
1.131875
1.201875
1.09875
1.073125
1.0175
0.921875
0.925625
0.940625
0.945
1.01375
1.096875
1.111875
1.16875
1.130625
1.05625
1.0
0.886875
0.86875
0.85375
0.911875
1.011875
0.978125
0.95125
0.838125
0.755625
0.798125
0.815625
0.8975
0.905625
0.859375
0.88875
0.850625
0.8725
0.88625
0.798125
0.783125
0.67625
0.633125
0.718125
0.8025
1.00375
1.125
1.16375
1.1225
1.010625
0.939375
0.800625
0.764375
0.7475
0.753125
0.9175
1.005
1.085
1.11875
1.030625
0.964375
0.913125
0.935625
0.974375
0.98625
0.959375
0.854375
0.788125
0.75625
0.80625
0.946875
1.035
1.084375
1.05625
0.901875
0.81375
0.75625
0.774375
0.871875
0.903125
1.013125
1.025
1.05875
1.185625
1.188125
1.2675
1.255
1.1775
1.1925
1.185
1.285
1.395
1.393125
1.403125
1.299375
1.144375
1.06625
0.97125
0.958125
0.9925
0.991875
0.91875
0.861875
0.84375
0.900625
1.053125
1.089375
1.013125
0.9
0.79625
0.783125
0.893125
0.979375
0.989375
1.025625
1.046875
1.02125
1.078125
1.123125
1.12375
1.2675
1.345625
1.343125
1.289375
1.11125
0.95375
0.89125
0.910625
0.930625
0.956875
0.908125
0.81
0.73625
0.6625
0.630625
0.631875
0.685625
0.786875
0.918125
1.075
1.2175
1.33375
1.3575
1.31875
1.189375
0.985
0.85125
0.80375
0.844375
0.945625
1.0775
1.113125
1.14125
1.200625
1.150625
1.134375
1.14125
1.11
1.195
1.29625
1.293125
1.235625
1.095625
0.986875
0.9825
1.04875
1.1125
1.13625
1.0825
1.021875
1.02375
1.00375
1.075625
1.128125
1.118125
1.144375
1.108125
1.115625
1.1875
1.20375
1.238125
1.1975
1.111875
1.043125
0.951875
0.87
0.79375
0.78125
0.79625
0.90875
1.0675
1.1475
1.149375
1.093125
0.93625
0.851875
0.831875
0.77125
0.79875
0.778125
0.813125
0.890625
0.951875
1.010625
0.958125
0.911875
0.835
0.815
0.8625
0.880625
0.88625
0.844375
0.77875
0.74125
0.73625
0.739375
0.805
0.86375
0.994375
1.125
1.154375
1.17625
1.118125
1.079375
1.16375
1.199375
1.176875
1.108125
0.95
0.889375
0.92625
1.03875
1.13
1.14875
1.11625
0.98
0.941875
0.91125
0.93875
1.0275
1.029375
1.03875
1.009375
1.0275
1.070625
1.098125
1.1475
1.096875
1.0225
1.038125
0.991875
1.009375
1.02875
1.00375
1.01875
1.018125
1.04125
0.974375
0.9075
0.805625
0.776875
0.816875
0.910625
1.031875
1.03125
1.025
0.91125
0.815
0.76125
0.7325
0.75625
0.830625
0.91125
0.965
1.00625
0.93125
0.8875
0.826875
0.78
0.75375
0.646875
0.564375
0.47625
0.494375
0.58
0.716875
0.865
0.89125
0.88125
0.846875
0.875625
0.92875
1.086875
1.158125
1.091875
1.068125
0.895
0.76375
0.70125
0.6425
0.645625
0.685
0.70625
0.721875
0.715
0.684375
0.711875
0.745
0.85
0.94875
0.985625
0.954375
0.843125
0.81625
0.849375
0.915
1.026875
1.0175
0.97
0.941875
0.865625
0.81375
0.73
0.616875
0.62375
0.655
0.711875
0.805
0.7975
0.79
0.770625
0.7825
0.735
0.705625
0.7125
0.619375
0.63125
0.65625
0.663125
0.744375
0.795
0.795
0.776875
0.771875
0.7725
0.7625
0.77125
0.699375
0.6125
0.57375
0.606875
0.745625
0.91
1.05625
1.0575
0.995625
0.95375
0.89375
0.98375
1.049375
1.00875
1.004375
0.89375
0.829375
0.845625
0.8575
0.88875
0.911875
0.949375
0.95375
0.98375
0.979375
0.910625
0.866875
0.801875
0.78375
0.785625
0.764375
0.73
0.6775
0.71625
0.784375
0.89375
1.001875
0.96375
0.9575
0.905
0.8975
1.0125
1.05125
1.13125
1.128125
1.099375
1.119375
1.103125
1.158125
1.203125
1.1925
1.218125
1.138125
1.030625
0.98
0.938125
1.0
1.035625
1.0675
0.994375
0.87625
0.838125
0.7725
0.785
0.8425
0.805
0.83625
0.899375
0.90625
0.968125
0.92
0.82625
0.733125
0.67125
0.695625
0.765
0.89875
1.003125
1.039375
0.995
0.883125
0.73625
0.62625
0.621875
0.705625
0.804375
0.890625
0.904375
0.824375
0.8025
0.8425
0.883125
0.956875
0.975
0.9125
0.914375
0.900625
0.89625
0.954375
0.946875
0.94875
1.016875
1.0775
1.09875
1.14
1.066875
0.953125
0.895625
0.824375
0.84
0.848125
0.888125
0.89625
0.839375
0.815
0.805
0.8925
1.013125
1.10375
1.12625
1.035625
0.97625
0.920625
0.843125
0.826875
0.7625
0.75625
0.805
0.87375
0.91875
0.91375
0.93875
0.904375
0.96625
1.008125
0.9675
0.936875
0.811875
0.80375
0.878125
0.94375
1.1025
1.111875
1.015
0.991875
0.880625
0.831875
0.848125
0.815
0.793125
0.77125
0.7675
0.73875
0.77
0.85
0.926875
1.0775
1.158125
1.19
1.17375
1.035625
0.936875
0.765
0.650625
0.65875
0.64
0.7675
0.85875
0.86375
0.9625
0.915
0.945
1.039375
1.005625
1.069375
1.0075
0.89625
0.82375
0.780625
0.78
0.80125
0.8925
0.87625
0.941875
1.040625
1.011875
1.0425
0.975625
0.8575
0.82375
0.8275
0.85625
0.91
1.0125
1.071875
1.115625
1.136875
1.11125
1.036875
1.073125
1.125
1.1325
1.176875
1.06
0.991875
0.898125
0.828125
0.838125
0.744375
0.725
0.669375
0.608125
0.608125
0.611875
0.664375
0.69875
0.720625
0.720625
0.671875
0.690625
0.715625
0.725
0.808125
0.8325
0.888125
0.984375
1.015
1.033125
1.04375
0.998125
0.965625
0.97
0.895625
0.834375
0.75875
0.653125
0.614375
0.643125
0.71
0.77375
0.835625
0.885625
0.96875
1.119375
1.2325
1.308125
1.243125
1.119375
1.02875
0.869375
0.809375
0.743125
0.67125
0.723125
0.783125
0.8525
0.976875
1.005
1.0125
1.04125
0.96625
0.900625
0.801875
0.655
0.5625
0.575
0.671875
0.82
1.005625
1.076875
1.085625
1.13125
1.11
1.09875
1.12375
1.05375
0.970625
0.918125
0.79375
0.71625
0.703125
0.690625
0.725
0.744375
0.745625
0.746875
0.73
0.7075
0.66625
0.625
0.658125
0.705
0.770625
0.868125
0.94
0.99375
1.061875
1.06625
0.976875
0.945625
0.835625
0.7875
0.803125
0.73875
0.776875
0.755
0.708125
0.70125
0.599375
0.551875
0.52875
0.52375
0.56625
0.61625
0.66625
0.698125
0.711875
0.6375
0.563125
0.483125
0.508125
0.655
0.8675
1.096875
1.230625
1.265
1.168125
1.06625
0.944375
0.864375
0.936875
0.996875
1.068125
1.115
1.000625
0.90875
0.851875
0.874375
0.9825
1.085625
1.16125
1.110625
1.111875
1.09
1.03875
1.07625
1.036875
1.02625
1.073125
1.045
0.975625
0.865
0.718125
0.67
0.708125
0.73875
0.805625
0.791875
0.770625
0.854375
0.98875
1.154375
1.28875
1.355
1.33875
1.355625
1.33875
1.23875
1.1575
0.991875
0.87625
0.870625
0.838125
0.913125
1.0025
1.04625
1.12875
1.148125
1.088125
1.056875
0.975625
0.916875
0.938125
0.929375
0.945625
0.89375
0.794375
0.7575
0.696875
0.749375
0.881875
0.988125
1.150625
1.21875
1.225625
1.14875
1.079375
1.04375
1.04375
1.04375
1.04375
