-0.3
-0.3
-0.3
-0.3
-0.171875
-0.14375
-0.121875
-0.18125
-0.3
-0.2875
-0.209375
-0.01875
0.171875
0.2625
0.3
0.20625
0.05625
-0.103125
-0.2
-0.2125
-0.184375
-0.025
-0.0375
-0.0875
-0.05
-0.1
0.053125
0.303125
0.390625
0.4625
0.34375
0.075
-0.06875
-0.25
-0.246875
-0.165625
-0.128125
-0.0125
-0.053125
-0.034375
-1.38777878078e-17
0.05
0.1625
0.13125
0.028125
-0.121875
-0.3375
-0.334375
-0.196875
0.015625
0.421875
0.546875
0.534375
0.390625
0.05625
-0.1
-0.20625
-0.246875
-0.1625
-0.10625
0.046875
0.121875
0.071875
-0.021875
-0.253125
-0.415625
-0.45625
-0.475
-0.309375
-0.059375
0.065625
0.203125
0.215625
0.15
0.21875
0.2875
0.296875
0.365625
0.296875
0.309375
0.315625
0.203125
0.1
-0.025
-0.096875
-0.109375
0.065625
0.0875
0.134375
0.18125
-0.028125
-0.190625
-0.365625
-0.478125
-0.396875
-0.25625
-0.115625
-0.1
-0.15
-0.084375
0.046875
0.1625
0.246875
0.075
-0.228125
-0.375
-0.396875
-0.225
-2.77555756156e-17
0.115625
0.1375
0.09375
0.140625
0.171875
0.203125
0.234375
0.1875
0.328125
0.340625
0.340625
0.403125
0.25
0.2125
0.121875
-0.03125
-0.096875
-0.071875
0.05625
0.115625
0.084375
0.0375
-0.00625
0.025
0.215625
0.203125
0.071875
-0.003125
-0.1625
-0.103125
0.175
0.2625
0.28125
0.15625
-0.203125
-0.30625
-0.30625
-0.175
0.003125
0.053125
0.175
0.23125
0.4125
0.459375
0.403125
0.346875
0.275
0.409375
0.48125
0.521875
0.4375
0.34375
0.3125
0.34375
0.359375
0.25
0.203125
0.125
0.1375
0.171875
0.08125
0.053125
0.078125
0.184375
0.2875
0.265625
0.178125
0.1125
0.178125
0.36875
0.559375
0.584375
0.478125
0.246875
0.078125
0.053125
0.221875
0.453125
0.559375
0.565625
0.38125
0.196875
0.1375
0.196875
0.38125
0.565625
0.6875
0.75
0.75
0.75
0.75
0.75
0.621875
0.415625
0.08125
-0.190625
-0.3
-0.325
-0.234375
-0.28125
-0.271875
-0.28125
-0.2
-0.109375
-0.221875
-0.234375
-0.325
-0.35
-0.2625
-0.33125
-0.403125
-0.4375
-0.425
-0.21875
-0.01875
0.24375
0.465625
0.525
0.528125
0.31875
0.0375
-0.3125
-0.596875
-0.76875
-0.875
-0.79375
-0.675
-0.56875
-0.396875
-0.315625
-0.284375
-0.20625
-0.278125
-0.340625
-0.334375
-0.384375
-0.384375
-0.384375
-0.384375
