0.114375
0.114375
0.114375
0.114375
0.306875
0.308125
0.31875
0.053125
-0.205
-0.33625
-0.48625
-0.5075
-0.525625
-0.409375
-0.28375
-0.1425
-0.0125
-0.026875
-0.035
-0.061875
0.06875
0.078125
0.07
0.080625
-0.21375
-0.363125
-0.49625
-0.506875
-0.2125
0.059375
0.32125
0.4375
0.25625
0.0975
0.0775
-0.05
0.0025
0.0375
-0.195
-0.303125
-0.436875
-0.564375
-0.546875
-0.400625
-0.260625
-0.133125
0.061875
-0.01625
-0.0125
0.03625
-0.07875
-0.00375
-0.0975
-0.234375
-0.29875
-0.465625
-0.525625
-0.499375
-0.441875
-0.31625
-0.213125
-0.288125
-0.303125
-0.341875
-0.29625
-0.124375
-0.104375
-0.06875
-0.1875
-0.35375
-0.3175
-0.30625
-0.18
-0.000625
-0.096875
-0.166875
-0.313125
-0.451875
-0.451875
-0.434375
-0.343125
-0.3425
-0.273125
-0.2
-0.225
-0.19125
-0.255625
-0.388125
-0.459375
-0.548125
-0.616875
-0.635625
-0.593125
-0.476875
-0.36125
-0.29875
-0.35875
-0.54125
-0.68875
-0.77125
-0.7925
-0.660625
-0.55375
-0.474375
-0.3825
-0.45
-0.5025
-0.533125
-0.463125
-0.33125
-0.214375
-0.114375
-0.191875
-0.2825
-0.346875
-0.445625
-0.48
-0.488125
-0.53375
-0.535
-0.5975
-0.6625
-0.70875
-0.765
-0.7525
-0.7575
-0.755
-0.745
-0.75
-0.735
-0.735
-0.7425
-0.7425
-0.733125
-0.655
-0.576875
-0.345
-0.13
-0.0375
0.06
-0.15
-0.371875
-0.5
-0.62125
-0.4475
-0.25
-0.105
0.01125
-0.133125
-0.289375
-0.41625
-0.515
-0.390625
-0.271875
-0.165625
-0.081875
-0.22
-0.36375
-0.533125
-0.70375
-0.6225
-0.51875
-0.354375
-0.080625
-0.086875
-0.104375
-0.156875
-0.30625
-0.285625
-0.261875
-0.1125
-0.0425
0.00375
0.165
0.08125
0.071875
0.03875
-0.2625
-0.4525
-0.62625
-0.77125
-0.65875
-0.38875
-0.13
0.185
0.29
0.15625
0.10125
-0.06875
-0.13625
-0.026875
0.06
0.205625
0.36875
0.363125
0.155
-0.063125
-0.30375
-0.496875
-0.55125
-0.546875
-0.39125
-0.204375
0.00875
0.13125
-0.0275
-0.191875
-0.38125
-0.550625
-0.59625
-0.619375
-0.63
-0.606875
-0.5725
-0.560625
-0.56625
-0.613125
-0.66
-0.708125
-0.626875
-0.52125
-0.423125
-0.24625
-0.300625
-0.209375
-0.091875
-0.094375
0.10125
0.013125
-0.084375
-0.135625
-0.215625
-0.14625
-0.106875
-0.04125
-0.178125
-0.355
-0.51875
-0.7125
-0.76
-0.75625
-0.745
-0.57625
-0.415
-0.264375
-0.10125
-0.238125
-0.355
-0.41625
-0.47
-0.21625
0.036875
0.2225
0.388125
0.24625
0.075625
-0.168125
-0.436875
-0.5275
-0.59
-0.458125
-0.155
0.106875
0.464375
0.5825
0.390625
0.226875
-0.161875
-0.435625
-0.51375
-0.480625
-0.324375
-0.19375
-0.098125
-0.25875
-0.283125
-0.27875
-0.2825
-0.1525
-0.31
-0.435625
-0.49625
-0.531875
-0.42875
-0.389375
-0.339375
-0.339375
-0.324375
-0.24875
-0.2375
-0.19625
-0.1575
-0.1475
-0.24125
-0.32
-0.40375
-0.50625
-0.435
-0.270625
-0.096875
0.108125
0.15125
-0.003125
-0.09125
-0.143125
-0.090625
-0.0075
-0.07875
-0.19875
-0.319375
-0.38625
-0.385625
-0.30625
-0.250625
-0.19
-0.135625
-0.2875
-0.314375
-0.34625
-0.343125
-0.16375
-0.161875
-0.150625
-0.103125
-0.104375
-0.07
0.07875
0.1125
0.10375
0.236875
0.254375
0.3575
0.474375
0.34
0.065625
-0.245
-0.498125
-0.608125
-0.58375
-0.535625
-0.5275
-0.529375
-0.550625
-0.600625
-0.625
-0.6275
-0.59625
-0.548125
-0.475
-0.453125
-0.46
-0.4525
-0.533125
-0.556875
-0.52
-0.511875
-0.455
-0.293125
-0.216875
-0.12125
-0.030625
-0.195
-0.334375
-0.48375
-0.51
-0.4025
-0.263125
-0.104375
-0.170625
-0.261875
-0.393125
-0.548125
-0.590625
-0.553125
-0.495625
-0.38
-0.275625
-0.26125
-0.198125
-0.255
-0.26375
-0.24375
-0.309375
-0.2325
-0.240625
-0.24875
-0.22
-0.2625
-0.259375
-0.27
-0.2725
-0.275
-0.210625
-0.16125
-0.09125
-0.02125
-0.094375
0.0125
0.090625
0.12
0.265
0.13
-0.05875
-0.20375
-0.39125
-0.40125
-0.34625
-0.28125
-0.25875
-0.34625
-0.445
-0.5425
-0.62125
-0.62
-0.6375
-0.66125
-0.6375
-0.63875
-0.6025
-0.56625
-0.446875
-0.315
-0.208125
0.02125
0.0425
0.0575
0.07875
-0.145
-0.273125
-0.40125
-0.523125
-0.5225
-0.39375
-0.265
-0.06375
0.1375
0.09375
0.03125
-0.195
-0.42125
-0.525
-0.59125
-0.52375
-0.4625
-0.43
-0.4225
-0.5175
-0.62875
-0.68875
-0.69375
-0.63375
-0.52875
-0.44625
-0.4125
-0.37625
-0.375
-0.245
-0.115
-0.003125
0.145625
0.043125
-0.130625
-0.315625
-0.541875
-0.664375
-0.608125
-0.4875
-0.211875
0.106875
0.281875
0.365625
0.184375
0.015625
-0.024375
0.113125
0.3775
0.605
0.57625
0.27125
0.00875
-0.315
-0.4325
-0.36
-0.366875
-0.288125
-0.223125
-0.1225
0.015
0.165
0.28625
0.201875
0.093125
-0.10625
-0.376875
-0.489375
-0.48
-0.4
-0.22625
-0.025
-0.01875
-0.035
-0.0675
-0.1925
-0.20125
-0.069375
0.0325
0.089375
0.17
-0.030625
-0.17
-0.228125
-0.3825
-0.244375
-0.16375
-0.12375
-0.025
-0.0725
-0.088125
-0.01
0.050625
-0.02375
-0.121875
-0.216875
-0.238125
0.0025
0.26125
0.354375
0.4225
0.4225
0.4225
0.4225
