0.076466825
0.076466825
0.076466825
0.076466825
0.0779508125
0.07102148125
0.06672666875
0.06423595
0.06249159375
0.06285381875
0.0660481375
0.06684691875
0.0651677375
0.06660591875
0.06376204375
0.066679775
0.073725175
0.08099338125
0.08338945
0.081965675
0.07840379375
0.07056121875
0.0702104875
0.07069345
0.07208479375
0.07512448125
0.07257789375
0.06893366875
0.06211474375
0.05635368125
0.0545487125
0.0548516875
0.0560498
0.055892025
0.05672176875
0.0540773625
0.0546375
0.05255174375
0.050741375
0.05134598125
0.05038145625
0.05360065
0.049695275
0.04504035625
0.040674175
0.03791206875
0.0406647625
0.04893225625
0.05505314375
0.06111825625
0.06457595625
0.0609090875
0.06101225625
0.05697700625
0.056818675
0.05497098125
0.0534649125
0.05541931875
0.058013375
0.07074345
0.0786229
0.0847721125
0.0853133
0.0754307875
0.066575975
0.05531298125
0.04755628125
0.04585035
0.04571355
0.0477207
0.04741989375
0.0441173875
0.04267275
0.04149234375
0.04633576875
0.053919925
0.06195430625
0.0726611
0.078035875
0.07954223125
0.07457453125
0.0645262375
0.05396618125
0.04764239375
0.05167879375
0.05785914375
0.07058945
0.078927625
0.07487735
0.06756949375
0.049195275
0.0364269125
0.03126055625
0.0358102375
0.04915978125
0.0549034375
0.05783153125
0.050335925
0.03762904375
0.03332794375
0.030434625
0.03427001875
0.04071105
0.03926849375
0.04134775
0.040249825
0.04100976875
0.0487114125
0.05069151875
0.0537294875
0.05468713125
0.0496449625
0.04744518125
0.04202160625
0.03912686875
0.04301808125
0.04846784375
0.05960535625
0.0684364875
0.07166028125
0.07230294375
0.07010173125
0.0655941375
0.0618969
0.059257525
0.0534274125
0.0501804375
0.0469905875
0.04126444375
0.03916159375
0.03643895
0.037670025
0.041675625
0.04800685
0.0546811125
0.05692469375
0.0582521
0.056821325
0.05514350625
0.05952155625
0.06201320625
0.061908025
0.0623632125
0.05363449375
0.0513509875
0.05426114375
0.056857975
0.0639473375
0.064449625
0.061189025
0.059814825
0.0611037375
0.0647189375
0.06790806875
0.06947503125
0.0642792
0.05784316875
0.05344935
0.0464130375
0.04540055625
0.04337756875
0.04298841875
0.04656965625
0.04775724375
0.053270175
0.0562792
0.06089041875
0.06823714375
0.0702446375
0.07293634375
0.06976131875
0.06282950625
0.059211125
0.0553285125
0.05359640625
0.052410425
0.05372145625
0.052815575
0.05359765625
0.0544368625
0.04826623125
0.04626519375
0.04050126875
0.03921296875
0.0436597625
0.04395415
0.0514704625
0.05572919375
0.0568496625
0.06504199375
0.064272875
0.06361944375
0.06805695625
0.06275019375
0.06408788125
0.0670739125
0.06653813125
0.0711878125
0.0755576625
0.0752268375
0.07294333125
0.0703465
0.0610963125
0.0526321375
0.048717475
0.04513215
0.0507970125
0.060878825
0.07039206875
0.08380545
0.09018555625
0.0915045625
0.08645895
0.07451145
0.06418599375
0.056720425
0.05369809375
0.0517911125
0.04907814375
0.04598325625
0.04267460625
0.0429000625
0.04709590625
0.05129003125
0.05470839375
0.0561497125
0.0549485375
0.0557298375
0.05902419375
0.06457098125
0.0688249375
0.06782688125
0.062592775
0.05076988125
0.04232534375
0.04068423125
0.04425439375
0.05382485625
0.06225196875
0.06511556875
0.06693385625
0.06750818125
0.0691348
0.07255660625
0.07403816875
0.07312270625
0.06591819375
0.0636275125
0.05956611875
0.05968298125
0.064292375
0.0594045375
0.05660105
0.05043029375
0.0447214375
0.046348675
0.05025910625
0.0585299125
0.06600948125
0.07118084375
0.076543475
0.07383965
0.0761565375
0.07601129375
0.07345786875
0.07445449375
0.0681536125
0.0666896625
0.06319745
0.06496911875
0.0694132
0.06912551875
0.0728943625
0.07010170625
0.0699814625
0.07200985
0.06738488125
0.06405753125
0.05318563125
0.04210090625
0.03759395625
0.0383508875
0.04885209375
0.05797194375
0.06352946875
0.0642033125
0.05478601875
0.0486509
0.04573506875
0.04239663125
0.04493738125
0.04584271875
0.0432520125
0.04339029375
0.04280210625
0.04474446875
0.049937725
0.05240199375
0.0533634125
0.0514143625
0.0470656625
0.04864026875
0.05557005
0.06325966875
0.07198444375
0.07615040625
0.076686075
0.07713985
0.0772642875
0.077388725
0.07787960625
0.0777744375
0.0793631
0.079221525
0.07825973125
0.07499913125
0.06933888125
0.06094488125
0.04868294375
0.039306575
0.0303227
0.02974460625
0.0368542875
0.04560340625
0.0578390625
0.06382654375
0.0669363625
0.06590109375
0.06179778125
0.06230723125
0.0595757
0.0594567
0.0618143
0.0620896875
0.0669145875
0.07101453125
0.07286204375
0.0719548375
0.06714226875
0.06402353125
0.0584966125
0.05518691875
0.05526068125
0.05526068125
0.05526068125
0.05526068125
