0.74
0.74
0.74
0.74
0.6793125
0.6964375
0.7439375
0.7743125
0.8258125
0.8293125
0.905625
0.961625
1.0236875
1.0728125
0.961875
0.9075
0.8470625
0.9356875
1.0563125
1.0883125
1.1448125
0.965875
0.848625
0.805
0.7155625
0.7483125
0.750125
0.768875
0.9140625
1.054625
1.196
1.27525
1.1461875
1.0156875
0.913875
0.825125
0.8183125
0.8945
0.9141875
0.9394375
1.0071875
0.887
0.803125
0.745875
0.667375
0.6886875
0.7234375
0.69625
0.68175
0.66725
0.667375
0.8325625
0.99175
1.1575
1.2749375
1.168125
1.0495
0.9243125
0.8293125
0.8095
0.7948125
0.76125
0.7111875
0.7221875
0.7383125
0.785625
0.8555
0.8836875
0.89075
0.9853125
1.0596875
1.1675625
1.2914375
1.225
1.25075
1.225125
1.2113125
1.2786875
1.1529375
1.0503125
0.9206875
0.8121875
0.825
0.82275
0.82675
0.7825
0.7389375
0.7246875
0.7205
0.7628125
0.752
0.727875
0.7415625
0.7714375
0.83375
0.9071875
1.01375
1.10625
1.230875
1.3304375
1.258125
1.14975
1.0209375
0.911125
0.8888125
0.906375
0.9081875
0.9869375
1.1180625
1.206
1.27125
1.1391875
0.948625
0.7879375
0.6600625
0.6728125
0.70125
0.732125
0.807875
0.8423125
0.9006875
0.9573125
0.955875
0.9605625
0.928125
0.88
0.83075
0.8145625
0.8143125
0.8275
0.94075
1.00575
1.04775
1.0998125
0.9809375
0.89
0.8279375
0.749375
0.7335
0.7500625
0.772625
0.8226875
0.8840625
0.8814375
0.8951875
0.8816875
0.87825
0.9264375
0.900375
0.879375
0.875
0.8175625
0.829
0.820125
0.774625
0.7754375
0.753375
0.7478125
0.7894375
0.826
0.9506875
1.088125
1.18125
1.226125
1.1069375
0.969875
0.83425
0.763125
0.755875
0.785875
0.868875
0.90225
0.9476875
0.93425
0.8585
0.8211875
0.7880625
0.8160625
0.8645625
0.9839375
1.083125
1.1234375
1.1823125
1.081125
1.0025
0.9805
0.928125
0.9439375
0.922
0.831125
0.770625
0.7019375
0.6644375
0.704
0.728375
0.7476875
0.8155
0.934875
1.03125
1.1778125
1.2408125
1.116
1.04925
0.9325625
0.862125
0.9033125
0.897375
0.90925
0.92175
0.9224375
0.9350625
0.92375
0.923625
0.91825
0.8979375
0.9356875
0.9395
0.9536875
1.0101875
1.02375
1.0361875
1.043625
0.9753125
0.9106875
0.8216875
0.7325625
0.6919375
0.638375
0.62125
0.6200625
0.618875
0.664
0.7615
0.804125
0.8831875
0.896875
0.8304375
0.838
0.8133125
0.8489375
0.9089375
0.93775
0.9580625
0.9584375
1.065375
1.1566875
1.1566875
1.1566875
1.1566875
