0.83075
0.83075
0.83075
0.83075
0.8733125
0.96625
1.0800625
1.155625
1.2045
1.17975
1.115875
1.071125
1.026375
0.984875
1.00725
1.0563125
1.105375
1.2003125
1.2324375
1.237875
1.21575
1.169
1.113625
1.0283125
0.9905625
0.9539375
0.9706875
1.065375
1.12525
1.165125
1.1559375
1.053125
0.9599375
0.88675
0.83075
0.8173125
0.8290625
0.8384375
0.873
0.94125
0.9695
1.0025
1.0040625
0.9930625
1.00725
1.0401875
1.1035625
1.12325
1.1334375
1.099
1.018875
0.99
0.9621875
0.976375
1.062
1.122
1.2099375
1.2684375
1.2565625
1.1999375
1.1419375
1.1058125
1.0753125
1.1343125
1.1519375
1.1425
1.1530625
1.0821875
1.0018125
0.9375625
0.8785
0.8471875
0.8595625
0.8995
0.9490625
1.0051875
1.056625
1.0805
1.0704375
1.0736875
1.06025
1.01925
1.0165
0.995125
0.9566875
0.973375
0.9518125
0.9370625
0.94225
0.9123125
0.900625
0.9098125
0.9460625
0.97075
1.0015
0.99225
0.956
0.958
0.954375
0.9761875
1.0014375
0.99275
0.9789375
0.9511875
0.92875
0.9159375
0.9184375
0.9325
0.9125625
0.9178125
0.904375
0.887875
0.8965625
0.8928125
0.8949375
0.9170625
0.9895625
1.0480625
1.109625
1.1311875
1.0583125
0.9793125
0.9119375
0.8806875
0.905625
0.9321875
0.9585625
0.960875
0.9445
0.946625
0.9373125
0.9325
0.9451875
0.9536875
0.9398125
0.924625
0.900875
0.8863125
0.9050625
0.95275
1.0375
1.1341875
1.21225
1.2630625
1.2311875
1.126125
1.027875
0.9124375
0.84025
0.8206875
0.799625
0.7979375
0.8061875
0.8338125
0.8661875
0.8994375
0.925125
0.922
0.917375
0.913625
0.91325
0.8996875
0.93
0.9594375
0.9769375
1.0123125
0.9625
0.936
0.9228125
0.93125
0.9749375
0.9934375
1.0185625
1.002875
1.038
1.08025
1.095
1.12975
1.094375
1.0461875
1.014125
0.9820625
0.9809375
0.967375
0.959
0.99625
0.9964375
1.0255625
1.04125
0.97425
0.9609375
0.930625
0.911625
0.9180625
0.909
0.907125
0.907625
0.9236875
0.9135625
0.9043125
0.9053125
0.9201875
0.9439375
1.0133125
1.0510625
1.0531875
1.0748125
1.03275
1.0214375
1.0270625
1.0194375
1.029875
1.0109375
0.992875
0.97375
0.9470625
0.9286875
0.9095
0.894
0.8860625
0.890375
0.8939375
0.9225625
0.9320625
0.930375
0.952625
0.972125
1.0184375
1.0699375
1.087625
1.0468125
0.98975
0.9335625
0.8891875
0.87025
0.8688125
0.8843125
0.9105
0.9565625
0.98475
1.0220625
1.0483125
1.061125
1.1104375
1.0880625
1.07325
1.0628125
1.01725
1.024125
1.0234375
1.024375
1.0183125
1.012125
0.9995
0.983
0.995625
0.99275
0.972125
0.9661875
0.922625
0.8788125
0.878375
0.87775
0.90325
0.9369375
0.9361875
0.924
0.90875
0.909625
0.946
0.962375
0.97875
0.9904375
0.961625
0.9528125
0.9626875
0.9305
0.94525
0.960875
0.9360625
0.9660625
0.9426875
0.9631875
1.006125
1.0123125
1.066625
1.0275
1.017625
1.057375
1.0809375
1.153875
1.16625
1.0959375
0.9928125
0.891375
0.843625
0.8615
0.903875
0.9680625
1.01675
1.049625
1.0895
1.097125
1.06725
1.009
0.9459375
0.883375
0.853125
0.85225
0.8608125
0.8735625
0.883125
0.9023125
0.9319375
0.95975
0.9900625
0.99075
0.9538125
0.9220625
0.9153125
0.9181875
0.93075
0.9433125
0.921625
0.925125
0.9345
0.9430625
0.96675
0.9513125
0.987625
1.0231875
1.043625
1.0799375
1.0675625
1.05675
1.0420625
1.0299375
0.9769375
0.9263125
0.90275
0.882125
0.902375
0.9291875
0.921375
0.93325
0.940375
0.949625
0.9703125
0.9679375
0.9903125
0.9870625
1.0160625
1.0309375
1.0034375
1.0050625
0.98725
0.9846875
1.0158125
1.0285
1.008375
0.9826875
0.9419375
0.8898125
0.86525
0.8479375
0.83775
0.866125
0.915625
0.96775
1.0165
1.063375
1.0955625
1.1236875
1.1619375
1.1413125
1.11425
1.127125
1.108125
1.138375
1.1866875
1.15775
1.17475
1.1575625
1.0966875
1.0843125
1.0348125
1.0300625
1.036125
1.056375
1.0865625
1.0713125
1.0656875
1.0344375
1.022125
1.035125
1.0509375
1.0296875
0.976125
0.94225
0.933125
0.9525
1.029125
1.0626875
1.0628125
1.0766875
1.02825
1.0220625
1.0455625
1.0595625
1.079375
1.065875
1.01475
0.9870625
0.9640625
0.9451875
0.9590625
0.9346875
0.943625
0.95975
0.967375
0.9901875
0.9981875
1.004
0.9761875
0.9829375
0.97875
0.9815625
1.0105
1.00125
0.9711875
0.9363125
0.9119375
0.9026875
0.96325
1.0255625
1.0791875
1.0976875
1.0249375
0.9715625
0.9130625
0.89825
0.9746875
1.0373125
1.1263125
1.1878125
1.1580625
1.09125
1.0078125
0.9361875
0.93775
0.973
0.984625
0.990625
0.9415
0.916875
0.903875
0.8960625
0.921
0.9108125
0.9390625
0.9649375
1.008
1.0378125
1.0094375
1.0069375
0.9731875
0.9586875
0.9904375
0.9823125
0.9733125
0.9736875
0.944875
0.9476875
0.9505
0.9856875
1.0208125
1.0406875
1.06875
1.031
1.0061875
0.9695625
0.936875
0.9298125
0.920375
0.9345625
0.966375
0.9981875
1.051125
1.07225
1.0720625
1.051875
0.998375
1.0105
1.0044375
1.0175625
1.0339375
0.967625
0.941625
0.91725
0.9179375
0.9746875
1.0148125
1.0816875
1.1619375
1.195625
1.206125
1.1615
1.04175
0.9495625
0.8711875
0.866
0.9264375
0.991625
1.078125
1.073375
1.0255625
0.969125
0.8804375
0.8615625
0.8688125
0.8790625
0.9254375
0.9243125
0.920125
0.9215625
0.883
0.86775
0.8614375
0.8731875
0.9249375
0.981
1.0191875
1.007
0.96
0.9026875
0.881875
0.893375
0.9145
0.9471875
0.9523125
0.953125
0.959125
0.9548125
0.9685625
0.98525
0.9995625
1.018625
0.9963125
0.9820625
0.98075
0.9994375
1.023875
1.0444375
1.0514375
1.042625
1.066625
1.0555
1.0621875
1.086125
1.102375
1.15475
1.16925
1.121875
1.085
1.0496875
1.0605
1.1276875
1.1288125
1.1063125
1.061875
0.9858125
0.95775
0.9566875
0.93425
0.9268125
0.92175
0.8814375
0.8605
0.8436875
0.822125
0.8339375
0.84425
0.851875
0.8918125
0.9124375
0.9578125
0.994375
1.001
1.0144375
0.9855
0.9723125
0.959125
0.974375
1.0105
1.050375
1.09025
1.0719375
1.05275
1.002125
0.9239375
0.9005625
0.8924375
0.9043125
0.94375
0.957875
0.9648125
0.9765
1.0081875
1.066625
1.1384375
1.201625
1.249
1.226
1.1359375
1.0543125
0.9443125
0.883375
0.8880625
0.928375
0.9980625
1.0858125
1.1535625
1.181125
1.2225
1.2415
1.2605
1.233875
1.172625
1.1049375
1.0448125
1.03575
1.079375
1.1283125
1.143
1.1924375
1.164625
1.123375
1.1079375
1.012125
0.9510625
0.9233125
0.8940625
0.927125
0.9625625
0.9559375
0.9540625
0.903375
0.9044375
0.9735625
1.0603125
1.189
1.2285625
1.1831875
1.125375
1.060375
1.050625
1.0979375
1.111
1.114125
1.1024375
1.07575
1.0725
1.05775
1.023875
0.9648125
0.91225
0.864125
0.8394375
0.86475
0.8859375
0.9360625
0.981875
0.9945625
1.012875
0.9911875
0.9643125
0.9316875
0.917125
0.9681875
1.0244375
1.0886875
1.108
1.033
0.9549375
0.8974375
0.87275
0.905
0.9485625
0.954625
0.95
0.956125
0.9488125
0.96025
0.9555625
0.9533125
0.95625
0.9615625
0.983
0.9649375
0.9445
0.935
0.9340625
0.9511875
0.97
0.9669375
0.94675
0.9265625
0.930125
0.967
1.0580625
1.14025
1.2005
1.238375
1.205
1.167
1.1156875
1.0495625
0.99425
0.9441875
0.897375
0.878875
0.8789375
0.8903125
0.910625
0.89875
0.8750625
0.8483125
0.8215625
0.8135
0.8135
0.859125
0.92475
1.036
1.1515625
1.1848125
1.2236875
1.2169375
1.2463125
1.3034375
1.2901875
1.24025
1.105125
0.9789375
0.9051875
0.8600625
0.858
0.8759375
0.877625
0.9140625
0.9615625
0.97425
0.9924375
0.9805625
0.97075
0.9705625
0.9734375
0.953125
0.921375
0.9148125
0.9105
0.9440625
0.977625
0.968125
0.9580625
0.92775
0.8750625
0.869625
0.8705625
0.8813125
0.9176875
0.90875
0.9039375
0.9135
0.9645625
1.0419375
1.083625
1.1395625
1.15075
1.1515625
1.1868125
1.1925625
1.1526875
1.1455625
1.1645625
1.1590625
1.208125
1.2476875
1.2256875
1.2526875
1.2626875
1.254625
1.2475625
1.216
1.23725
1.2585
1.3025625
1.301875
1.2564375
1.185375
1.1636875
1.1850625
1.166
1.1534375
1.0921875
1.0790625
1.100375
1.1560625
1.21175
1.221
1.264625
1.3225
1.33475
1.347
1.3233125
1.222125
1.194125
1.1405
1.0744375
1.104375
1.0991875
1.1005
1.149375
1.15025
1.1386875
1.191
1.2081875
1.180625
1.200625
1.175875
1.1386875
1.191
1.2081875
1.180625
1.200625
1.175875
1.1363125
1.18625
1.2010625
1.171125
1.171125
1.126375
1.09675
1.156625
1.249375
1.317625
1.371875
1.336625
1.237625
1.158125
1.0639375
1.0411875
1.0194375
1.0065625
1.0124375
1.0096875
1.0568125
1.0800625
1.1056875
1.087625
1.0120625
1.002125
1.0401875
1.0890625
1.17025
1.1601875
1.102125
1.08125
1.103625
1.1685625
1.2101875
1.218
1.13975
1.0685
1.0258125
0.9984375
1.028625
1.0509375
1.064625
1.1000625
1.1008125
1.1085625
1.096375
1.0585625
1.0535625
1.0730625
1.136125
1.1991875
1.272625
1.3365625
1.38025
1.3830625
1.36025
1.319375
1.2815625
1.2768125
1.2475625
1.171875
1.0965
1.0595625
1.0311875
1.0476875
1.078875
1.0570625
1.091625
1.131
1.105875
1.0955625
1.0153125
0.949625
0.955375
0.9765
1.0079375
0.9998125
0.943375
0.8936875
0.8904375
0.909625
0.9481875
0.9569375
0.93425
0.91325
0.8961875
0.909625
0.9314375
0.970875
1.0375625
1.0931875
1.1404375
1.1453125
1.096375
1.0238125
0.9330625
0.9126875
0.9181875
0.9659375
1.0384375
1.0629375
1.1368125
1.1603125
1.2270625
1.2938125
1.311875
1.403125
1.44875
1.46875
1.4706875
1.38225
1.2693125
1.207625
1.1820625
1.246
1.3180625
1.31975
1.303375
1.21775
1.1713125
1.214375
1.2574375
1.325
1.3430625
1.29075
1.2384375
1.210625
1.20625
1.253125
1.25525
1.1926875
1.1326875
0.998375
0.9535625
0.9404375
0.928
0.9673125
0.961875
0.968875
0.9798125
1.0333125
1.06875
1.145
1.2164375
1.24225
1.3041875
1.321375
1.3850625
1.44875
1.494375
1.54
1.54
1.54
1.492
1.444
1.3779375
1.311875
1.2938125
1.25125
1.1991875
1.147125
1.1430625
1.188
1.2690625
1.3045
1.2439375
1.158875
1.053625
1.0215625
1.061
1.1004375
1.182125
1.23625
1.2733125
1.2923125
1.29875
1.32325
1.314625
1.2965
1.211625
1.06
0.958375
0.8843125
0.883125
0.9313125
0.93675
0.9645
0.9516875
0.962875
1.00875
1.03
1.0870625
1.0940625
1.06275
1.0106875
0.9119375
0.8385625
0.78825
0.761
0.761
0.761
0.761
0.761
0.761
0.761
0.761
0.761
0.761
0.761
0.761
0.761
0.761
0.761
0.78825
0.81775
0.84725
0.87675
0.85175
0.82225
0.79275
0.7905
0.8155
0.84275
0.87
0.8645
0.86125
0.858
0.85475
0.83525
0.81125
0.78725
0.76325
0.761
0.761
0.761
0.76325
0.7655
0.76775
0.77
0.77
0.77
0.77
0.77
0.76775
0.796125
0.8245
0.8559375
0.889625
0.8620625
0.8345
0.8008125
0.767125
0.7640625
0.761
0.78825
0.8155
0.84275
0.87
0.84275
0.8155
0.78825
0.7640625
0.767125
0.7701875
0.7739375
0.7715625
0.7964375
0.824375
0.8509375
0.8828125
0.8908125
0.916875
0.9475625
1.004375
1.0578125
1.0659375
1.066875
1.0088125
0.920125
0.88625
0.858875
0.9108125
1.0420625
1.16075
1.3209375
1.4079375
1.400625
1.37525
1.305125
1.23925
1.219
1.19875
1.1785
1.22325
1.2649375
1.281
1.2970625
1.268375
1.25125
1.237375
1.1864375
1.1355
1.0675625
1.07
1.097875
1.12575
1.162125
1.1505
1.181125
1.166125
1.1541875
1.096625
0.9778125
0.90225
0.8205625
0.7814375
0.821625
0.894125
0.993875
1.0966875
1.102125
1.047
0.95175
0.887125
0.875125
0.921
0.99875
1.0191875
1.0804375
1.111375
1.10525
1.1258125
1.101625
1.0563125
1.033
1.0088125
0.984625
1.0076875
1.0375625
1.095875
1.1055
1.0696875
1.0145625
0.9095
0.853125
0.8490625
0.856625
0.901375
0.9948125
1.031625
1.072375
1.105875
1.0906875
1.1469375
1.244
1.3145
1.3363125
1.26775
1.1064375
0.9525
0.84725
0.7845625
0.817875
0.885875
0.9578125
1.0815
1.1571875
1.2109375
1.259875
1.2145
1.1204375
1.0010625
0.8795
0.8246875
0.8185625
0.863875
0.942875
0.999625
1.083625
1.121625
1.0990625
1.0661875
1.0275
1.04775
1.1459375
1.2439375
1.296
1.307875
1.227
1.15775
1.0888125
0.9711875
0.8974375
0.8236875
0.7983125
0.821625
0.8669375
0.91225
0.913125
0.914
0.8735
0.8360625
0.8265625
0.8170625
0.832375
0.8415625
0.8430625
0.8718125
0.91475
0.9849375
1.0474375
1.059375
1.028375
0.9520625
0.8834375
0.8614375
0.8628125
0.8900625
0.940625
0.952625
1.011875
1.10725
1.1793125
1.281875
1.2893125
1.2156875
1.1635
1.1175
1.168875
1.300625
1.3864375
1.402125
1.369125
1.2745
1.20325
1.20325
1.20325
1.20325
