0.01236949875
0.01236949875
0.01236949875
0.01236949875
0.018301011875
0.0321217
0.04814356875
0.06549004375
0.07861920625
0.079281525
0.076827125
0.0699314
0.07030155
0.07363256875
0.07384686875
0.07428518125
0.057075025
0.03907594375
0.0250896375
0.0157784125
0.01684978125
0.0231027
0.02914134375
0.030008180625
0.0308750175
0.026384991875
0.01853475375
0.017210148125
0.018437355
0.023755255625
0.031936643125
0.032491805625
0.032754780625
0.030388025625
0.02786543375
0.039796653125
0.0494682475
0.06078585875
0.076077289375
0.071704120625
0.064097351875
0.056208126875
0.04431586375
0.039650519375
0.03573513875
0.03681625875
0.04516325375
0.05508808625
0.067486815625
0.07474295125
0.069162055625
0.06669787875
0.065158979375
0.05847748625
0.055672430625
0.04752999375
0.039368075
0.0375759625
0.0359396875
0.0460106125
0.0558672625
0.062714324375
0.06952243
0.066843998125
0.063483785
0.070584048125
0.0823788675
0.086907811875
0.08985891875
0.0794568625
0.061905830625
0.04740336125
0.03356319125
0.02439808375
0.019265233125
0.01945028875
0.02058010125
0.02170991375
0.023755264375
0.024368865
0.028956285
0.0313230425
0.037585699375
0.04396524125
0.04803646375
0.05252649375
0.048289705
0.043897076875
0.032521043125
0.022937125
0.01545699375
0.008346973125
0.0073145575
0.007519088125
0.01356747
0.019615851875
0.029375084375
0.036709121875
0.035978645625
0.04654630125
0.046896951875
0.0518837225
0.060912489375
0.049156586875
0.043117920625
0.0326671475
0.02400849
0.023053994375
0.03079707875
0.045728081875
0.0683437675
0.098439585625
0.11114024375
0.112951895625
0.0937938225
0.0689379925
0.05368554125
0.0431081525
0.044637295625
0.0402544075
0.035861776875
0.0283524275
0.019791184375
0.02079437875
0.021583298125
0.03030037375
0.04290361
0.054114065
0.062149363125
0.07094438
0.078541410625
0.081054285
0.097358666875
0.0973781425
0.095137993125
0.0968521875
0.0765545
0.066201125
0.05302321875
0.0344981875
0.03740065625
0.04162772875
0.04924423875
0.07256124875
0.0742364875
0.077479825
0.076690905625
0.05313040625
0.040497928125
0.03195612875
0.032608655625
0.05026681125
0.076262175625
0.087336276875
0.08876802125
0.079982760625
0.05473735375
0.041101710625
0.03827717375
0.041627643125
0.05501004375
0.0624025
0.05709435625
0.047023475
0.04384835625
0.0439555325
0.05826327125
0.07621367625
0.085359325
0.09531337125
0.085602816875
0.08069396125
0.064496713125
0.0503155975
0.048289714375
0.03767336625
0.03836489
0.03323203875
0.032024305625
0.031556796875
0.033533965625
0.039991421875
0.047208596875
0.056928886875
0.06572390125
0.071752828125
0.06213967375
0.052321985
0.04823129
0.043449069375
0.0500039425
0.05693866625
0.045747671875
0.04034209125
0.035209223125
0.030329588125
0.038773951875
0.040994615
0.037459084375
0.041754295625
0.040712125625
0.0405173125
0.050451843125
0.043224968125
0.039757638125
0.040127769375
0.031352269375
0.032024310625
0.031332783125
0.0365727875
0.051260335625
0.06503234625
0.084570293125
0.0849988025
0.073408493125
0.062168815625
0.0411406825
0.031469124375
0.0271933725
0.022742304375
0.0302711175
0.039962155625
0.05886701875
0.08160934375
0.09946236875
0.1129714625
0.1073906
0.1059881125
0.090725899375
0.0802361675
0.082486054375
0.065607028125
0.065694671875
0.059315115625
0.047598171875
0.049497423125
0.04178353625
0.036037080625
0.0360565625
0.03235545625
0.0364851125
0.040653730625
0.038472029375
0.038004521875
0.033621633125
0.03090424
0.035686454375
0.0389395325
0.037050016875
0.045582055625
0.047861175
0.052263560625
0.06695113375
0.06351298875
0.06049365125
0.05746457125
0.04338086625
0.04123809875
0.0433808225
0.042845114375
0.0513089375
0.0468286675
0.04027383
0.03584226
0.025449964375
0.02325852125
0.017570509375
0.01160978375
0.010986440625
0.011872759375
0.019498984375
0.029112118125
0.036261095
0.043624344375
0.043897055625
0.04211468
0.046546248125
0.04586444875
0.059889694375
0.074888915
0.078999129375
0.08637216
0.07209368375
0.05428942
0.0380435
0.02254754125
0.016956926875
0.0187295625
0.025605823125
0.03445925125
0.04338085875
0.042202341875
0.036134474375
0.028099179375
0.02225533
0.022489085625
0.03135226125
0.038676555625
0.053705011875
0.06921071875
0.07384685625
0.08099585
0.07139243125
0.06149681875
0.060191675
0.053753681875
0.050987595625
0.046273559375
0.039806366875
0.03649485375
0.037351951875
0.036689649375
0.032073003125
0.027923864375
0.022002095
0.01860292
0.02270333875
0.026560264375
0.03583249
0.0537535975
0.05953901125
0.067535349375
0.06960018125
0.0542893325
0.05536074625
0.0532082975
0.05335442375
0.06565574125
0.062899365
0.06259741375
0.06171108125
0.05512699375
0.05241934375
0.04648783125
0.04014725
0.03772205
0.032959311875
0.03328072375
0.035550085625
0.03614421
0.041997798125
0.04589369875
0.046030055625
0.043702256875
0.039290155
0.032618428125
0.0272713075
0.027982310625
0.02919003875
0.029638066875
0.030095831875
0.03163469125
0.039251158125
0.048182494375
0.058555313125
0.061272725625
0.061253245625
0.06180840875
0.061224026875
0.05826312375
0.049341533125
0.043449004375
0.03857914625
0.041189418125
0.045085315
0.05378293125
0.067330945625
0.07627205875
0.086342984375
0.0807523475
0.068178305
0.05789310375
0.044705458125
0.0376928375
0.029258216875
0.02121318625
0.017862713125
0.0178237525
0.0199859725
0.02541100875
0.02881992
0.0295991
0.0311087625
0.0285959075
0.026433681875
0.02621940625
0.0288686175
0.029209509375
0.030904228125
0.027972565625
0.020307385
0.01548621125
0.012866218125
0.01466806875
0.020989161875
0.038637605625
0.052039518125
0.068119868125
0.079271906875
0.07912581375
0.085914408125
0.087034465
0.0902096075
0.0819015625
0.06480829875
0.05159145375
0.044481435625
0.04995519875
0.055584774375
0.0561009825
0.0452021975
0.0335144875
0.02578112125
0.0272226025
0.034371580625
0.04035179375
0.041754319375
0.03517998375
0.028985498125
0.023716286875
0.024777919375
0.030358801875
0.04092643875
0.051571990625
0.0587696675
0.069278875625
0.0774115625
0.08604098125
0.09234260125
0.08750190875
0.07500581
0.06165261125
0.055214635
0.04899095
0.043410070625
0.03684547875
0.026258369375
0.02469027125
0.032881405625
0.04818255875
0.060366993125
0.0657725625
0.0684315
0.062353875
0.06194478125
0.067769125
0.070613125
0.08208653125
0.09883890625
0.11416928125
0.1242596875
0.12330525
0.10612434375
0.08724871875
0.070174930625
0.0589060175
0.05356863625
0.05121159875
0.05475685
0.05717228875
0.07291172625
0.07697324
0.07651551
0.07297028
0.048182613125
0.032998325
0.019430835
0.010616345
0.011298129375
0.01117150875
0.01149291625
0.0155251675
0.0213300575
0.03667994125
0.055477696875
0.07503517125
0.092790788125
0.09061880875
0.087248843125
0.07104184625
0.067048519375
0.0770025475
0.084696950625
0.09685217875
0.0864208825
0.068324401875
0.04796829625
0.031001628125
0.02934587
0.034566375625
0.038608374375
0.040838773125
0.043721716875
0.041267279375
0.042221755
0.055117193125
0.060357225
0.068850330625
0.07740187375
0.066843979375
0.0535491925
0.03860839125
0.026102528125
0.019119126875
0.01828151125
0.021398231875
0.022050795625
0.036845498125
0.054805619375
0.067428356875
0.080051094375
0.07191838125
0.0561691825
0.04144266
0.0267161375
0.023696815
0.024690270625
0.03818958625
0.04919552625
0.05453292875
0.05988981
0.043575705
0.0337872325
0.038160385
0.045007434375
0.061321539375
0.07303848125
0.063659079375
0.0533349225
0.047958560625
0.040049865
0.044101600625
0.042611416875
0.03708897625
0.034303404375
0.03874475125
0.0471599175
0.05335442125
0.0623929325
0.051766844375
0.045202231875
0.049702006875
0.04966305875
0.06007488375
0.068149170625
0.05921778875
0.051903205
0.045981404375
0.03300802
0.025712943125
0.022888411875
0.018505524375
0.020024929375
0.024388341875
0.02641421625
0.028586184375
0.029297186875
0.033309964375
0.035628023125
0.04239714875
0.050091551875
0.0525849275
0.050266865625
0.045621005
0.040955665625
0.03625137
0.03544297375
0.027242101875
0.02308322625
0.025313625625
0.02937510125
0.040916709375
0.044403543125
0.041384220625
0.03654356125
0.02811867125
0.024144848125
0.02913161875
0.037916893125
0.05196163375
0.06513953625
0.06098063875
0.051026591875
0.0341573225
0.02175859875
0.02167094375
0.02697910875
0.03754674
0.040059596875
0.036894178125
0.02911211875
0.01771661
0.01436613625
0.02015155125
0.0389882525
0.0596462875
0.07571689875
0.08080106625
0.0642434625
0.051133730625
0.03915381125
0.03246257875
0.0368162525
0.03827722125
0.03827722125
0.03827722125
0.03827722125
