1.0975
1.0975
1.0975
1.0975
1.018125
1.003125
1.0075
1.038125
1.081875
1.0825
1.09625
1.06
1.0125
1.003125
0.98875
0.995
0.97
0.93625
0.8925
0.8775
0.9
0.955625
0.98125
1.035
1.0725
1.045625
1.109375
1.105
1.083125
1.08875
1.01375
0.968125
0.948125
0.9425
0.9475
0.95
0.9925
1.00625
1.021875
1.036875
1.030625
1.05
1.088125
1.101875
1.038125
0.93875
0.804375
0.70375
0.674375
0.656875
0.665
0.656875
0.63
0.631875
0.664375
0.7125
0.800625
0.89
0.94875
1.023125
1.076875
1.1325
1.1575
1.14125
1.084375
0.9825
0.92375
0.870625
0.8725
0.925625
0.99375
1.081875
1.12
1.114375
1.05375
1.036875
1.046875
1.04625
1.08625
1.02375
0.961875
0.9575
0.920625
0.935625
0.905625
0.870625
0.84875
0.84875
0.9225
0.939375
1.0025
1.0675
1.09875
1.19625
1.240625
1.2425
1.250625
1.20375
1.17375
1.178125
1.161875
1.170625
1.1725
1.11125
1.070625
1.021875
0.98875
1.0125
1.02375
1.06
1.070625
1.086875
1.09625
1.036875
0.994375
0.904375
0.815
0.808125
0.779375
0.7825
0.853125
0.881875
0.95625
1.046875
1.0675
1.10125
1.12625
1.135
1.11875
1.100625
1.005
0.93
0.903125
0.86375
0.923125
0.9375
0.935625
0.9125
0.809375
0.751875
0.7425
0.8225
0.979375
1.08875
1.158125
1.16875
1.15875
1.199375
1.236875
1.2475
1.22375
1.15625
1.055
0.94875
0.865625
0.82625
0.82375
0.885
0.96
1.01375
1.120625
1.194375
1.21625
1.195
1.094375
0.976875
0.92
0.903125
0.944375
0.99875
1.03125
1.09125
1.119375
1.16125
1.19375
1.1875
1.153125
1.10125
1.031875
0.989375
0.944375
0.9325
0.935
0.9025
0.959375
0.99375
1.03375
1.10625
1.06125
1.0175
0.97625
0.93
0.9425
0.946875
0.956875
0.9375
0.918125
0.930625
0.928125
0.934375
0.980625
0.95375
0.935
0.96875
0.935
0.935
0.968125
0.946875
0.953125
0.984375
0.95125
0.919375
0.93375
0.935625
0.9475
1.01875
0.99125
1.01
1.04375
0.999375
1.04125
0.978125
0.948125
0.923125
0.855
0.858125
0.84125
0.876875
0.916875
0.931875
0.936875
0.91625
0.9025
0.91375
0.91
0.920625
0.9325
0.95
1.02625
1.083125
1.138125
1.1525
1.11
1.0775
1.03875
1.054375
1.08625
1.09875
1.089375
1.014375
0.9375
0.889375
0.89875
0.975625
1.05625
1.135625
1.190625
1.230625
1.286875
1.276875
1.26375
1.173125
1.04
0.96
0.853125
0.858125
0.91
0.99375
1.138125
1.17625
1.170625
1.133125
1.05875
1.090625
1.1425
1.199375
1.230625
1.155625
1.088125
0.99125
0.924375
0.926875
0.913125
0.97
0.990625
1.004375
1.06
1.0425
1.096875
1.169375
1.21
1.304375
1.35875
1.340625
1.28
1.13375
0.9475
0.825625
0.73
0.693125
0.749375
0.811875
0.925625
1.07
1.13875
1.159375
1.16875
1.125
1.073125
1.040625
0.984375
0.955
0.99125
1.035
1.05375
1.055625
1.019375
0.955
0.940625
0.945
0.97375
1.034375
1.04625
1.079375
1.06375
1.03125
1.02125
0.95
0.9175
0.939375
0.95625
1.06
1.115625
1.103125
1.1225
1.075625
1.09625
1.139375
1.130625
1.15
1.16125
1.141875
1.175
1.150625
1.08125
1.0825
1.035
1.045
1.059375
1.019375
0.97875
0.929375
0.919375
0.93
1.01125
1.11125
1.181875
1.249375
1.214375
1.095625
0.986875
0.85625
0.814375
0.858125
0.9125
1.0
1.06
1.0725
1.09125
1.07125
1.013125
1.0225
0.966875
0.96
1.00375
0.95375
0.9775
0.971875
0.933125
0.961875
0.96
0.969375
1.014375
1.028125
1.041875
1.0575
1.024375
1.025625
1.028125
1.009375
1.011875
0.978125
0.94625
0.935625
0.93125
0.951875
0.980625
0.9825
0.996875
0.99375
0.968125
0.953125
0.95
0.95375
1.005
1.05625
1.04625
1.01375
0.929375
0.865625
0.869375
0.8775
0.919375
0.966875
0.986875
1.023125
1.048125
1.0325
1.02
1.0475
1.049375
1.073125
1.084375
1.055625
1.0375
1.0125
0.985625
0.944375
0.9475
0.99
1.04875
1.121875
1.130625
1.12875
1.116875
1.11125
1.125625
1.07375
0.998125
0.884375
0.824375
0.86
0.95
1.10375
1.186875
1.219375
1.24125
1.239375
1.26875
1.279375
1.21875
1.11625
1.011875
0.92
0.915
0.95
0.979375
1.015
1.041875
1.0575
1.0725
1.079375
1.015
1.00125
1.000625
1.01
1.053125
0.9975
0.953125
0.879375
0.87125
0.975
1.043125
1.164375
1.191875
1.135625
1.06625
0.945625
0.911875
0.90125
0.944375
1.048125
1.086875
1.095625
1.064375
0.963125
0.853125
0.828125
0.834375
0.875625
0.986875
1.02875
1.055
1.106875
1.0675
1.038125
0.989375
0.9425
0.954375
0.981875
1.046875
1.0375
1.03375
0.993125
0.90375
0.8825
0.83
0.805
0.850625
0.8875
0.96375
1.055
1.074375
1.04125
1.003125
0.9225
0.881875
0.91625
0.873125
0.89125
0.925
0.896875
0.953125
0.96875
0.928125
0.90625
0.860625
0.82875
0.8525
0.911875
0.9675
1.013125
1.045
1.021875
0.99125
0.973125
0.95875
1.025
1.115
1.190625
1.230625
1.176875
1.105
1.043125
1.0
1.038125
1.080625
1.105
1.133125
1.08375
1.00625
0.955
0.876875
0.831875
0.84625
0.8475
0.915625
1.00875
1.06375
1.1375
1.156875
1.174375
1.2125
1.22625
1.24125
1.22375
1.151875
1.069375
0.9875
0.91875
0.916875
0.894375
0.924375
0.954375
0.96125
1.035625
1.083125
1.090625
1.07
1.021875
0.9475
0.95
1.02375
1.0925
1.174375
1.21625
1.191875
1.145
1.085
1.000625
0.935625
0.895625
0.875625
0.935625
0.9925
1.080625
1.155
1.145
1.139375
1.074375
1.044375
1.05125
1.025
1.066875
1.0625
1.029375
1.068125
1.046875
1.065625
1.1
1.1075
1.159375
1.1625
1.18625
1.15625
1.0425
0.976875
0.916875
0.94375
1.055
1.131875
1.191875
1.159375
1.088125
1.03
0.97875
0.986875
1.011875
1.005
0.9775
0.95125
0.96375
1.05875
1.17375
1.268125
1.2775
1.185625
1.09125
1.0
0.960625
0.990625
0.98375
0.98625
0.980625
0.9825
1.043125
1.060625
1.058125
1.029375
0.97875
0.995625
1.05
1.0675
1.0525
0.97625
0.88625
0.85375
0.866875
0.94125
0.98625
0.98625
0.9375
0.855
0.805625
0.823125
0.87125
0.903125
0.96875
0.99
1.05125
1.154375
1.181875
1.213125
1.164375
1.099375
1.069375
1.035625
1.058125
1.0775
1.1075
1.118125
1.123125
1.14375
1.165
1.191875
1.22125
1.231875
1.20375
1.175
1.133125
1.09125
1.10625
1.19625
1.299375
1.374375
1.418125
1.38125
1.294375
1.231875
1.123125
1.015625
0.945
0.86375
0.85
0.89375
0.953125
1.026875
1.07625
1.035625
1.0025
0.9825
0.99
1.056875
1.09875
1.160625
1.178125
1.215
1.255625
1.244375
1.224375
1.17375
1.10125
1.02
0.995
0.97375
0.945
0.984375
0.999375
1.020625
1.061875
1.049375
1.031875
0.99125
0.958125
0.904375
0.8525
0.81875
0.84375
0.933125
1.018125
1.090625
1.07625
1.0475
1.0275
1.0475
1.091875
1.121875
1.149375
1.1525
1.140625
1.106875
1.034375
0.955625
0.9225
0.874375
0.879375
0.915
0.88875
0.934375
0.9875
0.99
1.0275
0.99125
0.93125
0.899375
0.920625
1.01875
1.111875
1.21625
1.214375
1.16
1.1075
1.044375
1.093125
1.181875
1.300625
1.41375
1.435
1.399375
1.336875
1.2525
1.20125
1.2125
1.205
1.208125
1.219375
1.169375
1.12375
1.116875
1.12125
1.163125
1.23375
1.23625
1.191875
1.156875
1.1075
1.139375
1.173125
1.129375
1.085625
1.006875
0.98125
1.014375
1.06625
1.05375
1.02
1.02
0.979375
1.023125
1.08
1.09625
1.11375
1.13875
1.15
1.14125
1.170625
1.16125
1.124375
1.15125
1.1575
1.141875
1.164375
1.146875
1.146875
1.146875
1.146875
