0.029733730375
0.029733730375
0.029733730375
0.029733730375
0.04087598275
0.050728035125
0.0629428800625
0.0706633125
0.0788441
0.08078528125
0.0740203
0.0600227375
0.04995491875
0.04355933125
0.04356465625
0.0523617625
0.05407825625
0.0576817625
0.0535529425625
0.046381585125
0.0437362151875
0.045635389
0.0572674964375
0.068096522625
0.0710126050625
0.06810495625
0.0617971
0.05764245625
0.05896398125
0.06015584375
0.0611921125
0.06084521875
0.06597449375
0.07158099375
0.0745661625
0.0840393375
0.081635725
0.07364910625
0.069261325
0.054322175
0.0505375625
0.05709705
0.0600577
0.0725282375
0.0764153875
0.07327808125
0.0737396125
0.06434135625
0.0617835625
0.05925520625
0.0531280125
0.05364800625
0.05115700625
0.05704391875
0.06225195
0.0694801375
0.0730295125
0.0700873375
0.0700436125
0.0606409625
0.054917125
0.049063625
0.04747233125
0.05234528125
0.05788605
0.059276425
0.05515965625
0.04970725
0.04291920625
0.03980339375
0.0336548
0.0273160925625
0.027441628875
0.0294541776875
0.0383599515
0.0489815901875
0.052507666375
0.0541776675625
0.05043490625
0.0458342125
0.04253265625
0.04490946875
0.0466852738125
0.048197272625
0.0459035651875
0.0396778515
0.0409669964375
0.042519947625
0.0469232175625
0.0509818
0.0505320375
0.0510139
0.05245115
0.0513219625
0.05260115
0.0529487125
0.05330345
0.0578366125
0.0582863
0.06256545625
0.07289049375
0.0759977125
0.08157354375
0.07882261875
0.06395840625
0.0556751625
0.04495801875
0.0445345875
0.051896825
0.0563781
0.05850034375
0.05273695
0.0460204125
0.0433186875
0.0439938550625
0.0421930901875
0.0371223003125
0.0323314916875
0.0311129229375
0.0406366315625
0.0587183026875
0.0735862175625
0.08547601875
0.0895483
0.08399785
0.07511871875
0.06943860625
0.0623878875
0.058785925
0.056740025
0.04840983125
0.04594259375
0.0421605
0.0427325125
0.04561750625
0.04213075625
0.03911721875
0.03534304375
0.03138129375
0.030939325
0.0308586175625
0.029117191375
0.0300677964375
0.0368148265
0.0471340964375
0.055582647625
0.0607566925625
0.05408125625
0.04810395
0.0485195875
0.0489280550625
0.056314028875
0.0539707026875
0.04681535775
0.0478638839375
0.047056335125
0.0532262925625
0.0550560375
0.044435
0.04080581875
0.04172835625
0.04696656875
0.0577374
0.05731939375
0.0463227125
0.0355639875
0.02506906875
0.01877830625
0.02025578125
0.0229286875
0.02732703125
0.0339479375
0.0346976625
0.0335841375
0.0290197375
0.02261750625
0.01866233125
0.01942236875
0.022976675
0.0323653625
0.04251244375
0.04509235
0.04648998125
0.0404753375
0.03552235
0.03542178125
0.03447926875
0.03420948125
0.0378694375
0.0396555375
0.04636804375
0.05441169375
0.0523353375
0.0517555875
0.04929403125
0.04456223125
0.04509624375
0.04648101875
0.0434999375
0.04848585
0.0539911625
0.05795413125
0.06517125
0.06122235625
0.0588624375
0.05426859375
0.0456615875
0.04290139375
0.03418840625
0.031229125
0.03598785625
0.040218975
0.05395373125
0.06169040625
0.0643971625
0.0711513125
0.0716318125
0.0742407125
0.07352093125
0.07129420625
0.0677452875
0.0696511125
0.07457463125
0.07513229375
0.07620351875
0.06610966875
0.0557145
0.0443929125
0.0328148375
0.0275608
0.02856129375
0.038029825
0.0474911863125
0.056688741375
0.0585024214375
0.052239489
0.0528812901875
0.0526651589375
0.0518725089375
0.0538630964375
0.04573737025
0.0430347214375
0.041699691375
0.0379884488125
0.04300931875
0.04343664375
0.049916
0.0586125375
0.060322425
0.0583819
0.04719016875
0.03903409375
0.03852126875
0.04539446875
0.05676495625
0.0597445675625
0.056484572625
0.0465017339375
0.03651889525
0.0327492089375
0.029004478875
0.026725866375
0.025138835125
0.0271911589375
0.03402953275
0.0477726401875
0.062366510125
0.0700859863125
0.0684293113125
0.056663497625
0.0469178401875
0.0371724765
0.0381693901875
0.045638485125
0.0437486550625
0.0442356375
0.040157475
0.03869584375
0.04515081875
0.05765885
0.0697374625
0.07248988125
0.07452171875
0.06616570625
0.05546308125
0.048683025
0.0427800125
0.0419840875
0.04426745625
0.04762683125
0.04265650625
0.03442333125
0.02508186875
0.0151319300625
0.012183260125
0.0181257651875
0.02858050775
0.0402306776875
0.055560253875
0.0590130425625
0.055719225
0.0529001125
0.04013418125
0.03429678125
0.031498775
0.02894709375
0.03145798125
0.03013251875
0.02787543125
0.02218300625
0.01750560625
0.01614381875
0.0159774625
0.01859910625
0.02575701875
0.03105168125
0.03582590625
0.041384675
0.036520175
0.03864753125
0.04102434375
0.04129024375
0.045753125
0.03835935
0.03123655625
0.02331068125
0.01632360625
0.01486915
0.0168581
0.0224288625
0.027985275
0.0340693
0.03247509375
0.026640525
0.02081313125
0.0144653
0.01605950625
0.0195100875
0.02296784375
0.02667505625
0.0227040375
0.018996825
0.0152752625
0.01762110625
0.0244791875
0.03133726875
0.0382097
0.0390219
0.03822405
0.038357825
0.04244826875
0.04047848125
0.0390499125
0.03668971875
0.03280245625
0.03894644375
0.04561804375
0.05374200625
0.053953025
0.0464858125
0.0384909875
0.03272004375
0.03149364375
0.03371065
0.0371230875
0.03720684375
0.0382294
0.03977956875
0.041850475
0.04322625625
0.0445876875
0.0514817375
0.055494825
0.05472686875
0.0539660875
0.041355825
0.02948258125
0.02181349375
0.01652839375
0.01755298125
0.01900534375
0.02137498125
0.02136063125
0.02082584375
0.0205620375
0.0263656375
0.02978525
0.033732475
0.03766535
0.0294849375
0.0236956875
0.0197628125
0.0182211
0.02272526875
0.0272150875
0.029584725
0.02745019375
0.02926545625
0.03347188125
0.0392653375
0.04929915625
0.05171154375
0.05028758125
0.04568955625
0.03897135
0.0366235375
0.0357280875
0.0351045125
0.03236075625
0.02969546875
0.02703018125
0.02461121875
0.02498025625
0.0289140375
0.03430018125
0.04313914375
0.0503786625
0.0532833875
0.05473575
0.0514201375
0.05379724375
0.0565219125
0.05924658125
0.06461904375
0.0644403375
0.0598902625
0.05901643125
0.06367521875
0.0651530625
0.068270725
0.0640359
0.048208225
0.036615375
0.02767031875
0.020281325
0.01842495
0.0160409625
0.0131293625
0.014458125
0.0224584875
0.03072265625
0.04055591875
0.0468166375
0.0410273375
0.03550184375
0.0297497625
0.0292795125
0.03606990625
0.044716675
0.05083238125
0.048357525
0.04283565
0.0388698375
0.0354247625
0.0370045875
0.04546541875
0.04445358125
0.04437336875
0.04376554375
0.03735775
0.03674638125
0.04254280625
0.05418604375
0.06118544375
0.07186365625
0.07211026875
0.0605967425625
0.0524116589375
0.036011017875
0.020656069375
0.0114782533125
0.0039633946875
0.000985281
0.000985281
0.0071624134375
0.0179046908125
0.0286469681875
0.0393892455625
0.044779178
0.04163294675
0.0408062791875
0.0405737378125
0.0338741839375
0.0321010363125
0.0262828875
0.02063618125
0.02082151875
0.01909608125
0.02082151875
0.02274125625
0.025899775
0.03001368125
0.0330607
0.03736503125
0.0402407625
0.04311649375
0.04900991875
0.0526861625
0.05570385625
0.05872155
0.05578635625
0.05449155
0.0531986875
0.0536312625
0.0533224625
0.04579744375
0.04180281875
0.03435731875
0.02916426875
0.029539875
0.02310625
0.02398106875
0.03202925
0.04008460625
0.058476025
0.06663305625
0.06223830625
0.05956899375
0.04409126875
0.032340475
0.03205286875
0.02857819375
0.03177511875
0.03682094375
0.03702479375
0.03935809375
0.04354776875
0.0519416
0.05774059375
0.0658827625
0.0695207625
0.06803015625
0.06709853125
0.06014491875
0.05795928125
0.0497205875
0.041611925
0.03558263125
0.03119315625
0.03311336875
0.0357706
0.04576725
0.046263925
0.0479656
0.0510504375
0.04690269375
0.053359725
0.05739525625
0.06216780625
0.0621821375
0.05273306875
0.04906130625
0.0418407625
0.0425872125
0.04972660625
0.04647273125
0.04603061875
0.0410843375
0.03279405
0.030336225
0.032639225
0.04285883125
0.0518737375
0.06129983125
0.06283674375
0.052524175
0.0456266125
0.04091319375
0.03639096875
0.04432241875
0.0506616
0.05129685625
0.05245943125
0.0447846125
0.03846919375
0.0340741125
0.0361512125
0.03669406875
0.03797394375
0.041254275
0.03632488125
0.03915009375
0.0375685925625
0.034113235125
0.0388686276875
0.0385545765
0.0441967526875
0.056440378875
0.0626299238125
0.06853921875
0.07015524375
0.0599217875
0.05016899375
0.04459228125
0.04019351875
0.04578325625
0.05219146875
0.056419125
0.06011616875
0.056866775
0.05074359375
0.05074359375
0.05074359375
0.05074359375
