-0.115
-0.115
-0.115
-0.115
-0.32625
-0.44125
-0.488125
-0.48625
-0.50125
-0.52375
-0.488125
-0.501875
-0.508125
-0.55375
-0.64625
-0.53875
-0.44625
-0.339375
-0.234375
-0.305
-0.38
-0.3825
-0.368125
-0.313125
-0.285625
-0.3475
-0.394375
-0.613125
-0.77375
-0.858125
-0.9575
-0.708125
-0.450625
-0.12875
0.355
0.480625
0.585
0.590625
0.28
0.293125
0.28375
0.183125
0.214375
0.020625
-0.0575
-0.035
0.025
0.07375
-0.090625
-0.135
-0.0325
0.24
0.6425
0.868125
0.771875
0.55875
0.33
0.01
-0.18625
-0.5
-0.651875
-0.52625
-0.328125
0.166875
0.343125
0.380625
0.541875
0.411875
0.44125
0.49
0.228125
0.11625
-0.04
-0.349375
-0.519375
-0.696875
-0.68
-0.489375
-0.169375
0.1375
0.158125
0.260625
0.111875
-0.01625
-0.010625
-0.273125
-0.370625
-0.509375
-0.630625
-0.645625
-0.74375
-0.699375
-0.65
-0.374375
0.14875
0.14875
0.14875
0.14875
