0.0739375
0.0739375
0.0739375
0.0739375
0.0109375
-0.061
-0.0771875
-0.03025
0.1000625
0.16875
0.2058125
0.2230625
0.181
0.1178125
0.023
-0.0928125
-0.20225
-0.1886875
-0.0865
0.01825
0.1530625
0.2718125
0.3429375
0.3974375
0.3915
0.2530625
0.0805625
-0.0361875
-0.0696875
0.0609375
0.2061875
0.3198125
0.3918125
0.2996875
0.21675
0.143875
0.039375
0.0485625
-0.007
-0.0926875
-0.116
-0.1709375
-0.09375
0.0135
0.05925
0.105
0.01775
-0.0795
-0.146
-0.244125
-0.1745
-0.112375
0.016125
0.200375
0.2586875
0.331125
0.283625
0.22025
0.105
-0.016
-0.056
-0.105875
-0.0201875
0.064625
0.148125
0.2153125
0.2410625
0.2668125
0.2241875
0.2108125
0.1623125
0.1063125
0.1000625
0.09
0.1554375
0.2250625
0.279625
0.3191875
0.2428125
0.231
0.244375
0.3231875
0.4259375
0.4674375
0.4913125
0.45725
0.4913125
0.525375
0.541875
0.518
0.47625
0.4345
0.4264375
0.45875
0.474875
0.491
0.491
0.4493125
0.407625
0.3255625
0.227375
0.2125625
0.1991875
0.206125
0.244375
0.230875
0.2563125
0.2801875
0.2495625
0.187375
0.0848125
0.0859375
0.1391875
0.2756875
0.4121875
0.397375
0.3876875
0.3868125
0.334625
0.3705
0.3818125
0.260625
0.16
0.0089375
-0.159625
-0.1640625
-0.1249375
-0.0139375
0.1875625
0.2556875
0.275
0.237875
0.0448125
-0.086
-0.126875
-0.185625
-0.11
-0.055375
-0.072625
-0.02175
-0.0156875
-0.0311875
-0.0530625
-0.1023125
-0.1068125
-0.066875
0.07525
0.19275
0.1759375
0.16425
-0.014875
-0.1648125
-0.212
-0.2661875
-0.14125
-0.020875
0.1626875
0.3756875
0.456875
0.567
0.56675
0.4340625
0.2963125
0.09825
-0.085375
-0.1784375
-0.1769375
-0.153125
-0.080875
0.026
0.0615625
0.101875
0.061625
0.0059375
-0.0015625
-0.053125
-0.0036875
-0.02275
-0.048375
0.0340625
0.1099375
0.288375
0.4645625
0.5496875
0.567
0.5493125
0.4995625
0.4328125
0.391125
0.3073125
0.24025
0.239
0.212375
0.2003125
0.148
0.0474375
-0.002375
-0.0205
0.0409375
0.1265
0.1505
0.1119375
0.027125
-0.0253125
-0.03075
0.037125
0.0446875
0.0291875
-0.0331875
-0.0924375
-0.02875
-0.03925
0.0324375
0.0850625
0.1275625
0.27975
0.3858125
0.384125
0.2833125
0.1160625
-0.092875
-0.1595
-0.1460625
-0.111
0.02275
0.0900625
0.1156875
0.165375
0.113875
0.0753125
0.004625
-0.1241875
-0.1975625
-0.2468125
-0.2370625
-0.1011875
0.030125
0.1405625
0.2925
0.2588125
0.1776875
0.0316875
-0.196375
-0.253
-0.218625
-0.0545
0.20775
0.3498125
0.4834375
0.576875
0.509
0.516375
0.4819375
0.3966875
0.402
0.317375
0.1748125
0.018125
-0.0939375
-0.1073125
-0.0740625
0.0301875
0.0496875
0.0174375
0.0153125
-0.0080625
0.0771875
0.197875
0.29975
0.408875
0.42475
0.35825
0.3265
0.221
0.1350625
0.146375
0.09825
0.1311875
0.14675
0.1235
0.107375
0.043125
0.0431875
0.040375
0.031
0.0585
0.0263125
-0.031875
-0.02425
-0.020625
0.021875
0.11925
0.1460625
0.1748125
0.174625
0.128375
0.18025
0.2018125
0.192125
0.1794375
0.02825
-0.0945625
-0.135875
-0.113875
0.0309375
0.1776875
0.26575
0.3011875
0.2736875
0.24475
0.245
0.20225
0.1326875
0.04375
-0.092
-0.150625
-0.203875
-0.257875
-0.2255
-0.2163125
-0.1663125
-0.1055
-0.093125
-0.08075
0.0036875
0.0889375
0.1429375
0.2293125
0.1400625
0.028375
-0.027
-0.1255
-0.0865625
-0.026
-0.002375
0.07675
0.1036875
0.170875
0.193625
0.1293125
0.1313125
0.134875
0.2463125
0.397625
0.398875
0.3179375
0.1523125
-0.0325
-0.0944375
-0.1676875
-0.186125
-0.1426875
-0.0688125
0.0795625
0.1798125
0.2303125
0.2195625
0.25525
0.2918125
0.3311875
0.3278125
0.173125
0.0964375
0.0264375
0.0419375
0.205875
0.340375
0.446375
0.440375
0.290125
0.046
-0.1344375
-0.2014375
-0.097
0.129125
0.3109375
0.4485625
0.431375
0.340125
0.224875
0.092875
0.022125
-0.0600625
-0.107625
-0.1463125
-0.2158125
-0.2286875
-0.1760625
-0.1594375
-0.0891875
-0.07925
-0.151625
-0.1445
-0.1845
-0.1083125
-0.026875
0.0350625
0.1745
0.2588125
0.3215625
0.3179375
0.23225
0.06025
-0.0560625
-0.1165625
-0.13025
-0.138375
-0.1818125
-0.1846875
-0.203875
-0.066125
0.1008125
0.1799375
0.2250625
0.1025625
-0.068625
-0.208125
-0.282875
-0.29125
-0.278875
-0.214875
-0.215625
-0.216375
-0.1554375
-0.0856875
0.058125
0.24125
0.3438125
0.3266875
0.2925625
0.156625
0.068375
0.07825
0.0294375
0.105625
0.1730625
0.2269375
0.2709375
0.2086875
0.17675
0.104875
0.088375
0.144125
0.1595
0.2335
0.2845
0.29575
0.2573125
0.150875
0.063
0.0059375
-0.0030625
-0.0104375
-0.0319375
-0.0813125
-0.1028125
-0.05025
0.077875
0.2143125
0.3245
0.346875
0.275375
0.200625
0.1005
0.0825625
0.0351875
0.001875
-0.0376875
-0.1208125
-0.1018125
-0.1484375
-0.1393125
-0.1144375
-0.136875
-0.0813125
-0.03375
-0.05
-0.06625
-0.0733125
-0.0965
-0.0006875
0.128
0.2321875
0.3378125
0.4218125
0.42875
0.4278125
0.3605625
0.1935
0.0885625
-0.0173125
0.021875
0.095
0.1094375
0.11625
-0.0013125
-0.1063125
-0.1365
-0.1565
-0.1683125
-0.133
-0.179
-0.227375
-0.2265625
-0.2614375
-0.1438125
-0.0254375
0.1105625
0.2541875
0.25075
0.257375
0.2516875
0.227625
0.262125
0.234875
0.1498125
0.086375
-0.0184375
-0.0615625
-0.0236875
-0.03825
-0.0605625
-0.0511875
-0.1366875
-0.1705625
-0.130375
-0.1071875
-0.0193125
0.1249375
0.267875
0.4018125
0.5198125
0.587125
0.589
0.5751875
0.57025
0.50925
0.498375
0.4054375
0.347375
0.3296875
0.204875
0.1861875
0.1709375
0.1025
0.1825
0.2271875
0.229125
0.2725625
0.2040625
0.158125
0.0429375
-0.01325
-0.0446875
-0.0799375
-0.06875
-0.1049375
-0.081
-0.0545
0.0371875
0.1176875
0.1436875
0.2
0.205625
0.249
0.2734375
0.1754375
0.0501875
-0.11675
-0.22675
-0.233875
-0.1698125
-0.073
-0.0466875
-0.0491875
-0.0806875
-0.1714375
-0.158
-0.092375
-0.074125
0.0521875
0.13275
0.1445
0.2198125
0.194
0.1558125
0.098375
0.029375
-0.0156875
-0.059125
0.034875
0.0835625
0.12225
0.1301875
-0.013375
-0.0465
-0.03475
0.0898125
0.2381875
0.2654375
0.2769375
0.1459375
0.0590625
0.0260625
-0.0708125
-0.098125
-0.1454375
-0.211
-0.1661875
-0.1305
-0.0848125
-0.01925
-0.0445625
-0.060375
-0.0091875
0.0305
0.1106875
0.129625
0.063875
-0.04275
-0.1538125
-0.1775625
-0.140875
-0.03975
0.1434375
0.3490625
0.470125
0.5958125
0.557375
0.4105
0.28925
0.113125
0.039875
0.0070625
-0.033625
-0.0596875
-0.1145625
-0.1503125
-0.137875
-0.122625
-0.0880625
-0.103375
-0.084875
-0.0070625
0.0569375
0.1845
0.1720625
0.128
0.0864375
0.075625
0.1785
0.2374375
0.26475
0.212375
0.1275
0.0621875
0.0513125
0.108375
0.1240625
0.1351875
0.13475
0.0345
0.020375
-0.0068125
-0.0485
-0.0794375
-0.129625
-0.144
-0.093875
0.0574375
0.15125
0.27525
0.2961875
0.2894375
0.2814375
0.2208125
0.185875
0.0993125
0.097125
0.1571875
0.2495
0.3758125
0.43575
0.401625
0.368125
0.326
0.332875
0.42525
0.432375
0.430875
0.371125
0.268625
0.303125
0.2914375
0.295125
0.248375
0.133125
0.0914375
0.095125
0.095125
0.095125
0.095125
