0.930625
0.930625
0.930625
0.930625
0.893125
0.890625
0.92375
0.955625
1.00375
1.04
1.04125
1.030625
0.949375
0.878125
0.8075
0.76625
0.7725
0.81
0.85875
0.871875
0.905625
0.880625
0.87875
0.913125
0.924375
0.9875
1.016875
1.06
1.085625
1.0775
1.088125
1.016875
0.973125
0.92625
0.850625
0.826875
0.795
0.778125
0.793125
0.814375
0.884375
0.975
1.055625
1.11875
1.0825
1.01375
0.954375
0.91625
0.940625
0.964375
0.95625
0.92375
0.87875
0.87375
0.91125
0.97375
1.07375
1.11625
1.125
1.10875
1.006875
0.956875
0.931875
0.92
0.955
0.954375
0.954375
0.954375
0.954375
