5.86125
5.86125
5.86125
5.86125
6.015
6.6525
7.52125
8.238125
8.37125
7.533125
7.255
6.976875
6.90875
7.400625
6.970625
6.129375
5.515625
4.855
4.96125
5.449375
5.659375
5.841875
5.69375
5.575
5.575
5.575
5.296875
5.35375
5.491875
5.908125
6.880625
7.1875
7.53125
7.423125
6.701875
6.31125
5.728125
5.1575
4.97875
5.084375
5.166875
5.410625
5.829375
5.731875
5.96375
6.195625
6.06125
6.5425
6.731875
7.15
7.836875
7.8475
7.850625
7.400625
6.503125
6.190625
6.119375
6.41625
7.385625
7.77
8.08625
8.55125
8.321875
8.3475
7.826875
6.54875
5.61
4.56
3.774375
3.766875
3.72625
3.983125
4.703125
4.969375
5.293125
5.333125
5.310625
5.17625
4.9975
5.035
4.513125
4.2225
3.854375
3.405
3.245625
3.34375
4.08
4.78875
5.87625
6.765
6.81625
6.865625
6.349375
5.704375
5.365
5.203125
5.21625
5.320625
5.3075
5.286875
5.47125
5.8875
6.35125
6.4425
6.2375
5.66
5.19625
5.19625
5.785
6.655
7.851875
8.585
8.49375
7.935
6.551875
5.400625
4.57625
4.116875
4.53875
5.1925
6.238125
7.580625
8.09875
8.153125
7.4925
6.21875
5.095625
4.43625
4.201875
4.063125
4.338125
4.149375
4.06375
4.261875
4.250625
4.5625
4.5825
4.67375
4.6925
4.62
5.021875
5.07875
5.473125
5.74875
5.6475
5.8975
5.94875
6.318125
6.4
6.296875
6.169375
5.761875
5.733125
5.716875
5.583125
5.3575
5.24125
5.075
4.931875
5.274375
5.26125
5.18125
5.206875
5.07125
5.4725
6.1325
6.91625
7.164375
6.845
6.28625
5.488125
5.016875
4.7775
4.629375
4.66375
5.04375
5.32
5.59625
5.69
5.495
5.450625
5.349375
5.6175
5.65375
5.643125
5.8375
5.37375
5.37375
5.430625
5.339375
5.73
5.656875
5.47
5.139375
4.985
5.294375
5.660625
6.170625
6.05625
5.569375
5.139375
4.705
4.628125
4.8325
5.151875
5.704375
6.19875
6.374375
6.30375
5.92375
5.785625
5.94375
5.9975
6.2125
6.2325
5.9625
5.9525
5.861875
5.68
5.58875
5.648125
5.483125
5.6875
6.22625
6.22
6.4225
5.966875
5.190625
5.086875
5.450625
6.135
6.725625
6.576875
5.97625
5.98
6.201875
7.1375
7.636875
7.311875
6.84875
6.20375
5.945625
5.78125
6.0575
6.181875
6.84125
7.82125
8.2175
8.161875
7.135
6.303125
5.614375
5.34375
5.633125
5.151875
4.95125
4.98375
4.941875
5.78125
6.346875
6.534375
6.6925
5.945
5.40625
5.359375
5.37125
5.929375
6.21875
6.054375
5.979375
6.10125
6.64375
7.154375
7.386875
7.154375
6.069375
5.156875
4.75
4.8225
5.5625
6.661875
7.520625
8.086875
8.580625
8.528125
8.37
8.0
7.885625
8.250625
8.13
8.049375
7.4525
6.563125
6.645
6.99625
7.4775
7.48
6.585625
5.439375
4.550625
4.183125
4.159375
4.730625
5.264375
5.75125
6.6325
6.743125
6.4825
6.255625
5.401875
5.1025
5.369375
5.725625
6.45
6.671875
6.453125
6.115625
5.80125
5.765
5.695
5.476875
5.07625
5.059375
5.4325
6.010625
6.68
6.500625
5.839375
5.019375
4.0975
3.669375
3.523125
3.528125
3.90875
4.285625
4.964375
5.565
5.6675
5.69125
5.49
5.39875
5.480625
5.6975
5.368125
4.8625
4.484375
4.11625
4.343125
4.65625
5.19875
5.4775
5.451875
5.63625
5.515
5.590625
5.96625
6.096875
6.12125
6.083125
5.745
5.32875
4.794375
4.446875
4.685625
5.0125
5.535
5.69375
4.85
4.085
3.34875
3.0425
3.40375
4.160625
5.276875
6.215625
7.36625
7.61125
7.6025
7.696875
7.165
7.41125
7.265625
6.979375
7.365625
7.304375
7.431875
7.275
6.571875
6.01
5.929375
6.239375
6.543125
6.84
6.3125
5.4425
4.971875
4.780625
4.983125
5.5475
5.72
5.229375
4.836875
4.759375
5.3325
6.236875
7.09
7.1725
6.304375
5.595
4.856875
4.3425
4.506875
4.683125
4.874375
5.171875
5.356875
5.635625
6.255
6.845625
7.15625
6.87125
6.0
5.516875
5.53875
5.8425
6.405625
6.503125
5.989375
5.679375
5.488125
5.615
6.0475
6.61
6.9625
6.691875
6.44875
5.84625
5.71875
6.0025
6.156875
6.6125
6.273125
6.239375
6.34125
6.269375
6.45375
6.438125
6.375625
5.978125
6.301875
6.079375
5.95125
6.215
5.633125
5.64625
5.52125
5.2825
5.161875
4.7325
4.514375
4.315
4.15125
4.096875
4.174375
4.76875
5.61875
6.615625
7.32625
7.27875
7.15375
6.874375
6.13
5.614375
5.1375
4.856875
5.50625
6.095625
6.475
6.55125
5.721875
4.958125
4.5125
4.5725
5.02625
5.85875
6.2675
5.95
5.621875
5.111875
5.156875
5.788125
6.53625
6.6675
6.57375
6.116875
5.79375
5.935625
5.6925
5.47625
4.894375
4.3125
4.0775
4.098125
4.32
4.541875
4.8025
5.085625
5.31125
5.85
5.951875
5.733125
6.008125
5.685625
5.84375
6.073125
5.625625
5.89875
6.015625
6.335
7.078125
7.385
7.698125
8.08875
7.78
7.365625
6.8325
6.1275
5.956875
5.43125
5.105625
4.7225
4.245625
4.34375
4.25
4.09625
4.37125
4.5475
4.945
5.51
5.79875
6.029375
6.043125
6.09125
6.03375
6.21125
6.779375
7.063125
7.346875
7.158125
6.425625
5.960625
5.055
4.611875
4.6875
4.53375
5.109375
5.445625
5.445625
5.445625
5.445625
