0.0508125
0.0508125
0.0508125
0.0508125
0.0524375
0.0525
0.05275
0.0525
0.0505625
0.0493125
0.0473125
0.0455625
0.0463125
0.0484375
0.0513125
0.054125
0.0555625
0.055625
0.055375
0.0549375
0.05475
0.0548125
0.0548125
0.0553125
0.05525
0.054625
0.05425
0.053125
0.0524375
0.0526875
0.0523125
0.052375
0.0529375
0.0529375
0.053375
0.0543125
0.05475
0.05525
0.0561875
0.056625
0.0565625
0.0560625
0.0551875
0.0538125
0.0529375
0.053
0.053
0.054
0.055
0.0555
0.0555
0.055
0.0545
0.0539375
0.0543125
0.0546875
0.0555
0.0564375
0.057
0.0570625
0.05625
0.0553125
0.0538125
0.0533125
0.05325
0.0528125
0.053375
0.053375
0.053875
0.0548125
0.05475
0.0543125
0.0531875
0.0520625
0.050875
0.050125
0.0495625
0.0494375
0.0505625
0.052125
0.0535
0.0530625
0.052125
0.0504375
0.048125
0.04825
0.0483125
0.048875
0.0510625
0.0515
0.0518125
0.0509375
0.0495625
0.0499375
0.0491875
0.0505625
0.050625
0.0495625
0.0503125
0.048875
0.0494375
0.0489375
0.0481875
0.0495625
0.049625
0.0518125
0.05325
0.0533125
0.054
0.0538125
0.0540625
0.054625
0.05475
0.05475
0.0548125
0.0551875
0.0558125
0.0565
0.057
0.057
0.0555
0.0535625
0.0513125
0.0495
0.0505
0.05225
0.0546875
0.056875
0.057625
0.058
0.056875
0.055375
0.0536875
0.0519375
0.052375
0.0535625
0.0550625
0.05525
0.0541875
0.0525625
0.050375
0.0505
0.051
0.0508125
0.0515
0.05125
0.0508125
0.05225
0.0528125
0.0538125
0.0538125
0.0516875
0.0494375
0.0463125
0.044875
0.04525
0.0471875
0.0496875
0.0518125
0.05325
0.052625
0.05175
0.0505625
0.049875
0.0503125
0.0501875
0.0500625
0.049375
0.049625
0.05175
0.0534375
0.0551875
0.0548125
0.05275
0.051125
0.0490625
0.04925
0.05025
0.05125
0.053125
0.053875
0.0545
0.0555625
0.0561875
0.0565
0.0554375
0.0528125
0.0501875
0.0481875
0.0480625
0.0501875
0.0510625
0.051625
0.0519375
0.05
0.0505625
0.051125
0.0508125
0.0523125
0.0524375
0.051875
0.0511875
0.0499375
0.0489375
0.0493125
0.051125
0.053125
0.054875
0.055625
0.0545625
0.052875
0.0513125
0.050375
0.0501875
0.0503125
0.0495625
0.0475
0.046875
0.045875
0.046625
0.0491875
0.0505
0.0529375
0.054625
0.0556875
0.0564375
0.055375
0.0541875
0.0526875
0.051625
0.052625
0.0531875
0.052875
0.0525
0.05
0.048375
0.04775
0.0471875
0.0486875
0.04975
0.0508125
0.0513125
0.0500625
0.0476875
0.046125
0.04525
0.0461875
0.04925
0.0518125
0.0543125
0.055125
0.0550625
0.0546875
0.053
0.0525
0.0525
0.0525
0.0525
