0.999375
0.999375
0.999375
0.999375
1.018125
0.9915625
1.0364375
1.102625
1.1103125
1.16525
1.1498125
1.1325625
1.1058125
1.0411875
0.9798125
0.9288125
0.90625
0.8941875
0.9060625
0.88275
0.8585625
0.843
0.845375
0.890625
0.9401875
0.9989375
1.0246875
1.003625
0.97825
0.917625
0.86225
0.8353125
0.81175
0.8181875
0.8359375
0.8560625
0.8884375
0.9125625
0.9523125
1.00875
1.0495625
1.090375
1.118
1.1159375
1.1096875
1.11825
1.1213125
1.1319375
1.14675
1.14675
1.1195
1.09225
1.0691875
1.046125
1.073375
1.1048125
1.1048125
1.09
1.02975
0.9380625
0.875875
0.8475
0.8895
0.970375
1.058375
1.100125
1.0534375
1.01075
0.9493125
0.936875
0.965125
0.9746875
0.9944375
0.99375
0.987375
0.9629375
0.943125
0.9074375
0.882625
0.903125
0.958375
1.0279375
1.091375
1.125125
1.081625
1.038625
1.01575
0.9805625
0.995
1.0029375
0.9859375
1.0081875
1.0019375
1.023875
1.0335
1.019375
1.036
1.0295625
1.06425
1.10125
1.100375
1.0775625
1.0314375
1.0109375
1.0135
1.0430625
1.0484375
0.9795
0.9190625
0.862375
0.8353125
0.8654375
0.87925
0.882
0.9195
0.9430625
0.9955
1.046125
1.016375
1.01625
0.9950625
0.976
0.996875
0.9748125
0.9316875
0.8994375
0.86225
0.8353125
0.83725
0.8275
0.8505
0.8905
0.9359375
0.982
0.997125
0.99525
0.958375
0.9494375
0.9396875
0.9656875
1.0440625
1.072375
1.106
1.1081875
1.0745
1.085375
1.0791875
1.0571875
1.0266875
0.9578125
0.9208125
0.9238125
0.952
1.011
1.0529375
1.0735625
1.060375
1.0239375
0.9655625
0.898375
0.861375
0.847625
0.86
0.879375
0.8824375
0.8853125
0.8843125
0.8861875
0.9005
0.8825625
0.863875
0.8371875
0.829875
0.8641875
0.899375
0.9700625
0.9901875
0.9936875
1.0285
1.01275
1.054875
1.0655625
1.045625
1.0756875
1.0675625
1.10975
1.124375
1.08475
1.04125
0.960125
0.91175
0.8918125
0.8801875
0.8988125
0.91225
0.9325
0.947375
0.930875
0.9100625
0.8815625
0.8615625
0.84875
0.84025
0.847375
0.87625
0.9214375
0.9626875
0.9723125
0.9415
0.9035625
0.9001875
0.9131875
0.9503125
0.97825
0.95275
0.9235
0.9056875
0.9450625
1.0266875
1.1265
1.187125
1.158875
1.0839375
0.9741875
0.907875
0.8924375
0.9073125
0.947625
0.942625
0.9295
0.9215
0.9249375
0.9798125
1.0590625
1.118875
1.1395
1.132875
1.050625
1.01025
0.989125
0.949
0.9598125
0.9124375
0.876375
0.8783125
0.8975
0.949
0.9870625
1.00425
0.9886875
0.9688125
0.9728125
0.9533125
0.9385625
0.915125
0.85125
0.81275
0.78275
0.761
0.761
0.78825
0.8155
0.84275
0.87
0.8458125
0.821625
0.7974375
0.77325
0.7701875
0.79775
0.826
0.8734375
0.9545625
1.023125
1.139
1.2171875
1.24575
1.210625
1.08275
0.973375
0.898625
0.8936875
0.952625
1.0339375
1.099625
1.113875
1.1165625
1.0738125
1.006875
0.9694375
0.896875
0.855875
0.8445
0.84025
0.8605
0.891
0.9098125
0.907625
0.920125
0.895125
0.895875
0.933625
0.950375
0.985625
0.981875
0.927375
0.88
0.8733125
0.911125
0.997375
1.0898125
1.1161875
1.091
1.0281875
0.9816875
0.9595
1.011875
1.0785625
1.123875
1.1565625
1.0965
1.0515
1.007625
0.9705625
0.9825625
0.9649375
0.93275
0.93425
0.9231875
0.9269375
0.945
0.91775
0.89875
0.88
0.8615
0.85325
0.845
0.8521875
0.859375
0.8750625
0.899
0.8915625
0.884375
0.8854375
0.87
0.87025
0.8656875
0.853125
0.8573125
0.864625
0.8725625
0.87175
0.857
0.836
0.8305625
0.8366875
0.8536875
0.8906875
0.9075
0.9266875
0.9401875
0.9199375
0.9051875
0.8843125
0.8585
0.845
0.8430625
0.8370625
0.8331875
0.8384375
0.82975
0.831
0.8438125
0.84425
0.87125
0.9154375
0.968
1.0276875
1.045125
1.012625
0.9685
0.928125
0.9058125
0.908
0.9049375
0.923
0.9471875
0.9744375
0.9983125
0.998
0.9938125
1.016875
1.06475
1.0893125
1.1240625
1.1235
1.0800625
1.067625
1.03725
0.9988125
0.9661875
0.92275
0.8968125
0.8861875
0.9101875
0.9560625
0.981
1.02625
1.043625
1.045625
1.0635625
1.0409375
1.0054375
0.9359375
0.8585625
0.8100625
0.832
0.8961875
0.9665625
1.020625
0.9773125
0.91075
0.8396875
0.80775
0.8275625
0.859
0.9199375
0.946875
0.9789375
1.036375
1.0505625
1.068125
1.0904375
1.07325
1.0880625
1.10625
1.136
1.168625
1.169625
1.136625
1.0610625
1.024
1.0021875
1.0340625
1.065
1.0530625
1.03025
0.964375
0.9250625
0.90175
0.8896875
0.9218125
0.975875
1.0429375
1.11225
1.1555
1.123625
1.08025
1.0363125
0.996125
1.02025
1.0425
1.1078125
1.1670625
1.1975
1.249375
1.2160625
1.172375
1.1356875
1.037375
0.9795
0.9276875
0.8744375
0.9015625
0.9235
0.978125
1.064
1.0695
1.085625
1.061875
0.9890625
0.9564375
0.9329375
0.9653125
1.0140625
1.05825
1.06875
0.9943125
0.9243125
0.8855625
0.873625
0.9025
0.94075
0.970375
0.981375
0.9985625
0.9994375
0.98225
1.0059375
1.052375
1.1158125
1.15475
1.135375
1.06375
0.975125
0.9085625
0.8711875
0.8883125
0.9139375
0.942
0.9879375
0.987625
0.990375
0.998625
0.9881875
0.9885
1.0099375
1.0064375
0.989
1.0070625
1.0009375
1.0095
1.072875
1.09375
1.095625
1.1014375
1.0261875
0.9759375
0.9446875
0.9361875
0.9600625
0.953125
0.986625
0.986
1.01975
1.076125
1.074
1.075125
1.0455
1.03625
1.0144375
0.9985
0.9715
0.9014375
0.8659375
0.8374375
0.843625
0.895125
0.94725
0.9915
0.992125
0.9666875
0.9364375
0.921375
0.9394375
0.9570625
0.96975
0.9684375
0.9546875
0.944375
0.9481875
0.9493125
0.9671875
0.968
0.9709375
0.97625
0.9581875
0.9478125
0.9033125
0.8649375
0.8333125
0.8371875
0.872625
0.9101875
0.9468125
0.9506875
0.960625
0.96875
0.98575
0.9904375
0.969125
0.9581875
0.95725
0.9814375
1.0139375
1.0158125
0.9883125
0.953875
0.91475
0.88625
0.8728125
0.8704375
0.87825
0.9020625
0.925375
0.9141875
0.8975625
0.863125
0.8206875
0.8255
0.8820625
0.9466875
1.0195625
1.048
1.00325
0.9851875
0.975625
1.0310625
1.0984375
1.11675
1.1453125
1.0804375
1.0204375
1.0051875
0.992625
1.040375
1.100125
1.1185
1.0698125
1.0465625
1.0146875
0.99325
1.041625
1.034875
1.0515625
1.0768125
1.0536875
1.048625
1.0500625
1.0484375
1.091
1.151625
1.186625
1.228625
1.2391875
1.183
1.078125
0.965375
0.856375
0.84475
0.8825
0.94725
1.0644375
1.1034375
1.1495625
1.1580625
1.1218125
1.0998125
1.1101875
1.13825
1.126125
1.1335625
1.060375
0.9806875
0.936625
0.8885
0.8810625
0.8726875
0.8731875
0.868
0.857125
0.87725
0.9335
1.0163125
1.1021875
1.1338125
1.079375
1.01025
0.9734375
0.973125
1.015375
1.0228125
0.99275
0.95
0.9219375
0.92825
0.922125
0.923125
0.9048125
0.8745
0.89175
0.8970625
0.9315
1.018375
1.0555625
1.1065
1.1136875
1.0449375
0.9920625
0.934
0.9068125
0.893
0.9138125
0.934625
0.946875
0.9804375
0.96325
0.9463125
0.929375
0.910625
0.936625
1.0025625
1.065375
1.1385625
1.1818125
1.15925
1.15925
1.15925
1.15925
