0.756875
0.756875
0.756875
0.756875
0.75
0.735625
0.725625
0.720625
0.720625
0.754375
0.784375
0.809375
0.829375
0.806875
0.760625
0.69125
0.619375
0.639375
0.6825
0.74875
0.809375
0.755
0.700625
0.636875
0.586875
0.55125
0.584375
0.654375
0.72375
0.903125
0.9575
0.956875
0.940625
0.78125
0.734375
0.736875
0.794375
0.925625
0.944375
1.025
1.016875
1.0
1.0175
0.8675
0.761875
0.64375
0.556875
0.55375
0.538125
0.558125
0.58125
0.615
0.66125
0.665
0.74
0.799375
0.8625
0.96375
0.903125
0.8525
0.8175
0.76375
0.788125
0.784375
0.741875
0.695
0.63
0.60625
0.62125
0.635
0.685
0.69875
0.72625
0.769375
0.77625
0.824375
0.805625
0.7775
0.79
0.774375
0.77375
0.7675
0.8125
0.848125
0.89875
0.954375
0.8625
0.799375
0.7625
0.71125
0.72375
0.721875
0.695625
0.700625
0.725625
0.820625
0.985
1.1325
1.238125
1.20625
1.041875
0.860625
0.745625
0.71625
0.719375
0.72625
0.6775
0.628125
0.689375
0.776875
0.881875
0.93625
0.864375
0.831875
0.82375
0.838125
0.94875
0.963125
0.954375
0.964375
0.87
0.829375
0.79625
0.755
0.78
0.790625
0.79625
0.79375
0.7975
0.778125
0.831875
0.92
1.021875
1.24875
1.298125
1.28625
1.19375
0.93875
0.80875
0.728125
0.736875
0.808125
0.86875
0.909375
0.950625
0.97375
1.033125
1.17375
1.196875
1.279375
1.30375
1.164375
1.0975
1.049375
0.979375
0.988125
1.04625
0.973125
0.979375
0.995
0.914375
0.876875
0.715625
0.620625
0.565
0.605
0.78875
0.945625
1.18125
1.318125
1.35375
1.276875
1.100625
0.93875
0.814375
0.760625
0.73875
0.7325
0.72
0.701875
0.66875
0.643125
0.61625
0.5975
0.595625
0.59875
0.6175
0.6275
0.64625
0.661875
0.64875
0.66375
0.71375
0.763125
0.848125
0.91375
0.9
0.88125
0.845625
0.790625
0.763125
0.735625
0.71
0.723125
0.788125
0.88625
0.980625
1.03625
1.004375
0.90125
0.7975
0.765625
0.7875
0.829375
0.87875
0.915625
0.938125
1.075
1.19625
1.201875
1.29
1.254375
1.216875
1.246875
1.125
0.965625
0.841875
0.72625
0.730625
0.865
1.049375
1.23375
1.328125
1.2925
1.144375
1.001875
0.934375
0.950625
0.953125
0.955
0.8925
0.80125
0.7775
0.725625
0.706875
0.70875
0.70125
0.735
0.801875
0.89125
0.975
1.07875
1.11125
1.150625
1.193125
1.2375
1.39
1.41875
1.440625
1.33
1.084375
0.930625
0.773125
0.725
0.73125
0.726875
0.718125
0.69
0.650625
0.599375
0.57875
0.560625
0.661875
0.7775
0.869375
0.955625
0.876875
0.8175
0.771875
0.731875
0.7425
0.73375
0.71875
0.7875
0.965625
1.13875
1.305625
1.310625
1.145
0.984375
0.81
0.71375
0.69
0.660625
0.661875
0.663125
0.75375
0.85
0.92125
0.996875
0.915
0.90875
0.935625
0.958125
1.128125
1.1525
1.135625
1.1525
1.095625
1.159375
1.2475
1.33375
1.33625
1.231875
1.140625
0.941875
0.870625
0.86375
0.819375
0.894375
0.965625
1.030625
1.204375
1.278125
1.311875
1.33375
1.179375
1.1775
1.175625
1.18375
1.28375
1.26
1.20875
1.24125
1.28875
1.35125
1.44125
1.374375
1.26625
1.126875
0.94125
0.82875
0.75125
0.728125
0.7975
0.85625
0.94625
1.065
1.08125
1.118125
1.05875
0.920625
0.846875
0.753125
0.730625
0.736875
0.714375
0.711875
0.690625
0.67125
0.685
0.689375
0.691875
0.721875
0.749375
0.775625
0.80125
0.808125
0.805
0.78375
0.750625
0.7075
0.654375
0.61625
0.611875
0.628125
0.665
0.72875
0.773125
0.806875
0.83
0.829375
0.805625
0.78125
0.7375
0.684375
0.6725
0.6425
0.724375
0.8075
0.923125
1.1225
1.136875
1.16
1.1325
0.975
0.91
0.845
0.715
0.65
0.58125
0.5125
0.505
0.51625
0.55375
0.5875
0.615625
0.60625
0.608125
0.63625
0.686875
0.75625
0.735625
0.67375
0.613125
0.539375
0.590625
0.679375
0.758125
0.881875
0.964375
1.068125
1.1575
1.1925
1.10375
0.925
0.76875
0.63875
0.625625
0.673125
0.70625
0.754375
0.83
0.871875
0.915
0.9075
0.80625
0.790625
0.756875
0.776875
0.819375
0.740625
0.695
0.6275
0.639375
0.724375
0.780625
0.8425
0.888125
0.919375
1.0175
1.11
1.084375
1.096875
1.01875
0.940625
0.9225
0.8225
0.78125
0.734375
0.72875
0.775
0.785
0.788125
0.768125
0.719375
0.68375
0.673125
0.63
0.695625
0.839375
0.980625
1.18625
1.238125
1.143125
1.019375
0.861875
0.75125
0.67875
0.641875
0.58625
0.545625
0.55
0.613125
0.6875
0.788125
0.89375
0.88375
0.89625
0.96
1.0425
1.10875
1.17875
1.175
1.101875
1.101875
1.101875
1.101875
