0.2875
0.2875
0.2875
0.2875
0.27625
0.39
0.450625
0.3
0.20625
-0.090625
-0.099375
0.170625
0.53
0.925625
0.739375
0.10625
-0.73
-1.2975
-1.4375
-1.0975
-0.628125
-0.52625
-0.37625
-0.534375
-0.661875
-0.78875
-1.115625
-1.181875
-1.475625
-1.274375
-0.92375
-1.05125
-0.764375
-0.764375
-0.585
0.265625
0.79375
1.289375
1.31875
0.82
0.148125
-0.52375
-1.09
-1.48
-1.255625
-1.145
-0.833125
-0.631875
-0.754375
-0.649375
-0.383125
0.089375
0.15375
0.104375
-0.36125
-0.9225
-0.865625
-1.095625
-0.94375
-0.89625
-1.26
-1.05
-1.30375
-1.27125
-0.830625
-0.775
-0.193125
0.320625
0.45625
0.788125
0.694375
0.2
0.04375
-0.57125
-1.061875
-1.01125
-1.245
-0.846875
-0.229375
-0.120625
-0.185
-0.664375
-1.56875
-2.2275
-2.463125
-2.516875
-2.120625
-1.509375
-0.919375
-0.533125
-0.3175
-0.21875
-0.568125
-0.39125
-0.39125
-0.534375
-0.184375
-0.546875
-0.686875
-0.873125
-1.0675
-0.749375
-0.496875
-0.166875
-0.1025
-0.04
-0.190625
-0.114375
-0.050625
-0.135
0.22
0.15125
0.08875
0.0375
-0.393125
-0.413125
-0.28375
-0.3525
-0.144375
-0.179375
-0.14875
0.058125
-0.109375
-0.205625
-0.594375
-0.806875
-0.68875
-0.67125
-0.19375
0.075
0.0875
0.295
-0.07125
-0.605625
-0.74125
-0.9625
-0.61
0.17625
0.838125
1.210625
0.944375
0.25375
-0.78375
-1.503125
-1.695
-1.536875
-0.9125
-0.2825
0.234375
0.329375
0.15875
-0.25625
-0.77375
-0.7325
-0.62625
-0.338125
-0.143125
-0.224375
-0.63375
-0.7475
-0.63625
-0.924375
-0.8125
-0.99625
-1.268125
-1.08625
-0.97125
-1.089375
-1.380625
-1.65
-2.03625
-1.95625
-1.46
-1.044375
-0.611875
-0.52625
-0.6875
-0.739375
-0.485
-0.055
0.516875
0.98375
1.206875
1.448125
1.405625
1.18125
0.721875
0.05625
-0.38625
-0.6625
-0.570625
-0.286875
-0.246875
-0.051875
-0.188125
-0.54875
-0.9125
-1.698125
-1.93375
-2.17125
-2.243125
-2.116875
-2.629375
-2.805625
-2.62125
-2.20625
-1.25
-0.469375
-0.103125
0.240625
0.33
0.30875
0.343125
0.11
-0.32375
-0.711875
-1.283125
-1.905625
-2.39
-2.429375
-2.35
-2.03
-1.546875
-1.8325
-1.93625
-1.9075
-1.87375
-1.090625
-0.34
0.006875
0.305
0.153125
-0.283125
-0.40875
-0.845625
-1.399375
-1.645
-2.090625
-2.17125
-1.721875
-1.320625
-0.650625
-0.02875
0.1275
0.22125
0.141875
0.024375
-0.198125
-0.498125
-0.9175
-1.271875
-1.251875
-1.016875
-0.6625
-0.486875
-0.295
-0.300625
-0.30625
-0.49375
-0.96875
-1.630625
-2.355
-2.48
-2.228125
-1.56375
-0.828125
-0.68375
-1.059375
-1.596875
-2.0325
-2.19625
-1.9775
-1.866875
-1.804375
-1.750625
-1.755
-1.655
-1.6175
-1.325625
-0.939375
-0.618125
-0.47875
-0.56125
-0.78625
-0.9375
-0.906875
-1.195625
-1.530625
-1.5225
-1.505625
-1.06875
-0.485625
-0.430625
-0.393125
-0.38875
-0.5875
-0.405625
-0.110625
-0.14875
-0.255
-0.683125
-1.215625
-1.58875
-1.679375
-1.6525
-1.434375
-0.835625
-0.494375
-0.296875
-0.404375
-0.998125
-1.31625
-1.2575
-1.266875
-0.953125
-0.614375
-0.50875
-0.15875
0.104375
0.313125
0.521875
0.725
0.7125
0.3775
-0.244375
-0.941875
-1.57625
-1.79625
-1.475
-0.99375
-0.24375
0.325
0.62
0.8275
0.615
0.340625
-0.223125
-0.954375
-1.365
-1.71375
-1.75375
-1.68
-1.75375
-1.71375
-1.67375
-1.71125
-1.61
-1.974375
-2.27375
-2.6
-3.0475
-2.79125
-2.418125
-1.878125
-1.019375
-0.873125
-0.846875
-0.84125
-1.098125
-0.685625
-0.474375
-0.29
-0.01625
0.02875
0.0525
0.265625
0.389375
0.109375
0.150625
-0.3275
-0.859375
-0.885625
-1.0575
-0.6275
-0.323125
-0.119375
-0.05
-0.563125
-0.715625
-1.20375
-1.468125
-1.33625
-1.385625
-1.08875
-0.9
-0.616875
-0.435625
-0.34625
-0.171875
-0.3875
-0.369375
-0.516875
-0.823125
-0.930625
-1.38125
-1.481875
-1.609375
-1.744375
-1.668125
-1.71375
-1.391875
-1.158125
-1.043125
-1.11
-1.640625
-1.94625
-1.78125
-1.624375
-1.1875
-0.781875
-0.78
-0.650625
-0.68
-1.11125
-1.615
-2.11875
-2.505
-2.29125
-2.1375
-1.85625
-1.71375
-2.10625
-2.005625
-1.85125
-1.66125
-0.92125
-0.633125
-0.835
-0.963125
-1.625625
-2.145
-2.228125
-2.159375
-1.966875
-1.770625
-1.50125
-1.20125
-0.814375
-0.35375
-0.2525
-0.45625
-0.355625
-0.270625
-0.19625
-0.1275
-0.715
-1.42625
-1.79875
-2.114375
-2.069375
-1.900625
-1.90125
-1.72
-1.369375
-1.22
-0.911875
-0.738125
-0.838125
-0.64
-0.54875
-0.340625
-0.028125
-0.19375
-0.79125
-1.40125
-2.0025
-2.030625
-1.67
-1.759375
-1.6225
-1.663125
-1.551875
-1.08
-0.813125
-0.9525
-1.421875
-1.706875
-2.286875
-2.536875
-2.433125
-2.52875
-2.094375
-1.36
-0.63375
0.185
0.569375
0.510625
0.121875
-0.421875
-0.956875
-1.2675
-1.36
-1.155625
-0.725625
-0.55
-0.71
-1.469375
-2.24
-2.741875
-2.665625
-2.0525
-1.45125
-1.115
-1.223125
-1.406875
-1.728125
-1.633125
-1.26125
-1.048125
-0.424375
-0.023125
-0.005
0.1925
-0.24
-0.903125
-1.26
-1.68125
-1.500625
-0.87
-0.26375
0.243125
0.271875
0.07625
-0.314375
-0.55125
-0.63875
-0.94625
-0.94
-1.290625
-1.726875
-1.843125
-2.208125
-2.381875
-2.363125
-2.54125
-2.535625
-2.271875
-1.96875
-1.396875
-0.77375
-0.510625
-0.1825
-0.0175
0.034375
0.261875
-0.01875
-0.6425
-1.465625
-2.131875
-2.275
-1.81625
-1.23
-0.83875
-0.75125
-1.04
-1.025625
-0.93125
-0.535625
0.03875
0.036875
0.184375
-0.031875
-0.624375
-0.76875
-1.07625
-1.139375
-0.66125
-0.395625
-0.3625
-0.510625
-0.9025
-1.176875
-1.30375
-1.011875
-0.74125
-0.674375
-0.50875
-0.824375
-1.288125
-1.1975
-0.9575
-0.416875
0.44125
0.830625
0.795625
0.64125
0.065
-0.411875
-0.718125
-0.964375
-0.70375
-0.43
-0.085
0.14
-0.1875
-0.908125
-1.350625
-1.733125
-1.498125
-0.541875
-0.159375
0.285
0.383125
0.006875
0.1525
0.255625
0.309375
0.50125
0.4775
0.415
0.5175
0.333125
-0.19
-0.92875
-1.6475
-1.72375
-1.150625
-0.28875
0.28375
0.334375
0.025
-0.391875
-0.786875
-1.286875
-1.89625
-2.27875
-2.183125
-1.48
-0.733125
-0.0975
-0.014375
-0.57875
-0.760625
-0.9525
-0.900625
-0.46625
-0.51
-0.605625
-0.4575
-0.2675
0.009375
0.264375
0.238125
-0.15875
-0.209375
-0.196875
-0.344375
-0.02375
-0.005
-0.39875
-0.60375
-1.09
-1.374375
-1.025
-0.37125
0.405
1.030625
1.1875
0.696875
-0.08125
-1.156875
-1.7025
-1.56625
-1.34625
-0.6225
-0.54625
-0.810625
-0.8825
-1.151875
-0.801875
-0.5625
-0.28375
-0.106875
-0.339375
-0.350625
-0.45125
-0.348125
-0.05
0.169375
0.263125
0.3725
0.433125
0.153125
0.24875
0.085
-0.344375
-0.124375
-0.443125
-0.801875
-0.726875
-0.96
-0.62375
-0.00125
0.22
0.419375
0.03625
-0.311875
-0.22625
-0.335625
-0.0475
-0.1425
-0.56
-0.568125
-0.80625
-0.800625
-0.911875
-1.370625
-1.590625
-1.536875
-1.333125
-1.0775
-0.94125
-1.056875
-1.06
-0.75875
-0.641875
-0.9075
-1.0475
-1.5525
-1.864375
-1.56875
-1.53625
-1.3
-1.08125
-1.35625
-1.54625
-1.9225
-2.29
-2.101875
-1.9025
-1.5975
-1.126875
-0.885
-0.50375
-0.10375
0.27375
0.49125
0.215625
0.045625
-0.57625
-1.299375
-1.299375
-1.299375
-1.299375
