0.8764375
0.8764375
0.8764375
0.8764375
0.89975
0.9455
0.9995
1.0521875
1.10825
1.144375
1.1831875
1.20675
1.1601875
1.091625
1.0049375
0.9256875
0.901
0.9135625
0.922
0.9869375
1.03875
1.064375
1.1493125
1.16225
1.22025
1.2666875
1.2418125
1.2226875
1.126
1.0451875
0.96625
0.9090625
0.879625
0.861
0.8829375
0.8971875
0.918
0.95025
0.948125
0.9640625
0.9933125
1.0069375
1.0358125
1.07575
1.101625
1.105125
1.1015
1.046625
0.9941875
0.9721875
0.958875
0.960125
0.96275
0.9425
0.9304375
0.9290625
0.92675
0.946
0.94575
0.945875
0.9866875
1.0443125
1.1400625
1.248375
1.2788125
1.2414375
1.1566875
1.0471875
0.9678125
0.9245625
0.8886875
0.8760625
0.8750625
0.87575
0.891125
0.8754375
0.851125
0.8329375
0.820625
0.8283125
0.844875
0.8638125
0.869625
0.880875
0.883
0.919875
0.9561875
1.001625
1.0561875
1.0225625
0.998875
0.940625
0.87
0.8739375
0.868375
0.910375
0.96175
0.96
0.969875
0.94575
0.9178125
0.9644375
1.0116875
1.06425
1.1275625
1.1024375
1.05325
0.990625
0.9116875
0.8734375
0.8513125
0.8594375
0.8825
0.9084375
0.9398125
0.9313125
0.9085625
0.874125
0.851125
0.8829375
0.925125
0.980625
0.9969375
0.963625
0.93475
0.894
0.87475
0.8635625
0.83375
0.837625
0.8618125
0.8969375
0.943
0.946875
0.9325625
0.9291875
0.9281875
0.9431875
0.9644375
0.990375
1.022875
1.0621875
1.0715625
1.03875
0.985
0.9088125
0.85525
0.8548125
0.868625
0.905
0.941125
0.927375
0.9098125
0.8815
0.8563125
0.8511875
0.8551875
0.8664375
0.8714375
0.9031875
0.9221875
0.9449375
0.9708125
0.9575
0.9705
0.959
0.96075
0.9914375
0.979875
0.983
0.96275
0.9105625
0.88425
0.86325
0.84925
0.872625
0.9140625
0.9524375
1.004625
1.028
1.0233125
1.03975
1.029375
1.02575
1.0098125
0.9570625
0.917375
0.880625
0.8728125
0.8994375
0.95975
1.01575
1.0684375
1.077375
1.0468125
1.0396875
1.0203125
1.04675
1.0688125
1.0620625
1.055625
1.00925
0.97925
0.95625
0.921
0.901625
0.8675
0.83025
0.809125
0.8021875
0.818875
0.86375
0.90625
0.974875
1.0315
1.05025
1.0924375
1.057375
1.01425
1.001875
0.9583125
0.9546875
0.95825
0.93175
0.9268125
0.9255
0.94925
0.98825
1.0119375
1.0436875
1.049375
1.0714375
1.0999375
1.1193125
1.1369375
1.1225
1.1068125
1.087625
1.0525625
1.04775
1.01925
0.96775
0.9413125
0.8779375
0.8849375
0.9239375
0.9615625
1.029375
1.02775
1.035875
1.0285
1.0055
0.9886875
0.932
0.909
0.9418125
0.986375
1.05325
1.078625
1.0189375
0.9773125
0.9356875
0.939875
0.994875
1.0153125
1.0580625
1.055125
1.020875
1.0155625
0.96325
0.9303125
0.9149375
0.886875
0.8835
0.8919375
0.915625
0.93875
0.969
0.9820625
0.959875
0.945875
0.9441875
0.977
1.052125
1.13975
1.18375
1.1611875
1.091625
0.9854375
0.927625
0.9030625
0.92975
1.003375
1.048625
1.1140625
1.1279375
1.09575
1.06775
1.018375
1.0404375
1.072875
1.107625
1.15125
1.1028125
1.073125
1.0349375
1.0185
1.053125
1.077625
1.0921875
1.0324375
0.95875
0.8760625
0.81425
0.8018125
0.8009375
0.8071875
0.812875
0.84025
0.8693125
0.9013125
0.92875
0.938
0.9425
0.954125
0.96275
0.943875
0.921125
0.9126875
0.9033125
0.9439375
0.9875625
0.98625
1.008375
0.9816875
0.9613125
0.975125
0.9709375
0.9834375
1.012625
1.01125
0.98525
0.972875
0.9084375
0.8748125
0.8725
0.8749375
0.9296875
0.9611875
0.9794375
0.9859375
0.9711875
0.9953125
1.0303125
1.050375
1.066875
1.031125
0.9934375
0.966125
0.9436875
0.9631875
0.97025
1.0030625
1.0284375
1.02075
1.022
0.995625
1.00375
1.0555625
1.1315625
1.1905
1.1719375
1.09825
1.00375
0.93075
0.9323125
0.9614375
0.9605
0.9835
0.9646875
0.9681875
0.9975
1.0036875
1.040375
1.029375
1.035375
1.0166875
0.980875
0.9789375
0.94475
0.9599375
0.9746875
0.9996875
1.046
1.0429375
1.0678125
1.0739375
1.0673125
1.085375
1.0321875
0.9595625
0.9023125
0.852875
0.8690625
0.918625
0.979125
1.0315625
1.065125
1.0715
1.040125
1.012375
0.9675625
0.93575
0.9229375
0.9205
0.937
0.954
0.9658125
0.947
0.9139375
0.8751875
0.8425
0.8264375
0.821625
0.8274375
0.8284375
0.8468125
0.86825
0.9035
0.966875
1.015
1.08425
1.10725
1.090125
1.0555
0.9911875
0.96575
0.97525
0.991
0.9935625
0.972875
0.9331875
0.9036875
0.8898125
0.8875625
0.8853125
0.8791875
0.8800625
0.88875
0.8784375
0.8796875
0.8984375
0.90225
0.9421875
0.9729375
0.978625
0.999
1.004125
1.0251875
1.0320625
1.0309375
1.049375
1.0301875
1.024875
1.03525
1.00275
1.016125
1.0606875
1.0941875
1.121875
1.1325
1.0925625
1.069875
1.0826875
1.06625
1.09225
1.0511875
0.9975625
0.9589375
0.8811875
0.8490625
0.8173125
0.820625
0.8439375
0.883375
0.9345625
0.9543125
0.982625
1.002875
1.0114375
1.0253125
1.049625
1.038625
1.0275625
0.995125
0.9215625
0.8983125
0.8829375
0.9325625
0.9958125
1.016875
1.034
0.9849375
0.9474375
0.925125
0.9219375
0.9129375
0.8985
0.9121875
0.8836875
0.9130625
0.9928125
1.04725
1.1254375
1.1430625
1.0646875
0.991625
0.921125
0.891875
0.9353125
0.996
1.0725625
1.15
1.1804375
1.171375
1.15075
1.15075
1.15075
1.15075
