1.080625
1.080625
1.080625
1.080625
1.083125
1.126875
1.10125
1.131875
1.124375
1.04875
1.020625
1.0125
1.043125
1.09125
1.11625
1.083125
1.053125
1.02875
1.038125
1.060625
1.029375
1.02375
0.955625
0.915
0.94
0.93625
1.00625
1.045
1.0425
1.053125
0.993125
0.98
0.988125
1.005625
1.0375
1.028125
0.97
0.88625
0.826875
0.79375
0.80625
0.834375
0.86
0.88625
0.904375
0.93875
0.979375
0.975625
1.00125
1.005
0.98875
0.995625
0.96
0.945
0.986875
1.070625
1.1525
1.220625
1.22
1.130625
1.07
1.021875
0.974375
1.030625
1.054375
1.048125
1.06625
1.010625
1.01
0.994375
0.97
0.991875
0.9425
0.936875
0.938125
0.870625
0.83875
0.824375
0.8375
0.89875
0.9675
0.95875
0.901875
0.870625
0.851875
0.8775
0.926875
0.965625
0.980625
1.000625
1.043125
1.036875
1.034375
1.0275
0.96625
0.9225
0.908125
0.895
0.93125
0.996875
0.986875
0.976875
0.93625
0.85625
0.83625
0.86
0.883125
0.94
0.98625
0.9575
0.940625
0.924375
0.92375
0.9775
1.0575
1.141875
1.173125
1.16625
1.118125
1.050625
1.0475
1.031875
1.035625
1.03
0.978125
0.991875
1.0
1.02625
1.053125
1.025625
0.97875
0.913125
0.880625
0.85
0.830625
0.818125
0.7725
0.73875
0.735
0.735
0.735
0.735
