-0.036875
-0.036875
-0.036875
-0.036875
-0.0275
-0.25375
-0.743125
-0.976875
-0.9
-0.280625
0.075625
0.1725
0.1525
-0.049375
0.020625
-0.063125
-0.596875
-1.22
-1.925625
-2.28625
-2.039375
-2.153125
-1.88625
-1.701875
-1.6725
-0.921875
-0.456875
0.025625
0.4575
0.241875
-0.07625
-0.096875
-0.369375
-0.263125
-0.24875
-0.581875
-0.704375
-0.9
-0.61625
-0.565
-0.374375
-0.321875
-0.890625
-1.123125
-1.443125
-1.348125
-0.994375
-0.559375
-0.536875
-0.81
-0.675
-0.68375
-0.060625
0.590625
0.594375
0.391875
-0.353125
-1.45
-2.31625
-2.97625
-3.058125
-2.81625
-2.14875
-1.2075
-0.633125
0.185
0.355625
-0.0125
-0.5675
-1.428125
-1.766875
-1.840625
-1.35875
-0.988125
-0.976875
-0.650625
-0.58125
-0.051875
0.49125
0.601875
0.465625
-0.046875
-0.44875
-0.733125
-0.914375
-1.00625
-1.098125
-1.276875
-1.09875
-1.126875
-0.84
-0.650625
-0.895625
-0.990625
-1.62
-1.79375
-1.9675
-1.846875
-1.315625
-1.326875
-0.808125
-0.465625
-0.33625
0.373125
0.608125
0.4725
0.189375
-0.4025
-0.961875
-1.20375
-1.085
-1.00375
-0.8375
-0.504375
-0.55375
-0.836875
-1.021875
-1.566875
-2.025
-1.965
-1.9175
-1.685625
-1.286875
-1.075
-1.06625
-0.696875
-0.348125
-0.0575
0.40875
0.425
0.399375
0.2325
-0.120625
-0.48625
-0.836875
-1.048125
-1.15
-1.135
-1.056875
-1.148125
-1.1225
-1.23125
-1.409375
-1.109375
-1.1825
-1.1925
-1.4825
-2.38125
-3.00875
-3.58
-3.88
-3.88
-3.88
-3.88
-3.88
-3.82375
-3.7675
-3.71125
-3.655
-3.655
-3.655
-3.59875
-3.5425
-3.48625
-3.43
-3.43
-3.43
-3.43
-3.43
-3.43
-3.43
-3.43
-3.43
-3.43
-3.43
-3.43
-3.43
-3.248125
-2.881875
-2.41125
-1.940625
-1.570625
-1.560625
-1.815625
-1.996875
-2.27875
-2.224375
-1.84875
-1.311875
-0.8175
-0.644375
-0.631875
-0.99375
-1.466875
-1.714375
-2.13125
-2.33125
-2.123125
-1.98
-1.35875
-1.061875
-1.235
-1.416875
-1.855625
-1.73875
-1.451875
-0.9125
-0.61625
-0.771875
-0.87125
-1.214375
-1.175
-0.91125
-0.57375
-0.23625
-0.28125
-0.383125
-0.368125
-0.30125
0.034375
0.139375
0.154375
0.1175
-0.17
-0.069375
-0.399375
-1.01625
-1.173125
-1.75
-1.979375
-1.81125
-1.981875
-1.75375
-1.29625
-0.8625
-0.43875
-0.27125
-0.2
-0.178125
-0.07
0.306875
0.36
0.23625
0.145
-0.005625
-0.015625
0.305
0.511875
0.244375
-0.1475
-0.925625
-1.909375
-2.363125
-2.6425
-2.531875
-1.839375
-1.32
-0.555625
-0.1
0.03625
0.195
0.006875
-0.005625
-0.176875
-0.381875
-0.391875
-0.7075
-0.7625
-0.7875
-0.93875
-0.8375
-0.74875
-0.588125
-0.321875
-0.129375
-0.2025
-0.245
-0.388125
-0.20375
-0.0275
-0.029375
0.04
-0.350625
-0.35
-0.616875
-1.025
-1.038125
-1.07625
-0.425625
0.108125
0.444375
0.28375
-0.35125
-0.679375
-1.031875
-0.871875
-0.484375
-0.354375
-0.138125
-0.263125
-0.615625
-0.635625
-1.02625
-1.0725
-1.251875
-1.584375
-1.36125
-1.4975
-1.14
-0.703125
-0.45125
-0.040625
0.045625
-0.031875
-0.233125
-0.356875
-0.211875
0.086875
0.200625
-0.00125
-0.448125
-1.07875
-1.19125
-0.90875
-0.6325
-0.264375
-0.43875
-0.626875
-0.8325
-0.924375
-0.384375
-0.025
0.2425
0.39625
0.1375
-0.026875
0.249375
0.165
0.184375
0.179375
-0.12125
-0.0525
-0.0875
-0.450625
-0.97125
-1.444375
-2.005
-1.955
-1.61875
-1.095
-0.431875
-0.103125
0.13625
-0.049375
-0.04375
-0.314375
-0.710625
-0.725
-0.963125
-0.6425
-0.100625
-0.07875
-0.024375
-0.376875
-0.855
-0.895
-0.874375
-0.53375
-0.163125
0.289375
0.476875
0.488125
0.37375
-0.204375
-0.593125
-1.215
-1.615625
-1.809375
-1.991875
-1.821875
-1.558125
-0.858125
-0.24625
0.064375
-0.144375
-1.121875
-1.121875
-1.121875
-1.121875
