0.835
0.835
0.835
0.835
0.750625
0.68375
0.634375
0.645
0.72875
0.890625
1.045
1.134375
1.215625
1.23625
1.25625
1.220625
1.203125
1.190625
1.1925
1.260625
1.295
1.311875
1.271875
1.28125
1.2175
1.17875
1.184375
1.101875
1.1325
1.09625
1.0375
0.995625
0.906875
0.8725
0.8425
0.870625
0.89625
0.938125
1.026875
1.0475
1.086875
1.148125
1.10875
1.105625
1.1
1.065
1.09625
1.1075
1.09
1.000625
0.965625
0.9575
0.97125
1.0425
0.999375
0.913125
0.82125
0.740625
0.703125
0.718125
0.73875
0.803125
0.944375
1.00375
1.050625
1.053125
0.985
0.984375
1.028125
1.021875
0.965625
0.971875
0.9875
1.039375
1.16
1.1375
1.025
0.915
0.84625
0.884375
0.959375
1.061875
1.109375
1.11875
1.193125
1.25625
1.305625
1.330625
1.31
1.303125
1.31
1.321875
1.2925
1.239375
1.136875
1.090625
1.0625
0.99125
0.985625
0.911875
0.908125
0.990625
1.081875
1.259375
1.3775
1.3975
1.345625
1.23875
1.141875
1.1
1.16
1.186875
1.143125
1.099375
1.005625
0.970625
1.061875
1.175
1.235
1.290625
1.285625
1.275
1.33875
1.3725
1.40625
1.433125
1.410625
1.375
1.305625
1.248125
1.25875
1.274375
1.37125
1.409375
1.37375
1.38125
1.294375
1.2825
1.274375
1.2525
1.255625
1.2075
1.225
1.181875
1.215625
1.208125
1.15125
1.13625
1.044375
1.0675
1.075
1.065625
1.026875
0.881875
0.741875
0.675625
0.700625
0.79125
0.9125
0.931875
0.931875
0.931875
0.931875
