-0.463125
-0.463125
-0.463125
-0.463125
-0.2775
-0.215625
0.118125
0.171875
-0.28875
-0.895625
-1.8225
-2.30875
-2.369375
-2.135625
-2.05125
-1.945
-1.895
-1.8925
-1.4775
-1.275625
-1.15625
-1.045625
-1.051875
-1.10375
-0.72125
-0.33875
-0.02625
0.289375
0.1925
0.030625
-0.456875
-0.959375
-1.358125
-1.691875
-1.665625
-1.41625
-1.308125
-1.14375
-0.889375
-0.77875
-0.785
-0.746875
-0.735
-0.920625
-0.604375
-0.19375
-0.12375
0.34125
0.42125
0.284375
0.21375
0.0025
-0.03
-0.21
-0.233125
-0.3325
-0.71625
-1.035
-1.3625
-1.708125
-1.644375
-1.2025
-0.743125
-0.39
-0.424375
-1.07125
-1.670625
-1.9825
-1.9675
-1.253125
-0.58625
-0.0875
0.14375
0.0425
-0.1325
-0.283125
-0.501875
-0.79875
-0.87375
-1.186875
-1.374375
-1.68125
-1.95
-1.980625
-1.603125
-0.865
-0.6825
-0.17
0.01875
-0.16
0.35
0.375625
0.246875
0.44875
0.16375
0.095625
0.23
0.118125
0.004375
-0.41
-1.174375
-2.02
-2.466875
-2.295625
-1.576875
-0.574375
0.27125
0.686875
0.49
0.125625
-0.32
-0.665625
-0.6075
-0.313125
0.01375
0.173125
0.27625
-0.041875
-0.688125
-1.1275
-1.584375
-1.695
-1.246875
-0.888125
-0.520625
-0.361875
-0.729375
-1.129375
-1.585625
-1.99375
-1.815
-1.623125
-1.199375
-0.339375
0.055
0.16875
0.091875
-0.588125
-1.20375
-1.519375
-1.650625
-1.715625
-1.688125
-1.34125
-1.174375
-0.6525
-0.02125
0.35125
0.745
1.005
1.170625
1.266875
1.179375
0.925625
0.691875
0.349375
0.19875
0.14625
-0.27125
-0.70625
-0.955625
-1.095625
-0.614375
-0.051875
-0.0175
-0.295
-0.92
-1.55625
-1.749375
-1.80125
-1.985
-1.84125
-1.831875
-1.63
-1.420625
-1.365
-1.39875
-1.61375
-1.663125
-1.93
-1.850625
-1.72625
-1.528125
-1.4275
-1.748125
-2.05125
-2.428125
-2.303125
-2.12625
-2.023125
-1.92
-2.201875
-2.35625
-2.380625
-2.41375
-2.555
-2.56875
-2.65625
-2.439375
-1.770625
-1.356875
-0.83375
-0.60625
-0.633125
-0.26125
0.233125
0.7275
0.89375
0.59125
-0.323125
-1.589375
-2.45375
-3.194375
-3.218125
-2.733125
-2.124375
-1.235
-1.001875
-1.0175
-1.14125
-1.350625
-1.166875
-0.9
-0.9175
-1.256875
-1.455
-1.644375
-1.730625
-1.4725
-1.691875
-1.9025
-1.82375
-2.095
-2.03
-1.740625
-1.92
-1.958125
-1.960625
-2.3375
-2.369375
-1.975625
-1.774375
-1.431875
-0.965625
-1.146875
-0.949375
-0.589375
-0.633125
-0.298125
-0.271875
-0.73625
-0.994375
-1.344375
-1.841875
-1.63125
-1.17875
-0.7075
0.070625
0.36
0.228125
0.25375
-0.1
-0.5425
-0.868125
-1.37
-1.529375
-1.5
-1.16625
-1.128125
-1.085
-1.098125
-1.32125
-1.24875
-1.479375
-1.58
-1.6625
-1.563125
-1.33125
-0.9825
-0.903125
-1.24375
-1.463125
-1.98375
-2.389375
-2.25875
-2.184375
-2.053125
-1.675625
-1.838125
-1.705
-1.500625
-1.63625
-1.53
-2.015
-2.57375
-2.69625
-2.81
-2.684375
-2.333125
-2.458125
-2.600625
-2.424375
-2.513125
-2.36375
-1.999375
-2.10375
-1.808125
-1.1825
-1.025625
-0.71875
-0.7075
-1.02625
-0.82875
-0.275
0.189375
0.5775
0.458125
-0.19625
-0.863125
-1.3275
-1.473125
-1.273125
-1.075625
-1.319375
-1.430625
-1.53
-1.51625
-1.13375
-1.013125
-1.256875
-1.509375
-1.77375
-2.106875
-2.189375
-2.13875
-2.299375
-2.335625
-2.1475
-1.97125
-1.354375
-0.433125
0.30875
0.675
0.664375
0.163125
-0.391875
-0.70125
-1.005625
-1.215625
-1.72125
-2.218125
-2.551875
-2.46125
-1.970625
-1.545
-1.000625
-1.003125
-0.91875
-0.760625
-1.0275
-1.109375
-1.434375
-1.41625
-1.210625
-1.085625
-1.09
-1.6375
-2.0725
-2.3325
-2.47375
-2.28625
-2.155
-2.13625
-1.84875
-1.696875
-1.53625
-1.1625
-1.1925
-1.1725
-1.065625
-1.2075
-1.151875
-1.343125
-1.725625
-2.01625
-2.306875
-2.494375
-2.494375
-2.494375
-2.259375
-1.735
-1.3025
-0.935
-0.783125
-0.79125
-0.718125
-0.515
-0.650625
-0.963125
-1.265
-1.345
-0.805625
-0.025
0.59625
0.776875
0.7375
0.490625
0.346875
0.42125
0.406875
0.579375
0.483125
0.125
-0.341875
-0.80875
-0.755625
-0.331875
0.011875
-0.05375
-0.766875
-1.89125
-2.63625
-2.988125
-2.81
-2.3375
-2.086875
-1.8925
-1.774375
-1.50625
-1.33125
-0.931875
-0.5275
-0.24
0.171875
0.17125
-0.288125
-1.031875
-1.704375
-1.98625
-1.89875
-1.773125
-1.71
-1.808125
-1.79625
-1.308125
-0.82
-0.52375
-0.165
-0.206875
-0.31125
-0.27375
-0.398125
-0.614375
-0.505
-0.63375
-0.80125
-0.804375
-1.39
-1.561875
-1.895625
-1.925
-1.51625
-1.301875
-1.025
-1.235
-1.42
-1.678125
-1.76125
-1.461875
-1.5125
-1.53625
-1.511875
-1.730625
-1.6425
-1.433125
-1.37
-1.235625
-1.198125
-0.95375
-0.610625
-0.55
-0.301875
-0.284375
-0.434375
-0.0775
-0.01
-0.326875
-0.598125
-1.113125
-1.71875
-1.811875
-1.78375
-1.793125
-1.61375
-1.595
-1.369375
-1.06875
-0.768125
-0.328125
-0.405625
-0.5825
-0.759375
-1.310625
-1.496875
-1.794375
-2.156875
-2.05125
-2.166875
-2.109375
-1.686875
-1.47625
-1.22875
-0.726875
-0.525
-0.40125
-0.13875
-0.15
-0.304375
-0.48875
-0.49625
-0.62375
-0.445625
-0.004375
0.24875
0.64125
0.805625
0.6175
0.199375
-0.125625
-0.440625
-0.594375
-0.69125
-0.755
-0.66125
-0.5525
-0.389375
-0.61375
-1.175
-1.545
-1.46125
-1.235
-0.640625
-0.2375
-0.538125
-0.4575
-0.5325
-0.72125
-0.461875
-0.465
-0.63
-0.656875
-0.715
-0.875
-0.68125
-0.61375
-0.7875
-0.668125
-0.76
-0.75
-0.49875
-0.615
-0.6475
-0.68
-0.92
-0.99875
-1.215
-1.526875
-1.83375
-2.22125
-2.586875
-2.856875
-2.96375
-3.04875
-3.04875
-3.04875
-3.04875
