0.043682785625
0.043682785625
0.043682785625
0.043682785625
0.040984879375
0.029657548125
0.020774894375
0.014142123125
0.011794843125
0.011561089375
0.01314867
0.016947175
0.018943825
0.02274233
0.02473898
0.02542076125
0.02678432375
0.028167365625
0.0295504075
0.029569886875
0.026443428125
0.025079865625
0.023716303125
0.02125214625
0.023716303125
0.023170871875
0.021729384375
0.024534429375
0.02239168125
0.023385139375
0.0249434975
0.0233559175
0.02673561
0.0275245275
0.02987181375
0.03290088125
0.03276453125
0.0333099625
0.03262818125
0.0319464
0.0319464
0.0319464
0.0319464
0.0319464
0.0319464
0.0319464
0.0313620125
0.028995249375
0.02482663125
0.019761956875
0.01654783875
0.017580253125
0.020434001875
0.026735619375
0.031595755625
0.031936648125
0.03266713125
0.029190045625
0.024008498125
0.0208820375
0.0256155375
0.04084851875
0.06099033625
0.089401184375
0.103329058125
0.0977578875
0.08818368
0.06166234125
0.038890789375
0.02658950125
0.015262188125
0.012612975625
0.012213645625
0.0146778025
0.015875790625
0.019537935625
0.0248266175
0.028410843125
0.03452740625
0.03569617625
0.03603707125
0.031936640625
0.02657004125
0.0237065575
0.01826203625
0.016294605
0.01415186125
0.01197015875
0.01178510625
0.011590314375
0.01016831
0.008765785
0.01327529125
0.0175900025
0.0264239575
0.03561828375
0.044471735
0.05773729375
0.06443825875
0.07142167375
0.0728339325
0.0684899975
0.067009555625
0.0651005675
0.052263558125
0.038472054375
0.025274671875
0.016362783125
0.018018544375
0.023083219375
0.0321606725
0.035043638125
0.038306454375
0.040176483125
0.038023994375
0.033904078125
0.02973546375
0.025975920625
0.018622409375
0.015476471875
0.012798041875
0.0107332175
0.013635666875
0.01757052625
0.020628808125
0.022255343125
0.0225085725
0.022722845625
0.025868783125
0.031683415625
0.03568645375
0.03411835375
0.0275635025
0.01785297
0.010392320625
0.006963928125
0.005843855625
0.00609708875
0.01612906375
0.036816358125
0.059100970625
0.081385583125
0.082797845625
0.062928688125
0.043322505625
0.0255960975
0.018339953125
0.02259622875
0.024086416875
0.021748878125
0.019781450625
0.01582711
0.013645400625
0.01707379
0.026044099375
0.0361150025
0.0434490375
0.04712092625
0.0397771525
0.03243337875
0.03073866
0.025011684375
0.02703755125
0.030164011875
0.027475841875
0.032852185625
0.0337774675
0.035179993125
0.0427185625
0.042192618125
0.04255298625
0.041744585625
0.03702080375
0.036144223125
0.036553291875
0.042358166875
0.053734198125
0.07120731625
0.090988754375
0.0960729425
0.092995161875
0.0791939125
0.0661328875
0.06251940375
0.0527991525
0.0510070575
0.0427477625
0.033592409375
0.03602734125
0.033124891875
0.03966998625
0.047753960625
0.0613409175
0.0753369425
0.074440923125
0.081775028125
0.069785424375
0.060522953125
0.065636339375
0.054698550625
0.05434789125
0.0531790875
0.051240870625
0.052331748125
0.055545893125
0.05808800125
0.050773421875
0.04842611625
0.04340037875
0.04100437125
0.04184198875
0.03949470625
0.03771232375
0.035413735625
0.03480986625
0.047315723125
0.059938465
0.077645388125
0.10002737375
0.10230647125
0.104429729375
0.1005727375
0.092040683125
0.09163160375
0.091592635
0.079641940625
0.05999685875
0.039231703125
0.021933898125
0.018369163125
0.02148588375
0.027310258125
0.031926906875
0.03281323
0.035082595625
0.038997975
0.037420129375
0.0399135025
0.042104943125
0.038277220625
0.045845041875
0.047588488125
0.0488254675
0.053899908125
0.040186304375
0.028849204375
0.017950393125
0.006311360625
0.006184748125
0.015038165625
0.02480712125
0.038978444375
0.051357649375
0.049185701875
0.04865002875
0.05070516125
0.0554679475
0.063951301875
0.0664252325
0.060328100625
0.05408487
0.050335015
0.050062250625
0.0464975175
0.038179788125
0.031089265625
0.02397926375
0.024368855625
0.02980364
0.0440821425
0.061798776875
0.073340405
0.084648274375
0.074587086875
0.06165267375
0.0508220475
0.037147415
0.03880317125
0.04715989625
0.05982159125
0.070739873125
0.082300960625
0.07532726
0.0633765475
0.0567632175
0.036777245
0.02784591125
0.02139821375
0.00999298375
0.00976897
0.021242418125
0.03271586625
0.047909896875
0.06385389125
0.057386676875
0.050909723125
0.0432055625
0.029034201875
0.02945300875
0.029881555
0.032550245
0.04661447875
0.05299404875
0.068080938125
0.0803627775
0.077859610625
0.07937896125
0.0652952675
0.0501012425
0.0481533425
0.0462054425
0.0580489925
0.0721521675
0.07147033625
0.070788505
0.06515894875
0.057162629375
0.0635421975
0.069921765625
0.06428239625
0.06039618375
0.04731568375
0.03404038875
0.03006659375
0.027349224375
0.02225533375
0.021008644375
0.02644342375
0.03123538375
0.041043316875
0.04719884375
0.04171536375
0.033865120625
0.02881992625
0.026034356875
0.029414051875
0.0349851925
0.03809217625
0.03379694125
0.032657385625
0.031897678125
0.029560133125
0.035248150625
0.033309943125
0.029793899375
0.027855693125
0.022060543125
0.029004969375
0.040332281875
0.053646500625
0.06544131875
0.063853755
0.05463996625
0.0440041775
0.035890983125
0.03712791375
0.044890476875
0.0486305225
0.052750419375
0.04407231625
0.03041720125
0.0231124025
0.014775189375
0.01687897625
0.021826770625
0.02189495375
0.02258648125
0.02208975875
0.02658953
0.0330762075
0.04845526
0.0615746875
0.06610365
0.08101520625
0.079554275
0.076320711875
0.07505458
0.056139979375
0.04329322875
0.037381179375
0.03242363
0.041355018125
0.051912943125
0.05843861125
0.064944791875
0.05763994125
0.052584973125
0.043497748125
0.042864616875
0.049984360625
0.05504901625
0.0645842175
0.05729890125
0.04633196
0.0360857625
0.036261119375
0.05383163625
0.074518871875
0.090044038125
0.09470936125
0.084463160625
0.073301421875
0.065986884375
0.053101190625
0.049663040625
0.050042873125
0.0532861925
0.060405949375
0.06203248125
0.06915225625
0.07513248125
0.082807425
0.089274643125
0.076048041875
0.0572503025
0.036913681875
0.020044411875
0.017940624375
0.025596069375
0.032306759375
0.04304970625
0.05089020875
0.058574891875
0.06996067875
0.08458008375
0.0951867075
0.089508425
0.0813952075
0.0576204275
0.03920251625
0.031352261875
0.02452468
0.023005285625
0.0228104975
0.023550720625
0.03337811375
0.050510319375
0.05849689375
0.07019431875
0.06410699375
0.052263475
0.046546261875
0.04190043625
0.04636126
0.05333494
0.06129233375
0.05360764625
0.04549441
0.03385538625
0.030446486875
0.0364656875
0.0428939575
0.06225663375
0.06726285375
0.0757948675
0.08393729125
0.07162619625
0.05974367625
0.0440042125
0.03735191875
0.04527031875
0.05895465625
0.0723468
0.06850936
0.05791252625
0.0433710925
0.028868620625
0.0280602225
0.02604409875
0.02690120125
0.02990104875
0.02431043125
0.022187164375
0.02235273875
0.020687236875
0.019761959375
0.0213300575
0.0183594325
0.016304345625
0.017180923125
0.013509038125
0.013265545625
0.0128369975
0.01244741
0.013489565
0.017073795625
0.024495488125
0.03625136875
0.048815649375
0.05296478
0.04999415375
0.03897849
0.030680215
0.0313814775
0.0367772975
0.04694559875
0.051318750625
0.0454748975
0.03718637
0.026794055
0.02177808125
0.02247934375
0.024417553125
0.0263557625
0.02375524875
0.02346305875
0.02349228125
0.02209950375
0.02233326375
0.0204340125
0.023550734375
0.02832320625
0.03443002625
0.037868158125
0.03144965625
0.026589523125
0.0199177925
0.019206788125
0.032423665
0.042611474375
0.05406545375
0.06729205125
0.060464435625
0.0564418675
0.051698556875
0.03337806875
0.026570000625
0.02023918375
0.0142882175
0.01667446
0.025966164375
0.03165416
0.039786833125
0.05101674625
0.049779815625
0.05066615
0.046594951875
0.035988381875
0.026394728125
0.018924339375
0.017979583125
0.020258684375
0.026745359375
0.030933456875
0.027057040625
0.023579954375
0.01867112125
0.0116195375
0.0198983425
0.0314594425
0.0479099
0.0679056275
0.069337348125
0.067866624375
0.058389824375
0.04646835
0.038364875625
0.02603434875
0.023404616875
0.02770958875
0.040605029375
0.06025985625
0.07098332625
0.07207417875
0.06330839375
0.05927615
0.057795725
0.06907440625
0.08586579375
0.0835380075
0.09137854
0.09101816
0.08841763375
0.10056311125
0.09173886375
0.0713437825
0.06072739375
0.04665339375
0.04827989375
0.060902593125
0.056919053125
0.051961538125
0.042786710625
0.034332623125
0.035520871875
0.035004664375
0.030271144375
0.023521499375
0.01359669375
0.012262350625
0.01624591375
0.022683890625
0.03438133375
0.037907120625
0.050072095
0.0710807875
0.08553462875
0.09859568875
0.091290866875
0.062646206875
0.040196026875
0.024076684375
0.019469761875
0.029569884375
0.035598791875
0.042182868125
0.047880625
0.046672899375
0.043974991875
0.038043484375
0.032111976875
0.029657559375
0.02963808
0.02392084375
0.0182036075
0.0124668925
0.006788615
0.01250585125
0.01911914375
0.0297744325
0.051669415625
0.067866641875
0.083167811875
0.0933069125
0.08124907875
0.06693162
0.050831785625
0.03699157625
0.0337092775
0.03171262875
0.0371961125
0.03752726625
0.04072190625
0.04489052125
0.038549941875
0.0475202725
0.051533070625
0.05708475
0.070564585625
0.06436034125
0.071246354375
0.08385936125
0.100621524375
0.124688525
0.13320108125
0.1271818875
0.10663094375
0.085388474375
0.063376591875
0.048630584375
0.037118195
0.029170556875
0.027329745625
0.032754809375
0.043127668125
0.05393881375
0.06427271125
0.05785419625
0.055331580625
0.04904942125
0.04304971125
0.048192295
0.04626381625
0.04910781875
0.051591456875
0.048951988125
0.050831769375
0.044335356875
0.03754674875
0.03425471
0.0342742025
0.038851906875
0.0438679
0.05131883125
0.042338763125
0.04265039625
0.04699428625
0.050412900625
0.06828532625
0.07447008875
0.076622594375
0.07321370125
0.062616871875
0.05274076125
0.044559369375
0.04288413125
0.044734683125
0.045406728125
0.038472023125
0.028371900625
0.0220021025
0.019411328125
0.02864461625
0.040215441875
0.04812412125
0.05633473
0.0553997075
0.05025711625
0.0523804
0.0568801875
0.06334740625
0.0723664375
0.062821461875
0.05025716125
0.046439141875
0.04419896
0.05369519875
0.062061625
0.06294793875
0.06099024625
0.060649351875
0.069191145
0.068840563125
0.07425591875
0.0785901625
0.07581434375
0.08558330625
0.08494046875
0.0816679
0.066483605625
0.05547768625
0.059276173125
0.06273376625
0.083158029375
0.084891668125
0.069395723125
0.064788803125
0.05746447
0.064593948125
0.079690524375
0.077625695
0.064788740625
0.047792911875
0.032082731875
0.029930269375
0.045952181875
0.05910086875
0.07332092375
0.082252291875
0.07353519125
0.068597114375
0.059207975625
0.045903455625
0.038325929375
0.029852345
0.026307071875
0.0258785175
0.0245246875
0.026404455
0.023930554375
0.02125212375
0.021378741875
0.01980090375
0.021593021875
0.0243883325
0.026472640625
0.0241253625
0.021836521875
0.01954768125
0.018544489375
0.021018388125
0.0179503675
0.016099814375
0.01244740375
0.020044426875
0.0325308075
0.051279833125
0.070885959375
0.067925040625
0.06888924
0.0536660075
0.03847199375
0.035014400625
0.02505065125
0.02382344
0.026628485625
0.031050329375
0.037166891875
0.04380939875
0.04641964875
0.044851546875
0.039689476875
0.0337579725
0.0242325
0.0189535575
0.02255727
0.0260148825
0.033066463125
0.03641694125
0.0344787325
0.0327061
0.0309334675
0.030193245
0.0240961575
0.0224111775
0.0207261975
0.02792385375
0.04011800375
0.044432695
0.052341354375
0.0472377425
0.043400300625
0.042884113125
0.037644145
0.033056721875
0.02845955625
0.029901039375
0.03206326625
0.038248010625
0.04421848
0.0444911925
0.04614694875
0.047802705
0.05758143625
0.06264612375
0.06576286125
0.07233721
0.0598216025
0.051445395625
0.0502571075
0.0421438575
0.043312615
0.0503447025
0.04368273375
0.0445203725
0.046351464375
0.041199150625
0.045767093125
0.042270521875
0.039699228125
0.038822653125
0.036270840625
0.037751285
0.03971871625
0.04112124125
0.04365357875
0.046624205
0.0476858375
0.045854765
0.03718638
0.030134793125
0.024680525
0.022489073125
0.0246707775
0.02411561375
0.02048269375
0.020696975
0.02589800625
0.0356962
0.05527308125
0.0717624625
0.07981721875
0.0800412125
0.0677983625
0.0518738875
0.040351780625
0.03440081125
0.029102386875
0.027018075
0.028780964375
0.02832319125
0.03187819625
0.03469298625
0.033475519375
0.030290625
0.029608845625
0.03042698375
0.029706240625
0.0351799775
0.0443742825
0.05271149125
0.0613214125
0.062266149375
0.048318841875
0.035637703125
0.024222733125
0.01681080125
0.028703070625
0.04256277125
0.058662615625
0.075317623125
0.070506155
0.060766368125
0.04590346875
0.0323944
0.0324041375
0.03410859375
0.0406050125
0.0451924375
0.044608055625
0.039991416875
0.031342519375
0.020570356875
0.013207108125
0.015603091875
0.028459549375
0.048796136875
0.0673113875
0.07418763125
0.06383429125
0.04331264875
0.02549866
0.01950873375
0.03389437
0.052185645
0.07033082125
0.08030434125
0.0709638925
0.06501287875
0.06523689
0.0654803825
0.07355465625
0.07756745625
0.062451343125
0.05964629875
0.055867279375
0.05621791
0.079164804375
0.0842099925
0.08817406875
0.086557270625
0.068071184375
0.059675504375
0.055799066875
0.060240378125
0.067993220625
0.06819775125
0.0655290575
0.053656295625
0.0405855475
0.033378129375
0.02409614375
0.016917945
0.0131973575
0.00791841375
0.00801581125
0.010363091875
0.01361617125
0.020317120625
0.02123266
0.02308321625
0.0241253675
0.02020998625
0.02167094625
0.023979263125
0.025177254375
0.02930691
0.039757685625
0.05266286125
0.072307944375
0.093569825625
0.095098929375
0.084161189375
0.062996705
0.03819929625
0.027992055
0.0250311675
0.025372060625
0.0263849925
0.021515115625
0.016849774375
0.014268740625
0.014395360625
0.0149602675
0.021563823125
0.027281059375
0.031878221875
0.040040135625
0.0425042925
0.054708230625
0.07244433125
0.08717084375
0.1002026375
0.10154665
0.09926753125
0.10012461875
0.09922855
0.09215754375
0.0741000375
0.05286736875
0.035082575
0.0252064475
0.02485582
0.02857641125
0.03172236
0.03508258
0.03365084125
0.0294140525
0.02555711125
0.021330059375
0.02386239375
0.022732581875
0.022011839375
0.027388183125
0.026014880625
0.031965870625
0.0376733675
0.03229702375
0.03479039875
0.04024469
0.049760456875
0.064292196875
0.074041718125
0.066522596875
0.0544063125
0.046633958125
0.035959159375
0.036933133125
0.043711981875
0.04494891125
0.050568729375
0.054756805
0.046224799375
0.04077055625
0.0338553475
0.0292776825
0.03667989875
0.04721829625
0.06042538625
0.069259325625
0.0718987775
0.064623198125
0.052730978125
0.043088640625
0.030923709375
0.021115778125
0.025099354375
0.029920549375
0.041637488125
0.059685270625
0.055166008125
0.050500650625
0.043156861875
0.028342680625
0.028235544375
0.026764839375
0.026833015625
0.03094318875
0.028586168125
0.031118505
0.029891298125
0.02953093125
0.035793594375
0.045319094375
0.055068606875
0.063454550625
0.064214269375
0.0464392
0.034878093125
0.03465407875
0.038277265625
0.05717240375
0.069629566875
0.062831199375
0.056987325
0.0471404125
0.03861810625
0.03808241875
0.04022516875
0.03815060625
0.0417835375
0.043770450625
0.0440042075
0.04866955125
0.0462638325
0.04728650625
0.040897225
0.0382967075
0.03550139625
0.033553441875
0.04602030375
0.052263465
0.06244148875
0.06983394375
0.06852881875
0.067661980625
0.0734766425
0.080421116875
0.079096560625
0.079340105625
0.061681925625
0.043458839375
0.044364626875
0.049137095
0.063649344375
0.075044875
0.06677580625
0.0554192375
0.04406266875
0.0436146
0.04948765125
0.053256915
0.055925585
0.05080247375
0.053880235
0.0584968775
0.06421411375
0.06354209375
0.051864150625
0.03770257125
0.023735786875
0.013840195625
0.0087950025
0.007139244375
0.00650615875
0.008561246875
0.011064363125
0.011755881875
0.014034983125
0.015573863125
0.02580058375
0.037838901875
0.0517472325
0.066941211875
0.06595749875
0.065645824375
0.052390056875
0.0402056575
0.038306420625
0.03325150875
0.040059595625
0.04601058875
0.045494385625
0.04655602
0.04289387375
0.0340793975
0.03036855125
0.02806023
0.0243493875
0.02868358
0.03225807
0.04341010375
0.0567341
0.062003321875
0.06590898125
0.055263415625
0.044997700625
0.039679780625
0.035725423125
0.034517690625
0.034488466875
0.03553061125
0.044052918125
0.052526530625
0.05894505875
0.061701443125
0.05434788375
0.053870588125
0.05637365375
0.061136344375
0.059168934375
0.054893205
0.050033091875
0.0431471075
0.044910005
0.04026414
0.030962675
0.02522595875
0.023550718125
0.02558632875
0.02985233875
0.02987181875
0.030534104375
0.043487975
0.05729894625
0.07689532875
0.08714158625
0.077294695
0.06791531125
0.054308875
0.04315683875
0.0470235025
0.050929126875
0.051961525625
0.0534029925
0.041734790625
0.032706058125
0.0271154575
0.024251989375
0.026501870625
0.02160277625
0.02014181375
0.016849775
0.0153206325
0.017852965625
0.014395354375
0.012223391875
0.01187276375
0.0132752925
0.016752384375
0.021300849375
0.027962840625
0.03506311875
0.04264064625
0.04788063375
0.05477639625
0.05723083375
0.0592469825
0.061243649375
0.04728656625
0.034965758125
0.025576614375
0.018330215625
0.021466410625
0.02395978625
0.0226936175
0.018787979375
0.0139765425
0.014424569375
0.01837890875
0.026423941875
0.0362805725
0.03908562125
0.0402154325
0.04682875625
0.05253628125
0.0611657375
0.0692302875
0.06138001875
0.05242915625
0.04388735625
0.037040275
0.0407706
0.046156685
0.05573087
0.0578931
0.05399719875
0.048990965
0.033757986875
0.0260441
0.019080176875
0.021563795
0.030144499375
0.03512149375
0.053870516875
0.05751322125
0.07171383625
0.08951816125
0.0856515
0.0912323825
0.074616330625
0.05539976125
0.046020358125
0.02749532375
0.020219723125
0.01522322875
0.011317589375
0.013509036875
0.01974248125
0.022011845625
0.03152756375
0.046585201875
0.0648861975
0.085670829375
0.0911835675
0.085680643125
0.06342530625
0.044062674375
0.03667992375
0.034731953125
0.04392627625
0.047909831875
0.0414815875
0.03681624375
0.02952116875
0.02968675
0.037176625
0.043166575
0.048007235
0.04770530125
0.044793116875
0.03915380125
0.043974959375
0.043507430625
0.046702046875
0.051445288125
0.042046445625
0.041530258125
0.040088795
0.042504269375
0.04840655625
0.046682618125
0.03939728125
0.029589350625
0.02152484
0.028790718125
0.04256275
0.05233174375
0.06839261625
0.070564544375
0.07122681125
0.07532721
0.068421685625
0.06605497375
0.061740311875
0.058409363125
0.065655788125
0.062792269375
0.064136325625
0.06638618125
0.05743531875
0.05818528125
0.05570164375
0.05245830625
0.064019375
0.0718209
0.07570704375
0.0762427125
0.0595487975
0.04899092625
0.04176404875
0.040673215
0.04791959
0.049555865
0.05091943125
0.042669859375
0.03586177125
0.026716145
0.02676482375
0.03820901625
0.05212710625
0.07257082875
0.08000228
0.0764472875
0.063688226875
0.047754009375
0.034780660625
0.030125060625
0.0303490775
0.038150600625
0.05107523
0.058418985
0.067058129375
0.062587605
0.049565574375
0.03854992875
0.03145940125
0.02900498
0.031108770625
0.037420135
0.038920061875
0.0410920275
0.043848375
0.04294257625
0.036339020625
0.04128684375
0.046234666875
0.05118249
0.06223714
0.05236100125
0.046517119375
0.0406732375
0.0343521075
0.038384364375
0.034361846875
0.029774423125
0.02489480625
0.020735929375
0.020404775
0.019664551875
0.02274231125
0.024242234375
0.030154265
0.045202214375
0.06462333375
0.095050401875
0.117042845
0.12024724375
0.10613432375
0.073642429375
0.045582121875
0.031586046875
0.028732265625
0.034040428125
0.050403229375
0.06332789875
0.076856436875
0.08790133875
0.0804114525
0.07518119125
0.07326246125
0.08511576
0.1005727875
0.1005727875
0.1005727875
0.1005727875
