1.42
1.42
1.42
1.42
1.37
1.30875
1.223125
1.169375
1.180625
1.1775
1.193125
1.13125
1.048125
0.9925
0.93375
0.93375
0.896875
0.884375
0.845625
0.819375
0.87375
0.900625
0.949375
1.031875
1.04
1.05125
1.101875
1.0475
1.025625
1.01
0.964375
0.99375
0.99375
0.95375
0.878125
0.77
0.6925
0.6825
0.7225
0.77875
0.85625
0.87625
0.88
0.915625
0.936875
1.01875
1.11125
1.18
1.213125
1.193125
1.169375
1.150625
1.13
1.125625
1.139375
1.094375
1.1075
1.12375
1.05625
1.039375
0.965
0.900625
0.95375
1.048125
1.186875
1.3125
1.3525
1.318125
1.26
1.1825
1.131875
1.11875
1.13375
1.141875
1.14375
1.126875
1.0425
1.010625
0.99
0.975625
0.9875
0.96625
0.921875
0.865625
0.8625
0.845625
0.861875
0.9125
0.91625
0.950625
0.9825
1.003125
1.04375
1.085625
1.115
1.1025
1.055625
0.9775
0.899375
0.9075
0.955
1.051875
1.139375
1.123125
1.104375
1.035625
0.945625
0.906875
0.821875
0.77625
0.7775
0.81125
0.925625
1.01375
1.10125
1.15625
1.15125
1.13375
1.07625
0.97875
0.894375
0.849375
0.846875
0.919375
0.98375
1.0325
1.065
1.0675
1.0625
1.05375
1.049375
1.05875
1.104375
1.178125
1.24875
1.249375
1.2325
1.135
1.028125
0.9775
0.909375
0.919375
0.94
0.95125
0.978125
0.979375
0.975
0.99375
0.991875
0.958125
0.891875
0.811875
0.769375
0.7925
0.87625
0.963125
1.01875
1.019375
0.996875
0.956875
0.9525
0.98875
1.0275
1.05125
1.043125
1.02375
0.96875
0.948125
0.9175
0.85125
0.83375
0.83375
0.83375
0.83375
