-2.595
-2.595
-2.595
-2.595
-4.16125
-5.735
-6.50625
-6.265
-4.74125
-3.525
-3.051875
-2.658125
-2.993125
-3.498125
-3.019375
-3.2475
-3.328125
-3.260625
-3.92125
-4.544375
-6.045
-7.34125
-8.216875
-8.184375
-6.4275
-4.2725
-2.423125
-1.038125
-0.955625
-0.998125
-1.695625
-2.5825
-2.85
-3.688125
-4.02
-4.735
-5.65375
-6.22625
-6.17375
-4.846875
-3.5875
-2.1775
-1.72
-2.66625
-3.81625
-5.730625
-6.365
-6.36375
-5.93375
-4.474375
-4.47375
-4.638125
-5.185
-6.303125
-6.818125
-6.44625
-5.80875
-5.4575
-4.994375
-5.894375
-6.705625
-7.115625
-7.7425
-7.056875
-6.506875
-5.440625
-3.41375
-2.163125
-1.373125
-1.343125
-2.9225
-5.084375
-6.813125
-7.8575
-7.945625
-6.550625
-5.528125
-5.599375
-5.041875
-5.17125
-4.19625
-2.355625
-2.2225
-2.75625
-4.603125
-6.875
-7.4425
-7.681875
-7.331875
-6.428125
-6.928125
-6.545
-5.89875
-5.72125
-4.28875
-3.5975
-3.066875
-2.41
-2.65875
-2.8275
-3.48875
-4.14875
-4.88
-5.61125
-6.1175
-6.89625
-7.3175
-7.73875
-7.90625
-7.898125
-7.325
-7.333125
-7.38625
-6.53875
-6.994375
-6.47875
-5.6875
-6.50375
-6.091875
-5.87875
-6.469375
-5.78
-5.16625
-4.545625
-2.950625
-1.578125
-1.54875
-1.869375
-3.18625
-4.98875
-5.5
-6.159375
-5.7075
-5.373125
-5.166875
-4.52375
-4.60875
-4.493125
-5.233125
-6.225
-7.6
-8.213125
-7.436875
-6.545625
-4.38
-3.0125
-3.04875
-3.434375
-5.22375
-5.22375
-5.22375
-5.22375
