137.70625
137.70625
137.70625
137.70625
131.05625
130.5375
128.8375
128.56875
129.0875
122.2375
114.65625
107.075
103.10625
105.34375
113.6875
123.8375
133.825
142.00625
139.0375
138.6625
137.93125
143.9875
160.16875
171.95
180.5125
179.85625
174.95625
165.65625
158.39375
148.83125
139.80625
136.2875
132.6625
135.25
137.8375
139.31875
140.8
140.8
140.8
140.8
139.31875
137.8375
134.875
131.9125
130.43125
130.4375
133.40625
136.375
142.3125
145.275
146.65
149.5125
147.91875
151.0625
156.24375
157.34375
156.7625
146.5125
127.69375
114.0625
103.85625
100.06875
104.5625
103.86875
105.725
109.64375
113.7875
118.4625
119.33125
116.075
109.08125
102.50625
94.86875
91.35625
94.36875
105.51875
120.41875
137.65625
143.9375
141.2125
136.8
127.9875
130.18125
134.6125
139.41875
137.7625
130.4
127.66875
120.85625
122.56875
127.875
124.46875
126.4125
124.23125
116.8625
113.85
112.25625
112.725
115.7875
119.95625
124.41875
132.5875
140.75625
144.90625
145.96875
141.30625
136.64375
134.89375
128.25
125.0
119.94375
114.8875
114.2625
112.2625
113.875
115.23125
116.975
115.9125
113.04375
115.0875
115.13125
117.725
118.25625
109.475
105.30625
101.65
102.11875
107.5
112.00625
120.65625
127.24375
136.4875
140.49375
137.13125
134.875
128.6
126.00625
124.69375
125.525
127.4625
129.025
134.3375
132.04375
129.75
127.45625
121.0375
117.16875
114.3
109.625
109.075
113.78125
114.425
119.7875
123.0875
122.29375
131.25
135.99375
140.7375
145.125
136.1375
128.64375
119.0875
110.53125
108.6625
104.5375
104.5375
104.5375
104.79375
108.98125
111.10625
111.16875
110.71875
108.59375
109.4
118.6875
134.65
146.7125
151.10625
142.91875
120.25
103.1875
93.66875
91.74375
102.69375
113.35625
122.80625
135.6
140.4125
146.4
148.2
138.7625
132.49375
119.0375
109.28125
108.05
109.88125
120.53125
133.325
142.25
145.30625
139.26875
126.73125
118.08125
116.83125
121.94375
131.79375
142.21875
146.36875
150.85
151.25
142.35625
134.3125
122.4125
115.71875
117.5625
117.9
116.5625
111.64375
107.7375
107.85625
119.59375
130.65625
135.89375
140.81875
135.83125
135.08125
140.15625
142.6625
142.31875
134.725
121.30625
111.86875
109.15
111.34375
120.85
123.16875
123.425
127.825
123.425
123.16875
120.85
109.73125
109.21875
113.95625
123.925
142.3625
151.3
159.1
165.21875
161.3
159.84375
150.3375
134.94375
129.03125
124.675
124.5125
130.55625
133.0875
135.0
130.6125
124.225
120.625
117.45625
125.4
134.00625
138.23125
138.46875
133.89375
126.5125
117.91875
117.5125
117.10625
122.1
129.9
131.1375
134.2
131.1375
132.8125
135.0125
135.05
142.80625
145.50625
149.325
155.24375
153.5375
152.13125
151.0875
145.03125
146.71875
144.025
142.45
145.6125
140.70625
148.79375
152.66875
153.56875
159.44375
146.23125
135.93125
124.20625
112.4125
113.0125
116.41875
122.7375
123.04375
126.1875
123.4625
123.65
126.43125
119.48125
118.65625
116.425
118.80625
126.18125
129.76875
129.2375
129.25625
132.44375
137.1875
147.15625
152.025
153.61875
156.20625
153.84375
153.54375
151.975
146.75625
144.70625
140.5125
141.0
144.8
147.6625
149.4375
145.25
137.25625
130.98125
132.01875
137.7
145.7
151.11875
151.1875
148.1125
147.35625
145.925
143.60625
139.275
132.625
127.425
127.1875
134.775
140.76875
150.08125
154.44375
151.18125
149.61875
143.0
138.1
134.7375
128.35625
124.0125
121.70625
120.575
127.09375
132.025
130.2875
135.26875
132.85625
133.40625
143.43125
146.95
153.85
156.1
151.68125
144.05625
132.64375
126.4625
124.0
128.0375
138.30625
147.61875
159.14375
161.0
158.20625
157.6
149.1375
149.15625
155.43125
155.11875
160.0875
163.99375
163.35
166.0
163.86875
162.66875
156.24375
146.90625
142.85625
135.05
132.24375
132.35
127.21875
125.59375
126.9375
128.025
130.73125
125.2625
110.525
101.0375
97.9125
106.09375
122.475
131.20625
135.24375
134.46875
131.79375
134.43125
135.49375
135.075
139.39375
141.05625
142.69375
150.5875
148.75
143.60625
138.89375
127.6
124.46875
126.6625
131.65625
136.1375
138.60625
138.51875
139.94375
143.0375
140.90625
139.3125
129.85625
119.61875
115.53125
109.9625
110.5625
114.20625
113.6875
119.425
124.10625
125.5625
130.7125
126.6875
123.39375
119.8125
117.425
122.36875
124.725
137.04375
142.1375
137.6625
132.98125
122.66875
121.19375
129.86875
141.675
142.2
135.69375
130.26875
124.29375
129.23125
134.71875
129.15
122.21875
114.33125
108.7625
114.33125
118.5
120.2625
123.85
122.7625
130.00625
138.74375
147.71875
156.675
151.0625
144.88125
133.7875
119.925
116.06875
114.06875
114.9375
121.71875
128.2125
131.74375
135.83125
136.79375
139.26875
146.2125
152.325
156.6125
157.775
156.26875
151.59375
149.28125
146.65
141.76875
141.925
141.00625
140.725
141.65
140.70625
137.3875
130.625
127.24375
123.8625
123.39375
126.51875
124.05625
126.1875
132.71875
139.50625
147.1625
143.7625
135.0125
124.1625
115.63125
116.73125
116.94375
118.53125
128.45625
135.10625
143.59375
152.2625
145.175
137.46875
132.55
127.45
132.81875
139.6375
140.88125
143.425
140.8375
137.525
138.19375
134.39375
131.5875
130.56875
127.35625
130.48125
130.45625
128.45
127.25
121.775
123.6125
125.64375
129.0625
135.23125
139.55
139.2125
136.0625
130.73125
121.00625
119.10625
122.0375
124.675
133.1375
138.325
137.5125
133.55
125.375
119.2375
118.69375
123.775
137.1375
146.74375
150.7375
158.08125
154.44375
151.15
153.45
148.825
147.05625
146.95
139.65625
134.4
129.64375
127.6875
133.58125
139.36875
142.99375
143.44375
145.5875
146.625
150.2125
149.3375
138.175
130.7125
124.95
125.90625
128.55625
130.41875
132.5625
133.75
138.3875
137.925
132.56875
124.80625
118.85
113.275
112.93125
115.08125
118.01875
125.675
130.89375
136.53125
137.98125
140.4125
144.7
142.7
141.29375
136.90625
130.20625
128.4375
125.60625
121.375
117.7
113.76875
111.9
106.91875
100.15
93.38125
89.675
96.99375
110.08125
124.975
134.0
132.2875
123.41875
112.74375
109.275
113.1375
120.19375
125.44375
121.89375
115.325
111.35
117.775
131.5125
142.55
153.5875
152.175
149.00625
151.55625
149.15625
148.7875
145.275
137.74375
132.825
128.625
132.925
139.4375
147.05625
153.71875
149.86875
142.0
132.91875
126.15625
123.2
127.89375
134.625
143.90625
148.98125
142.68125
134.13125
124.70625
122.59375
131.93125
141.5875
149.3125
154.125
153.01875
150.40625
145.1375
141.375
138.99375
134.95
131.225
125.975
121.81875
124.0
130.3875
135.30625
135.15
130.71875
131.4
135.075
142.7125
154.06875
149.59375
140.38125
132.34375
121.675
124.53125
134.16875
143.85625
150.775
153.3375
152.0125
146.29375
141.49375
134.55
125.35
118.80625
116.19375
113.925
118.65
123.8875
126.6875
138.13125
138.96875
142.4625
149.49375
140.5125
142.475
141.41875
135.51875
142.175
141.1625
140.25625
139.925
133.86875
133.00625
129.3375
127.88125
131.4125
131.41875
137.14375
140.28125
136.05
130.275
120.48125
112.16875
108.25625
110.0625
112.975
117.2625
122.98125
127.275
135.96875
140.48125
143.5625
142.1875
130.20625
125.45
121.06875
119.65625
127.25625
127.825
129.6625
134.80625
137.7875
143.00625
146.04375
142.65
137.96875
136.825
137.70625
142.90625
150.68125
153.6125
150.65625
148.1
140.4875
134.55625
134.6375
128.725
130.53125
132.3375
130.91875
138.49375
139.6875
140.88125
152.28125
157.40625
161.98125
168.38125
160.50625
156.1375
156.425
150.15
146.3875
140.4625
129.625
125.33125
127.375
123.45625
118.425
114.51875
106.3375
114.95
133.56875
147.43125
160.59375
160.875
155.19375
152.825
152.2625
152.28125
148.65625
141.225
135.40625
131.73125
131.3625
132.84375
135.5
137.48125
139.8375
142.48125
140.85
137.9625
132.89375
128.1875
126.45625
123.5125
127.1125
133.65625
137.225
148.3375
154.39375
154.39375
157.36875
154.31875
151.7625
153.24375
151.75
152.49375
148.46875
142.0375
133.925
123.26875
125.8
128.01875
135.74375
143.6875
135.875
134.075
134.0625
138.4125
148.49375
154.5125
153.1125
144.05
139.86875
135.03125
136.7375
146.2875
150.55
153.625
148.9
144.3
139.925
135.575
134.1625
123.25
115.75625
112.73125
114.23125
126.35625
139.2875
146.24375
150.2875
151.7
147.8875
147.24375
148.0875
145.35625
143.43125
139.7125
134.84375
128.95625
126.30625
125.26875
125.3625
126.65
129.8125
137.375
137.00625
144.4125
146.6875
148.75625
159.15625
158.6625
161.48125
154.425
146.69375
142.2625
136.0125
137.26875
134.525
136.125
138.40625
133.86875
134.21875
128.4875
119.79375
117.78125
109.70625
104.8
98.8
89.68125
90.84375
94.06875
104.0875
117.15
122.425
128.23125
131.56875
135.75
139.9375
141.53125
140.7
137.74375
139.575
139.0875
144.825
149.28125
147.5
150.69375
147.85625
145.43125
147.04375
146.0
148.18125
147.9875
149.98125
147.2375
139.89375
136.89375
130.6
129.04375
133.78125
137.7375
133.5875
129.4375
116.9875
103.41875
99.85625
101.03125
110.2625
122.75
137.7375
147.65
153.5
153.96875
147.06875
138.9125
129.95
121.51875
119.025
115.0625
114.51875
119.74375
117.34375
121.175
126.2
126.98125
132.675
136.70625
136.31875
138.29375
141.81875
144.15625
148.10625
149.89375
150.875
151.5375
152.30625
148.75625
144.3125
139.86875
137.14375
143.73125
149.10625
149.74375
145.25
133.3125
123.5875
123.3375
127.875
135.01875
144.30625
144.11875
141.34375
137.31875
123.625
119.0875
120.05625
122.45625
131.275
134.16875
130.85625
127.54375
129.225
131.1125
130.40625
132.50625
127.68125
123.975
129.06875
132.95
144.55
161.33125
175.475
185.05625
184.675
177.6
167.3375
160.225
150.96875
141.475
131.475
125.8875
126.61875
126.21875
124.94375
117.26875
117.7
125.85
141.20625
158.36875
161.21875
159.4125
150.41875
139.83125
141.65625
139.08125
142.1
146.7125
138.9125
138.31875
132.1125
122.84375
128.375
132.7125
137.9875
150.98125
146.53125
140.45
140.89375
132.28125
135.58125
136.1125
132.00625
132.3
132.93125
140.9
148.85
165.39375
177.06875
176.13125
173.58125
158.2625
143.125
137.69375
135.4875
136.4875
140.0625
142.25
139.8375
137.85625
127.95
121.85625
119.125
120.225
136.025
143.43125
157.25
165.96875
163.375
165.3625
154.88125
144.6125
134.425
128.4
125.14375
123.5875
128.36875
128.7125
134.775
141.26875
146.41875
155.78125
159.53125
161.375
156.65625
138.89375
128.3375
115.16875
110.80625
118.35625
119.1875
127.0875
128.4625
128.3875
133.2875
136.825
145.60625
154.51875
162.2
169.64375
176.10625
179.0625
177.2375
170.95625
158.09375
146.99375
139.25
134.475
133.04375
131.6125
132.1125
137.3875
143.8375
148.69375
151.28125
147.48125
150.625
155.3625
162.24375
167.75625
168.74375
169.73125
160.80625
152.99375
138.825
128.05625
129.375
130.91875
136.65625
134.4
130.48125
134.50625
138.55
149.975
154.425
152.575
150.70625
141.65
141.90625
143.96875
141.6125
146.4625
144.0625
136.45625
137.6875
141.9
149.8125
164.48125
174.38125
173.35
168.04375
156.66875
145.99375
138.44375
138.3875
146.1875
153.61875
159.7375
161.8625
149.99375
135.825
131.625
124.775
129.8375
139.875
139.96875
140.04375
138.84375
129.99375
127.75625
132.53125
134.375
141.2125
144.74375
143.6
141.95625
138.66875
135.04375
131.7375
134.43125
145.40625
152.0625
156.575
156.575
156.575
156.575
