-0.758125
-0.758125
-0.758125
-0.758125
-0.873125
-0.810625
-0.64
-0.57
-0.479375
-0.410625
-0.5075
-0.7
-1.028125
-1.3925
-1.563125
-1.431875
-1.09125
-0.805625
-0.615625
-0.58
-0.748125
-0.821875
-0.821875
-0.873125
-0.70625
-0.695
-0.825
-1.066875
-1.42625
-1.675625
-1.771875
-1.565625
-1.241875
-0.84625
-0.51875
-0.42625
-0.42375
-0.493125
-0.595
-0.584375
-0.65875
-0.740625
-0.81875
-0.88625
-0.815625
-0.695
-0.580625
-0.534375
-0.57625
-0.713125
-0.875
-1.0925
-1.3
-1.399375
-1.411875
-1.261875
-1.1025
-0.99875
-0.85
-0.905
-0.94
-0.956875
-1.0275
-0.88
-0.7425
-0.630625
-0.5425
-0.645625
-0.67
-0.753125
-0.898125
-0.763125
-0.85
-0.84375
-0.775625
-0.963125
-0.87375
-0.764375
-0.616875
-0.341875
-0.2275
-0.154375
-0.119375
-0.1875
-0.2075
-0.23875
-0.251875
-0.17875
-0.17125
-0.221875
-0.335
-0.48
-0.6
-0.636875
-0.629375
-0.6475
-0.65625
-0.658125
-0.671875
-0.670625
-0.649375
-0.64375
-0.57
-0.51625
-0.453125
-0.408125
-0.440625
-0.426875
-0.388125
-0.334375
-0.238125
-0.14375
-0.1525
-0.16875
-0.224375
-0.30875
-0.40375
-0.509375
-0.635
-0.819375
-0.88
-0.95875
-0.999375
-0.894375
-0.79125
-0.630625
-0.460625
-0.396875
-0.428125
-0.49125
-0.51125
-0.483125
-0.37
-0.2325
-0.1975
-0.220625
-0.32875
-0.6275
-0.853125
-1.023125
-1.160625
-0.966875
-0.903125
-0.90375
-0.884375
-1.083125
-1.09375
-1.164375
-1.309375
-1.390625
-1.5625
-1.555
-1.41125
-1.213125
-1.045
-0.873125
-0.76125
-0.724375
-0.60875
-0.599375
-0.61375
-0.66375
-0.69125
-0.706875
-0.661875
-0.585625
-0.595
-0.545
-0.54375
-0.51
-0.455625
-0.49625
-0.56625
-0.636875
-0.690625
-0.674375
-0.665625
-0.645
-0.75875
-0.851875
-1.00375
-1.17125
-1.16375
-1.271875
-1.17875
-1.08875
-1.075
-1.01625
-1.055625
-1.230625
-1.273125
-1.250625
-1.200625
-0.950625
-0.89
-0.894375
-0.97625
-1.118125
-1.213125
-1.141875
-0.985625
-0.796875
-0.544375
-0.49
-0.530625
-0.785
-1.054375
-1.200625
-1.205625
-0.89
-0.600625
-0.385
-0.3175
-0.368125
-0.416875
-0.420625
-0.44875
-0.620625
-0.72875
-0.903125
-1.035
-1.13
-1.25875
-1.33
-1.20875
-1.01375
-0.9125
-0.89125
-1.024375
-1.035
-0.991875
-0.959375
-1.030625
-1.185
-1.26625
-1.168125
-0.930625
-0.771875
-0.650625
-0.639375
-0.5725
-0.46625
-0.385625
-0.28125
-0.426875
-0.62125
-0.808125
-1.088125
-1.095625
-0.96625
-0.850625
-0.59625
-0.388125
-0.316875
-0.22875
-0.279375
-0.446875
-0.530625
-0.606875
-0.594375
-0.610625
-0.76875
-1.058125
-1.37875
-1.51125
-1.465
-1.214375
-0.89
-0.7075
-0.540625
-0.476875
-0.60875
-0.64375
-0.80875
-0.898125
-0.7725
-0.81
-0.76375
-0.77375
-0.874375
-0.836875
-0.84125
-0.845625
-0.88
-0.96625
-0.91
-0.83125
-0.713125
-0.5625
-0.545
-0.63875
-0.644375
-0.6675
-0.645625
-0.46875
-0.3725
-0.22
-0.105
-0.105
-0.17625
-0.30375
-0.463125
-0.511875
-0.433125
-0.34875
-0.18875
-0.10375
-0.15625
-0.205
-0.285625
-0.47375
-0.521875
-0.6125
-0.774375
-0.6875
-0.715625
-0.6925
-0.54625
-0.62375
-0.765625
-1.02125
-1.3525
-1.588125
-1.535625
-1.313125
-0.984375
-0.554375
-0.305
-0.145625
-0.118125
-0.1975
-0.27125
-0.388125
-0.4525
-0.585
-0.754375
-0.843125
-0.885
-0.81625
-0.718125
-0.615
-0.605625
-0.67
-0.6675
-0.70875
-0.7125
-0.626875
-0.615625
-0.53125
-0.399375
-0.29875
-0.20125
-0.196875
-0.2125
-0.305625
-0.458125
-0.514375
-0.635625
-0.659375
-0.57375
-0.57
-0.600625
-0.73125
-0.88625
-1.01875
-0.956875
-0.82625
-0.7425
-0.65875
-0.729375
-0.841875
-0.883125
-0.975625
-1.034375
-0.973125
-0.975625
-0.88625
-0.710625
-0.623125
-0.50375
-0.463125
-0.685625
-0.956875
-1.14
-1.23625
-0.97875
-0.610625
-0.45125
-0.46125
-0.640625
-0.94375
-1.045
-0.95375
-0.8475
-0.630625
-0.504375
-0.411875
-0.334375
-0.345
-0.385625
-0.52
-0.71625
-0.820625
-0.784375
-0.60375
-0.299375
-0.2225
-0.27375
-0.446875
-0.74125
-0.7125
-0.635625
-0.52875
-0.44625
-0.535
-0.689375
-0.915
-0.923125
-0.86375
-0.81125
-0.58875
-0.490625
-0.444375
-0.315
-0.345
-0.399375
-0.42375
-0.511875
-0.54625
-0.629375
-0.919375
-1.1
-1.215
-1.25875
-0.94875
-0.771875
-0.6175
-0.40875
-0.36375
-0.23375
-0.2475
-0.32875
-0.590625
-1.006875
-1.201875
-1.438125
-1.348125
-0.958125
-0.740625
-0.42375
-0.258125
-0.329375
-0.46125
-0.645625
-0.83
-0.89625
-0.726875
-0.7325
-0.74125
-0.8625
-1.096875
-0.986875
-0.87375
-0.77625
-0.669375
-0.731875
-0.794375
-0.720625
-0.65625
-0.58625
-0.664375
-0.743125
-0.83125
-0.9775
-0.79125
-0.67625
-0.495625
-0.385
-0.47375
-0.60625
-0.813125
-0.775
-0.706875
-0.54375
-0.344375
-0.220625
-0.17125
-0.145
-0.158125
-0.2125
-0.170625
-0.1625
-0.28125
-0.539375
-0.834375
-1.165
-1.19625
-0.986875
-0.755
-0.5875
-0.574375
-0.631875
-0.77375
-0.691875
-0.58
-0.504375
-0.314375
-0.24
-0.254375
-0.26875
-0.4
-0.51875
-0.68875
-0.9375
-1.048125
-1.18375
-1.08125
-0.9
-0.8075
-0.63125
-0.543125
-0.385625
-0.2075
-0.095625
-0.1825
-0.408125
-0.639375
-0.8575
-0.84
-0.7075
-0.644375
-0.6
-0.59
-0.601875
-0.65
-0.6775
-0.6825
-0.724375
-0.50625
-0.365
-0.309375
-0.2775
-0.37
-0.4175
-0.4675
-0.483125
-0.55875
-0.55375
-0.478125
-0.409375
-0.359375
-0.373125
-0.43125
-0.4975
-0.45125
-0.405
-0.34375
-0.17625
-0.12875
-0.075625
-0.11625
-0.281875
-0.504375
-0.7825
-0.981875
-1.12375
-0.9775
-0.8325
-0.68
-0.6125
-0.725625
-0.699375
-0.680625
-0.598125
-0.51
-0.4875
-0.504375
-0.4725
-0.485
-0.59375
-0.5675
-0.569375
-0.4825
-0.263125
-0.139375
-0.17
-0.30875
-0.634375
-1.088125
-1.408125
-1.72875
-1.856875
-1.856875
-1.7925
-1.599375
-1.470625
-1.235
-1.02125
-0.864375
-0.7075
-0.7
-0.7775
-0.824375
-0.88125
-0.831875
-0.75
-0.695625
-0.5425
-0.453125
-0.30125
-0.21625
-0.29125
-0.43
-0.62125
-0.6925
-0.6925
-0.609375
-0.674375
-0.810625
-0.9375
-1.054375
-0.900625
-0.8275
-0.724375
-0.709375
-0.82625
-0.8875
-1.036875
-1.098125
-1.09375
-0.92875
-0.715
-0.49375
-0.31375
-0.318125
-0.284375
-0.2875
-0.328125
-0.384375
-0.524375
-0.641875
-0.785625
-0.77375
-0.66
-0.6575
-0.544375
-0.470625
-0.466875
-0.31875
-0.2325
-0.198125
-0.123125
-0.085625
-0.06125
-0.021875
-0.03625
-0.105625
-0.228125
-0.365625
-0.44
-0.504375
-0.473125
-0.441875
-0.5575
-0.710625
-0.9075
-1.089375
-1.12125
-0.975625
-0.830625
-0.685625
-0.5825
-0.5775
-0.505
-0.486875
-0.46625
-0.63
-0.88875
-1.149375
-1.33625
-1.191875
-0.94125
-0.55375
-0.31375
-0.275
-0.395625
-0.581875
-0.635625
-0.7725
-0.774375
-0.87
-1.12
-1.2475
-1.48625
-1.591875
-1.50625
-1.315
-0.92375
-0.594375
-0.360625
-0.163125
-0.115
-0.066875
-0.063125
-0.2625
-0.41375
-0.555625
-0.61625
-0.461875
-0.384375
-0.405
-0.44
-0.5275
-0.576875
-0.508125
-0.52375
-0.535
-0.5225
-0.48
-0.4025
-0.436875
-0.433125
-0.498125
-0.52625
-0.40625
-0.326875
-0.3075
-0.28125
-0.33
-0.53125
-0.695
-0.956875
-1.2075
-1.315
-1.3025
-1.080625
-0.914375
-0.638125
-0.50125
-0.56625
-0.610625
-0.761875
-0.8475
-0.859375
-0.831875
-0.810625
-0.80375
-0.7175
-0.614375
-0.508125
-0.404375
-0.51375
-0.6575
-0.856875
-1.014375
-0.96625
-0.961875
-0.9975
-1.193125
-1.425625
-1.680625
-1.68875
-1.469375
-1.433125
-1.148125
-1.165625
-1.26875
-1.075625
-1.063125
-0.73
-0.418125
-0.291875
-0.1675
-0.2125
-0.304375
-0.469375
-0.6375
-0.975
-1.21875
-1.23875
-1.399375
-1.22875
-1.16125
-1.195
-0.966875
-0.908125
-0.78125
-0.621875
-0.570625
-0.511875
-0.420625
-0.543125
-0.65625
-0.754375
-0.904375
-0.774375
-0.668125
-0.561875
-0.45875
-0.415
-0.35
-0.3
-0.349375
-0.45
-0.520625
-0.775625
-0.8
-0.838125
-0.929375
-0.651875
-0.50875
-0.42625
-0.30875
-0.398125
-0.470625
-0.50125
-0.57125
-0.59625
-0.6625
-0.568125
-0.4375
-0.344375
-0.164375
-0.17625
-0.224375
-0.251875
-0.305625
-0.288125
-0.2525
-0.284375
-0.4125
-0.53625
-0.649375
-0.81375
-0.901875
-0.965
-1.095
-0.960625
-0.78
-0.6925
-0.503125
-0.520625
-0.643125
-0.701875
-0.795625
-0.804375
-0.693125
-0.540625
-0.4125
-0.43875
-0.51375
-0.6375
-0.744375
-0.685
-0.663125
-0.63375
-0.574375
-0.484375
-0.364375
-0.42125
-0.52625
-0.668125
-0.945625
-0.899375
-0.853125
-0.805625
-0.516875
-0.38875
-0.230625
-0.10875
-0.085
-0.0975
-0.119375
-0.1775
-0.314375
-0.363125
-0.408125
-0.395625
-0.3
-0.216875
-0.17625
-0.175
-0.166875
-0.25125
-0.284375
-0.28125
-0.28625
-0.24375
-0.219375
-0.213125
-0.21
-0.2125
-0.27125
-0.35125
-0.589375
-0.905625
-1.116875
-1.306875
-1.289375
-0.991875
-0.794375
-0.745
-0.77
-0.994375
-1.126875
-0.963125
-0.789375
-0.77
-0.773125
-0.95
-1.116875
-1.00375
-0.903125
-0.748125
-0.546875
-0.405
-0.32125
-0.2425
-0.2125
-0.321875
-0.35
-0.444375
-0.61
-0.655625
-0.73
-0.894375
-0.94625
-0.9875
-1.031875
-0.830625
-0.719375
-0.6475
-0.6075
-0.609375
-0.683125
-0.741875
-0.709375
-0.819375
-0.705625
-0.738125
-0.99625
-1.134375
-1.398125
-1.420625
-1.1225
-0.91
-0.61625
-0.59
-0.711875
-0.796875
-0.9775
-0.890625
-0.81
-0.813125
-0.744375
-0.828125
-0.898125
-0.884375
-0.975
-0.915625
-0.866875
-0.675
-0.43875
-0.375
-0.325
-0.433125
-0.45
-0.414375
-0.4075
-0.385625
-0.445
-0.44625
-0.385625
-0.420625
-0.435
-0.490625
-0.565625
-0.523125
-0.54375
-0.593125
-0.598125
-0.615
-0.61125
-0.63875
-0.718125
-0.8075
-0.788125
-0.636875
-0.455625
-0.2575
-0.151875
-0.13875
-0.18125
-0.19375
-0.206875
-0.19375
-0.193125
-0.239375
-0.324375
-0.4225
-0.41125
-0.46375
-0.44875
-0.5675
-0.80625
-1.045625
-1.410625
-1.641875
-1.745625
-1.664375
-1.3475
-0.946875
-0.68875
-0.565
-0.69125
-0.930625
-1.060625
-1.163125
-0.95625
-0.705
-0.601875
-0.551875
-0.748125
-0.895
-0.8775
-0.77375
-0.56125
-0.41875
-0.30375
-0.2825
-0.40375
-0.583125
-0.7575
-0.96625
-1.0475
-1.00125
-1.01875
-0.826875
-0.603125
-0.443125
-0.19875
-0.0825
-0.05125
-0.07625
-0.2875
-0.48375
-0.806875
-1.061875
-1.224375
-1.435
-1.313125
-1.205625
-0.905625
-0.6825
-0.68
-0.643125
-0.78375
-0.69375
-0.540625
-0.44875
-0.28625
-0.244375
-0.330625
-0.350625
-0.4225
-0.494375
-0.369375
-0.291875
-0.24625
-0.32125
-0.62
-0.884375
-1.158125
-1.23
-1.109375
-1.039375
-0.920625
-0.82125
-0.716875
-0.571875
-0.325625
-0.22
-0.253125
-0.329375
-0.4975
-0.65125
-0.679375
-0.736875
-0.80375
-0.725
-0.75375
-0.684375
-0.648125
-0.664375
-0.58875
-0.49625
-0.3375
-0.23375
-0.17375
-0.1775
-0.39875
-0.5675
-0.73
-0.8925
-0.7575
-0.64875
-0.5325
-0.388125
-0.295
-0.24
-0.1825
-0.195625
-0.404375
-0.614375
-0.843125
-0.995625
-0.87125
-0.596875
-0.36375
-0.234375
-0.270625
-0.49625
-0.628125
-0.58125
-0.578125
-0.48875
-0.615625
-0.864375
-0.980625
-1.121875
-0.939375
-0.70625
-0.70125
-0.700625
-0.824375
-1.04
-1.09375
-1.03
-1.058125
-0.995625
-0.781875
-0.685
-0.464375
-0.328125
-0.3325
-0.309375
-0.348125
-0.27875
-0.259375
-0.275625
-0.47625
-0.771875
-1.0025
-1.223125
-1.11125
-0.893125
-0.84875
-0.72125
-0.720625
-0.911875
-0.800625
-0.77125
-0.9325
-0.90125
-1.073125
-1.2825
-1.174375
-1.11375
-0.961875
-0.744375
-0.823125
-1.04125
-1.301875
-1.53
-1.4875
-1.2
-0.955
-0.778125
-0.698125
-0.715
-0.646875
-0.57
-0.51875
-0.493125
-0.51
-0.51
-0.535625
-0.586875
-0.638125
-0.646875
-0.646875
-0.595625
-0.57
-0.586875
-0.544375
-0.57
-0.544375
-0.51875
-0.56125
-0.515625
-0.548125
-0.60625
-0.591875
-0.774375
-0.84875
-0.871875
-1.005625
-0.84
-0.73
-0.645625
-0.428125
-0.35875
-0.2925
-0.22625
-0.29875
-0.519375
-0.736875
-0.9275
-1.031875
-0.988125
-0.944375
-0.954375
-0.934375
-0.914375
-0.894375
-0.9
-0.999375
-0.950625
-0.901875
-0.790625
-0.649375
-0.804375
-0.959375
-1.060625
-1.128125
-0.899375
-0.670625
-0.569375
-0.6075
-0.79375
-1.005625
-1.11125
-0.94625
-0.76
-0.596875
-0.624375
-0.8
-1.018125
-1.113125
-1.06
-1.006875
-0.929375
-0.96875
-0.86
-0.774375
-0.695
-0.573125
-0.578125
-0.536875
-0.566875
-0.554375
-0.7325
-0.93375
-0.98625
-1.08125
-0.85875
-0.67875
-0.67875
-0.67875
-0.67875
