0.17
0.17
0.17
0.17
0.12
0.111875
0.118125
0.036875
-0.01375
-0.06375
-0.128125
-0.21375
-0.22875
-0.259375
-0.265625
-0.115625
-0.03
0.061875
0.218125
0.20625
0.2025
0.230625
0.151875
0.141875
0.09875
0.0325
-0.015625
-0.114375
-0.138125
-0.116875
-0.01375
0.13125
0.226875
0.2325
0.181875
0.1675
0.168125
0.2475
0.27375
0.204375
0.070625
-0.153125
-0.2175
-0.214375
-0.144375
-0.01
-0.0325
-0.063125
-0.089375
-0.11375
-0.134375
-0.155
-0.214375
-0.288125
-0.32125
-0.34
-0.32875
-0.210625
-0.0925
0.01125
0.163125
0.104375
0.05
0.030625
-0.121875
-0.175
-0.2425
-0.379375
-0.36875
-0.325625
-0.2
0.00125
0.134375
0.288125
0.37375
0.3675
0.328125
0.234375
0.129375
0.12875
0.151875
0.24375
0.29875
0.255625
0.273125
0.13875
0.111875
0.16375
0.166875
0.239375
0.2425
0.176875
0.09875
0.068125
0.013125
-0.0125
-0.028125
-0.034375
0.086875
0.203125
0.329375
0.36625
0.193125
0.054375
-0.1625
-0.266875
-0.25375
-0.23
-0.078125
-0.01625
0.053125
0.02
-0.075
-0.145
-0.231875
-0.251875
-0.21125
-0.118125
-0.001875
0.12375
0.131875
0.09625
0.04625
0.001875
-0.0275
-0.100625
-0.13
-0.14
-0.0625
0.11
0.180625
0.175
0.135625
-0.011875
-0.100625
-0.044375
-0.06625
-0.016875
0.02
-0.1625
-0.20875
-0.2275
-0.1575
0.094375
0.243125
0.30875
0.315625
0.20125
0.103125
0.03125
-0.074375
-0.075625
-0.058125
0.03375
0.081875
0.081875
0.15125
0.15125
0.2675
0.326875
0.23375
0.0925
-0.114375
-0.24125
-0.245625
-0.183125
-0.111875
-0.086875
-0.1325
-0.195625
-0.291875
-0.306875
-0.2425
-0.160625
-0.069375
-0.02625
-0.02
0.03375
0.135
0.22625
0.246875
0.155
0.080625
-0.0475
-0.10125
-0.074375
-0.09375
-0.050625
-0.013125
-0.0325
-0.098125
-0.186875
-0.329375
-0.416875
-0.405
-0.330625
-0.1425
0.058125
0.1725
0.23875
0.2375
0.20875
0.2675
0.309375
0.354375
0.32625
0.204375
0.1275
0.04625
0.08875
0.151875
0.151875
0.074375
-0.09625
-0.1775
-0.25625
-0.258125
-0.259375
-0.36875
-0.380625
-0.38125
-0.3175
-0.1175
0.06875
0.24375
0.35875
0.251875
0.035
-0.116875
-0.161875
-0.04875
0.065
0.04875
-0.086875
-0.270625
-0.3875
-0.415625
-0.3675
-0.313125
-0.243125
-0.231875
-0.3225
-0.324375
-0.315625
-0.2375
-0.056875
0.04125
0.104375
0.110625
0.11625
0.124375
0.064375
0.11
0.08375
0.00375
0.0575
-0.046875
-0.108125
-0.098125
-0.16125
-0.134375
-0.135625
-0.04875
-0.0125
0.00875
0.120625
0.001875
-0.001875
-0.020625
-0.116875
-0.073125
-0.08625
-0.084375
-0.141875
-0.188125
-0.225625
-0.215
-0.090625
-0.0125
-0.00875
-0.12125
-0.245625
-0.281875
-0.194375
0.038125
0.2375
0.33
0.329375
0.18625
-0.020625
-0.209375
-0.3675
-0.4
-0.303125
-0.125625
0.06125
0.19375
0.21
0.113125
0.020625
-0.119375
-0.156875
-0.080625
-0.02375
0.119375
0.169375
0.1275
0.140625
0.064375
0.074375
0.095625
0.026875
0.00375
-0.13125
-0.24375
-0.325625
-0.408125
-0.358125
-0.250625
-0.136875
0.01
0.05
0.044375
0.055
0.04375
0.11625
0.11
0.11
0.05375
-0.08625
-0.145
-0.175625
-0.160625
-0.0625
0.030625
0.08375
0.12125
0.075625
0.06625
0.043125
0.05
0.099375
0.044375
-0.033125
-0.11625
-0.223125
-0.270625
-0.241875
-0.19875
-0.124375
-0.025625
-0.02625
-0.084375
-0.135625
-0.235625
-0.26375
-0.215625
-0.205625
-0.17125
-0.11
-0.148125
-0.14
-0.075
-0.1175
-0.08875
-0.04125
-0.048125
0.019375
0.1175
0.116875
0.069375
0.013125
-0.1475
-0.23625
-0.280625
-0.268125
-0.12125
-0.013125
0.08
0.11875
0.056875
0.0425
0.058125
0.00375
-0.05
-0.083125
-0.13125
-0.089375
0.0125
0.025625
0.00375
-0.040625
-0.17375
-0.228125
-0.2475
-0.29
-0.27875
-0.35125
-0.354375
-0.274375
-0.185625
-0.0475
0.03125
0.058125
0.11125
0.18875
0.196875
0.185625
0.138125
0.056875
0.084375
0.06625
0.0575
0.1025
0.04
0.0925
0.14
0.09875
0.11625
0.085625
0.100625
0.253125
0.41875
0.53
0.540625
0.398125
0.23625
0.110625
0.04
0.089375
0.2525
0.431875
0.608125
0.61625
0.408125
0.23625
0.010625
-0.096875
-0.045
0.01125
0.130625
0.244375
0.315
0.220625
0.101875
0.02375
-0.070625
-0.040625
0.05375
0.05875
0.035
0.0625
0.099375
0.225
0.365
0.3775
0.2825
0.14
0.008125
-0.055625
-0.13875
-0.269375
-0.368125
-0.44375
-0.385625
-0.25125
-0.0775
0.11
0.175
0.183125
0.12375
0.033125
-0.00875
0.03
0.085
0.136875
0.253125
0.261875
0.31125
0.290625
0.2225
0.269375
0.159375
0.181875
0.153125
0.094375
0.251875
0.293125
0.3425
0.34125
0.138125
-0.005
-0.1025
-0.119375
-0.05
0.010625
0.06
-0.05
-0.145
-0.14625
-0.090625
0.12125
0.31125
0.305
0.253125
0.068125
-0.054375
-0.1
-0.210625
-0.230625
-0.366875
-0.465625
-0.50125
-0.548125
-0.39875
-0.24625
-0.07
0.223125
0.329375
0.419375
0.428125
0.26
0.10125
-0.0475
-0.156875
-0.239375
-0.28125
-0.339375
-0.38875
-0.42875
-0.391875
-0.34875
-0.2375
-0.11375
-0.125625
-0.085625
-0.121875
-0.111875
-0.001875
0.00125
0.0175
-0.010625
-0.104375
-0.0825
-0.0975
-0.12875
-0.086875
-0.14875
-0.14375
-0.03375
0.064375
0.1975
0.250625
0.21625
0.15125
0.095625
0.080625
0.046875
-0.04125
-0.135
-0.219375
-0.276875
-0.2775
-0.28125
-0.305
-0.373125
-0.391875
-0.393125
-0.32
-0.134375
0.000625
0.126875
0.14125
0.04625
-0.104375
-0.255
-0.30875
-0.26875
-0.148125
-0.0125
0.076875
0.064375
0.01875
-0.00875
-0.034375
-0.029375
-0.02875
-0.053125
-0.126875
-0.18125
-0.154375
-0.1325
-0.07
0.059375
0.041875
-0.04625
-0.085625
-0.24625
-0.31625
-0.319375
-0.334375
-0.309375
-0.2275
-0.121875
-0.08875
0.025625
0.00375
-0.05
-0.06
-0.1825
-0.23625
-0.271875
-0.265
-0.168125
-0.049375
0.045
0.149375
0.129375
0.0825
0.11
-0.030625
-0.020625
0.008125
-0.101875
-0.1075
-0.255625
-0.383125
-0.361875
-0.29375
-0.134375
-0.0125
0.005625
0.033125
0.065
0.1175
0.180625
0.189375
0.17375
0.045
-0.059375
-0.223125
-0.363125
-0.33875
-0.306875
-0.13625
-0.0225
0.021875
0.1175
0.15375
0.2675
0.32375
0.253125
0.1725
0.0475
0.0475
0.1825
0.3175
0.39875
0.344375
0.16875
-0.074375
-0.269375
-0.39625
-0.415625
-0.3
-0.119375
0.05
0.120625
0.079375
-0.06625
-0.189375
-0.2575
-0.236875
-0.16125
-0.073125
0.005
-0.005625
-0.05875
-0.09375
-0.173125
-0.19875
-0.1275
-0.095625
-0.008125
0.060625
0.058125
0.053125
0.036875
0.074375
0.09375
0.068125
0.099375
0.083125
0.091875
0.1225
0.048125
-0.03
-0.084375
-0.0825
-0.040625
-0.02625
-0.10375
-0.190625
-0.153125
-0.065
0.160625
0.37375
0.470625
0.544375
0.574375
0.525625
0.374375
0.205625
-0.015625
-0.155625
-0.1475
-0.08375
-0.04125
0.04125
0.07625
0.096875
0.17125
0.156875
0.144375
0.08125
0.006875
-0.065625
-0.2075
-0.32
-0.351875
-0.335
-0.180625
0.0275
0.136875
0.248125
0.243125
0.15375
0.085
0.03125
0.04
0.11875
0.1325
0.10625
0.06625
-0.02
-0.003125
0.02
0.041875
0.018125
-0.040625
-0.16625
-0.290625
-0.358125
-0.425625
-0.390625
-0.35625
-0.29875
-0.241875
-0.209375
-0.200625
-0.229375
-0.256875
-0.259375
-0.17
-0.051875
0.065
0.101875
0.01125
-0.098125
-0.164375
-0.19
-0.099375
0.0425
0.07625
0.104375
0.043125
-0.1075
-0.16875
-0.171875
-0.175
-0.101875
-0.07625
-0.1225
-0.128125
-0.224375
-0.236875
-0.190625
-0.138125
-0.028125
0.03
0.053125
0.0625
0.1875
0.251875
0.248125
0.24375
0.071875
-0.039375
-0.07375
-0.06625
-0.05875
-0.015
0.068125
0.100625
0.203125
0.25
0.26
0.221875
0.120625
0.039375
-0.063125
-0.043125
0.098125
0.230625
0.375
0.45625
0.41875
0.339375
0.206875
0.036875
-0.09125
-0.1775
-0.163125
-0.12375
-0.05125
0.08125
0.171875
0.258125
0.3225
0.25875
0.145625
0.061875
-0.044375
-0.014375
0.101875
0.203125
0.326875
0.29875
0.275
0.25125
0.171875
0.17625
0.00375
-0.135625
-0.1375
-0.12375
0.018125
0.05875
-0.101875
-0.29375
-0.455625
-0.4725
-0.324375
-0.151875
-0.0275
0.0125
-0.07
-0.169375
-0.2275
-0.3125
-0.308125
-0.2725
-0.26
-0.21375
-0.199375
-0.231875
-0.265
-0.260625
-0.240625
-0.173125
-0.104375
-0.12375
-0.108125
-0.071875
-0.06
-0.005625
0.00625
-0.07125
-0.109375
-0.073125
-0.07875
-0.0625
-0.009375
-0.021875
0.049375
0.200625
0.245625
0.293125
0.29875
0.25875
0.32625
0.38
0.391875
0.348125
0.19125
0.0125
-0.148125
-0.264375
-0.306875
-0.271875
-0.189375
-0.106875
-0.005
0.0525
0.078125
0.148125
0.193125
0.170625
0.16375
0.11
0.05
0.080625
0.10375
0.129375
0.15
0.1475
0.145625
0.14375
0.079375
0.015
-0.008125
-0.073125
-0.005625
0.06125
0.080625
0.175
0.149375
0.166875
0.195625
0.158125
0.18125
0.119375
0.019375
-0.0475
-0.113125
-0.135625
-0.17
-0.2125
-0.229375
-0.270625
-0.233125
-0.145
-0.043125
0.1425
0.294375
0.294375
0.294375
0.294375
