-2.4625
-2.4625
-2.4625
-2.4625
-3.1625
-3.525
-3.45625
-3.475
-2.9
-2.13125
-1.7
-0.7625
-0.11875
0.53125
1.65
1.80625
1.7125
1.0
-0.18125
-0.71875
-1.33125
-1.48125
-1.525
-1.75
-1.54375
-1.4625
-1.0125
-0.6625
-0.85625
-0.56875
-1.0
-1.3125
-0.9625
-1.01875
-0.33125
0.33125
0.5
0.51875
0.025
-0.41875
-0.89375
-1.25
-1.7875
-1.86875
-1.3375
-0.5125
0.8125
1.36875
1.23125
0.61875
-0.39375
-1.375
-2.18125
-2.775
-2.9125
-2.4
-1.6875
-1.1625
-0.85
-1.09375
-1.3875
-1.00625
-0.6375
-0.3375
-0.25625
-0.99375
-1.96875
-2.7125
-3.11875
-2.85
-1.95
-0.81875
0.09375
0.3875
-0.10625
-0.80625
-1.6
-2.09375
-1.9625
-1.71875
-1.36875
-1.0375
-0.73125
-0.7
-0.63125
-0.5875
-1.1875
-1.66875
-1.9125
-1.84375
-0.81875
0.21875
0.78125
1.05625
0.475
0.0625
0.45
0.55
0.9875
1.05
0.16875
-0.425
-0.7625
-0.83125
-0.6375
-0.49375
-0.60625
-0.49375
-0.14375
0.33125
0.43125
-0.04375
-0.275
-0.6375
-0.50625
-0.05
-0.10625
-0.24375
-0.5
-0.80625
-1.29375
-1.475
-1.60625
-1.89375
-1.875
-2.21875
-2.6125
-2.45625
-1.76875
-0.8625
-0.125
-0.01875
-0.9
-1.6875
-2.30625
-2.66875
-2.55
-2.3375
-1.79375
-1.36875
-0.75
-0.675
-1.06875
-1.34375
-2.03125
-2.4125
-2.65625
-2.9
-2.56875
-2.1875
-1.80625
-1.25625
-1.225
-1.21875
-1.40625
-1.93125
-2.26875
-2.63125
-2.34375
-1.40625
-0.1875
1.08125
1.4375
0.95
-0.0125
-1.025
-1.58125
-1.91875
-2.41875
-2.86875
-3.34375
-3.45625
-2.90625
-1.925
-0.91875
-0.3875
-0.58125
-1.35625
-1.9125
-2.15
-1.475
-0.55
-0.0375
0.4125
0.05625
-0.7625
-1.4125
-2.125
-2.6
-2.88125
-3.1125
-2.8875
-2.73125
-2.40625
-1.9875
-2.29375
-2.2875
-2.30625
-2.5625
-2.5125
-2.85
-2.85625
-2.4125
-1.74375
-0.425
0.23125
0.70625
0.80625
-0.06875
-0.49375
-1.09375
-1.4
-0.7875
-0.4125
0.0125
0.2
-0.375
-0.83125
-1.625
-2.125
-2.11875
-1.94375
-1.625
-1.5375
-1.51875
-1.66875
-1.45625
-1.36875
-1.35625
-1.39375
-1.7
-1.7625
-2.01875
-2.34375
-2.7125
-3.14375
-3.38125
-3.5
-3.5
-3.5
-3.5
-3.5
-3.5
-3.16875
-2.6625
-2.18125
-1.7
-1.88125
-2.08125
-2.23125
-2.05
-1.41875
-1.08125
-0.26875
-0.18125
-0.33125
-0.51875
-1.70625
-2.5
-2.5
-2.5
-2.5
