-2.8975
-2.8975
-2.8975
-2.8975
-3.01125
-3.42625
-3.695625
-3.935
-4.858125
-5.2875
-6.808125
-8.17
-8.025625
-7.305625
-5.048125
-2.77625
-1.44375
-1.516875
-2.70125
-4.486875
-5.9925
-6.179375
-6.401875
-5.609375
-4.93375
-5.3375
-5.12875
-5.444375
-6.120625
-5.645
-4.948125
-4.203125
-2.663125
-2.200625
-3.0025
-3.42875
-5.093125
-5.52125
-4.59625
-4.074375
-2.069375
-1.6
-2.345
-3.3
-5.456875
-7.006875
-7.290625
-7.145625
-6.538125
-5.403125
-5.133125
-4.938125
-4.166875
-3.98
-3.13875
-2.646875
-2.508125
-2.155625
-2.41625
-2.96
-3.904375
-4.201875
-4.30875
-3.4575
-2.36875
-1.954375
-2.271875
-3.03125
-4.329375
-6.37625
-7.31875
-8.186875
-7.78625
-5.879375
-3.795
-1.97
-1.06625
-1.009375
-1.693125
-2.006875
-2.51125
-2.89875
-3.095625
-4.090625
-4.76375
-5.32
-6.235625
-6.04
-5.15125
-4.570625
-3.388125
-2.8325
-3.269375
-4.055625
-4.776875
-4.818125
-3.9425
-2.4275
-1.601875
-1.8775
-3.1
-4.52
-5.320625
-5.51375
-5.243125
-4.095625
-3.865
-3.749375
-3.59125
-4.830625
-5.116875
-5.71625
-6.3525
-5.79625
-5.154375
-3.365625
-2.46875
-2.778125
-4.028125
-6.054375
-7.118125
-7.48875
-6.888125
-6.25375
-5.18875
-3.564375
-2.3925
-1.334375
-0.78375
-1.258125
-2.14625
-2.76375
-3.888125
-4.820625
-5.18
-6.174375
-7.009375
-7.630625
-7.5175
-7.008125
-5.518125
-3.38125
-2.2
-0.478125
0.34625
0.089375
-0.23375
-1.12375
-2.2875
-2.773125
-2.835
-3.298125
-2.641875
-2.1125
-1.81625
-0.735625
-0.434375
-0.25
-0.911875
-2.413125
-3.54875
-4.98625
-4.656875
-3.9475
-3.786875
-2.97625
-3.468125
-3.0775
-2.51625
-2.65125
-2.26375
-2.65875
-3.244375
-3.539375
-4.505625
-6.00375
-7.323125
-8.035
-7.82625
-6.593125
-4.48125
-3.30125
-2.90125
-2.56125
-3.5325
-4.2325
-4.263125
-4.7925
-4.079375
-3.68375
-3.191875
-2.656875
-2.789375
-1.955
-1.686875
-1.918125
-2.170625
-2.961875
-3.7475
-4.116875
-4.736875
-5.356875
-6.063125
-6.241875
-6.6425
-7.58375
-7.680625
-8.520625
-8.860625
-8.16
-8.22375
-6.985
-5.13125
-3.8475
-2.18125
-2.373125
-2.983125
-3.95125
-4.9125
-4.5175
-4.70125
-3.84375
-3.499375
-3.398125
-3.345
-4.52
-5.495
-6.84
-7.755
-8.053125
-8.30625
-8.189375
-7.6425
-6.484375
-5.5875
-5.060625
-4.853125
-5.37375
-5.66
-6.19125
-6.595625
-7.0125
-6.834375
-5.72625
-5.631875
-5.004375
-5.373125
-6.741875
-6.90625
-8.2525
-8.1725
-8.1725
-8.1725
-8.1725
