2.3625
2.3625
2.3625
2.3625
1.36875
1.4875
1.68125
1.3625
1.44375
0.38125
-1.125
-0.98125
-1.03125
-0.4
0.5125
-0.625
-1.28125
-1.88125
-2.6875
-1.73125
-1.38125
-0.6875
0.4125
1.0625
1.975
2.4875
3.11875
2.4375
1.7125
1.55625
0.76875
1.61875
2.5125
2.425
2.36875
1.76875
1.10625
0.7
0.55
-0.13125
-0.86875
-1.225
-1.60625
-1.74375
-1.61875
-1.375
-0.5375
1.13125
2.625
3.375
3.26875
2.675
1.8375
0.99375
0.725
0.61875
1.0625
2.175
2.65625
2.45
1.4
0.2875
-0.425
-0.725
0.56875
1.55
2.1125
2.70625
1.50625
0.225
-0.69375
-1.6
-1.41875
-0.475
0.775
1.96875
2.95
2.7125
2.05625
0.6625
-0.94375
-2.1375
-2.91875
-2.70625
-2.28125
-1.19375
-1.05625
-0.80625
-0.475
-0.475
0.69375
1.24375
0.95625
0.05625
-1.475
-2.1875
-1.525
0.28125
2.25625
2.9375
2.575
1.2
-0.3375
-1.15
-1.89375
-1.91875
-2.0375
-2.11875
-1.3
-0.825
0.41875
1.425
0.8125
0.225
-1.275
-2.4125
-2.0375
-1.35625
-0.19375
1.53125
2.59375
2.99375
2.775
1.75625
0.975
0.80625
1.6
1.65625
1.675
1.58125
0.95
1.675
1.69375
1.15625
0.9375
-0.425
-0.925
-0.625
-1.53125
-0.89375
-0.1875
-0.65
0.3125
0.06875
-0.4
0.24375
0.6625
1.60625
2.46875
2.9875
3.25
2.3625
1.7375
1.125
0.34375
0.99375
1.00625
0.45
-0.2125
-1.3375
-2.2
-1.95
-0.69375
0.5375
1.71875
1.7875
0.58125
-0.39375
-0.875
-0.175
1.6125
2.95625
4.36875
5.075
4.85
4.5375
3.48125
2.5875
1.7
1.1125
0.48125
0.1125
0.8125
1.5125
2.30625
2.35625
0.775
-1.03125
-1.91875
-2.35
-1.1
-0.19375
-0.08125
0.31875
0.1125
0.93125
2.40625
3.1125
2.81875
1.5
-0.56875
-2.2125
-2.11875
-1.35
-0.425
-0.04375
-1.4
-3.1375
-4.775
-5.44375
-4.95
-3.8625
-3.28125
-2.6625
-1.6875
-0.8375
0.46875
1.3125
1.43125
1.7
2.59375
3.225
3.35625
3.00625
2.54375
2.275
2.96875
3.28125
2.4875
1.75
0.2
-1.075
-1.61875
-2.49375
-2.74375
-2.64375
-2.4
-1.33125
-0.625
0.33125
1.0625
1.6
2.00625
1.7
0.76875
-0.53125
-0.9625
-1.40625
-0.3375
0.89375
1.45625
3.01875
2.75
1.63125
0.69375
-1.19375
-1.4
-0.48125
0.39375
0.90625
0.8875
0.35625
-0.19375
0.45
0.4
0.34375
0.0
-1.08125
-1.51875
-1.0625
0.01875
1.55
2.9375
3.1375
3.10625
2.63125
1.775
1.44375
0.725
0.275
0.15625
0.35625
0.88125
1.35625
1.90625
1.5
0.34375
-1.125
-2.275
-3.05625
-2.7
-2.0
-1.975
-0.98125
-0.21875
-0.05625
0.6125
-0.05625
-0.6875
-0.8625
-1.25
-0.95625
-0.84375
0.0625
1.1125
2.11875
2.3125
1.25
0.51875
-0.6625
-1.03125
-0.5
-0.5
0.65
1.5625
2.09375
1.98125
0.6875
-0.05625
-0.6625
-0.08125
0.9125
1.5375
1.74375
1.2625
0.80625
0.25625
-0.0125
0.05625
-0.24375
-0.46875
-0.4125
-0.09375
0.275
1.0875
1.45625
0.7625
0.9875
0.60625
0.4375
0.91875
0.71875
0.4875
-0.3625
-0.76875
-1.23125
-1.50625
-1.2125
-1.49375
-1.8625
-2.2875
-2.0875
-1.95625
-1.26875
-0.20625
0.175
1.2
1.7125
1.5625
0.84375
-0.45
-1.43125
-2.45
-1.9
-1.0625
-0.425
0.43125
0.425
0.35
0.35
0.9375
1.04375
0.85
0.28125
-0.975
-2.2375
-2.9875
-3.35625
-3.06875
-1.98125
-0.85
0.24375
0.70625
1.1875
0.875
0.90625
1.5375
1.1875
1.1625
0.6125
-0.58125
-1.36875
-1.60625
-1.6625
-1.15625
-0.20625
-0.325
-0.3
-0.6125
-1.14375
-0.125
0.20625
0.5375
1.19375
0.1125
0.3875
0.71875
0.275
1.15625
0.65
0.14375
0.4125
0.225
1.0
1.83125
1.73125
2.04375
1.58125
1.58125
1.58125
1.58125
