0.088125
0.088125
0.088125
0.088125
0.108125
0.08125
0.05375
0.035
0.035
0.03375
0.046875
-0.0175
-0.081875
-0.13125
-0.194375
-0.16
-0.080625
-0.016875
0.055625
0.030625
-0.0475
-0.079375
-0.12
-0.063125
0.011875
0.036875
0.0675
0.000625
-0.06625
-0.094375
-0.12
-0.03625
0.04125
0.064375
0.083125
-0.009375
-0.08125
-0.0575
-0.0375
0.046875
0.116875
0.08125
0.083125
0.07125
0.054375
0.101875
0.078125
0.046875
0.025625
-0.03
-0.034375
-0.036875
-0.0525
-0.073125
-0.130625
-0.17625
-0.210625
-0.238125
-0.216875
-0.195
-0.180625
-0.14
-0.149375
-0.169375
-0.180625
-0.188125
-0.1475
-0.1
-0.06125
-0.0325
-0.025
-0.024375
-0.018125
-0.026875
-0.046875
-0.0575
-0.069375
-0.071875
-0.06125
-0.020625
0.02375
0.073125
0.11625
0.08
0.029375
-0.04625
-0.11625
-0.135625
-0.119375
-0.06875
-0.04125
-0.0275
-0.05
-0.0925
-0.099375
-0.096875
-0.08375
-0.07125
-0.09
-0.130625
-0.176875
-0.208125
-0.206875
-0.175625
-0.136875
-0.113125
-0.1
-0.088125
-0.0725
-0.0675
-0.07625
-0.09125
-0.1175
-0.1175
-0.115625
-0.14
-0.158125
-0.178125
-0.18625
-0.14625
-0.1
-0.081875
-0.06125
-0.075
-0.083125
-0.071875
-0.075
-0.06125
-0.08375
-0.083125
-0.08
-0.088125
-0.066875
-0.091875
-0.143125
-0.186875
-0.2025
-0.16
-0.05125
0.05
0.08625
0.0775
0.06875
0.0625
0.12
0.17875
0.156875
0.134375
0.048125
-0.05875
-0.123125
-0.19125
-0.22875
-0.204375
-0.1775
-0.15125
-0.07875
-0.038125
-0.005
0.05375
0.0675
0.12125
0.23125
0.315
0.36125
0.31625
0.1775
0.089375
0.07625
0.120625
0.215
0.215
0.13625
0.053125
0.00125
0.01375
0.058125
0.080625
0.021875
-0.025625
-0.05375
-0.0525
0.010625
0.016875
0.01375
-0.009375
-0.085625
-0.13
-0.175
-0.149375
-0.08875
-0.025
0.066875
0.0725
0.078125
0.07875
0.020625
-0.03625
-0.093125
-0.145625
-0.1625
-0.145625
-0.111875
-0.085
-0.08625
-0.10625
-0.099375
-0.104375
-0.07625
-0.014375
-0.03375
-0.01875
0.036875
0.081875
0.158125
0.208125
0.195625
0.18125
0.15625
0.178125
0.18375
0.1375
0.128125
0.091875
0.079375
0.11125
0.103125
0.039375
-0.03625
-0.080625
-0.089375
-0.054375
0.020625
0.01625
0.004375
-0.0075
-0.05
-0.055
-0.081875
-0.101875
-0.11625
-0.118125
-0.105625
-0.104375
-0.0825
-0.06375
-0.039375
-0.01375
-0.02625
-0.0575
-0.111875
-0.1625
-0.19
-0.186875
-0.10625
-0.02375
0.049375
0.14875
0.150625
0.165625
0.185625
0.12875
0.103125
0.026875
-0.04
-0.09625
-0.148125
-0.155
-0.175625
-0.17125
-0.171875
-0.181875
-0.159375
-0.12
-0.06
0.01375
0.07125
0.110625
0.130625
0.13125
0.084375
0.03375
-0.031875
-0.051875
-0.02625
0.010625
0.088125
0.089375
0.070625
0.089375
0.083125
0.10375
0.125
0.058125
-0.00375
-0.073125
-0.12375
-0.135625
-0.160625
-0.15375
-0.170625
-0.176875
-0.154375
-0.1525
-0.13625
-0.1225
-0.120625
-0.105
-0.083125
-0.065
-0.065625
-0.094375
-0.129375
-0.163125
-0.1825
-0.1825
-0.179375
-0.173125
-0.161875
-0.09
-0.025
0.041875
0.105
0.046875
-0.019375
-0.095
-0.1725
-0.17875
-0.116875
-0.054375
0.013125
0.079375
0.02875
-0.035
-0.10375
-0.191875
-0.20375
-0.138125
-0.075625
0.011875
0.068125
0.02375
-0.0175
-0.09875
-0.164375
-0.19375
-0.218125
-0.206875
-0.195625
-0.1975
-0.21375
-0.235625
-0.2575
-0.239375
-0.205
-0.130625
-0.039375
0.06625
0.1675
0.18375
0.186875
0.11
0.02875
-0.01625
-0.06625
-0.03125
-0.009375
0.06
0.13125
0.099375
0.1025
0.03625
-0.050625
-0.066875
-0.11125
-0.148125
-0.145625
-0.146875
-0.133125
-0.098125
-0.101875
-0.079375
-0.019375
0.03375
0.166875
0.279375
0.348125
0.465
0.4775
0.478125
0.418125
0.27
0.14875
0.0275
-0.01
-0.00375
0.044375
0.0425
0.01125
-0.011875
-0.065625
-0.063125
-0.055625
-0.065625
-0.040625
-0.018125
0.006875
0.035625
0.00625
-0.030625
-0.06875
-0.0875
-0.081875
-0.073125
-0.070625
-0.085625
-0.086875
-0.08375
-0.085
-0.085625
-0.071875
-0.033125
0.02625
0.120625
0.163125
0.145
0.12375
0.0375
0.019375
0.04
0.05625
0.09
0.08375
0.06625
0.04625
0.0575
0.0275
-0.0075
-0.045625
-0.09125
-0.054375
-0.001875
0.05375
0.1025
0.11
0.155625
0.185
0.2075
0.18
0.063125
-0.0125
-0.0825
-0.1025
-0.083125
-0.103125
-0.1075
-0.0875
-0.0675
-0.033125
-0.0325
-0.07125
-0.098125
-0.11875
-0.0775
0.019375
0.11875
0.213125
0.203125
0.11125
0.009375
-0.091875
-0.071875
-0.010625
0.03375
0.05625
0.018125
-0.02375
-0.0225
0.02375
0.034375
0.033125
0.006875
-0.034375
-0.045
-0.015
0.005625
0.00625
0.0025
-0.05125
-0.050625
-0.048125
-0.06
-0.026875
-0.099375
-0.145625
-0.138125
-0.121875
-0.01
0.0975
0.206875
0.243125
0.209375
0.1325
-0.020625
-0.073125
-0.07375
-0.04875
0.034375
0.016875
-0.01875
-0.055625
-0.114375
-0.145
-0.19
-0.220625
-0.2375
-0.2275
-0.1975
-0.13625
-0.035625
0.07875
0.245
0.329375
0.356875
0.341875
0.230625
0.156875
0.106875
0.078125
0.129375
0.229375
0.2725
0.309375
0.245625
0.086875
0.018125
-0.00375
0.055625
0.175
0.199375
0.18
0.13625
0.110625
0.14375
0.133125
0.158125
0.166875
0.166875
0.2425
0.248125
0.200625
0.150625
0.03625
-0.030625
-0.050625
-0.085
-0.0875
-0.099375
-0.118125
-0.103125
-0.103125
-0.113125
-0.135625
-0.175
-0.179375
-0.17375
-0.129375
-0.085
-0.079375
-0.04875
-0.043125
-0.044375
-0.01625
-0.02875
-0.0525
-0.06375
-0.078125
-0.076875
-0.068125
-0.06375
-0.0725
-0.100625
-0.11
-0.121875
-0.12125
-0.06625
-0.056875
-0.051875
-0.053125
-0.11375
-0.1275
-0.145625
-0.16375
-0.1525
-0.178125
-0.16875
-0.159375
-0.160625
-0.080625
-0.050625
-0.020625
0.021875
-0.04125
-0.06375
-0.068125
-0.079375
-0.044375
-0.03
-0.049375
-0.036875
-0.0325
-0.016875
0.011875
-0.02
-0.055
-0.095
-0.13875
-0.15375
-0.143125
-0.135625
-0.114375
-0.09625
-0.0925
-0.079375
-0.07625
-0.02625
0.02625
0.065625
0.091875
0.0625
0.0575
0.06375
0.134375
0.178125
0.168125
0.115625
-0.034375
-0.13625
-0.23125
-0.265625
-0.25125
-0.205
-0.1275
-0.059375
0.01875
0.015
-0.03125
-0.091875
-0.155625
-0.18875
-0.168125
-0.161875
-0.11875
-0.05875
-0.0225
0.0425
0.051875
0.06125
0.079375
0.068125
0.06875
0.043125
0.0125
0.00625
0.011875
0.0425
0.061875
0.0775
0.08125
0.089375
0.15
0.196875
0.24375
0.309375
0.318125
0.32875
0.30375
0.211875
0.118125
0.030625
0.0025
0.01875
0.03875
0.05875
0.066875
0.07
0.06875
0.1175
0.104375
0.1325
0.225
0.2175
0.31
0.28625
0.176875
0.1275
-0.011875
-0.064375
-0.090625
-0.13125
-0.165625
-0.19625
-0.1725
-0.14
-0.04125
0.02375
0.04375
0.07375
0.086875
0.1275
0.1175
0.068125
-0.015
-0.10875
-0.14375
-0.146875
-0.128125
-0.099375
-0.086875
-0.075
-0.0675
-0.10375
-0.125
-0.15625
-0.190625
-0.1575
-0.1325
-0.099375
-0.05375
-0.03875
-0.018125
-0.015
-0.029375
-0.021875
0.021875
0.088125
0.1575
0.188125
0.16625
0.115
0.069375
0.01875
-0.008125
0.005
0.0325
0.078125
0.07625
0.034375
-0.021875
-0.068125
-0.06875
-0.02875
0.01
0.014375
-0.003125
-0.051875
-0.088125
-0.079375
-0.0625
-0.035
-0.034375
-0.05
-0.063125
-0.025625
0.0125
0.048125
0.08375
0.01875
-0.01875
-0.0575
-0.091875
-0.066875
-0.0225
0.01625
0.051875
0.08125
0.090625
0.103125
0.1
0.08125
0.006875
-0.065625
-0.101875
-0.116875
-0.085625
-0.053125
-0.055625
-0.06125
-0.05375
-0.046875
-0.020625
0.02375
0.033125
0.045
0.05625
0.010625
-0.015625
-0.06375
-0.125625
-0.154375
-0.181875
-0.170625
-0.125625
-0.080625
-0.05375
-0.07875
-0.1475
-0.211875
-0.2425
-0.2175
-0.15375
-0.09875
-0.061875
-0.038125
-0.058125
-0.02875
0.003125
0.065625
0.15875
0.163125
0.165
0.08375
0.0025
-0.03125
-0.0625
-0.04875
-0.040625
0.00375
0.090625
0.1725
0.240625
0.225
0.125
0.0325
-0.0575
-0.085625
-0.10625
-0.138125
-0.14875
-0.195625
-0.185625
-0.169375
-0.1575
-0.144375
-0.155
-0.165625
-0.179375
-0.17625
-0.166875
-0.174375
-0.185625
-0.1925
-0.218125
-0.210625
-0.21125
-0.204375
-0.17875
-0.17875
-0.17875
-0.17875
