-0.5275
-0.5275
-0.5275
-0.5275
-0.778125
-0.8875
-1.11875
-1.0325
-0.505625
-0.379375
-0.188125
-0.275625
-0.393125
0.160625
0.649375
1.13
1.409375
1.365
1.385625
1.02375
0.485625
-0.341875
-1.396875
-1.730625
-1.665625
-1.401875
-0.780625
-0.609375
-0.640625
-0.600625
-0.6625
-0.635
-0.619375
-0.415
-0.475625
-0.560625
-0.394375
-0.5125
-0.445
-0.434375
-0.88375
-1.159375
-1.454375
-1.5625
-1.2475
-1.12125
-0.72375
-0.3425
-0.2825
0.070625
0.16875
-0.01375
0.344375
0.530625
0.760625
1.08625
0.8125
0.410625
-0.3
-0.660625
-0.6625
-0.761875
-0.648125
-1.043125
-1.525625
-1.70125
-1.531875
-1.054375
-0.7425
-0.388125
-0.248125
-0.018125
0.1525
-0.055
-0.37625
-1.03875
-1.528125
-1.7825
-1.98
-1.884375
-1.693125
-1.40625
-1.381875
-1.453125
-1.724375
-2.251875
-2.35625
-2.460625
-2.460625
-2.24375
-2.291875
-2.444375
-2.596875
-2.5425
-2.283125
-1.7375
-0.948125
-0.44125
0.070625
0.2275
-0.094375
-0.434375
-0.88
-0.898125
-0.44625
0.043125
0.335
0.044375
-0.461875
-0.9925
-1.03875
-0.448125
0.10375
0.68
0.6825
0.33875
-0.023125
-0.360625
-0.41125
-0.424375
-0.501875
-0.81
-1.0225
-1.336875
-1.549375
-1.45125
-1.553125
-1.6575
-1.761875
-1.970625
-2.13125
-2.24375
-2.516875
-2.950625
-3.271875
-3.480625
-3.52875
-3.259375
-3.0375
-2.863125
-2.531875
-2.214375
-1.65125
-1.005
-0.6075
-0.415
-0.476875
-0.7225
-0.64125
-0.579375
-0.574375
-0.4775
-0.653125
-0.641875
-0.77125
-0.703125
-0.56
-0.485
-0.2125
-0.335
-0.5325
-1.0025
-1.376875
-1.458125
-1.764375
-1.74
-1.971875
-2.299375
-2.364375
-2.525
-2.364375
-2.20375
-1.986875
-1.930625
-2.139375
-2.20875
-2.090625
-1.746875
-1.23625
-1.008125
-1.25875
-1.339375
-1.53625
-1.395
-0.908125
-0.65625
-0.09625
0.0925
0.314375
0.30125
-0.023125
-0.19
-0.644375
-0.86375
-1.02625
-1.026875
-0.759375
-0.491875
-0.186875
-0.0625
-0.37125
-0.4825
-0.66875
-0.78
-0.50875
-0.345625
-0.145
-0.163125
-0.081875
-0.376875
-0.671875
-0.641875
-0.8625
-0.700625
-0.640625
-0.82625
-0.934375
-1.138125
-1.24
-1.24
-1.24
-1.24
-1.24
-1.24
-1.400625
-1.721875
-2.043125
-2.46875
-2.6775
-2.669375
-2.756875
-2.53375
-2.160625
-1.6375
-0.908125
-0.3475
-0.190625
-0.4375
-0.65125
-0.83125
-0.703125
-0.090625
0.234375
0.2775
0.35375
-0.2175
-0.558125
-0.7925
-1.314375
-1.1475
-1.03
-0.799375
-0.535625
-0.7625
-1.0075
-1.006875
-0.698125
-0.31875
-0.015625
0.01375
-0.0975
-0.116875
-0.079375
-0.06
-0.24125
-0.311875
-0.345
-0.4275
-0.550625
-0.895
-1.41625
-1.865625
-1.96125
-1.850625
-1.705
-1.705
-1.874375
-2.139375
-2.195625
-2.09125
-2.09125
-2.195625
-2.50875
-2.765625
-2.8175
-2.75625
-2.581875
-2.22
-1.8175
-1.42375
-0.985
-1.025
-1.204375
-1.210625
-1.089375
-0.468125
0.011875
0.24125
0.30875
0.08125
0.1325
0.400625
0.490625
0.573125
0.51625
0.32
0.421875
0.36375
0.070625
-0.361875
-0.881875
-1.03125
-0.835
-0.503125
-0.275
-0.158125
-0.2625
-0.455
-0.633125
-0.85375
-0.9725
-0.999375
-1.094375
-1.37125
-1.395625
-1.165625
-0.930625
-0.529375
-0.51125
-1.010625
-1.465625
-1.924375
-2.24375
-2.35625
-2.35625
-2.35625
-2.516875
-2.460625
-2.35625
-2.251875
-1.930625
-1.874375
-2.026875
-2.275
-2.570625
-2.518125
-2.1175
-1.510625
-0.9125
-0.595625
-0.503125
-0.3775
-0.15625
-0.095
-0.11
-0.4125
-0.795625
-0.98125
-1.0725
-0.895625
-0.609375
-0.125625
0.085625
-0.0625
-0.3725
-0.88
-1.16125
-1.111875
-1.126875
-1.24375
-1.408125
-1.668125
-1.82625
-2.043125
-2.043125
-2.20375
-2.364375
-2.20375
-2.308125
-2.251875
-2.35625
-2.725625
-2.784375
-2.543125
-1.980625
-1.305
-0.798125
-0.62875
-0.5425
-0.354375
-0.328125
-0.461875
-0.7925
-1.24875
-1.595625
-1.69125
-1.72125
-1.596875
-1.355625
-0.9675
-0.415
-0.12625
-0.136875
-0.506875
-0.863125
-1.008125
-0.70125
-0.33125
-0.085625
0.073125
-0.079375
0.06125
0.201875
0.145
0.039375
-0.22625
-0.4725
-0.348125
-0.036875
0.175
0.205
-0.11125
-0.395
-0.503125
-0.43
-0.2575
-0.485625
-0.916875
-1.5425
-1.925
-1.925
-1.9375
-1.61375
-1.56375
-1.71375
-1.86625
-2.179375
-2.28375
-2.179375
-1.86625
-1.6575
-1.6575
-1.86625
-2.275
-2.46
-2.531875
-2.490625
-2.120625
-1.72625
-1.143125
-0.458125
-0.12875
-0.1975
-0.42625
-0.87625
-1.116875
-0.9925
-0.943125
-0.783125
-0.71
-0.660625
-0.484375
-0.2125
0.14875
0.460625
0.59375
0.535625
0.193125
-0.224375
-0.515
-0.618125
-0.445
-0.33625
-0.57375
-1.06
-1.705
-2.248125
-2.313125
-2.22125
-2.051875
-2.043125
-2.20375
-2.20375
-2.20375
-1.8825
-1.665625
-1.71375
-1.86625
-2.28375
-2.596875
-2.796875
-2.773125
-2.540625
-2.299375
-1.97125
-1.675625
-1.325625
-0.984375
-0.834375
-0.96875
-1.28125
-1.501875
-1.626875
-1.3
-0.99125
-0.693125
-0.221875
-0.061875
0.135625
0.31375
0.24125
0.028125
-0.1475
-0.4225
-0.62
-0.4225
-0.4975
-0.7325
-0.89
-1.4425
-1.5625
-1.49375
-1.58
-1.373125
-1.5075
-1.52875
-1.4725
-1.511875
-1.365625
-1.484375
-1.76375
-2.043125
-2.364375
-2.46875
-2.35625
-2.348125
-2.444375
-2.596875
-2.796875
-2.596875
-2.28375
-1.78875
-1.3025
-1.225625
-1.061875
-1.018125
-1.048125
-0.9025
-0.85625
-0.909375
-0.58
-0.5475
-0.405625
-0.37
-0.705
-0.694375
-0.89125
-0.800625
-0.534375
-0.37875
-0.019375
0.090625
-0.14625
-0.320625
-0.794375
-1.056875
-0.9425
-1.06375
-0.93375
-1.01125
-1.43875
-1.701875
-2.08125
-2.463125
-2.63875
-2.805625
-2.90125
-2.88375
-2.8575
-2.625
-2.20375
-1.536875
-0.624375
0.13875
0.6025
0.5575
0.099375
-0.496875
-0.99125
-0.944375
-0.834375
-0.81625
-0.9675
-1.6925
-2.23
-2.540625
-2.616875
-2.20875
-1.786875
-1.4725
-1.223125
-1.17125
-1.43125
-1.526875
-1.37875
-1.33625
-0.88125
-0.6475
-0.8925
-0.836875
-1.185
-1.135625
-0.759375
-0.754375
-0.316875
-0.399375
-0.555
-0.33
-0.34
-0.170625
-0.204375
-0.7575
-1.545625
-2.106875
-2.41875
-2.415625
-2.25125
-2.235625
-2.180625
-2.03
-1.496875
-0.870625
-0.518125
-0.430625
-0.6325
-1.340625
-1.814375
-2.05375
-2.575625
-2.348125
-2.185625
-1.825
-1.2575
-1.241875
-1.29125
-1.60375
-1.5975
-1.560625
-1.33125
-1.260625
-1.335
-1.24875
-1.14625
-0.980625
-1.32125
-1.42375
-1.67
-1.623125
-0.940625
-0.734375
-0.419375
-0.32625
-0.661875
-0.768125
-1.091875
-1.510625
-1.646875
-1.44625
-1.0475
-0.583125
0.00375
0.11875
-0.1425
-0.176875
-0.749375
-1.193125
-1.035
-1.296875
-1.110625
-1.01375
-1.546875
-1.64875
-2.016875
-2.271875
-2.211875
-2.520625
-2.523125
-2.43875
-2.089375
-1.555625
-1.195
-0.8525
-0.944375
-0.675625
-0.484375
-0.289375
0.07125
0.03875
0.041875
-0.195
-0.233125
-0.493125
-0.45
-0.40875
-0.75375
-0.853125
-0.853125
-0.853125
-0.853125
