5.875
5.875
5.875
5.875
5.85
5.7
5.35
5.3375
5.38125
5.83125
6.60625
6.65
7.01875
6.53125
6.16875
5.9875
5.64375
6.00625
6.1
6.59375
7.0875
7.1375
6.775
6.41875
6.05
5.875
6.25625
6.3875
6.53125
6.675
6.54375
6.0125
5.89375
5.7625
5.89375
6.34375
5.80625
5.44375
4.88125
4.7
5.33125
5.7125
6.25
6.25625
5.96875
5.54375
5.075
5.06875
5.03125
5.44375
5.8125
5.7375
5.71875
5.58125
5.2375
5.23125
5.5875
5.61875
5.93125
6.3875
6.28125
6.6625
7.05625
6.61875
6.425
5.9375
5.275
5.46875
6.05
6.525
7.24375
7.4875
7.33125
7.08125
6.675
6.41875
6.1625
6.24375
6.05
5.85625
5.25
4.8
4.6875
4.54375
4.825
5.01875
5.54375
6.30625
7.45625
8.025
7.99375
7.95625
7.0375
6.4375
5.85
4.86875
4.64375
4.7125
4.9625
5.7125
5.88125
6.10625
6.35625
6.28125
6.75625
6.7125
6.85
6.875
6.925
7.075
6.825
7.13125
6.75625
6.59375
6.78125
6.1625
6.11875
6.0125
5.58125
5.49375
5.0
4.84375
5.0875
5.46875
6.1875
6.0875
5.6625
5.58125
5.35625
5.8875
6.38125
6.0625
6.24375
6.125
6.4
7.26875
7.48125
7.6125
7.23125
6.3
5.33125
4.575
4.1625
4.25625
4.8625
5.34375
5.975
6.46875
6.66875
6.93125
6.73125
6.425
6.14375
5.625
5.1875
4.94375
4.90625
5.4625
6.5
7.58125
8.45625
8.93125
8.825
8.43125
7.7875
7.14375
6.7375
6.6875
7.1375
7.1375
7.24375
6.91875
5.8625
5.70625
5.44375
5.59375
6.25625
6.2875
6.25
5.8875
5.69375
5.6125
5.8375
6.08125
5.88125
5.6
4.95
4.59375
4.6375
4.89375
5.36875
5.75
5.9125
5.9375
5.74375
5.64375
5.6125
5.8875
6.7875
7.25625
7.63125
7.725
6.925
6.225
5.8875
5.26875
5.475
5.71875
5.4375
5.65625
4.95
4.6625
4.6875
4.6875
5.7125
6.3
6.96875
7.5125
7.13125
6.70625
6.15625
5.5875
5.6125
5.925
6.05
6.00625
5.78125
5.43125
5.38125
5.45
5.75
6.475
6.8875
7.4
7.26875
6.325
5.5625
4.94375
4.7375
4.91875
5.1375
5.36875
5.6
5.84375
6.28125
6.175
5.91875
5.675
4.9875
4.725
4.71875
4.89375
5.275
5.3625
5.34375
5.0875
5.03125
5.6375
6.46875
7.25625
7.7875
7.45
6.55625
5.88125
5.5375
5.68125
6.325
7.04375
7.08125
7.15
7.04375
6.39375
6.3625
6.1875
6.41875
6.925
6.98125
6.94375
6.09375
5.13125
4.6125
4.375
4.50625
4.975
5.15625
4.95625
4.91875
4.95
4.925
5.40625
5.65625
5.85625
6.28125
6.225
6.28125
5.81875
5.49375
5.60625
5.76875
6.4
6.7875
6.5625
6.29375
5.85
5.1875
5.46875
5.725
5.81875
6.375
6.1625
5.98125
6.25625
6.3625
6.88125
7.33125
7.325
7.45
7.36875
7.35
7.55625
7.3125
6.66875
6.06875
5.43125
4.99375
4.9
4.81875
4.775
4.95625
5.65
6.20625
6.725
7.26875
7.175
7.3375
7.75
7.8
7.73125
7.31875
6.40625
5.4625
5.06875
4.81875
4.79375
4.9625
4.71875
4.39375
4.425
4.475
4.83125
5.40625
5.66875
5.93125
5.84375
5.8
5.5375
5.29375
5.3125
5.0
5.1
5.30625
5.4625
5.95625
6.0625
6.3125
6.5
6.48125
6.65625
6.35625
6.3125
6.1625
6.14375
6.26875
6.10625
6.29375
6.21875
6.0625
5.76875
5.08125
4.475
4.24375
4.35
4.80625
5.7625
6.1875
6.74375
6.96875
6.33125
6.20625
5.59375
5.34375
5.66875
5.65
6.14375
6.25
6.05
5.98125
5.4875
5.38125
5.60625
6.0
6.6375
7.2875
7.75
7.78125
7.6375
7.08125
6.3375
5.9375
5.5625
5.2
5.41875
5.475
5.54375
5.80625
5.675
5.9125
6.44375
7.16875
7.89375
7.975
7.5625
7.1625
6.35
6.0625
5.9875
5.29375
4.9125
4.35625
4.08125
4.425
4.98125
5.7125
5.95625
5.95
5.71875
5.55
6.11875
6.41875
7.1625
7.44375
6.9625
6.95625
6.55
6.3375
6.20625
5.9125
5.44375
5.075
4.95
4.83125
5.45
5.7625
6.025
6.28125
5.8625
5.8875
6.06875
6.4625
6.825
6.9875
6.81875
6.05625
5.69375
5.24375
5.15625
5.6
5.8125
5.96875
5.7375
5.35625
5.01875
4.8125
4.80625
4.7625
4.56875
4.48125
4.78125
5.15625
5.6875
6.1125
5.73125
5.3125
5.075
4.925
5.2
5.475
5.76875
5.83125
6.1
6.33125
6.01875
5.94375
5.5625
5.4375
5.5875
5.66875
5.54375
5.1625
5.0625
4.85625
4.93125
4.9
4.3375
4.025
3.84375
3.88125
4.2125
4.3875
4.4875
4.85
5.49375
6.24375
7.09375
7.375
7.08125
6.5
5.8125
5.5875
5.825
6.40625
6.93125
6.76875
6.6
6.2875
6.2875
6.2875
6.2875
