0.12
0.12
0.12
0.12
0.13875
0.1425
0.16
0.1775
0.18
0.176875
0.15375
0.128125
0.10375
0.090625
0.10125
0.106875
0.106875
0.11125
0.105625
0.106875
0.115
0.103125
0.0775
0.050625
0.021875
0.0175
0.0375
0.061875
0.08875
0.104375
0.09625
0.094375
0.1025
0.10875
0.12875
0.13375
0.129375
0.12625
0.124375
0.13625
0.146875
0.1575
0.160625
0.15625
0.150625
0.13375
0.131875
0.1175
0.104375
0.1025
0.09
0.095
0.09875
0.1075
0.105
0.10375
0.10625
0.1075
0.13125
0.14875
0.16375
0.17125
0.16875
0.1675
0.15625
0.155
0.141875
0.126875
0.131875
0.121875
0.131875
0.1325
0.121875
0.1225
0.105
0.0975
0.09125
0.079375
0.07875
0.08125
0.085
0.1025
0.115
0.131875
0.136875
0.13
0.13
0.13
0.13
