0.958125
0.958125
0.958125
0.958125
0.789375
0.7775
0.8425
0.84875
0.925625
1.021875
1.09375
1.139375
1.056875
0.955
0.823125
0.655625
0.5575
0.44
0.395
0.416875
0.458125
0.505
0.648125
0.78625
0.905
1.0375
0.901875
0.76625
0.630625
0.495
0.495
0.528125
0.696875
1.034375
1.40125
1.744375
1.819375
1.59
1.4375
1.269375
1.20125
1.271875
1.11
0.9425
0.84
0.6925
0.665
0.649375
0.621875
0.678125
0.69875
0.73125
0.68625
0.563125
0.52375
0.493125
0.631875
0.843125
1.000625
1.249375
1.273125
1.21875
1.188125
0.90125
0.763125
0.666875
0.55875
0.606875
0.5825
0.558125
0.491875
0.371875
0.288125
0.234375
0.2225
0.258125
0.29375
0.299375
0.310625
0.310625
0.335
0.418125
0.664375
0.91625
1.11375
1.169375
0.911875
0.66375
0.4875
0.41875
0.56
0.683125
0.723125
0.756875
0.6775
0.611875
0.5925
0.53
0.529375
0.54125
0.63125
0.765
0.87
0.973125
0.9725
0.95
0.913125
0.87
0.785
0.840625
0.994375
1.1325
1.41625
1.405625
1.3325
1.25375
1.003125
0.895625
0.719375
0.61375
0.6025
0.599375
0.66625
0.6275
0.5775
0.53875
0.455625
0.3775
0.400625
0.431875
0.501875
0.661875
0.693125
0.72125
0.746875
0.73875
0.74
0.875
1.0075
1.121875
1.255
1.069375
0.880625
0.755
0.639375
0.7075
0.84375
0.8325
0.81125
0.77125
0.780625
0.848125
0.916875
1.014375
0.845
0.80125
0.765
0.690625
0.790625
0.87375
0.93875
1.07
1.1625
1.001875
0.841875
0.760625
0.679375
0.795625
1.038125
1.154375
1.29
1.38
1.415625
1.276875
1.138125
1.06
0.7475
0.643125
0.5975
0.494375
0.615625
0.731875
0.75375
0.775625
0.74
0.789375
0.899375
1.05875
1.208125
1.0675
1.028125
0.948125
1.0425
1.36125
1.379375
1.394375
1.103125
0.778125
0.71625
0.836875
1.148125
1.401875
1.4975
1.424375
1.2725
1.18625
1.18
1.0225
0.999375
0.941875
0.84375
0.93625
0.845625
0.855
0.9025
0.886875
0.963125
0.83875
0.736875
0.70875
0.705625
0.809375
0.961875
1.09375
1.17625
1.294375
1.215
1.050625
1.04125
1.0675
1.22125
1.406875
1.344375
1.16875
0.9825
0.800625
0.70875
0.705
0.694375
0.684375
0.67875
0.585625
0.61875
0.765625
0.95125
1.18375
1.354375
1.396875
1.386875
1.335625
1.059375
0.754375
0.539375
0.406875
0.456875
0.744375
0.975
1.131875
1.344375
1.300625
1.195
1.28875
1.254375
1.26375
1.43
1.27625
1.19
1.10125
0.84125
0.75
0.630625
0.53125
0.5275
0.5175
0.54625
0.63625
0.78625
0.9125
0.980625
1.139375
1.159375
1.24875
1.4
1.25
1.100625
0.84625
0.55375
0.513125
0.59375
0.86
1.163125
1.31375
1.34875
1.074375
0.924375
0.83375
0.849375
1.076875
1.070625
1.10375
1.021875
1.0375
1.140625
1.35
1.659375
1.68875
1.63875
1.3675
1.025
0.83875
0.75625
0.67875
0.6675
0.64125
0.595625
0.628125
0.6225
0.755625
1.019375
1.321875
1.60125
1.57625
1.246875
0.85875
0.6675
0.728125
1.010625
1.301875
1.273125
1.095625
0.811875
0.575
0.49625
0.465625
0.501875
0.466875
0.569375
0.725625
0.966875
1.42
1.593125
1.7075
1.605625
1.27375
1.0775
0.92625
1.06625
1.16375
1.31125
1.456875
1.293125
1.2975
1.196875
1.043125
1.005625
0.928125
0.9675
1.0325
1.103125
1.045625
0.94875
0.84125
0.76125
0.82875
0.93
1.043125
1.2975
1.46875
1.58375
1.7725
1.670625
1.58875
1.355625
1.005625
0.753125
0.671875
0.738125
0.89625
1.1
1.033125
0.950625
0.80125
0.641875
0.53375
0.619375
0.785625
0.9875
1.2525
1.343125
1.32
1.244375
1.20625
1.013125
0.838125
0.8375
0.783125
0.903125
1.18
1.16625
1.193125
1.23
1.05375
1.063125
1.17375
1.249375
1.430625
1.4925
1.28375
1.0275
0.76875
0.56
0.64
0.82625
0.981875
1.225
1.32375
1.34875
1.439375
1.435625
1.29625
1.165625
0.959375
0.760625
0.7175
0.830625
1.00875
1.224375
1.39125
1.28125
1.07625
0.810625
0.57375
0.469375
0.601875
0.795625
1.13375
1.48875
1.500625
1.53625
1.341875
1.12
1.15
1.09375
1.1025
1.13625
1.0175
0.970625
0.93875
0.86875
0.91125
0.906875
0.875625
0.891875
0.865
0.826875
0.833125
0.815625
0.824375
0.920625
0.97125
0.998125
0.951875
0.8275
0.8175
0.855
0.965625
1.231875
1.39125
1.553125
1.709375
1.644375
1.605625
1.4575
1.2
0.98125
0.7625
0.795625
1.091875
1.5675
1.98875
2.105625
1.9625
1.686875
1.4875
1.385
1.29875
1.2125
1.136875
1.18875
1.320625
1.32
1.2725
1.0475
0.805
0.8275
0.990625
1.284375
1.650625
1.828125
1.7675
1.661875
1.440625
1.163125
0.940625
0.72125
0.551875
0.66375
0.85
1.03625
1.2725
1.185
1.115625
1.181875
1.115
1.2725
1.3775
1.178125
1.061875
0.793125
0.51875
0.430625
0.399375
0.475625
0.729375
0.961875
1.249375
1.501875
1.520625
1.591875
1.38625
1.201875
1.00125
0.7225
0.661875
0.60875
0.673125
0.790625
0.840625
0.883125
0.889375
0.839375
0.775
0.67125
0.571875
0.50875
0.629375
0.8375
1.1175
1.4225
1.5725
1.66375
1.678125
1.624375
1.42625
1.14875
0.885625
0.661875
0.615
0.8125
1.0575
1.28875
1.448125
1.4425
1.335625
1.2525
1.205
1.0025
0.85375
0.69875
0.57
0.615625
0.7375
0.851875
0.92125
0.974375
0.8425
0.725
0.63375
0.56
0.60875
0.63625
0.699375
0.768125
0.918125
1.06875
1.15625
1.2175
1.085
0.991875
1.001875
1.0975
1.446875
1.790625
2.025625
2.0425
1.753125
1.396875
1.023125
0.8025
0.729375
0.854375
1.018125
1.108125
1.356875
1.450625
1.538125
1.6925
1.523125
1.35375
1.2275
1.065
1.06625
1.0675
1.168125
1.329375
1.503125
1.570625
1.334375
1.08
0.8725
0.745
0.834375
1.019375
1.17625
1.38
1.51
1.38875
1.24125
1.040625
0.863125
0.790625
0.691875
0.69125
0.768125
0.8975
1.0325
1.04
0.91125
0.7725
0.613125
0.65625
0.83
1.00875
1.34625
1.36875
1.440625
1.436875
1.371875
1.523125
1.43625
1.40875
1.189375
0.92
0.748125
0.75125
1.025625
1.29375
1.580625
1.525
1.16
0.790625
0.510625
0.5625
0.806875
1.158125
1.40375
1.39875
1.47375
1.38125
1.29125
1.2175
0.960625
0.8125
0.82375
1.003125
1.321875
1.614375
1.626875
1.464375
1.158125
0.806875
0.6
0.469375
0.49
0.648125
0.83875
1.055625
1.156875
1.096875
1.118125
1.1075
1.174375
1.285
1.105625
1.04375
1.098125
1.189375
1.465
1.493125
1.380625
1.404375
1.474375
1.68
1.77375
1.5425
1.256875
1.106875
1.006875
1.11
1.16
0.9625
1.000625
1.0275
1.1175
1.256875
1.2225
1.151875
1.114375
1.31375
1.33875
1.414375
1.48
1.315
1.33375
1.29625
1.178125
1.02125
0.884375
0.79125
0.76
0.91875
1.05125
1.146875
1.195625
1.12
0.999375
0.88375
0.81875
0.756875
0.75625
0.911875
1.119375
1.33875
1.33875
1.33875
1.33875
