-0.9675
-0.9675
-0.9675
-0.9675
-0.96875
-1.031875
-0.958125
-0.868125
-0.900625
-0.903125
-1.033125
-1.260625
-1.2175
-1.1525
-1.0225
-0.9175
-1.003125
-1.0425
-1.133125
-0.99875
-0.77625
-0.61875
-0.37375
-0.283125
-0.2275
-0.144375
-0.15625
-0.161875
-0.18875
-0.26625
-0.388125
-0.541875
-0.674375
-0.7725
-0.7125
-0.576875
-0.4625
-0.345625
-0.301875
-0.32625
-0.49125
-0.624375
-0.83125
-1.09125
-1.051875
-1.07375
-0.97375
-0.873125
-0.906875
-0.885
-0.9475
-0.774375
-0.6225
-0.5525
-0.414375
-0.451875
-0.481875
-0.429375
-0.455625
-0.49375
-0.524375
-0.60875
-0.7025
-0.819375
-0.9575
-1.013125
-0.983125
-0.855625
-0.71125
-0.611875
-0.5375
-0.511875
-0.489375
-0.516875
-0.55375
-0.590625
-0.65625
-0.694375
-0.764375
-0.795
-0.845625
-0.8725
-0.78125
-0.721875
-0.591875
-0.411875
-0.356875
-0.35625
-0.473125
-0.688125
-0.845625
-0.916875
-0.723125
-0.479375
-0.30375
-0.206875
-0.375
-0.608125
-0.916875
-1.160625
-1.276875
-1.30125
-1.0975
-0.99375
-0.87625
-0.828125
-0.895625
-0.778125
-0.695625
-0.555625
-0.37875
-0.3275
-0.300625
-0.291875
-0.31
-0.33125
-0.486875
-0.709375
-0.8925
-1.103125
-1.0525
-0.889375
-0.805
-0.780625
-0.876875
-1.021875
-1.136875
-1.040625
-1.00125
-0.954375
-0.88625
-0.86
-0.6975
-0.63875
-0.555
-0.535
-0.62625
-0.54
-0.490625
-0.44875
-0.3675
-0.3975
-0.548125
-0.853125
-1.231875
-1.75
-2.06375
-2.1025
-1.954375
-1.49625
-1.0775
-0.76
-0.506875
-0.4275
-0.45625
-0.47375
-0.701875
-0.92125
-1.034375
-1.31875
-1.31875
-1.25625
-1.259375
-1.114375
-1.10125
-1.115625
-1.0625
-0.90375
-0.84875
-0.80625
-0.808125
-1.02125
-1.015625
-1.085
-1.19125
-1.07875
-1.064375
-1.045
-1.12125
-1.313125
-1.45625
-1.57625
-1.56375
-1.55375
-1.646875
-1.529375
-1.30625
-1.078125
-0.925625
-0.96375
-1.04375
-1.106875
-0.885625
-0.695625
-0.569375
-0.4075
-0.4075
-0.345
-0.34625
-0.469375
-0.64375
-0.785625
-0.846875
-0.944375
-0.97875
-1.13
-1.3075
-1.256875
-1.1925
-1.021875
-0.849375
-0.81625
-0.956875
-1.080625
-1.196875
-1.29625
-1.134375
-1.07
-1.005625
-1.046875
-1.1525
-1.315
-1.4775
-1.38625
-1.3925
-1.293125
-1.13
-1.263125
-1.355
-1.34125
-1.438125
-1.2175
-0.925625
-0.696875
-0.430625
-0.378125
-0.43625
-0.574375
-0.720625
-0.841875
-0.928125
-1.04625
-1.073125
-1.080625
-1.064375
-0.906875
-0.886875
-0.859375
-0.96625
-1.10375
-1.135
-1.286875
-1.168125
-1.075625
-1.025625
-0.693125
-0.495
-0.4075
-0.355
-0.64125
-0.980625
-1.13625
-1.200625
-0.9825
-0.80625
-0.83875
-1.096875
-1.433125
-1.578125
-1.474375
-1.031875
-0.65
-0.406875
-0.365625
-0.47875
-0.575625
-0.660625
-0.598125
-0.624375
-0.60625
-0.515
-0.505
-0.3625
-0.361875
-0.43125
-0.549375
-0.72625
-0.726875
-0.7
-0.553125
-0.453125
-0.34875
-0.250625
-0.28
-0.223125
-0.255
-0.28875
-0.25375
-0.2975
-0.4
-0.641875
-0.88625
-1.08125
-1.175625
-1.10375
-1.036875
-0.928125
-0.873125
-0.77625
-0.63625
-0.61
-0.541875
-0.57375
-0.7975
-1.081875
-1.3225
-1.58625
-1.536875
-1.203125
-0.935625
-0.58
-0.36375
-0.365625
-0.3525
-0.37875
-0.479375
-0.53375
-0.595625
-0.665
-0.719375
-0.75375
-0.8325
-0.86125
-0.838125
-0.805625
-0.699375
-0.635625
-0.591875
-0.523125
-0.46875
-0.408125
-0.28625
-0.304375
-0.433125
-0.6
-0.86
-1.0025
-0.95375
-0.844375
-0.65375
-0.4325
-0.291875
-0.169375
-0.1125
-0.086875
-0.09125
-0.09875
-0.06375
-0.096875
-0.115
-0.199375
-0.3125
-0.353125
-0.415
-0.359375
-0.306875
-0.253125
-0.178125
-0.161875
-0.28625
-0.464375
-0.695
-0.933125
-0.871875
-0.780625
-0.584375
-0.446875
-0.4575
-0.526875
-0.635
-0.69875
-0.7625
-0.696875
-0.806875
-0.858125
-0.903125
-1.1175
-1.12875
-1.139375
-1.310625
-1.285
-1.22875
-1.233125
-0.960625
-0.964375
-0.978125
-0.91875
-0.99375
-0.709375
-0.5075
-0.425
-0.271875
-0.41375
-0.689375
-0.853125
-1.20375
-1.421875
-1.32375
-1.41625
-1.31625
-1.26
-1.365625
-1.16125
-1.053125
-0.835
-0.60375
-0.583125
-0.435
-0.3675
-0.34
-0.201875
-0.144375
-0.14125
-0.16375
-0.3125
-0.49875
-0.57625
-0.535
-0.444375
-0.451875
-0.52125
-0.723125
-0.8925
-0.83125
-0.785
-0.58375
-0.4
-0.323125
-0.249375
-0.32375
-0.38625
-0.493125
-0.6275
-0.67625
-0.788125
-0.820625
-0.761875
-0.705625
-0.56625
-0.510625
-0.54625
-0.655625
-0.7775
-0.834375
-0.781875
-0.653125
-0.506875
-0.33
-0.216875
-0.133125
-0.206875
-0.33625
-0.46
-0.72875
-0.743125
-0.810625
-0.896875
-0.7125
-0.763125
-0.824375
-0.92875
-1.236875
-1.5175
-1.585625
-1.661875
-1.656875
-1.40875
-1.375
-1.17
-0.965
-0.929375
-0.83
-0.911875
-0.99375
-1.075625
-1.15
-1.15
-1.15
-1.245625
-1.33375
-1.33375
-1.226875
-1.098125
-0.915
-0.7975
-0.824375
-0.615625
-0.52125
-0.538125
-0.46625
-0.54875
-0.590625
-0.516875
-0.508125
-0.570625
-0.609375
-0.691875
-0.78625
-0.77125
-0.715625
-0.586875
-0.51375
-0.475625
-0.51375
-0.656875
-0.590625
-0.59125
-0.57125
-0.574375
-0.690625
-0.815
-0.98875
-1.02625
-1.07875
-0.94625
-0.7025
-0.62875
-0.585
-0.7825
-1.070625
-1.179375
-1.26125
-1.094375
-0.83375
-0.6075
-0.375
-0.326875
-0.4
-0.625625
-0.895625
-1.116875
-1.2525
-1.120625
-0.909375
-0.641875
-0.376875
-0.315
-0.331875
-0.3825
-0.47
-0.573125
-0.705
-0.87
-1.021875
-1.018125
-0.816875
-0.675
-0.546875
-0.6425
-0.86625
-0.91125
-1.049375
-0.88
-0.774375
-0.783125
-0.60375
-0.66125
-0.719375
-0.820625
-1.084375
-1.358125
-1.446875
-1.41
-1.17125
-0.901875
-0.730625
-0.634375
-0.725
-0.774375
-0.8825
-0.97
-0.98125
-0.830625
-0.63
-0.5875
-0.619375
-0.869375
-1.25375
-1.41375
-1.550625
-1.695625
-1.76125
-1.908125
-1.908125
-1.7625
-1.40625
-1.066875
-0.790625
-0.676875
-0.78875
-0.866875
-0.96625
-0.903125
-0.79125
-0.7775
-0.913125
-1.13
-1.40375
-1.5125
-1.42875
-1.319375
-1.064375
-0.944375
-0.953125
-1.010625
-1.15875
-1.206875
-1.109375
-0.98875
-0.85875
-0.751875
-0.8075
-0.875
-0.981875
-1.149375
-1.16375
-1.238125
-1.224375
-1.140625
-1.12875
-0.980625
-0.855625
-0.800625
-0.8175
-0.89875
-1.02875
-1.195625
-1.22625
-1.256875
-1.315625
-1.21875
-1.17875
-1.170625
-1.071875
-1.0125
-0.978125
-0.83125
-0.675
-0.570625
-0.43125
-0.404375
-0.475
-0.594375
-0.73125
-0.796875
-0.765
-0.6075
-0.4575
-0.395625
-0.43125
-0.598125
-0.711875
-0.73875
-0.67875
-0.508125
-0.3725
-0.313125
-0.320625
-0.390625
-0.510625
-0.583125
-0.574375
-0.551875
-0.506875
-0.480625
-0.556875
-0.675625
-0.72125
-0.719375
-0.696875
-0.575625
-0.524375
-0.556875
-0.480625
-0.47125
-0.47375
-0.430625
-0.49375
-0.65625
-0.874375
-1.085
-1.2475
-1.21875
-1.044375
-0.949375
-0.89375
-0.866875
-0.96875
-0.99875
-1.05625
-1.193125
-1.184375
-1.065625
-0.884375
-0.673125
-0.514375
-0.465625
-0.515
-0.6775
-0.97875
-1.269375
-1.47875
-1.578125
-1.60875
-1.811875
-1.886875
-1.83375
-1.59125
-1.064375
-0.680625
-0.48125
-0.43
-0.454375
-0.443125
-0.36375
-0.270625
-0.288125
-0.388125
-0.45
-0.539375
-0.565
-0.52875
-0.604375
-0.70875
-0.79625
-0.88375
-0.860625
-0.826875
-0.89125
-0.906875
-1.133125
-1.36
-1.424375
-1.55125
-1.361875
-1.03
-0.7325
-0.528125
-0.51
-0.605
-0.810625
-0.909375
-1.003125
-1.13625
-1.205625
-1.168125
-1.0375
-0.795
-0.545
-0.365625
-0.373125
-0.45
-0.541875
-0.813125
-0.820625
-0.89
-0.944375
-0.735
-0.7475
-0.7375
-0.735
-0.919375
-1.0175
-0.99875
-0.941875
-0.7525
-0.570625
-0.521875
-0.514375
-0.550625
-0.65875
-0.71125
-0.795625
-0.97375
-1.025625
-1.048125
-1.035625
-0.895625
-0.7575
-0.6225
-0.4875
-0.455625
-0.501875
-0.6125
-0.740625
-0.793125
-0.836875
-0.85
-0.771875
-0.778125
-0.831875
-0.878125
-1.0425
-1.124375
-1.07
-1.025625
-0.910625
-0.839375
-0.805
-0.7825
-0.815
-0.830625
-0.91625
-0.958125
-1.0525
-1.146875
-1.21375
-1.2925
-1.20625
-1.04125
-0.805
-0.57875
-0.448125
-0.475
-0.735
-0.91625
-1.050625
-1.0425
-0.759375
-0.665625
-0.585625
-0.643125
-0.736875
-0.624375
-0.5275
-0.304375
-0.14125
-0.1375
-0.20875
-0.305625
-0.411875
-0.390625
-0.364375
-0.415
-0.501875
-0.6525
-0.674375
-0.601875
-0.6
-0.605625
-0.611875
-0.709375
-0.579375
-0.434375
-0.416875
-0.35
-0.47
-0.65375
-0.76625
-0.83125
-0.774375
-0.733125
-0.716875
-0.800625
-0.980625
-0.960625
-0.89625
-0.784375
-0.580625
-0.505
-0.468125
-0.445625
-0.5625
-0.8075
-0.989375
-1.21875
-1.3925
-1.31
-1.27875
-1.12875
-0.94625
-0.899375
-0.863125
-0.86375
-0.7925
-0.875625
-1.099375
-1.38
-1.804375
-2.025625
-1.9825
-1.84875
-1.84875
-1.84875
-1.84875
