0.8675
0.8675
0.8675
0.8675
0.995625
1.0925
1.29625
1.386875
1.385625
1.350625
1.126875
0.95375
0.871875
0.84
0.929375
1.089375
1.126875
1.1325
1.091875
0.885625
0.7875
0.73875
0.76375
0.8775
0.959375
1.006875
1.041875
1.1375
1.215
1.2575
1.16375
0.97875
0.831875
0.7125
0.68125
0.724375
0.7375
0.8425
1.02625
1.195625
1.42
1.486875
1.433125
1.25625
1.00125
0.85375
0.8125
0.935
1.08625
1.168125
1.148125
0.996875
0.855625
0.729375
0.638125
0.71625
0.758125
0.90875
1.145625
1.204375
1.39875
1.473125
1.375625
1.341875
1.130625
0.96375
0.97
0.996875
1.09625
1.17125
1.09125
1.04625
1.048125
1.0175
1.0925
1.149375
1.15375
1.25875
1.318125
1.310625
1.269375
1.106875
0.975
0.8175
0.73375
0.8075
0.925
1.13375
1.30875
1.315625
1.215625
1.075
0.916875
0.87
0.911875
0.986875
1.053125
1.018125
0.911875
0.820625
0.76125
0.8
0.936875
0.9875
1.00625
1.038125
0.935
0.949375
1.036875
1.000625
1.1125
1.103125
1.064375
1.13625
1.09
1.15
1.205
1.216875
1.235
1.1975
1.166875
1.1525
1.161875
1.1325
1.020625
0.903125
0.775
0.699375
0.724375
0.735
0.796875
0.850625
0.826875
0.81375
0.738125
0.641875
0.619375
0.669375
0.823125
1.015625
1.13875
1.11625
1.055625
0.950625
0.8525
0.839375
0.7925
0.803125
0.9075
1.060625
1.1175
1.111875
0.97625
0.71875
0.614375
0.54125
0.5975
0.815
0.936875
1.05875
1.0725
0.970625
0.9125
0.93125
0.999375
1.030625
1.121875
1.059375
0.96375
0.96875
0.916875
1.01875
1.18
1.24375
1.22625
1.066875
0.87125
0.72875
0.675
0.695
0.7975
0.914375
1.073125
1.249375
1.3475
1.416875
1.355625
1.251875
1.064375
0.910625
0.825
0.736875
0.7425
0.7625
0.865625
1.004375
1.179375
1.3025
1.269375
1.2375
1.094375
0.9225
0.8675
0.77375
0.764375
0.81375
0.790625
0.788125
0.76125
0.7875
0.8425
0.87125
0.899375
0.81625
0.776875
0.82875
0.88625
0.985625
0.98
0.865
0.83375
0.845
0.956875
1.169375
1.2225
1.173125
1.076875
0.868125
0.7325
0.725625
0.736875
0.888125
1.0925
1.2725
1.516875
1.599375
1.585
1.490625
1.22875
1.123125
1.031875
0.936875
1.005
0.921875
0.898125
0.928125
0.875
0.910625
0.92375
0.904375
0.881875
0.86125
0.88125
0.946875
1.05375
1.175
1.2
1.235
1.2025
1.073125
0.97625
0.8125
0.721875
0.769375
0.93125
1.1225
1.338125
1.388125
1.258125
1.10625
0.858125
0.7025
0.70625
0.783125
0.873125
1.055625
1.170625
1.220625
1.304375
1.221875
1.0575
0.913125
0.831875
0.801875
0.88
0.99625
1.01
1.1425
1.2225
1.223125
1.300625
1.210625
1.10375
1.03125
0.875625
0.784375
0.780625
0.851875
1.011875
1.1525
1.253125
1.208125
1.124375
1.065625
0.929375
0.9525
0.964375
0.9775
1.10875
1.083125
1.0625
1.074375
0.98
0.95625
0.86875
0.74375
0.68625
0.649375
0.72375
0.8075
0.8625
0.88375
0.8425
0.7975
0.85125
0.96625
1.17
1.41875
1.513125
1.51625
1.406875
1.20625
1.049375
0.98375
0.92125
0.904375
0.94
0.88625
0.848125
0.883125
0.894375
0.915
1.0525
1.033125
0.9825
1.014375
0.86625
0.858125
0.975
1.0275
1.16375
1.17875
1.105625
1.044375
0.993125
0.99375
0.9125
0.87375
0.84125
0.888125
1.004375
1.046875
1.096875
1.0275
0.935
0.880625
0.74
0.671875
0.72875
0.82875
1.0475
1.241875
1.306875
1.32
1.23875
1.148125
1.05375
0.971875
0.930625
0.99625
1.06875
1.058125
1.0475
0.886875
0.775625
0.8375
0.894375
0.993125
1.0975
1.07375
1.055
1.05125
1.070625
1.134375
1.195625
1.2475
1.200625
1.063125
0.99875
0.935625
0.905625
0.955
0.853125
0.75625
0.721875
0.715
0.78625
0.9575
1.03625
1.08625
1.13625
0.9975
0.939375
0.929375
0.891875
0.96625
1.0375
1.04875
1.100625
1.128125
1.04875
0.980625
0.98375
1.03
1.178125
1.28875
1.245
1.203125
1.1
1.039375
1.030625
0.981875
0.968125
0.919375
0.88875
0.761875
0.635
0.559375
0.58
0.715
0.9025
1.075
1.09375
1.096875
0.995
0.873125
0.788125
0.74875
0.77875
0.81125
0.85875
0.793125
0.778125
0.839375
0.885625
1.015625
1.0025
0.9375
0.924375
0.87
0.87875
0.80625
0.683125
0.58625
0.52
0.514375
0.549375
0.589375
0.596875
0.63875
0.656875
0.676875
0.699375
0.668125
0.629375
0.560625
0.580625
0.66
0.749375
0.910625
0.944375
0.9925
1.040625
0.971875
0.95375
0.84125
0.72875
0.711875
0.676875
0.6875
0.698125
0.666875
0.671875
0.679375
0.686875
0.710625
0.698125
0.685625
0.68125
0.675625
0.67875
0.67625
0.6675
0.635625
0.613125
0.6525
0.685625
0.7375
0.855
0.85125
0.851875
0.8525
0.749375
0.73
0.74875
0.7675
0.826875
0.836875
0.80875
0.873125
0.936875
1.0575
1.144375
1.130625
1.115
1.078125
1.043125
0.931875
0.798125
0.724375
0.6825
0.73375
0.82
0.84125
0.884375
0.898125
0.955625
0.9375
0.8975
0.89875
0.84375
0.864375
0.890625
0.971875
0.984375
1.0025
1.065625
0.9775
0.958125
0.933125
0.806875
0.761875
0.773125
0.789375
0.850625
0.90625
0.918125
0.901875
0.89125
0.854375
0.754375
0.74625
0.725625
0.751875
0.89875
0.92625
0.97875
0.998125
0.915625
0.88375
0.895625
0.98875
1.075625
1.144375
1.156875
1.031875
0.9175
0.89
0.79375
0.835
0.93625
0.988125
0.988125
0.988125
0.988125
