0.2325
0.2325
0.2325
0.2325
-0.111875
-0.805625
-1.80375
-2.1325
-2.230625
-2.000625
-1.496875
-1.35375
-1.15625
-0.89375
-0.64375
-0.5075
-0.60125
-0.55375
-0.715625
-0.76375
-0.775
-0.955
-1.110625
-1.250625
-0.928125
-0.59125
-0.015625
0.6425
0.68875
0.3875
0.029375
-0.426875
-0.554375
-0.281875
-0.245
-0.18
-0.3075
-0.539375
-0.31125
-0.315625
-0.34375
-0.213125
-0.369375
-0.166875
0.08125
0.23125
0.148125
-0.354375
-0.44
-0.614375
-0.618125
-0.303125
-0.45375
-0.936875
-1.061875
-1.16125
-1.146875
-0.6025
-0.405625
-0.134375
0.055625
-0.019375
0.009375
-0.148125
-0.029375
0.17625
0.096875
0.110625
-0.4225
-1.003125
-1.413125
-2.106875
-2.096875
-1.659375
-1.05875
-0.235
0.236875
0.0225
-0.0975
-0.2175
-0.570625
-0.60875
-0.89375
-0.98375
-0.6075
-0.130625
0.428125
0.82
0.78375
0.60875
0.33625
-0.025
-0.1875
-0.374375
-0.580625
-0.69375
-0.8525
-1.005
-1.19
-1.759375
-2.05375
-2.13125
-1.79375
-0.7525
0.00375
0.495
0.499375
-0.14375
-0.97875
-1.60875
-2.151875
-2.464375
-2.533125
-2.803125
-3.025
-2.935
-2.740625
-2.445625
-1.7425
-1.468125
-1.19625
-0.980625
-1.46875
-1.76625
-2.371875
-2.92125
-2.766875
-2.63
-2.343125
-1.704375
-1.713125
-1.713125
-1.600625
-2.135625
-2.111875
-1.98375
-1.968125
-1.415
-1.20625
-1.14375
-1.025
-1.44625
-1.724375
-2.023125
-2.02375
-1.488125
-1.258125
-1.030625
-1.136875
-1.663125
-1.883125
-1.86875
-1.920625
-1.781875
-1.66375
-1.875625
-1.794375
-1.795625
-1.934375
-1.751875
-1.8125
-1.47125
-0.719375
-0.128125
0.215
-0.033125
-0.97625
-1.919375
-2.5625
-2.646875
-2.35125
-1.83625
-1.32125
-1.101875
-0.721875
-0.87625
-0.67875
-0.776875
-1.039375
-0.895
-1.29375
-1.388125
-1.31625
-1.33625
-1.206875
-1.08625
-1.209375
-1.3325
-1.294375
-1.25625
-1.075
-1.059375
-1.345
-1.630625
-2.1175
-2.078125
-1.59375
-1.174375
-0.77625
-1.025625
-1.4775
-1.484375
-1.265625
-0.473125
0.039375
-0.151875
-0.175
-0.780625
-1.065
-0.751875
-0.618125
-0.18875
-0.005
-0.073125
-0.490625
-0.899375
-1.226875
-1.871875
-2.22125
-2.653125
-3.01375
-3.135
-3.3125
-3.28875
-3.33875
-3.27625
-3.10125
-3.11625
-3.01
-3.01625
-2.783125
-2.54375
-2.036875
-1.09375
-0.741875
-0.33375
-0.2775
-0.98125
-1.285
-1.58875
-2.16
-2.35125
-2.75125
-2.913125
-2.5975
-1.93
-0.834375
0.023125
0.62125
0.580625
-0.09875
-0.664375
-1.248125
-1.449375
-1.1625
-1.27625
-1.19875
-1.216875
-1.655
-1.7525
-1.754375
-1.851875
-1.36375
-0.983125
-1.145625
-0.8975
-0.938125
-0.99
-0.39
-0.165625
-0.315
-0.23875
-0.7625
-1.48875
-1.9475
-2.375625
-2.328125
-1.955
-1.20625
-0.8025
-0.75
-0.87875
-1.59
-1.99375
-2.221875
-2.170625
-1.79375
-1.8575
-1.865
-2.19375
-2.70375
-2.935625
-2.928125
-2.4975
-1.891875
-1.2775
-1.254375
-1.49375
-1.789375
-2.085
-1.789375
-1.595625
-1.10625
-0.5125
-0.51
-0.390625
-0.91875
-1.655625
-2.153125
-2.84125
-3.1775
-3.11375
-2.836875
-2.328125
-1.700625
-1.664375
-1.941875
-2.213125
-2.656875
-2.704375
-2.396875
-2.205625
-1.969375
-1.83
-1.735
-1.58625
-1.49375
-1.24625
-1.32875
-1.09625
-0.5275
-0.085
0.658125
0.70625
0.220625
-0.386875
-1.3625
-1.7825
-1.88375
-2.158125
-2.069375
-2.09375
-1.91125
-1.114375
-0.49375
0.145625
0.2675
-0.249375
-0.709375
-1.409375
-1.92
-2.1525
-2.184375
-2.153125
-1.89625
-1.52625
-1.29625
-0.979375
-0.91875
-1.131875
-1.62875
-2.116875
-2.509375
-2.425625
-2.156875
-1.888125
-1.619375
-1.60375
-1.40625
-1.104375
-0.515625
-0.27625
-0.378125
-0.68875
-1.28625
-1.2925
-1.11
-0.814375
-0.805625
-1.144375
-1.159375
-1.09125
-0.449375
0.10125
0.20375
0.11375
-0.295625
-0.543125
-0.633125
-0.521875
-0.6325
-0.94625
-1.246875
-1.74875
-1.9425
-1.7825
-1.608125
-1.0375
-0.583125
-0.4025
-0.45
-0.793125
-0.931875
-0.6425
-0.3525
-0.21625
-0.1575
-0.483125
-0.641875
-0.546875
-0.51625
-0.444375
-0.035625
0.326875
0.6025
0.65375
0.11375
-0.65625
-1.339375
-1.483125
-1.263125
-0.690625
-0.2375
-0.431875
-0.531875
-0.808125
-0.95625
-0.595625
-0.790625
-0.985625
-1.263125
-1.854375
-1.919375
-2.07375
-1.774375
-1.318125
-1.184375
-0.904375
-1.05625
-1.216875
-1.155625
-1.414375
-1.875625
-2.019375
-2.228125
-2.17375
-1.93
-2.0325
-1.87
-1.7075
-1.15
-0.7525
-0.885
-1.0825
-1.588125
-1.785625
-1.43125
-1.003125
-0.750625
-0.728125
-1.279375
-1.67875
-2.0575
-2.02125
-1.6025
-1.153125
-0.373125
-0.184375
0.1
0.17125
-0.16125
-0.0975
-0.520625
-0.921875
-0.82125
-0.913125
-0.41375
-0.125625
-0.328125
-0.346875
-0.948125
-1.28125
-1.31375
-1.53875
-1.485625
-1.60875
-1.98125
-2.009375
-2.02875
-1.786875
-1.200625
-1.101875
-0.7075
-0.49625
-0.74
-0.498125
-0.605625
-0.82875
-0.701875
-0.763125
-0.68875
-0.105625
0.28625
0.624375
0.500625
-0.064375
-0.246875
-0.620625
-0.495625
-0.16375
-0.2725
0.029375
0.445625
0.664375
0.90375
0.84375
0.49875
0.253125
0.375625
0.334375
0.396875
0.185625
-0.24125
-0.16125
-0.324375
-0.179375
-0.02125
-0.145625
0.023125
0.37125
0.510625
0.6675
0.51625
-0.16375
-0.52375
-0.9175
-0.86125
-0.24625
0.06625
0.47125
0.493125
-0.0675
-0.3675
-0.78125
-0.864375
-0.27625
0.21
0.790625
0.884375
0.330625
-0.13375
-0.870625
-1.311875
-1.44875
-1.908125
-2.1325
-2.150625
-2.004375
-1.74375
-1.19625
-1.0525
-1.144375
-0.855
-0.941875
-0.84
-0.78625
-1.081875
-1.288125
-1.36625
-1.39875
-1.455
-1.70875
-2.26625
-2.7025
-3.101875
-3.3775
-3.395
-3.46
-3.3775
-2.8825
-2.369375
-1.865
-1.508125
-1.521875
-1.719375
-1.63
-1.393125
-1.36625
-1.2475
-1.71125
-2.24875
-2.609375
-3.04375
-3.17375
-3.016875
-2.434375
-1.713125
-1.000625
-0.76625
-1.08375
-1.203125
-1.3875
-1.384375
-1.088125
-1.13625
-1.054375
-0.795625
-0.740625
-0.7775
-0.76875
-0.94375
-0.915
-0.6175
-0.55
-0.72625
-0.915
-1.295
-1.455
-1.07375
-0.958125
-0.746875
-0.6175
-0.88875
-1.094375
-1.1025
-1.144375
-0.930625
-0.319375
-0.103125
-0.0325
-0.4275
-1.223125
-1.82125
-2.25875
-2.36375
-2.330625
-2.010625
-1.625625
-1.15375
-0.808125
-0.944375
-0.948125
-0.828125
-0.386875
0.253125
0.498125
0.495625
0.050625
-0.55875
-0.87875
-1.203125
-1.39625
-1.130625
-0.956875
-0.718125
-0.33375
-0.545625
-0.651875
-1.0775
-1.610625
-1.67
-2.04125
-2.125625
-2.15625
-2.473125
-2.575
-2.676875
-2.8525
-2.825625
-2.8725
-2.6325
-2.149375
-1.595625
-0.77875
-0.535625
-0.270625
-0.4225
-0.61875
-0.61875
-0.61875
-0.61875
