0.8378125
0.8378125
0.8378125
0.8378125
0.837875
0.841
0.829125
0.828875
0.8236875
0.8215625
0.8310625
0.8445625
0.8686875
0.8951875
0.9299375
0.9303125
0.92525
0.90625
0.898
0.9085
0.919
0.9465
0.93625
0.9175
0.8941875
0.8780625
0.8838125
0.9065625
0.930625
0.939
0.932625
0.920875
0.9201875
0.9195
0.9389375
0.9443125
0.9820625
0.995625
0.992875
1.0245625
0.975875
1.0000625
1.0544375
1.0641875
1.1286875
1.1074375
1.0894375
1.1136875
1.10425
1.1241875
1.092875
1.0649375
1.06
1.0894375
1.1445
1.1494375
1.191375
1.1990625
1.232375
1.3169375
1.312625
1.3181875
1.2800625
1.19825
1.189125
1.1776875
1.157625
1.1335
1.0675625
0.9769375
0.913
0.863375
0.8713125
0.928625
1.012625
1.115375
1.1776875
1.238625
1.2653125
1.273375
1.2366875
1.13625
1.0420625
0.9546875
0.9568125
0.999375
1.0215
1.042125
1.018
1.0343125
1.080625
1.130875
1.1406875
1.073375
1.0011875
0.9368125
0.931875
0.9708125
1.00325
1.015375
0.9843125
0.9299375
0.8786875
0.8459375
0.8649375
0.908625
0.9925
1.10925
1.2165
1.35225
1.4221875
1.415
1.344125
1.1905625
1.042625
0.95
0.9305625
0.9843125
1.0589375
1.1149375
1.1614375
1.1984375
1.2793125
1.3415625
1.36125
1.318125
1.23025
1.179625
1.13325
1.1530625
1.172875
1.1688125
1.2064375
1.2011875
1.158875
1.097125
1.01275
0.9765
0.969625
0.9898125
0.9900625
0.944625
0.926
0.9019375
0.919
0.9740625
1.011125
1.0551875
1.104875
1.1321875
1.15725
1.198625
1.16875
1.145625
1.1311875
1.07625
1.0678125
1.0293125
0.9756875
0.96375
0.96875
1.0004375
1.042
1.0598125
1.06225
1.072
1.0846875
1.0996875
1.1186875
1.1230625
1.114625
1.1061875
1.0860625
1.0946875
1.1184375
1.1433125
1.171125
1.2008125
1.2176875
1.2579375
1.28525
1.25975
1.2219375
1.1221875
1.057125
1.010875
0.9750625
0.97325
0.9254375
0.9070625
0.92575
0.963125
1.053625
1.1011875
1.0881875
1.036875
0.943
0.9189375
0.9375
0.9869375
1.0450625
1.0319375
1.0033125
0.9863125
0.996875
1.01
1.0411875
1.04875
1.0349375
1.0441875
1.0411875
1.0435
1.0480625
1.079875
1.109375
1.1389375
1.16625
1.143
1.1174375
1.0906875
1.0906875
1.1406875
1.193
1.2199375
1.1810625
1.1079375
1.0359375
0.992375
1.0291875
1.081125
1.1308125
1.1985625
1.201625
1.1895625
1.1809375
1.1355
1.121
1.0995
1.0809375
1.092625
1.078875
1.0831875
1.06325
1.02875
1.0055625
0.9899375
1.00475
1.027125
1.078625
1.096
1.090875
1.0729375
1.01125
1.00325
0.995
0.977875
0.9885
0.9609375
0.97125
1.033125
1.0895625
1.1344375
1.134
1.0705
0.9991875
0.9546875
0.9435
0.9579375
1.004875
1.0555625
1.0928125
1.1311875
1.1195
1.0986875
1.0779375
1.05725
1.0925625
1.10325
1.118
1.1315625
1.095125
1.0861875
1.06675
1.022625
1.0096875
1.0139375
1.0096875
1.0566875
1.0770625
1.05225
1.0601875
1.063
1.103
1.1810625
1.240125
1.2313125
1.1925625
1.140875
1.0608125
1.0503125
1.073
1.093375
1.1629375
1.209375
1.2301875
1.2486875
1.22725
1.1916875
1.156125
1.10375
1.069625
1.0390625
0.9714375
0.919
0.895
0.9050625
0.963625
1.034375
1.0554375
1.0594375
1.032875
0.992875
0.9665
0.92725
0.9304375
0.961125
1.023375
1.09325
1.135625
1.153375
1.1289375
1.0895625
1.032
0.97675
0.960875
0.9478125
0.9870625
1.014875
1.0224375
1.0633125
1.051875
1.04025
1.0160625
0.9580625
0.93725
0.9365625
0.939875
0.943
0.933625
0.9111875
0.924875
0.950875
0.9745625
1.001125
0.9701875
0.9385625
0.904625
0.90075
0.934375
0.9673125
0.991125
0.959875
0.9244375
0.8975
0.8895625
0.92975
0.979125
1.040125
1.105
1.17175
1.21025
1.2274375
1.2331875
1.1923125
1.1828125
1.1751875
1.16
1.1458125
1.117125
1.066125
1.0226875
1.0215625
1.0425625
1.1081875
1.1994375
1.2506875
1.2299375
1.186875
1.078
1.0166875
1.007125
1.020875
1.0685625
1.0886875
1.10575
1.0814375
1.0641875
1.0469375
1.052
1.0686875
1.1045625
1.1180625
1.1069375
1.10225
1.08175
1.0793125
1.1048125
1.1291875
1.13375
1.16175
1.139625
1.1261875
1.144
1.127875
1.1205625
1.09925
1.0656875
1.06175
1.0656875
1.0825
1.088375
1.067625
1.084625
1.0685
1.0408125
1.0219375
0.973125
0.99575
1.056625
1.142875
1.2226875
1.2363125
1.2319375
1.17525
1.123875
1.0973125
1.0570625
1.069125
1.084625
1.0891875
1.1253125
1.141375
1.155125
1.184
1.188625
1.1909375
1.1985
1.176375
1.134125
1.07475
0.9795
0.925125
0.9191875
0.933375
0.9866875
1.024625
1.020375
1.0249375
1.0131875
0.9790625
0.968625
0.946375
0.9554375
1.0025
1.0595625
1.1020625
1.12225
1.1200625
1.1033125
1.103875
1.105125
1.107875
1.1129375
1.129375
1.1249375
1.1200625
1.1116875
1.0944375
1.1185625
1.145
1.1596875
1.163875
1.1173125
1.0783125
1.0896875
1.0925625
1.1488125
1.1899375
1.1703125
1.1800625
1.1629375
1.1388125
1.123875
1.0966875
1.046
1.032
1.04625
1.035
1.0521875
1.0408125
1.013
1.0294375
1.0404375
1.05675
1.0639375
1.049
1.03575
1.0118125
0.9961875
0.9615625
0.9763125
1.0158125
1.0805625
1.17575
1.2008125
1.18875
1.127
1.03925
0.9535
0.9225625
0.916125
0.927
0.9725625
0.9875
1.0541875
1.13225
1.183625
1.2530625
1.2505
1.2315
1.235375
1.1966875
1.1865625
1.159625
1.1094375
1.0868125
1.0536875
1.047375
1.050125
1.0531875
1.0553125
1.0868125
1.115625
1.159125
1.189625
1.15975
1.143875
1.091875
1.0844375
1.078875
1.06475
1.042
1.0171875
1.021875
1.0261875
1.083875
1.0778125
1.07475
1.083875
1.05875
1.088875
1.1090625
1.125
1.1485
1.134125
1.095125
1.0485625
1.0095625
1.00525
1.0468125
1.0819375
1.1095
1.136875
1.1441875
1.1529375
1.1395625
1.095625
1.054625
1.0225
1.0270625
1.0740625
1.10825
1.1346875
1.148875
1.1355625
1.137375
1.132125
1.1074375
1.0869375
1.05
1.024
1.0555625
1.08825
1.12725
1.2066875
1.22425
1.2285
1.22775
1.1418125
1.05075
0.9629375
0.8826875
0.8674375
0.881125
0.90375
0.9378125
0.9356875
0.9523125
0.993125
1.0025
1.0468125
1.0945
1.099
1.121125
1.1000625
1.028875
0.9938125
0.984625
1.0271875
1.0835625
1.1280625
1.1365
1.1109375
1.0975625
1.056125
1.024125
0.986
0.963125
0.9794375
0.9910625
1.014875
1.0230625
0.9985
0.9810625
0.95275
0.897875
0.90025
0.9115625
0.9828125
1.0799375
1.118125
1.1483125
1.1041875
1.088
1.06775
1.069375
1.09775
1.071625
1.08975
1.066375
1.0176875
1.0193125
0.972125
0.937
0.95025
0.929
0.9546875
0.99225
1.0068125
1.04425
1.067875
1.1090625
1.1349375
1.1569375
1.169125
1.1325
1.1474375
1.14725
1.1348125
1.1681875
1.1408125
1.1095625
1.085375
1.0275
0.990625
0.9841875
0.9945
1.0415
1.06775
1.0474375
1.03075
0.96525
0.945875
0.9751875
0.969625
0.9980625
0.988875
0.961625
1.006125
1.0405625
1.1064375
1.1661875
1.1591875
1.1770625
1.1639375
1.1550625
1.160875
1.1356875
1.121875
1.106875
1.093375
1.092375
1.1086875
1.1226875
1.1385625
1.1366875
1.1278125
1.1288125
1.1350625
1.1524375
1.1803125
1.19725
1.1783125
1.162625
1.104375
1.0709375
1.0911875
1.12575
1.171875
1.17325
1.1285
1.0715
1.064875
1.07925
1.1251875
1.1706875
1.1416875
1.1225625
1.0976875
1.0743125
1.107
1.132125
1.1515
1.1485
1.1445625
1.135375
1.1325625
1.16775
1.1474375
1.1300625
1.12075
1.0924375
1.0988125
1.1098125
1.1169375
1.1046875
1.1173125
1.10225
1.049
1.0045625
0.934625
0.9016875
0.9235625
0.9638125
1.0055625
1.047125
1.0656875
1.0791875
1.0691875
1.04775
1.0228125
0.9878125
1.00125
1.000125
1.0269375
1.0578125
1.065625
1.110125
1.0915625
1.1061875
1.09775
1.0671875
1.0934375
1.07075
1.0965
1.091625
1.0445625
1.0355
0.999875
1.006125
1.058
1.085625
1.120875
1.16425
1.1795625
1.1786875
1.1638125
1.102
1.024
0.9865625
0.942125
0.9528125
1.011625
1.0395
1.0734375
1.0764375
1.034125
1.000875
0.984375
0.9670625
1.0050625
1.04125
1.0721875
1.109625
1.0616875
1.0385625
1.0318125
1.005625
1.03975
1.078125
1.091875
1.1375625
1.17125
1.157125
1.131375
1.079375
1.0356875
1.0015625
0.9874375
0.98475
0.9665625
0.9991875
1.06575
1.1323125
1.2064375
1.2435
1.2435
1.2805625
1.3546875
1.39175
1.4288125
1.380125
1.249625
1.167625
1.0675625
1.03925
1.063
1.082875
1.1208125
1.1613125
1.2319375
1.3130625
1.41225
1.4858125
1.5219375
1.5219375
1.4805625
1.3911875
1.261375
1.1676875
1.095
1.095
1.15025
1.1618125
1.163875
1.1389375
1.0991875
1.092625
1.1353125
1.168875
1.2280625
1.253
1.216
1.2275
1.1731875
1.168875
1.164875
1.075125
1.06575
1.028875
1.0468125
1.1246875
1.1136875
1.0838125
1.041375
0.9995
1.055
1.1451875
1.1916875
1.211125
1.15625
1.086375
1.0275625
0.97925
0.96075
0.9451875
0.9629375
1.009625
1.0555
1.1181875
1.1579375
1.1501875
1.1196875
1.07925
1.0471875
1.0831875
1.1526875
1.2081875
1.254
1.23175
1.19175
1.14475
1.106875
1.067625
1.035625
1.01275
0.972125
0.98275
0.972875
0.99075
1.0345625
1.0361875
1.0768125
1.100375
1.13775
1.1830625
1.2243125
1.2379375
1.17725
1.169
1.119375
1.0869375
1.151875
1.1475625
1.189875
1.237375
1.2116875
1.209375
1.1435625
1.09775
1.0561875
1.01575
1.0076875
0.9678125
0.9673125
0.95225
0.967375
1.00725
1.053625
1.15475
1.214375
1.2855625
1.3096875
1.2703125
1.27675
1.2341875
1.208875
1.1854375
1.1159375
1.077375
1.0199375
1.0286875
1.0709375
1.076125
1.1274375
1.108375
1.0985
1.149875
1.166375
1.2160625
1.19375
1.11325
1.0605625
0.9969375
1.0061875
1.0705625
1.095625
1.119875
1.1199375
1.086
1.1020625
1.1105
1.125375
1.147875
1.13725
1.175875
1.181375
1.1856875
1.1761875
1.12925
1.1304375
1.1101875
1.1093125
1.06825
1.0290625
1.03275
1.0573125
1.1220625
1.137875
1.1099375
1.0505625
1.0099375
1.0025
1.0255625
1.0790625
1.0865625
1.0789375
1.079125
1.0603125
1.1174375
1.15975
1.183
1.20625
1.1360625
1.0958125
1.053625
1.0295
1.06925
1.1044375
1.1254375
1.0796875
0.99175
0.8895625
0.8338125
0.857375
0.934625
1.0238125
1.06975
1.0798125
1.0528125
1.048625
1.0798125
1.1139375
1.1419375
1.152875
1.136875
1.1040625
1.09525
1.0724375
1.0533125
1.07475
1.08475
1.0831875
1.089375
1.06
1.0381875
1.0431875
1.051875
1.0940625
1.1065625
1.10825
1.083375
1.0115625
0.961875
0.9188125
0.9061875
0.921125
0.9360625
0.966125
0.9923125
1.0408125
1.1061875
1.1495625
1.1778125
1.169625
1.12225
1.076375
1.0636875
1.0569375
1.073375
1.0748125
1.0135625
0.9596875
0.9240625
0.9221875
0.9488125
1.004625
1.0213125
0.9988125
1.004875
0.9635625
0.963375
0.9824375
0.9856875
1.0216875
1.0610625
1.1265625
1.1836875
1.2101875
1.1665625
1.1040625
1.02575
0.978875
0.97525
0.9708125
1.006375
1.007375
1.033125
1.052125
1.0365625
1.0464375
1.013125
0.9831875
0.96
0.950125
0.9673125
0.9655
0.97475
0.9410625
0.918
0.90875
0.9229375
0.9855
1.0080625
1.058125
1.078125
1.0545
1.0548125
1.0156875
0.9611875
0.9455625
0.9343125
0.955
1.0165625
1.0336875
1.045625
1.068375
1.0870625
1.153875
1.2355
1.2513125
1.227625
1.1585
1.082125
1.061625
1.0595
1.103875
1.133125
1.153125
1.2006875
1.2185625
1.2231875
1.19075
1.093625
0.9833125
0.91575
0.881875
0.928375
0.99275
1.0340625
1.094625
1.0779375
1.0870625
1.104875
1.087
1.097625
1.086625
1.0646875
1.044125
1.033
1.0365625
1.02825
1.055
1.125625
1.13175
1.1641875
1.1991875
1.1638125
1.2213125
1.26775
1.261625
1.2665625
1.1794375
1.0923125
1.0590625
1.0549375
1.124
1.1930625
1.2106875
1.19375
1.1673125
1.1431875
1.1200625
1.1369375
1.090125
1.04625
1.029125
0.97675
0.9975625
1.0066875
1.03925
1.0823125
1.0925625
1.13375
1.12925
1.1518125
1.1565
1.0919375
1.0386875
0.946
0.8858125
0.8970625
0.9426875
1.02025
1.096
1.1450625
1.139875
1.0990625
1.062125
1.0199375
1.0253125
1.0734375
1.0834375
1.0849375
1.0664375
1.0100625
1.0070625
1.00925
1.0075625
1.03775
1.0593125
1.0870625
1.111125
1.14375
1.1126875
1.1086875
1.1236875
1.0885625
1.1446875
1.1738125
1.1715
1.18
1.098125
1.007125
0.93375
0.915625
0.987
1.0698125
1.1565625
1.162
1.0970625
1.0691875
1.049125
1.0628125
1.102125
1.059625
1.0191875
0.98825
0.9373125
0.9356875
0.9111875
0.8835
0.9214375
0.9716875
1.0448125
1.147125
1.1581875
1.1500625
1.156125
1.1338125
1.157125
1.1619375
1.1178125
1.04375
0.99725
1.018
1.0483125
1.1109375
1.1384375
1.1195
1.1143125
1.1153125
1.108625
1.0571875
0.9971875
0.9200625
0.8734375
0.87925
0.893625
0.9621875
1.0040625
1.0344375
1.1104375
1.10375
1.099125
1.102125
1.013875
0.955
0.91525
0.8716875
0.87375
0.882625
0.8728125
0.863
0.86175
0.8699375
0.895625
0.9213125
0.9384375
0.947
0.9384375
0.9213125
0.9041875
0.9008125
0.9145625
0.9420625
0.9664375
0.9595
0.9554375
0.9495625
0.94225
0.945375
0.92225
0.89575
0.8815
0.8853125
0.8956875
0.9060625
0.90875
0.8919375
0.8873125
0.8793125
0.86275
0.852375
0.8571875
0.8610625
0.8735
0.89925
0.8944375
0.901625
0.917375
0.9221875
0.9384375
0.947
0.947
0.943625
0.94025
0.9739375
1.026625
1.0775
1.12525
1.1064375
1.0610625
1.0665
1.089625
1.14225
1.2280625
1.22025
1.2054375
1.220125
1.169
1.213875
1.23975
1.1905
1.2001875
1.1385625
1.07225
1.0491875
1.0288125
1.03175
1.0516875
1.076375
1.0563125
1.0115625
0.992625
0.9713125
0.996625
1.0731875
1.0955
1.126375
1.1094375
1.0471875
1.0400625
1.0614375
1.0909375
1.179375
1.24025
1.237125
1.2731875
1.2434375
1.2136875
1.191375
1.1386875
1.111625
1.0845625
1.105375
1.11375
1.1263125
1.13
1.1053125
1.100625
1.0651875
1.0475
1.0298125
1.0175625
1.0311875
1.00925
0.9873125
0.975625
0.964625
0.9994375
1.011875
0.9866875
0.97
0.92275
0.900875
0.922875
0.9509375
0.981875
1.001625
0.97525
0.941875
0.9170625
0.9460625
1.0223125
1.0610625
1.1006875
1.0701875
1.0051875
0.9694375
0.9328125
0.921875
0.9138125
0.925625
0.942
0.9571875
1.0085
1.025375
1.037
1.0239375
0.956625
0.9493125
0.9655
1.0141875
1.1098125
1.12025
1.107875
1.1098125
1.090375
1.1518125
1.204375
1.2295625
1.2444375
1.1724375
1.1148125
1.044875
0.9825625
1.013125
1.0415625
1.107
1.192625
1.1861875
1.176375
1.1505
1.10325
1.12275
1.14225
1.1764375
1.200375
1.209625
1.2155
1.1776875
1.1624375
1.1131875
1.08875
1.0708125
1.0428125
1.062375
1.0605
1.1225
1.2029375
1.2656875
1.28825
1.2251875
1.152875
1.0759375
1.0391875
1.0585625
1.0639375
1.0739375
1.079375
1.0695625
1.0555
1.0624375
1.1186875
1.151875
1.187875
1.1635
1.094375
1.0789375
1.0709375
1.1370625
1.16575
1.1416875
1.149125
1.078625
1.0459375
1.05225
1.0058125
1.0196875
1.07025
1.0785625
1.1249375
1.151875
1.14175
1.17875
1.178125
1.1744375
1.17075
1.1541875
1.182375
1.190125
1.15225
1.1055
1.0439375
1.029375
1.0613125
1.0868125
1.0971875
1.1085625
1.1229375
1.12025
1.1293125
1.089375
1.065
1.082625
1.0804375
1.081625
1.0391875
0.9673125
0.9266875
0.9295
0.977625
1.052625
1.115375
1.1535
1.1716875
1.1728125
1.163
1.1355
1.1068125
1.080375
1.0615
1.062625
1.0870625
1.10925
1.1570625
1.2324375
1.23975
1.236375
1.207375
1.1419375
1.140375
1.1433125
1.120625
1.1123125
1.0871875
1.0885
1.094625
1.0921875
1.0874375
1.0411875
1.0326875
1.026125
1.018375
1.055375
1.0601875
1.0515625
1.0221875
0.9960625
1.0085
1.04875
1.1171875
1.134375
1.1251875
1.09225
1.067625
1.09425
1.127
1.2076875
1.2585625
1.26575
1.2618125
1.197125
1.1885625
1.191625
1.20275
1.214875
1.1605
1.11375
1.0563125
1.0211875
0.999875
0.9605
0.9486875
0.953
0.9656875
1.0098125
1.03475
1.032625
1.0515
1.0569375
1.0658125
1.1260625
1.1464375
1.1901875
1.216875
1.203125
1.2573125
1.287
1.355
1.377375
1.329625
1.2585625
1.1831875
1.158875
1.1835625
1.22925
1.23125
1.268
1.2428125
1.2199375
1.2226875
1.16075
1.1289375
1.12275
1.10175
1.104125
1.1105625
1.0509375
1.0285
0.995375
0.9954375
1.051875
1.0669375
1.1098125
1.1151875
1.0886875
1.072625
1.01725
0.9694375
0.93325
0.925625
0.9615625
0.9856875
1.03325
1.065
1.0829375
1.1320625
1.1620625
1.1613125
1.13175
1.100875
1.07
1.08675
1.128875
1.1073125
1.063375
0.9796875
0.9009375
0.890125
0.9040625
0.9578125
1.033125
1.072375
1.114
1.1375625
1.1135625
1.11475
1.1275625
1.113125
1.094375
1.0653125
1.0035
0.9748125
0.9633125
0.938125
0.9406875
0.9529375
1.016
1.0830625
1.122625
1.137125
1.0595625
1.0066875
0.9699375
0.9408125
0.9589375
0.9659375
0.9815
1.001125
1.0410625
1.05575
1.0533125
1.0228125
0.95525
0.92575
0.9248125
0.9630625
1.0175
1.044
1.0274375
0.97425
0.91625
0.86525
0.84125
0.8451875
0.8739375
0.90125
0.92375
0.946125
0.927125
0.92075
0.912875
0.8813125
0.8984375
0.920875
0.9691875
1.05475
1.0899375
1.0894375
1.0451875
0.955625
0.8833125
0.8341875
0.8255625
0.868375
0.94175
1.0103125
1.035125
1.0285
0.977875
0.9334375
0.914875
0.881375
0.87025
0.8585625
0.8530625
0.9114375
1.0035
1.114125
1.25325
1.302875
1.2706875
1.21825
1.12875
1.103125
1.12225
1.165875
1.16475
1.125375
1.1126875
1.0380625
1.015875
1.0319375
0.99375
0.98175
0.974625
0.9559375
0.973375
1.0274375
1.056375
1.0701875
1.0910625
1.109875
1.1303125
1.165875
1.20725
1.1805625
1.1671875
1.141
1.04775
0.9975625
0.9725625
0.9580625
1.0091875
1.0839375
1.131125
1.1455
1.1474375
1.114875
1.0629375
1.0585625
1.0390625
1.0435625
1.060125
1.06425
1.0835
1.0913125
1.1255625
1.15225
1.1446875
1.1413125
1.0988125
1.029625
1.0138125
0.9705
0.9671875
0.9896875
0.966125
0.9925625
1.024625
1.1031875
1.21525
1.29175
1.317
1.271
1.2085625
1.1363125
1.077875
1.052625
1.0073125
1.0263125
1.0700625
1.0763125
1.10425
1.065125
1.0375625
1.0584375
1.08825
1.1153125
1.0998125
1.0696875
1.07175
1.098875
1.162125
1.2015
1.1548125
1.152
1.1130625
1.1183125
1.1691875
1.1296875
1.10825
1.066
1.0513125
1.10225
1.1498125
1.1864375
1.1726875
1.1726875
1.1726875
1.1726875
