-0.05
-0.05
-0.05
-0.05
0.01875
-0.009375
0.025
-0.018125
-0.051875
-0.016875
-0.031875
-0.00125
0.023125
0.035
0.103125
0.1375
0.178125
0.2
0.159375
0.1125
-0.00625
-0.090625
-0.171875
-0.209375
-0.18125
-0.178125
-0.096875
-0.059375
-0.009375
1.82145964978e-17
-0.015625
0.021875
0.021875
0.08125
0.090625
0.0375
0.015625
-0.01875
-0.028125
0.013125
0.03875
0.026875
0.04
0.03625
0.010625
0.0475
0.034375
0.01875
0.046875
0.0125
0.003125
-0.021875
-0.07125
-0.0425
-0.035625
-0.019375
-0.048125
-0.14875
-0.205625
-0.225
-0.146875
-0.065625
0.003125
0.015625
-0.021875
-0.0375
-0.046875
0.009375
0.090625
0.19375
0.28125
0.3125
0.29375
0.253125
0.1875
0.128125
0.09375
0.06875
0.078125
0.10625
0.14375
0.1625
0.140625
0.078125
-0.003125
-0.059375
-0.059375
-0.003125
0.06
0.066875
0.04875
-0.0225
-0.13875
-0.21125
-0.30875
-0.375
-0.31875
-0.265625
-0.168125
-0.04875
-0.02625
0.018125
0.045625
0.060625
0.094375
0.084375
0.08125
0.075
0.071875
0.1125
0.134375
0.119375
0.054375
-0.01375
-0.094375
-0.145
-0.120625
-0.118125
-0.05625
0.003125
0.0875
0.184375
0.253125
0.319375
0.310625
0.2675
0.215
0.151875
0.11125
0.11125
0.064375
0.024375
-0.010625
-0.0675
-0.0525
-0.034375
-0.040625
-0.03125
-0.05
-0.03125
0.009375
0.0375
0.084375
0.0875
0.121875
0.153125
0.1625
0.190625
0.178125
0.171875
0.171875
0.121875
0.05
-0.0625
-0.215625
-0.28125
-0.286875
-0.21125
-0.054375
0.04
0.11125
0.1075
0.031875
-0.01875
-0.059375
-0.025
0.065625
0.140625
0.184375
0.175
0.115625
0.06875
0.04375
0.03125
0.084375
0.1375
0.19375
0.196875
0.11875
0.028125
-0.090625
-0.10625
-0.04375
-0.00625
0.05
0.071875
0.040625
0.0625
0.059375
0.034375
0.04375
0.03125
0.06875
0.103125
0.1
0.096875
0.06875
0.05
0.028125
0.021875
-0.015625
-0.053125
-0.021875
-0.00625
0.05
0.115625
0.109375
0.0875
0.078125
0.05
0.046875
0.059375
0.075
0.1
0.103125
0.084375
0.01875
-0.046875
-0.06875
-0.04375
-0.021875
1.04083408559e-17
0.003125
-0.00625
0.034375
0.078125
0.11875
0.134375
0.121875
0.103125
0.084375
0.078125
0.053125
0.040625
0.003125
-0.059375
-0.0625
-0.08125
-0.05
0.04375
0.0625
0.09375
0.096875
0.05
0.0375
-0.0125
-0.059375
-0.096875
-0.090625
-0.028125
0.05
0.13125
0.15625
0.128125
0.046875
-0.034375
-0.1
-0.134375
-0.109375
-0.08125
-0.075
-0.05
-0.046875
-0.040625
0.009375
0.0375
0.065625
0.078125
0.06875
0.075
0.096875
0.14375
0.20625
0.2625
0.3125
0.33125
0.34375
0.33125
0.284375
0.26875
0.2375
0.21
0.2075
0.17375
0.1275
0.120625
0.06375
0.0475
0.059375
0.01875
0.078125
0.0375
-0.0125
-0.0375
-0.109375
-0.05625
0.0125
0.059375
0.1
0.1
0.06875
0.07875
0.091875
0.070625
0.05875
0.03
0.00125
0.013125
0.053125
0.1
0.121875
0.078125
-0.003125
-0.103125
-0.15
-0.08125
-0.00625
0.05625
0.065625
-0.003125
-0.053125
-0.059375
-0.009375
0.053125
0.075
0.053125
-0.009375
-0.05
-0.0125
0.06875
0.1375
0.184375
0.159375
0.1375
0.159375
0.134375
0.14375
0.1125
0.0375
0.034375
0.021875
0.015625
0.028125
-0.009375
-0.05625
-0.078125
-0.071875
0.00625
0.11875
0.225
0.33125
0.390625
0.425
0.45
0.45
0.45
0.45
0.425
0.375
0.325
0.275
0.275
0.325
0.375
0.425
0.45
0.434375
0.39375
0.3375
0.25625
0.18125
0.13125
0.065625
0.025
0.01875
-0.009375
0.040625
0.088125
0.085625
0.108125
0.068125
0.0175
-0.005
-0.014375
-0.0175
0.0175
0.04625
0.06125
0.085625
0.07875
0.075
0.071875
0.071875
0.075
0.078125
0.075
0.063125
0.0575
0.051875
0.0525
0.064375
0.073125
0.081875
0.084375
0.078125
0.06875
0.0625
0.0625
0.065625
0.071875
0.075
0.071875
0.071875
0.071875
0.071875
0.075
0.071875
0.09375
0.121875
0.159375
0.2
0.188125
0.158125
0.109375
0.085625
0.116875
0.1875
0.276875
0.34125
0.378125
0.371875
0.325
0.2625
0.175
0.06875
0.015625
-0.03125
-0.053125
-0.00625
0.01875
0.028125
0.046875
-0.028125
-0.1
-0.096875
-0.134375
-0.084375
-0.040625
-0.046875
-0.021875
-0.003125
0.028125
0.04375
0.05625
0.05
0.025
0.00625
-0.00625
-0.046875
-0.078125
-0.090625
-0.10625
-0.065625
-0.025
-0.01875
0.01875
0.015625
0.028125
0.10625
0.1125
0.125625
0.1325
0.051875
0.0525
0.0425
-0.001875
0.02
0.00125
0.03625
0.12125
0.214375
0.323125
0.39125
0.434375
0.403125
0.35625
0.309375
0.2375
0.2125
0.171875
0.10625
0.063125
0.041875
0.01125
0.005625
0.005
-0.0175
0.000625
0.01875
0.034375
0.05
0.025
0.003125
-0.01875
-0.040625
-0.009375
0.01875
0.05
0.08125
0.08125
0.078125
0.06875
0.059375
0.053125
0.05
0.053125
0.059375
0.065625
0.075
0.0875
0.109375
0.146875
0.1875
0.2125
0.19375
0.153125
0.096875
0.053125
0.034375
0.015625
0.009375
1.21430643318e-17
0.034375
0.075
0.109375
0.140625
0.11875
0.09375
0.071875
0.03125
-0.015625
-0.05625
-0.09375
-0.071875
-0.003125
0.06875
0.1125
0.10625
0.0875
0.06875
0.1
0.140625
0.13125
0.078125
0.015625
-0.040625
-0.028125
0.04375
0.0625
0.084375
0.06875
0.046875
0.084375
0.115625
0.159375
0.196875
0.190625
0.2
0.19125
0.173125
0.205
0.17125
0.16125
0.1075
0.04125
0.05
0.0125
0.053125
0.078125
0.09375
0.14375
0.159375
0.165625
0.15625
0.169375
0.191875
0.21125
0.19
0.17375
0.123125
0.081875
0.13125
0.125625
0.12
0.120625
0.049375
0.008125
0.02625
0.038125
0.046875
0.071875
0.071875
0.075
0.103125
0.103125
0.1
0.1
0.10625
0.1125
0.0875
0.05625
0.034375
0.040625
0.05
0.06
0.07
0.051875
0.075
0.103125
0.109375
0.09375
0.05875
0.02125
-0.000625
0.04
0.064375
0.08875
0.035
-0.084375
-0.165625
-0.2625
-0.2625
-0.1875
-0.14
-0.08625
-0.035625
-0.038125
-0.023125
0.029375
0.05125
0.060625
0.026875
-0.038125
-0.116875
-0.145625
-0.136875
-0.109375
-0.03125
0.028125
0.075
0.09375
0.05
-0.009375
-0.040625
-0.08125
-0.04375
0.0125
0.021875
0.08125
0.046875
-0.003125
-0.028125
-0.08125
-0.084375
-0.115625
-0.124375
-0.1425
-0.145
-0.056875
0.00875
0.093125
0.174375
0.174375
0.151875
0.11375
0.019375
-0.034375
-0.03125
-0.009375
0.053125
0.0625
0.003125
-0.075
-0.15
-0.1625
-0.140625
-0.10625
-0.04375
-0.03125
-0.04375
-0.075
-0.1375
-0.175
-0.1375
-0.115625
-0.103125
-0.09375
-0.11875
-0.090625
-0.103125
-0.071875
-0.096875
-0.146875
-0.11875
-0.128125
-0.046875
0.05
0.11875
0.175
0.134375
0.0625
0.028125
-0.00625
0.053125
0.125625
0.12
0.126875
0.04
-0.06375
-0.126875
-0.218125
-0.2375
-0.215625
-0.153125
-0.034375
0.034375
0.10625
0.1375
0.14375
0.2125
0.25625
0.3
0.33125
0.31875
0.259375
0.1625
0.0625
-0.040625
-0.1
-0.125
-0.115625
-0.11875
-0.115625
-0.109375
-0.178125
-0.178125
-0.14375
-0.075
0.04375
0.09375
0.075
0.0375
0.009375
-0.021875
-0.003125
-0.015625
-0.021875
0.01625
0.00125
-0.029375
-0.06625
-0.12
-0.0925
-0.00875
0.059375
0.15
0.128125
0.09375
0.0625
-0.06875
-0.06875
-0.11875
-0.15625
-0.053125
-0.0125
0.071875
0.115625
0.0625
0.0125
-0.003125
0.0125
0.075
0.10625
0.046875
0.009375
-0.06875
-0.171875
-0.225
-0.35
-0.425
-0.4025
-0.355
-0.198125
-0.088125
-0.0075
0.06375
0.044375
0.09375
0.109375
0.071875
0.071875
-0.015625
-0.1125
-0.16875
-0.215625
-0.190625
-0.096875
0.0125
0.05625
0.0625
0.025
-0.021875
0.009375
0.015625
0.003125
-0.028125
-0.046875
0.0125
0.06875
0.134375
0.11875
0.009375
-0.078125
-0.1875
-0.23125
-0.25625
-0.309375
-0.309375
-0.328125
-0.284375
-0.159375
-0.075
-0.028125
3.46944695195e-18
-0.053125
-0.096875
-0.11875
-0.15625
-0.190625
-0.275
-0.34375
-0.3875
-0.3375
-0.209375
-0.084375
-0.03125
-0.096875
-0.184375
-0.24375
-0.225
-0.125
-0.018125
0.048125
0.0925
0.080625
0.076875
0.0825
0.044375
0.059375
0.034375
0.025
0.065625
0.05625
0.06875
0.028125
-0.01875
-0.05
-0.078125
-0.071875
-0.10625
-0.125
-0.184375
-0.240625
-0.21875
-0.18125
-0.08125
0.04375
0.075
0.046875
-0.0125
-0.08125
-0.0625
0.013125
0.091875
0.1175
0.068125
0.02375
0.004375
0.02875
0.103125
0.140625
0.128125
0.103125
0.078125
0.046875
0.025
-0.01875
-0.115625
-0.196875
-0.271875
-0.26875
-0.23125
-0.21875
-0.15625
-0.165625
-0.16875
-0.096875
-0.05625
0.0125
0.06875
0.028125
-0.046875
-0.0875
-0.0875
-0.04375
0.0225
-0.001875
-0.0575
-0.135
-0.229375
-0.23
-0.2525
-0.2
-0.0875
-0.0125
0.10625
0.2
0.25
0.253125
0.234375
0.14375
0.05
0.015625
-0.015625
0.025
0.071875
0.075
0.071875
0.040625
1.21430643318e-17
0.00625
0.025
0.046875
0.09375
0.096875
0.065625
0.0375
-0.04375
-0.078125
-0.05625
-0.015625
0.059375
0.10625
0.08125
0.028125
0.01875
-0.003125
-0.009375
-0.04375
-0.115625
-0.15625
-0.14375
-0.096875
-0.09375
-0.13125
-0.2
-0.25
-0.2625
-0.25625
-0.246875
-0.309375
-0.375
-0.4
-0.375
-0.246875
-0.065625
0.046875
0.109375
0.146875
0.140625
0.178125
0.190625
0.153125
0.071875
-0.01875
-0.115625
-0.1875
-0.19375
-0.19375
-0.13375
-0.105
-0.12625
-0.135
-0.191875
-0.208125
-0.20875
-0.28125
-0.334375
-0.40625
-0.45625
-0.403125
-0.325
-0.20625
-0.065625
0.034375
0.121875
0.178125
0.209375
0.2375
0.1875
0.115625
0.025
-0.06875
-0.046875
-0.003125
0.01875
0.0375
-0.04375
-0.078125
-0.065625
-0.096875
-0.0125
2.08166817117e-17
0.0125
0.096875
0.1
0.14375
0.134375
0.109375
0.08125
0.025
0.025
0.025
0.025
