0.0865141425696
0.0865141425696
0.0865141425696
0.0865141425696
0.0901670052515
0.110004391699
0.104999433629
0.104898925937
0.0988856412809
0.0647914825186
0.0564653603607
0.0480617103299
0.044219438234
0.0532700049767
0.0426763085963
0.0469350028597
0.0528025165455
0.0600701743309
0.0761084628869
0.0624387204837
0.0589105059088
0.0544150498778
0.0479558638927
0.0565303537871
0.0454009258778
0.0326431805183
0.0235759011803
0.0172332391238
0.0335212881326
0.0510437480038
0.0651907278521
0.0734706582534
0.0536112204651
0.0345066349004
0.0168335295516
0.0022443622845
0.0172824484324
0.0315986433087
0.0510785659108
0.0782534780768
0.0758596309116
0.0753146146075
0.0723581100653
0.0646429261154
0.0734096108564
0.0795614707826
0.0865705475789
0.0796889043223
0.0692795107295
0.0625584940838
0.0434081810011
0.0372345018533
0.0329163850285
0.0231729419367
0.0207108516738
0.0289371624984
0.0370543772144
0.0480157506927
0.0755465018681
0.0828728858567
0.0903083659538
0.0980857578976
0.0795512575299
0.0628142896404
0.0508496962021
0.0489948302372
0.0586382298762
0.0721505953398
0.083746118964
0.0745107851949
0.0727529451306
0.087516434052
0.0915782910814
0.105645189744
0.101425955775
0.0696404563653
0.0460232379354
0.0231938326809
0.0111080729263
0.00971071425918
0.00793662583841
0.00739694828008
0.00706153577609
0.0106951325494
0.0150227662688
0.0167548410818
0.0256898123732
0.0417664006269
0.0590163523461
0.0835792251298
0.0967146287204
0.0929719358385
0.084423675434
0.0621875673146
0.0455870856205
0.0388003791902
0.0497812506964
0.0680845601616
0.0848375442884
0.0951424841602
0.0761982930869
0.0621007546665
0.0579511565116
0.0580818397225
0.0726322430531
0.0789779226615
0.0606205293808
0.0531439641534
0.0600871190457
0.0688394123852
0.0940735744157
0.09934639825
0.0755223614526
0.0534842511643
0.0278533971135
0.0178153945286
0.0226789918962
0.0286767245541
0.0366797365351
0.0305383219811
0.0286771887928
0.0239767713494
0.0211008122321
0.0262009392479
0.0219891330991
0.0196591187634
0.0137370570234
0.0125223763082
0.026849248676
0.0404270718048
0.055239305796
0.0603431467218
0.0439782661983
0.042743391097
0.0493030847737
0.0685358002362
0.100229612491
0.103822820492
0.100390471221
0.0834130276536
0.0629821119519
0.0544475465909
0.0388170917855
0.0298403390057
0.0225705921458
0.0170656489315
0.0172265076618
0.0213405915516
0.0254198575343
0.0395626592338
0.0562483287404
0.0677055092142
0.081255245898
0.0756354035906
0.0744404530227
0.0680051753337
0.0578706110867
0.0622602206805
0.0533751550557
0.0483590552554
0.0456982708033
0.0294923920551
0.0283854147323
0.043799766395
0.0574493144121
0.080691427924
0.088339993612
0.0664000698215
0.0473319269993
0.0394911664649
0.0416099521648
0.0585265804544
0.0736421944752
0.0619707678138
0.0510398019743
0.0475410665607
0.0530499558045
0.0741848895854
0.0950113367105
0.103943058331
0.0959966834783
0.0832447411033
0.065422847232
0.0506447347897
0.0456803976112
0.0440309572974
0.0429731892831
0.0467277202534
0.0514490284411
0.0554911553231
0.0634198891025
0.0645930204487
0.055216790216
0.0464454630874
0.0357308325101
0.0272670635599
0.0292284723202
0.0320143691181
0.0299733434104
0.0304835418075
0.0263404429952
0.0216047434059
0.0236794264237
0.022463817231
0.0235485110934
0.0328694969137
0.0489776534031
0.0670910892156
0.0906843993494
0.0995799103463
0.0889119357642
0.0809685784638
0.0600727276441
0.0402968528326
0.0313138328295
0.0166030350073
0.0086097720402
0.00572615298338
0.00290102801031
0.00286551374518
0.00460130246827
0.0105393804455
0.0167214158911
0.0233544592918
0.0418641228859
0.0513643048675
0.060562035297
0.0693830359729
0.0515525536846
0.0382268122024
0.0249010707203
0.0189901507104
0.0269393109953
0.0393932120865
0.0563518539838
0.0601421313386
0.0721687006514
0.0765805937056
0.0734072896627
0.0743592112398
0.0705612739455
0.0729832075556
0.0784855974567
0.100036024928
0.10314596038
0.101202656931
0.112287750039
0.0959247264705
0.0935067388898
0.0904706174004
0.0629078337505
0.0614018432136
0.0653170007948
0.0862462768052
0.11867381842
0.138072963477
0.148020903743
0.143516162937
0.150509687734
0.143050531461
0.140096115993
0.125250456811
0.0889585917596
0.068780686182
0.0502640590066
0.0425015227031
0.0402151468108
0.049058895186
0.0546130477089
0.0624415059163
0.0891614640976
0.0902986169399
0.0946924046825
0.109840283297
0.0958913012798
0.09263072035
0.0872074831574
0.0568646056942
0.0428476126986
0.0458280255368
0.0482487985501
0.0667784244108
0.0833619613902
0.0705984130462
0.0733485634596
0.0685135167757
0.06288183638
0.0861555181276
0.08506153949
0.0929770424649
0.116406244197
0.115434824592
0.124411345253
0.128883125107
0.108987244576
0.0961958419063
0.0834044392367
0.0706130365671
0.0632648333568
0.0571317751004
0.0490554133953
0.036032587704
0.029175781221
0.0253386157514
0.0234447537306
0.026972039828
0.0316815099273
0.0480280530198
0.0643745961123
0.0827749314783
0.0954883420363
0.0823819533681
0.0683754057447
0.0488372211782
0.0449339016854
0.0538219848621
0.0723808577647
0.108837295456
0.120611086764
0.132384878072
0.126617407839
0.0960075930892
0.0761518692109
0.0562961453327
0.045211052225
0.0391274353965
0.0344179652972
0.0297084951979
0.0249990250986
0.0273390205676
0.0294420221497
0.0299167062817
0.0303913904136
0.037533703734
0.0430476996041
0.0497153287925
0.062136501051
0.0598598741727
0.0608398821947
0.0771889786003
0.0817939949787
0.0923261797235
0.114021449688
0.106369634328
0.105845508769
0.115269323474
0.101953795245
0.104515232602
0.107882820566
0.0894112245504
0.0808875688002
0.0709396285347
0.068996325086
0.0764157889459
0.0897624211723
0.103109053399
0.0937163426899
0.101271828507
0.0969729775903
0.0926741266741
0.100632339615
0.0842228921703
0.0737406130923
0.0762867305707
0.0782732082241
0.087127169852
0.0929006751888
0.0856457839693
0.0808761949506
0.0794240561097
0.0812893674468
0.0701262822274
0.0706002700012
0.0708372638882
0.069208946438
0.0806090255443
0.0670894643799
0.0533329093286
0.0428329891776
0.033470221869
0.0345642005065
0.0341487068165
0.0349483580803
0.0465021002161
0.0609248378878
0.0774162234734
0.0910641466549
0.0813225605182
0.0692463176582
0.058272177614
0.050208118236
0.0506879089943
0.0504065803058
0.0502310980545
0.0442354544711
0.0456989671615
0.0533284990604
0.0609782253452
0.0814859725616
0.0925425149856
0.0971510131547
0.110157126251
0.101717033477
0.0986980888219
0.0950610102578
0.0670562713086
0.0620480635673
0.0709848918138
0.0850445947753
0.113491056905
0.115986572358
0.0912709650224
0.068847304444
0.0478808893328
0.0458718960996
0.0594977679399
0.0622797187083
0.0638743788485
0.0564595573761
0.0413940811415
0.0305726756494
0.0192772823834
0.0120449067437
0.00959999331495
0.0106480123153
0.0150134814936
0.0202953579838
0.0403718273923
0.0643172626254
0.0880923222337
0.114314152226
0.111083978935
0.109651338122
0.0974520719904
0.0793769358756
0.0758812180139
0.0575595711177
0.0489604765689
0.0429548518521
0.0373691310936
0.0317957126622
0.037384683092
0.0581482258652
0.0785895869389
0.107919495428
0.116808042844
0.0975572220695
0.0778646781154
0.0625970259008
0.0491269061643
0.0478885492724
0.0579655479131
0.0655219622073
0.0789308024274
0.0979054011395
0.0952720067742
0.0892464197907
0.0883622770726
0.0859164351663
0.0941464599009
0.0916421239108
0.0767196332141
0.0540336777365
0.0318001229304
0.0350560614726
0.0470129949714
0.0609594236754
0.0751730217858
0.0672185227551
0.0573657514354
0.0577190371316
0.0671491190605
0.0786137273544
0.0918454604877
0.0903343633244
0.0686864457138
0.0503139646733
0.0378888463853
0.0348866143253
0.0467551103403
0.0611683311174
0.0621768898232
0.0640066868951
0.0642747847789
0.0641011594827
0.0670112401488
0.0637000571941
0.050096933053
0.0379180934271
0.0339611543575
0.0322550769151
0.0453127205134
0.0569460795964
0.0572882235624
0.0584548555659
0.0444480758231
0.0434696926367
0.0469746952737
0.0615165101873
0.0842266060805
0.0939083054172
0.105019395895
0.0945874867228
0.0854401261987
0.0615376330508
0.037970552407
0.0252278948072
0.0108239588053
0.0111751554271
0.010716255413
0.0135569323846
0.0135569323846
0.0135569323846
0.0135569323846
