0.79875
0.79875
0.79875
0.79875
0.5775
0.460625
0.516875
0.750625
1.106875
1.53875
1.790625
1.8875
1.68875
1.429375
1.254375
0.946875
0.786875
0.656875
0.706875
0.88625
1.168125
1.438125
1.365
1.264375
1.009375
0.754375
0.75125
0.833125
0.93125
0.988125
1.0475
0.99
1.066875
1.22625
1.125625
1.135625
1.10875
1.06125
1.21125
1.288125
1.13125
1.065625
0.95375
0.84375
1.004375
0.879375
0.7775
0.718125
0.56375
0.583125
0.621875
0.6275
0.633125
0.6575
0.64375
0.64375
0.7225
0.76375
0.91875
1.06875
0.97125
0.921875
0.770625
0.629375
0.659375
0.804375
0.886875
0.959375
1.08375
0.9375
0.889375
0.845625
0.685625
0.604375
0.488125
0.546875
0.755625
1.045
1.36125
1.32875
1.1275
0.955
0.87375
0.9675
1.134375
1.185625
0.95875
0.73125
0.51125
0.4775
0.6075
0.7425
1.05125
1.0625
1.08
1.0875
0.92125
0.93375
0.93875
1.1225
1.14
1.209375
1.28625
1.110625
1.155625
1.10875
1.090625
1.055625
0.9425
0.79875
0.580625
0.55375
0.56
0.6175
0.785
0.8
0.776875
0.8075
0.740625
0.691875
0.700625
0.651875
0.601875
0.59875
0.51875
0.448125
0.419375
0.4425
0.555625
0.678125
0.811875
0.825625
0.76375
0.66375
0.67375
0.73625
0.913125
1.27375
1.350625
1.435
1.373125
1.15625
1.0675
1.07375
1.128125
1.1825
1.260625
1.210625
1.173125
0.984375
0.824375
0.72375
0.633125
0.67875
0.84125
0.984375
1.14
1.47875
1.52875
1.518125
1.475
1.1175
0.910625
0.7575
0.611875
0.5825
0.5225
0.42125
0.50125
0.620625
0.773125
1.014375
0.99625
0.9825
0.95125
0.99875
1.2175
1.4225
1.61125
1.54125
1.211875
0.9075
0.626875
0.5325
0.616875
0.690625
0.85875
0.896875
1.100625
1.250625
1.305625
1.591875
1.554375
1.621875
1.65625
1.384375
1.290625
1.050625
0.786875
0.825625
0.88
1.125
1.42125
1.4
1.338125
1.04875
0.80375
0.779375
0.761875
0.903125
1.005625
1.165625
1.22875
1.383125
1.518125
1.543125
1.658125
1.471875
1.46
1.289375
1.1225
1.128125
0.9225
0.87375
0.9075
0.93375
1.01625
1.168125
1.200625
1.32
1.326875
1.205625
1.14375
0.910625
0.7925
0.765625
0.8
0.9225
1.20875
1.574375
1.70625
1.879375
1.741875
1.31875
1.074375
0.795
0.63
0.6575
0.590625
0.558125
0.73
0.905625
1.148125
1.35
1.22625
1.126875
1.03625
0.975
1.05
0.995
0.94875
0.796875
0.675
0.63125
0.6975
0.798125
1.035
1.450625
1.56
1.745
1.64625
1.37375
1.28
1.141875
1.11375
1.085625
1.055
1.0175
1.045625
0.938125
0.820625
0.723125
0.529375
0.47125
0.420625
0.40125
0.445
0.545625
0.74125
0.956875
1.14875
1.19375
1.2225
1.14375
1.2475
1.498125
1.584375
1.77125
1.656875
1.461875
1.311875
1.200625
1.221875
1.266875
1.32375
1.14375
0.96375
0.92125
0.98375
1.21625
1.455
1.403125
1.1875
0.934375
0.660625
0.55875
0.584375
0.78
0.998125
1.15625
1.265
1.136875
1.0475
1.173125
1.3175
1.48875
1.5725
1.4825
1.340625
1.29
1.25125
1.2125
1.386875
1.49625
1.683125
1.71875
1.4075
1.194375
1.03875
1.016875
1.179375
1.243125
1.065
0.92875
0.795625
0.675
0.651875
0.663125
0.691875
0.74125
0.890625
0.98125
1.169375
1.354375
1.445
1.505625
1.3075
1.1125
0.961875
0.788125
0.753125
0.69875
0.6325
0.655625
0.7425
1.005625
1.26875
1.473125
1.5375
1.310625
1.0425
0.819375
0.61875
0.5525
0.556875
0.53875
0.609375
0.6575
0.654375
0.78375
1.004375
1.22875
1.515
1.494375
1.166875
1.031875
0.850625
0.851875
1.0275
0.9175
0.84
0.835
0.8925
1.17375
1.36125
1.55375
1.62125
1.410625
1.315
1.021875
0.85375
0.87375
0.82125
0.86625
0.828125
0.796875
0.768125
0.744375
0.795
0.8
0.835
0.86375
0.785
0.74
0.679375
0.634375
0.601875
0.611875
0.678125
0.895625
1.159375
1.42
1.584375
1.4425
1.331875
1.01
0.741875
0.78375
0.753125
0.95375
1.185
1.149375
1.178125
1.09375
0.950625
0.856875
0.76
0.660625
0.60625
0.78875
0.955625
1.23125
1.505
1.430625
1.396875
1.379375
1.298125
1.564375
1.668125
1.511875
1.4975
1.309375
1.228125
1.329375
1.236875
0.989375
0.756875
0.538125
0.5675
0.800625
1.189375
1.56
1.775625
1.88
1.68375
1.473125
1.12
0.871875
0.895
1.02375
1.355625
1.6025
1.601875
1.43625
1.24125
1.20125
1.21875
1.296875
1.29
1.148125
1.058125
0.958125
0.870625
0.74875
0.624375
0.674375
0.77125
0.905625
1.0675
0.900625
0.7075
0.61
0.585
0.775
0.9875
1.05125
0.925
0.745625
0.56625
0.484375
0.5925
0.856875
1.14
1.43875
1.563125
1.391875
1.35875
1.204375
1.18625
1.304375
1.185
1.226875
1.164375
1.1675
1.185625
1.05375
1.095625
1.090625
1.140625
1.26
1.1675
1.104375
1.07125
1.066875
1.121875
1.05625
0.941875
0.7925
0.636875
0.60875
0.71875
0.835
0.9925
1.085
1.039375
0.990625
0.956875
0.96375
0.959375
0.9675
0.951875
0.920625
0.944375
0.973125
0.939375
0.929375
0.861875
0.813125
0.865625
0.855
1.0425
1.19
1.29875
1.4625
1.385625
1.26875
1.113125
0.945
0.821875
0.76625
0.7975
0.784375
0.938125
1.00875
1.10125
1.234375
1.24125
1.31625
1.241875
1.17375
0.97
0.79375
0.696875
0.6775
0.79375
0.876875
0.940625
0.92125
0.905
0.891875
1.053125
1.155625
1.21875
1.3325
1.116875
0.935625
0.826875
0.610625
0.574375
0.73125
0.829375
1.001875
1.3375
1.33
1.42125
1.468125
1.201875
1.133125
0.8925
0.67875
0.585
0.493125
0.559375
0.69875
0.856875
1.0375
1.11625
1.00875
0.906875
0.68125
0.48
0.4225
0.460625
0.73
1.045
1.285
1.375625
1.16
0.916875
0.72
0.56875
0.54625
0.5175
0.478125
0.46125
0.505
0.53625
0.615
0.66125
0.805
0.946875
1.03875
1.160625
1.0025
0.951875
0.89875
0.7975
0.985
0.9925
0.9875
1.0325
0.778125
0.65
0.568125
0.47625
0.539375
0.6425
0.7225
0.89375
1.05375
1.19375
1.33375
1.260625
1.30875
1.145625
1.0275
1.095625
1.024375
1.15125
1.339375
1.42125
1.463125
1.429375
1.124375
0.945625
0.846875
0.75125
0.87375
0.964375
1.18875
1.530625
1.7625
1.7975
1.514375
1.0625
0.71
0.4725
0.41375
0.60375
0.82125
1.145
1.55375
1.61875
1.584375
1.555
1.340625
1.301875
1.23375
0.905625
0.7675
0.69125
0.7325
0.9675
1.011875
0.9375
0.778125
0.58
0.519375
0.684375
0.989375
1.381875
1.69625
1.668125
1.369375
1.03
0.839375
0.8275
1.00125
1.114375
1.005
0.926875
0.834375
0.731875
0.740625
0.71
0.720625
0.929375
1.19
1.423125
1.656875
1.679375
1.675
1.76125
1.735
1.67
1.538125
1.27875
0.963125
0.72875
0.549375
0.505
0.685625
0.933125
1.28
1.496875
1.516875
1.51
1.301875
1.180625
1.14
0.984375
1.001875
1.14125
1.430625
1.818125
2.04125
1.95125
1.586875
1.20375
0.86625
0.804375
0.864375
0.939375
1.02375
0.900625
0.830625
0.811875
0.89625
1.09375
1.244375
1.364375
1.355
1.36
1.33875
1.376875
1.426875
1.56
1.68
1.57375
1.65
1.449375
1.270625
1.208125
0.8275
0.698125
0.643125
0.636875
0.823125
0.8275
0.886875
0.88875
1.026875
1.260625
1.21625
1.37875
1.38625
1.568125
1.908125
1.948125
1.819375
1.371875
1.050625
0.87
0.853125
1.04625
1.091875
1.060625
1.151875
1.111875
1.186875
1.3925
1.363125
1.375
1.156875
0.97875
0.9475
0.96875
1.134375
1.015625
0.856875
0.684375
0.52375
0.5875
0.760625
0.939375
1.094375
1.20125
1.13
0.97625
0.9225
0.995
1.196875
1.494375
1.59125
1.45
1.344375
1.215
1.198125
1.27875
1.14125
0.98
0.86125
0.728125
0.774375
0.86375
0.8625
0.929375
0.919375
0.848125
0.999375
1.0825
1.199375
1.493125
1.53375
1.606875
1.619375
1.489375
1.516875
1.569375
1.703125
1.664375
1.414375
1.111875
0.873125
0.838125
0.92375
0.994375
0.85875
0.656875
0.4425
0.2725
0.283125
0.439375
0.614375
0.82
0.99625
1.004375
1.02625
0.97
0.790625
0.666875
0.54625
0.50125
0.579375
0.614375
0.736875
0.96625
1.165625
1.436875
1.496875
1.330625
1.215
1.064375
1.11625
1.34125
1.43625
1.515
1.5825
1.560625
1.615
1.691875
1.52375
1.221875
0.90625
0.590625
0.4525
0.585625
0.756875
0.9975
1.249375
1.196875
1.090625
0.82625
0.58625
0.515
0.4725
0.58125
0.555
0.52375
0.5025
0.395
0.493125
0.71375
0.935
1.315625
1.55625
1.56125
1.595625
1.361875
1.14375
1.218125
1.370625
1.61375
1.775625
1.589375
1.171875
0.796875
0.548125
0.51125
0.64375
0.870625
1.059375
1.219375
1.30125
1.211875
1.11375
0.9775
0.77375
0.626875
0.52125
0.466875
0.505
0.680625
0.76125
0.7775
0.78875
0.681875
0.685625
0.773125
0.863125
0.92375
0.926875
0.941875
1.125625
1.298125
1.48
1.55125
1.29875
1.044375
0.79
0.573125
0.5875
0.813125
1.041875
1.27625
1.344375
1.075
0.78375
0.50625
0.489375
0.75375
1.033125
1.306875
1.351875
1.16625
0.99875
0.9325
0.895
0.975625
1.066875
1.035
1.035
1.035
1.035
