2.30625
2.30625
2.30625
2.30625
2.49375
2.88125
2.8625
2.3875
1.63125
1.7125
2.28125
2.85
3.19375
2.68125
2.39375
1.5625
1.34375
1.1625
0.33125
0.5875
0.80625
1.56875
3.2375
4.01875
4.275
3.66875
2.21875
1.45625
1.28125
1.875
3.19375
3.4375
3.14375
1.83125
0.01875
-1.1
-2.45625
-2.20625
-1.475
-0.39375
1.475
1.98125
1.2
-0.40625
-2.5375
-4.49375
-4.76875
-3.5625
-2.05625
0.7375
2.5375
2.91875
3.2875
2.2375
1.9875
1.90625
1.775
2.25625
1.425
1.0625
0.48125
-0.05625
0.2125
0.45
1.0125
1.025
1.44375
1.75
1.375
1.0
0.06875
-0.9875
-0.8
0.04375
1.4
2.80625
3.0
2.79375
1.775
0.84375
0.68125
0.125
0.39375
-0.01875
-0.7125
0.01875
-0.00625
0.59375
1.48125
1.05
1.225
2.0375
2.01875
2.75
2.9
2.5125
2.64375
1.9125
1.74375
1.3375
1.2375
1.85
1.35
1.06875
0.50625
-0.3625
-0.30625
-0.3875
-0.9125
-1.58125
-1.7875
-1.825
-0.76875
0.81875
1.60625
2.28125
1.7375
0.20625
-0.3125
-1.275
-1.30625
-0.4375
-1.325
-1.19375
-1.5375
-1.94375
-0.64375
-0.21875
0.43125
0.925
0.5375
0.61875
0.53125
0.44375
0.8125
1.0125
0.88125
1.4
1.3
1.4875
2.14375
2.06875
2.35625
1.625
0.65625
-0.23125
-0.75625
-0.55
-0.40625
-0.95
-1.98125
-2.68125
-2.1375
-0.59375
1.2
2.60625
2.9875
2.4875
1.41875
0.29375
-1.6375
-3.0
-3.6
-3.93125
-3.0375
-1.6625
-1.1625
-1.375
-2.5875
-4.28125
-5.475
-5.59375
-4.8125
-4.21875
-3.275
-2.4
-1.19375
0.1625
1.30625
1.7125
0.9
0.55
0.225
0.0875
0.8
1.43125
2.075
2.18125
1.84375
0.59375
-0.89375
-1.4875
-2.49375
-2.44375
-2.15625
-1.925
-0.74375
-0.7
-0.43125
-0.20625
-0.4375
0.2875
0.75
1.46875
2.7125
3.99375
5.19375
5.56875
5.3625
4.55
3.19375
1.89375
1.075
0.13125
-0.26875
0.16875
-0.10625
0.39375
1.15
1.36875
1.98125
2.125
1.49375
1.2625
0.625
0.15
0.575
0.36875
0.61875
0.10625
-1.09375
-2.4875
-3.38125
-2.56875
-1.36875
0.79375
2.0875
2.35625
2.85
2.7375
3.2125
2.88125
1.85625
1.08125
-0.5625
-1.5625
-1.44375
-1.50625
-0.6625
1.025
1.25
1.875
2.0
1.28125
2.025
1.4
1.1125
1.09375
-0.05625
0.84375
1.5625
1.7125
1.69375
0.19375
-1.16875
-1.99375
-1.68125
-1.10625
-0.76875
-0.50625
-1.0625
-1.11875
-1.00625
-0.89375
-0.29375
-0.08125
-0.23125
-0.0625
-0.36875
-0.55625
0.13125
0.625
1.35625
1.86875
1.55
0.425
-0.13125
-0.48125
-0.38125
1.08125
1.2875
1.46875
1.21875
0.49375
0.9375
1.6375
2.2125
2.20625
1.925
1.2625
1.19375
0.9875
0.24375
-0.35
-1.35625
-1.33125
-1.0125
-0.4125
0.65625
0.925
1.6
1.025
0.1625
-0.41875
-1.9375
-2.1375
-2.3
-2.13125
-1.475
-0.96875
-0.06875
0.5
0.9125
1.525
0.90625
0.11875
0.1125
-0.31875
0.45
1.50625
1.41875
0.30625
-1.13125
-2.39375
-2.1125
-0.20625
1.16875
1.38125
0.44375
-1.125
-1.8375
-1.425
-0.91875
-0.69375
-0.79375
-0.78125
-1.28125
-1.15
-0.825
-0.85625
-0.04375
0.25
0.3625
0.4
0.6375
0.7
0.03125
-0.5125
-1.63125
-1.775
-1.26875
-0.8875
-0.20625
-0.0875
0.225
0.6625
0.33125
0.0625
0.05625
-0.59375
0.00625
0.50625
0.39375
1.40625
1.65
1.78125
2.06875
1.7875
1.7375
2.11875
2.575
2.775
2.69375
2.375
1.60625
1.5625
2.3625
2.3125
2.80625
2.9875
2.10625
2.68125
3.03125
2.98125
3.33125
2.7875
2.24375
1.74375
1.03125
0.73125
0.54375
0.6875
1.29375
1.31875
0.9
0.1875
-1.08125
-1.8625
-2.175
-2.01875
-1.2625
-0.73125
-0.01875
0.8625
0.94375
0.7875
0.75625
-0.375
-0.66875
-0.2625
-0.53125
0.5
1.51875
1.9125
2.59375
2.3375
1.66875
1.4625
0.775
0.2375
-0.19375
-1.2375
-1.31875
-1.56875
-1.45
-0.39375
0.04375
1.23125
1.74375
1.55
1.49375
0.55
-0.1
-0.19375
-0.31875
0.3875
0.775
0.8
0.6625
0.1375
-0.05625
-0.76875
-1.40625
-2.125
-2.84375
-2.78125
-2.11875
-1.3625
-0.33125
0.69375
1.2375
1.4125
1.31875
1.25625
1.48125
2.38125
3.64375
4.19375
3.6875
2.96875
1.9625
1.35625
1.55625
1.65
1.275
0.56875
0.26875
-0.03125
0.04375
0.85625
1.225
1.5125
1.7625
1.76875
1.98125
1.96875
2.06875
2.1625
1.84375
1.9125
1.28125
0.275
-0.96875
-2.66875
-3.73125
-4.23125
-3.9
-2.9375
-1.03125
0.2125
0.60625
0.4875
-0.91875
-1.84375
-1.8875
-1.675
-1.2375
-1.0375
-1.2125
-0.65
-0.075
0.9875
1.7
1.675
1.675
1.2875
1.4
1.15
1.425
1.61875
1.05
0.95
0.40625
-0.375
0.28125
0.725
1.1125
1.81875
1.00625
0.86875
0.73125
0.225
0.8875
0.775
0.15
0.2625
-0.825
-1.7625
-1.5875
-1.725
-0.5
0.725
1.40625
1.725
1.225
0.15625
-1.1375
-1.81875
-1.9375
-0.75
0.9125
1.84375
2.35
2.4375
2.025
2.35625
2.6875
2.8375
3.54375
3.73125
3.575
3.3375
2.36875
1.8
1.53125
0.975
1.06875
1.125
0.88125
0.66875
0.775
0.4375
0.60625
1.575
2.0
2.9875
3.575
3.33125
2.54375
0.79375
-0.36875
-1.525
-2.05
-1.575
-1.41875
-0.8125
0.1625
1.18125
2.16875
3.0
2.95
2.5375
1.74375
0.78125
0.38125
-0.7
-0.88125
-0.93125
-0.83125
0.7625
1.7125
2.4875
2.89375
2.35625
1.9
1.86875
1.55
1.30625
1.10625
0.41875
-0.475
-1.36875
-2.09375
-2.1375
-1.55
-0.9625
-0.70625
-1.2125
-0.9625
-0.85
-1.09375
-0.9125
-1.8375
-2.8875
-2.8625
-3.0
-3.3625
-3.24375
-3.8125
-3.99375
-3.1
-2.01875
-0.2625
1.1875
2.20625
2.875
2.03125
1.06875
-0.01875
-1.45625
-1.0375
-0.3
0.3
1.7125
2.31875
2.9875
3.81875
4.24375
4.50625
4.1375
3.49375
2.43125
0.5625
-0.775
-1.29375
-1.25
0.225
1.5375
1.39375
0.53125
-0.85
-2.23125
-2.20625
-1.14375
-0.73125
-1.0
-2.10625
-4.30625
-5.50625
-6.08125
-5.9125
-4.79375
-3.7875
-2.35
-1.28125
-0.01875
0.94375
2.1
3.0875
3.24375
3.45
2.71875
2.2125
1.8875
1.5375
1.58125
1.8
1.875
1.84375
1.7625
1.10625
0.875
0.7375
0.425
0.275
-0.35625
-1.2
-1.925
-2.19375
-1.53125
-0.28125
1.49375
2.25
1.9875
1.4875
0.375
-0.05
0.05625
-0.01875
-0.4375
-0.85625
-1.55
-1.7625
-0.575
0.35625
0.99375
0.25
-1.725
-2.5
-2.60625
-1.74375
-0.4
-0.4625
-0.64375
-0.625
-0.84375
-0.6
-0.90625
-1.1875
-1.39375
-1.45625
-0.65
-0.175
0.3375
0.69375
-0.0375
-0.4125
-0.8
-1.175
-0.38125
-0.20625
-0.2
-0.06875
-0.50625
-0.5375
-0.5625
-0.50625
-0.3875
-0.30625
0.01875
-0.16875
-0.40625
-0.06875
-0.13125
0.075
0.375
0.25625
0.96875
1.69375
2.39375
2.59375
2.325
1.9875
1.48125
1.2625
1.0125
1.0
0.85
0.86875
0.46875
-0.325
-0.95
-1.825
-2.25625
-2.075
-1.65
-1.0875
-0.08125
0.39375
0.9875
2.00625
1.8625
1.31875
0.39375
-1.34375
-2.08125
-1.6375
-1.15625
-0.1875
0.825
1.18125
2.05
3.025
3.84375
4.7375
5.1
5.18125
5.1375
4.91875
4.8625
4.3875
3.38125
2.93125
1.43125
0.7875
0.9625
0.59375
2.08125
2.84375
2.89375
2.55625
0.7625
-0.5625
-1.56875
-1.65
-0.8
0.40625
1.0625
1.25625
0.9625
0.13125
0.475
1.04375
1.41875
1.05625
0.13125
-1.075
-2.0
-1.875
-1.4
-0.8
0.525
1.8
2.6875
3.40625
2.7125
2.0875
1.05
0.3125
0.375
0.18125
0.525
0.66875
0.925
1.18125
0.83125
0.99375
1.1
0.725
0.63125
5.55111512313e-17
-0.35
0.1625
0.875
1.18125
0.53125
-0.5625
-0.975
-0.61875
0.25625
1.64375
1.83125
1.25625
0.73125
-0.975
-1.76875
-1.3125
-0.41875
1.4875
2.9625
2.8625
1.6125
-0.11875
-2.09375
-2.45625
-1.65
-0.38125
1.13125
1.8375
1.325
0.59375
0.38125
0.0125
1.325
2.20625
1.86875
1.5
-0.15625
-1.6625
-1.4875
-1.19375
-0.475
0.99375
1.2125
1.14375
0.36875
-0.75
-1.825
-2.1625
-1.29375
-0.95625
0.2125
0.84375
0.25625
0.68125
0.1625
-0.05625
0.9625
1.33125
2.1875
2.49375
1.89375
0.64375
-0.45625
-0.73125
-0.7375
-0.25
-0.75
-1.3625
-1.16875
-0.4125
1.4875
3.1625
3.66875
3.76875
3.8375
3.28125
3.125
3.36875
3.225
3.88125
4.39375
3.9625
3.1875
2.03125
0.59375
-0.15625
-0.3
-0.31875
0.03125
0.29375
0.0875
-0.1625
0.2125
-0.15
-0.75
-1.3
-2.9875
-3.36875
-2.975
-2.7875
-1.975
-2.15625
-2.35
-2.15
-1.4625
-0.0375
0.7625
1.28125
1.23125
0.66875
0.71875
1.4
2.26875
3.28125
3.725
3.28125
2.41875
1.8125
1.08125
0.58125
0.48125
-0.39375
-0.55
-0.1375
-0.0125
1.0375
1.86875
1.4375
1.29375
0.71875
-0.70625
-0.8625
-1.1875
-1.45
-0.49375
-0.05625
0.54375
1.10625
1.44375
1.50625
1.06875
0.61875
-0.34375
-0.89375
-0.975
-1.05625
-0.9875
-0.91875
-0.75625
-0.58125
0.00625
0.65625
0.8
0.3875
-0.4375
-1.325
-1.6
-0.69375
0.76875
2.06875
3.11875
3.6
3.63125
3.7125
3.29375
2.45625
1.61875
0.8125
0.89375
1.53125
1.4
0.7
-0.54375
-1.8125
-2.275
-1.95
-1.90625
-2.0875
-1.8625
-1.3375
-0.46875
0.15
0.53125
0.23125
0.125
0.43125
0.53125
0.81875
0.86875
1.06875
0.95
1.15
1.7625
2.00625
1.94375
1.1625
-0.51875
-2.1375
-2.1875
-1.69375
-0.23125
1.0
0.91875
-0.06875
-1.43125
-2.35
-2.99375
-2.21875
-1.3125
-0.4125
1.125
1.78125
2.28125
2.5875
2.26875
2.40625
2.3625
2.39375
2.5875
2.00625
1.44375
0.525
-0.7625
-1.1375
-1.64375
-1.55
-1.53125
-1.88125
-0.9125
-0.2
1.075
2.36875
2.55625
2.71875
2.84375
3.26875
3.775
4.41875
5.1875
5.325
5.2
4.88125
3.625
2.175
0.93125
-0.2
-0.8375
-1.19375
-1.38125
-1.41875
-1.4625
-0.3375
0.575
0.9125
1.4125
0.4
-0.20625
-0.28125
0.06875
1.21875
1.71875
1.93125
1.53125
0.1375
-1.21875
-2.6875
-4.04375
-3.98125
-3.30625
-2.16875
-0.575
-0.05
-0.375
-1.46875
-2.8625
-4.1625
-4.29375
-3.64375
-3.01875
-1.4875
-0.65
0.03125
0.51875
-2.77555756156e-17
-0.49375
-0.83125
-0.99375
-0.38125
-0.075
-0.05
-0.7
-1.75625
-2.05625
-2.28125
-1.8125
-1.675
-2.5125
-3.6875
-4.35
-4.1375
-2.8375
-1.525
-1.1875
-2.05
-3.43125
-4.0375
-3.5125
-2.10625
-0.9
-0.6
-1.9125
-3.625
-5.45625
-6.18125
-6.075
-5.76875
-4.5875
-4.76875
-4.675
-3.9
-4.29375
-3.38125
-2.6125
-3.20625
-2.89375
-3.83125
-4.5125
-3.96875
-3.53125
-1.95
-0.75625
-0.65
-0.6
-1.26875
-2.45
-2.76875
-3.5375
-3.90625
-2.96875
-2.46875
-1.31875
-0.8875
-0.9875
-0.6
-0.9125
-0.7625
-1.7625
-3.5375
-4.575
-4.93125
-3.475
-1.5375
0.03125
0.40625
-0.21875
-1.15625
-2.09375
-2.4625
-2.825
-2.63125
-3.0625
-3.29375
-3.4125
-4.225
-3.93125
-3.45625
-2.625
-0.79375
0.64375
1.11875
0.7875
-0.21875
-1.30625
-1.49375
-1.0875
-0.60625
0.2375
1.33125
2.55
4.0875
4.56875
3.75625
2.6875
0.55
-0.41875
-0.14375
-0.1375
0.75
1.03125
0.05625
-0.76875
-2.125
-3.675
-4.43125
-4.975
-5.0875
-4.91875
-4.8625
-4.7375
-4.725
-4.31875
-3.24375
-3.0125
-2.66875
-2.66875
-3.51875
-3.16875
-2.93125
-2.73125
-2.6125
-2.9875
-3.0875
-3.1625
-2.3625
-1.5875
-0.225
1.21875
2.0625
2.90625
2.53125
2.41875
2.38125
1.9625
1.825
0.5375
-1.38125
-2.45625
-3.5875
-3.5625
-2.5625
-2.4875
-2.3
-2.7375
-3.925
-4.8125
-4.81875
-4.26875
-3.125
-1.19375
-0.51875
-0.21875
0.01875
-0.99375
-1.10625
-0.925
-0.59375
0.3625
0.21875
0.21875
-0.7125
-1.01875
-0.45
-0.625
0.3375
0.73125
1.325
1.9875
1.7875
0.85
-0.9375
-2.46875
-3.3875
-3.3875
-3.50625
-2.74375
-2.43125
-2.16875
-1.3625
-2.09375
-2.30625
-2.5625
-2.61875
-2.18125
-2.40625
-3.025
-3.41875
-2.99375
-2.475
-1.6
-1.15
-1.35
-1.15
-0.8
-0.9125
-1.46875
-1.925
-2.7625
-2.78125
-2.125
-1.475
-1.25625
-1.23125
-1.53125
-1.88125
-1.675
-1.75625
-0.7875
-0.36875
0.25
1.325
1.14375
0.7625
0.14375
-1.26875
-2.275
-2.15625
-1.60625
-1.01875
-0.34375
-0.83125
-1.725
-1.5125
-2.10625
-1.69375
-1.8125
-3.29375
-3.5125
-4.58125
-4.5875
-3.9125
-3.85625
-2.83125
-2.2875
-1.425
-0.3875
0.24375
0.44375
0.55
0.38125
-0.0625
-0.1125
-0.76875
-1.15
-1.9375
-1.91875
-1.1375
-1.175
-0.50625
-1.06875
-2.0375
-2.325
-2.9375
-3.125
-3.80625
-4.325
-4.1375
-3.925
-2.625
-1.10625
-0.13125
0.79375
0.81875
0.4625
0.24375
-0.33125
-0.26875
-0.20625
-0.9625
-0.95625
-1.25625
-2.1
-2.2625
-3.35
-4.4375
-4.3
-3.925
-3.00625
-1.74375
-1.64375
-1.475
-0.41875
-0.65
-0.6
-1.2375
-3.4875
-3.85
-3.43125
-2.2125
-0.26875
0.08125
0.15625
-0.2
0.16875
1.50625
2.075
2.0875
1.03125
-0.6625
-2.31875
-3.40625
-3.80625
-3.15625
-1.19375
1.3375
3.15625
3.275
2.5875
1.30625
0.41875
0.5
-0.46875
-1.95625
-3.2
-3.7625
-2.8125
-0.35
0.975
1.49375
1.1625
-1.10625
-1.76875
-2.4375
-2.15
-0.375
0.86875
2.3625
2.31875
1.18125
-1.05
-3.425
-4.23125
-4.40625
-3.45625
-2.44375
-2.1125
-1.675
-1.475
-1.2875
-1.2625
-1.05
-0.10625
0.39375
0.5375
0.05625
-2.18125
-3.48125
-4.2625
-4.4875
-3.6875
-3.11875
-1.6625
-0.325
1.58125
2.65625
2.475
2.00625
0.4
-0.85
-1.68125
-2.05625
-1.125
0.725
2.275
3.2875
3.30625
2.16875
1.50625
0.9125
1.0375
1.46875
1.7125
2.09375
1.66875
1.49375
0.9375
0.80625
1.03125
1.125
2.2125
2.4875
2.875
2.94375
2.01875
0.84375
-0.9
-1.675
-2.65
-2.73125
-2.60625
-3.4625
-3.21875
-2.875
-1.7375
-0.825
-0.46875
-0.34375
-0.7875
-0.11875
0.675
0.6625
0.6625
-0.45
-2.36875
-2.925
-4.08125
-4.0
-2.68125
-2.18125
-1.025
-1.23125
-1.98125
-2.7125
-2.6125
-1.31875
-0.05
1.5375
2.03125
1.81875
1.3
0.19375
-0.5
-0.35
0.39375
2.25625
3.59375
4.28125
4.5
3.3375
2.125
0.18125
-1.4625
-2.19375
-2.2125
-1.225
-0.0875
0.725
1.075
1.60625
1.88125
1.9375
2.24375
1.55
0.6875
0.4125
-0.3125
0.05
0.3875
0.3
1.2625
1.39375
2.2875
3.84375
4.5125
4.7875
3.60625
0.9125
-1.89375
-3.78125
-4.35625
-3.28125
-1.8
-0.25
0.65
0.6125
0.3
-0.29375
-0.31875
-0.275
-0.2125
-0.50625
-1.6875
-2.91875
-3.56875
-3.55625
-3.0
-1.96875
-2.2875
-3.50625
-4.4875
-5.70625
-5.71875
-4.65
-3.5
-2.35
-1.6
-1.31875
-1.33125
-1.34375
-1.35
-1.375
-1.84375
-2.0375
-2.15625
-2.64375
-2.45
-2.53125
-2.25625
-0.90625
0.325
1.93125
2.9
2.33125
1.05
-0.60625
-1.6375
-2.025
-1.3
-1.0375
-1.01875
-0.8375
-1.74375
-2.06875
-2.65625
-2.6625
-1.9625
-1.6875
-1.76875
-2.43125
-3.18125
-3.18125
-2.6625
-2.4875
-1.65625
-1.39375
-0.45
1.4875
1.725
1.53125
-0.025
-2.4375
-3.25625
-3.31875
-2.01875
-0.30625
0.15625
0.73125
-0.1125
-1.1625
-1.03125
-1.40625
-0.40625
0.59375
0.64375
1.25
1.18125
0.76875
0.75
0.24375
-0.0875
0.19375
0.25625
-0.1125
-1.35625
-3.1
-4.56875
-5.28125
-5.25625
-4.9
-4.6
-4.7
-4.0625
-4.20625
-3.79375
-2.75625
-3.1375
-2.8375
-3.10625
-4.0625
-4.3375
-4.03125
-3.6875
-2.7
-1.19375
-0.30625
0.15
0.2375
-0.16875
-0.525
0.25
0.975
1.075
1.15
0.58125
-0.46875
-0.28125
-0.06875
-0.90625
-0.54375
-1.1625
-2.1125
-1.66875
-2.26875
-2.19375
-1.8
-2.01875
-1.95625
-2.55625
-2.7125
-2.91875
-3.04375
-2.39375
-1.9
-0.2
1.4625
2.96875
3.21875
1.95625
0.475
-2.2625
-4.0875
-5.36875
-6.3375
-5.65625
-4.6625
-3.55
-2.06875
-1.525
-0.91875
-0.7375
-1.16875
-1.53125
-2.49375
-2.81875
-2.65
-2.53125
-1.96875
-2.06875
-2.05
-0.825
0.40625
1.96875
2.45625
1.00625
-0.6375
-2.00625
-2.80625
-1.95625
-0.7375
0.2375
1.45625
1.9375
2.15625
2.48125
2.7875
3.0375
2.79375
1.96875
0.61875
-0.5875
-1.7
-2.36875
-2.2375
-2.51875
-2.1375
-1.75625
-2.1375
-2.3
-2.41875
-2.5375
-1.99375
-0.71875
-0.6375
-0.475
-0.86875
-2.1625
-2.575
-3.06875
-3.64375
-3.925
-3.975
-4.18125
-3.55
-3.08125
-3.0625
-2.8875
-3.80625
-4.2875
-4.7875
-5.025
-4.3125
-3.1875
-1.59375
-0.6875
-0.05
0.01875
-0.08125
0.7625
1.9625
2.1125
1.44375
0.3625
-1.75
-2.325
-1.59375
-1.59375
-1.34375
-1.2625
-1.91875
-1.40625
0.10625
0.875
1.48125
1.96875
1.25625
0.94375
1.6375
1.50625
1.96875
1.93125
0.43125
-0.65625
-1.89375
-2.725
-2.825
-2.95
-2.48125
-1.63125
-0.4625
0.83125
0.86875
0.5625
-0.0375
-1.43125
-2.03125
-2.49375
-2.75
-2.325
-1.79375
-1.45625
-1.61875
-1.2625
-0.34375
0.975
2.25625
3.3875
3.06875
1.675
0.5875
-1.51875
-3.0625
-3.56875
-4.075
-3.93125
-2.7375
-2.45
-2.45625
-2.075
-3.46875
-3.31875
-2.00625
-1.46875
0.15625
0.8375
0.075
0.35
0.90625
1.0
2.31875
2.1
0.71875
-1.11022302463e-16
-2.25625
-3.2
-3.4625
-4.55
-4.75
-4.83125
-4.36875
-2.39375
0.20625
1.91875
2.78125
2.10625
0.69375
-1.0
-1.94375
-2.2375
-2.25
-1.05625
-0.44375
0.9
2.075
2.325
2.85
1.61875
-0.05625
-1.3875
-3.3
-4.1875
-4.63125
-5.15
-5.51875
-5.25
-5.01875
-4.6375
-3.70625
-3.4125
-2.65625
-2.65625
-2.65625
-2.65625
