0.291875
0.291875
0.291875
0.291875
0.2225
0.231875
0.29125
0.399375
0.45875
0.486875
0.440625
0.294375
0.20875
0.075625
0.043125
0.019375
-0.014375
-0.014375
-0.125
-0.183125
-0.198125
-0.1875
-0.053125
0.095
0.15375
0.1775
0.080625
-0.096875
-0.213125
-0.210625
-0.100625
0.123125
0.359375
0.36625
0.285625
0.091875
-0.123125
-0.140625
-0.13125
-0.06625
-0.006875
-0.006875
0.04625
0.165625
0.228125
0.2725
0.275
0.135
0.043125
0.01625
-0.06375
-0.04125
-0.02125
-0.109375
-0.038125
-0.006875
0.115
0.280625
0.286875
0.375625
0.305625
0.301875
0.34875
0.27375
0.34625
0.26625
0.130625
0.035
-0.1175
-0.13125
-0.10875
-0.064375
-0.075625
-0.16
-0.155
-0.16625
-0.08875
-0.034375
-0.106875
-0.171875
-0.325625
-0.3
-0.100625
0.15625
0.499375
0.665625
0.656875
0.523125
0.321875
0.16625
0.035
0.00625
0.02875
0.013125
0.06625
0.12
0.139375
0.24125
0.30875
0.366875
0.385625
0.36375
0.351875
0.249375
0.244375
0.23125
0.12875
0.105625
0.040625
-0.075
-0.041875
0.00875
0.054375
0.22375
0.274375
0.26125
0.19625
0.02375
-0.05125
-0.126875
-0.14875
-0.16375
-0.26
-0.25875
-0.251875
-0.13875
-0.01625
0.04125
0.05625
0.056875
0.096875
0.13125
0.211875
0.176875
0.17625
0.12125
0.056875
0.053125
-0.00625
0.018125
0.085
0.113125
0.0875
0.0375
-0.066875
-0.14875
-0.14875
-0.114375
-0.121875
-0.135
-0.185
-0.265625
-0.24
-0.115
0.099375
0.3675
0.536875
0.5825
0.478125
0.20875
0.025625
-0.07875
-0.11625
-0.014375
0.008125
-0.03875
-0.0625
-0.100625
-0.1225
-0.11375
-0.051875
-0.00375
0.08875
0.175625
0.175625
0.175625
0.175625
