0.945
0.945
0.945
0.945
1.00375
1.015625
1.02375
1.041875
0.98875
0.96125
0.945625
0.911875
0.9225
0.933125
0.91125
0.8975
0.860625
0.818125
0.84875
0.903125
0.966875
1.053125
1.0575
1.048125
1.0925
1.098125
1.139375
1.129375
1.0425
0.975625
0.904375
0.874375
0.869375
0.885625
0.8825
0.89625
0.895625
0.906875
0.97125
1.009375
1.11125
1.138125
1.13125
1.1675
1.133125
1.18625
1.22375
1.19875
1.198125
1.11
1.03625
0.984375
0.959375
0.97125
0.963125
0.949375
0.8725
0.816875
0.784375
0.765625
0.770625
0.75125
0.77875
0.80375
0.863125
0.96625
1.018125
1.09375
1.161875
1.16
1.150625
1.0975
0.99625
0.93625
0.855
0.795
0.8025
0.805
0.84625
0.893125
0.8825
0.871875
0.84625
0.82
0.803125
0.791875
0.783125
0.7575
0.77
0.786875
0.82125
0.869375
0.8825
0.885625
0.91
0.930625
0.951875
0.9525
0.88375
0.85125
0.878125
0.930625
1.008125
1.040625
0.97375
0.91875
0.8725
0.8175
0.834375
0.810625
0.80125
0.81875
0.79375
0.81375
0.810625
0.8025
0.82
0.796875
0.7825
0.775
0.765625
0.775625
0.81
0.81125
0.803125
0.8275
0.82125
0.83875
0.8675
0.829375
0.785
0.740625
0.691875
0.725625
0.785625
0.868125
0.953125
0.941875
0.930625
0.898125
0.87875
0.92
0.925625
0.90625
0.853125
0.781875
0.75375
0.761875
0.795625
0.828125
0.845625
0.88875
0.9125
0.955625
0.970625
0.91125
0.914375
0.8925
0.89625
0.9725
0.9475
0.941875
0.9325
0.838125
0.845
0.838125
0.855625
0.94125
0.925625
0.9675
0.964375
0.933125
0.97375
0.913125
0.889375
0.861875
0.79375
0.778125
0.771875
0.8125
0.894375
1.010625
1.0775
1.096875
1.0725
0.988125
0.916875
0.8375
0.778125
0.728125
0.695
0.683125
0.68
0.693125
0.748125
0.815625
0.88375
0.970625
0.975
0.95625
0.93
0.89875
0.910625
0.93125
0.985625
1.00875
1.010625
1.015625
0.9625
0.90375
0.875
0.84375
0.8275
0.85375
0.865625
0.89125
0.911875
0.90125
0.8675
0.820625
0.82625
0.841875
0.889375
0.925625
0.885625
0.85
0.7925
0.759375
0.77625
0.81
0.89375
1.000625
1.090625
1.12125
1.088125
0.97125
0.854375
0.7775
0.718125
0.7575
0.8225
0.931875
1.083125
1.18375
1.2625
1.259375
1.184375
1.060625
0.929375
0.871875
0.890625
0.98
1.0675
1.100625
1.059375
0.986875
0.925
0.846875
0.826875
0.825625
0.8225
0.888125
0.9225
0.930625
0.945
0.933125
0.923125
0.97375
1.05375
1.0775
1.124375
1.076875
0.97
0.93
0.85875
0.839375
0.84
0.799375
0.781875
0.783125
0.785
0.818125
0.88
0.913125
0.970625
1.0275
0.99875
0.96625
0.9
0.80125
0.773125
0.764375
0.765
0.82875
0.84875
0.871875
0.9025
0.864375
0.853125
0.826875
0.800625
0.791875
0.78875
0.785625
0.78
0.783125
0.76375
0.76625
0.81
0.8625
0.94
0.97875
0.929375
0.914375
0.8725
0.8575
0.888125
0.841875
0.829375
0.805
0.804375
0.849375
0.8625
0.889375
0.88375
0.845625
0.835625
0.82625
0.81625
0.835625
0.816875
0.783125
0.76
0.76125
0.80875
0.86375
0.92375
0.92875
0.8875
0.861875
0.846875
0.879375
0.9475
0.99
1.016875
0.99625
0.969375
0.9525
0.92
0.919375
0.913125
0.916875
0.93625
0.925
0.9125
0.874375
0.83125
0.833125
0.819375
0.8525
0.91125
0.9475
0.999375
0.98375
0.926875
0.854375
0.789375
0.78125
0.83
0.91
0.990625
1.06625
1.09
1.09
1.081875
1.0425
1.010625
0.995
0.979375
0.995
1.01125
1.00125
1.019375
1.02125
1.071875
1.15875
1.18125
1.190625
1.133125
1.0575
1.008125
0.986875
0.975625
0.954375
0.95125
0.8975
0.87625
0.859375
0.82625
0.85125
0.87
0.901875
0.944375
0.981875
0.98875
0.980625
1.01125
1.008125
1.033125
1.07125
1.026875
1.02375
1.038125
1.0725
1.145625
1.15875
1.1175
1.035
0.951875
0.90625
0.8825
0.85875
0.860625
0.886875
0.921875
1.01625
1.1125
1.18
1.248125
1.244375
1.190625
1.12375
1.075625
1.033125
1.041875
1.06625
1.050625
1.08125
1.08875
1.08625
1.095
1.08
1.02375
0.984375
0.97875
0.949375
0.970625
0.9775
0.934375
0.93625
0.92625
0.9625
1.030625
1.104375
1.154375
1.121875
1.106875
1.02375
0.97875
0.9725
0.89375
0.871875
0.828125
0.794375
0.80625
0.796875
0.795
0.788125
0.7825
0.77
0.7525
0.728125
0.710625
0.72375
0.7625
0.830625
0.904375
0.96
0.995
0.999375
0.97375
0.9325
0.875625
0.816875
0.811875
0.838125
0.875
0.936875
0.946875
0.94125
0.945625
0.95375
0.97625
0.98875
1.011875
1.02625
1.0275
1.033125
1.000625
0.91
0.83375
0.775625
0.7625
0.82
0.870625
0.89625
0.899375
0.8575
0.829375
0.81375
0.775625
0.7825
0.7825
0.7775
0.833125
0.850625
0.868125
0.939375
0.934375
0.9525
0.970625
0.89125
0.85
0.79375
0.735
0.725
0.719375
0.72875
0.74875
0.789375
0.835625
0.88125
0.944375
0.986875
1.005
1.0175
1.016875
1.000625
1.005625
1.009375
0.95
0.899375
0.841875
0.76875
0.765625
0.82
0.89
0.99125
1.060625
1.05125
1.005
0.935
0.8825
0.8525
0.890625
0.973125
1.0625
1.1425
1.14875
1.10625
1.035
0.99125
0.955
0.905
0.88875
0.865
0.86
0.891875
0.9025
0.908125
0.9275
0.933125
0.964375
0.97625
0.9675
0.993125
0.96875
0.978125
1.0075
0.9775
0.97125
0.93625
0.87625
0.821875
0.785
0.775
0.793125
0.8575
0.891875
0.908125
0.893125
0.85
0.824375
0.804375
0.795
0.81125
0.845
0.89125
0.9475
0.941875
0.95
0.95
0.939375
1.00375
0.98625
0.9475
0.93
0.850625
0.821875
0.824375
0.81375
0.8475
0.900625
0.918125
0.925625
0.91625
0.91625
0.956875
1.0275
1.074375
1.06375
1.038125
0.975
0.955
0.956875
0.9475
0.93375
0.905
0.89
0.884375
0.9175
0.941875
0.94
0.966875
0.9675
0.953125
0.9775
0.92
0.87625
0.87125
0.8275
0.85375
0.85375
0.834375
0.885
0.91625
1.0175
1.15
1.200625
1.231875
1.18125
1.04875
0.928125
0.84625
0.77625
0.77625
0.819375
0.845
0.909375
0.935
0.9325
0.906875
0.861875
0.86
0.843125
0.898125
0.93375
0.94125
0.989375
0.943125
0.94
0.921875
0.880625
0.87625
0.84375
0.8475
0.83375
0.84625
0.84375
0.826875
0.853125
0.840625
0.866875
0.87125
0.8475
0.89375
0.920625
1.0175
1.099375
1.10125
1.08375
0.984375
0.92375
0.878125
0.851875
0.85
0.809375
0.795625
0.8325
0.87625
0.95875
1.009375
0.978125
0.934375
0.851875
0.8125
0.804375
0.828125
0.8925
0.930625
0.970625
0.993125
0.996875
1.00125
1.023125
1.021875
1.015625
0.991875
0.915
0.87875
0.828125
0.819375
0.86125
0.87125
0.913125
0.91125
0.888125
0.8725
0.870625
0.890625
0.9075
0.946875
0.92875
0.91
0.88875
0.831875
0.825
0.85375
0.913125
0.989375
1.008125
0.960625
0.876875
0.818125
0.81375
0.856875
0.910625
0.955
0.960625
0.938125
0.938125
0.92
0.935
0.960625
0.96375
0.95875
0.92875
0.928125
0.940625
0.961875
1.015
1.02
0.99875
0.980625
0.95625
0.934375
0.928125
0.936875
0.9
0.8875
0.895
0.853125
0.86125
0.864375
0.85
0.904375
0.923125
0.925
0.93
0.88875
0.876875
0.9275
0.97375
1.031875
1.08875
1.071875
1.069375
1.044375
1.00625
0.990625
0.929375
0.91
0.90875
0.939375
1.015
1.073125
1.104375
1.05875
1.000625
0.92625
0.848125
0.830625
0.818125
0.814375
0.8575
0.888125
0.91375
0.963125
0.943125
0.9125
0.86375
0.8
0.80875
0.82625
0.88
0.94875
0.95
0.96
0.936875
0.889375
0.89625
0.89125
0.919375
0.93875
0.93375
0.93625
0.898125
0.856875
0.800625
0.73875
0.700625
0.69875
0.718125
0.739375
0.781875
0.80625
0.823125
0.86375
0.86
0.85625
0.87625
0.85125
0.894375
0.9375
0.95625
0.9975
0.96375
0.9125
0.851875
0.810625
0.798125
0.839375
0.943125
1.05875
1.205625
1.29
1.28
1.2075
1.054375
0.9175
0.875625
0.88375
0.951875
1.029375
1.026875
0.979375
0.910625
0.860625
0.8225
0.81125
0.82375
0.8
0.8
0.788125
0.77125
0.790625
0.8025
0.8625
0.914375
0.96625
1.026875
1.035
1.020625
0.965
0.919375
0.88375
0.893125
0.949375
0.969375
0.985
0.975
0.903125
0.888125
0.895625
0.935
1.0125
1.035
1.026875
0.941875
0.87625
0.8325
0.82
0.875
0.89125
0.93
0.96375
0.973125
1.01375
1.003125
1.01
1.026875
1.034375
1.0575
1.008125
0.935625
0.860625
0.7875
0.779375
0.810625
0.85
0.905625
0.94625
0.9575
0.97875
0.99375
1.005625
1.030625
0.996875
0.96125
0.905
0.84375
0.8375
0.865
0.961875
1.0775
1.16625
1.1925
1.13375
1.0325
0.95625
0.911875
0.910625
0.930625
0.964375
0.97375
0.955
0.926875
0.85125
0.8075
0.833125
0.91875
1.00625
1.090625
1.090625
1.00875
0.965625
0.8975
0.891875
0.928125
0.94
0.96875
0.9525
0.9125
0.863125
0.850625
0.849375
0.87125
0.90875
0.87375
0.856875
0.839375
0.83375
0.864375
0.884375
0.916875
0.93375
0.95125
0.984375
0.976875
0.979375
0.99625
0.97375
0.955
0.92375
0.88
0.858125
0.86625
0.8775
0.88125
0.89125
0.925
0.98625
1.059375
1.123125
1.1225
1.080625
1.015
0.955
0.923125
0.885625
0.91125
0.928125
0.941875
1.02625
1.061875
1.1225
1.2175
1.235
1.22125
1.17375
1.066875
0.9825
0.91875
0.886875
0.875
0.874375
0.9
0.91375
0.935625
0.96375
0.97125
0.954375
0.9575
0.92125
0.9
0.913125
0.873125
0.855
0.834375
0.805625
0.843125
0.843125
0.843125
0.843125
