0.071875
0.071875
0.071875
0.071875
0.19
0.57375
0.7875
0.7125
0.5475
0.065
-0.3375
-0.4325
-0.29125
0.00375
0.30375
0.45
0.30875
0.18
0.185
0.13375
0.22375
0.310625
0.1125
-0.029375
-0.03
0.091875
0.375
0.568125
0.488125
0.22
0.039375
0.03875
0.245625
0.41875
0.425
0.2625
-0.073125
-0.185
-0.260625
-0.135
0.1125
0.085
0.090625
-0.021875
-0.043125
0.084375
0.211875
0.21125
0.10875
0.013125
0.0625
0.3675
0.5175
0.776875
0.905
0.755
0.755625
0.494375
0.1575
-0.045625
-0.2475
-0.32375
-0.36875
-0.371875
-0.410625
-0.431875
-0.4225
-0.326875
-0.20625
0.055
0.2625
0.226875
0.245
-0.00375
-0.19875
-0.1375
-0.045625
0.26875
0.583125
0.66
0.604375
0.329375
0.046875
-0.0675
-0.0775
0.084375
0.26125
0.30875
0.17875
-0.044375
-0.275
-0.4575
-0.56125
-0.635
-0.70375
-0.596875
-0.425
-0.24875
0.06375
0.090625
0.18
0.4125
0.3625
0.4225
0.44125
0.2375
0.22375
0.293125
0.3175
0.3775
0.349375
0.220625
-0.025
-0.226875
-0.319375
-0.296875
-0.080625
0.194375
0.32
0.285
0.230625
0.083125
0.1
0.286875
0.27125
0.426875
0.421875
0.295625
0.340625
0.1075
-0.05
-0.086875
-0.16875
0.028125
0.356875
0.455625
0.569375
0.564375
0.28625
0.16125
0.0525
-0.12625
-0.17625
-0.115625
-0.063125
0.088125
0.241875
0.164375
0.159375
0.004375
-0.118125
-0.1075
-0.11625
-0.03125
0.0375
0.075625
-0.08875
-0.23625
-0.39
-0.533125
-0.525
-0.52
-0.3925
-0.279375
-0.04375
0.1775
0.156875
0.165
-0.0725
-0.313125
-0.3025
-0.23625
-0.06625
0.285
0.358125
0.29125
0.22125
-0.15375
-0.37125
-0.51875
-0.64375
-0.5425
-0.4525
-0.3625
-0.250625
-0.18
-0.115625
-0.05125
0.104375
0.1075
0.123125
0.214375
0.20125
0.28625
0.37875
0.305625
0.065
-0.033125
-0.02375
0.165625
0.165625
0.165625
0.165625
