0.878125
0.878125
0.878125
0.878125
0.850625
0.865625
0.881875
0.9175
0.945
0.924375
0.920625
0.905625
0.888125
0.87375
0.87
0.846875
0.829375
0.835
0.820625
0.87875
0.916875
0.991875
1.075
1.051875
1.0475
0.95875
0.85375
0.80875
0.77
0.815
0.893125
0.965625
1.064375
1.1175
1.13625
1.1675
1.116875
1.035625
0.9975
0.94125
0.96
1.00125
1.0
0.985625
0.9275
0.92375
0.931875
0.9625
1.009375
1.015
1.04875
1.125625
1.206875
1.270625
1.3025
1.250625
1.196875
1.14375
1.085625
1.050625
0.998125
0.971875
0.941875
0.961875
0.983125
0.97625
0.99625
0.96
0.93625
0.93125
0.90375
0.87625
0.851875
0.845625
0.861875
0.934375
1.000625
1.0275
1.04125
0.983125
0.940625
0.9
0.896875
0.970625
1.0225
1.100625
1.12125
1.05375
1.038125
1.013125
1.029375
1.1025
1.118125
1.138125
1.09625
1.08
1.060625
1.023125
1.073125
1.039375
1.03375
1.085625
1.075
1.11125
1.118125
1.030625
0.931875
0.865
0.825625
0.875
0.96375
1.001875
1.031875
1.003125
0.965625
0.9275
0.873125
0.83
0.81625
0.821875
0.84375
0.874375
0.839375
0.84
0.864375
0.935
1.06625
1.133125
1.205625
1.18625
1.121875
1.121875
1.04625
1.0525
1.061875
1.010625
1.005625
0.9275
0.880625
0.876875
0.873125
0.90875
0.911875
0.86625
0.83125
0.805
0.839375
0.95
1.054375
1.1525
1.206875
1.175
1.1525
1.125625
1.065625
1.043125
0.98875
0.950625
0.944375
0.9425
0.94125
0.893125
0.836875
0.78875
0.774375
0.83375
0.94875
1.04375
1.159375
1.1975
1.16
1.133125
1.03375
0.990625
0.99125
0.993125
1.018125
0.99125
0.935625
0.913125
0.903125
0.925
0.959375
0.92375
0.906875
0.9
0.915625
0.966875
1.02625
1.069375
1.05625
1.05375
0.980625
0.901875
0.875625
0.82625
0.8375
0.85125
0.8625
0.89875
0.918125
0.951875
0.955
0.944375
0.960625
0.973125
1.001875
1.03625
1.0
0.95875
0.913125
0.849375
0.85
0.86375
0.915
1.02625
1.1275
1.221875
1.240625
1.16
1.05
0.95
0.900625
0.946875
1.01
1.04
1.09875
1.09
1.07375
1.06375
0.971875
0.93
0.899375
0.925
0.9875
0.9825
0.973125
0.885625
0.813125
0.806875
0.80375
0.856875
0.903125
0.925625
0.966875
0.971875
0.978125
0.98
0.9775
0.9725
0.96625
0.96125
0.906875
0.869375
0.843125
0.835
0.86
0.89875
0.914375
0.903125
0.893125
0.855625
0.830625
0.821875
0.813125
0.82125
0.84
0.86625
0.93625
1.04625
1.13375
1.180625
1.155
1.050625
0.985
0.994375
1.04875
1.16375
1.22375
1.19125
1.121875
0.993125
0.921875
0.898125
0.8875
0.919375
0.906875
0.90875
0.918125
0.94125
0.963125
0.95375
0.985
1.009375
1.060625
1.150625
1.173125
1.134375
1.103125
1.024375
0.968125
0.970625
0.95875
0.98375
1.00125
0.99375
0.94625
0.883125
0.834375
0.799375
0.809375
0.81625
0.826875
0.851875
0.873125
0.914375
0.949375
0.964375
0.979375
0.980625
0.973125
0.974375
0.95875
0.94
0.92875
0.916875
0.92375
0.92125
0.9375
0.9325
0.9125
0.939375
0.944375
0.973125
1.009375
1.019375
1.02125
1.02
1.00875
0.94625
0.8975
0.8425
0.815
0.83
0.859375
0.880625
0.88
0.880625
0.849375
0.83125
0.80625
0.790625
0.8075
0.858125
0.93375
1.00375
1.05125
1.0275
0.984375
0.9425
0.913125
0.92875
0.986875
1.019375
1.026875
1.05125
0.9925
0.97
0.9775
0.938125
0.954375
0.935625
0.931875
0.936875
0.924375
0.97875
0.988125
1.009375
1.054375
1.03625
1.013125
0.9875
0.93
0.8575
0.825
0.80375
0.799375
0.8525
0.883125
0.9125
0.949375
0.97625
1.005625
1.01375
1.0075
0.9525
0.945625
0.964375
1.00125
1.0575
1.0425
1.01
0.965625
0.93
0.905625
0.87875
0.85375
0.863125
0.89625
0.936875
0.9725
0.98125
0.9725
0.97875
0.99125
0.973125
0.964375
0.92625
0.868125
0.8275
0.788125
0.773125
0.77625
0.796875
0.815
0.82375
0.8425
0.855625
0.880625
0.894375
0.905
0.893125
0.88875
0.895625
0.9025
0.935625
0.935625
0.93875
0.905
0.864375
0.828125
0.78875
0.790625
0.793125
0.831875
0.87875
0.91125
0.955
0.9475
0.935
0.916875
0.920625
0.946875
0.98625
1.03
1.003125
1.003125
1.003125
1.003125
