0.1
0.1
0.1
0.1
-0.21875
-0.5875
-1.0125
-1.9875
-2.79375
-3.46875
-3.75625
-3.65
-3.375
-2.975
-2.50625
-1.51875
-0.675
0.225
0.7375
0.2125
-0.3125
-0.74375
-1.05
-0.8375
-0.55
-0.80625
-1.39375
-1.5875
-2.05
-1.9875
-1.4
-1.6
-1.60625
-2.025
-2.49375
-2.3125
-1.96875
-1.05
-0.6125
-0.14375
0.48125
0.39375
0.64375
0.58125
0.05
-0.1
-0.275
-0.90625
-1.525
-2.16875
-2.36875
-2.125
-1.9375
-1.63125
-2.2
-2.55
-2.5875
-2.925
-2.80625
-2.9875
-3.40625
-3.58125
-3.525
-3.15625
-2.475
-1.6625
-1.05625
-0.64375
-0.45
-0.3125
-0.2
0.175
0.6
0.75
0.825
0.5125
0.175
0.2375
0.5875
1.0625
1.4625
1.14375
0.7375
0.19375
-0.39375
-0.13125
-0.33125
-0.46875
-0.15625
-0.4375
-0.5625
-0.5375
-1.175
-1.6875
-1.98125
-2.35
-2.45
-2.65625
-2.9375
-3.4125
-3.64375
-3.3
-2.6625
-1.83125
-0.96875
-0.35
-0.18125
0.10625
-0.2125
-1.1875
-1.99375
-3.0625
-3.48125
-3.0375
-2.2125
-1.21875
-0.34375
0.0375
-0.33125
-0.7875
-1.7375
-2.76875
-3.0125
-3.13125
-2.5375
-1.36875
-0.59375
0.45
1.1375
1.475
1.8125
1.6625
1.3
0.925
0.15625
-0.5125
-0.89375
-1.6
-1.51875
-1.5
-1.75
-1.3375
-1.31875
-1.18125
-0.9125
-1.1875
-1.3375
-1.4875
-1.5125
-1.44375
-1.8375
-1.9
-1.69375
-1.0375
0.16875
1.04375
1.45
1.3125
0.825
-0.01875
-0.725
-1.4
-1.7375
-1.2375
-0.45
0.51875
1.39375
1.70625
1.64375
1.64375
1.23125
0.525
-0.4875
-1.36875
-1.80625
-1.49375
-0.66875
-0.05625
0.025
-0.64375
-1.15625
-1.34375
-0.59375
0.725
1.70625
2.35625
2.48125
2.675
2.5375
2.1375
1.71875
0.775
0.625
0.59375
0.18125
0.00625
-0.90625
-1.15
-0.99375
-0.65
0.5125
1.175
1.68125
2.19375
1.8625
1.225
0.89375
-0.16875
-0.9875
-1.3
-1.95
-1.49375
-0.75
-0.20625
0.44375
0.2375
0.025
-0.58125
-1.0875
-0.99375
-1.0625
-0.28125
0.88125
1.75625
2.2375
2.2875
1.6625
0.58125
-0.04375
-1.2
-2.3
-2.94375
-3.65
-3.825
-3.7375
-3.275
-2.65
-2.05
-1.5125
-1.33125
-0.99375
-0.175
1.1
2.15625
2.35
1.75
0.2125
-1.15
-1.7375
-1.725
-1.23125
-0.70625
-0.125
0.10625
0.8625
1.89375
2.575
2.8625
2.125
0.65
-0.98125
-1.6125
-1.74375
-0.9375
-0.0875
-0.2625
0.0625
-0.09375
0.1
0.9375
1.23125
1.01875
0.39375
-0.5375
-1.50625
-1.94375
-1.6
-0.675
0.2875
1.70625
2.21875
2.31875
2.10625
1.4125
1.1375
0.35625
-0.10625
-0.65625
-1.24375
-0.85
-0.19375
0.33125
0.8375
0.34375
-0.4
-1.125
-1.66875
-1.7125
-1.36875
-0.8
-0.33125
0.075
-0.38125
-0.66875
-1.49375
-2.0
-1.8125
-1.53125
-0.85625
-0.6125
-0.3
-0.6375
-0.65625
-0.1875
-0.04375
0.7375
1.525
1.8625
2.2
1.86875
0.75625
-0.21875
-1.325
-1.86875
-1.66875
-1.525
-1.35
-1.31875
-1.675
-1.99375
-2.15
-2.35
-2.0125
-1.38125
-0.75
0.1
0.39375
0.1875
-0.05625
-0.7
-1.3375
-1.58125
-1.55625
-1.3125
-0.74375
-0.30625
-0.09375
-0.09375
-0.4125
-1.20625
-1.80625
-1.81875
-1.725
-0.75625
-0.16875
-0.36875
-0.44375
-1.1375
-1.825
-1.6625
-1.39375
-1.01875
-0.35
-0.21875
-0.4875
-0.825
-1.225
-1.41875
-0.8375
0.2875
1.1625
1.86875
1.925
1.4
1.04375
0.2125
-0.69375
-1.59375
-2.1125
-1.65625
-0.88125
0.05
0.66875
0.55625
-0.05
-0.30625
-0.5
-0.51875
-0.15625
-0.2875
-0.525
-0.35
0.13125
0.60625
1.05625
1.0375
0.55
0.7125
0.775
1.0125
1.2125
1.2125
1.2125
1.2125
