0.06333898125
0.06333898125
0.06333898125
0.06333898125
0.063950075
0.06148611875
0.0640657625
0.06732335
0.0683812125
0.07034745625
0.06716173125
0.0623558875
0.062213725
0.05726145
0.05654544375
0.0577137875
0.05263213125
0.053038525
0.0490527875
0.0431827
0.04242074375
0.04280065625
0.045644525
0.047766625
0.04910241875
0.048354175
0.0481417125
0.047735325
0.0511295125
0.0537638625
0.055639975
0.061231825
0.05761518125
0.0505924125
0.0456785
0.03704885
0.03243145625
0.03160010625
0.0291465875
0.0347451625
0.0420635
0.053845825
0.0632132875
0.06176143125
0.05976301875
0.05047204375
0.0433317
0.04341328125
0.04345829375
0.04610425
0.04875020625
0.04463336875
0.03996301875
0.0360246875
0.0323088125
0.03472365
0.0373489625
0.0394155875
0.04097101875
0.04159685625
0.04071984375
0.0406449
0.04061165
0.0427375625
0.04775469375
0.05098755
0.05614526875
0.05288966875
0.04831198125
0.04766565625
0.04366369375
0.045763375
0.0481101
0.04407320625
0.04202745625
0.0391533625
0.03446309375
0.03528626875
0.03862469375
0.04190881875
0.0483974875
0.05149698125
0.048626
0.0454782625
0.0406951125
0.03916285625
0.042972225
0.04728080625
0.0541199375
0.05949265
0.0617494625
0.0632480375
0.0596855125
0.05570300625
0.0562252625
0.05753034375
0.061365975
0.06282894375
0.0580309125
0.05305211875
0.05022395625
0.04976845625
0.0500326875
0.048595225
0.0431858375
0.039207225
0.039133975
0.0448621
0.05044676875
0.05323616875
0.0531567125
0.04638074375
0.04342739375
0.0415252125
0.03956898125
0.04229393125
0.042872275
0.04690584375
0.052238975
0.055421475
0.06084539375
0.0603101875
0.0604808
0.05781918125
0.05100515625
0.04633681875
0.0394912875
0.03638204375
0.03571956875
0.03827521875
0.04197290625
0.04386248125
0.04810184375
0.05246703125
0.0575799875
0.0688374125
0.07779603125
0.079523425
0.07980958125
0.07051896875
0.05998815625
0.05538065
0.05087653125
0.05070876875
0.04796136875
0.0424187
0.0403099875
0.038201275
0.0431361875
0.05145455625
0.0527630875
0.0538491625
0.04946074375
0.04123324375
0.04163569375
0.04219431875
0.0449943625
0.04968080625
0.0470746875
0.04648753125
0.04538918125
0.04429083125
0.04790745625
0.048655225
0.04984790625
0.0510405875
0.04814714375
0.044886325
0.04573940625
0.046921825
0.05061729375
0.0584401875
0.0570545875
0.0546969875
0.0520260625
0.0439807125
0.04105454375
0.03901808125
0.03698161875
0.03936210625
0.04344823125
0.04768293125
0.05160430625
0.05631169375
0.05711371875
0.05741324375
0.0582731375
0.05646061875
0.061225875
0.06556223125
0.0700471625
0.0722796625
0.06785880625
0.06428705625
0.060960575
0.059730775
0.05793240625
0.0583512625
0.05968955625
0.06359178125
0.070379575
0.07047085625
0.06483585
0.05216756875
0.04354690625
0.043034
0.05020886875
0.0617617875
0.062784125
0.05778074375
0.047055825
0.03971985
0.0427440625
0.05045831875
0.060685625
0.06527179375
0.06338390625
0.0544259125
0.047305225
0.0420411125
0.0385493125
0.0439854875
0.04534285625
0.046996025
0.0540571125
0.0535123125
0.05401304375
0.0600796375
0.06127409375
0.06875235
0.076138025
0.07589651875
0.07324683125
0.06715721875
0.06650681875
0.066336425
0.06478816875
0.0655662
0.06135805
0.06074201875
0.06837601875
0.07398175625
0.07968970625
0.0815339875
0.0763081625
0.0662102
0.0560103125
0.050854025
0.04801511875
0.05029539375
0.0516668
0.04735045625
0.04332285
0.03880115625
0.03766291875
0.04221243125
0.04705068125
0.0543357
0.0577929875
0.055562525
0.05470726875
0.0543247
0.05580583125
0.06066661875
0.0616637375
0.0556520875
0.04987424375
0.04356061875
0.04431885625
0.04850939375
0.05440565
0.06001316875
0.0558764125
0.0516899
0.04274298125
0.03870989375
0.04216865
0.05104520625
0.06312226875
0.066015425
0.06398249375
0.0530215875
0.04193945
0.0337807125
0.0281508125
0.033179125
0.033179125
0.033179125
0.033179125
