0.3805625
0.3805625
0.3805625
0.3805625
0.500375
0.51375
0.4851875
0.473875
0.4149375
0.4429375
0.3638125
0.248625
0.2725
0.1758125
0.2181875
0.3068125
0.2976875
0.376625
0.380875
0.3749375
0.3183125
0.21125
0.0825625
-0.06425
-0.1205625
-0.1145
-0.0274375
0.069125
0.1995
0.299125
0.3395
0.379875
0.346625
0.349
0.4111875
0.46675
0.4956875
0.5046875
0.4358125
0.3735625
0.3295625
0.1878125
0.1173125
0.0468125
0.031125
0.1795625
0.3080625
0.4440625
0.5401875
0.513875
0.4315
0.31
0.242375
0.1975625
0.2335
0.2910625
0.2330625
0.1685
-0.0185
-0.1438125
-0.163125
-0.119
0.0474375
0.15125
0.229375
0.2416875
0.162
0.084125
-0.021875
-0.0571875
-0.0524375
-0.020875
0.08975
0.12
0.215875
0.2964375
0.2585625
0.2360625
0.153
0.0675625
0.0401875
0.064375
0.047875
0.0220625
0.0036875
-0.0761875
-0.0955625
-0.138
-0.2195625
-0.30525
-0.3733125
-0.3961875
-0.3989375
-0.3011875
-0.2226875
-0.1481875
-0.0183125
0.036
0.034875
0.0274375
-0.0321875
-0.1026875
-0.0608125
-0.0148125
0.05475
0.1868125
0.224125
0.2481875
0.2305
0.125
0.05525
-0.032
-0.06625
-0.0614375
-0.0855625
-0.0615
-0.070875
-0.0309375
0.0493125
0.077
0.07925
-0.0146875
-0.1295
-0.18725
-0.1709375
-0.0534375
0.05475
0.16725
0.2204375
0.215125
0.210875
0.1295625
0.0069375
-0.084875
-0.150875
-0.14525
-0.02175
0.0805625
0.163875
0.211125
0.1881875
0.193125
0.190875
0.165625
0.1958125
0.1735
0.1675
0.2171875
0.207375
0.169875
0.0981875
-0.0008125
-0.0845
-0.0694375
-0.0521875
0.0295625
0.09375
0.123125
0.2199375
0.2041875
0.2639375
0.3484375
0.3581875
0.4013125
0.3260625
0.17375
0.0838125
0.0406875
0.06875
0.1474375
0.195375
0.1968125
0.1679375
0.155375
0.1120625
0.0274375
-0.0180625
-0.1551875
-0.2299375
-0.153875
-0.07275
0.1095
0.252625
0.236875
0.205875
0.1406875
0.0356875
0.0740625
0.0575
0.041
0.0835
0.049625
0.0533125
0.0329375
0.0365
-0.0135
-0.04425
-0.074125
-0.1429375
-0.138625
-0.1455625
-0.0644375
0.0315625
0.142
0.218375
0.1781875
0.13575
0.0236875
-0.0135625
0.000875
-0.0033125
0.0181875
0.0005625
-0.0170625
-0.00075
0.0175
-0.033125
-0.041375
-0.13125
-0.1943125
-0.088875
-0.037375
0.128125
0.2431875
0.2146875
0.1654375
0.02625
-0.08575
-0.147875
-0.1354375
-0.0748125
0.0188125
0.105625
0.161125
0.174875
0.16
0.14275
0.072875
0.058375
0.019875
-0.0060625
0.051375
0.0785
0.1604375
0.2314375
0.2075625
0.144875
0.0206875
-0.1035
-0.1421875
-0.1165
-0.0645
-0.0218125
-0.0114375
-0.02525
-0.017375
-0.0009375
0.0075
-0.0429375
-0.0910625
-0.15725
-0.196625
-0.060125
0.00125
0.09275
0.215875
0.197
0.297125
0.3934375
0.378875
0.3451875
0.2648125
0.1353125
0.0214375
0.0053125
-0.0538125
-0.0405
0.053625
0.067125
0.0969375
0.0519375
-0.001625
-0.0104375
-0.0093125
0.059
0.059625
0.0171875
-0.0244375
-0.0475625
-0.0653125
-0.047625
0.0296875
0.056
0.1828125
0.2995625
0.3308125
0.329
0.2549375
0.1633125
0.0705
0.07175
0.079625
0.1133125
0.174125
0.118375
0.0513125
-0.067875
-0.20675
-0.2924375
-0.34725
-0.322625
-0.2679375
-0.125
-0.002375
0.09225
0.1415625
0.072625
-0.0386875
-0.1321875
-0.181625
-0.1073125
0.052375
0.169
0.29975
0.297125
0.2631875
0.197625
0.104625
0.0724375
0.0004375
0.011875
-0.017375
-0.0570625
0.001375
0.0339375
0.1739375
0.357625
0.38
0.35175
0.2600625
0.067625
0.008
-0.0224375
-0.0538125
-0.019625
-0.0669375
-0.047125
0.0006875
0.0400625
0.1609375
0.2364375
0.25875
0.2511875
0.172125
0.06925
-0.0060625
-0.0089375
0.03975
0.1616875
0.3225625
0.4241875
0.525875
0.511625
0.416625
0.3814375
0.325375
0.32725
0.3585625
0.27125
0.1663125
0.068
-0.0373125
-0.0145625
0.0410625
0.0809375
0.1500625
0.1921875
0.17975
0.2211875
0.25125
0.2030625
0.171
0.023375
-0.183125
-0.3360625
-0.4009375
-0.395
-0.2535625
-0.112125
-0.0355625
0.1275
0.1723125
0.2043125
0.184625
0.0380625
-0.0360625
-0.057125
0.0251875
0.1631875
0.281375
0.339875
0.329125
0.328125
0.2513125
0.2148125
0.2134375
0.2134375
0.2134375
0.2134375
