0.0703894875
0.0703894875
0.0703894875
0.0703894875
0.0732666
0.0778671875
0.0797953625
0.083079425
0.08704143125
0.0858455
0.07940915625
0.07199684375
0.06101173125
0.0522354
0.05220965625
0.04972375625
0.0499713625
0.05040065625
0.047319775
0.0495310875
0.05049596875
0.0540004625
0.05923519375
0.0617801625
0.0719271375
0.08037379375
0.085359975
0.0867158625
0.07946934375
0.06708089375
0.05548050625
0.05145220625
0.04768145625
0.0521607375
0.0554681625
0.0525255875
0.05142031875
0.04406505
0.041357825
0.04111455625
0.0433843375
0.048118075
0.04637600625
0.0474778125
0.04285808125
0.0395219
0.0463217375
0.0461117375
0.05133571875
0.0571345
0.054486625
0.05757384375
0.05840585625
0.05643734375
0.0546373375
0.0536408625
0.05141829375
0.0528103125
0.0579502
0.0572378375
0.0620364
0.0624323125
0.05764246875
0.05587000625
0.0477830875
0.04315664375
0.046217975
0.0517062625
0.05895189375
0.059919825
0.05387791875
0.0483705
0.04669055
0.0523752875
0.06115094375
0.0691576
0.07024835
0.068521875
0.07117345
0.0720947875
0.076257675
0.0794783875
0.07187978125
0.05994481875
0.04979415
0.04325806875
0.04482838125
0.05507140625
0.06267025625
0.06140246875
0.0602521375
0.0530352125
0.0516043625
0.057689825
0.06226785625
0.06568126875
0.0641085
0.061749425
0.05535798125
0.05161435
0.0482371625
0.0469303125
0.0517016375
0.05539791875
0.05641771875
0.0548314
0.0487244
0.048403475
0.05192571875
0.0571782
0.06281423125
0.06109141875
0.0582507875
0.049054825
0.042997125
0.042997125
0.042997125
0.042997125
