0.146735948478
0.146735948478
0.146735948478
0.146735948478
0.145491803279
0.116803278688
0.0881147540982
0.0728190866509
0.0448624121779
0.0450087822014
0.0456674473068
0.0605971896956
0.0882611241218
0.10231264637
0.115339578454
0.100848946136
0.0870901639343
0.0583284543325
0.0305913348946
0.0310304449649
0.0310304449649
0.0457406323186
0.0741364168619
0.0736973067916
0.0745023419204
0.0753073770492
0.0616217798595
0.0623536299766
0.0610362997659
0.0597189695551
0.0442769320844
0.0288348946136
0.0288348946136
0.0288348946136
0.0432523419204
0.0576697892273
0.0432523419204
0.0288348946136
0.0144174473068
0.0137587822014
0.0419350117096
0.0844555035128
0.12800058548
0.144028103044
0.131220725995
0.0897248243559
0.0599385245901
0.0439110070257
0.0423009367681
0.0550351288055
0.0412763466041
0.0280298594847
0.0285421545667
0.0292740046838
0.0437646370023
0.0581088992973
0.0449355971896
0.0457406323185
0.0465456674473
0.0461065573771
0.0594262295083
0.0443501170961
0.0297862997659
0.0298594847775
0.0299326697892
0.0577429742388
0.099238875878
0.126975995316
0.154713114754
0.168911007025
0.154200819672
0.125731850117
0.0972628805619
0.0560597189694
0.0295667447306
0.0168325526932
0.00409836065575
0.00307377049181
0.00204918032787
0.00102459016394
0.000219555035129
0.00131733021077
0.00292740046838
0.00504976580796
0.00673302107727
0.00665983606557
0.00556206088993
0.00343969555035
0.0015368852459
0.000512295081968
0.0
0.0
0.0
0.0
0.0147101873536
0.0294203747073
0.0578893442622
0.0873829039812
0.102166276346
0.130708430913
0.131733021077
0.131586651054
0.117608313817
0.0761124121779
0.0630854800936
0.0493266978922
0.0485216627634
0.061475409836
0.0450087822014
0.0294203747073
0.0291276346604
0.0290544496488
0.0436914519907
0.072087236534
0.0716481264637
0.0707699063231
0.0698916861826
0.0418618266978
0.0282494145198
0.0150761124121
0.00190281030445
0.00175644028103
0.00197599531616
0.00175644028103
0.00256147540984
0.0037324355972
0.0188817330211
0.0485948477752
0.0777224824356
0.10787470726
0.109192037471
0.0818208430913
0.0668911007025
0.0499121779859
0.0472043325526
0.0588407494144
0.0441305620608
0.0308108899297
0.0177107728337
0.00461065573769
0.00446428571428
0.00395199063231
0.0171984777517
0.0309572599531
0.0457406323184
0.0605240046837
0.0621340749413
0.062719555035
0.0619145199062
0.0607435597189
0.0446428571428
0.0290544496487
0.0143442622951
0.0143442622951
0.0143442622951
0.0143442622951
