0.023131924375
0.023131924375
0.023131924375
0.023131924375
0.02146643
0.019898329375
0.01833022875
0.018534766875
0.02164174875
0.02386241125
0.025196754375
0.027222615625
0.026462908125
0.027787508125
0.030339319375
0.028634861875
0.029754935625
0.0293653525
0.03697208625
0.0531692825
0.061409096875
0.069074260625
0.063162246875
0.045426170625
0.035676695625
0.038082453125
0.043176366875
0.055282905625
0.0652759125
0.05519525
0.0471209725
0.04106282
0.03234571875
0.029939998125
0.02829397625
0.028206298125
0.031508055
0.037673298125
0.0517472075
0.054250329375
0.05551649625
0.0617694175
0.051221300625
0.045786533125
0.050753859375
0.048104695625
0.058136670625
0.069736746875
0.069317885625
0.0681295875
0.05891573375
0.05010121
0.04582549875
0.045952155
0.05879890875
0.07204498875
0.071431343125
0.069444391875
0.054084798125
0.039368035
0.038209029375
0.040965405
0.044734696875
0.05417250125
0.06149677375
0.061672065
0.065139391875
0.053003674375
0.040010863125
0.031790533125
0.0239695325
0.026083058125
0.02798230875
0.028342678125
0.029014720625
0.02760246
0.0261707175
0.021933925
0.017570511875
0.017161435
0.021135246875
0.027125190625
0.034128075625
0.040293345625
0.03953365375
0.044851566875
0.04750078375
0.047890375625
0.05231222125
0.05701653625
0.062821443125
0.062928593125
0.061691663125
0.043595184375
0.029842635625
0.021573569375
0.014629106875
0.030261429375
0.0403518325
0.051279854375
0.061720888125
0.0495753975
0.036485151875
0.0223430125
0.008132695
0.01392782875
0.01392782875
0.01392782875
0.01392782875
