0.3575
0.3575
0.3575
0.3575
0.344375
0.32
0.324375
0.32
0.29375
0.270625
0.206875
0.15
0.15375
0.19875
0.286875
0.39125
0.443125
0.440625
0.396875
0.316875
0.27
0.258125
0.248125
0.27125
0.280625
0.254375
0.245625
0.23
0.19375
0.194375
0.208125
0.21875
0.28
0.315
0.303125
0.315
0.26
0.246875
0.289375
0.304375
0.380625
0.405625
0.3875
0.363125
0.29875
0.2475
0.23
0.226875
0.24125
0.268125
0.2725
0.2725
0.27375
0.27625
0.293125
0.29625
0.315625
0.33
0.3325
0.345625
0.329375
0.34125
0.35625
0.386875
0.4275
0.43625
0.428125
0.4075
0.36375
0.290625
0.2275
0.155
0.133125
0.171875
0.244375
0.325625
0.375
0.383125
0.36125
0.340625
0.31
0.293125
0.279375
0.25125
0.239375
0.24125
0.219375
0.233125
0.261875
0.2725
0.316875
0.324375
0.29125
0.25
0.215625
0.22
0.260625
0.31375
0.3425
0.320625
0.293125
0.265625
0.255625
0.281875
0.291875
0.324375
0.324375
0.305625
0.31
0.2675
0.240625
0.219375
0.165625
0.155
0.175
0.231875
0.309375
0.35125
0.343125
0.301875
0.249375
0.211875
0.2225
0.20875
0.230625
0.27875
0.291875
0.348125
0.3875
0.373125
0.361875
0.335
0.265625
0.230625
0.21625
0.178125
0.18
0.176875
0.16875
0.184375
0.219375
0.2825
0.360625
0.453125
0.49625
0.48125
0.4225
0.343125
0.274375
0.2425
0.2475
0.231875
0.264375
0.30375
0.329375
0.399375
0.42125
0.429375
0.41
0.346875
0.3025
0.24375
0.243125
0.275
0.28375
0.326875
0.331875
0.344375
0.37
0.355625
0.35
0.324375
0.29375
0.27375
0.229375
0.174375
0.126875
0.115625
0.149375
0.209375
0.298125
0.3525
0.363125
0.36875
0.320625
0.27
0.253125
0.235
0.250625
0.263125
0.2875
0.29625
0.325625
0.39125
0.41
0.419375
0.396875
0.35125
0.328125
0.315
0.294375
0.27375
0.249375
0.2375
0.225625
0.20125
0.2
0.201875
0.215
0.251875
0.265625
0.278125
0.29375
0.289375
0.29375
0.27625
0.250625
0.220625
0.175
0.15875
0.151875
0.171875
0.200625
0.216875
0.22625
0.21875
0.221875
0.22375
0.228125
0.225
0.205
0.18625
0.17
0.178125
0.1925
0.205625
0.22625
0.24125
0.248125
0.253125
0.258125
0.236875
0.248125
0.273125
0.255
0.284375
0.27
0.233125
0.2425
0.189375
0.174375
0.174375
0.174375
0.174375
