0.0745613872197
0.0745613872197
0.0745613872197
0.0745613872197
0.0835381399996
0.080192835496
0.0686971232052
0.0620480635672
0.0588137121273
0.0526059114306
0.0650419393295
0.0822654294394
0.101523445914
0.129852455637
0.141132296905
0.147604945814
0.13363623365
0.113506608903
0.0973977560556
0.0872160715745
0.0886714600867
0.0934442987767
0.0922899691003
0.0892292429566
0.0904812948919
0.0898680354901
0.101109112821
0.0935157915457
0.084551341093
0.0786065316537
0.056078185235
0.0483476814059
0.0390668522384
0.0374023241649
0.0540334456172
0.0780967974953
0.0972944629314
0.0966758647839
0.0880428808057
0.0645770042115
0.0477620442103
0.0525643620616
0.0507020682765
0.0562720049172
0.066047248364
0.0650138528846
0.0814520831321
0.0996597594129
0.104139895565
0.0996124070594
0.0767825375662
0.0505186939664
0.0393537517919
0.0502248308314
0.0738197658008
0.0988461809862
0.110865786717
0.105836223993
0.0885384556818
0.071597222738
0.0584643724606
0.046335206382
0.049035683248
0.0589390565924
0.0707597360151
0.0788767186117
0.07178732851
0.0519773321497
0.0320707741274
0.0177492405054
0.0112192581093
0.00843939641533
0.0164839577654
0.0256642792415
0.0456532396438
0.0746523780167
0.0849724056481
0.0971584409748
0.0897652066047
0.0672728386899
0.0497285595971
0.0433466693654
0.0440741315021
0.0528542791672
0.0753496646339
0.0703969334245
0.0745203020895
0.080836734656
0.0803810843131
0.0939354633845
0.100075020983
0.115577345891
0.119645934383
0.124124213579
0.120745948124
0.101455667055
0.0870433747558
0.074669090612
0.0705930743005
0.0745586017872
0.0761126410358
0.0735906639729
0.0780417852023
0.0710591700153
0.0720261793521
0.0770692050003
0.0746974091762
0.0741231458302
0.06766210289
0.0571408277561
0.0421591466176
0.0310076673673
0.0227398071738
0.0164783869003
0.0221548663364
0.044430202631
0.0665859974449
0.0907955845324
0.104510590215
0.0915207254752
0.0816535627539
0.0677649317753
0.0568933884971
0.0698043326474
0.0768482273506
0.0878590422568
0.101886944863
0.100002831856
0.105789800117
0.107555300121
0.102911519806
0.0914956565822
0.0752726009998
0.062888567842
0.0465348290487
0.0557875717713
0.06795039516
0.0794493571221
0.0986323990373
0.0881724034197
0.0670653239643
0.0567123353809
0.0564690742708
0.0730932321417
0.09739984513
0.0953625333324
0.0828933123622
0.0683860832362
0.0539491862823
0.0536040247644
0.0572796351455
0.061855404482
0.066454153637
0.0713980643101
0.0623732628186
0.0543916058204
0.0492548039427
0.0515502324907
0.0607131450133
0.0778806943526
0.0970180087499
0.116151841357
0.136580900103
0.132248391877
0.126079587236
0.0997064154083
0.089932100439
0.0978937951705
0.0921820335886
0.112053077346
0.105219250682
0.0999413202208
0.106968502329
0.0864491491432
0.0749374206151
0.0589474128902
0.0424458140519
0.0406796176901
0.0466239628906
0.0559605007093
0.061276266629
0.0714386852016
0.0719669889103
0.0586711908282
0.0590131026748
0.0545280920159
0.0551527252672
0.0662092676913
0.0557576283713
0.0453059890514
0.0342297164801
0.0227767141552
0.0269047252078
0.0261512657005
0.0330818861464
0.051197875272
0.0704141102586
0.0945663638592
0.1040145511
0.0967269310476
0.0727580517571
0.0490568061116
0.0330001801246
0.0180635301458
0.0139007011862
0.0139204313335
0.018142450735
0.0348889355191
0.0593329631802
0.076428787631
0.0890198712757
0.0861566787243
0.0695856761915
0.0538359120248
0.0352426854541
0.0244061922023
0.0226406921985
0.0277631026747
0.0337455154536
0.0544633307088
0.0750107703392
0.0906925235276
0.108712879469
0.0991867001165
0.0937882996976
0.0883898992787
0.085164832614
0.097574631023
0.0899181732762
0.0773960290873
0.0612082556507
0.0521249600754
0.0620605980138
0.0769006863305
0.105906324046
0.110134610671
0.100655087314
0.105911662792
0.0833649789421
0.0805291764776
0.0902178393957
0.0703567767717
0.0652318129823
0.0581354592992
0.0462319132579
0.0523798271545
0.0589274506235
0.0696028530256
0.0774347930237
0.0786589906335
0.0811835210096
0.061840780961
0.0437131858663
0.0367082872189
0.0289422691247
0.0393368070771
0.0657793825995
0.0765738622436
0.088411486381
0.0953878343447
0.073491781117
0.0615552741237
0.0536026320481
0.0602085174814
0.0957197650581
0.127466732651
0.157307303776
0.159225074093
0.132237482266
0.132237482266
0.132237482266
0.132237482266
