146.78125
146.78125
146.78125
146.78125
153.26875
159.275
158.03125
156.58125
153.51875
150.9875
152.05
150.15
149.3375
144.925
136.70625
132.9375
127.70625
124.69375
124.4875
118.71875
115.6625
113.79375
116.6625
125.05625
134.5125
146.05
146.2125
140.31875
132.44375
121.8375
123.8375
129.15625
131.7
136.9125
133.89375
130.30625
132.65625
130.96875
129.48125
131.35625
130.6
135.025
147.975
156.325
157.7
154.76875
141.975
129.79375
132.3125
134.1375
142.9875
151.03125
147.7625
149.45625
142.525
141.8
147.575
148.4
157.19375
163.39375
163.09375
165.15625
168.44375
161.81875
155.275
147.55
135.63125
136.63125
145.475
154.2375
157.2125
156.8625
153.58125
150.375
156.3125
156.3625
151.95625
148.85
138.03125
133.41875
131.51875
126.8875
129.54375
126.6875
121.56875
119.71875
116.40625
121.50625
129.29375
140.9125
153.45
160.0875
170.85
175.125
168.1625
160.525
146.575
132.26875
126.8125
126.93125
126.49375
124.7125
127.5875
127.375
129.48125
139.60625
145.4125
149.3375
155.58125
154.1875
145.81875
140.5
132.53125
129.6125
137.0375
142.5
147.675
151.1125
153.775
154.0
151.1375
144.5875
130.36875
119.86875
118.06875
120.08125
128.9125
133.46875
131.1
128.9125
123.99375
128.6625
137.19375
146.38125
160.99375
167.44375
165.325
161.9125
151.9375
139.2875
139.9125
140.4875
139.61875
144.78125
141.48125
135.38125
132.75625
131.325
134.96875
141.99375
151.9375
160.8625
160.375
156.35625
150.7875
135.325
129.475
130.85
127.31875
136.70625
140.38125
141.38125
147.18125
149.65625
159.36875
159.275
155.0625
146.39375
124.6875
117.34375
110.80625
111.96875
121.19375
120.90625
122.16875
118.74375
120.025
124.94375
136.58125
143.58125
144.68125
149.90625
142.20625
142.08125
141.28125
133.21875
133.4875
125.925
124.90625
127.8875
127.13125
136.075
139.99375
141.3375
144.55
141.76875
136.88125
134.425
135.1375
131.64375
130.18125
122.98125
109.7
105.475
105.08125
112.0875
124.8125
136.7625
146.91875
151.20625
151.3125
145.3625
135.04375
132.78125
131.89375
137.25625
144.8375
146.1375
150.74375
153.65
158.775
161.48125
159.59375
153.56875
145.66875
145.18125
145.98125
149.49375
153.39375
153.5875
153.78125
154.94375
151.31875
143.9875
132.95
116.525
107.5
108.86875
112.3
122.23125
130.95
126.29375
123.28125
120.50625
113.81875
115.6875
123.85625
123.40625
125.0
126.5625
126.01875
138.075
148.34375
157.725
162.9125
161.8
166.45625
170.1625
169.675
168.2375
163.09375
155.1625
146.76875
135.875
121.53125
106.4625
98.3875
98.1625
103.46875
115.8
128.1125
131.625
130.975
129.6
125.575
127.75625
136.6125
136.38125
130.5125
125.43125
113.24375
109.0
117.21875
121.89375
131.4
142.96875
145.53125
149.99375
147.48125
137.55625
132.4625
121.7625
115.71875
113.38125
104.06875
99.66875
95.26875
90.86875
94.83125
100.61875
108.275
117.99375
120.55625
117.05625
111.6875
104.53125
100.56875
106.8875
113.20625
118.78125
124.86875
120.25625
114.03125
108.46875
107.05
110.03125
117.43125
127.23125
129.84375
132.45625
129.45625
119.20625
108.23125
97.25625
89.0875
87.6375
91.6
95.5625
99.525
99.61875
97.8125
98.0875
98.3625
103.25
110.21875
114.83125
123.8625
127.025
126.025
127.89375
119.025
113.21875
113.89375
111.025
117.9875
129.60625
132.16875
130.33125
123.1125
108.45
98.44375
93.7875
95.65625
100.78125
108.96875
117.15625
116.2875
117.26875
112.125
106.98125
110.83125
107.70625
107.64375
113.88125
113.0125
115.15625
115.65625
109.85625
102.5875
98.8625
98.68125
92.2
96.0
97.9
99.98125
108.3625
107.65625
105.05
98.28125
95.025
97.5375
106.7625
117.8125
128.1375
132.5
132.5875
132.93125
134.68125
137.8
135.03125
136.9375
129.50625
127.1375
140.6125
144.7375
150.3
148.70625
127.76875
116.1625
110.325
110.0625
123.30625
136.0875
147.08125
158.04375
162.03125
157.63125
155.275
149.24375
146.9
147.8
141.98125
140.80625
132.9125
122.2625
115.75625
100.125
91.74375
90.775
95.05625
110.46875
122.08125
128.34375
127.7875
117.60625
110.96875
106.25
104.84375
116.35625
130.9
151.68125
170.64375
179.69375
181.45625
171.5625
160.84375
153.7375
145.5375
140.4625
137.08125
127.11875
127.1625
132.19375
136.6875
149.11875
157.05625
162.21875
165.7375
167.70625
159.7625
149.1125
141.10625
128.0875
125.075
122.2375
120.33125
121.825
127.625
140.4375
148.0125
157.51875
158.0625
151.125
148.14375
142.89375
136.95
136.9375
135.38125
135.96875
138.10625
138.5875
141.58125
136.5625
143.9375
145.06875
143.85625
150.65625
141.175
135.0375
127.2875
119.375
114.1875
110.175
113.175
114.53125
119.20625
128.9875
131.75625
129.175
132.54375
129.91875
131.96875
139.36875
138.95
140.9625
142.38125
150.1
159.575
165.83125
167.63125
163.13125
158.4875
159.13125
159.0375
159.28125
156.86875
146.36875
139.31875
131.93125
126.925
133.8125
133.8125
133.8125
133.8125
