127.46875
127.46875
127.46875
127.46875
114.51875
112.875
112.76875
119.0875
128.6125
135.15
146.03125
149.04375
144.13125
132.4
114.5875
104.6
101.66875
105.79375
119.50625
130.05
138.80625
141.79375
136.6
129.925
123.80625
123.0375
117.73125
114.28125
105.1875
96.1375
98.2
99.69375
109.5125
114.3125
114.8375
116.85625
116.55625
125.90625
134.075
142.45
150.275
148.79375
146.7625
136.90625
129.1625
122.975
119.175
128.33125
132.94375
143.3875
149.575
146.19375
138.28125
125.9875
119.925
116.79375
128.0875
134.94375
140.11875
146.9375
142.25
141.98125
137.63125
131.6375
129.15
131.25625
136.95625
142.65625
148.25
149.075
150.1625
151.25
152.23125
153.36875
153.76875
152.15
153.99375
154.36875
151.05625
149.94375
140.5
133.7
134.79375
135.70625
141.59375
148.4625
144.4375
143.2
144.84375
142.54375
147.8375
144.04375
135.38125
126.93125
120.01875
122.7375
129.43125
141.11875
145.4375
147.90625
148.71875
146.0875
147.85625
148.0375
146.4
136.74375
131.4875
126.98125
123.9625
129.00625
125.25
120.20625
116.65
121.15625
132.86875
145.225
154.60625
152.675
146.9375
146.9875
147.225
150.60625
159.34375
156.6125
153.3125
153.475
147.5375
148.4375
154.26875
156.74375
160.6125
162.0625
163.80625
160.81875
158.5125
159.0625
154.83125
153.9
152.6375
146.8125
139.48125
133.58125
124.7125
117.125
116.86875
118.69375
120.15625
126.36875
123.40625
117.46875
118.84375
114.35
117.6
120.55625
123.65625
133.9625
136.9
143.83125
146.6375
142.25625
143.70625
137.64375
126.80625
121.54375
111.51875
109.53125
110.8875
103.15625
105.39375
109.03125
118.8375
141.58125
151.05
154.025
150.4375
140.06875
139.66875
138.4375
140.5375
139.61875
135.125
133.03125
126.81875
124.14375
123.4375
129.90625
141.6
155.5125
166.59375
160.2
146.775
132.51875
120.475
126.9875
139.725
148.9375
155.31875
149.28125
144.03125
139.59375
137.5
141.40625
140.4
143.05625
144.71875
147.71875
155.69375
156.6
160.85
159.1375
151.21875
150.25
146.65
145.3875
150.8875
151.00625
150.64375
148.11875
136.08125
131.65
124.85
122.6625
130.48125
128.85625
125.7625
121.1375
117.1625
120.74375
134.8
150.56875
153.91875
151.03125
141.45625
130.41875
137.9375
151.73125
167.525
181.00625
179.81875
172.875
157.6625
144.34375
132.2125
127.41875
132.79375
137.95625
144.675
145.1
139.98125
131.90625
125.2625
117.55625
116.2375
116.3375
122.64375
138.7375
148.51875
163.925
170.36875
161.2375
151.08125
134.60625
126.03125
130.11875
141.5875
157.73125
161.94375
162.75625
154.575
141.71875
133.84375
122.36875
119.65
125.73125
138.01875
151.43125
158.39375
152.6875
142.58125
137.0875
132.53125
138.58125
144.63125
147.15
151.3625
151.19375
146.625
142.50625
136.0125
131.2875
135.7
143.31875
153.24375
161.38125
159.7875
153.33125
148.725
141.3625
143.9875
150.475
156.40625
164.45
166.2125
167.46875
164.86875
161.9125
163.0
159.4125
160.0125
164.225
159.21875
156.1625
146.65625
136.325
136.1625
138.49375
151.96875
157.45
162.20625
164.575
151.30625
146.05
134.83125
122.9375
123.0625
123.64375
123.5
130.075
132.0
128.78125
132.33125
132.6
132.6625
137.33125
137.5625
129.80625
132.5875
132.34375
132.04375
144.58125
144.075
141.35625
148.6625
146.3
146.64375
156.46875
153.525
152.725
148.6
137.8875
128.54375
124.6625
128.925
136.7875
147.925
151.45625
153.1375
149.80625
147.375
146.89375
143.63125
144.1625
142.7875
145.5
149.70625
152.15
156.95625
156.65625
158.75625
156.5
150.59375
151.0875
148.9875
153.8375
163.7625
166.35625
170.7125
167.81875
159.93125
158.5875
154.05625
157.24375
161.825
156.90625
150.10625
143.64375
135.075
132.45625
131.45625
120.59375
112.1875
110.45625
108.76875
113.54375
121.3
116.21875
117.4875
123.43125
123.23125
127.80625
126.95
119.80625
118.9875
121.45625
126.9875
133.40625
133.875
132.95625
128.19375
124.9875
124.375
128.24375
135.3
142.0625
152.0
158.66875
163.48125
170.7375
172.5
168.66875
165.0125
158.15
157.925
159.74375
161.54375
155.4625
145.25625
138.5625
130.29375
138.19375
141.31875
145.65
157.3625
159.5875
166.5875
173.0875
163.30625
148.3125
133.31875
112.7875
104.39375
104.28125
111.33125
121.78125
130.5875
139.8125
134.89375
129.25
125.29375
121.86875
125.89375
126.6625
127.11875
126.74375
125.43125
138.59375
149.65625
152.5375
157.08125
143.96875
132.30625
130.23125
122.25625
124.4125
131.63125
134.38125
148.1375
152.625
144.34375
138.55625
124.875
122.2
126.325
135.04375
148.7125
152.96875
164.56875
167.95
164.61875
169.50625
158.38125
146.975
136.11875
124.55625
126.51875
129.55
133.4875
134.61875
131.05625
130.24375
139.39375
145.55625
150.7875
154.9125
148.2625
143.16875
138.38125
135.1
139.675
143.78125
145.725
146.1625
134.29375
132.43125
131.475
130.8375
137.54375
132.74375
134.55
131.3
130.325
131.75
131.825
145.23125
156.5125
169.9
178.16875
173.65
167.3125
163.11875
157.9
152.475
151.7875
143.49375
140.775
147.19375
148.61875
156.99375
164.34375
166.2875
169.00625
167.5375
162.54375
156.23125
148.86875
146.45625
142.8375
142.0375
144.7375
140.725
141.1625
142.25625
140.14375
138.58125
132.625
123.5875
118.0
116.40625
122.4625
125.40625
128.13125
132.9
126.29375
128.375
125.9625
114.0
116.7375
117.48125
128.375
151.90625
165.6125
174.69375
172.41875
163.80625
158.71875
156.45
160.18125
161.3375
156.375
151.05
142.1125
136.04375
138.73125
144.56875
149.61875
155.11875
151.81875
139.25
130.38125
120.89375
118.4
125.9125
132.31875
138.61875
139.1125
133.8375
131.8125
126.61875
121.55
125.00625
120.85625
126.29375
136.4625
138.03125
148.3125
150.08125
155.2
162.7875
161.04375
158.5125
150.65
144.21875
145.025
150.4375
156.1875
156.81875
153.16875
144.625
137.8875
134.50625
134.625
142.2375
148.0
159.55
171.10625
178.66875
186.31875
184.18125
180.89375
177.275
167.15
156.175
144.525
131.925
130.44375
138.6625
146.26875
154.825
156.40625
148.2875
137.66875
127.05
121.06875
123.10625
130.20625
135.6625
134.4
127.05625
120.8875
117.46875
120.53125
124.60625
119.59375
112.36875
100.98125
93.39375
98.40625
105.63125
114.9375
127.08125
128.525
128.8625
130.63125
124.73125
125.0375
120.53125
116.6125
116.73125
112.98125
114.04375
109.6375
104.125
103.84375
108.375
114.45625
117.625
114.7125
103.81875
96.725
90.64375
91.875
96.275
103.5125
117.35625
127.1375
140.0875
147.9625
148.06875
146.0125
139.4875
133.31875
130.2125
125.7625
122.43125
116.09375
108.1125
105.16875
102.40625
103.00625
113.3125
120.1375
131.69375
143.98125
144.85
151.75
153.91875
154.15
154.675
147.55
139.0
128.94375
125.0125
121.225
114.125
114.0375
108.08125
107.1125
112.49375
108.525
113.56875
118.14375
123.9125
140.775
151.43125
161.30625
165.7625
159.06875
150.5875
145.58125
141.38125
142.2875
138.6625
130.86875
127.6875
128.4875
143.7125
154.625
162.8375
160.53125
145.1
135.66875
124.65
122.70625
127.4
133.1625
140.40625
145.275
150.45625
150.2125
152.9375
156.075
157.28125
159.18125
153.45625
142.125
125.8
116.26875
116.05
125.14375
139.4875
144.0375
142.98125
137.2875
133.14375
130.93125
130.61875
128.675
127.85625
133.45625
134.89375
139.73125
139.8125
139.2
140.35625
137.9375
138.83125
134.825
135.325
136.2375
129.3625
122.6875
111.75625
105.16875
106.525
113.1125
122.0875
128.2875
139.2625
147.60625
158.1125
161.93125
157.5875
151.3375
140.1625
143.54375
152.84375
165.83125
173.89375
172.46875
161.08125
147.375
144.975
143.6625
148.1375
152.6125
155.525
154.375
152.225
145.41875
135.3625
133.775
134.83125
145.2
150.8375
152.40625
151.6875
148.11875
152.5875
157.40625
158.1625
155.325
142.54375
127.90625
124.275
122.43125
130.7375
143.8
146.1625
143.85
141.15
133.10625
133.88125
145.79375
154.58125
163.00625
171.1875
171.1
169.725
167.29375
154.9
142.825
132.9875
128.5625
125.21875
124.85
119.13125
111.25625
109.73125
106.7375
108.14375
114.13125
124.9375
135.70625
148.55625
154.2
153.38125
152.58125
147.61875
144.35
143.46875
139.99375
140.68125
144.3625
139.86875
135.90625
131.85
128.58125
130.1
133.68125
132.6375
127.5125
125.98125
127.5125
130.25
136.3
140.09375
144.18125
151.78125
157.55625
164.41875
167.925
172.00625
173.43125
173.43125
169.075
159.13125
147.8625
130.175
114.78125
101.94375
97.06875
100.48125
105.95625
116.80625
121.3375
125.19375
133.9
132.7875
136.075
138.8125
135.01875
138.83125
145.20625
152.225
160.09375
165.19375
160.425
153.08125
147.4
137.025
135.44375
133.78125
136.96875
151.29375
158.7625
171.725
171.84375
163.69375
160.33125
147.825
143.9625
139.11875
132.6875
131.51875
129.40625
128.2125
127.125
127.275
125.05
133.54375
137.33125
141.125
148.59375
143.35625
149.14375
150.65625
151.28125
155.425
154.99375
158.65
161.375
160.0375
155.19375
150.875
143.73125
139.0875
136.225
130.25
128.275
134.5
140.6875
149.45
157.125
162.69375
163.88125
165.25
165.03125
152.025
149.58125
143.53125
142.26875
151.40625
147.9625
148.79375
143.19375
136.89375
140.18125
136.55625
137.25
138.325
135.4
140.2375
147.28125
150.24375
154.7625
154.68125
149.73125
149.6375
148.81875
148.8875
147.49375
144.50625
138.45625
131.05
126.2
115.6875
114.7
119.8625
130.175
151.94375
164.49375
168.90625
160.4375
142.75
124.1125
114.28125
117.2625
123.0
136.15
137.925
138.39375
139.8125
138.8125
149.2625
148.20625
142.9875
134.65625
123.0
125.76875
132.64375
141.34375
143.9
140.11875
135.44375
132.25625
140.1875
145.81875
151.45
154.0
152.475
149.2875
143.7625
141.61875
132.5625
132.19375
137.33125
137.7
139.7125
133.95625
123.30625
118.425
121.4
132.09375
147.725
155.9125
159.125
157.68125
152.69375
161.2125
167.9875
174.95625
176.2875
161.60625
152.84375
139.0375
136.0125
138.4625
132.54375
131.73125
125.275
124.2125
126.39375
133.05625
138.2125
139.01875
141.725
139.55
139.96875
141.1375
143.11875
143.45625
148.13125
147.8875
141.33125
136.66875
126.8875
125.625
129.38125
131.73125
134.95625
136.11875
137.64375
147.45
157.08125
165.6875
174.95
168.38125
161.44375
158.4125
150.68125
158.2625
161.38125
151.38125
143.40625
126.2125
118.33125
119.04375
122.55625
125.11875
123.025
120.93125
120.0125
127.45625
139.09375
156.89375
167.25
174.7125
177.98125
173.325
178.175
179.5
176.63125
173.93125
167.99375
157.51875
149.75
142.2
130.9
129.60625
129.8
134.53125
137.075
138.50625
141.425
138.01875
141.275
139.61875
136.49375
133.2
129.8875
129.61875
129.3125
138.30625
138.68125
138.33125
138.19375
130.93125
140.4625
148.61875
156.3875
162.4
153.725
151.15625
150.5875
157.33125
166.78125
167.41875
159.7875
147.75625
134.04375
125.1375
122.95
117.975
121.1625
129.4125
141.475
152.8125
156.225
149.99375
135.36875
130.55625
131.60625
134.58125
141.88125
142.88125
136.2125
132.7375
133.5875
134.4375
142.83125
145.6375
146.2125
145.19375
147.15625
156.6125
157.8125
162.5375
152.625
139.54375
138.83125
137.6125
145.5
150.21875
146.925
139.49375
135.875
138.59375
143.45625
150.49375
147.49375
147.00625
143.05625
141.15
155.70625
160.725
168.86875
174.5375
165.51875
153.71875
143.21875
131.66875
123.98125
127.74375
132.03125
138.51875
146.00625
148.68125
144.79375
139.1125
130.9375
128.44375
135.0875
148.08125
161.175
164.39375
160.425
150.43125
144.425
137.95625
135.46875
130.5625
124.34375
126.4875
130.79375
140.675
149.8
153.85
151.29375
149.675
151.8625
159.5
169.55625
170.4875
158.825
136.91875
113.50625
100.39375
100.29375
108.1625
120.43125
131.0375
137.54375
146.64375
153.4875
153.35625
149.975
135.9875
125.175
119.01875
113.9875
117.96875
118.775
122.75
131.98125
140.0
145.89375
148.5125
148.65
144.875
139.4375
135.71875
131.0125
132.75
144.7875
152.6
160.43125
157.93125
148.14375
143.9
136.6875
140.08125
143.90625
142.14375
146.31875
146.43125
143.9125
144.88125
141.2875
132.3625
133.025
136.10625
142.04375
156.68125
163.1375
163.63125
161.70625
152.36875
140.39375
133.84375
127.61875
131.51875
141.25
148.26875
153.78125
149.625
145.51875
137.05625
135.78125
134.5875
130.6125
132.1
125.95
122.96875
121.48125
115.71875
109.0375
102.35625
95.48125
90.13125
91.81875
98.1625
100.8
106.98125
111.85
109.46875
114.5
117.375
114.525
117.2
115.79375
116.70625
121.58125
120.59375
118.55
115.44375
115.53125
114.84375
114.84375
114.84375
114.84375
