5.225
5.225
5.225
5.225
5.08125
5.14375
5.4
5.55625
5.89375
6.6375
7.16875
8.29375
9.05625
8.85625
8.7875
7.83125
7.05625
7.0125
6.7875
7.35
7.9125
8.3
8.50625
7.98125
7.45625
6.9375
6.3875
6.5125
6.81875
7.125
7.5875
7.3125
6.60625
5.85
5.36875
5.2375
5.04375
5.11875
4.8125
4.60625
4.825
5.05625
5.6375
6.3625
7.0875
7.16875
6.7875
6.00625
4.9375
4.44375
4.45625
4.6375
5.2375
5.74375
5.8125
5.96875
5.94375
6.03125
6.38125
6.85
7.4625
7.6875
7.85625
7.90625
7.51875
7.3125
7.275
7.11875
7.21875
7.34375
7.325
7.625
7.875
8.35625
8.45625
7.90625
7.2
6.0125
5.29375
5.19375
5.175
5.3875
5.425
5.025
4.8375
4.6
4.6875
4.98125
5.29375
5.675
5.63125
5.6
5.30625
4.9375
4.74375
4.45
4.275
4.175
4.2125
4.59375
5.21875
5.91875
6.325
6.41875
6.23125
6.0375
6.15
6.4625
6.6
6.48125
5.86875
5.125
4.5
3.95625
3.96875
3.95625
4.21875
5.15
5.78125
6.4375
6.86875
6.24375
5.65625
4.81875
4.21875
4.60625
5.06875
5.8625
6.49375
6.18125
6.24375
6.41875
6.4125
7.0375
6.8
6.575
6.675
6.65625
6.975
6.88125
6.425
5.8625
5.6375
5.55625
5.94375
6.16875
6.3
6.58125
6.2125
6.16875
5.8625
5.44375
5.7625
5.85
6.2
6.6
6.35625
6.425
6.23125
5.7
5.74375
5.5
5.475
5.85625
5.74375
5.875
5.71875
5.6625
5.95625
5.8625
6.2375
6.44375
6.2125
6.625
6.3875
6.125
6.31875
5.91875
6.28125
6.825
7.20625
7.95
8.2875
8.03125
7.78125
7.1
6.19375
5.61875
4.975
4.49375
4.225
4.325
4.60625
4.9125
5.56875
5.56875
5.33125
5.14375
4.61875
4.85625
5.10625
5.55
5.8875
5.55625
5.33125
4.81875
4.38125
4.40625
4.59375
4.975
5.29375
5.69375
6.1
6.10625
6.25
6.125
5.65
5.55625
5.375
4.9875
4.925
4.8375
5.13125
5.4375
5.45625
5.54375
5.3
5.38125
5.525
5.4375
5.24375
4.85
4.58125
4.39375
4.23125
4.0625
3.8875
3.79375
3.73125
3.75625
3.74375
3.95625
4.4
4.89375
5.4
5.6125
5.5
5.2625
5.20625
4.9
5.1375
5.63125
5.6875
6.29375
6.7
6.9125
7.5875
7.9625
7.90625
7.65625
7.16875
6.525
6.2
6.05625
5.73125
5.81875
5.76875
5.65
5.78125
5.525
5.25
5.28125
5.18125
5.1625
5.16875
4.76875
4.5375
4.5625
4.6375
4.85
4.8875
4.725
4.9875
5.375
5.81875
6.11875
5.66875
5.31875
5.1125
5.3
5.825
6.0625
6.35625
6.2
6.175
6.19375
5.875
5.775
5.4125
5.0625
5.1
5.025
5.025
5.1875
4.975
5.3875
5.85
6.35625
7.01875
6.76875
6.475
5.80625
5.0625
4.70625
4.66875
4.85
5.00625
5.3375
5.375
5.60625
6.05
6.01875
6.0375
5.65625
5.0
4.81875
4.79375
5.3875
6.2125
6.88125
7.03125
6.3125
5.8125
5.7
5.78125
6.375
6.475
5.78125
5.4625
5.0875
4.99375
5.49375
5.83125
6.075
6.24375
6.0125
5.55625
5.35
5.275
5.81875
6.85625
7.5625
7.95
7.46875
6.4
5.625
4.91875
4.725
4.7625
4.7375
5.1125
5.58125
5.94375
6.25
6.10625
5.66875
5.3
5.26875
5.325
5.50625
5.9625
5.68125
5.45
5.25
4.85625
4.76875
4.775
4.9875
4.98125
5.5625
6.11875
6.45625
7.3875
7.825
8.14375
8.4125
8.05
7.50625
7.30625
6.9875
6.71875
6.475
5.70625
5.09375
4.6625
4.3125
4.30625
4.3125
4.31875
4.4
4.4
4.4
4.4
4.4
4.4
