-0.05375
-0.05375
-0.05375
-0.05375
-0.134375
-0.00375
-0.003125
0.086875
0.189375
0.085625
0.1375
0.043125
0.093125
0.24375
0.443125
0.625625
0.495625
0.43375
0.15625
-0.070625
-0.11875
-0.3425
-0.451875
-0.55
-0.676875
-0.661875
-0.65125
-0.62375
-0.469375
-0.250625
-0.0175
0.186875
0.16125
0.05625
-0.0475
-0.136875
0.001875
-0.0125
-0.030625
0.014375
-0.211875
-0.271875
-0.343125
-0.5875
-0.62875
-0.7175
-0.795
-0.730625
-0.598125
-0.35375
-0.104375
0.230625
0.386875
0.364375
0.339375
0.1925
0.05875
0.00125
-0.064375
-0.24625
-0.370625
-0.3825
-0.379375
-0.24125
-0.113125
-0.091875
-0.08
-0.116875
-0.09625
-0.1825
-0.278125
-0.20875
-0.098125
0.22625
0.575
0.689375
0.52375
0.144375
-0.14875
-0.3975
-0.40875
-0.339375
-0.484375
-0.5275
-0.648125
-0.761875
-0.7675
-0.815625
-0.77
-0.65375
-0.515625
-0.269375
-0.143125
-0.100625
-0.131875
-0.391875
-0.594375
-0.74375
-0.81125
-0.749375
-0.7375
-0.75125
-0.79
-0.84625
-0.8325
-0.8025
-0.7725
-0.75625
-0.765
-0.81125
-0.8575
-0.8575
-0.840625
-0.73
-0.599375
-0.50125
-0.421875
-0.300625
-0.219375
-0.12
-0.0075
-0.149375
-0.138125
-0.144375
-0.18875
-0.09375
-0.131875
-0.170625
-0.068125
0.146875
0.22875
0.311875
0.3
0.063125
-0.020625
-0.000625
-0.110625
0.003125
0.099375
0.11625
0.23625
0.218125
0.308125
0.22625
0.156875
0.058125
-0.258125
-0.370625
-0.375
-0.32125
-0.166875
-0.06375
-0.175
-0.29
-0.35125
-0.424375
-0.413125
-0.3775
-0.456875
-0.430625
-0.421875
-0.48125
-0.48125
-0.48125
-0.48125
