0.5425
0.5425
0.5425
0.5425
0.614375
0.66125
0.646875
0.63125
0.5875
0.55625
0.6025
0.62625
0.66
0.66875
0.616875
0.581875
0.548125
0.53
0.5175
0.499375
0.49
0.4875
0.519375
0.553125
0.566875
0.569375
0.551875
0.5325
0.521875
0.526875
0.52875
0.529375
0.5425
0.563125
0.615625
0.67625
0.714375
0.725625
0.68625
0.64
0.619375
0.6
0.581875
0.575
0.55375
0.54875
0.59
0.598125
0.599375
0.585625
0.531875
0.501875
0.4875
0.46875
0.4725
0.494375
0.509375
0.559375
0.611875
0.64375
0.665625
0.655625
0.6325
0.62
0.633125
0.653125
0.68375
0.688125
0.661875
0.65
0.63125
0.630625
0.65625
0.65125
0.63125
0.621875
0.581875
0.56375
0.5625
0.51
0.48875
0.44875
0.4
0.431875
0.401875
0.39625
0.4025
0.376875
0.438125
0.479375
0.53375
0.56625
0.561875
0.59125
0.59875
0.62125
0.64
0.61875
0.614375
0.62125
0.625625
0.630625
0.609375
0.5575
0.5
0.480625
0.480625
0.50875
0.5625
0.589375
0.605
0.61875
0.60125
0.594375
0.593125
0.565625
0.568125
0.558125
0.565625
0.60125
0.6225
0.615625
0.58
0.53
0.48
0.464375
0.47125
0.476875
0.461875
0.463125
0.425
0.40125
0.404375
0.410625
0.44375
0.465
0.494375
0.520625
0.55
0.57125
0.575
0.535
0.486875
0.45125
0.405625
0.385625
0.378125
0.3825
0.425625
0.5
0.5675
0.583125
0.576875
0.519375
0.43875
0.42125
0.3725
0.358125
0.419375
0.48
0.58625
0.663125
0.654375
0.605625
0.53875
0.49875
0.5
0.50375
0.489375
0.45375
0.385
0.33625
0.32125
0.355625
0.445625
0.54375
0.634375
0.640625
0.6125
0.565625
0.514375
0.523125
0.545
0.5625
0.54875
0.51375
0.46
0.41375
0.4225
0.41625
0.395625
0.390625
0.324375
0.319375
0.37875
0.409375
0.495625
0.526875
0.5025
0.491875
0.4675
0.476875
0.5
0.548125
0.588125
0.613125
0.66
0.675
0.6675
0.655
0.61
0.574375
0.598125
0.623125
0.670625
0.709375
0.673125
0.63375
0.5925
0.548125
0.535625
0.52875
0.50625
0.506875
0.52
0.531875
0.549375
0.55375
0.5575
0.57375
0.591875
0.595625
0.604375
0.576875
0.5625
0.57375
0.57625
0.640625
0.680625
0.69
0.69375
0.6225
0.5575
0.525625
0.499375
0.52
0.528125
0.5325
0.52875
0.518125
0.53125
0.52875
0.53875
0.525
0.480625
0.448125
0.36875
0.3325
0.320625
0.261875
0.24375
0.17875
0.148125
0.19375
0.27125
0.3925
0.4875
0.543125
0.535
0.488125
0.4225
0.363125
0.378125
0.4125
0.46
0.505
0.516875
0.546875
0.5825
0.618125
0.618125
0.618125
0.618125
