1.1315
1.1315
1.1315
1.1315
1.08475
1.0465625
1.075125
1.080375
1.11125
1.145
1.108625
1.12225
1.1128125
1.0719375
1.058625
1.018625
1.00475
1.0198125
1.05325
1.0560625
1.0558125
1.0376875
0.9525
0.90575
0.904625
0.9580625
1.10275
1.234875
1.29575
1.2876875
1.1935625
1.13175
1.0803125
1.029875
1.04225
1.045125
1.056125
1.098
1.1099375
1.1038125
1.116125
1.1569375
1.2053125
1.21325
1.225125
1.1999375
1.155625
1.1921875
1.1940625
1.1959375
1.2371875
1.1893125
1.20175
1.196125
1.1580625
1.17175
1.0989375
1.01425
0.92975
0.8430625
0.823125
0.836375
0.8858125
0.9304375
0.92975
0.9525
0.9755625
1.0331875
1.140375
1.1933125
1.1730625
1.099375
0.98275
0.8913125
0.8485625
0.845
0.851875
0.864375
0.9075
0.93425
0.9705
1.02375
1.0644375
1.1115625
1.1571875
1.2070625
1.2208125
1.1975
1.1935625
1.165125
1.1280625
1.1703125
1.176625
1.1373125
1.1694375
1.152875
1.174125
1.2379375
1.2165625
1.1465
1.072375
1.024375
1.0201875
1.0646875
1.046375
1.0125625
0.9879375
1.012
1.0799375
1.158375
1.2306875
1.21725
1.201625
1.1434375
1.052125
0.98625
0.9234375
0.8609375
0.8465625
0.8445
0.8424375
0.8730625
0.856875
0.8393125
0.83025
0.82725
0.876875
0.951375
1.0205
1.0605
1.07325
1.0606875
1.045
1.043875
1.0194375
0.97375
0.9436875
0.913625
0.9335625
0.9868125
1.0278125
1.06425
1.055
1.0314375
0.9769375
0.9230625
0.9071875
0.9136875
0.945375
0.9816875
0.9914375
0.9855625
1.0055625
1.0241875
1.050375
1.045625
0.9954375
0.9544375
0.9145625
0.918375
0.9449375
0.9665
1.0114375
1.0210625
1.0388125
1.0495625
0.995375
0.972375
0.9306875
0.8925
0.895
0.88175
0.9001875
0.9293125
0.95275
0.972375
0.945875
0.9086875
0.8769375
0.87125
0.8928125
0.914375
0.935125
0.966875
1.01975
1.102125
1.206125
1.235
1.2240625
1.1469375
1.074625
1.07025
1.081875
1.1298125
1.1119375
1.048625
0.9751875
0.9146875
0.9089375
0.9325625
0.98675
1.0126875
1.0040625
0.9891875
0.954625
0.9464375
0.95825
0.964625
0.9539375
0.913375
0.8728125
0.86525
0.865375
0.8931875
0.921875
0.9115625
0.9286875
0.9408125
0.9968125
1.048125
1.0730625
1.1016875
1.058625
1.0516875
1.043875
1.010375
0.9820625
0.9189375
0.8853125
0.8734375
0.886375
0.93125
0.9375625
0.955875
0.971125
0.9478125
0.9564375
0.9336875
0.9270625
0.9379375
0.9381875
0.9593125
0.9681875
1.006375
1.015375
1.0335625
1.047875
1.0386875
1.0764375
1.10025
1.1049375
1.0925
1.082625
1.0516875
1.0479375
1.0556875
0.99025
0.9451875
0.8823125
0.8231875
0.8158125
0.8321875
0.8676875
0.898875
0.927
0.9175
0.887
0.8760625
0.865125
0.86875
0.9070625
0.930125
0.9743125
1.0139375
1.011375
0.9935625
0.934375
0.87975
0.8403125
0.860875
0.9008125
0.9855
1.0771875
1.0836875
1.1
1.025125
0.95575
0.9185625
0.8910625
0.91975
0.9513125
1.012875
1.029125
1.0275625
1.0401875
1.0365625
1.0639375
1.1039375
1.0735625
1.0126875
0.9470625
0.876875
0.8666875
0.8823125
0.8990625
0.9073125
0.9053125
0.918625
0.953375
0.9973125
1.0203125
1.0119375
0.9515
0.8896875
0.8475625
0.825
0.850875
0.896625
0.9496875
1.0021875
1.0656875
1.093875
1.091
1.074625
0.984
0.930625
0.898125
0.873125
0.892875
0.870375
0.8430625
0.8219375
0.8160625
0.8474375
0.89125
0.95025
0.994
1.0241875
1.0413125
1.0185
0.9956875
0.9605625
0.97475
1.0266875
1.0714375
1.1411875
1.11975
1.066125
1.0196875
0.9538125
0.9575
0.981
1.0116875
1.0265625
0.9951875
0.959
0.9049375
0.887
0.8984375
0.910375
0.936125
0.9571875
0.9826875
1.048125
1.1294375
1.19175
1.2241875
1.16775
1.06475
0.9545
0.8754375
0.86925
0.8898125
0.9289375
0.99275
1.0104375
1.030625
1.05925
1.00475
0.9953125
1.0289375
1.026875
1.0729375
1.09225
1.02975
1.0173125
1.0184375
1.002125
1.041875
1.0363125
0.999375
1.002
0.9589375
0.9453125
0.94475
0.915
0.9158125
0.9059375
0.91075
0.92975
0.98575
1.0225625
1.048125
1.0835625
1.0316875
1.0029375
0.986
0.93425
0.945875
0.958125
0.94225
0.9445625
0.9138125
0.8778125
0.85775
0.8594375
0.87725
0.891
0.8995625
0.889625
0.9008125
0.9443125
0.9899375
1.024875
1.0631875
1.0625
1.073375
1.0984375
1.0503125
0.9975
0.9396875
0.893625
0.8985
0.940625
0.97925
0.983625
1.01075
0.99325
0.9868125
1.012875
0.98975
1.0125
1.009625
0.9906875
0.9959375
0.9588125
0.9519375
0.947625
0.9633125
1.0213125
1.063625
1.09525
1.1110625
1.1009375
1.0696875
1.052625
1.0283125
0.985875
0.9735
0.97625
0.979625
1.0054375
1.0345
1.0228125
1.0030625
0.9904375
0.960625
0.9661875
0.9740625
0.973875
0.9601875
0.9306875
0.909375
0.8883125
0.8935625
0.901375
0.9100625
0.941125
0.983125
1.009
1.0383125
1.036375
1.0000625
0.9888125
0.990375
0.9906875
1.007
1.0254375
1.023125
1.0275625
1.031625
1.02075
1.0
0.9783125
0.971875
0.96175
0.9599375
0.9815625
0.98375
1.0010625
1.029
1.0178125
0.996
0.966625
0.9349375
0.9508125
0.98175
1.0165625
1.0396875
1.0076875
0.9789375
0.92325
0.87375
0.86075
0.8361875
0.8369375
0.8433125
0.84075
0.8508125
0.864625
0.87975
0.904625
0.9164375
0.9170625
0.91625
0.8924375
0.8963125
0.905375
0.903625
0.9296875
0.929
0.9444375
0.9828125
1.03225
1.10825
1.173125
1.25225
1.261
1.2688125
1.2505
1.17575
1.1905
1.1505
1.14775
1.1719375
1.1146875
1.1051875
1.082125
1.0489375
1.0635
1.0521875
1.03575
1.0263125
0.994375
0.9729375
0.9355625
0.895875
0.8790625
0.8818125
0.902375
0.9506875
0.9765
0.976375
0.996125
0.992375
0.9959375
1.00475
0.9834375
0.939125
0.8925625
0.8675625
0.85725
0.8750625
0.8996875
0.901
0.9138125
0.9405
0.9715625
1.022
1.0321875
1.025875
1.0315
1.0249375
1.0653125
1.084375
1.064
1.0216875
0.9524375
0.908625
0.8923125
0.9041875
0.9058125
0.9126875
0.93675
0.9678125
1.010875
1.07275
1.11225
1.144
1.1899375
1.161625
1.1139375
1.045125
0.9568125
0.9175625
0.9081875
0.90675
0.933875
0.9600625
0.954
1.000375
1.0036875
1.022625
1.06725
1.0215
1.0104375
0.980375
0.991125
1.068625
1.1715625
1.2925625
1.3688125
1.427
1.4225
1.35125
1.28
1.2015
1.1509375
1.1606875
1.1248125
1.093125
1.0376875
0.96725
0.9880625
0.9858125
1.0316875
1.121375
1.147375
1.215625
1.2265625
1.1970625
1.185625
1.16
1.1656875
1.123375
1.0776875
1.0515
1.047
1.092875
1.142125
1.1298125
1.076
1.0198125
0.9850625
0.97575
0.9846875
1.013625
0.9724375
0.942875
0.9118125
0.8630625
0.8871875
0.9419375
1.006625
1.05525
1.0555
1.025125
1.002
0.981
0.988125
1.0133125
1.0198125
1.0685625
1.1400625
1.1720625
1.1918125
1.1809375
1.143375
1.1230625
1.1645
1.198375
1.2503125
1.2873125
1.23
1.157875
1.019
0.8953125
0.8509375
0.8513125
0.912375
1.0015625
1.0325625
1.0373125
1.021125
0.9565625
0.9204375
0.8720625
0.8601875
0.8731875
0.881375
0.9056875
0.8718125
0.859625
0.8520625
0.865625
0.9098125
0.95725
1.052
1.1045
1.157
1.1351875
1.017375
0.9418125
0.86625
0.8635625
0.912125
0.9640625
1.0190625
1.0256875
1.027375
0.964125
0.9434375
0.95
0.986625
1.0585
1.0360625
1.038125
1.029875
1.051
1.1514375
1.19675
1.1753125
1.1330625
1.07825
1.0479375
1.069375
1.079875
1.0466875
1.0188125
0.9848125
0.9659375
0.9574375
0.9750625
1.0199375
1.0496875
1.114125
1.122625
1.1058125
1.0774375
1.002375
0.9518125
0.9046875
0.9214375
0.9685
1.0216875
1.0471875
0.98775
0.970875
0.9485625
0.9746875
1.0325
1.0446875
1.081625
1.096625
1.1455
1.194375
1.2465
1.296375
1.2985625
1.2520625
1.13125
0.9924375
0.9215625
0.92475
1.002
1.1056875
1.11575
1.1056875
1.0690625
1.016125
1.019
1.0101875
1.0025625
1.050375
1.1305625
1.1969375
1.239125
1.210375
1.0966875
1.048
1.0265625
1.054125
1.1711875
1.197875
1.267125
1.2631875
1.188875
1.157125
1.054125
1.002875
0.95725
0.9231875
0.895625
0.865
0.8595625
0.845375
0.858
0.8948125
0.9266875
0.9505625
0.96675
0.9354375
0.895375
0.8675
0.8310625
0.8146875
0.809875
0.7971875
0.820625
0.854875
0.8836875
0.9280625
0.9173125
0.8914375
0.8679375
0.829
0.8261875
0.860875
0.894875
0.9555
1.0041875
0.99625
0.99125
0.9410625
0.898
0.926375
0.9694375
1.038625
1.14075
1.1516875
1.1343125
1.125375
1.0393125
1.0056875
0.975625
0.9176875
0.895875
0.862875
0.8630625
0.8735
0.9035
0.9586875
0.971375
1.010625
1.0460625
1.0504375
1.0753125
1.0855
1.061875
1.0455625
1.01425
0.9945625
0.9920625
0.988125
1.0078125
1.0094375
1.0131875
1.0310625
1.0555625
1.0353125
1.0411875
1.028375
0.9748125
0.9736875
0.9380625
0.9181875
0.9425625
0.9506875
0.9816875
1.022625
1.03
1.0459375
1.0304375
0.9833125
0.9369375
0.8995
0.9276875
0.96375
1.0050625
1.0285
0.965875
0.918875
0.899625
0.89475
0.9526875
0.997375
1.0430625
1.0830625
1.11875
1.1840625
1.2004375
1.2575
1.255625
1.251
1.252
1.1755
1.18075
1.1165625
1.072375
1.1023125
1.0733125
1.1158125
1.166875
1.136125
1.115875
1.0479375
0.9870625
0.9911875
0.9798125
1.0156875
1.0393125
1.027
1.0864375
1.1484375
1.225125
1.3129375
1.3264375
1.27725
1.1613125
1.0499375
0.941125
0.8608125
0.83225
0.8028125
0.845125
0.9014375
0.978875
1.0580625
1.0885625
1.1081875
1.076375
1.0428125
1.00925
0.9863125
0.990625
1.0414375
1.0435625
1.03225
1.045125
0.9636875
0.9309375
0.955125
0.934
0.9655
1.0211875
0.9801875
0.9803125
1.0031875
1.00075
1.0943125
1.1455
1.1880625
1.257375
1.2339375
1.2628125
1.2503125
1.1865625
1.1666875
1.1349375
1.1253125
1.11825
1.1129375
1.0895625
1.0516875
1.045375
1.0534375
1.0248125
1.005625
0.9966875
1.002
1.0326875
1.1160625
1.202125
1.2139375
1.267
1.2503125
1.1865625
1.1866875
1.1749375
1.1853125
1.19825
1.1729375
1.1295625
1.0716875
1.045375
1.0534375
1.032
1.0208125
1.019875
1.0331875
1.0575
1.132875
1.2109375
1.21475
1.267
1.2503125
1.1865625
1.1866875
1.1749375
1.1853125
1.19825
1.1729375
1.0839375
0.9804375
0.9085
0.8709375
0.8841875
0.906875
0.9125625
0.8954375
0.8955
0.9080625
0.931375
0.9698125
0.96725
0.9753125
1.0019375
1.0138125
1.081
1.1081875
1.0945625
1.088125
1.019375
0.97975
0.960125
0.9515625
0.968625
0.97925
1.011
1.0316875
1.0485
1.058625
1.027375
0.9730625
0.9340625
0.9135
0.9175
0.9751875
1.0214375
1.052625
1.101875
1.1205
1.139125
1.183875
1.184125
1.162
1.139875
1.0889375
1.1003125
1.1374375
1.168125
1.1926875
1.1770625
1.1736875
1.15325
1.1568125
1.160375
1.124125
1.13375
1.13425
1.1166875
1.1475
1.1559375
1.140625
1.1614375
1.1795
1.183
1.229375
1.239625
1.2028125
1.19625
1.142875
1.1
1.08275
1.0486875
1.070625
1.1043125
1.1455625
1.192125
1.201625
1.180375
1.124
1.036875
0.943625
0.88475
0.862
0.873625
0.9168125
0.947625
0.9665
0.9713125
0.9495625
0.9404375
0.975125
1.038
1.097375
1.185375
1.1865
1.1645625
1.1536875
1.0690625
1.04025
0.9895
0.935
0.909875
0.8668125
0.8550625
0.863
0.893875
0.941875
0.9811875
0.988625
0.99225
0.9876875
1.0244375
1.0719375
1.077375
1.0704375
0.997
0.9563125
0.94625
0.95125
0.978
0.9585625
0.9621875
0.96275
0.96
1.0125625
1.02125
1.0510625
1.08
1.07225
1.087
1.060375
1.0620625
1.019
0.973375
0.9523125
0.889875
0.8874375
0.8944375
0.897375
0.926625
0.9296875
0.93175
0.97375
1.0265
1.085875
1.1224375
1.1188125
1.079
1.0478125
1.0585625
1.0693125
1.104625
1.1760625
1.209375
1.1970625
1.1838125
1.0934375
1.0259375
1.02825
1.0275625
1.0821875
1.097
1.0845625
1.07175
1.0181875
1.002375
0.9885
0.970875
0.978875
0.9689375
0.9486875
0.9355625
0.926125
0.9304375
0.9428125
0.94325
0.9258125
0.914125
0.8975625
0.917125
0.9395625
0.940375
0.998125
1.016875
1.054375
1.1060625
1.1090625
1.1065625
1.0935
1.0921875
1.0444375
1.0344375
1.03625
1.01975
1.0556875
1.056
1.0416875
1.0145
0.976125
0.9443125
0.897125
0.8768125
0.87025
0.895
0.941875
0.9778125
1.01775
1.0421875
1.061875
1.093
1.095625
1.067875
1.0814375
1.0649375
1.0791875
1.1315
1.10625
1.1363125
1.140125
1.1298125
1.1464375
1.1083125
1.0941875
1.080125
1.096625
1.1090625
1.0878125
1.04825
0.967875
0.9203125
0.8990625
0.88975
0.905625
0.8923125
0.88475
0.9065625
0.9234375
0.9823125
1.05975
1.1099375
1.1705625
1.18575
1.13475
1.1113125
1.0610625
1.0425
1.075875
1.0578125
1.075875
1.1028125
1.109
1.1234375
1.1030625
1.052625
1.0131875
0.9971875
1.0119375
1.0271875
1.028875
1.0186875
0.99375
0.9945625
0.99625
1.0235625
1.0359375
1.0410625
1.0655625
1.1010625
1.142625
1.14825
1.1214375
1.0284375
0.96225
0.9338125
0.9336875
0.95825
0.9445625
0.9215
0.880625
0.8748125
0.90725
0.9280625
0.9805625
0.990875
0.9620625
0.953375
0.9101875
0.901375
0.9134375
0.9115625
0.918875
0.9
0.8955
0.9420625
0.98375
1.0768125
1.139375
1.11925
1.1560625
1.1076875
1.1193125
1.187
1.180375
1.26325
1.256625
1.200375
1.170875
1.072125
1.0141875
1.0175
1.0441875
1.07425
1.1274375
1.131375
1.0851875
1.0653125
1.0190625
1.0100625
1.0066875
0.9929375
0.986375
0.97925
1.012125
1.0958125
1.1714375
1.203375
1.1953125
1.1011875
1.0418125
1.0041875
1.0076875
1.051625
1.04675
1.0381875
1.0035
1.00925
1.036875
1.0635
1.0759375
1.01125
0.9691875
0.9365625
0.935125
0.97
0.951875
0.932875
0.892125
0.8888125
0.9391875
0.993875
1.059125
1.0425625
0.9829375
0.938
0.8891875
0.900375
0.93675
0.935125
0.9481875
0.9384375
0.9344375
0.9434375
0.95225
0.9761875
0.97825
0.9960625
0.991
0.96225
0.9481875
0.939625
0.933125
0.943625
0.9423125
0.90675
0.8783125
0.8533125
0.833125
0.8543125
0.8808125
0.8954375
0.921125
0.913
0.9205
0.9379375
0.9390625
0.9440625
0.9278125
0.906125
0.8929375
0.899875
0.91325
0.933625
0.9579375
0.9461875
0.9114375
0.87275
0.84925
0.8758125
0.9481875
1.043875
1.128
1.1855625
1.18975
1.174
1.1316875
1.1108125
1.161375
1.181
1.2271875
1.21525
1.1585625
1.128625
1.0839375
1.0911875
1.052
1.0355625
1.0263125
0.9828125
1.0026875
0.9880625
0.9645
0.952375
0.9071875
0.8901875
0.89825
0.932375
0.98025
0.99375
1.0025625
0.992875
1.0155
1.079
1.124625
1.1593125
1.1365
1.0826875
1.019625
0.97125
0.9715625
0.98625
1.020125
1.0421875
1.0406875
1.0295
1.027
1.037125
1.0533125
1.058875
1.0396875
1.0159375
0.971
0.9568125
0.9548125
0.9635
1.005
1.014625
1.0211875
1.0170625
0.9988125
1.018875
1.0345625
1.0395625
1.0679375
1.0650625
1.0891875
1.1275
1.1118125
1.0863125
1.0344375
1.01575
1.029125
1.0620625
1.1021875
1.060875
1.0225
1.028
1.0445625
1.1101875
1.146125
1.097125
1.03575
0.981
0.9504375
0.9598125
0.9565625
0.942375
0.933625
0.916875
0.90625
0.8846875
0.8576875
0.8606875
0.8745625
0.903125
0.971875
0.997125
1.02825
1.07425
1.053125
1.06225
1.0624375
1.021875
0.99775
0.9573125
0.93025
0.9284375
0.9289375
0.9450625
0.9441875
0.94775
0.9595
0.979125
0.989125
0.9915625
1.015125
1.0294375
1.0515625
1.063
1.0778125
1.0773125
1.0908125
1.1185
1.1216875
1.112
1.094125
1.06075
1.0004375
0.973875
0.959125
0.98175
1.0178125
1.0338125
1.0406875
1.00075
0.969125
0.949875
0.901
0.8888125
0.890375
0.879375
0.9184375
0.9313125
0.9431875
0.9715625
0.95225
0.9395625
0.908375
0.864625
0.8473125
0.8334375
0.83425
0.8354375
0.84375
0.861875
0.894875
0.9403125
0.9686875
0.978375
0.9473125
0.9234375
0.9115625
0.9094375
0.924
0.90175
0.8751875
0.8705625
0.8875
0.9255625
0.963625
0.9640625
0.948375
0.9526875
0.94875
0.9559375
0.9524375
0.9545625
0.9866875
1.020125
1.06775
1.0664375
1.0223125
0.99275
0.966875
0.9471875
0.9518125
0.935375
0.9008125
0.886375
0.8686875
0.8624375
0.8895
0.905375
0.9255625
0.9593125
0.95925
0.96825
0.96775
0.957
0.9576875
0.97775
1.0271875
1.0556875
1.0841875
1.1169375
1.1005
1.094
1.0803125
1.0016875
0.948875
0.9118125
0.8953125
0.93275
0.9748125
0.9990625
0.9930625
0.9634375
0.928375
0.8996875
0.891
0.8815
0.8641875
0.8548125
0.849875
0.855875
0.87725
0.892125
0.8994375
0.92525
0.9839375
1.061875
1.13225
1.168875
1.143625
1.1208125
1.1193125
1.14075
1.187
1.1638125
1.132125
1.089625
1.040375
1.087125
1.1221875
1.1760625
1.25475
1.2609375
1.2500625
1.2185
1.119875
1.04075
1.0116875
0.969125
0.98075
0.98125
0.9279375
0.9196875
0.9399375
0.9963125
1.128625
1.2558125
1.3011875
1.3521875
1.30975
1.201125
1.182
1.10775
1.0985
1.1606875
1.178125
1.205875
1.2198125
1.2198125
1.2198125
1.2198125
