0.05
0.05
0.05
0.05
-0.025
-0.065625
-0.028125
0.065625
0.125
0.13125
0.10625
0.065625
0.05
0.034375
0.01875
-0.0125
-0.04375
-0.065625
-0.0875
-0.053125
0.00625
0.096875
0.1375
0.1375
0.096875
0.028125
0.084375
0.140625
0.228125
0.334375
0.35625
0.378125
0.36875
0.34375
0.3375
0.30375
0.27375
0.203125
0.0825
0.010625
-0.028125
0.014375
0.131875
0.234375
0.3125
0.31875
0.25625
0.1625
0.03125
-0.04375
-0.09375
-0.12125
-0.133125
-0.204375
-0.231875
-0.229375
-0.1425
-0.02125
0.00625
-0.015625
-0.128125
-0.240625
-0.240625
-0.271875
-0.271875
-0.26875
-0.3125
-0.275
-0.215625
-0.11875
-0.021875
0.0875
0.190625
0.24375
0.25
0.20625
0.08125
-0.09375
-0.184375
-0.325
-0.35
-0.265625
-0.259375
-0.134375
-0.05625
-0.028125
0.05
0.059375
0.071875
0.09375
0.075
0.075
0.009375
-0.0775
-0.105
-0.17625
-0.12875
-0.091875
-0.12375
-0.14625
-0.25625
-0.32125
-0.34875
-0.27625
-0.1475
-0.035625
0.11375
0.16625
0.2
0.24375
0.246875
0.29375
0.33125
0.334375
0.334375
0.30625
0.259375
0.18125
0.109375
0.04375
0.021875
0.0975
0.12625
0.155
0.1525
0.108125
0.1325
0.14125
0.15625
0.16
0.13875
0.139375
0.130625
0.155
0.18875
0.21625
0.21875
0.1875
0.1125
0.0375
0.03125
0.0125
0.003125
-0.00625
-0.05
-0.075
-0.025
-0.034375
-0.103125
-0.146875
-0.290625
-0.340625
-0.271875
-0.278125
-0.175
-0.115625
-0.115625
-0.0375
-0.01875
0.04375
0.10625
0.146875
0.1875
0.19375
0.165625
0.13125
0.0625
-0.00625
-0.00625
-0.00625
0.003125
-0.021875
-0.140625
-0.31875
-0.44375
-0.49375
-0.459375
-0.290625
-0.15
-0.040625
0.01875
-0.046875
-0.1125
-0.2375
-0.2625
-0.2375
-0.240625
-0.21875
-0.321875
-0.384375
-0.36875
-0.2625
-0.103125
-0.05
-0.04375
-0.14375
-0.2275
-0.245625
-0.25125
-0.24125
-0.2325
-0.22375
-0.24625
-0.24375
-0.296875
-0.321875
-0.33125
-0.275
-0.159375
-0.1
-0.025
-0.015625
-0.078125
-0.078125
-0.134375
-0.1875
-0.125
-0.065625
0.034375
0.0625
0.009375
-0.071875
-0.1125
-0.015625
0.075
0.1625
0.188125
0.12625
0.126875
0.1275
0.170625
0.1825
0.15375
0.125
0.00625
0.00625
0.00625
0.00625
0.14375
0.196875
0.18125
0.096875
-0.125
-0.33125
-0.46875
-0.46875
-0.33125
-0.178125
0.003125
0.094375
0.10125
0.07375
0.043125
-0.01375
-0.04875
-0.061875
-0.11875
-0.080625
-0.04875
-0.0075
0.07125
0.12375
0.116875
0.0975
0.071875
0.015625
0.0875
0.159375
0.178125
0.146875
0.046875
-0.090625
-0.1875
-0.15625
-0.125
-0.025
0.103125
0.14375
0.140625
0.046875
-0.128125
-0.30625
-0.396875
-0.378125
-0.30625
-0.175
-0.15625
-0.16875
-0.115625
-0.096875
0.04375
0.1625
0.1975
0.210625
0.1175
-0.01
-0.13875
-0.24875
-0.236875
-0.146875
-0.0125
0.121875
0.146875
0.13125
0.085
0.048125
0.02375
-0.035
-0.1075
-0.189375
-0.218125
-0.221875
-0.234375
-0.30625
-0.428125
-0.565625
-0.675
-0.7
-0.675
-0.55625
-0.378125
-0.190625
-0.053125
0.015625
0.025
-0.034375
-0.003125
0.01875
0.040625
0.1375
0.150625
0.173125
0.195625
0.17125
0.1425
0.054375
-0.093125
-0.29375
-0.496875
-0.571875
-0.5875
-0.54375
-0.425
-0.39375
-0.3125
-0.1625
-0.053125
0.078125
0.159375
0.1375
0.10625
0.046875
-0.0125
-0.071875
-0.190625
-0.284375
-0.375
-0.365625
-0.2625
-0.121875
-0.009375
0.03125
0.06875
0.06875
0.134375
0.175
0.11875
0.0625
-0.071875
-0.184375
-0.165625
-0.1875
-0.153125
-0.1
-0.15
-0.134375
-0.11875
-0.093125
-0.02375
0.018125
0.0475
0.02875
-0.0025
-0.044375
-0.101875
-0.099375
-0.04375
0.040625
0.14375
0.21875
0.2375
0.24375
0.225
0.21875
0.20625
0.171875
0.121875
0.053125
-0.015625
-0.05
-0.08125
-0.125
-0.14
-0.145625
-0.08875
-0.031875
-0.035625
-0.091875
-0.166875
-0.191875
-0.135
-0.07
-0.0175
-0.04
-0.05625
-0.00625
0.035
0.154375
0.205625
0.188125
0.1975
0.17875
0.168125
0.179375
0.12875
0.059375
0.046875
0.05625
0.13125
0.175
0.16875
0.13125
0.05
0.0125
-5.20417042793e-18
-0.040625
-0.096875
-0.15625
-0.259375
-0.29375
-0.240625
-0.1625
-0.0875
-0.075
-0.12125
-0.245625
-0.27625
-0.30375
-0.345
-0.308125
-0.32125
-0.275
-0.16875
-0.1125
-0.084375
-0.09375
-0.184375
-0.190625
-0.178125
-0.109375
-0.003125
0.0375
0.05625
1.21430643318e-17
-0.030625
-0.08
-0.110625
-0.16625
-0.241875
-0.2675
-0.24625
-0.10625
-0.01875
0.01875
0.003125
-0.1
-0.084375
-0.071875
-0.059375
-0.05
-0.125
-0.14375
-0.134375
-0.103125
-0.05625
-0.040625
-0.059375
-0.08125
-0.10625
-0.153125
-0.2375
-0.29375
-0.3625
-0.3375
-0.259375
-0.1875
-0.134375
-0.153125
-0.14375
-0.15625
-0.065625
0.0125
0.084375
0.14375
0.11875
0.0875
0.034375
-0.028125
-0.059375
-0.028125
0.000625
0.0825
0.108125
0.0525
0.020625
-0.0925
-0.124375
-0.09375
-0.128125
-0.059375
-0.1
-0.1875
-0.228125
-0.29375
-0.265625
-0.184375
-0.109375
-0.065625
-0.021875
0.009375
0.071875
0.121875
0.15
0.11875
0.059375
-0.003125
-0.06875
-0.115625
-0.1875
-0.265625
-0.396875
-0.4375
-0.43125
-0.396875
-0.259375
-0.225
-0.2375
-0.184375
-0.178125
-0.096875
0.031875
0.098125
0.16125
0.17125
0.170625
0.148125
0.1225
0.121875
0.078125
0.053125
0.034375
1.30104260698e-17
0.034375
0.071875
0.11875
0.11875
0.046875
-0.028125
-0.13125
-0.146875
-0.159375
-0.165625
-0.20625
-0.246875
-0.20625
-0.203125
-0.115625
-0.08125
-0.146875
-0.15
-0.15625
-0.140625
-0.05
0.01875
0.04375
0.065625
0.090625
0.0625
0.01875
-0.028125
-0.128125
-0.161875
-0.126875
-0.073125
0.030625
0.083125
0.098125
0.081875
0.035
0.048125
0.02375
0.024375
0.03625
0.02625
0.081875
0.09375
0.096875
0.08125
0.003125
-0.0125
-0.025
-0.028125
0.015625
0.00625
-0.003125
-0.009375
-0.053125
-0.046875
-0.040625
-0.021875
0.01875
0.05625
0.103125
0.140625
0.184375
0.159375
0.115625
0.015625
-0.075
-0.096875
-0.090625
-0.059375
-0.06875
-0.090625
-0.13125
-0.071875
0.040625
0.159375
0.278125
0.271875
0.253125
0.16875
0.04375
-0.003125
-0.075
-0.053125
0.040625
0.103125
0.175
0.159375
0.08125
0.015625
-0.109375
-0.190625
-0.240625
-0.33125
-0.29375
-0.246875
-0.1625
-0.05
-0.046875
-0.0625
-0.146875
-0.184375
-0.159375
-0.125
-0.065625
-0.065625
-0.103125
-0.115625
-0.090625
-0.04375
-0.015625
-0.003125
-0.0125
-0.0375
-3.46944695195e-18
0.01875
0.009375
0.006875
0.0075
0.03625
0.08375
0.13625
0.148125
0.1225
0.115625
0.08125
0.08125
0.1
0.08125
0.128125
0.140625
0.1625
0.18125
0.146875
0.084375
-0.046875
-0.159375
-0.284375
-0.33125
-0.25
-0.125
0.0625
0.215625
0.259375
0.246875
0.246875
0.246875
0.246875
