0.981875
0.981875
0.981875
0.981875
0.97375
0.964375
0.965625
0.971875
0.9875
1.005
0.990625
0.981875
0.97125
0.976875
1.001875
1.01125
1.015
1.00875
0.985625
0.969375
0.965
0.955625
0.965625
0.986875
1.00125
1.014375
1.02
1.00125
0.98125
0.981875
0.980625
1.003125
1.03375
1.048125
1.07625
1.0975
1.099375
1.083125
1.06375
1.04125
1.046875
1.084375
1.090625
1.100625
1.08125
1.029375
1.019375
0.99125
0.97625
0.98625
0.9775
0.99
1.0025
1.00625
1.003125
0.998125
0.98
0.970625
0.9625
0.9625
0.990625
1.009375
1.038125
1.03625
1.01875
1.00875
0.99375
0.9925
0.9875
0.983125
0.980625
0.988125
0.993125
0.976875
0.94875
0.915625
0.895625
0.906875
0.928125
0.954375
0.968125
0.956875
0.94625
0.9175
0.91
0.91375
0.925625
0.946875
0.938125
0.921875
0.89625
0.88375
0.90125
0.925625
0.959375
0.9825
0.9825
0.995625
0.996875
1.0025
1.02
1.021875
1.02625
1.031875
1.03
1.029375
1.031875
1.020625
1.0225
1.0275
1.03125
1.0425
1.028125
1.006875
0.973125
0.954375
0.964375
0.96875
0.990625
0.98625
0.96375
0.958125
0.94875
0.964375
0.9975
1.026875
1.05
1.060625
1.044375
1.025625
1.019375
0.995
0.981875
0.968125
0.945
0.950625
0.97125
0.988125
0.995625
0.9875
0.968125
0.95375
0.95625
0.9575
0.95375
0.955625
0.95625
0.974375
0.99625
1.01125
1.018125
1.0175
1.025625
1.025
1.029375
1.03375
1.01875
1.020625
1.025
1.013125
1.0225
1.013125
0.991875
0.99125
0.98625
0.999375
1.018125
1.0225
1.01875
1.0025
1.00625
1.008125
1.01625
1.035
1.020625
1.018125
1.0075
0.985625
0.980625
0.979375
0.983125
0.99625
1.0125
1.025
1.0375
1.04625
1.04
1.025625
1.01125
0.993125
0.98625
0.979375
0.96875
0.961875
0.95375
0.95
0.95
0.95
0.95
0.944375
0.93875
0.9275
0.91625
0.91625
0.91625
0.921875
0.9275
0.9275
0.9275
0.933125
0.93875
0.93875
0.93875
0.933125
0.921875
0.921875
0.930625
0.939375
0.9675
1.0025
1.02875
1.06375
1.080625
1.0725
1.059375
1.0325
1.005
0.99375
0.9875
0.98625
0.995625
0.99625
0.996875
1.0
0.993125
0.99125
0.989375
0.983125
0.985
0.991875
1.00375
1.016875
1.02625
1.030625
1.02
1.01
1.0
0.98625
0.9875
0.98875
0.98625
0.995625
0.99625
0.993125
1.0025
0.995625
1.00125
1.01875
1.0275
1.050625
1.061875
1.065625
1.06875
1.059375
1.045
1.02125
0.99
0.9775
0.980625
0.99125
1.0075
1.0075
1.00375
1.004375
1.0075
1.003125
0.988125
0.965625
0.954375
0.963125
0.975625
0.995625
1.00125
1.001875
1.005625
1.009375
1.010625
0.995625
0.979375
0.96
0.954375
0.958125
0.974375
0.990625
0.999375
1.015625
1.015625
1.018125
1.01
1.0075
1.005
1.0025
1.01
1.0075
1.01
1.01
1.028125
1.04375
1.058125
1.06125
1.035625
1.00625
0.980625
0.96625
0.964375
0.96875
0.96125
0.95625
0.94
0.9225
0.929375
0.939375
0.965
1.005625
1.024375
1.031875
1.021875
0.984375
0.95875
0.940625
0.94375
0.955625
0.9575
0.949375
0.925
0.910625
0.90125
0.896875
0.9
0.911875
0.9225
0.945625
0.9675
0.963125
0.96125
0.95
0.93875
0.934375
0.92875
0.92375
0.91875
0.92375
0.93
0.94375
0.97125
0.993125
1.01125
1.016875
1.01
1.005625
1.00625
1.015625
1.02
1.024375
1.025
1.020625
1.01
0.996875
0.99625
0.986875
0.9925
1.000625
0.9875
0.97875
0.96875
0.95625
0.9675
0.991875
1.0075
1.019375
0.998125
0.970625
0.944375
0.938125
0.9625
0.9875
1.025
1.040625
1.043125
1.045625
1.036875
1.033125
1.02625
1.008125
0.98375
0.96625
0.95375
0.955
0.97125
0.98625
1.00125
1.01
1.010625
1.01125
1.0075
1.005625
1.0025
0.989375
0.99125
0.988125
0.998125
1.008125
1.0
1.0025
0.985
0.9775
0.98625
0.99125
1.01125
1.0325
1.0425
1.045
1.04375
1.0325
1.014375
1.001875
0.986875
0.973125
0.980625
0.983125
0.986875
1.003125
1.0
0.995625
0.989375
0.964375
0.946875
0.946875
0.946875
0.966875
0.991875
0.993125
0.990625
0.973125
0.9375
0.923125
0.92625
0.934375
0.97
0.99625
1.008125
1.015
1.010625
1.00625
1.000625
1.005
0.998125
0.98625
0.978125
0.965
0.96
0.965
0.97875
0.9925
1.00625
1.015
1.00625
0.9975
0.9975
0.9925
0.990625
0.985
0.965625
0.956875
0.965625
0.976875
0.995625
1.013125
1.02125
1.035625
1.04
1.04125
1.03
1.01
0.9975
0.97375
0.965
0.95375
0.9425
0.935625
0.924375
0.934375
0.951875
0.985625
1.018125
1.035625
1.043125
1.04375
1.045
1.0375
1.02875
1.001875
0.97125
0.953125
0.9325
0.935625
0.936875
0.930625
0.945625
0.94625
0.958125
0.9725
0.963125
0.96375
0.9675
0.9775
0.99625
1.01
1.00625
0.999375
1.00125
0.999375
1.01
1.013125
1.005
1.009375
1.010625
1.011875
1.01375
0.998125
0.98125
0.975625
0.97125
0.984375
0.998125
1.000625
0.99875
0.978125
0.961875
0.956875
0.958125
0.969375
0.968125
0.96
0.959375
0.976875
0.996875
1.02125
1.040625
1.02875
1.021875
1.01375
0.99375
0.983125
0.97
0.9575
0.94875
0.9425
0.96125
0.97
0.991875
1.015
1.00375
1.0
0.97875
0.9575
0.943125
0.92875
0.923125
0.9175
0.921875
0.9325
0.941875
0.9525
0.95875
0.96625
0.980625
0.988125
0.995625
0.9775
0.948125
0.93
0.911875
0.9175
0.93375
0.953125
0.964375
0.974375
0.974375
0.9475
0.936875
0.92625
0.921875
0.95375
0.969375
0.970625
0.969375
0.94
0.921875
0.91375
0.908125
0.9125
0.92
0.9275
0.9425
0.9575
0.965
0.98625
0.9875
0.9875
0.98375
0.9525
0.935
0.92
0.91625
0.93125
0.938125
0.94375
0.941875
0.93
0.928125
0.92625
0.925625
0.925625
0.9225
0.919375
0.9175
0.925625
0.94125
0.956875
0.98
1.00625
1.015
1.025
1.0175
0.99125
0.98
0.97125
0.965625
0.975
0.9625
0.94125
0.9375
0.925
0.94625
0.97375
0.986875
1.00375
0.99375
0.986875
0.9775
0.971875
0.98375
0.993125
1.00875
1.025625
1.025
1.025
1.0275
1.015
1.02125
1.006875
0.985
0.978125
0.95125
0.950625
0.948125
0.94125
0.950625
0.953125
0.966875
0.981875
0.990625
0.998125
0.99875
1.0
0.99875
1.00125
1.014375
1.010625
1.004375
0.985
0.948125
0.93125
0.918125
0.920625
0.93125
0.94
0.954375
0.965625
0.976875
0.980625
0.978125
0.96875
0.95375
0.94875
0.954375
0.969375
0.999375
1.016875
1.016875
1.015625
1.006875
1.008125
1.024375
1.03
1.036875
1.030625
1.020625
1.016875
1.003125
1.003125
0.991875
0.976875
0.971875
0.9725
0.985625
1.01125
1.035
1.04
1.04125
1.025
1.005
0.9875
0.96625
0.9625
0.96375
0.971875
0.988125
0.991875
0.99125
1.004375
1.0125
1.025625
1.04
1.035
1.0275
1.006875
0.9875
0.978125
0.97125
0.981875
0.985
0.968125
0.964375
0.949375
0.9525
0.97125
0.96875
0.9775
0.96
0.96
0.96
0.96
