1.1683125
1.1683125
1.1683125
1.1683125
1.2614375
1.3155625
1.297625
1.2340625
1.131375
1.0291875
0.932625
0.9273125
0.942
0.9624375
1.0114375
0.9691875
0.9269375
0.889875
0.8356875
0.82475
0.8114375
0.8066875
0.811375
0.8184375
0.8578125
0.88525
0.9385
0.994125
1.0198125
1.048875
1.0245625
1.017875
1.02925
1.0363125
1.09675
1.14475
1.1746875
1.2080625
1.184125
1.14925
1.066375
0.982
0.9360625
0.86625
0.852
0.8611875
0.8739375
0.92175
1.0024375
1.0485625
1.0680625
1.0839375
1.059375
1.0483125
1.0485625
1.0333125
0.981
0.9235
0.9005625
0.9155
0.958125
1.0035625
0.996
0.956375
0.9430625
0.9531875
1.0028125
1.0668125
1.118875
1.130375
1.099375
1.056125
1.0143125
0.99825
1.0160625
1.01225
0.998625
0.9933125
0.9940625
1.0393125
1.0879375
1.1071875
1.1141875
1.104125
1.069875
1.042875
0.992125
0.9225625
0.8748125
0.834625
0.8425625
0.85975
0.90925
0.9663125
0.969125
0.9861875
0.966875
0.962375
0.9854375
1.0208125
1.0466875
1.0501875
1.0536875
1.0135625
1.01175
0.982375
0.9619375
0.9633125
0.9370625
0.9353125
0.920875
0.916375
0.9
0.88975
0.8828125
0.86075
0.89625
0.9743125
1.0641875
1.164
1.2053125
1.1740625
1.142875
1.1293125
1.111
1.1285
1.107
1.046375
1.031375
0.9799375
0.9608125
1.0055625
1.0455625
1.1373125
1.2204375
1.2343125
1.1845
1.105
1.0276875
0.9779375
0.9714375
0.949375
0.9298125
0.883
0.865125
0.8683125
0.878875
0.9359375
0.9476875
0.95875
0.977625
0.973
0.9793125
0.9979375
0.974
0.950125
0.9575625
0.9448125
0.961
0.9635
0.967
1.0246875
1.096125
1.186125
1.251625
1.2310625
1.17825
1.110375
1.0054375
0.9599375
0.958125
0.9941875
1.0579375
1.076125
1.044375
0.9805625
0.9430625
0.9531875
1.0028125
1.0668125
1.118875
1.1311875
1.1040625
1.0646875
1.02675
1.028625
1.0728125
1.095375
1.108125
1.09975
1.071375
1.0875
1.1028125
1.1024375
1.109625
1.1061875
1.1080625
1.138875
1.15875
1.1633125
1.1643125
1.131
1.1044375
1.0831875
1.07325
1.0949375
1.0856875
1.0623125
1.0079375
0.962375
0.944375
0.9610625
1.003
1.0255625
1.048125
1.0270625
1.021875
0.989125
0.9653125
1.0113125
1.0383125
1.0898125
1.128625
1.081375
1.012
0.9535
0.8983125
0.883125
0.93025
1.0104375
1.0855
1.15625
1.1420625
1.0600625
1.012
0.965625
0.9685625
1.0073125
1.0088125
1.044
1.0903125
1.0978125
1.10025
1.090125
1.0888125
1.128375
1.178
1.1839375
1.11975
1.0336875
0.9498125
0.8876875
0.8688125
0.86325
0.8601875
0.849625
0.868
0.881625
0.9105625
0.9684375
1.0211875
1.084125
1.139
1.154875
1.1013125
1.0430625
0.9525625
0.8795625
0.8780625
0.864875
0.8728125
0.88775
0.9036875
0.9738125
1.077625
1.1873125
1.2245
1.175625
1.07375
0.954875
0.9139375
0.909125
0.9490625
1.020375
1.033375
1.0498125
1.0215
0.964375
0.9525625
0.9603125
1.0075625
1.0691875
1.11775
1.1289375
1.1006875
1.0601875
1.023375
1.026375
1.0516875
1.055375
1.048125
1.018625
1.009125
1.044125
1.0783125
1.0988125
1.101625
1.082375
1.0684375
1.0828125
1.094875
1.1145
1.1305625
1.1191875
1.1130625
1.089375
1.077
1.0925
1.0799375
1.076125
1.0815
1.0818125
1.1001875
1.1418125
1.1283125
1.1059375
1.0883125
1.035625
1.039
1.0156875
1.0013125
0.994
0.9676875
0.964125
0.947875
0.945375
0.9205
0.907375
0.9139375
0.914875
0.978625
1.0754375
1.1513125
1.222875
1.20925
1.1278125
1.0628125
0.9995
1.002375
1.0410625
1.061875
1.116375
1.1513125
1.15525
1.14925
1.1306875
1.113625
1.13325
1.165375
1.1314375
1.0665625
0.971875
0.879375
0.8595625
0.8649375
0.8969375
0.9290625
0.9189375
0.93775
0.92825
0.9388125
0.9845
1.0250625
1.08425
1.133
1.1395
1.0765625
1.008
0.9119375
0.848125
0.8558125
0.8705
0.919875
0.9616875
1.0045
1.06425
1.0856875
1.1230625
1.09925
1.05775
1.0393125
1.0049375
1.0194375
1.01475
1.013125
1.0179375
1.013625
1.0199375
1.0208125
0.992875
0.956375
0.9430625
0.9531875
1.0028125
1.0481875
1.0805
1.0730625
1.0261875
1.0043125
0.986125
1.00775
1.06025
1.0733125
1.0504375
1.0064375
0.9653125
0.9645
1.0170625
1.0671875
1.1134375
1.1283125
1.139625
1.14325
1.1086875
1.089375
1.024125
0.9604375
0.958
0.9555625
0.9788125
1.0160625
0.99275
0.9733125
0.9273125
0.898
0.901
0.9195625
0.9876875
1.0336875
1.0773125
1.085875
1.0766875
1.0399375
1.012125
0.989
0.9594375
0.954375
0.936625
0.937375
0.919125
0.907
0.8981875
0.87425
0.906375
0.9810625
1.0675625
1.164
1.178625
1.118125
1.0576875
0.9918125
0.9898125
1.02875
1.0295625
1.0416875
1.04225
1.0014375
1.0320625
1.0768125
1.1064375
1.16925
1.1393125
1.0594375
0.967125
0.869875
0.8199375
0.7951875
0.787375
0.7820625
0.778125
0.7989375
0.8310625
0.8593125
0.9134375
0.95275
0.978625
1.05625
1.10425
1.1446875
1.209
1.179
1.130125
1.0513125
0.9433125
0.8970625
0.879
0.9174375
1.0038125
1.1035625
1.1925
1.253
1.2304375
1.1319375
1.0340625
0.9399375
0.8914375
0.914375
0.9443125
0.9705
1.002125
1.00875
1.039875
1.0475
1.041875
1.0576875
1.064
1.0956875
1.1345
1.1054375
1.0326875
0.984125
0.9385
0.944875
0.9623125
0.9353125
0.9154375
0.882875
0.8794375
0.8923125
0.9148125
0.95225
0.9826875
1.0253125
1.021375
1.0041875
0.9975
1.0049375
1.0485
1.1216875
1.1768125
1.1789375
1.169375
1.1325625
1.054875
1.0384375
1.043875
1.03125
1.0539375
1.027
0.9794375
0.9615625
0.97425
1.0025625
1.03275
1.054375
1.051
1.073375
1.078875
1.0805625
1.0791875
1.0255
1.0074375
0.985375
0.94525
0.942875
0.8975625
0.8685625
0.8806875
0.90375
0.9479375
1.002375
1.01375
0.979125
0.9558125
0.8871875
0.8608125
0.8616875
0.8460625
0.859375
0.859375
0.859375
0.859375
