0.00190281030445
0.00190281030445
0.00190281030445
0.00190281030445
0.000219555035129
0.0
0.0
0.0
0.0
0.000219555035129
0.0014637002342
0.00270784543326
0.0177107728337
0.0322745901639
0.0594994145198
0.0869437939109
0.0878951990631
0.103776346604
0.0912617096018
0.0783079625293
0.0917740046838
0.0768442622951
0.0766247072599
0.0913348946136
0.077868852459
0.0917740046838
0.11943793911
0.117681498829
0.130196135831
0.11431498829
0.0846750585479
0.0697453161591
0.0550351288055
0.0687939110069
0.0835040983605
0.0982142857141
0.126683255269
0.141393442623
0.154200819672
0.167008196721
0.152298009367
0.123829039812
0.0825526932083
0.0412763466041
0.0147833723653
0.00204918032787
0.00409836065575
0.00717213114756
0.0219555035129
0.0367388758782
0.0504976580796
0.063231850117
0.063231850117
0.063231850117
0.0622072599531
0.0601580796252
0.0445696721311
0.0300058548009
0.030225409836
0.0314695550351
0.0460333723653
0.0600117096018
0.0464724824355
0.0329332552693
0.0339578454332
0.0468384074941
0.0736973067915
0.100556206089
0.0987265807961
0.0708430913348
0.0572306791568
0.0436182669789
0.044862412178
0.0745755269321
0.0888466042154
0.117827868852
0.145784543325
0.144320843091
0.130269320843
0.0873097189695
0.0586211943793
0.0446428571428
0.0439841920374
0.0570111241217
0.0572306791568
0.057450234192
0.0578893442622
0.0588407494145
0.0441305620609
0.0294203747073
0.0147101873536
0.0
0.0
0.0
0.0143442622951
0.0431059718969
0.0720872365339
0.101946721311
0.103117681499
0.0898711943794
0.0761855971897
0.0751610070259
0.088480679157
0.101800351288
0.115339578455
0.101800351288
0.0882611241219
0.0750146370024
0.0617681498829
0.0614022248244
0.0610362997658
0.0458870023419
0.0444964871194
0.0445696721311
0.0589871194378
0.102093091335
0.117681498829
0.13144028103
0.117022833724
0.0739900468384
0.0594262295082
0.0603044496487
0.0745023419204
0.104142271663
0.104361826698
0.0757464871195
0.047643442623
0.0322014051522
0.0316891100703
0.0458138173302
0.0599385245901
0.0594262295082
0.0584748243559
0.071794496487
0.0988729508195
0.113656323185
0.142418032787
0.142198477752
0.114461358314
0.0994584309132
0.0571574941451
0.0291276346604
0.0157347775175
0.00285421545667
0.00380562060889
0.0187353629976
0.0319086651053
0.0453015222481
0.0722336065572
0.0860655737704
0.100995316159
0.115485948478
0.102824941452
0.0897980093677
0.0773565573771
0.0651346604216
0.0795521077283
0.0933108899297
0.105240046838
0.117388758782
0.10275175644
0.0885538641685
0.0753805620609
0.0617681498829
0.0609631147542
0.0456674473068
0.0303717798595
0.0163202576113
0.00270784543326
0.00351288056207
0.00431791569088
0.00307377049181
0.00204918032787
0.00102459016394
0.00146370023419
0.00395199063233
0.00644028103046
0.00914812646372
0.0236387587822
0.0360802107728
0.0485216627635
0.0605240046838
0.0589871194379
0.0594994145199
0.0600117096019
0.0745023419204
0.0748682669789
0.0746487119438
0.0744291569086
0.060450819672
0.0746487119436
0.0869437939108
0.112997658079
0.125292740047
0.110070257611
0.0963114754096
0.0694525761123
0.0563524590164
0.0714285714286
0.0865046838409
0.0865046838409
0.100922131148
0.086724238876
0.0862851288057
0.100263466042
0.0998243559719
0.113363583138
0.0993852459016
0.0868706088993
0.074355971897
0.0625731850118
0.064549180328
0.0783079625294
0.0786738875879
0.0780152224825
0.0773565573771
0.0491071428571
0.0341042154567
0.0196135831382
0.00512295081967
0.00461065573769
0.00336651053863
0.00212236533957
0.000878220140513
0.0
0.0147101873536
0.0299326697892
0.0451551522248
0.0747218969555
0.0748682669789
0.0739900468383
0.0731118266978
0.0582552693208
0.0581088992974
0.0584748243559
0.0588407494145
0.0446428571428
0.0447892271662
0.058694379391
0.0725995316158
0.10019028103
0.112851288056
0.097994730679
0.0833577283371
0.0692330210771
0.0566451990631
0.0578161592505
0.0585480093676
0.0600848946136
0.0603776346604
0.0606703747073
0.0611826697893
0.0745023419205
0.0736973067917
0.0728922716629
0.0867974238877
0.0731850117097
0.0739900468384
0.0885538641686
0.0736973067915
0.0722336065573
0.0707699063231
0.0417886416861
0.0285421545667
0.0160275175644
0.00351288056207
0.0052693208431
0.0060011709602
0.0200526932084
0.0341042154566
0.0471311475409
0.0735509367681
0.0728922716627
0.0865778688524
0.101580796253
0.102532201405
0.116803278688
0.116144613583
0.11387587822
0.0985070257609
0.084382318501
0.0708430913348
0.0589871194378
0.0608899297423
0.0751610070257
0.0756733021077
0.0744291569087
0.0731850117096
0.044130562061
0.0288348946136
0.0146370023419
0.000439110070258
0.000658665105386
0.0155884074941
0.043837822014
0.0858460187353
0.128366510538
0.155225409836
0.154786299766
0.141247072599
0.140442037471
0.126829625293
0.126975995316
0.112046252927
0.0701112412178
0.0419350117096
0.0281030444964
0.0286885245901
0.0440573770491
0.0599385245901
0.0618413348946
0.0639637002342
0.0783811475409
0.0917740046838
0.0906030444964
0.0889929742388
0.0602312646369
0.0319818501171
0.0311768149882
0.0305913348946
0.043325526932
0.0570843091334
0.0575966042153
0.0581088992973
0.0596457845432
0.0738436768149
0.0742827868852
0.0747218969554
0.0750146370023
0.0469115925058
0.0325673302108
0.0319818501171
0.0316159250585
0.0459601873535
0.0603044496486
0.061475409836
0.0605971896955
0.0734777517563
0.0863583138172
0.0843091334893
0.097482435597
0.0968969555033
0.0965310304448
0.111533957845
0.0995316159249
0.0737704918031
0.0613290398125
0.0468384074941
0.045081967213
0.0715017564402
0.0706235362997
0.0707699063232
0.0724531615926
0.0590603044497
0.0741364168618
0.0902371194379
0.118706088993
0.148419203747
0.149224238876
0.147980093677
0.132684426229
0.102459016393
0.085919203747
0.0848214285713
0.0706235362997
0.0707699063232
0.0719408665106
0.0442769320844
0.03125
0.0182230679157
0.0185889929743
0.0333723653396
0.0463992974239
0.0604508196722
0.0599385245902
0.0594262295082
0.0735509367681
0.100336651054
0.114022248243
0.128732435597
0.130342505855
0.103776346604
0.0909689695551
0.0761124121781
0.0599385245902
0.0582552693208
0.0567915690866
0.0563524590163
0.0565720140514
0.0703307962528
0.0836504683839
0.111680327869
0.139710187353
0.140442037471
0.141905737705
0.113949063232
0.0722336065573
0.0580357142856
0.0442769320842
0.0452283372364
0.0746487119437
0.0775761124121
0.0789666276346
0.0803571428571
0.0523272833724
0.0503512880562
0.0480825526932
0.0458138173302
0.0729654566744
0.0739168618266
0.090456674473
0.108021077283
0.0965310304449
0.110802107728
0.0956528103044
0.0931645199063
0.11899882904
0.117608313817
0.13144028103
0.117681498829
0.075600117096
0.047862997658
0.0191012880562
0.00431791569087
0.00387880562061
0.00343969555034
0.0172716627634
0.0301522248243
0.0577429742388
0.0990925058546
0.126683255269
0.155152224824
0.154200819672
0.140149297424
0.127049180328
0.113949063232
0.11555913349
0.102093091335
0.0729654566745
0.0438378220141
0.0147101873536
0.0
0.0137587822014
0.0275175644028
0.0427400468383
0.0726727166275
0.0758928571428
0.079112997658
0.0938231850117
0.0791129976581
0.0765515222483
0.0750146370024
0.0461065573771
0.0319086651054
0.0185158079626
0.0168325526932
0.0295667447306
0.043325526932
0.0570843091334
0.0581088992973
0.0591334894613
0.0581088992973
0.0585480093676
0.0452283372365
0.0319086651053
0.0339578454332
0.0330796252927
0.0459601873536
0.0588407494144
0.0430327868852
0.0286885245901
0.0143442622951
0.0137587822014
0.0275175644028
0.0423009367681
0.071794496487
0.08818793911
0.119291569087
0.148346018735
0.16269028103
0.175717213115
0.159323770492
0.143954918033
0.11387587822
0.085406908665
0.0721604215456
0.0599385245901
0.0771370023419
0.0796984777517
0.0812353629977
0.0807230679157
0.0507903981265
0.033518735363
0.0167593676815
0.00102459016394
0.0147101873536
0.0294203747073
0.0441305620609
0.0588407494145
0.0441305620609
0.0294203747073
0.0161738875878
0.00292740046839
0.0191012880562
0.036299765808
0.0505708430913
0.0795521077283
0.0928717798594
0.118486533958
0.14556498829
0.144247658079
0.131147540983
0.0903834894613
0.050644028103
0.0235655737705
0.00922131147544
0.0236387587823
0.0360070257612
0.0493998829041
0.0764783372366
0.0747218969556
0.0877488290398
0.101800351288
0.0883343091334
0.0892857142856
0.062719555035
0.0488144028102
0.047862997658
0.0469115925058
0.0744291569086
0.0735509367681
0.0735509367681
0.0873097189695
0.0716481264636
0.085406908665
0.0993852459015
0.0858460187353
0.0870169789226
0.0587675644028
0.0305913348946
0.0161738875878
0.00278103044497
0.00490339578455
0.00622072599533
0.00856264637004
0.00987997658082
0.0110509367682
0.0127341920375
0.012368266979
0.011855971897
0.00922131147542
0.00658665105386
0.00497658079624
0.0170521077284
0.0305913348947
0.044130562061
0.0723799765809
0.0726727166277
0.0734777517565
0.0742827868852
0.0600848946136
0.0608167447307
0.0615485948478
0.062280444965
0.0626463700235
0.061987704918
0.0597921545667
0.0575966042153
0.0560597189694
0.0550351288055
0.0555474238875
0.0570843091334
0.0448624121779
0.0326405152224
0.020418618267
0.00614754098362
0.00563524590165
0.00658665105388
0.0203454332553
0.0351288056206
0.0643296252927
0.104947306792
0.118120608899
0.131293911007
0.129976580796
0.101434426229
0.0878220140514
0.0879683840748
0.0881879391099
0.117461943794
0.144906323185
0.144833138173
0.130415690866
0.100995316159
0.0725995316159
0.0579625292741
0.0586943793912
0.0597189695551
0.0607435597191
0.061768149883
0.0616217798596
0.0470579625293
0.0330064402811
0.0189549180328
0.0179303278688
0.0457406323185
0.0725263466042
0.0993120608899
0.114168618267
0.10019028103
0.0867242388759
0.0732581967213
0.0585480093677
0.0582552693209
0.0581820843092
0.0718676814989
0.0714285714286
0.0709894613583
0.0701112412177
0.0560597189694
0.056425644028
0.0715017564402
0.0867974238875
0.0880415690866
0.0892857142857
0.0611094847775
0.0331528103044
0.0177839578454
0.00343969555035
0.00417154566745
0.0044642857143
0.00709894613585
0.00790398126465
0.00797716627636
0.0229800936768
0.0350556206089
0.0477166276346
0.0745023419203
0.0718676814988
0.0706967213114
0.0844555035128
0.0709162763465
0.0720872365339
0.0734777517564
0.0598653395785
0.0739900468385
0.0889197892273
0.10443501171
0.105825526932
0.0786007025762
0.0641832552694
0.0479361826699
0.0461065573771
0.0586943793912
0.0570111241218
0.0568647540983
0.0577429742388
0.0594994145198
0.049619437939
0.0387148711943
0.0257611241218
0.0257611241218
0.0365925058548
0.0479361826698
0.0750146370023
0.0873097189695
0.101068501171
0.114827283372
0.0991656908664
0.0715017564402
0.043837822014
0.0161738875878
0.00322014051523
0.01712529274
0.0310304449649
0.0449355971897
0.0588407494145
0.0441305620609
0.0431791569086
0.0422277517564
0.0412763466041
0.0550351288055
0.0412763466041
0.0275175644028
0.0139783372365
0.0147833723653
0.0293471896955
0.0453747072599
0.060963114754
0.0616217798594
0.0622804449648
0.0605240046837
0.0589871194378
0.0442769320842
0.0439841920374
0.058474824356
0.0729654566745
0.101214871194
0.101434426229
0.0745023419204
0.0475702576112
0.0206381733021
0.0212236533958
0.0341042154567
0.0469847775176
0.0598653395784
0.0441305620609
0.0431791569086
0.0422277517564
0.0559865339578
0.0846750585479
0.0858460187353
0.0870169789226
0.0731850117096
0.0732581967213
0.0876024590164
0.116364168618
0.13100117096
0.117388758782
0.103264051522
0.0603044496488
0.0464724824356
0.0465456674473
0.046106557377
0.0600848946136
0.0451551522248
0.0304449648712
0.0162470725995
0.0167593676815
0.0447160421545
0.0726727166276
0.114388173302
0.126683255269
0.126683255269
0.126683255269
0.113509953161
0.128805620609
0.12843969555
0.128073770492
0.127195550351
0.113217213115
0.114461358314
0.129464285714
0.130196135831
0.115851873536
0.100483021077
0.072306791569
0.0581088992974
0.0583284543325
0.072819086651
0.0716481264636
0.0715017564402
0.0851141686181
0.0712090163933
0.0863583138172
0.0998975409834
0.100629391101
0.115120023419
0.114680913349
0.116071428571
0.116217798595
0.131074355972
0.132757611241
0.132391686183
0.118925644028
0.0760392271663
0.0469115925059
0.0198331381733
0.00512295081969
0.00512295081969
0.0188817330211
0.0314695550351
0.045081967213
0.073038641686
0.0745023419202
0.0896516393442
0.105020491803
0.105459601874
0.132025761124
0.130635245902
0.129025175644
0.128951990632
0.101068501171
0.0881147540984
0.0758196721311
0.0478629976581
0.0343237704918
0.0202722482435
0.00504976580796
0.00453747072599
0.00402517564403
0.0177107728337
0.0315427400468
0.0453747072599
0.059206674473
0.0441305620609
0.0299326697892
0.0301522248244
0.0305913348947
0.0594994145199
0.101141686183
0.128659250585
0.156762295082
0.157347775175
0.14468676815
0.117022833724
0.0875292740046
0.071794496487
0.0570111241217
0.05693793911
0.0589139344262
0.0746487119438
0.0891393442622
0.104654566745
0.118120608899
0.104069086651
0.0903103044497
0.0755269320844
0.0755269320844
0.103995901639
0.118852459016
0.132684426229
0.119218384075
0.0772101873536
0.0480093676815
0.0335919203747
0.032494145199
0.0443501170959
0.0578893442622
0.0586211943793
0.0595725995315
0.0614022248243
0.0752341920374
0.0744291569086
0.0736241217798
0.0733313817329
0.0611094847774
0.0758928571428
0.0906762295081
0.118779274005
0.131220725995
0.11599824356
0.100775761124
0.0720872365339
0.0581088992974
0.0584748243559
0.0725995316159
0.085406908665
0.112631733021
0.154274004684
0.168398711944
0.169716042155
0.142198477752
0.100263466042
0.0720872365341
0.0714285714286
0.08518735363
0.0992388758782
0.113290398126
0.100043911007
0.100556206089
0.0860655737704
0.0720872365339
0.071794496487
0.0454478922716
0.0346896955503
0.0229069086651
0.0106118266979
0.0091481264637
0.00644028103044
0.0185889929742
0.0313231850117
0.0455210772833
0.0739900468384
0.0875292740046
0.100629391101
0.113729508197
0.113217213115
0.099531615925
0.0860655737704
0.0736241217798
0.0608899297424
0.0619145199063
0.0629391100702
0.0756733021077
0.0736973067915
0.0854800936767
0.0972628805619
0.0827722482434
0.083870023419
0.057669789227
0.0314695550351
0.0323477751756
0.0314695550351
0.0583284543325
0.0859923887587
0.101068501171
0.117022833724
0.104361826698
0.103849531616
0.0876756440281
0.0729654566744
0.0726727166275
0.0600848946135
0.0622072599532
0.0614022248244
0.0750146370025
0.0873097189696
0.0996048009368
0.128073770492
0.127707845433
0.12800058548
0.128293325527
0.10019028103
0.0865046838406
0.0728190866509
0.0591334894613
0.0591334894613
0.0599385245901
0.0474970725995
0.0350556206089
0.0362997658079
0.0496926229508
0.0895784543325
0.129464285714
0.140954332552
0.126756440281
0.0855532786884
0.0443501170959
0.0178571428571
0.00409836065575
0.00409836065575
0.0188085480094
0.033518735363
0.0486680327869
0.0638173302108
0.0500585480094
0.036299765808
0.021662763466
0.00702576112413
0.00607435597191
0.0198331381733
0.0332259953162
0.046618852459
0.0605240046838
0.0450087822014
0.0300790398126
0.0151492974239
0.000219555035129
0.0
0.0
0.0144174473068
0.0288348946136
0.0432523419204
0.0723799765809
0.0873829039813
0.102385831382
0.117388758782
0.116730093677
0.101068501171
0.0998243559718
0.0990925058547
0.0855532786885
0.0867242388759
0.0737704918033
0.0742096018736
0.0892857142858
0.118120608899
0.131952576112
0.117461943794
0.101214871194
0.0718676814988
0.0572306791569
0.0570111241218
0.0580357142858
0.0439841920375
0.0308108899298
0.017637587822
0.0174912177986
0.0326405152224
0.0460333723652
0.0594262295081
0.0471311475409
0.0474238875877
0.049619437939
0.0526200234192
0.0664519906323
0.0539373536299
0.0540837236534
0.0673302107728
0.0957991803278
0.135904566745
0.16137295082
0.158225995316
0.12756147541
0.112338992974
0.0843091334894
0.0712090163934
0.0718676814989
0.0439110070258
0.0305913348947
0.0168325526932
0.0177839578454
0.0331528103044
0.061475409836
0.0900175644028
0.0900175644028
0.0900175644028
0.0752341920374
0.060963114754
0.0596457845432
0.0583284543324
0.0442037470725
0.0290544496487
0.0291276346604
0.0300790398126
0.0447892271662
0.0600117096018
0.0475702576112
0.0471311475409
0.0472043325526
0.0472775175643
0.0611094847774
0.0483021077283
0.0344701405152
0.0206381733021
0.00490339578455
0.017637587822
0.0319086651054
0.0599385245901
0.0894320843091
0.0895052693208
0.0877488290397
0.0593530444964
0.0311768149882
0.0187353629976
0.0215895784543
0.0379098360656
0.0537909836066
0.0820403981265
0.0957991803279
0.107728337237
0.11987704918
0.118925644028
0.103264051522
0.0886270491803
0.0748682669789
0.0608167447307
0.061475409836
0.0770638173302
0.0917008196721
0.105386416862
0.119072014051
0.104215456674
0.0886270491802
0.0605971896954
0.0463261124121
0.0458138173301
0.046106557377
0.0608899297423
0.0481557377048
0.0357142857142
0.0232728337236
0.0082699063232
0.0214432084309
0.0342505854801
0.0470579625293
0.0613290398127
0.0605240046839
0.0589871194379
0.057450234192
0.055913348946
0.0550351288055
0.0550351288055
0.0550351288055
0.0558401639343
0.0428864168617
0.0309572599531
0.0327868852459
0.0467652224824
0.0892125292739
0.129610655737
0.156908665105
0.157494145199
0.128659250585
0.1018735363
0.0600117096019
0.0319086651054
0.0190281030445
0.0184426229508
0.0322745901639
0.046106557377
0.0599385245901
0.046106557377
0.0327868852459
0.0194672131147
0.00461065573772
0.00409836065575
0.0169057377049
0.0297131147541
0.0435450819672
0.0720872365339
0.0871633489461
0.116656908665
0.146150468384
0.147101873536
0.132977166276
0.0900175644029
0.0617681498829
0.0464724824356
0.046106557377
0.0601580796253
0.0594994145199
0.059718969555
0.0732581967213
0.0867974238875
0.0865046838406
0.0862119437938
0.0588407494144
0.0322745901639
0.0186621779859
0.00504976580796
0.00475702576112
0.0175644028103
0.0450087822014
0.0726727166276
0.100556206089
0.114168618267
0.100263466042
0.0859192037469
0.0730386416861
0.0599385245901
0.0605971896955
0.0616949648711
0.0598653395783
0.0463261124121
0.0332991803278
0.0198331381733
0.022175058548
0.0353483606557
0.0477166276346
0.0603044496486
0.0586211943794
0.0586211943794
0.0586943793911
0.058987119438
0.0447892271663
0.0301522248244
0.0157347775176
0.0146370023419
0.027956674473
0.0414959016393
0.0550351288055
0.0414959016393
0.0426668618266
0.043837822014
0.0455210772834
0.0615485948478
0.04837529274
0.0357142857143
0.0222482435597
0.00695257611242
0.00695257611242
0.0206381733021
0.0349092505855
0.0645491803278
0.106776932084
0.120608899297
0.134514051522
0.134440866511
0.106557377049
0.0925790398126
0.0911153395784
0.074575526932
0.0724531615924
0.0704039812645
0.0561329039812
0.0565720140515
0.0570111241218
0.0720140515223
0.0719408665106
0.0718676814988
0.0717944964871
0.0577429742388
0.0581088992974
0.0722336065573
0.0872365339578
0.087163348946
0.0870901639343
0.0594994145198
0.0301522248243
0.0155152224824
0.0146370023419
0.0412763466041
0.0687939110069
0.0963114754096
0.0963114754096
0.0687939110069
0.0556206088992
0.0424473067915
0.0573770491803
0.0860655737704
0.0860655737704
0.0862851288055
0.0586211943793
0.0447160421545
0.0460333723653
0.0613290398126
0.0893588992973
0.0898711943794
0.103044496487
0.0876024590165
0.0729654566746
0.0720872365341
0.0440573770492
0.0304449648712
0.0178571428572
0.0196135831382
0.0341774004684
0.0487412177986
0.0756733021077
0.0753805620609
0.0758928571429
0.0764051522249
0.0491071428572
0.0332259953162
0.0175644028103
0.00292740046839
0.0171252927401
0.032786885246
0.0480093676816
0.0611826697893
0.0602312646371
0.0603044496488
0.0605971896956
0.0756733021077
0.0757464871194
0.0752341920374
0.0747218969554
0.0611094847775
0.0769174473068
0.0908225995316
0.104727751757
0.103556791569
0.0729654566745
0.044862412178
0.0314695550351
0.0324941451991
0.0484484777518
0.0623536299766
0.0473507025761
0.0328600702576
0.0179303278688
0.0177839578454
0.045081967213
0.0718676814987
0.0988729508195
0.0991656908663
0.0724531615924
0.0452283372364
0.0185158079625
0.00395199063232
0.00314695550352
0.0175644028103
0.0314695550351
0.0461797423887
0.0608899297424
0.0599385245901
0.0584748243559
0.0570111241217
0.0555474238875
0.0412763466041
0.0285421545667
0.0295667447306
0.0305913348946
0.0463992974238
0.0739168618266
0.0744291569085
0.0893588992973
0.103117681499
0.0903834894613
0.0903834894614
0.0615485948478
0.0463261124122
0.044862412178
0.0439110070257
0.0711358313816
0.0705503512879
0.0699648711943
0.0693793911006
0.0412763466041
0.0275175644028
0.0137587822014
0.000365925058548
0.00175644028103
0.00314695550352
0.00556206088994
0.00724531615927
0.00687939110072
0.00753805620611
0.019906323185
0.0326405152224
0.0601580796252
0.086138758782
0.0856264637001
0.0856264637001
0.0581088992973
0.0443501170959
0.0581088992973
0.0710626463699
0.0977751756438
0.0977019906321
0.0701112412176
0.0425936768149
0.0150761124121
0.0155884074941
0.0298594847775
0.0590603044496
0.0892857142857
0.104069086651
0.118852459016
0.104215456674
0.101288056206
0.0855532786884
0.0698185011708
0.0825526932082
0.0687939110069
0.0687939110069
0.0835040983605
0.0715017564402
0.0734777517564
0.0754537470726
0.0617681498829
0.0604508196721
0.058694379391
0.0716481264636
0.0725995316158
0.0739168618266
0.0754537470726
0.061987704918
0.0606703747073
0.0595725995317
0.0599385245903
0.0461797423888
0.0332259953162
0.0202722482436
0.00439110070258
0.00373243559719
0.0177839578454
0.0320550351288
0.0625
0.0913348946136
0.0907494145199
0.0897248243559
0.0592798594848
0.0433987119438
0.0422277517564
0.0412763466041
0.0550351288055
0.0550351288055
0.0550351288055
0.0560597189694
0.0708430913348
0.0856264637001
0.100409836065
0.113144028103
0.112119437939
0.0973360655736
0.0827722482434
0.0835772833722
0.0706235362996
0.0724531615924
0.0738436768149
0.0603044496486
0.0605240046838
0.058694379391
0.0579625292739
0.045081967213
0.0324209601873
0.021662763466
0.0091481264637
0.02268735363
0.0504976580796
0.0765515222482
0.103483606557
0.116510538642
0.114095433255
0.112558548009
0.111021662763
0.0971896955501
0.0720140515221
0.0468384074941
0.0360802107728
0.0373243559719
0.0508635831382
0.0781615925059
0.0913348946136
0.119803864169
0.146809133489
0.160055620609
0.158299180328
0.127927400468
0.099019320843
0.0573770491803
0.0442037470725
0.0450087822013
0.0458138173301
0.0583284543324
0.043325526932
0.0293471896955
0.015368852459
0.00241510538642
0.0169789227166
0.0313963700234
0.0458138173301
0.0602312646369
0.0608899297423
0.0594262295081
0.0726727166275
0.0859192037469
0.0862119437938
0.102678571428
0.10443501171
0.106411007026
0.120535714286
0.11899882904
0.103264051522
0.100848946136
0.099238875878
0.0848214285712
0.098507025761
0.0856996487119
0.0728922716628
0.0885538641687
0.0758928571429
0.0891393442623
0.102385831382
0.0862119437938
0.0844555035127
0.0559865339578
0.0285421545667
0.0302254098361
0.0466188524591
0.0767710772834
0.10487412178
0.118852459016
0.117169203747
0.129244730679
0.157055035129
0.170887002342
0.171911592506
0.145418618267
0.0895052693207
0.0477166276346
0.0207113583138
0.0212236533958
0.0364461358313
0.0497658079625
0.0753805620608
0.0872365339577
0.0990925058546
0.112412177986
0.112485362998
0.0987997658079
0.0851141686182
0.0861387587822
0.0734777517565
0.0745755269321
0.0761855971897
0.0492535128805
0.0351288056206
0.034762880562
0.0333723653395
0.058694379391
0.0995316159249
0.112851288056
0.12756147541
0.115632318501
0.0742827868852
0.0466920374707
0.0177107728337
0.00248829039812
0.0157347775175
0.0433987119438
0.0712090163934
0.099019320843
0.100117096019
0.0723799765808
0.0450087822014
0.0313963700234
0.0442769320842
0.0715749414519
0.0988729508195
0.113363583138
0.0999707259952
0.0865778688524
0.0731850117096
0.0585480093677
0.0582552693209
0.0581820843092
0.0728190866511
0.0735509367682
0.0753073770492
0.0780884074942
0.0514490632318
0.0525468384075
0.0518149882903
0.04837529274
0.0605240046837
0.0462529274004
0.0325673302107
0.0350556206088
0.050131733021
0.0772101873536
0.104508196721
0.102385831382
0.0734777517564
0.059206674473
0.0451551522248
0.0466188524589
0.0603776346603
0.0466188524589
0.0324209601873
0.0303717798594
0.0293471896955
0.0420813817329
0.0694525761123
0.0715749414519
0.0747218969555
0.0916276346605
0.0940427400468
0.107289227166
0.133196721311
0.132391686182
0.131733021077
0.132538056206
0.119657494145
0.118925644028
0.103703161593
0.0884806791569
0.0593530444965
0.0457406323185
0.0474238875878
0.0628659250585
0.0914080796252
0.0905298594847
0.10231264637
0.100922131147
0.100848946136
0.115485948478
0.102385831382
0.0753805620609
0.0473507025761
0.0337382903981
0.0341042154567
0.0467652224825
0.0736973067916
0.0855532786885
0.0976288056205
0.12543911007
0.125731850117
0.11343676815
0.101141686183
0.0594262295082
0.0458138173302
0.0449355971897
0.0442769320843
0.0727459016393
0.0727459016393
0.0737704918033
0.074355971897
0.0604508196722
0.0742096018735
0.0879683840748
0.115705503513
0.130635245901
0.118266978923
0.104361826698
0.0776492974238
0.0625731850116
0.0612558548009
0.0611826697892
0.0454478922716
0.0444964871194
0.0582552693208
0.0730386416861
0.102532201405
0.11943793911
0.120682084309
0.119218384075
0.132172131147
0.129464285714
0.113949063232
0.114607728337
0.0864314988291
0.0729654566745
0.0734777517564
0.0583284543325
0.0575966042154
0.0568647540983
0.0694525761123
0.0702576112411
0.0710626463699
0.0856264637001
0.086651053864
0.0993852459014
0.112119437939
0.11175351288
0.0976288056205
0.0845286885246
0.0724531615926
0.0590603044497
0.0594262295082
0.0597921545667
0.0589871194378
0.0588407494144
0.058694379391
0.0585480093676
0.057669789227
0.0430327868852
0.0286153395784
0.0144174473068
0.0154420374707
0.030225409836
0.0445696721311
0.072819086651
0.0732581967212
0.0880415690865
0.117754683841
0.11899882904
0.132830796253
0.117974238876
0.0736973067915
0.0575234192037
0.0559865339578
0.0687939110069
0.110728922716
0.13956381733
0.140881147541
0.142198477752
0.114900468384
0.0725263466043
0.0439110070258
0.030005854801
0.0311036299766
0.046618852459
0.0758928571428
0.0757464871194
0.0737704918032
0.071794496487
0.0566451990631
0.0562060889929
0.0567915690866
0.0588407494144
0.0603044496486
0.0627927400468
0.0652810304449
0.0795521077283
0.0796984777517
0.0780152224824
0.0907494145199
0.0899443793912
0.116803278689
0.14424765808
0.142857142857
0.127341920375
0.0845286885246
0.0421545667447
0.0289080796253
0.0447892271663
0.08818793911
0.131147540984
0.159104215457
0.157860070258
0.129317915691
0.100995316159
0.0585480093677
0.0303717798595
0.0155152224825
0.000658665105386
0.0149297423888
0.0308840749414
0.0614022248243
0.0919203747072
0.0935304449648
0.092213114754
0.0769174473067
0.0618413348946
0.0748682669789
0.0898711943794
0.0897980093677
0.0892857142858
0.0604508196722
0.0305913348947
0.0298594847776
0.0293471896956
0.0432523419204
0.0584748243561
0.0586211943794
0.0592798594848
0.0736973067915
0.101214871194
0.115632318501
0.129025175644
0.114900468384
0.0736241217798
0.046106557377
0.0338114754098
0.035787470726
0.0633050351288
0.0918471896955
0.0909689695549
0.102824941452
0.102385831382
0.100922131147
0.114168618267
0.100629391101
0.0880415690865
0.0749414519905
0.0618413348946
0.0767710772834
0.0760392271663
0.089724824356
0.117754683841
0.116583723653
0.13012295082
0.116364168618
0.0744291569087
0.0474238875878
0.0348360655738
0.0346165105387
0.0477166276347
0.0603776346605
0.0447160421546
0.0309572599532
0.0321282201406
0.034031030445
0.0501317330211
0.078893442623
0.0788202576113
0.0777224824357
0.0764051522249
0.047131147541
0.0332991803279
0.0199795081967
0.0194672131147
0.0480825526931
0.0893588992973
0.144394028103
0.173009367681
0.173228922716
0.145052693208
0.103776346604
0.0768442622951
0.0633782201406
0.0648419203748
0.0512295081968
0.035787470726
0.0344701405152
0.0327137002342
0.0458870023419
0.0611094847775
0.061475409836
0.0622804449648
0.0622804449648
0.0616949648711
0.0483021077283
0.0344701405152
0.0207113583138
0.00504976580797
0.00314695550352
0.00248829039813
0.00307377049181
0.00512295081969
0.0209309133489
0.0346896955503
0.0466188524589
0.0732581967212
0.0861387587821
0.100263466042
0.114973653396
0.114973653396
0.101214871194
0.101727166276
0.102971311475
0.103264051522
0.11731557377
0.1168764637
0.129171545667
0.129683840749
0.130196135831
0.116217798595
0.089944379391
0.0891393442622
0.0897980093676
0.104727751756
0.103995901639
0.0767710772833
0.046618852459
0.0304449648711
0.0289812646369
0.0412763466041
0.0550351288055
0.0412763466041
0.0412763466041
0.0412763466041
0.0412763466041
0.0687939110069
0.0832113583137
0.0981411007025
0.113070843091
0.114241803279
0.115046838407
0.114827283372
0.114607728337
0.100629391101
0.0716481264636
0.0578893442622
0.0446428571428
0.0451551522248
0.0605971896955
0.0603776346604
0.0735509367681
0.0867242388758
0.0996779859484
0.0998243559719
0.0860655737705
0.0723067915691
0.0583284543326
0.0591334894614
0.0455210772834
0.0321282201406
0.0332991803279
0.0324209601873
0.0467652224824
0.0744291569086
0.0736241217797
0.0738436768149
0.0739168618266
0.0466920374706
0.0477166276346
0.049619437939
0.063744145199
0.0916276346603
0.0910421545666
0.0887002341919
0.0591334894613
0.0300790398126
0.015368852459
0.0162470725995
0.0452283372365
0.0731850117095
0.101141686183
0.11343676815
0.0984338407493
0.0983606557376
0.0982874707259
0.0868706088993
0.0897980093677
0.0638905152225
0.0390076112413
0.024956088993
0.0234192037471
0.0362997658079
0.0480093676815
0.0611826697892
0.0610362997657
0.0608899297423
0.0608899297423
0.0746487119437
0.07406323185
0.0881879391099
0.101434426229
0.087163348946
0.0872365339578
0.0716481264636
0.0716481264636
0.085406908665
0.0996779859483
0.101141686183
0.0869437939109
0.0732581967212
0.0585480093676
0.0575966042153
0.0442037470725
0.0306645199063
0.0313963700234
0.0326405152224
0.0483752927399
0.0633782201404
0.0508635831381
0.0383489461358
0.037031615925
0.0355679156908
0.0488875878219
0.0606703747072
0.0601580796252
0.0601580796252
0.0581088992973
0.0573038641685
0.0427400468383
0.0425204918032
0.043325526932
0.0436914519906
0.0588407494144
0.0453015222482
0.0322745901639
0.0194672131147
0.00461065573772
0.00461065573771
0.00358606557378
0.00278103044497
0.0177107728337
0.0316159250585
0.0470579625293
0.0758196721311
0.0751610070257
0.0750146370023
0.0728190866509
0.0570843091334
0.0560597189694
0.0550351288055
0.0693793911006
0.0846750585479
0.113729508197
0.157494145199
0.186914519906
0.200673302108
0.187280444965
0.144467213115
0.0873097189695
0.0453747072599
0.0308108899297
0.0309572599531
0.0597921545667
0.0876024590163
0.0881147540982
0.0900907494144
0.0633782201404
0.0371779859485
0.0376902810305
0.0496194379391
0.0906030444965
0.131586651054
0.158518735363
0.158591920375
0.129244730679
0.114607728337
0.0868706088992
0.0737704918032
0.0761855971897
0.0491803278688
0.036299765808
0.0360802107728
0.0342505854801
0.0471311475409
0.0736241217798
0.0724531615924
0.0720872365339
0.0854800936767
0.0705503512879
0.0699648711943
0.0693793911006
0.0427400468383
0.0442037470725
0.0458870023418
0.0485948477751
0.076844262295
0.0777956674472
0.0783079625292
0.0767710772833
0.061987704918
0.0605240046838
0.0596457845433
0.0742096018735
0.0740632318501
0.0741364168619
0.0745023419205
0.0597921545668
0.0597921545667
0.0597921545667
0.0581088992973
0.0435450819671
0.0289812646369
0.0144174473068
0.000878220140515
0.0015368852459
0.00219555035128
0.00285421545667
0.00402517564402
0.0038788056206
0.00475702576112
0.00563524590164
0.019906323185
0.0351288056207
0.048668032787
0.0622072599533
0.0611826697893
0.0731118266978
0.0853337236533
0.0975556206087
0.0966774004682
0.0835040983605
0.0706967213114
0.0725995316159
0.0884806791569
0.088700234192
0.0889197892271
0.0611826697892
0.034031030445
0.0360070257612
0.0523272833724
0.0948477751757
0.136050936768
0.149882903981
0.135026346604
0.0927985948478
0.0505708430914
0.0207113583138
0.00622072599532
0.00614754098361
0.00658665105386
0.00695257611242
0.0052693208431
0.0173448477751
0.0294203747072
0.0419350117095
0.0554742388758
0.0552546838406
0.0550351288055
0.0550351288055
0.0687939110069
0.0831381733019
0.097482435597
0.112046252927
0.112851288056
0.09975117096
0.0881147540982
0.0765515222481
0.0512295081966
0.0382025761124
0.0222482435597
0.00548887587823
0.00248829039813
0.0142710772833
0.0419350117096
0.0711358313817
0.100336651054
0.116730093677
0.10575234192
0.106484192037
0.108094262295
0.0942622950819
0.0919203747071
0.0630854800936
0.0468384074941
0.0448624121779
0.0448624121779
0.0596457845433
0.046618852459
0.0485216627634
0.0631586651053
0.0767710772833
0.104727751756
0.103264051522
0.0892125292739
0.0888466042154
0.0884806791569
0.117169203747
0.14512587822
0.14468676815
0.158006440281
0.14300351288
0.113729508197
0.0991656908663
0.0570843091334
0.0423741217798
0.0422277517564
0.0423009367681
0.0561329039811
0.0430327868852
0.0294935597189
0.0163934426229
0.00329332552693
0.0178571428571
0.0326405152224
0.0596457845432
0.086651053864
0.0862119437938
0.0995316159249
0.0862119437938
0.0731118266978
0.0870169789226
0.087163348946
0.115778688524
0.144174473068
0.145199063232
0.132464871194
0.0903103044496
0.0626463700234
0.0476434426229
0.0463992974239
0.0598653395784
0.0441305620609
0.0438378220141
0.0435450819673
0.0432523419204
0.0720872365341
0.0720872365341
0.0720872365341
0.0720872365341
0.0432523419204
0.0288348946136
0.0144174473068
0.0
0.0
0.0
0.00102459016394
0.0167593676815
0.0324941451991
0.0482289227166
0.0619145199063
0.0461797423888
0.044862412178
0.0445696721312
0.0453015222483
0.0607435597191
0.0611094847776
0.0594262295082
0.0577429742388
0.0560597189694
0.0412763466041
0.0419350117096
0.0563524590164
0.08518735363
0.127781030445
0.141759367682
0.142930327869
0.115632318501
0.0883343091335
0.0755269320843
0.0485216627635
0.0499121779859
0.0513026932084
0.0518881733021
0.0780152224824
0.0897980093676
0.102605386417
0.115925058548
0.10319086651
0.0901639344262
0.0750878220141
0.0737704918033
0.0999707259953
0.126390515222
0.154054449649
0.167959601873
0.168105971897
0.154200819672
0.139856557377
0.126463700234
0.113656323185
0.114754098361
0.116071428571
0.11643735363
0.1018735363
0.0884074941451
0.0749414519906
0.0467652224824
0.0329332552693
0.0173448477752
0.00322014051522
0.00431791569087
0.00644028103045
0.0231996487119
0.037031615925
0.0498389929742
0.0605971896954
0.0575966042153
0.0560597189694
0.0550351288055
0.0697453161591
0.0710626463699
0.0723799765807
0.0736973067915
0.0470579625293
0.0343237704918
0.0353483606557
0.0368852459016
0.0510831381732
0.0638905152224
0.0491803278688
0.0334455503512
0.0174180327868
0.00226873536299
0.0155884074941
0.0294203747073
0.0441305620609
0.0603044496487
0.0478629976581
0.0501317330211
0.0524004683841
0.0517418032787
0.0788934426229
0.0903834894613
0.1018735363
0.128586065574
0.12756147541
0.113729508197
0.11431498829
0.0878951990631
0.0744291569087
0.0891393442624
0.0750146370024
0.07362412178
0.073111826698
0.0575234192038
0.0578161592506
0.0600848946135
0.0770638173301
0.0809426229507
0.081894028103
0.080137587822
0.0489607728337
0.031762295082
0.0160275175644
0.00131733021077
0.0015368852459
0.00278103044497
0.00504976580797
0.00834309133491
0.0111973067916
0.0260538641686
0.0526200234192
0.0913348946135
0.130269320843
0.142271662763
0.141539812646
0.114095433255
0.086651053864
0.0856264637001
0.0708430913348
0.0698185011708
0.0835040983605
0.0706967213114
0.0716481264636
0.0873097189695
0.0745755269321
0.075600117096
0.0910421545668
0.0914812646371
0.104581381733
0.117681498829
0.101946721312
0.073111826698
0.0597189695551
0.0465456674474
0.0477898126464
0.0614022248244
0.0461797423888
0.0442769320843
0.0432523419203
0.0432523419203
0.058182084309
0.0595725995315
0.0592066744729
0.0588407494144
0.0574502341919
0.04281323185
0.0290544496487
0.0152956674473
0.00285421545668
0.00365925058548
0.00446428571429
0.0052693208431
0.0182230679157
0.0450087822013
0.072306791569
0.0996048009366
0.114900468384
0.115778688524
0.115632318501
0.115485948478
0.114095433255
0.113949063232
0.11431498829
0.114900468384
0.116071428572
0.102166276347
0.0882611241218
0.0739168618267
0.0583284543325
0.0571574941451
0.0559865339578
0.0550351288055
0.0412763466041
0.0283225995316
0.0297862997658
0.0459601873537
0.090237119438
0.132903981265
0.146735948478
0.131147540984
0.101580796253
0.072819086651
0.0584748243559
0.0588407494145
0.0449355971897
0.0457406323185
0.0465456674473
0.0473507025761
0.0750146370023
0.0732581967212
0.0717213114753
0.084894613583
0.0851141686181
0.100043911007
0.114534543325
0.0996048009366
0.0709162763465
0.0559865339578
0.0550351288055
0.0693062060888
0.111094847775
0.125365925058
0.112119437939
0.0978483606555
0.0560597189694
0.0280298594847
0.0275175644028
0.0277371194379
0.0554742388758
0.0832113583136
0.0834309133488
0.0832113583136
0.0701844262294
0.0571574941451
0.0723067915691
0.0891393442623
0.104654566745
0.120169789227
0.12156030445
0.120023419204
0.104508196721
0.10275175644
0.0859923887587
0.0715749414519
0.0725263466041
0.0464724824355
0.0488875878219
0.0505708430913
0.0507172131147
0.0783079625292
0.078600702576
0.0777224824355
0.0772101873536
0.0477898126464
0.0331528103044
0.0342505854801
0.0359338407494
0.0666715456674
0.0949209601873
0.0937499999999
0.0913348946135
0.0749414519906
0.0733313817329
0.0866510538641
0.101288056206
0.100848946136
0.074575526932
0.0622804449648
0.0633050351288
0.0790398126464
0.105605971897
0.117901053864
0.115778688525
0.114680913349
0.115046838407
0.114900468384
0.101580796253
0.0864314988289
0.0856996487118
0.0717944964871
0.0854069086651
0.0996048009368
0.0849677985948
0.0840895784543
0.0556937939109
0.0275175644028
0.0137587822014
0.00102459016394
0.00204918032787
0.00307377049181
0.00409836065575
0.00307377049181
0.00204918032787
0.00102459016394
0.0
0.0
0.0
0.0
0.0
0.0
0.0
0.00102459016394
0.00307377049181
0.00534250585482
0.00761124121782
0.00929449648714
0.02268735363
0.0356411007025
0.0630122950819
0.0884806791568
0.087456088993
0.0866510538642
0.0580357142858
0.0319086651054
0.0200526932085
0.0226141686183
0.0390076112413
0.0533518735364
0.0666715456675
0.0520345433256
0.0498389929743
0.0491803278688
0.0492535128805
0.0619877049179
0.0474970725995
0.0457406323184
0.0582552693208
0.0721604215456
0.100409836065
0.102678571428
0.0895052693207
0.0753073770491
0.0611094847774
0.0596457845432
0.0597189695549
0.0603044496486
0.0746487119437
0.0879683840748
0.0863583138172
0.0991656908664
0.085919203747
0.0736973067916
0.0895784543326
0.0771370023419
0.0755269320843
0.087675644028
0.0723067915689
0.0706967213113
0.0843091334893
0.0704039812645
0.0704771662762
0.0840895784542
0.0845286885244
0.0989461358312
0.114388173302
0.11643735363
0.103556791569
0.0902371194378
0.0752341920373
0.0468384074941
0.0327868852459
0.0189549180328
0.0192476580796
0.0335919203747
0.0479361826698
0.0631586651054
0.0499853629976
0.0361533957845
0.0223214285714
0.00673302107729
0.00585480093677
0.00395199063233
0.0163934426229
0.0297131147541
0.0444964871194
0.0603044496486
0.0618413348946
0.0633782201405
0.0619877049181
0.074355971897
0.0722336065574
0.0701112412178
0.0703307962528
0.057450234192
0.0589871194379
0.0605240046839
0.0611826697893
0.0605240046839
0.0745755269321
0.0895052693208
0.104581381733
0.120974824356
0.121706674473
0.121487119438
0.120316159251
0.117827868852
0.10275175644
0.0869437939109
0.0717213114753
0.0436182669788
0.0288348946135
0.0286153395784
0.0286153395784
0.0433987119437
0.0584016393441
0.0469115925058
0.0354215456674
0.0349824355971
0.0345433255269
0.0458138173301
0.0579625292739
0.0584748243559
0.0589871194379
0.0605240046839
0.0747218969556
0.0743559718971
0.0745023419205
0.0893588992975
0.0762587822015
0.0903103044496
0.103337236534
0.0874560889929
0.0870169789226
0.0595725995315
0.0326405152224
0.0338114754098
0.0329332552694
0.0602312646371
0.101946721312
0.115339578455
0.130635245902
0.117096018736
0.0894320843092
0.0764051522249
0.0760392271663
0.0903103044497
0.0895784543326
0.0884074941453
0.0600848946136
0.0315427400469
0.0177107728337
0.00490339578455
0.00490339578455
0.00570843091335
0.00651346604216
0.020418618267
0.0351288056206
0.0480093676815
0.0753073770492
0.0739900468384
0.0873829039813
0.101800351288
0.0878951990633
0.0887002341921
0.0600848946136
0.0461797423887
0.0466920374707
0.0482289227166
0.0644759953162
0.0513026932084
0.0513026932084
0.0639637002342
0.0913348946136
0.133416276347
0.147614168618
0.147175058548
0.11731557377
0.0879683840748
0.0870169789226
0.0732581967212
0.0742096018735
0.0741364168618
0.0461797423887
0.0457406323185
0.0590603044496
0.0737704918031
0.101653981264
0.102824941452
0.0902371194378
0.0769174473066
0.0635977751755
0.0624268149882
0.0474970725995
0.0313963700234
0.0295667447306
0.0432523419203
0.0844555035128
0.127049180328
0.14212529274
0.127781030445
0.0859192037469
0.043325526932
0.0147101873536
0.000805035128806
0.000658665105386
0.00139051522248
0.00314695550352
0.00541569086652
0.0214432084309
0.0507903981264
0.0776492974238
0.104508196721
0.117608313817
0.102532201405
0.0895052693207
0.0887002341919
0.0741364168617
0.0739168618266
0.0733313817329
0.0462529274004
0.0476434426229
0.063744145199
0.0779420374707
0.119657494145
0.131952576112
0.129171545667
0.128073770492
0.0996779859483
0.0870169789226
0.0608899297423
0.0348360655737
0.0221018735363
0.00731850117097
0.0196135831382
0.0448624121779
0.0840895784542
0.124341334894
0.138100117096
0.139197892271
0.112778103044
0.0863583138172
0.073550936768
0.0461797423887
0.0325673302107
0.0198331381733
0.00585480093676
0.00548887587821
0.00563524590163
0.00402517564402
0.00329332552693
0.00292740046838
0.0162470725995
0.0451551522248
0.0878220140515
0.131513466042
0.146296838407
0.146370023419
0.118925644028
0.10319086651
0.102166276347
0.0864314988289
0.0852605386416
0.0713553864167
0.0721604215455
0.101434426229
0.143442622951
0.172057962529
0.1712529274
0.142930327869
0.101141686183
0.0723799765808
0.072087236534
0.0855532786885
0.0845286885246
0.0853337236533
0.0586211943793
0.0319086651053
0.0204918032787
0.00614754098361
0.00607435597189
0.00600117096018
0.00417154566744
0.0185158079625
0.0462529274005
0.0742096018736
0.117388758782
0.14556498829
0.145418618267
0.144833138173
0.117022833724
0.0897980093677
0.0769906323185
0.0644028103045
0.0632318501171
0.0470579625293
0.0452283372365
0.0442769320843
0.0447892271662
0.0605240046838
0.0477898126463
0.0332991803278
0.0188085480093
0.0038056206089
0.00351288056206
0.0188085480094
0.0341042154567
0.0626463700234
0.0897980093676
0.0875292740046
0.0996779859484
0.0848214285714
0.0851141686182
0.114827283372
0.115705503513
0.131367096019
0.118706088993
0.0766247072599
0.0489607728337
0.0192476580796
0.00365925058549
0.00278103044497
0.00190281030445
0.00204918032787
0.0015368852459
0.00102459016394
0.000512295081968
0.0137587822014
0.0277371194379
0.0417154566744
0.0556937939109
0.0564988290397
0.0706235362996
0.0847482435596
0.0988729508195
0.112778103044
0.0993852459015
0.100702576112
0.116730093677
0.11855971897
0.148858313817
0.149736533958
0.122072599532
0.107362412178
0.0632318501171
0.0338114754098
0.0183694379391
0.00402517564403
0.018149882904
0.0327868852459
0.0462529274004
0.0736973067915
0.0745023419203
0.0742827868852
0.0756001170961
0.0626463700235
0.0616949648712
0.0612558548009
0.0608167447306
0.0475702576112
0.0489607728337
0.0503512880561
0.0639637002341
0.103410421546
0.115339578454
0.127488290398
0.126902810304
0.0989461358313
0.0852605386416
0.0720140515221
0.0460333723652
0.0344701405152
0.0218823185011
0.0215163934426
0.0333723653395
0.0462529274004
0.0606703747072
0.0499121779859
0.0538641686182
0.0557669789227
0.0699648711944
0.0958723653395
0.0933840749414
0.0933840749414
0.0659396955503
0.0382025761124
0.0241510538642
0.00717213114754
0.0184426229508
0.0311036299765
0.0442769320843
0.0589139344262
0.045594262295
0.03125
0.0169057377049
0.00256147540984
0.00241510538642
0.0171984777518
0.0328600702576
0.0487412177986
0.0633782201406
0.0491803278689
0.0332259953162
0.0182962529274
0.00475702576112
0.00563524590165
0.00819672131148
0.0227605386417
0.036299765808
0.0498389929742
0.0761855971897
0.0889197892272
0.102166276347
0.11643735363
0.11643735363
0.102459016393
0.0884806791568
0.0862119437937
0.0708430913348
0.0703307962528
0.0835772833722
0.0703307962528
0.0855532786884
0.09975117096
0.0864314988289
0.100629391101
0.0998243559718
0.099531615925
0.127415105386
0.128586065574
0.116656908665
0.104727751757
0.0639637002343
0.0363729508197
0.0349092505855
0.0334455503512
0.0601580796252
0.0999707259951
0.113290398126
0.126610070257
0.112412177986
0.0843091334893
0.0846750585479
0.0850409836064
0.0991656908664
0.100117096019
0.0716481264636
0.0431791569086
0.0147101873536
0.000805035128806
0.00212236533958
0.00343969555035
0.00475702576113
0.00446428571429
0.0175644028103
0.0306645199064
0.0442769320844
0.0734045667448
0.0752341920375
0.0908225995316
0.105386416862
0.0905298594847
0.102385831382
0.0867242388758
0.0715749414519
0.0855532786884
0.0718676814988
0.0719408665106
0.0720140515223
0.0432523419204
0.0298594847776
0.0179303278689
0.00622072599533
0.00892857142859
0.00958723653397
0.0217359484778
0.0472043325527
0.0735509367682
0.101141686183
0.101361241218
0.075087822014
0.0608167447306
0.0463261124121
0.0462529274004
0.0583284543324
0.0446428571428
0.0451551522248
0.0456674473068
0.0616949648712
0.089724824356
0.0891393442623
0.0885538641686
0.0585480093677
0.0431791569086
0.0422277517564
0.0412763466041
0.055913348946
0.0577429742388
0.0595725995315
0.0624268149882
0.0635245901639
0.0627195550351
0.0619145199063
0.0737704918032
0.100848946136
0.11599824356
0.131147540983
0.117901053864
0.0759660421545
0.0597921545667
0.0436182669788
0.0568647540983
0.0844555035127
0.0991656908664
0.128586065574
0.142344847775
0.170447892271
0.184792154566
0.169716042154
0.156542740047
0.12843969555
0.114095433255
0.114461358314
0.11387587822
0.11387587822
0.11387587822
0.128293325527
0.12800058548
0.113949063232
0.11431498829
0.100190281031
0.100775761124
0.115120023419
0.100629391101
0.0718676814988
0.0431059718969
0.0143442622951
0.0137587822014
0.0412763466041
0.0825526932083
0.138246487119
0.166422716627
0.181791569086
0.169862412178
0.129098360656
0.103117681499
0.0614754098361
0.0331528103044
0.0197599531616
0.00483021077284
0.0183694379391
0.0323477751756
0.0453015222482
0.0725995316158
0.0870901639343
0.102166276346
0.118559718969
0.108240632318
0.0822599531616
0.0544496487119
0.0387880562061
0.034762880562
0.0601580796252
0.0874560889928
0.0880415690865
0.104069086651
0.0906762295082
0.090237119438
0.103556791569
0.0882611241218
0.0876756440281
0.0594262295082
0.0316891100702
0.0183694379391
0.00504976580795
0.00468384074941
0.017637587822
0.0305913348946
0.0435450819672
0.0573770491803
0.0567915690866
0.0562060889929
0.0561329039812
0.0707699063231
0.0859923887587
0.101214871194
0.115412763466
0.100409836065
0.0716481264636
0.0432523419203
0.015368852459
0.00175644028103
0.00190281030445
0.00131733021077
0.0151492974239
0.0302254098361
0.0596457845434
0.103849531616
0.120682084309
0.135465456675
0.12156030445
0.0790398126464
0.0480093676815
0.0327137002342
0.0455210772833
0.072306791569
0.100775761124
0.0998243559718
0.0856996487118
0.0855532786884
0.0849677985947
0.0990925058546
0.09975117096
0.0728922716626
0.0467652224824
0.0343969555035
0.0472043325526
0.0747950819671
0.101361241218
0.100409836065
0.0734045667446
0.0590603044496
0.0452283372365
0.0451551522248
0.0725995316159
0.0859923887587
0.0993852459015
0.112778103044
0.0986533957844
0.0705503512879
0.043325526932
0.01712529274
0.00519613583138
0.0213700234192
0.0372511709601
0.0515954332552
0.0649151053863
0.0510831381732
0.0352019906323
0.0193208430913
0.00395199063232
0.00263466042155
0.00278103044497
0.00343969555036
0.00409836065575
0.00307377049181
0.0158079625292
0.0300058548009
0.0579625292739
0.0869437939108
0.0886270491802
0.0873829039811
0.0586211943793
0.0298594847775
0.0281762295081
0.0288348946135
0.0432523419203
0.0584748243558
0.0607435597189
0.0617681498828
0.0630122950819
0.0626463700233
0.0620608899297
0.0757464871194
0.0889929742389
0.103044496487
0.115778688525
0.10019028103
0.099531615925
0.113583138173
0.129171545667
0.15968969555
0.16225117096
0.135392271663
0.0936036299765
0.0510099531616
0.020418618267
0.004537470726
0.00300058548009
0.0152956674473
0.0286153395784
0.0419350117095
0.0552546838406
0.0423009367681
0.0305913348946
0.019394028103
0.00841627634663
0.00914812646372
0.00885538641688
0.0212968384075
0.0476434426229
0.0750146370022
0.101361241218
0.101068501171
0.0870169789226
0.0867242388758
0.0874560889929
0.102019906323
0.115851873536
0.102166276346
0.0884806791568
0.0743559718969
0.0464724824355
0.0328600702576
0.0192476580796
0.00585480093677
0.0201258782201
0.03425058548
0.04837529274
0.0759660421544
0.0762587822013
0.0753073770491
0.0743559718969
0.0593530444964
0.0586211943793
0.0589871194379
0.0593530444964
0.0472043325526
0.0340310304449
0.0341774004683
0.0343237704917
0.0458870023418
0.0579625292739
0.0427400468383
0.0283957845433
0.0299326697892
0.0461797423888
0.0761855971897
0.10443501171
0.104727751756
0.0770638173302
0.049399882904
0.0373243559719
0.0526200234192
0.0805766978922
0.108533372365
0.107069672131
0.0908225995316
0.0742827868852
0.0577429742388
0.055913348946
0.0412763466041
0.0277371194379
0.0141978922716
0.000658665105386
0.000878220140515
0.00168325526932
0.0169057377049
0.0468384074942
0.0767710772834
0.105093676815
0.104947306792
0.0900907494145
0.0895784543325
0.104361826698
0.132830796253
0.146589578454
0.132172131147
0.10231264637
0.072819086651
0.0580357142856
0.0575966042153
0.0443501170959
0.0321282201405
0.019906323185
0.019906323185
0.0346896955503
0.0474238875878
0.0601580796252
0.0463992974238
0.0305913348946
0.0158079625292
0.0015368852459
0.00248829039813
0.00548887587823
0.0229069086651
0.0398126463701
0.0537909836066
0.0657201405153
0.0488144028104
0.032274590164
0.0309572599531
0.0306645199063
0.0591334894612
0.100775761124
0.114900468384
0.129025175644
0.115339578454
0.0747218969555
0.0478629976581
0.034762880562
0.0485948477751
0.0747950819671
0.100995316159
0.0996779859483
0.0705503512879
0.0426668618266
0.0147833723653
0.0144174473068
0.0283957845433
0.0419350117095
0.0554742388758
0.0414959016393
0.0289812646369
0.0166861826698
0.018149882904
0.0333723653395
0.0603776346603
0.0873829039811
0.100629391101
0.11387587822
0.0991656908664
0.0988729508196
0.0848214285714
0.0707699063232
0.0719408665106
0.058987119438
0.0597921545668
0.0605971896956
0.075087822014
0.0745755269321
0.0740632318501
0.0873097189695
0.0716481264636
0.0706967213114
0.0697453161591
0.0550351288055
0.0550351288055
0.0694525761123
0.0838700234191
0.0847482435597
0.0856264637003
0.0576697892272
0.0434718969555
0.0425936768149
0.056425644028
0.0846750585479
0.085406908665
0.0873829039812
0.0609631147541
0.0355679156909
0.0239314988291
0.0102459016394
0.00922131147544
0.019906323185
0.0305913348946
0.0423009367681
0.0564988290397
0.0589139344261
0.0613290398126
0.063744145199
0.0632318501171
0.0470579625293
0.0308840749414
0.0157347775176
0.00204918032787
0.00307377049181
0.00409836065575
0.00307377049181
0.0167593676815
0.0319086651054
0.0472775175644
0.0636709601873
0.050644028103
0.0491071428572
0.047131147541
0.0451551522249
0.0578893442624
0.0570111241218
0.0563524590164
0.0556937939109
0.0550351288055
0.0412763466041
0.0275175644028
0.028468969555
0.0438378220141
0.0739900468384
0.104142271663
0.10487412178
0.0767710772834
0.0480825526933
0.0196135831382
0.0205649882904
0.0359338407494
0.049399882904
0.0624268149883
0.0597921545667
0.0571574941451
0.0559865339578
0.0697453161591
0.0706967213114
0.0716481264636
0.0736241217798
0.0608899297424
0.0763319672131
0.0917740046839
0.106191451991
0.105898711944
0.0767710772834
0.0486680327869
0.0342505854801
0.0345433255269
0.0494730679157
0.0767710772834
0.0756733021078
0.0745755269321
0.0730386416863
0.0436914519907
0.0428132318501
0.0566451990632
0.0706967213114
0.11387587822
0.129537470726
0.11599824356
0.103922716628
0.0634514051522
0.0367388758782
0.0242974238876
0.00892857142859
0.00724531615927
0.00658665105388
0.0208577283373
0.0365925058548
0.0650614754098
0.0925058548009
0.104288641686
0.116071428571
0.101580796253
0.100483021077
0.0869437939109
0.0871633489461
0.114461358314
0.127707845433
0.153981264637
0.152737119438
0.124414519906
0.0835040983605
0.0434718969554
0.0171984777517
0.00504976580797
0.00563524590164
0.00519613583139
0.0191744730679
0.031762295082
0.0450819672132
0.0733313817331
0.0871633489463
0.103264051522
0.118925644028
0.105752341921
0.078161592506
0.0619877049181
0.0604508196721
0.073331381733
0.101141686183
0.116144613583
0.117022833724
0.117901053864
0.132098946136
0.132025761124
0.117974238876
0.103922716628
0.0616949648711
0.0478629976581
0.0469115925059
0.0459601873537
0.0603776346605
0.0605971896956
0.0614022248244
0.0622072599533
0.0609631147542
0.0467652224825
0.032786885246
0.0188085480094
0.00585480093677
0.00526932084309
0.00614754098361
0.00724531615925
0.00834309133489
0.0091481264637
0.00724531615925
0.00578161592506
0.00431791569086
0.00461065573769
0.00592798594846
0.0201258782201
0.0490339578455
0.0761855971897
0.103556791569
0.103995901639
0.0752341920375
0.0611094847775
0.0480093676814
0.0476434426229
0.0615485948477
0.0479361826697
0.0337382903981
0.0345433255269
0.0355679156909
0.051156323185
0.0658665105386
0.0659396955504
0.067037470726
0.0665251756441
0.0791861826699
0.0777224824356
0.075087822014
0.0742827868852
0.0469847775175
0.0355679156908
0.0371779859484
0.0367388758782
0.0500585480093
0.0751610070256
0.0736241217798
0.0731118266978
0.0863583138172
0.0716481264636
0.0706967213114
0.0697453161591
0.0550351288055
0.0550351288055
0.0550351288055
0.0687939110069
0.0687939110069
0.0687939110069
0.0687939110069
0.0423009367681
0.0295667447306
0.0168325526932
0.00409836065575
0.00307377049181
0.00204918032787
0.00102459016394
0.00102459016394
0.00204918032787
0.00307377049181
0.0188085480094
0.0324941451991
0.0461797423888
0.0613290398126
0.0614754098361
0.0626463700235
0.0638173302108
0.0758196721312
0.0736973067916
0.0725995316159
0.0717213114753
0.059206674473
0.0621340749414
0.063012295082
0.0643296252928
0.0505708430914
0.0347628805621
0.0199795081967
0.00453747072599
0.00453747072599
0.0202722482435
0.0497658079625
0.0927985948477
0.13400175644
0.145784543325
0.131074355972
0.0884074941452
0.0473507025761
0.0354215456675
0.0352019906324
0.050424473068
0.0638173302109
0.0621340749415
0.0625
0.0618413348946
0.0769174473067
0.0788934426229
0.0798448477751
0.0797716627634
0.0649882903981
0.0639637002342
0.0619145199063
0.0611094847775
0.046106557377
0.0321282201405
0.0329332552693
0.0470579625292
0.0748682669788
0.100848946136
0.113070843091
0.0982142857141
0.084894613583
0.0721604215455
0.0456674473067
0.032494145199
0.0172716627634
0.00307377049181
0.00263466042155
0.00241510538642
0.00373243559719
0.00365925058548
0.00358606557377
0.00402517564403
0.0177839578454
0.0319086651053
0.0460333723653
0.0591334894613
0.0455210772833
0.0323477751756
0.0196867681499
0.0219555035129
0.0366656908666
0.05093676815
0.0641832552694
0.0489607728338
0.0469115925059
0.0588407494145
0.0715017564401
0.0988729508195
0.100775761124
0.0895052693207
0.092213114754
0.0942622950819
0.108899297424
0.109631147541
0.0817476580797
0.0537177985949
0.0393003512881
0.0371779859484
0.0494730679156
0.0610362997657
0.0462529274004
0.032494145199
0.0187353629976
0.00585480093677
0.018149882904
0.0447892271662
0.0719408665104
0.0996048009366
0.102019906323
0.0759660421545
0.0488875878219
0.0207845433255
0.0185889929742
0.0302985948477
0.0425204918032
0.0562792740046
0.043325526932
0.0450087822014
0.0466920374708
0.0606703747073
0.0884074941453
0.0878220140515
0.0872365339578
0.0734045667447
0.0605971896956
0.0611826697893
0.062280444965
0.0488875878221
0.0343237704919
0.034031030445
0.0329332552693
0.0462529274004
0.0598653395783
0.0459601873535
0.0321282201405
0.0182962529274
0.0170521077283
0.0295667447306
0.0431059718969
0.0566451990631
0.0447160421545
0.033006440281
0.019906323185
0.0205649882904
0.0329332552693
0.0458870023418
0.059206674473
0.0450087822013
0.045594262295
0.0447160421545
0.0445696721311
0.058182084309
0.0442769320842
0.0316891100702
0.0324941451991
0.0347628805621
0.0645491803279
0.0926522248244
0.0924326697892
0.103629976581
0.0873097189695
0.0720140515221
0.0720140515221
0.0447892271662
0.045081967213
0.0597921545667
0.0871633489461
0.128878805621
0.143076697892
0.128659250586
0.0862851288057
0.0439110070258
0.0163202576113
0.00322014051523
0.00453747072601
0.0201990632318
0.0482289227166
0.0769174473068
0.105605971897
0.105605971897
0.0786738875879
0.0493266978923
0.0199795081967
0.00497658079624
0.00263466042154
0.0161738875878
0.0302254098361
0.0442769320844
0.0597189695551
0.0465456674474
0.0466920374708
0.0605971896955
0.0734777517563
0.100336651054
0.100043911007
0.0865778688523
0.0736241217798
0.0608899297423
0.0604508196721
0.0588407494144
0.0572306791568
0.0558401639343
0.0564988290397
0.0577429742388
0.0589871194378
0.0741364168617
0.0872365339577
0.0865778688523
0.0859192037469
0.0705503512879
0.0699648711943
0.0978483606556
0.125731850117
0.14044203747
0.142344847775
0.114827283372
0.0875292740046
0.0748682669789
0.0465456674473
0.0329332552693
0.0335919203747
0.0462529274004
0.0736241217798
0.100995316159
0.11387587822
0.11387587822
0.11387587822
0.11387587822
0.0991656908664
0.085406908665
0.0716481264636
0.0578893442622
0.0593530444965
0.0451551522248
0.0309572599532
0.0167593676815
0.0162470725995
0.0442037470726
0.0865778688524
0.129464285714
0.157201405152
0.157420960187
0.128805620609
0.0991656908664
0.0567183840749
0.0424473067915
0.042593676815
0.0570111241218
0.0854069086651
0.0849677985948
0.0847482435596
0.0713553864168
0.0722336065573
0.101946721311
0.14556498829
0.188012295082
0.201478337236
0.186621779859
0.143296252927
0.0867974238875
0.0445696721311
0.0162470725995
0.0169789227166
0.0314695550351
0.0605240046838
0.0890661592505
0.08818793911
0.0873097189695
0.0715017564402
0.0565720140514
0.0565720140514
0.0565720140514
0.0581088992973
0.0594262295081
0.0746487119437
0.104581381733
0.118852459016
0.146809133489
0.146809133489
0.132098946136
0.132611241218
0.104947306791
0.0908225995316
0.0622072599531
0.0463261124121
0.0447892271662
0.0435450819671
0.0565720140514
0.0429596018734
0.0431059718969
0.0430327868852
0.0431791569086
0.0710626463699
0.0851873536298
0.0995316159249
0.114900468384
0.101214871194
0.0737704918032
0.0463261124121
0.0168325526932
0.0167593676815
0.0304449648712
0.0441305620609
0.0588407494145
0.0441305620609
0.0296399297424
0.0151492974239
0.0144174473068
0.0421545667446
0.0694525761123
0.110509367681
0.124048594848
0.110070257611
0.0963114754096
0.0693793911006
0.0562060889929
0.0705503512879
0.084894613583
0.0980679156907
0.111241217798
0.0968969555033
0.0963114754096
0.0825526932083
0.0687939110069
0.069013466042
0.0554742388758
0.0694525761123
0.0834309133488
0.0979947306789
0.112558548009
0.0996048009366
0.086651053864
0.0865778688523
0.0727459016393
0.0726727166276
0.0725995316159
0.0585480093677
0.0720140515223
0.0854800936768
0.0989461358314
0.0982874707259
0.0706235362997
0.0573770491803
0.0585480093677
0.0746487119439
0.103995901639
0.118266978923
0.103703161593
0.0881147540983
0.0857728337235
0.0703307962528
0.0693062060888
0.0687939110069
0.0423009367681
0.0305913348946
0.0188817330211
0.0218823185012
0.0371048009368
0.0502781030445
0.0634514051522
0.0619145199063
0.0603776346604
0.0598653395784
0.0598653395784
0.0451551522248
0.04537470726
0.0603044496487
0.0756733021078
0.10575234192
0.106996487119
0.0935304449649
0.0776492974239
0.0622804449649
0.0760392271663
0.0753073770492
0.0760392271663
0.0757464871194
0.0469115925058
0.046106557377
0.0453015222482
0.0587675644027
0.0854069086649
0.0852605386415
0.086138758782
0.0598653395783
0.03425058548
0.0215895784543
0.0212968384075
0.0349092505855
0.0626463700235
0.0909689695551
0.0929449648712
0.0935304449648
0.0658665105386
0.0511563231849
0.0479361826697
0.045594262295
0.0715749414519
0.070550351288
0.0853337236534
0.11387587822
0.114680913349
0.129244730679
0.11599824356
0.0754537470725
0.0613290398125
0.0472043325526
0.0600117096018
0.100483021077
0.128073770492
0.155664519906
0.169862412178
0.156469555035
0.129317915691
0.102166276347
0.0752341920375
0.0746487119438
0.088700234192
0.10275175644
0.101800351288
0.0742096018734
0.0448624121779
0.0292740046838
0.0283957845433
0.0412763466041
0.0697453161591
0.0712090163933
0.0726727166276
0.0741364168618
0.0466920374707
0.0319818501171
0.0172716627635
0.0163202576112
0.0292740046838
0.0571574941451
0.0994584309133
0.114754098361
0.13012295082
0.116656908665
0.0881147540984
0.0866510538642
0.085406908665
0.113290398126
0.129098360656
0.131074355972
0.133050351288
0.105605971897
0.104581381733
0.0902371194379
0.0758928571428
0.0762587822014
0.0496926229508
0.0491803278688
0.0486680327868
0.0481557377048
0.0594262295081
0.0442037470725
0.0433987119438
0.043105971897
0.0586211943794
0.0889197892272
0.0918471896956
0.107508782201
0.108240632318
0.107947892271
0.119145199063
0.117754683841
0.10319086651
0.101361241218
0.100995316159
0.0855532786885
0.0843823185011
0.0714285714285
0.0584748243559
0.0599385245901
0.0603776346604
0.0456674473068
0.0318354800937
0.0180035128806
0.00570843091335
0.00709894613583
0.0210772833723
0.0350556206089
0.0469847775175
0.0737704918032
0.0865046838406
0.0992388758781
0.112997658079
0.0980679156907
0.0699648711943
0.0562792740046
0.0573038641686
0.0864314988291
0.129537470726
0.144833138173
0.130708430913
0.0892857142856
0.0479361826697
0.0189549180328
0.00468384074942
0.018149882904
0.0308108899298
0.0444964871195
0.0719408665106
0.0712822014052
0.0858460187353
0.100409836065
0.0874560889929
0.0889197892271
0.0609631147541
0.034031030445
0.0355679156909
0.0502781030445
0.0796984777517
0.120828454332
0.132757611241
0.116656908665
0.11431498829
0.0854800936767
0.0719408665104
0.0867242388757
0.0739900468383
0.0750146370022
0.0879683840748
0.0870169789226
0.100848946136
0.114680913349
0.116730093677
0.104288641686
0.0908225995316
0.0773565573771
0.0482289227166
0.033518735363
0.0321282201405
0.030737704918
0.0584748243559
0.0870169789227
0.101653981265
0.116290983607
0.10231264637
0.0869437939109
0.0586211943793
0.0302985948477
0.0159543325527
0.00197599531616
0.00182962529274
0.0163934426229
0.0311768149883
0.0470579625293
0.0758928571428
0.0761124121779
0.0765515222481
0.0752341920373
0.0469115925058
0.0322014051522
0.0170521077283
0.0038056206089
0.00483021077284
0.00563524590165
0.0210772833724
0.0344701405153
0.0468384074942
0.0607435597191
0.0602312646371
0.0607435597191
0.061768149883
0.0745023419204
0.0865778688524
0.112412177986
0.152663934426
0.166422716627
0.168105971897
0.156615925058
0.116290983607
0.0897248243559
0.0748682669789
0.0450819672131
0.0434718969554
0.0556206088992
0.0698185011708
0.0998243559717
0.103337236534
0.0793325526931
0.0547423887587
0.041569086651
0.0548155737705
0.0820403981264
0.10787470726
0.106484192037
0.090456674473
0.0739900468383
0.0579625292739
0.0564988290397
0.0565720140514
0.0583284543325
0.0608167447306
0.0772833723653
0.0802839578454
0.0803571428572
0.0799912177987
0.0510099531617
0.0472043325527
0.0448624121779
0.0564988290397
0.0830649882902
0.0835772833722
0.098507025761
0.100629391101
0.101727166276
0.117096018735
0.103629976581
0.089212529274
0.0753073770492
0.0603776346604
0.0598653395784
0.0451551522248
0.0304449648712
0.0309572599532
0.0452283372365
0.0746487119437
0.104435011709
0.105020491803
0.0927985948477
0.0781615925058
0.0627927400468
0.0625731850117
0.0466920374707
0.0332991803279
0.0204918032787
0.00614754098361
0.00651346604216
0.0195403981265
0.0321282201405
0.0455942622951
0.072819086651
0.0726727166276
0.0737704918032
0.0748682669788
0.0484484777517
0.0346896955503
0.019394028103
0.00409836065575
0.0169789227167
0.0313963700235
0.0460333723654
0.0750878220142
0.0763319672132
0.0909689695552
0.105679156909
0.091774004684
0.091261709602
0.0624268149884
0.0338114754099
0.033518735363
0.0322014051522
0.0453015222482
0.0594262295081
0.0450819672131
0.0317622950819
0.0194672131147
0.0195403981265
0.0339578454333
0.0488875878221
0.0627927400469
0.0635977751757
0.0644028103045
0.0644028103045
0.0633782201405
0.0473507025761
0.0321282201405
0.0316891100702
0.0337382903981
0.064256440281
0.0931645199063
0.0928717798594
0.104361826698
0.0883343091334
0.0868706088992
0.101141686183
0.0874560889929
0.0875292740046
0.0608899297423
0.0459601873536
0.0472043325526
0.0484484777517
0.0756001170959
0.0762587822013
0.0739900468383
0.0717213114753
0.0564988290397
0.0550351288055
0.0552546838406
0.0692330210771
0.0694525761123
0.0696721311474
0.0694525761123
0.0427400468383
0.0301522248243
0.0319086651053
0.0338846604215
0.0613290398126
0.102385831382
0.128512880562
0.155152224824
0.156762295082
0.130049765808
0.104581381733
0.0780884074941
0.0624268149883
0.0611094847776
0.0594262295083
0.0582552693209
0.0732581967213
0.0882611241217
0.102019906323
0.129537470726
0.127634660421
0.126756440281
0.113070843091
0.0718676814987
0.0597921545667
0.0600117096019
0.0887002341921
0.145491803279
0.173448477752
0.173741217799
0.144613583138
0.0867974238875
0.0433987119438
0.0290544496487
0.0294203747073
0.0451551522248
0.0608899297424
0.0486680327869
0.0502049180328
0.0496926229508
0.0496926229507
0.075819672131
0.0746487119437
0.0747218969554
0.08818793911
0.0744291569086
0.0887002341921
0.10275175644
0.088480679157
0.102971311475
0.0886270491804
0.0740632318502
0.0741364168619
0.04537470726
0.0305913348947
0.0160275175644
0.00102459016393
0.0014637002342
0.002268735363
0.0168325526932
0.032494145199
0.060450819672
0.102166276346
0.130122950819
0.157347775175
0.157713700234
0.144906323185
0.118340163934
0.0916276346603
0.0920667447306
0.091993559719
0.105679156909
0.118340163935
0.102971311476
0.0868706088994
0.0707699063232
0.0565720140515
0.0578161592505
0.0459601873535
0.047862997658
0.0480093676814
0.0469115925058
0.0597921545666
0.0451551522247
0.0313963700234
0.0179303278688
0.00402517564402
0.0182230679157
0.0324209601873
0.0456674473067
0.0593530444964
0.044350117096
0.0431059718969
0.0427400468383
0.0421545667446
0.05693793911
0.0445696721311
0.0322014051522
0.0201258782201
0.0207113583138
0.0343237704918
0.0484484777517
0.0625731850117
0.0620608899297
0.0619145199063
0.0607435597189
0.0589871194378
0.0454478922716
0.0319086651053
0.0188817330211
0.00563524590165
0.00409836065575
0.00256147540984
0.0154420374708
0.0290544496488
0.0436914519907
0.0583284543326
0.044130562061
0.0439110070258
0.0436914519907
0.0442769320844
0.05949941452
0.0471311475411
0.0485216627635
0.0483021077283
0.0481557377048
0.0741364168617
0.07406323185
0.075819672131
0.0767710772832
0.0514490632318
0.0513758782201
0.0501317330211
0.049399882904
0.0619877049181
0.0472043325527
0.0463992974239
0.0455942622951
0.0450087822014
0.0588407494145
0.0584748243559
0.0581088992974
0.0577429742388
0.0573770491803
0.0567915690866
0.0699648711943
0.0831381733019
0.0968237704916
0.111680327869
0.112778103044
0.11387587822
0.113949063232
0.112851288056
0.112338992974
0.112338992974
0.113363583138
0.101214871194
0.0743559718968
0.0608167447306
0.0462529274004
0.0456674473067
0.0589871194379
0.0584748243559
0.0584748243559
0.071794496487
0.0863583138172
0.0869437939109
0.0875292740045
0.0755269320842
0.061475409836
0.0610362997658
0.0605971896955
0.0444964871194
0.0294203747073
0.0291276346604
0.0288348946136
0.0447160421546
0.0605971896956
0.047643442623
0.0346896955504
0.0332259953162
0.031762295082
0.0447160421546
0.0576697892273
0.0432523419204
0.0431791569087
0.0578161592506
0.0724531615924
0.10231264637
0.118193793911
0.104654566745
0.10487412178
0.117242388759
0.114534543325
0.126536885246
0.111533957845
0.0698185011708
0.043325526932
0.0168325526932
0.00329332552693
0.00431791569087
0.0180766978922
0.0318354800936
0.0594262295081
0.0854069086649
0.084382318501
0.0833577283371
0.0560597189694
0.0295667447306
0.0168325526932
0.0188085480094
0.0462529274004
0.0874560889929
0.129171545667
0.141978922716
0.128293325527
0.0870901639343
0.0595725995315
0.0457406323185
0.047131147541
0.0766978922717
0.0775761124122
0.0789666276347
0.078893442623
0.0637441451991
0.0628659250585
0.0634514051522
0.0625731850116
0.0500585480093
0.0515222482435
0.0500585480093
0.0500585480093
0.0608899297423
0.0442037470725
0.0289812646369
0.0275175644028
0.0285421545667
0.0442037470725
0.0608899297423
0.0500585480093
0.0376902810304
0.0235655737705
0.00739168618268
0.00497658079626
0.00307377049181
0.00204918032787
0.00256147540984
0.00307377049181
0.00329332552693
0.00402517564403
0.00395199063232
0.00387880562061
0.00387880562061
0.00285421545668
0.00190281030445
0.00197599531616
0.00307377049181
0.00614754098362
0.00944086651056
0.0111973067916
0.0251024590164
0.0360802107728
0.0475702576112
0.0595725995315
0.0458870023418
0.0338846604215
0.0208577283372
0.00812353629978
0.0208577283372
0.0331528103044
0.0597189695549
0.0996048009366
0.112997658079
0.126610070257
0.113217213115
0.0855532786885
0.0718676814988
0.0581820843091
0.0709894613582
0.0706967213113
0.0699648711942
0.0697453161591
0.0572306791568
0.0584748243559
0.0599385245901
0.0747950819672
0.0739900468384
0.0731850117097
0.0723799765809
0.0570111241218
0.0706967213114
0.0843823185011
0.112412177986
0.14168618267
0.142271662763
0.142857142857
0.114754098361
0.0864314988289
0.0724531615924
0.0599385245901
0.0617681498829
0.0495462529274
0.0373243559719
0.0359338407494
0.0483021077283
0.0733313817329
0.0983606557375
0.112046252927
0.0982142857141
0.085406908665
0.0725995316159
0.0578893442622
0.0579625292739
0.0580357142856
0.0728190866509
0.0895052693208
0.104142271663
0.133489461358
0.133782201405
0.118413348946
0.104069086651
0.0603044496487
0.0305181498829
0.0154420374707
0.000365925058548
0.000512295081968
0.00102459016394
0.00241510538642
0.0175644028103
0.0316891100702
0.0463261124121
0.0729654566743
0.0865046838406
0.100556206089
0.113583138173
0.113729508197
0.113509953162
0.113290398126
0.113583138173
0.114534543325
0.114241803279
0.113949063232
0.113656323185
0.0985070257611
0.0713553864168
0.0444233021077
0.0174912177986
0.00541569086651
0.00600117096018
0.0208577283372
0.0357142857143
0.0500585480093
0.0641832552693
0.0505708430913
0.0374707259953
0.0379098360656
0.0532786885246
0.0804303278689
0.107362412178
0.120608899297
0.105240046838
0.0913348946136
0.0906762295082
0.0755269320843
0.0743559718969
0.0731850117095
0.0585480093676
0.0581820843091
0.0580357142858
0.0716481264638
0.0707699063232
0.0701112412178
0.0838700234191
0.0703307962529
0.0849677985948
0.100629391101
0.0884806791569
0.0906762295081
0.0655737704918
0.0384221311475
0.0236387587822
0.00805035128808
0.00578161592507
0.00453747072601
0.0180766978923
0.0305913348946
0.043325526932
0.0704771662763
0.0701112412178
0.0854800936768
0.101214871194
0.1018735363
0.116290983607
0.101288056206
0.0993120608898
0.0985802107727
0.112558548009
0.141247072599
0.142783957845
0.130415690866
0.0895052693208
0.063012295082
0.0507903981265
0.0518881733022
0.0664519906324
0.052180913349
0.0368852459017
0.0214432084309
0.0205649882904
0.0351288056206
0.0502049180328
0.0655737704918
0.0520345433255
0.0366656908665
0.0221018735363
0.00658665105388
0.0195403981264
0.0330796252927
0.0450087822013
0.071282201405
0.0704039812645
0.0835040983605
0.0974092505853
0.0987265807961
0.113070843091
0.114607728337
0.116656908665
0.103556791569
0.0910421545667
0.0628659250585
0.0336651053864
0.0191744730679
0.00475702576113
0.0188085480093
0.0333723653395
0.0474238875877
0.0610362997657
0.047350702576
0.0480093676814
0.0476434426229
0.0617681498828
0.0897248243559
0.0889929742388
0.103044496487
0.0880415690866
0.0859923887587
0.0982874707258
0.0830649882902
0.0835772833722
0.0575966042153
0.031981850117
0.0201258782201
0.00622072599533
0.00504976580797
0.00314695550352
0.0150029274004
0.0281030444964
0.0554742388758
0.0834309133488
0.083870023419
0.084894613583
0.072819086651
0.0605240046838
0.0625
0.0636709601874
0.063524590164
0.0631586651054
0.0755269320842
0.0873829039811
0.086138758782
0.0988729508195
0.0846018735361
0.0711358313816
0.086138758782
0.0736241217798
0.0748682669788
0.0755269320843
0.0467652224824
0.0322745901639
0.0177839578454
0.00307377049181
0.00307377049181
0.00307377049181
0.00329332552694
0.0187353629977
0.048887587822
0.0780152224824
0.120462529274
0.133489461358
0.131806206089
0.13100117096
0.116656908665
0.117022833724
0.117022833723
0.116290983606
0.101800351288
0.0883343091334
0.0608899297423
0.0470579625292
0.0614022248243
0.0880415690866
0.129537470726
0.158738290398
0.159104215457
0.146150468384
0.132172131147
0.116949648712
0.117169203747
0.103556791569
0.0904566744731
0.0632318501172
0.0339578454333
0.0180035128806
0.00204918032787
0.000731850117096
0.0147833723653
0.030225409836
0.0456674473067
0.0606703747072
0.0469847775175
0.0462529274004
0.0465456674473
0.0617681498829
0.105093676815
0.120242974239
0.133855386417
0.118047423887
0.118047423887
0.118047423887
0.118047423887
