0.854375
0.854375
0.854375
0.854375
0.77375
0.705
0.698125
0.681875
0.7325
0.775625
0.769375
0.73
0.661875
0.671875
0.7175
0.8275
1.005
1.0025
0.983125
0.93
0.779375
0.75375
0.72
0.690625
0.715625
0.730625
0.761875
0.785625
0.76875
0.730625
0.67625
0.62125
0.623125
0.691875
0.776875
0.8675
0.931875
0.94
0.931875
0.92375
0.90125
0.81
0.735
0.665625
0.703125
0.809375
0.9075
0.981875
0.89
0.88625
0.884375
0.92125
1.078125
1.08375
1.083125
1.033125
0.906875
0.81875
0.729375
0.765
0.78375
0.92375
1.04875
0.989375
1.073125
1.020625
1.0175
1.159375
1.139375
1.09375
1.055625
0.9075
0.87125
0.9325
0.913125
0.955625
0.939375
0.9375
0.98
1.024375
1.09375
1.06625
1.02625
0.970625
0.851875
0.804375
0.79
0.83125
1.00125
1.168125
1.29375
1.388125
1.32625
1.203125
1.11875
0.983125
0.995625
1.0625
1.161875
1.255
1.25875
1.246875
1.13875
1.063125
0.92875
0.8775
0.9175
0.97375
1.135625
1.14125
1.045
0.97125
0.875
0.86125
0.914375
0.890625
0.895
0.94125
0.971875
1.090625
1.18875
1.268125
1.338125
1.403125
1.455625
1.384375
1.341875
1.2325
1.093125
1.070625
1.084375
1.075
1.0775
1.095
1.015625
1.025
1.0225
0.95125
0.9725
0.9225
1.008125
1.1725
1.31
1.545625
1.601875
1.5475
1.441875
1.20375
1.016875
0.96
0.896875
0.919375
0.9825
0.968125
1.030625
1.03625
1.101875
1.1925
1.208125
1.275
1.26375
1.194375
1.153125
1.07875
0.93125
0.796875
0.715
0.684375
0.721875
0.824375
0.894375
0.999375
1.179375
1.326875
1.416875
1.365625
1.146875
0.97375
0.835625
0.78375
0.83875
0.7975
0.754375
0.698125
0.720625
0.7675
0.81875
0.94
0.876875
0.93625
1.080625
1.165625
1.4175
1.54125
1.523125
1.42375
1.211875
1.044375
1.006875
1.0375
1.1125
1.13125
1.006875
0.869375
0.7625
0.770625
0.88875
1.081875
1.20875
1.18625
1.165625
1.021875
0.956875
0.97
0.918125
1.010625
1.085
1.21
1.331875
1.306875
1.17625
0.916875
0.721875
0.68375
0.774375
0.943125
1.08625
1.07625
1.00375
0.95875
0.875
0.889375
0.88375
0.824375
0.826875
0.83625
0.940625
1.079375
1.164375
1.181875
1.051875
0.92625
0.8475
0.748125
0.7475
0.778125
0.844375
1.006875
1.19375
1.303125
1.305625
1.2475
1.111875
1.04375
1.020625
0.97625
1.04875
1.04375
1.0225
1.08125
0.98375
0.938125
0.9925
0.954375
1.045
1.119375
1.03875
0.985625
0.813125
0.675
0.718125
0.796875
1.040625
1.2425
1.24375
1.22
1.021875
0.82875
0.770625
0.730625
0.806875
0.885
0.90375
0.94625
0.963125
0.985
1.0275
0.971875
0.87375
0.8675
0.939375
1.14625
1.344375
1.435
1.369375
1.18875
1.059375
0.96875
0.960625
1.075
1.233125
1.3225
1.4075
1.375
1.28625
1.22875
1.17125
1.119375
1.0675
1.025625
0.97375
0.945
0.87
0.87875
0.98125
1.13875
1.376875
1.47375
1.413125
1.31375
1.135625
1.000625
1.013125
0.975625
1.00875
1.133125
1.12625
1.16625
1.2375
1.228125
1.3
1.369375
1.35375
1.31375
1.19125
1.07125
1.00625
0.979375
1.095625
1.255
1.30875
1.406875
1.355625
1.213125
1.15125
0.9925
0.89375
0.835625
0.779375
0.77625
0.780625
0.796875
0.78375
0.84375
0.919375
0.955
1.015625
0.96125
0.94625
0.993125
1.0525
1.115
1.041875
0.9375
0.904375
0.955625
1.12375
1.294375
1.34125
1.261875
1.175
1.088125
1.003125
1.02625
0.953125
0.930625
0.91875
0.913125
0.953125
0.891875
0.96375
0.934375
0.94125
1.076875
1.079375
1.173125
1.28625
1.215625
1.16625
1.07625
0.893125
0.815625
0.7
0.586875
0.586875
0.635
0.7975
1.003125
1.116875
1.161875
1.071875
0.948125
0.895625
0.86375
0.894375
0.945625
0.9175
0.87125
0.7975
0.69
0.61375
0.57375
0.641875
0.77125
1.00125
1.26375
1.448125
1.521875
1.441875
1.2425
0.986875
0.810625
0.7025
0.759375
0.878125
0.9825
1.128125
1.15
1.16625
1.176875
1.0875
1.053125
1.004375
1.045
1.141875
1.115
1.186875
1.09125
1.07125
1.139375
1.03875
1.009375
0.82875
0.733125
0.80625
0.8825
1.118125
1.22625
1.174375
1.15375
1.021875
0.9225
0.90875
0.94875
1.01625
1.12
1.209375
1.125625
0.99125
0.81125
0.68625
0.680625
0.7075
0.791875
0.775
0.741875
0.7475
0.765
0.871875
1.05125
1.211875
1.306875
1.4025
1.344375
1.284375
1.305625
1.23
1.278125
1.32875
1.238125
1.156875
0.97125
0.758125
0.7125
0.78125
0.884375
1.10875
1.175625
1.131875
1.188125
1.055625
1.0625
1.105
1.000625
1.02375
0.91125
0.8725
0.925
0.9725
1.095
1.1525
1.183125
1.21125
1.229375
1.1825
1.1425
1.075
1.015
1.073125
1.176875
1.2025
1.2175
1.1475
0.97875
0.8825
0.8
0.728125
0.745
0.7675
0.76625
0.85125
0.938125
1.033125
1.16875
1.18875
1.090625
0.954375
0.785625
0.745625
0.85375
1.00125
1.15
1.145
1.0
0.849375
0.72625
0.726875
0.835625
0.92875
0.97125
0.896875
0.824375
0.771875
0.760625
0.875
0.87375
0.8825
0.920625
0.901875
0.93
0.921875
0.84875
0.74375
0.698125
0.75875
0.901875
1.07
1.1975
1.171875
1.044375
0.918125
0.81
0.8125
0.8375
0.87875
0.9475
0.901875
0.9025
0.89
0.80375
0.776875
0.695625
0.586875
0.554375
0.56375
0.604375
0.684375
0.67
0.618125
0.574375
0.52125
0.524375
0.514375
0.486875
0.45
0.413125
0.394375
0.394375
0.438125
0.481875
0.525625
0.5725
0.62875
0.703125
0.79
0.87
0.85
0.816875
0.78125
0.74
0.760625
0.756875
0.743125
0.78
0.796875
0.82125
0.879375
0.840625
0.8125
0.8225
0.760625
0.735
0.80125
0.835625
0.89
1.038125
1.01375
1.03875
1.1
1.038125
1.125625
1.10375
1.06625
1.001875
0.80375
0.680625
0.534375
0.46375
0.4525
0.45
0.45875
0.515
0.65875
0.77875
1.01375
1.1475
1.155
1.17875
0.9925
0.934375
0.960625
0.97625
1.173125
1.180625
1.16375
1.13625
0.95375
0.88625
0.750625
0.669375
0.744375
0.828125
0.968125
1.020625
0.92625
0.799375
0.6825
0.609375
0.6275
0.67875
0.785625
0.8925
0.966875
1.0125
0.929375
0.89
0.860625
0.925
1.045625
1.06625
1.0925
0.95125
0.81125
0.82375
0.8375
0.935
1.04625
0.956875
0.8925
0.828125
0.83125
0.93875
0.97
1.00125
0.94875
0.960625
1.06125
1.205625
1.260625
1.195
1.05125
0.8075
0.739375
0.82375
0.936875
1.124375
1.185625
1.058125
0.935625
0.801875
0.71375
0.726875
0.744375
0.748125
0.824375
0.891875
0.923125
0.96125
0.84125
0.70875
0.608125
0.48
0.430625
0.45
0.501875
0.61375
0.8325
0.930625
1.041875
1.120625
1.02625
1.0225
0.916875
0.788125
0.743125
0.7225
0.76375
0.828125
0.86375
0.770625
0.66625
0.61875
0.5825
0.64625
0.703125
0.64625
0.646875
0.63375
0.645625
0.726875
0.809375
0.875625
0.935
0.981875
0.914375
0.863125
0.788125
0.713125
0.700625
0.728125
0.78625
0.831875
0.88
0.81125
0.735625
0.693125
0.650625
0.676875
0.6975
0.66875
0.631875
0.615625
0.599375
0.638125
0.685
0.70875
0.726875
0.69125
0.643125
0.579375
0.50875
0.493125
0.546875
0.6875
0.83125
0.95
0.9775
0.858125
0.748125
0.605625
0.465625
0.40375
0.341875
0.31
0.31
0.3425
0.44125
0.54
0.651875
0.730625
0.7425
0.8325
0.909375
0.955
0.94875
0.78625
0.6325
0.55875
0.554375
0.66
0.766875
0.786875
0.76
0.70125
0.600625
0.56125
0.56125
0.529375
0.56375
0.553125
0.525
0.550625
0.605
0.704375
0.810625
0.93875
0.928125
0.885
0.865
0.763125
0.7475
0.754375
0.739375
0.756875
0.76125
0.750625
0.719375
0.70375
0.67
0.7125
0.78375
0.813125
0.959375
0.95875
0.95375
1.04625
0.96875
0.964375
0.944375
0.823125
0.765625
0.6975
0.6675
0.673125
0.696875
0.709375
0.73375
0.80625
0.85
0.92875
0.981875
0.90875
0.9125
0.9225
0.92
1.0275
1.09125
1.130625
1.10125
1.008125
0.83375
0.64625
0.59625
0.68375
0.90875
1.175
1.3725
1.436875
1.384375
1.308125
1.18125
1.035625
1.035625
1.035625
1.035625
