0.0733313817329
0.0733313817329
0.0733313817329
0.0733313817329
0.0859923887587
0.114827283372
0.142344847775
0.142344847775
0.142344847775
0.127268735363
0.114095433255
0.114680913349
0.115266393443
0.1018735363
0.0730386416861
0.0442037470726
0.015881147541
0.00241510538642
0.00373243559719
0.00526932084309
0.0195403981264
0.0474970725995
0.0884074941451
0.12887880562
0.142344847775
0.127122365339
0.0986533957844
0.0704039812645
0.055913348946
0.0704039812645
0.0711358313816
0.0856264637001
0.11387587822
0.112924473068
0.125731850117
0.125731850117
0.0982142857141
0.085406908665
0.0725995316159
0.0441305620609
0.0441305620609
0.0578893442623
0.0716481264636
0.100117096019
0.11387587822
0.100117096019
0.0863583138173
0.0725995316159
0.0441305620609
0.0294203747073
0.0294203747073
0.0299326697892
0.0595725995316
0.103556791569
0.118340163934
0.145857728337
0.14556498829
0.117096018735
0.102898126464
0.0616949648711
0.0343237704918
0.0210772833723
0.00805035128807
0.00900175644029
0.00805035128806
0.00600117096019
0.00417154566745
0.00190281030445
0.0158079625293
0.0313963700234
0.0465456674473
0.0756733021077
0.0753805620608
0.0733313817329
0.0862119437938
0.071794496487
0.0720872365339
0.0732581967213
0.0455210772834
0.0316159250585
0.0185158079625
0.00541569086651
0.00600117096019
0.0201990632319
0.0330064402811
0.0605240046839
0.102898126464
0.116949648712
0.131367096019
0.116364168618
0.0864314988289
0.0709162763465
0.0556206088992
0.0697453161591
0.0717213114753
0.074575526932
0.0774297423887
0.0517418032787
0.0524736533958
0.0514490632318
0.0504244730679
0.0623536299766
0.046106557377
0.030737704918
0.0297862997658
0.0305913348947
0.0594262295082
0.0882611241218
0.0882611241217
0.0865046838407
0.0718676814988
0.0572306791569
0.0578893442623
0.0594262295083
0.045887002342
0.0332259953162
0.0202722482436
0.00731850117095
0.00878220140514
0.00848946135831
0.00614754098361
0.0185158079625
0.0308840749414
0.0441305620609
0.0588407494145
0.0451551522248
0.0319818501171
0.0193208430913
0.0210772833724
0.049912177986
0.0787470725996
0.106557377049
0.105532786885
0.0911153395786
0.0895784543327
0.102898126464
0.144394028103
0.171692037471
0.171179742389
0.141978922717
0.0857728337235
0.0435450819671
0.0157347775175
0.002268735363
0.0015368852459
0.0015368852459
0.0015368852459
0.0015368852459
