0.0477166276347
0.0477166276347
0.0477166276347
0.0477166276347
0.033006440281
0.0193208430913
0.00570843091336
0.00622072599533
0.00695257611242
0.00790398126465
0.00805035128806
0.00629391100703
0.00409836065574
0.00190281030445
0.000219555035129
0.000219555035129
0.000658665105386
0.00161007025761
0.00256147540984
0.0030737704918
0.00336651053864
0.00285421545667
0.00234192037471
0.00256147540984
0.0163202576112
0.0439110070257
0.0715017564401
0.0990925058546
0.113144028103
0.113656323185
0.114168618267
0.113144028103
0.112119437939
0.0982142857141
0.0843091334893
0.0857728337235
0.0734777517563
0.0731850117095
0.0734045667446
0.0449355971896
0.030225409836
0.0163934426229
0.00204918032787
0.00204918032787
0.00204918032787
0.00204918032787
0.0015368852459
0.0154420374707
0.0437646370024
0.0720872365341
0.100922131148
0.100922131148
0.0720872365341
0.0432523419204
0.0144174473068
0.0
0.0
0.0
0.0147101873536
0.0308840749414
0.0480825526932
0.0655005854801
0.0545228337237
0.0416422716628
0.0404713114754
0.0398858313817
0.0529859484777
0.06550058548
0.0515222482435
0.0359338407494
0.0193208430913
0.0174912177986
0.0294203747072
0.0419350117095
0.0556937939109
0.0556937939109
0.0701112412177
0.0847482435596
0.0989461358313
0.0993852459016
0.0709894613583
0.042593676815
0.0146370023419
0.0014637002342
0.00292740046839
0.00461065573771
0.0201990632318
0.0480825526932
0.0755269320842
0.102532201405
0.114827283372
0.0994584309132
0.0843091334893
0.0693793911006
0.0412763466041
0.0275175644028
0.0141247072599
0.00175644028103
0.00314695550352
0.00475702576113
0.00563524590165
0.00497658079626
0.00431791569087
0.00373243559719
0.00351288056206
0.00329332552693
0.00307377049181
0.0164666276347
0.0436182669789
0.0723067915691
0.102019906323
0.10443501171
0.0940427400468
0.0816012880562
0.0671106557377
0.0652078454333
0.0478629976581
0.0453015222482
0.0437646370023
0.04281323185
0.0561329039811
0.0419350117095
0.0277371194379
0.0137587822014
0.0147101873536
0.0294203747073
0.0588407494145
0.102971311475
0.117681498829
0.146735948478
0.146370023419
0.116803278688
0.101946721311
0.0584016393442
0.0295667447306
0.0150029274004
0.000439110070258
0.0139783372365
0.0280298594847
0.0423009367681
0.0565720140514
0.043325526932
0.0290544496487
0.0147833723653
0.000512295081968
0.000512295081968
0.00102459016394
0.0015368852459
0.00307377049181
0.00358606557378
0.00409836065575
0.00483021077285
0.0182230679157
0.0458870023419
0.0735509367681
0.100775761124
0.0996048009366
0.0856264637001
0.0716481264636
0.0584016393442
0.0598653395784
0.0456674473068
0.0458138173302
0.0449355971897
0.0578161592505
0.085406908665
0.0843091334893
0.0847482435596
0.0576697892271
0.0443501170959
0.0453747072599
0.0590603044496
0.0865046838406
0.0864314988289
0.100702576112
0.0865778688524
0.0868706088992
0.101434426229
0.0873097189696
0.0887734192038
0.0614022248244
0.0330064402811
0.0189549180328
0.00314695550351
0.00175644028103
0.000878220140513
0.0144174473068
0.042593676815
0.0707699063232
0.0989461358314
0.0982874707259
0.0701112412178
0.0429596018735
0.0302254098361
0.0333723653396
0.064036885246
0.0926522248244
0.0934572599532
0.0913348946135
0.0616949648711
0.0330796252927
0.0168325526932
0.00204918032787
0.00124414519907
0.00131733021077
0.01712529274
0.0329332552693
0.0491803278688
0.0636709601873
0.0634514051522
0.0769906323184
0.0889929742388
0.1018735363
0.100043911007
0.0851141686182
0.07106264637
0.0570111241218
0.0576697892273
0.0432523419204
0.0298594847776
0.0174912177986
0.00512295081969
0.00717213114756
0.00717213114756
0.00512295081969
0.00307377049181
0.00102459016394
0.0137587822014
0.0285421545667
0.043325526932
0.0581088992973
0.0458870023418
0.0316159250585
0.031762295082
0.0462529274005
0.0734777517565
0.101727166276
0.101141686183
0.0718676814988
0.0431059718969
0.0143442622951
0.0
0.0
0.0
0.0
0.0
0.0
0.000219555035129
0.000439110070258
0.000658665105386
0.000878220140515
0.000878220140515
0.00190281030445
0.00292740046839
0.00417154566746
0.0196135831382
0.0467652224825
0.0741364168618
0.101068501171
0.0993852459016
0.0712090163934
0.0570111241218
0.0430327868853
0.0434718969556
0.0723799765809
0.0726727166277
0.0729654566745
0.0876024590164
0.072819086651
0.0724531615924
0.0720872365339
0.0435450819672
0.0434718969554
0.0578161592505
0.085919203747
0.12756147541
0.14168618267
0.14168618267
0.114168618267
0.101141686183
0.1018735363
0.0876024590164
0.101507611241
0.0867974238877
0.0723067915692
0.0727459016394
0.0443501170961
0.0450819672132
0.0463992974239
0.0472775175644
0.0472775175644
0.0472775175644
0.0472775175644
