1.045
1.045
1.045
1.045
1.03875
1.014375
0.9875
1.02
0.989375
0.97
0.963125
0.87875
0.8575
0.843125
0.866875
0.92875
0.9725
0.994375
0.946875
0.88625
0.8625
0.861875
0.8975
0.94125
0.939375
0.93125
0.93
0.94125
0.95
0.955
0.94375
0.920625
0.92
0.915625
0.92
0.92
0.92125
0.92125
0.916875
0.948125
0.99125
1.0425
1.076875
1.04375
0.968125
0.904375
0.865
0.861875
0.8825
0.876875
0.86375
0.83625
0.80875
0.8275
0.83375
0.9025
0.969375
0.975625
1.030625
1.00375
0.968125
0.965625
0.908125
0.920625
0.95625
1.008125
1.1075
1.134375
1.16875
1.148125
1.073125
1.068125
1.023125
1.016875
1.03625
1.011875
1.016875
1.033125
1.049375
1.041875
1.025
0.98
0.926875
0.95125
0.9925
1.055
1.11125
1.12375
1.09125
1.03875
1.04125
0.995625
1.0
1.04
1.036875
1.105625
1.15625
1.18125
1.21875
1.21
1.17375
1.1475
1.11375
1.120625
1.1775
1.183125
1.15
1.091875
0.97375
0.940625
0.950625
0.97875
1.0575
1.04375
1.025625
0.97375
0.895625
0.915
0.95875
1.02375
1.098125
1.085625
1.0025
0.9225
0.8425
0.795
0.79875
0.818125
0.8375
0.875
0.911875
0.96
1.044375
1.109375
1.194375
1.215
1.168125
1.15375
1.088125
1.05
1.0475
1.031875
1.040625
1.10375
1.186875
1.230625
1.2525
1.225625
1.15
1.084375
1.04
0.97375
0.9225
0.893125
0.87
0.854375
0.884375
0.948125
0.999375
1.065
1.04375
0.956875
0.876875
0.809375
0.826875
0.861875
0.9475
1.028125
1.06375
1.09875
1.055
0.99375
0.920625
0.854375
0.798125
0.798125
0.83375
0.905625
0.998125
1.003125
0.9875
0.90625
0.8225
0.79
0.7725
0.83625
0.8975
0.960625
1.04
1.0325
1.06125
1.080625
1.039375
1.045
1.00125
0.93375
0.925625
0.889375
0.85875
0.851875
0.836875
0.8875
0.9425
1.02
1.095625
1.100625
1.116875
1.088125
1.036875
0.993125
0.981875
1.005
1.001875
1.02125
0.95375
0.910625
0.9375
0.97
1.06875
1.105625
1.0725
1.016875
0.9625
0.92375
0.92125
0.919375
0.884375
0.8975
0.910625
0.980625
1.089375
1.109375
1.141875
1.084375
0.97375
0.961875
0.96375
1.055625
1.158125
1.188125
1.201875
1.159375
1.181875
1.22875
1.219375
1.18625
1.10875
1.009375
0.973125
1.014375
1.025
1.10625
1.149375
1.098125
1.07625
0.956875
0.909375
0.963125
1.0325
1.155625
1.225625
1.195625
1.12
1.05625
0.995
0.983125
1.03875
1.07625
1.078125
1.090625
1.025625
0.95875
0.9525
0.928125
0.965
0.9875
0.949375
0.938125
0.89375
0.865
0.876875
0.89625
0.94
0.9875
1.06375
1.08625
1.064375
1.0625
1.034375
1.02875
1.0975
1.16125
1.2075
1.245625
1.190625
1.085
0.965625
0.873125
0.8525
0.86
0.87875
0.9025
0.918125
0.960625
1.015
1.0575
1.095625
1.11375
1.1325
1.13625
1.104375
1.066875
1.06625
1.070625
1.12625
1.166875
1.134375
1.100625
1.016875
0.969375
0.963125
0.976875
1.003125
1.0025
0.994375
0.943125
0.9425
0.951875
0.959375
1.004375
0.966875
0.963125
0.97625
0.968125
1.045
1.085
1.114375
1.154375
1.1275
1.114375
1.091875
1.0575
1.030625
0.94625
0.88375
0.828125
0.834375
0.900625
0.938125
0.975625
0.933125
0.90125
0.900625
0.903125
0.931875
0.89875
0.826875
0.805
0.841875
0.938125
1.105
1.22375
1.25
1.240625
1.240625
1.240625
1.240625
