0.918125
0.918125
0.918125
0.918125
0.945625
0.99
1.04125
1.08125
1.02125
0.97
0.910625
0.86125
0.8525
0.84375
0.824375
0.805
0.795625
0.83625
0.886875
0.94625
1.0225
1.00875
1.013125
1.0125
0.994375
1.015
1.02125
1.06125
1.094375
1.109375
1.099375
1.010625
0.91625
0.901875
0.92625
0.991875
1.093125
1.0925
1.08375
1.066875
1.005625
0.995
0.956875
0.93875
0.9525
0.94875
0.963125
0.953125
0.930625
0.915
0.911875
0.92125
0.9325
0.93625
0.915
0.90625
0.888125
0.869375
0.85125
0.8425
0.88125
0.95125
1.0625
1.118125
1.115625
1.113125
1.07625
1.103125
1.19125
1.223125
1.2975
1.32375
1.249375
1.238125
1.148125
1.064375
1.058125
1.044375
1.073125
1.130625
1.151875
1.119375
1.088125
1.01375
0.9975
1.00875
1.039375
1.095625
1.070625
1.029375
0.9325
0.836875
0.8275
0.856875
0.90875
0.969375
0.963125
0.939375
0.938125
0.944375
0.96
0.976875
0.97
0.918125
0.87
0.823125
0.813125
0.841875
0.900625
0.954375
0.98
0.98625
0.97125
0.96625
0.95625
0.954375
0.9575
0.92625
0.894375
0.874375
0.881875
0.938125
1.021875
1.1025
1.1025
1.1025
1.1025
