-0.481875
-0.481875
-0.481875
-0.481875
-0.456875
-0.276875
-0.18125
-0.18875
-0.2375
-0.346875
-0.43375
-0.5275
-0.53
-0.6025
-0.711875
-0.66875
-0.695625
-0.596875
-0.424375
-0.528125
-0.63625
-0.915
-1.223125
-1.186875
-1.079375
-0.7825
-0.4875
-0.418125
-0.316875
-0.314375
-0.3175
-0.264375
-0.33875
-0.384375
-0.48
-0.68875
-0.7775
-1.05375
-1.291875
-1.265625
-1.4575
-1.32875
-1.131875
-1.08625
-0.75625
-0.55375
-0.415
-0.258125
-0.195
-0.179375
-0.193125
-0.225
-0.436875
-0.7025
-0.93375
-1.1725
-1.111875
-0.936875
-0.7125
-0.473125
-0.360625
-0.2825
-0.25125
-0.24875
-0.2675
-0.29625
-0.494375
-0.644375
-0.8125
-0.973125
-0.813125
-0.81375
-0.799375
-0.785
-0.950625
-0.910625
-0.893125
-0.868125
-0.82375
-0.85875
-0.8775
-0.91125
-0.886875
-0.8475
-0.736875
-0.555
-0.40875
-0.21375
-0.133125
-0.285625
-0.456875
-0.758125
-1.129375
-1.33125
-1.521875
-1.611875
-1.404375
-1.0275
-0.68
-0.36875
-0.2825
-0.429375
-0.608125
-0.72125
-0.80375
-0.815
-0.753125
-0.80375
-0.8275
-0.86625
-0.910625
-0.90625
-0.853125
-0.898125
-0.905
-0.825625
-0.86125
-0.621875
-0.56625
-0.64875
-0.6775
-0.931875
-1.02
-1.17375
-1.25875
-1.400625
-1.486875
-1.374375
-1.381875
-1.125
-0.94875
-0.87875
-0.76
-0.759375
-0.77375
-0.635
-0.425
-0.39125
-0.41625
-0.561875
-0.835
-0.9325
-0.94625
-1.048125
-1.03
-0.995625
-1.018125
-0.85125
-0.740625
-0.695625
-0.53375
-0.49375
-0.44625
-0.374375
-0.53125
-0.6375
-0.745625
-0.933125
-0.818125
-0.811875
-0.873125
-0.793125
-0.840625
-0.730625
-0.56625
-0.508125
-0.500625
-0.650625
-0.793125
-0.824375
-0.87125
-0.849375
-0.76375
-0.795
-0.714375
-0.535
-0.475625
-0.479375
-0.579375
-0.8275
-1.026875
-1.015
-0.94
-0.76875
-0.520625
-0.35875
-0.37625
-0.486875
-0.74625
-1.07625
-1.179375
-1.331875
-1.378125
-1.271875
-1.22625
-1.00125
-0.82
-0.809375
-0.874375
-1.086875
-1.24
-1.306875
-1.2475
-0.96625
-0.7625
-0.53625
-0.401875
-0.401875
-0.325625
-0.345
-0.401875
-0.509375
-0.643125
-0.82625
-0.898125
-0.906875
-0.975
-0.753125
-0.563125
-0.399375
-0.19125
-0.229375
-0.353125
-0.48
-0.609375
-0.6375
-0.584375
-0.528125
-0.43
-0.4275
-0.576875
-0.699375
-0.898125
-0.976875
-0.923125
-1.07125
-1.123125
-1.22375
-1.149375
-0.85875
-0.71625
-0.6775
-0.8375
-1.03875
-1.205625
-1.379375
-1.639375
-1.78625
-1.750625
-1.50625
-1.070625
-0.733125
-0.50875
-0.3975
-0.3675
-0.346875
-0.35625
-0.316875
-0.238125
-0.29875
-0.39125
-0.5325
-0.761875
-0.72375
-0.63875
-0.6025
-0.630625
-0.813125
-1.076875
-1.220625
-1.07625
-0.96
-0.62875
-0.36875
-0.310625
-0.19625
-0.349375
-0.5025
-0.67125
-0.919375
-0.969375
-1.055625
-1.091875
-1.0975
-1.08875
-1.0075
-0.921875
-0.72125
-0.635625
-0.6575
-0.775
-0.88875
-1.00875
-1.048125
-0.875625
-0.82625
-0.655625
-0.4325
-0.39375
-0.2925
-0.30625
-0.453125
-0.481875
-0.5275
-0.500625
-0.35375
-0.259375
-0.2875
-0.41375
-0.750625
-1.15625
-1.398125
-1.578125
-1.500625
-1.4475
-1.37125
-1.269375
-1.210625
-1.01375
-0.913125
-0.873125
-0.85875
-0.88125
-0.76125
-0.568125
-0.576875
-0.546875
-0.70125
-1.00375
-0.983125
-1.114375
-1.176875
-1.00125
-0.97375
-0.81125
-0.5875
-0.51
-0.41875
-0.305
-0.284375
-0.30125
-0.4525
-0.67125
-0.978125
-1.17375
-1.13875
-1.145
-0.875
-0.70625
-0.6475
-0.489375
-0.485625
-0.43625
-0.363125
-0.47625
-0.565
-0.5975
-0.65375
-0.463125
-0.3575
-0.295
-0.33375
-0.48875
-0.51625
-0.61875
-0.69375
-0.755
-0.8875
-0.923125
-0.715625
-0.51125
-0.306875
-0.18
-0.2075
-0.2575
-0.413125
-0.631875
-0.954375
-1.231875
-1.315
-1.181875
-0.95
-0.819375
-0.779375
-0.886875
-0.948125
-0.87625
-0.866875
-0.74
-0.661875
-0.6725
-0.53
-0.5
-0.471875
-0.459375
-0.48875
-0.460625
-0.5175
-0.475625
-0.486875
-0.598125
-0.598125
-0.598125
-0.598125
