-2.005625
-2.005625
-2.005625
-2.005625
-2.769375
-4.196875
-5.08375
-6.594375
-6.959375
-7.401875
-7.06625
-6.91875
-7.011875
-6.605
-7.0225
-6.399375
-6.405
-5.67875
-5.638125
-6.52
-6.09
-6.4425
-5.633125
-4.501875
-4.895625
-5.769375
-6.77125
-7.439375
-7.394375
-6.81875
-6.73625
-7.298125
-7.808125
-7.53875
-7.24625
-6.2125
-4.649375
-4.423125
-3.860625
-3.890625
-5.231875
-5.57625
-6.08875
-6.43125
-5.895
-6.608125
-7.71125
-7.93875
-7.965625
-6.261875
-3.540625
-2.406875
-1.581875
-2.2275
-4.128125
-5.325
-6.944375
-7.705
-7.98875
-8.31125
-8.311875
-8.824375
-8.408125
-7.89125
-7.2625
-6.103125
-5.694375
-5.2875
-4.924375
-5.21625
-5.84125
-6.309375
-6.263125
-5.7525
-5.065
-4.69125
-5.370625
-5.879375
-6.62875
-6.745
-6.3225
-6.979375
-7.266875
-7.730625
-7.549375
-6.015
-3.9825
-2.4875
-1.725625
-2.12625
-2.713125
-2.921875
-3.7825
-3.734375
-4.269375
-4.848125
-3.963125
-3.733125
-3.040625
-2.49125
-3.306875
-3.574375
-4.08375
-5.27875
-5.258125
-5.829375
-6.10125
-5.5425
-5.875
-5.030625
-5.363125
-5.734375
-5.39125
-6.659375
-6.223125
-5.27375
-4.69625
-2.835
-1.7225
-1.3
-1.223125
-1.561875
-1.928125
-2.3625
-2.0625
-1.5875
-1.546875
-1.6525
-2.2975
-3.958125
-4.625625
-4.2825
-3.8225
-2.485625
-2.6375
-3.46875
-4.29375
-4.510625
-3.3675
-2.63
-1.780625
-1.94375
-2.536875
-2.415625
-2.4125
-1.798125
-0.9325
-0.375625
-0.746875
-2.2275
-4.541875
-7.386875
-9.30375
-10.26
-10.730625
-10.819375
-10.431875
-9.4375
-8.1975
-6.80875
-5.693125
-6.261875
-6.2075
-6.155
-6.986875
-5.9775
-6.50375
-6.869375
-6.455
-7.785
-8.51
-9.5525
-10.060625
-9.685
-8.33875
-6.293125
-5.45375
-4.461875
-4.288125
-4.46375
-4.06625
-3.474375
-3.583125
-4.615
-5.07375
-6.61875
-7.015
-5.87375
-5.665
-4.14375
-3.50625
-3.748125
-3.844375
-5.305625
-6.325
-7.90375
-9.26875
-9.36125
-9.5525
-8.43125
-6.736875
-5.965
-4.164375
-2.89875
-2.12625
-0.971875
-1.199375
-2.12125
-3.935
-5.175625
-6.440625
-7.369375
-7.05625
-8.04625
-8.41125
-7.909375
-7.489375
-5.97
-4.25
-3.565
-3.39125
-3.14625
-3.378125
-3.65625
-3.45625
-4.13625
-4.13875
-3.1
-2.574375
-1.981875
-2.180625
-2.92625
-3.775625
-3.6375
-3.2075
-2.713125
-2.345
-2.475
-2.846875
-3.79
-3.934375
-4.195625
-4.074375
-3.26875
-3.0475
-2.82625
-2.75
-3.37375
-3.78375
-4.554375
-5.3375
-4.900625
-3.810625
-1.999375
-0.11125
0.249375
-0.123125
-1.4375
-3.244375
-3.52375
-3.5325
-2.495625
-1.1875
-1.415
-2.215
-3.3625
-4.458125
-4.25125
-3.6625
-3.116875
-2.88375
-3.3625
-3.881875
-5.280625
-6.1575
-6.430625
-7.064375
-6.8925
-6.29
-6.254375
-5.914375
-5.415625
-5.424375
-5.695625
-5.14
-4.529375
-4.639375
-4.615
-5.89375
-6.82875
-6.904375
-6.7075
-5.17375
-4.75625
-4.76375
-4.064375
-4.68
-4.9575
-4.375625
-4.500625
-3.64
-2.7075
-2.855
-3.808125
-5.195625
-6.434375
-6.9975
-6.65625
-6.30875
-5.8125
-5.368125
-4.580625
-3.68875
-3.09625
-2.688125
-2.530625
-2.594375
-2.13625
-2.125
-2.305
-3.18625
-4.331875
-4.93
-5.481875
-4.74375
-3.85875
-2.94375
-1.923125
-1.046875
-0.678125
-0.44625
-1.29625
-2.920625
-3.99125
-4.89875
-3.95375
-2.13375
-1.24125
-0.675
-1.855
-4.11625
-5.900625
-7.978125
-8.59875
-8.73125
-8.1725
-6.39375
-5.168125
-2.86125
-1.476875
-1.77875
-2.240625
-3.741875
-4.64875
-4.633125
-4.46375
-4.553125
-4.748125
-4.94125
-5.535625
-5.754375
-5.78
-5.65875
-5.258125
-4.915
-5.55125
-6.486875
-7.0725
-7.973125
-8.134375
-7.98625
-8.713125
-8.96875
-9.344375
-9.115
-8.3725
-7.095625
-5.8575
-6.206875
-5.6725
-5.725
-5.58
-4.71
-4.66375
-4.71
-4.803125
-4.63875
-4.781875
-5.610625
-5.91
-5.715
-5.2125
-3.819375
-3.368125
-3.766875
-4.24
-4.659375
-4.589375
-4.131875
-3.6
-2.92
-2.136875
-1.42
-0.703125
-1.07875
-2.41625
-4.808125
-6.818125
-7.725
-7.171875
-5.686875
-5.07625
-4.708125
-5.8
-6.280625
-6.696875
-7.74
-7.514375
-7.785
-7.470625
-5.854375
-5.3175
-4.8975
-4.015
-4.59125
-4.255625
-3.721875
-3.77375
-3.319375
-3.50875
-4.348125
-5.185
-5.875
-5.850625
-5.3525
-5.36625
-5.378125
-5.594375
-6.181875
-5.888125
-5.5925
-5.534375
-4.8475
-4.5325
-3.84875
-3.7925
-3.71375
-3.74875
-4.37625
-3.715
-3.275625
-2.71
-1.34125
-1.074375
-1.15875
-1.335625
-2.675
-3.466875
-4.52625
-6.27125
-7.585625
-9.334375
-10.005625
-9.5725
-8.838125
-7.77625
-7.791875
-7.740625
-7.25875
-6.005
-4.2125
-3.24125
-2.660625
-3.62375
-4.048125
-3.905625
-4.725625
-4.001875
-3.435
-3.295625
-2.105
-1.99375
-3.03625
-3.476875
-4.468125
-4.836875
-3.80625
-3.768125
-2.839375
-2.655625
-3.145625
-2.72875
-2.93125
-2.355625
-2.46375
-2.845625
-3.505625
-4.55
-4.495
-4.13125
-3.2575
-2.788125
-2.3275
-2.125
-2.080625
-1.48875
-1.9875
-3.118125
-4.756875
-6.24875
-6.64125
-5.79125
-4.14625
-3.00875
-1.88
-2.065625
-2.531875
-2.85125
-3.340625
-2.964375
-2.748125
-2.645625
-3.65625
-4.4725
-5.79
-6.4225
-5.400625
-4.94875
-3.45125
-2.8825
-3.67875
-4.925
-7.1
-8.810625
-9.556875
-9.69
-8.586875
-7.134375
-6.071875
-4.470625
-3.64125
-3.183125
-2.305625
-1.659375
-1.93375
-2.565625
-3.511875
-4.881875
-5.33125
-4.768125
-4.414375
-4.525625
-3.906875
-3.875
-3.516875
-2.569375
-2.65375
-3.084375
-3.678125
-4.06625
-3.770625
-3.65125
-3.578125
-3.59125
-4.426875
-4.01
-4.12
-4.316875
-3.521875
-3.90875
-3.149375
-2.430625
-3.026875
-3.09
-3.72625
-4.530625
-3.918125
-3.1275
-2.14625
-0.82875
-0.498125
-0.500625
-1.11625
-2.068125
-2.4325
-2.9325
-3.01
-2.610625
-2.385
-2.609375
-2.521875
-3.27375
-4.105625
-4.175625
-4.6375
-4.038125
-4.24875
-4.38625
-4.37
-5.56375
-5.268125
-4.71875
-4.898125
-4.24125
-4.213125
-5.358125
-5.520625
-5.266875
-4.99
-3.354375
-1.7125
-1.37375
-0.991875
-1.711875
-2.9625
-2.985
-4.046875
-4.26125
-4.39375
-5.37375
-4.93125
-5.67375
-6.30125
-5.881875
-5.9625
-4.3425
-2.2925
-1.2475
-0.161875
-0.42125
-1.110625
-2.03125
-2.755
-2.62625
-2.695625
-1.305625
-0.00875
0.609375
0.695625
-0.56125
-2.079375
-3.415
-4.0225
-3.975625
-3.885625
-4.245625
-4.601875
-4.991875
-5.308125
-4.706875
-3.738125
-3.165625
-2.593125
-2.38125
-2.908125
-3.59625
-4.09375
-5.07375
-5.18625
-5.31
-6.06875
-6.054375
-6.8875
-6.851875
-6.071875
-5.5125
-4.60375
-4.078125
-3.8525
-3.663125
-3.47375
-3.641875
-4.58625
-5.441875
-6.349375
-6.956875
-6.311875
-5.685625
-4.9475
-3.965
-3.838125
-4.04625
-4.47125
-5.389375
-5.48625
-5.34625
-4.37
-3.265
-2.98375
-2.72125
-3.0875
-3.710625
-3.429375
-3.3
-3.953125
-4.346875
-5.444375
-6.293125
-6.259375
-5.891875
-5.471875
-5.83125
-5.95125
-6.715625
-7.1075
-6.189375
-5.47
-4.009375
-2.929375
-2.578125
-2.72
-3.50625
-4.093125
-4.408125
-4.849375
-4.2675
-3.35875
-3.4275
-2.529375
-2.8575
-3.699375
-3.9125
-4.275
-4.38125
-4.390625
-4.249375
-4.9275
-4.80375
-5.430625
-5.4425
-5.524375
-6.11375
-5.82625
-6.3975
-5.7875
-5.25125
-4.180625
-3.235625
-2.84125
-2.474375
-3.321875
-3.26125
-3.9925
-4.93375
-5.285625
-5.786875
-4.8475
-3.59625
-2.140625
-1.389375
-1.806875
-2.435625
-2.83625
-3.165625
-3.644375
-4.365625
-6.3375
-7.63125
-8.38625
-8.85875
-8.023125
-7.886875
-7.1375
-5.515
-4.731875
-4.07375
-4.02875
-4.76
-4.460625
-3.77125
-3.54625
-3.728125
-4.715625
-5.35375
-5.67625
-5.23125
-4.786875
-5.19
-4.714375
-4.519375
-4.090625
-3.015
-2.860625
-3.499375
-4.614375
-5.93
-7.593125
-8.269375
-8.480625
-8.3675
-6.905625
-5.358125
-4.24375
-3.614375
-4.106875
-5.690625
-6.285625
-6.02125
-5.33
-3.36625
-2.776875
-3.54125
-4.495
-5.751875
-5.85375
-4.569375
-2.939375
-1.71
-0.848125
-0.82875
-1.114375
-1.37375
-1.3925
-1.13125
-1.515625
-1.81125
-3.35
-5.735625
-6.618125
-7.4525
-7.360625
-5.735
-5.855625
-5.48375
-5.11
-6.345625
-5.926875
-6.493125
-6.2475
-5.045625
-4.829375
-4.391875
-4.963125
-5.685
-5.899375
-5.269375
-4.251875
-2.653125
-1.499375
-0.91875
-1.235625
-2.86375
-4.109375
-5.93625
-7.05625
-6.9075
-6.87
-5.971875
-4.394375
-3.745625
-3.55875
-4.079375
-5.325625
-5.96125
-6.2725
-5.7275
-5.495625
-5.85375
-6.428125
-7.761875
-8.376875
-8.124375
-6.965
-4.7675
-3.5625
-2.983125
-3.228125
-4.17375
-4.42625
-4.5525
-5.028125
-5.84375
-6.779375
-7.544375
-7.036875
-6.24375
-5.4875
-4.635625
-5.096875
-5.938125
-6.20625
-6.813125
-6.2575
-4.660625
-3.645625
-3.286875
-3.700625
-4.42
-5.255625
-5.264375
-4.844375
-5.154375
-4.5875
-4.1175
-3.740625
-2.76
-3.08125
-2.769375
-2.7125
-3.088125
-2.4975
-2.54
-2.505625
-2.65
-2.81375
-2.8975
-3.566875
-3.028125
-3.46875
-4.80125
-4.94125
-6.53875
-7.405
-6.65375
-6.5925
-5.791875
-4.653125
-4.31375
-3.740625
-3.2275
-3.2725
-3.32375
-3.491875
-2.88875
-1.678125
-1.180625
-0.874375
-2.110625
-4.4475
-6.168125
-8.23625
-8.96
-8.250625
-7.44625
-6.105
-5.13875
-5.06125
-4.83125
-4.599375
-4.955
-5.840625
-6.4125
-6.885625
-7.51
-7.64625
-8.861875
-9.543125
-8.951875
-7.42375
-4.46875
-2.728125
-1.52125
-1.0225
-1.775
-1.596875
-1.74125
-2.4325
-2.685625
-3.05625
-3.735625
-4.150625
-4.1575
-4.198125
-4.079375
-3.291875
-3.259375
-4.25625
-4.578125
-5.8725
-6.400625
-5.825
-5.3725
-3.82125
-2.804375
-2.3325
-2.486875
-3.903125
-5.0125
-5.849375
-6.6175
-6.026875
-5.7375
-5.448125
-4.879375
-4.865625
-5.394375
-5.29
-4.72125
-4.350625
-2.75375
-2.150625
-2.625
-3.025625
-3.999375
-4.981875
-4.62125
-4.186875
-3.70625
-2.699375
-2.67625
-3.16125
-3.665
-3.94375
-4.288125
-3.7575
-3.37875
-3.3075
-2.535
-2.864375
-3.379375
-4.2125
-5.19
-4.87875
-3.823125
-2.52375
-1.428125
-1.5875
-2.828125
-3.75875
-5.16375
-5.61375
-4.960625
-4.9275
-4.395
-3.85625
-3.88875
-3.176875
-2.148125
-2.263125
-2.263125
-2.77125
-4.088125
-3.674375
-3.22
-2.99375
-1.784375
-1.6125
-1.24375
-0.630625
-0.678125
-0.6025
-1.0425
-1.065625
-1.011875
-1.095
-1.24125
-1.746875
-2.265
-2.555625
-1.931875
-1.54
-1.101875
-1.060625
-2.3225
-3.311875
-4.603125
-5.97375
-5.935
-5.936875
-5.566875
-4.91625
-5.62625
-6.504375
-7.27125
-7.939375
-7.555
-7.21625
-6.8175
-5.686875
-4.86875
-3.073125
-2.06875
-2.369375
-2.353125
-3.4825
-3.819375
-3.643125
-4.1075
-4.19
-4.651875
-5.1525
-5.123125
-5.6325
-5.75125
-4.84875
-4.16875
-2.95
-1.905
-1.899375
-2.625625
-3.351875
-4.164375
-5.1875
-4.874375
-3.640625
-2.28375
-1.075625
-0.3975
-0.9475
-1.99625
-2.411875
-3.768125
-4.89125
-6.17125
-7.608125
-7.588125
-7.22875
-5.96
-4.848125
-4.289375
-4.069375
-3.9775
-3.631875
-3.7
-4.42625
-5.85125
-7.471875
-8.865625
-9.15625
-9.050625
-8.475
-7.358125
-6.205625
-4.591875
-2.90875
-2.094375
-2.09375
-2.84375
-4.695625
-5.63625
-5.61125
-5.3875
-4.65125
-5.08125
-6.459375
-7.685
-8.0825
-7.9475
-7.231875
-5.83875
-5.655625
-4.839375
-4.7875
-5.318125
-5.0975
-5.099375
-4.186875
-4.1475
-4.159375
-4.37875
-4.516875
-2.950625
-1.935625
-0.939375
-1.1375
-2.8225
-4.2825
-5.84375
-6.78375
-7.534375
-7.7
-7.745625
-7.025625
-5.323125
-3.700625
-2.53
-1.659375
-1.918125
-2.931875
-3.4825
-4.355625
-4.033125
-3.245
-2.16625
-1.190625
-1.2425
-1.6325
-2.99
-4.6775
-6.446875
-7.71625
-7.793125
-7.06875
-4.991875
-3.135625
-1.903125
-0.915
-1.271875
-1.0775
-1.415
-1.86875
-2.398125
-3.595625
-3.5775
-4.4075
-4.590625
-4.614375
-6.00125
-5.925
-5.718125
-5.59
-4.635
-4.81125
-4.774375
-4.898125
-4.739375
-4.0125
-4.541875
-4.989375
-5.51625
-5.315625
-4.13875
-2.615
-1.796875
-2.316875
-3.321875
-4.5125
-5.055
-5.259375
-5.19125
-5.945625
-6.9425
-7.32875
-7.44125
-5.93125
-4.11375
-2.495
-1.520625
-1.4625
-2.475625
-4.253125
-5.563125
-7.15125
-7.453125
-6.968125
-6.676875
-5.545
-5.13875
-4.9475
-4.659375
-5.008125
-5.63
-6.249375
-6.065
-5.7825
-4.344375
-2.739375
-2.31375
-2.07375
-2.764375
-3.54875
-3.7725
-3.341875
-2.475
-2.146875
-1.813125
-2.04625
-2.708125
-2.905625
-3.169375
-3.695625
-3.734375
-3.383125
-3.354375
-2.484375
-1.973125
-1.660625
-1.200625
-1.365625
-1.10375
-0.8425
-1.21
-1.903125
-3.179375
-4.790625
-4.94625
-4.313125
-3.334375
-2.616875
-3.355
-4.005
-4.6125
-5.028125
-4.13125
-3.595
-3.129375
-2.458125
-2.30375
-2.7825
-3.714375
-4.638125
-5.720625
-5.89625
-5.42125
-5.095
-4.72625
-4.853125
-5.033125
-4.56625
-4.173125
-3.3375
-3.068125
-3.64625
-4.20125
-5.348125
-6.119375
-6.69
-6.96875
-6.87625
-7.21375
-6.62625
-6.424375
-5.3
-2.93375
-1.506875
-0.71375
-1.615
-4.04125
-6.1875
-7.055625
-6.8025
-5.203125
-3.9525
-3.020625
-2.20625
-2.326875
-2.034375
-2.104375
-2.66
-2.565625
-2.601875
-2.15125
-1.925
-2.4525
-3.3325
-5.165
-5.7875
-6.375
-6.160625
-5.028125
-5.20875
-4.648125
-4.9025
-5.699375
-5.2875
-5.11875
-4.444375
-3.0425
-2.568125
-1.79875
-2.02375
-2.89
-3.434375
-4.6425
-4.61875
-4.361875
-4.528125
-5.035625
-6.2425
-7.603125
-7.929375
-6.96625
-5.890625
-4.710625
-4.16375
-4.3175
-4.310625
-3.861875
-3.339375
-3.2625
-3.189375
-3.43875
-4.46875
-5.001875
-5.434375
-5.9925
-5.136875
-4.61
-3.850625
-3.63375
-4.9275
-5.330625
-5.565
-5.08125
-3.696875
-2.898125
-2.98875
-3.05625
-3.16875
-4.125
-4.86
-6.419375
-7.640625
-7.248125
-6.519375
-4.88375
-3.8075
-4.33875
-5.576875
-6.729375
-7.46875
-6.674375
-5.244375
-4.746875
-4.37625
-5.36875
-6.398125
-6.583125
-6.686875
-6.0975
-5.725
-5.55375
-5.705
-6.075
-6.288125
-6.265625
-6.553125
-6.066875
-4.850625
-3.823125
-2.36
-1.97625
-2.895625
-4.8525
-6.705
-7.62875
-7.40625
-5.724375
-3.814375
-2.825
-2.99
-3.734375
-4.694375
-5.355
-4.806875
-4.71625
-5.05875
-5.0875
-5.599375
-5.464375
-5.256875
-4.553125
-4.54375
-4.055625
-2.965625
-3.19
-2.864375
-3.573125
-5.373125
-5.74
-5.549375
-4.393125
-1.89
-0.603125
-0.43125
-1.74625
-3.813125
-5.755
-7.011875
-7.191875
-6.98125
-5.68
-4.635
-3.1575
-2.294375
-2.76125
-2.65875
-3.8675
-4.471875
-4.73
-5.559375
-4.855
-4.636875
-3.824375
-2.830625
-2.94625
-2.691875
-2.581875
-3.155625
-3.42375
-3.51375
-3.8875
-3.628125
-3.390625
-3.649375
-3.861875
-3.250625
-2.945
-2.56375
-2.299375
-2.969375
-2.54
-2.495625
-2.334375
-1.944375
-3.15
-3.355625
-3.444375
-3.65875
-2.218125
-1.67875
-1.8375
-2.370625
-4.235
-5.296875
-5.005625
-4.774375
-4.374375
-4.445625
-5.53
-6.120625
-5.54875
-5.18625
-5.113125
-4.510625
-5.054375
-5.098125
-4.22125
-4.285
-4.646875
-5.170625
-6.125
-6.360625
-5.61375
-4.983125
-4.00625
-4.120625
-4.604375
-5.40125
-7.3075
-7.559375
-7.5675
-6.475
-3.650625
-1.74125
-0.260625
-0.241875
-1.46625
-2.8225
-4.0525
-4.54875
-4.804375
-5.37
-5.47
-4.761875
-3.741875
-2.15875
-0.838125
-0.766875
-0.933125
-1.355625
-2.113125
-2.645
-3.223125
-3.43125
-3.680625
-3.069375
-2.22125
-1.549375
-0.6675
-0.738125
-1.77125
-2.74625
-4.1775
-5.188125
-4.845625
-5.2825
-4.435625
-3.88875
-3.923125
-2.6475
-2.610625
-2.013125
-1.225
-1.895625
-1.965
-2.7375
-3.89125
-3.313125
-3.07125
-2.829375
-2.323125
-3.196875
-4.17625
-4.54875
-4.995
-4.689375
-3.5275
-2.91625
-2.37875
-2.07125
-2.655
-2.348125
-1.776875
-1.965
-1.844375
-3.0225
-4.581875
-5.451875
-6.15375
-5.543125
-5.375
-4.56
-4.355
-4.9
-4.1325
-4.445
-4.26375
-4.481875
-5.5425
-5.736875
-5.655625
-5.156875
-5.108125
-6.1475
-7.5625
-8.066875
-7.809375
-6.36625
-4.93375
-4.695
-4.325625
-4.32
-4.08625
-3.741875
-3.30125
-3.14375
-2.964375
-1.75
-1.17625
-0.788125
-0.51125
-1.77
-2.374375
-2.735625
-3.210625
-2.634375
-3.375625
-4.429375
-5.7975
-7.143125
-6.830625
-5.60625
-4.305
-3.6075
-4.22125
-5.7575
-6.403125
-6.495625
-5.99875
-4.84875
-4.48125
-4.43125
-3.933125
-3.76375
-3.895625
-3.764375
-3.774375
-3.29375
-2.340625
-1.590625
-1.713125
-2.3425
-3.136875
-3.800625
-3.779375
-4.2575
-3.76875
-4.175625
-4.78
-4.491875
-5.666875
-5.42375
-5.441875
-6.255625
-5.763125
-6.1825
-6.3675
-5.5375
-6.021875
-5.859375
-4.87
-4.80125
-3.41
-2.708125
-2.853125
-2.61625
-3.48125
-3.9725
-4.531875
-4.444375
-3.475625
-3.254375
-2.848125
-3.894375
-5.578125
-6.080625
-6.235
-4.851875
-3.08125
-1.77
-0.779375
-1.09375
-1.6725
-2.291875
-2.9325
-2.7875
-2.56875
-2.4125
-2.644375
-2.919375
-3.114375
-3.225
-3.0125
-2.58
-2.116875
-2.175625
-2.046875
-2.8075
-4.450625
-5.59375
-6.63375
-6.798125
-5.96875
-4.766875
-3.988125
-3.709375
-3.484375
-3.85375
-3.766875
-3.555625
-3.9025
-3.6375
-4.071875
-5.1875
-5.523125
-6.0575
-5.716875
-3.916875
-2.315625
-1.635625
-2.109375
-4.1375
-6.283125
-7.69875
-8.349375
-7.725625
-7.249375
-6.4025
-5.02625
-3.83625
-2.874375
-2.225625
-2.79125
-4.480625
-5.683125
-7.274375
-8.33125
-7.764375
-7.265625
-6.104375
-4.414375
-3.975625
-4.014375
-4.0025
-4.350625
-4.533125
-3.994375
-3.726875
-3.599375
-2.925625
-2.971875
-3.245625
-3.07375
-2.615625
-1.248125
0.20875
0.643125
-0.2525
-2.005625
-4.138125
-5.004375
-4.44625
-4.19375
-3.1275
-2.84375
-3.219375
-2.505625
-2.82625
-2.98375
-3.018125
-3.908125
-3.82125
-3.978125
-4.4425
-4.01125
-3.814375
-3.594375
-3.915625
-4.5625
-5.568125
-6.00375
-5.166875
-4.520625
-3.079375
-1.681875
-0.443125
0.36125
-0.308125
-2.086875
-4.555
-6.46
-7.07
-6.14625
-4.6075
-2.965625
-1.918125
-1.526875
-1.56
-2.07875
-1.91125
-2.193125
-2.385625
-1.8725
-1.898125
-1.478125
-1.43625
-2.625625
-4.279375
-5.77125
-6.73
-6.6875
-5.37625
-4.488125
-4.076875
-3.33
-3.894375
-4.193125
-3.7525
-4.700625
-5.119375
-5.449375
-6.169375
-5.61625
-4.378125
-3.275625
-2.711875
-2.700625
-3.3225
-4.7775
-4.9175
-5.278125
-6.271875
-6.0875
-7.4575
-8.444375
-8.524375
-8.54375
-6.979375
-4.839375
-2.730625
-1.85875
-2.4475
-3.941875
-5.6125
-5.749375
-5.223125
-4.91875
-4.63
-5.704375
-6.1675
-5.6525
-5.188125
-3.4575
-2.965625
-2.5075
-2.78125
-4.04875
-4.05
-4.64
-3.6925
-2.605
-2.47
-2.53875
-4.12
-4.899375
-5.500625
-5.451875
-4.795
-4.52875
-4.135
-4.234375
-3.386875
-2.920625
-2.67625
-2.003125
-2.9275
-4.2425
-4.56375
-5.400625
-5.428125
-4.293125
-4.046875
-3.290625
-2.6025
-2.686875
-2.845
-3.868125
-5.03375
-6.17625
-7.061875
-6.635
-5.325625
-3.298125
-1.646875
-0.72125
-0.4475
-1.4875
-2.43
-3.128125
-3.98625
-4.08875
-3.5225
-3.27875
-3.256875
-2.9475
-2.8975
-2.91375
-2.5175
-1.908125
-1.8775
-2.269375
-2.580625
-3.50125
-3.738125
-2.558125
-1.569375
-1.2675
-1.45875
-2.5275
-3.85
-3.5925
-3.313125
-3.320625
-3.39375
-5.019375
-6.30625
-7.453125
-7.66125
-6.289375
-4.895625
-3.28125
-3.064375
-4.298125
-6.304375
-7.84625
-7.995
-6.85
-4.659375
-3.449375
-3.469375
-4.46375
-6.059375
-6.431875
-5.259375
-4.2375
-2.941875
-2.426875
-3.156875
-3.25
-3.99625
-5.301875
-5.9775
-6.165
-5.784375
-4.09125
-3.544375
-3.671875
-3.629375
-4.3125
-4.1125
-4.504375
-4.75875
-4.893125
-4.498125
-3.101875
-2.638125
-2.241875
-2.65875
-3.8475
-4.47125
-5.541875
-6.509375
-6.459375
-6.180625
-5.054375
-3.63
-3.18125
-2.5925
-2.57375
-2.8925
-2.863125
-3.8275
-4.438125
-5.25125
-6.335625
-6.08
-6.015
-4.849375
-3.07125
-2.124375
-1.884375
-2.300625
-3.128125
-3.971875
-4.2075
-4.8925
-5.565
-6.265
-6.864375
-7.145625
-7.369375
-6.991875
-6.0775
-5.379375
-4.248125
-4.256875
-5.194375
-5.584375
-6.598125
-6.853125
-6.77
-6.960625
-7.145625
-7.160625
-6.490625
-5.578125
-4.37
-3.14125
-2.905
-2.91125
-3.566875
-4.465
-4.598125
-4.975
-4.664375
-4.490625
-5.000625
-5.479375
-6.15875
-6.37375
-6.005
-4.9675
-3.546875
-2.644375
-2.238125
-2.473125
-3.098125
-3.335625
-3.89875
-4.091875
-4.225
-4.751875
-3.93875
-3.495625
-2.99625
-2.764375
-3.66375
-4.709375
-5.3125
-5.6
-5.416875
-4.999375
-5.47125
-4.990625
-5.02125
-4.41625
-3.421875
-3.665625
-3.259375
-3.454375
-3.458125
-3.396875
-3.754375
-4.15625
-5.003125
-4.676875
-4.036875
-2.883125
-1.52375
-1.34375
-2.01375
-3.71
-4.9825
-6.15875
-6.741875
-6.249375
-6.438125
-5.68625
-4.358125
-3.289375
-1.609375
-0.670625
-0.863125
-1.91375
-3.704375
-5.36875
-5.68625
-5.3425
-4.785
-4.129375
-4.131875
-3.436875
-1.86625
-0.9325
-0.719375
-1.32
-3.379375
-4.835625
-5.43125
-5.836875
-4.9
-4.114375
-3.103125
-2.239375
-1.643125
-1.00625
-0.8425
-0.906875
-2.054375
-3.701875
-5.935
-7.925
-9.103125
-9.40875
-8.475625
-7.704375
-6.834375
-5.90375
-6.36875
-5.915625
-4.854375
-4.25375
-2.1975
-0.90875
-1.1325
-1.734375
-2.766875
-4.0075
-3.8275
-3.13625
-3.25125
-2.973125
-3.146875
-3.42625
-2.78875
-2.88125
-3.415
-4.054375
-5.053125
-5.436875
-5.67
-5.691875
-6.346875
-6.19
-5.54625
-5.335625
-4.491875
-4.590625
-5.681875
-6.59625
-6.8775
-7.209375
-6.076875
-3.988125
-2.78625
-1.288125
-1.17875
-2.680625
-4.035625
-6.021875
-7.393125
-7.95875
-8.41625
-7.724375
-7.09
-6.455625
-5.8225
-6.395625
-6.620625
-6.230625
-5.598125
-4.073125
-3.13375
-3.27375
-3.465625
-3.77375
-3.844375
-3.4425
-3.665625
-4.773125
-5.99125
-6.44625
-6.679375
-5.73125
-5.00375
-5.826875
-5.98125
-6.33
-5.640625
-3.516875
-1.849375
-0.445
-0.123125
-0.339375
-0.555625
-1.6625
-2.32375
-3.594375
-4.631875
-4.20625
-3.61875
-2.35375
-1.629375
-1.323125
-1.83
-2.405
-2.598125
-3.8
-4.14125
-4.83125
-5.39875
-5.055625
-4.491875
-3.69625
-3.9075
-3.94375
-5.03875
-6.01875
-6.031875
-6.540625
-6.361875
-6.541875
-6.66625
-6.719375
-7.250625
-7.409375
-7.34
-6.388125
-5.2375
-4.285625
-4.108125
-4.5825
-4.8075
-5.390625
-5.34
-5.80875
-5.79375
-4.620625
-3.79375
-2.47
-2.25125
-3.4925
-4.496875
-5.256875
-5.153125
-3.39875
-1.835
-0.62375
0.524375
-0.170625
-1.2475
-2.5825
-4.54375
-5.1525
-4.99
-4.52
-3.32
-2.60875
-2.294375
-1.66875
-1.736875
-1.339375
-1.855
-2.88375
-3.941875
-6.185
-7.138125
-7.685
-7.89875
-6.5225
-5.788125
-5.20625
-4.394375
-4.474375
-3.84
-3.616875
-3.988125
-4.860625
-6.616875
-7.46125
-7.12125
-5.8725
-4.181875
-3.186875
-3.3375
-4.291875
-5.345
-6.601875
-7.525
-7.05125
-5.746875
-4.153125
-2.115
-1.379375
-1.375625
-0.9525
-1.52375
-2.155
-3.018125
-4.875
-5.77625
-5.5225
-5.106875
-3.61625
-3.150625
-4.208125
-5.526875
-7.669375
-8.619375
-7.949375
-6.50625
-6.50625
-6.50625
-6.50625
