3.125
3.125
3.125
3.125
3.0875
3.41875
3.74375
3.69375
3.8625
3.30625
2.74375
2.425
2.06875
2.0375
2.19375
2.6625
3.56875
4.46875
5.36875
5.725
5.4625
5.6875
5.375
5.0625
4.9375
3.96875
3.35625
3.10625
2.89375
3.3
3.84375
4.14375
4.5375
4.7375
4.8375
4.99375
5.05
4.9875
4.825
4.55625
4.025
3.475
2.86875
2.66875
2.69375
2.79375
3.1625
2.94375
3.20625
3.50625
3.46875
3.725
3.175
2.6125
2.275
1.9375
2.325
2.775
3.55
4.325
4.38125
4.3875
3.63125
2.9875
2.8375
2.64375
3.06875
3.45
3.9125
4.60625
4.85625
5.0375
4.59375
4.0
3.7875
3.34375
3.3125
3.025
2.65
2.55625
2.7
3.1
3.43125
3.7125
3.725
3.7
3.675
3.7625
3.80625
3.85
3.6625
3.6125
3.7375
4.0125
4.7875
4.95
5.15
5.19375
4.66875
4.86875
4.48125
3.9125
3.8375
2.99375
2.81875
3.2375
3.56875
4.30625
4.88125
4.8375
4.43125
4.06875
3.65625
3.41875
3.69375
4.2875
4.65
5.3
5.475
5.06875
4.84375
4.36875
4.40625
4.525
4.8625
4.8
4.36875
4.025
3.3125
3.0375
2.8375
2.95
3.40625
4.04375
4.575
4.84375
5.0625
4.95625
5.01875
5.225
5.10625
4.98125
4.61875
3.70625
3.375
3.30625
3.775
4.84375
5.55
6.10625
6.3
6.3
6.3
6.3
6.3
6.15
6.0
5.85
5.7
5.7
5.7
5.55
5.4
5.25
5.1
5.1
5.1
5.1
5.1
5.1
5.1
5.1
5.1
5.1
5.1
5.1
5.1
5.24375
5.1375
5.25
5.3625
5.19375
5.3125
5.14375
4.79375
4.53125
4.3
4.20625
4.06875
4.16875
4.13125
4.025
4.40625
4.6375
4.96875
5.44375
5.58125
5.45625
5.3
4.59375
4.18125
4.21875
4.075
4.34375
3.9875
3.375
2.9
2.675
3.10625
3.78125
4.5
4.70625
4.6
3.91875
3.2375
3.06875
2.81875
3.075
3.3375
3.26875
3.34375
3.24375
3.1375
3.14375
3.29375
3.725
4.375
4.76875
5.025
4.81875
4.325
4.04375
3.825
3.8125
3.75625
3.89375
3.925
3.76875
3.68125
3.2625
2.84375
2.9125
3.2875
3.8125
4.15
4.15625
3.64375
3.11875
3.2625
3.6
4.4375
5.43125
5.8375
5.875
5.425
4.68125
4.06875
3.69375
3.74375
3.9375
4.05
4.18125
3.94375
3.91875
4.09375
4.00625
4.15
3.8625
3.3625
3.225
3.225
3.40625
3.58125
3.475
3.15625
3.025
2.95625
2.975
2.875
2.875
2.98125
3.1
3.55
3.63125
4.0125
4.5125
4.65
4.6125
3.81875
2.94375
2.25
2.08125
2.49375
3.1125
3.875
4.225
4.2125
3.9375
3.33125
3.2
3.43125
3.68125
4.525
4.7875
5.0875
5.55625
5.4
5.74375
5.65
5.1375
4.65625
3.9625
3.5625
3.6375
4.0875
4.4625
4.50625
4.33125
4.1875
4.125
4.3625
4.6625
4.38125
4.15
4.0125
3.84375
4.4
4.65
4.8375
4.84375
4.04375
3.5375
3.1
2.8
2.98125
3.125
2.7625
2.8875
2.9375
2.9375
3.44375
3.29375
3.21875
3.225
2.94375
2.725
2.73125
2.81875
3.26875
3.825
4.11875
4.1375
3.83125
3.90625
3.725
3.7375
3.925
3.4875
3.35
3.18125
2.875
3.0
3.08125
3.2625
3.61875
3.975
4.275
4.31875
4.15
3.55
3.16875
2.89375
2.79375
2.975
3.1
3.64375
4.05
4.6125
5.05625
4.975
4.8
4.275
3.7375
3.20625
3.06875
3.54375
3.54375
3.54375
3.54375
