-0.519375
-0.519375
-0.519375
-0.519375
-0.57125
-0.51375
-0.435625
-0.35
-0.239375
-0.125
-0.110625
-0.11625
-0.22
-0.41375
-0.52625
-0.5175
-0.42875
-0.2175
-0.02625
-0.0975
-0.21125
-0.4475
-0.645
-0.68125
-0.6275
-0.5225
-0.3675
-0.2525
-0.1675
0.07875
0.24625
0.42875
0.53875
0.36875
0.11375
-0.13625
-0.386875
-0.53125
-0.603125
-0.67
-0.583125
-0.3225
-0.036875
0.24375
0.27375
0.0725
-0.15375
-0.23875
-0.13625
-0.015
0.18
0.09875
-0.09
-0.193125
-0.3575
-0.38125
-0.34
-0.323125
-0.3775
-0.400625
-0.429375
-0.458125
-0.344375
-0.304375
-0.233125
-0.15375
-0.145625
-0.100625
-0.0925
-0.100625
-0.10875
-0.04375
0.11375
0.27375
0.43375
0.423125
0.190625
-0.03625
-0.263125
-0.3975
-0.273125
-0.155
-0.000625
0.3175
0.376875
0.57125
0.693125
0.5025
0.429375
0.11875
-0.125
-0.1825
-0.208125
-0.01625
0.043125
0.129375
0.1875
0.093125
0.129375
0.033125
-0.055
-0.164375
-0.26
-0.16
-0.06
0.08
0.135
-0.04125
-0.241875
-0.40625
-0.485625
-0.34875
-0.18
0.1125
0.325625
0.3525
0.383125
0.18625
0.034375
-0.03875
0.011875
0.10625
0.17875
0.25125
0.17625
0.29125
0.42
0.585
0.64
0.4975
0.36875
0.26
0.279375
0.279375
0.294375
0.196875
0.130625
0.136875
0.0775
-0.004375
-0.03875
-0.064375
-0.053125
0.0425
-0.030625
0.02
0.03625
0.035
0.118125
-0.049375
-0.11125
-0.02
0.0225
0.178125
0.20875
-0.023125
-0.12125
-0.216875
-0.125
0.063125
0.0875
0.16
-0.0475
-0.2375
-0.275625
-0.32
-0.151875
0.048125
0.101875
0.034375
-0.006875
-0.078125
-0.03375
0.101875
0.08875
0.08125
-0.005625
-0.093125
-0.160625
-0.228125
-0.129375
-0.048125
0.069375
0.229375
0.1675
0.1175
0.034375
-0.09125
-0.16125
-0.225
-0.259375
-0.29375
-0.218125
-0.10625
0.12625
0.31
0.384375
0.3875
0.145
-0.07125
-0.25125
-0.41625
-0.44625
-0.29
-0.04125
0.1975
0.41125
0.32
0.04375
-0.179375
-0.3225
-0.275625
-0.185
-0.050625
-0.02625
0.041875
0.170625
0.19
0.343125
0.274375
0.188125
0.138125
-0.075625
-0.165625
-0.27875
-0.440625
-0.520625
-0.595
-0.533125
-0.4025
-0.284375
-0.160625
-0.15
-0.179375
-0.150625
-0.090625
-0.084375
0.070625
0.176875
0.209375
0.28125
0.115625
-0.05
-0.190625
-0.29125
-0.303125
-0.315
-0.303125
-0.33125
-0.319375
-0.344375
-0.344375
-0.324375
-0.366875
-0.378125
-0.46875
-0.553125
-0.493125
-0.4275
-0.319375
-0.2175
-0.290625
-0.36375
-0.436875
-0.51
-0.51
-0.52875
-0.5475
-0.5725
-0.61625
-0.6225
-0.635
-0.65375
-0.635
-0.64125
-0.635
-0.591875
-0.5675
-0.5275
-0.5125
-0.54625
-0.58
-0.58
-0.58
-0.58
