0.727125
0.727125
0.727125
0.727125
0.7696875
0.8171875
0.900375
0.947125
0.9344375
0.9270625
0.8785
0.829
0.826
0.81275
0.785625
0.757875
0.7464375
0.7229375
0.751875
0.784875
0.7915
0.80825
0.7825
0.7584375
0.708
0.6623125
0.637875
0.6050625
0.6131875
0.6135
0.65025
0.695375
0.737625
0.826375
0.8786875
0.8861875
0.970125
0.99125
1.012375
1.1105625
1.009625
0.925
0.840375
0.7423125
0.75525
0.9026875
1.026
1.0803125
1.1735625
1.0664375
1.0074375
0.9944375
0.90625
0.8819375
0.8379375
0.8168125
0.8404375
0.8643125
0.84325
0.803625
0.7671875
0.7585625
0.8151875
0.826875
0.827
0.79175
0.70725
0.688
0.6728125
0.696375
0.7691875
0.8291875
0.865625
0.8633125
0.833
0.790875
0.7715
0.8096875
0.83
0.835125
0.8486875
0.80525
0.8076875
0.8446875
0.869875
0.9096875
0.90025
0.86725
0.8224375
0.786
0.805375
0.844875
0.885
0.93975
0.9514375
0.93125
0.92225
0.8835
0.8896875
0.8876875
0.912875
0.9139375
0.8710625
0.880625
0.8588125
0.89925
0.9251875
1.006625
1.0804375
1.1219375
1.209125
1.11925
1.0571875
1.017125
0.95675
0.99475
1.0125625
1.009625
1.0946875
1.17475
1.2438125
1.320625
1.2335
1.14625
1.089375
1.000875
0.97375
0.9456875
0.88725
0.8725625
0.863125
0.8555625
0.878375
0.856875
0.839375
0.825125
0.7955625
0.8305
0.910875
0.95875
0.98275
0.9466875
0.8516875
0.785
0.754625
0.7829375
0.82575
0.85625
0.90925
0.8814375
0.84625
0.9478125
0.990625
1.066
1.1639375
1.0264375
0.898625
0.7965625
0.68875
0.719125
0.7788125
0.8331875
0.854125
0.8285
0.8
0.869625
0.9765
1.1179375
1.235125
1.147375
1.04175
0.909125
0.7714375
0.7335625
0.7446875
0.7794375
0.8605
0.976375
1.0244375
1.0365625
0.9844375
0.8745
0.8083125
0.8063125
0.8505625
0.922
0.9853125
0.982
0.9675
0.9605625
0.9311875
0.9271875
0.935
0.915125
0.9165
0.9190625
0.8868125
0.86525
0.8086875
0.7398125
0.696625
0.6275
0.6106875
0.642375
0.6864375
0.798125
0.8629375
0.8795
0.90925
0.9025625
1.02975
1.169
1.239875
1.3055
1.172125
1.0023125
0.865625
0.7394375
0.701125
0.7356875
0.801375
0.87775
0.95425
0.9941875
0.987
0.927625
0.8319375
0.7485625
0.715375
0.714625
0.7856875
0.8121875
0.8953125
1.006375
1.0870625
1.3084375
1.3461875
1.3491875
1.342875
1.1284375
1.0138125
1.0084375
1.09525
1.273375
1.448125
1.4404375
1.2515
1.0904375
0.96
0.9091875
0.95675
0.96875
0.905
0.8213125
0.820625
0.829125
0.9054375
1.118
1.134125
1.158375
1.196375
1.010125
1.0405
1.09275
1.1080625
1.2716875
1.221875
1.1319375
1.04975
0.931375
0.9234375
0.94975
0.9410625
0.9245
0.89925
0.8619375
0.87
0.8976875
0.9198125
1.0198125
1.082375
1.1293125
1.214375
1.2165
1.254125
1.2783125
1.2318125
1.109375
0.9915
0.881
0.8243125
0.807375
0.7455
0.6969375
0.6831875
0.72975
0.8121875
0.8859375
0.8843125
0.8414375
0.7888125
0.781625
0.82
0.869625
0.950375
0.9476875
0.8985
0.8540625
0.7804375
0.7474375
0.7489375
0.791625
0.8343125
0.91475
1.01375
1.056625
1.075625
1.047375
0.971375
0.875125
0.826625
0.7674375
0.7438125
0.805
0.813125
0.8713125
0.8938125
0.831625
0.81575
0.7455
0.7284375
0.775875
0.8060625
0.8863125
0.944375
0.9698125
0.978375
0.952375
0.919375
0.875625
0.865875
0.902625
0.9271875
0.9455625
0.931875
0.83625
0.7288125
0.66725
0.6359375
0.673375
0.7536875
0.7970625
0.80225
0.8763125
0.93425
0.9921875
1.1120625
1.0655
1.006875
1.0011875
0.9203125
0.883
0.8615625
0.7711875
0.7255625
0.7325
0.7229375
0.729375
0.7026875
0.7439375
0.815375
0.9091875
1.048875
1.0124375
1.0386875
1.16925
1.276625
1.449
1.466375
1.25725
1.071375
1.0195
1.023625
1.163875
1.278625
1.1825625
1.090875
0.9646875
0.85475
0.860625
0.879375
0.914
1.0125
1.0906875
1.190375
1.278125
1.2018125
1.1274375
1.0158125
0.921625
0.8893125
0.838875
0.7825
0.7109375
0.7040625
0.7300625
0.7943125
0.845125
0.8224375
0.775
0.7125625
0.6705625
0.7025625
0.774125
0.8575
0.941375
0.94625
0.895625
0.841375
0.806125
0.8350625
0.9285
1.076
1.1759375
1.2676875
1.299375
1.18225
1.115
1.0040625
0.933
0.9415625
0.937375
0.9886875
1.0196875
1.0396875
1.0440625
0.987625
0.8991875
0.841
0.7575
0.7241875
0.851625
0.941125
1.0505625
1.1310625
0.999
0.92875
0.9061875
0.890125
0.9505
0.9356875
0.8551875
0.8091875
0.79875
0.932875
1.097625
1.215875
1.314125
1.3040625
1.2853125
1.272
1.2430625
1.1303125
1.04
1.0016875
0.9538125
0.9591875
0.951625
0.885125
0.84525
0.8393125
0.825
0.788875
0.75925
0.7534375
0.715375
0.754375
0.766375
0.7511875
0.8130625
0.8020625
0.825625
0.868
0.8885625
0.982
1.074875
1.138
1.1823125
1.175
1.1300625
1.07875
0.9803125
0.93525
0.909
0.9095
0.957125
0.9665625
0.976
0.98775
1.0356875
1.0726875
1.1935
1.2916875
1.3213125
1.3496875
1.206125
1.0725625
0.995875
0.92625
1.032875
1.140375
1.2190625
1.2963125
1.2095
1.1226875
1.0445
0.9794375
0.973
0.96225
1.031
1.102625
1.181625
1.277125
1.1955625
1.0639375
0.9695
0.8305
0.772875
0.7805
0.7718125
0.8158125
0.8716875
0.897625
0.8938125
0.873875
0.8940625
0.9596875
1.0398125
1.1090625
1.1381875
1.083875
1.0460625
1.0121875
0.9783125
1.0055625
0.9844375
0.9844375
0.9844375
0.9844375
