152.79375
152.79375
152.79375
152.79375
149.91875
142.8375
131.96875
119.50625
109.96875
109.4875
110.425
111.58125
114.25625
112.60625
120.70625
128.75
133.54375
135.86875
123.88125
117.74375
108.1625
105.0
111.49375
115.3125
131.94375
145.425
151.75
158.7625
151.20625
141.85625
134.56875
117.44375
108.46875
105.525
108.93125
122.975
138.3
142.8875
139.9625
130.81875
120.5125
121.3375
131.13125
146.88125
158.06875
165.95
165.925
160.3375
152.15625
137.79375
125.49375
118.05
115.95625
120.875
125.15625
126.55625
132.6625
132.45
129.325
126.175
116.94375
114.78125
114.6625
116.975
122.68125
127.5625
131.73125
134.25625
135.73125
131.2375
130.2875
124.45625
121.83125
121.26875
121.4
129.075
128.4
131.26875
134.1375
137.6
143.73125
149.76875
151.85625
146.41875
143.975
139.725
139.01875
143.80625
147.44375
154.0125
155.99375
157.55625
156.95625
153.0875
158.3875
158.3375
160.65
165.33125
158.35625
160.51875
158.69375
146.50625
139.4625
129.15
128.49375
142.46875
155.90625
161.66875
159.4375
146.25
134.75625
131.55
130.13125
135.2375
141.55
145.13125
146.1
145.2
133.60625
121.23125
115.825
113.20625
125.21875
140.275
142.9125
138.3625
123.1125
113.23125
117.7125
130.04375
151.175
163.1625
164.45
160.91875
150.2
137.29375
133.1875
131.28125
135.2875
143.36875
144.2625
144.325
137.95625
132.96875
131.2375
130.99375
134.70625
139.1375
142.63125
141.66875
142.375
138.6
139.8875
140.8125
136.45
139.09375
135.675
138.675
147.63125
152.2375
157.64375
159.9625
159.6125
154.44375
145.61875
135.60625
123.9875
118.38125
121.425
130.05625
141.11875
152.91875
162.53125
163.34375
160.225
151.86875
133.26875
121.98125
117.88125
121.8625
135.59375
145.1125
143.76875
129.54375
118.66875
108.9125
107.30625
116.89375
121.15
128.55625
137.58125
145.1375
155.0625
166.2125
171.4
174.96875
172.9875
160.3
154.61875
152.29375
152.1875
156.25625
152.35
140.5375
128.4125
120.6875
115.2125
110.775
107.95
101.25625
97.41875
103.73125
113.49375
125.0625
135.6875
133.0375
126.4
124.18125
119.40625
129.375
136.96875
141.93125
150.2875
152.925
162.875
164.575
166.1625
158.575
148.35
144.5875
138.3
139.075
130.025
127.4375
123.30625
123.25
139.31875
147.45625
160.0125
161.7875
154.075
151.6875
150.66875
157.8875
167.95625
165.31875
155.10625
144.0875
126.66875
120.4375
121.60625
123.36875
133.31875
140.4625
143.18125
141.09375
136.13125
131.45625
129.29375
131.9625
130.74375
134.4375
139.55625
146.68125
158.975
163.2875
162.49375
157.85
153.18125
150.65625
151.3875
147.56875
138.94375
134.01875
130.94375
139.80625
148.79375
148.8875
143.69375
123.93125
109.15625
106.65
112.1125
125.40625
139.7125
143.98125
141.2375
138.5375
134.4125
135.96875
137.2
137.9625
139.04375
141.6375
150.65
159.6625
160.40625
153.2875
135.925
121.21875
116.14375
121.96875
136.7625
147.6125
154.4625
148.73125
141.7875
135.59375
130.95625
135.075
137.6
143.9125
150.7625
159.4
169.8
176.95
176.86875
172.61875
166.60625
160.59375
162.45
162.5875
156.30625
148.2625
141.125
131.09375
131.80625
131.49375
123.66875
129.35
131.0375
135.70625
151.05
152.4
152.46875
151.96875
143.2375
140.26875
138.86875
139.21875
144.09375
150.44375
154.1875
155.3625
152.0125
144.80625
141.575
137.66875
136.3
132.0375
126.11875
123.5125
122.61875
132.84375
142.40625
153.75625
158.79375
150.90625
139.28125
124.425
116.23125
116.5625
120.70625
122.04375
120.39375
119.29375
120.5125
127.325
137.75625
142.9625
144.3
142.86875
135.68125
129.3
129.125
124.5125
125.475
130.325
129.2875
134.75
135.9375
135.875
139.125
139.825
137.2
132.6375
127.71875
124.4625
130.725
140.35625
148.74375
157.53125
160.8875
159.99375
157.18125
151.2875
148.4375
149.5625
153.85
158.325
160.48125
156.58125
149.6
145.21875
139.24375
143.54375
149.2625
154.21875
161.4125
160.59375
161.73125
163.61875
161.4125
162.81875
159.2125
153.03125
152.10625
143.16875
134.56875
126.71875
115.0
109.4875
109.69375
110.4375
114.93125
119.425
120.3875
121.8875
120.0125
119.56875
120.575
122.33125
126.03125
128.3
129.95
128.4875
128.38125
128.275
126.58125
121.9
116.8
111.7
108.08125
115.575
123.80625
135.025
146.89375
149.86875
149.0875
145.6375
144.19375
146.45
152.01875
150.63125
143.0375
132.85625
121.525
123.325
130.29375
139.11875
144.95
139.69375
130.0125
124.35625
120.8875
122.0125
130.34375
128.06875
124.65
120.975
108.24375
106.1375
107.075
112.59375
126.475
135.9375
145.45
149.375
150.54375
151.69375
148.45
146.575
145.78125
140.60625
143.08125
144.61875
137.4375
136.0875
129.85625
126.775
136.84375
144.05
151.225
155.75
149.4125
149.1
145.975
137.2125
131.04375
120.0875
115.0875
120.7625
134.675
148.45
157.6625
160.79375
157.49375
154.85625
152.4375
152.875
155.475
156.79375
159.8625
156.6375
147.25
141.56875
139.86875
148.33125
159.00625
164.16875
161.61875
150.26875
144.10625
140.05625
136.55625
142.66875
143.59375
144.1625
150.34375
143.94375
141.11875
139.29375
133.46875
132.41875
124.80625
115.13125
107.11875
102.65
105.925
112.70625
121.675
128.74375
132.8625
138.94375
142.225
154.1
161.28125
161.65
159.18125
144.2625
136.35625
133.475
133.39375
136.83125
135.59375
134.35
135.30625
135.65
136.6875
136.43125
134.15625
134.11875
139.43125
139.6875
134.59375
127.875
117.25625
117.5375
125.06875
130.15
133.8125
129.74375
128.175
132.2
137.8375
140.45
132.3625
121.11875
111.95625
112.125
120.49375
125.14375
127.7125
120.80625
116.4
120.8
127.51875
138.975
146.05
149.85625
148.55625
149.0625
147.2125
140.49375
139.54375
139.575
144.28125
149.58125
152.04375
151.19375
143.33125
139.70625
129.3
115.35
110.73125
105.33125
111.91875
129.00625
141.4375
153.94375
157.65
154.7
147.09375
138.86875
137.00625
129.1625
125.975
125.975
120.15
122.14375
127.2
127.15625
130.025
134.0875
132.28125
131.95
136.35625
133.5375
139.6875
150.69375
153.4125
158.65
155.63125
145.65625
144.25
150.7125
159.6
166.8375
164.28125
156.0875
142.90625
132.9125
130.33125
123.01875
123.425
127.9375
127.55
135.9625
142.90625
146.6375
152.4375
151.05
143.66875
135.95625
130.89375
129.0875
131.425
134.425
137.0625
138.7625
142.78125
143.5
138.76875
134.325
128.09375
125.20625
125.78125
128.55625
130.78125
137.03125
141.69375
140.63125
142.4375
135.71875
133.46875
138.09375
138.6375
142.4125
138.78125
133.46875
128.34375
126.375
132.275
134.36875
140.8875
141.69375
137.2125
135.775
127.90625
126.29375
124.65
125.68125
132.0375
134.2125
140.31875
136.81875
127.59375
121.11875
119.36875
123.825
135.15625
146.70625
147.29375
152.28125
157.61875
163.125
171.19375
171.89375
164.45
151.8875
136.23125
123.91875
118.825
114.28125
122.55
128.6375
125.83125
123.93125
110.525
98.925
98.4375
106.15
114.2
128.4125
139.31875
141.60625
147.2125
144.89375
140.71875
139.5875
138.2
133.91875
132.125
126.8
123.55625
128.03125
123.90625
129.01875
134.36875
135.65625
145.275
146.43125
145.2875
145.14375
141.51875
144.11875
143.46875
145.4125
147.06875
135.68125
134.93125
128.375
127.7
136.13125
130.36875
126.63125
116.575
107.45
109.5125
115.56875
123.9625
129.98125
126.825
116.15625
109.19375
112.0125
122.575
145.90625
166.48125
178.4625
185.9875
179.03125
169.53125
155.85625
142.1875
134.9375
131.2125
131.98125
137.2
147.075
150.28125
151.34375
149.4375
138.475
134.33125
130.90625
125.99375
129.9
129.64375
133.425
144.375
149.29375
154.39375
154.7375
143.6125
137.5
137.26875
140.36875
149.25625
148.5375
145.20625
139.4
130.7875
129.99375
124.125
121.9375
124.3625
121.6625
124.1125
122.10625
120.90625
124.8625
130.5875
135.06875
134.325
136.6125
132.9
135.48125
143.26875
146.03125
148.06875
148.225
146.125
141.91875
146.575
148.04375
148.8375
154.54375
154.25625
157.5375
159.66875
158.1875
155.975
151.95625
150.93125
152.55
156.19375
155.7125
153.70625
148.725
145.75
149.55625
148.98125
151.38125
144.4875
134.9375
131.21875
121.6125
124.9625
127.975
128.125
134.75625
130.39375
120.06875
111.175
98.11875
91.8
95.7625
97.825
108.175
114.65625
117.9875
129.85625
135.51875
151.58125
168.3
178.0625
184.425
178.01875
168.6375
156.34375
146.25625
139.375
132.5
129.75
132.74375
133.25625
138.21875
144.60625
144.35
152.1375
158.9875
161.2
165.8375
165.35625
160.8125
161.24375
156.94375
153.51875
149.53125
140.95625
136.78125
132.2375
129.9125
129.625
134.075
136.95
140.2
142.04375
139.15
139.44375
138.30625
139.76875
136.2375
129.51875
130.6625
131.04375
138.48125
147.61875
146.80625
146.075
150.06875
151.04375
152.625
149.51875
132.8375
121.98125
118.775
124.05625
138.71875
147.55625
148.725
147.2625
138.80625
136.7125
140.48125
144.85
157.06875
162.13125
160.7125
154.475
141.08125
133.73125
133.14375
132.275
135.36875
135.65625
128.33125
126.43125
128.675
131.3875
142.9
151.74375
151.7875
153.13125
150.26875
143.9625
150.65
153.125
154.2625
158.90625
150.7625
149.6
150.53125
150.25
152.675
145.0625
134.90625
126.9625
122.0125
129.35
135.475
142.0
147.3375
143.74375
142.95625
135.9875
122.0625
113.0125
108.3625
108.64375
117.4625
119.95
113.6375
111.4875
116.03125
126.45
141.0125
147.925
137.65
123.50625
111.68125
110.49375
122.3
140.825
155.225
155.2375
146.45
129.79375
115.45625
107.91875
107.69375
114.23125
123.31875
137.31875
151.7
164.225
177.3
180.66875
180.7
175.4125
162.21875
154.24375
138.25
125.9875
116.6625
105.40625
105.725
103.025
106.675
114.35
115.0
123.3
126.54375
126.8
136.86875
137.20625
142.0375
150.50625
154.70625
167.06875
169.575
171.10625
165.98125
159.175
159.5375
155.875
157.94375
155.55625
145.38125
137.2
128.45
121.2375
124.30625
122.99375
117.69375
118.24375
114.34375
117.65
126.2125
124.0375
126.88125
125.91875
124.15
133.5125
134.96875
135.61875
133.65
123.7
118.36875
116.45625
117.05625
127.24375
136.5
142.275
147.88125
140.65
137.28125
140.775
144.1875
156.08125
154.93125
144.05
131.15625
114.39375
112.9
116.14375
118.675
126.4625
123.1
125.94375
133.675
139.1
151.89375
155.08125
152.65625
148.9125
144.66875
143.93125
147.1875
149.1125
142.69375
134.86875
122.76875
107.3625
98.1625
89.8375
92.93125
105.54375
122.55625
141.71875
149.56875
151.51875
149.0875
146.0875
147.01875
148.9625
149.38125
148.975
143.21875
137.825
133.83125
129.50625
131.0125
130.725
125.8375
120.96875
113.2375
109.925
114.65
114.9375
118.7375
121.325
121.95625
126.75
135.975
141.2875
147.15625
156.9875
153.14375
154.13125
157.04375
157.2
163.0875
161.86875
152.9375
141.56875
133.7125
134.86875
136.75625
137.21875
135.6
126.75625
124.1625
128.55
135.25625
145.9625
152.875
156.05
153.9375
154.25625
155.76875
152.55
157.03125
154.36875
148.01875
144.16875
129.425
119.35625
115.4375
119.71875
131.775
141.4125
141.74375
135.79375
124.71875
112.1
112.4375
112.7375
124.65625
143.975
160.5125
170.76875
168.51875
161.48125
141.7375
128.29375
122.18125
114.66875
119.7125
128.0875
132.24375
136.8
132.3
127.775
124.0
121.41875
130.4875
131.25625
135.85625
140.65
139.14375
149.31875
152.90625
154.49375
153.29375
143.7125
137.31875
135.5375
136.7375
139.29375
139.15
138.13125
141.31875
143.25
152.3875
159.25625
161.68125
162.89375
158.1125
150.7
141.56875
138.05
133.31875
130.125
127.1
119.89375
113.59375
108.725
104.45
101.925
109.40625
118.69375
129.98125
139.0875
138.28125
133.8625
132.06875
134.8875
141.275
150.9
148.56875
145.04375
137.99375
130.8875
136.81875
134.81875
134.775
131.98125
122.8625
124.875
126.69375
132.525
141.59375
151.53125
158.0625
161.3375
166.61875
161.075
159.55625
155.20625
140.8
132.825
125.875
125.2875
132.9375
137.36875
141.125
140.66875
138.03125
134.51875
134.2125
133.59375
130.01875
129.25
117.325
108.81875
105.54375
106.6875
114.8125
119.325
126.3375
128.93125
134.65
145.625
147.8
147.6375
139.6125
124.6875
114.1625
101.99375
98.9625
103.45
109.74375
123.725
133.64375
140.1625
144.68125
148.0875
148.03125
148.73125
148.0125
144.89375
144.9
137.31875
135.75
129.1375
124.3625
130.4875
132.23125
140.26875
141.11875
137.23125
133.64375
129.0375
131.425
135.28125
135.5125
135.5125
134.125
127.86875
124.91875
124.5625
126.8625
131.1875
134.08125
127.69375
119.88125
118.21875
120.9
131.71875
136.39375
134.15625
128.9
126.65625
129.325
131.86875
133.325
130.125
128.475
130.73125
141.1625
151.2625
159.55625
167.15625
162.63125
158.76875
157.5
153.79375
156.18125
158.43125
155.11875
154.78125
147.19375
139.55625
136.2625
133.24375
144.5875
150.79375
157.55625
156.1375
144.9125
143.3375
135.09375
137.59375
141.81875
139.79375
147.24375
147.4875
147.76875
146.58125
134.01875
126.0625
116.475
113.0125
117.83125
122.4125
127.88125
130.39375
131.2625
129.15625
125.69375
121.29375
121.21875
122.63125
132.2875
146.85625
157.43125
171.25625
172.75625
168.4125
160.95
148.49375
142.2
133.0125
125.0
112.4125
99.825
93.7625
90.925
102.46875
115.44375
126.74375
138.26875
135.3125
135.7
136.16875
136.0875
142.425
140.69375
138.6875
132.26875
127.5375
131.78125
135.55625
143.75625
153.25625
149.9125
145.425
139.53125
128.0375
124.08125
126.1375
127.3
133.66875
146.45
150.175
157.49375
162.21875
151.30625
145.05
133.23125
118.44375
114.19375
110.2
108.93125
117.79375
123.5375
129.025
137.96875
134.06875
136.3375
138.60625
133.2625
132.76875
125.7125
118.65625
117.6125
119.71875
120.7375
126.49375
129.025
126.91875
131.175
130.35625
131.15
136.91875
138.7
136.41875
142.73125
143.08125
143.96875
153.65625
152.3625
156.39375
159.125
156.50625
154.46875
151.3625
152.5375
152.825
151.95
147.3375
139.21875
135.91875
138.55625
145.28125
150.075
148.725
142.91875
135.8125
131.63125
130.79375
133.26875
134.6375
139.61875
145.6125
149.4625
154.04375
152.78125
147.51875
141.60625
143.23125
142.21875
145.81875
148.55
144.11875
150.29375
150.95625
153.65
150.6625
139.33125
133.35
128.81875
129.8625
133.375
135.5
130.63125
127.13125
123.3
123.6125
135.24375
141.54375
143.44375
140.94375
130.2125
121.65
121.8875
117.725
120.18125
131.03125
135.99375
148.80625
155.69375
151.49375
150.26875
146.7375
139.925
142.10625
138.14375
129.875
128.325
122.39375
121.11875
123.1875
123.3875
119.15
116.78125
114.05
114.125
116.71875
118.74375
119.51875
119.23125
124.175
131.06875
139.39375
143.2625
140.46875
126.3625
115.16875
104.85
104.1625
114.86875
122.6625
131.86875
128.475
124.71875
122.7875
126.3
142.4125
155.55625
161.88125
159.7875
153.15625
146.525
149.2125
154.10625
157.28125
160.45625
156.85
154.4375
145.775
137.1125
131.1
123.21875
130.1375
138.81875
145.24375
157.24375
156.45625
152.14375
154.21875
152.5875
148.85
146.875
136.50625
124.3
120.29375
115.95625
121.89375
127.8
138.2375
144.68125
144.91875
151.35
144.91875
145.875
140.36875
129.38125
127.7375
123.1375
129.65625
138.81875
144.2375
151.23125
153.56875
151.825
148.575
143.64375
137.7625
137.40625
141.075
141.58125
141.39375
135.15
132.21875
131.01875
132.56875
140.03125
142.225
145.59375
149.5375
144.39375
136.1625
126.54375
117.08125
122.25
130.775
149.00625
161.05
159.94375
162.19375
154.6375
153.75
162.23125
165.93125
168.14375
168.05625
160.16875
153.70625
152.09375
145.7875
144.55625
138.33125
127.425
127.65625
129.91875
143.59375
165.325
176.46875
176.59375
165.94375
149.9625
137.45625
130.425
125.6875
121.30625
122.35
133.93125
152.23125
165.8375
173.05625
167.56875
157.7625
157.625
154.25
152.8
150.69375
145.2875
143.0875
144.4125
150.23125
154.0875
161.23125
165.29375
161.325
153.54375
145.9875
143.16875
144.0625
148.56875
153.04375
154.3125
157.3375
157.31875
156.08125
150.675
143.65625
144.9625
143.0125
146.01875
148.98125
150.65
159.6875
169.71875
173.375
166.825
153.78125
138.9125
132.8
133.375
137.51875
136.925
136.3125
140.35625
134.4875
138.09375
138.43125
135.875
149.53125
156.625
165.2875
166.025
152.19375
137.01875
123.3625
122.075
131.90625
149.5625
158.61875
153.3625
140.2375
122.45625
117.55625
124.09375
132.4
140.725
139.38125
136.08125
135.66875
135.21875
138.01875
141.375
146.5
149.325
150.66875
149.7625
144.69375
144.2625
143.625
143.2875
143.25625
140.925
140.28125
141.41875
144.79375
152.325
163.025
165.8
165.49375
158.625
147.10625
143.3625
138.19375
128.95
119.5
115.41875
118.9875
129.275
145.925
151.4
153.5625
160.20625
162.49375
167.38125
169.08125
159.40625
149.09375
139.0
126.26875
123.88125
120.2
116.4625
120.0375
122.5
124.95625
128.84375
131.30625
128.85625
131.25625
135.7375
138.925
146.41875
150.33125
151.5125
149.7125
148.0625
147.09375
151.50625
156.9
158.54375
155.2
149.55625
152.15
156.18125
169.525
174.75625
168.55625
166.70625
155.8
145.7625
139.0375
123.94375
116.1625
116.70625
123.59375
134.69375
144.70625
153.04375
154.13125
155.2
155.86875
154.1625
155.325
153.5
145.51875
138.6125
132.15625
131.65625
134.45625
133.0125
128.0375
117.775
110.75
109.3
113.4625
124.06875
133.14375
144.94375
159.725
166.25625
179.025
185.39375
183.54375
185.35
176.11875
166.1
156.75
150.65625
149.41875
155.13125
164.36875
170.4875
178.08125
173.25625
160.50625
144.01875
120.95
109.45625
110.33125
115.275
125.175
134.01875
135.04375
136.06875
139.7
138.41875
132.25625
130.83125
122.21875
112.55
115.675
109.06875
104.9625
107.88125
104.51875
108.4875
120.65625
127.7
133.21875
140.48125
143.20625
151.94375
165.48125
174.98125
178.16875
174.16875
160.4125
140.40625
123.08125
111.0
110.0375
120.01875
131.86875
135.29375
130.85
118.7375
111.475
116.48125
123.25625
135.55625
141.325
139.2
143.175
140.15625
140.64375
144.5125
141.13125
146.8875
148.8875
148.925
154.4875
155.3125
156.875
160.35625
157.975
157.0625
164.325
169.84375
176.23125
174.94375
158.08125
141.2625
131.1625
128.7
136.44375
137.9375
135.1125
130.85625
124.5625
124.475
121.11875
116.33125
110.78125
107.0375
108.81875
116.76875
130.30625
141.6625
145.76875
146.5625
141.46875
136.75
141.68125
139.025
134.94375
129.175
116.48125
111.38125
115.625
121.8125
130.575
136.475
133.9125
135.5125
135.1
134.21875
137.175
129.39375
120.9
116.20625
103.5
101.925
100.53125
97.2375
100.15
98.25
104.8875
114.975
125.0625
134.31875
132.2
124.79375
121.7875
117.53125
124.21875
132.5625
138.5375
146.59375
145.6875
145.3375
136.525
130.51875
126.625
126.75625
136.76875
142.6
147.7
142.19375
134.1875
129.0375
128.23125
138.36875
149.5875
157.84375
158.73125
151.575
138.0375
125.98125
121.2375
121.28125
125.675
131.55
133.03125
132.925
132.54375
132.1875
131.88125
133.46875
138.2625
140.04375
147.65625
153.625
153.73125
156.83125
154.58125
153.6125
158.50625
159.125
158.675
155.375
149.14375
148.4875
149.85
149.33125
148.49375
140.46875
131.0125
125.5125
124.50625
129.5125
138.8625
145.48125
145.5375
142.36875
134.9875
134.0875
130.8
132.0375
135.04375
130.68125
134.0625
136.01875
137.50625
142.3375
139.8
134.2875
128.125
124.2
129.09375
132.30625
137.54375
139.2
136.41875
141.8
149.20625
160.29375
166.74375
164.65
157.35
145.9125
143.80625
148.4625
152.1375
155.30625
152.29375
146.06875
147.18125
149.03125
153.875
154.31875
145.6625
134.6875
126.41875
125.4625
131.8625
145.10625
143.6625
134.49375
122.8375
110.81875
117.35625
139.2
159.4375
176.70625
188.34375
184.9625
185.85
186.7375
179.5125
177.48125
168.95
158.825
155.8875
147.2875
143.69375
142.3375
141.21875
146.9625
148.00625
146.3875
143.06875
137.45625
133.86875
132.3
124.225
118.3
116.475
117.61875
128.93125
135.60625
136.2
135.63125
126.00625
125.45625
130.4125
130.26875
138.80625
137.93125
138.84375
138.2375
137.26875
138.71875
132.75
134.925
129.475
125.6875
123.7125
121.375
125.75625
130.4625
138.66875
141.11875
144.4375
145.3375
145.50625
150.3
151.825
157.96875
161.0
160.825
162.79375
158.69375
156.41875
158.16875
158.06875
160.68125
166.8125
169.95
171.36875
174.075
175.425
176.1625
174.2625
170.7375
160.85625
154.6375
157.4125
162.33125
171.44375
171.68125
171.325
164.14375
156.98125
160.38125
155.25625
152.0625
144.43125
132.06875
118.2625
107.54375
99.34375
91.80625
91.88125
93.85625
102.4375
112.45
125.66875
139.9
151.01875
158.63125
161.2
162.34375
161.89375
162.21875
161.25
154.39375
146.5875
139.75
134.4
135.0625
133.225
130.85
127.36875
125.0625
132.4125
137.3875
141.6625
140.55625
131.4375
125.23125
123.74375
126.49375
128.2625
130.03125
128.78125
124.24375
125.28125
130.71875
139.6625
148.1875
150.7125
146.05
131.525
121.4
113.04375
110.6
116.4875
120.7625
129.54375
130.20625
129.46875
127.00625
123.075
128.79375
136.03125
146.8625
151.7
149.5625
145.76875
136.59375
135.8875
136.85
137.5
143.725
145.88125
147.0
148.1
146.43125
142.775
147.26875
148.775
145.84375
144.625
132.54375
126.0875
125.85625
125.525
132.20625
135.63125
135.44375
136.28125
134.825
133.34375
142.2625
151.25625
159.7875
170.225
165.0875
160.81875
151.84375
137.28125
128.0875
117.3
111.61875
110.2625
111.70625
113.16875
122.96875
136.475
148.79375
161.075
157.35625
144.58125
130.61875
116.34375
110.36875
120.2375
131.29375
138.6125
149.1625
144.075
140.6
143.275
139.06875
142.7625
144.84375
140.8625
140.78125
134.54375
135.2875
145.3625
151.3125
160.6625
158.8375
152.6125
149.5625
147.775
151.94375
152.56875
151.19375
148.8875
143.39375
140.3
137.1125
129.19375
122.3625
115.54375
115.4375
119.475
123.85
128.5875
127.40625
128.81875
127.44375
124.275
122.2125
115.475
113.3625
119.29375
125.225
131.85
137.60625
132.1125
126.0
127.83125
128.69375
138.925
152.9875
160.75
166.175
160.8875
147.9875
128.7875
112.75625
105.8
102.9875
111.825
116.91875
114.2875
116.56875
111.6625
112.475
124.4
131.66875
140.35
146.33125
146.03125
145.73125
146.28125
143.55625
139.2
139.0375
141.2375
146.8625
155.69375
157.94375
157.425
160.71875
156.11875
152.1
143.3875
128.15
125.18125
119.61875
118.9875
121.28125
116.45
120.41875
130.3375
143.86875
160.0625
170.2625
167.79375
159.15
146.3875
136.8125
136.0375
136.2
141.90625
146.2125
152.53125
157.09375
153.73125
148.3875
138.46875
129.5625
124.00625
115.53125
100.81875
93.975
93.48125
101.4
116.0375
125.375
130.1125
132.7875
136.81875
139.5125
139.1875
138.50625
136.2125
134.91875
138.34375
138.55
137.14375
131.00625
125.65625
122.2375
123.34375
131.7625
131.2875
130.91875
129.4625
125.63125
132.08125
140.25
148.01875
158.00625
168.09375
173.425
171.16875
164.6875
152.55625
141.55
137.89375
137.13125
136.25625
137.1875
135.4875
128.00625
123.69375
120.99375
121.8
125.15625
122.625
116.6125
108.5375
105.075
106.0125
112.525
120.14375
122.15
128.55625
127.55
125.33125
130.65625
130.09375
138.23125
149.875
156.4625
163.43125
162.475
154.825
147.475
139.425
136.91875
141.225
142.58125
154.3375
165.26875
170.66875
177.35
171.58125
159.625
151.46875
149.65625
148.76875
150.475
144.1875
132.29375
121.525
118.725
121.875
125.4375
139.4
142.46875
146.05
150.16875
140.0125
133.15625
130.44375
122.91875
118.1625
116.26875
107.00625
105.8875
109.1125
111.55625
116.96875
119.05
119.7
119.05
118.4
119.125
122.81875
125.475
126.7
125.175
122.4875
125.8125
134.96875
147.51875
154.96875
158.09375
152.41875
143.35625
134.675
124.00625
117.7375
119.35
123.875
134.7375
145.6
145.75625
150.50625
150.6375
155.16875
159.2375
158.7125
155.1
146.1375
146.4875
145.05
148.5625
151.65625
147.775
147.275
145.51875
144.6625
150.25
158.4375
163.35625
173.3375
172.73125
157.4375
147.3375
127.86875
119.51875
123.30625
123.675
131.7875
132.65
134.93125
135.45625
128.6125
124.3625
118.64375
117.025
123.875
128.6625
130.2625
133.8875
134.1125
138.26875
145.6125
148.79375
147.75625
149.66875
148.5
148.28125
153.23125
151.33125
152.40625
156.19375
161.71875
169.275
173.85625
173.98125
168.65625
157.03125
142.08125
126.2625
110.275
105.9375
110.39375
124.25
142.98125
152.65625
156.26875
148.56875
135.45
126.0375
121.61875
120.56875
120.7125
125.5125
124.4875
121.45
118.125
107.55
99.63125
99.55625
107.68125
122.75625
142.4125
157.7125
162.05625
160.28125
154.5125
146.6
145.40625
143.1875
138.31875
133.975
127.56875
128.54375
134.49375
140.13125
148.7
150.5375
149.05
153.575
150.175
149.24375
144.9125
134.5875
134.25
135.34375
144.90625
159.6875
168.1875
177.35625
182.125
179.64375
179.7375
172.25625
163.2875
158.05
151.20625
149.50625
149.29375
147.675
148.1625
149.61875
152.9
157.95
159.425
161.71875
159.0625
158.59375
160.23125
160.0375
162.54375
162.05625
158.59375
151.925
144.49375
137.4
133.79375
131.95625
133.3875
130.41875
126.61875
124.48125
122.6
129.85625
136.28125
140.9125
143.38125
140.96875
140.21875
143.99375
144.80625
143.25
142.36875
137.74375
138.8375
144.78125
147.7125
149.1375
144.325
137.15625
126.68125
127.39375
131.7875
129.9
132.825
123.04375
110.825
112.96875
121.43125
133.43125
151.81875
160.71875
161.79375
158.76875
148.78125
139.9
134.03125
134.19375
135.30625
138.525
135.5625
132.18125
132.825
130.2125
132.275
132.41875
134.30625
135.00625
137.15
142.35625
137.0625
136.7625
133.575
123.63125
120.3625
114.40625
111.58125
115.98125
123.575
130.3625
138.43125
142.31875
142.1125
140.15
128.91875
122.05
117.41875
115.44375
123.28125
127.1625
127.85625
137.65625
143.94375
154.18125
166.0125
161.83125
157.46875
145.125
134.39375
132.30625
131.775
137.725
139.25625
141.13125
136.925
128.325
123.83125
114.20625
117.39375
127.89375
136.9875
152.375
157.51875
153.60625
153.15625
146.73125
139.80625
142.19375
136.675
132.45625
132.25
126.4375
121.6625
120.44375
116.65625
112.175
121.7
129.35625
140.6625
151.80625
145.94375
140.275
126.18125
115.50625
111.06875
109.05
116.98125
126.28125
135.85625
144.83125
152.14375
149.98125
146.0125
135.2125
121.14375
117.08125
112.925
118.1375
118.95
114.38125
113.6125
104.9375
108.10625
117.81875
130.36875
148.20625
154.7
156.51875
150.94375
140.78125
138.53125
138.025
144.25625
155.65625
162.8
162.0375
155.1
142.8625
131.81875
131.3375
130.6875
139.6125
155.51875
167.025
180.6
176.89375
157.35625
136.86875
116.39375
106.4125
105.5375
104.96875
109.3125
120.15
136.9375
154.475
167.55
167.6375
159.38125
148.10625
133.58125
130.9
130.70625
135.0375
140.0875
142.54375
146.39375
147.01875
146.81875
135.75625
118.86875
103.59375
99.46875
108.15625
120.45625
138.91875
147.75
155.23125
167.775
170.075
177.94375
179.74375
168.84375
162.025
147.35
138.14375
137.04375
138.28125
141.44375
137.075
134.35
126.3
115.475
116.5875
120.7125
126.39375
143.08125
152.60625
156.525
163.4875
161.83125
158.0125
156.43125
152.8125
150.61875
145.9625
138.0875
131.0625
121.84375
115.44375
112.7625
109.85
116.6625
127.0875
139.725
154.7625
160.0375
168.13125
167.08125
160.225
158.95
148.7
144.88125
144.7
137.7375
135.125
127.91875
124.88125
129.23125
137.70625
150.8625
153.21875
149.70625
135.8625
117.8375
110.41875
110.225
115.98125
126.15625
127.275
117.65625
112.95
105.01875
103.6125
111.85625
113.125
122.16875
129.8125
135.5
142.6125
141.8
144.86875
145.1875
146.825
150.225
145.65
140.7625
135.64375
125.86875
118.99375
114.0625
111.53125
116.71875
124.61875
132.00625
138.60625
140.95
138.425
140.48125
135.95625
131.0125
125.8625
112.0625
103.21875
98.79375
103.75625
113.04375
129.13125
139.35
140.675
146.99375
141.80625
143.3875
150.15625
151.59375
157.90625
157.0625
147.325
131.625
117.31875
111.2
111.38125
125.96875
134.2625
141.675
153.79375
157.80625
166.1875
166.51875
160.525
151.775
147.9375
147.34375
150.63125
159.3875
160.7
163.9125
167.61875
165.9
163.44375
159.70625
148.4375
136.43125
129.68125
122.0
122.4
125.99375
128.78125
129.76875
125.51875
123.2125
118.90625
119.53125
122.19375
124.65
134.89375
147.8625
160.61875
170.59375
163.2875
145.18125
124.11875
105.65625
97.6875
98.00625
106.0625
114.64375
129.54375
146.7125
154.7875
160.7
155.875
141.88125
138.5125
129.18125
128.66875
135.7625
134.5125
143.075
149.04375
150.63125
150.2875
147.73125
141.23125
133.2625
135.525
137.025
136.59375
143.9
145.0875
148.45
157.9625
162.8
159.4875
148.9125
132.275
114.025
110.375
113.1125
126.15
140.90625
146.1875
144.28125
133.44375
119.33125
108.66875
109.325
115.20625
130.71875
143.68125
147.79375
142.975
125.23125
111.0
96.5625
91.95625
98.6625
107.24375
125.40625
144.60625
158.78125
169.3125
170.5625
162.53125
153.70625
147.025
141.325
140.73125
142.05625
137.45
137.5625
138.3
138.0875
144.65625
147.48125
147.93125
146.7875
142.9875
144.14375
149.8375
158.71875
158.71875
158.71875
158.71875
