0.04762585
0.04762585
0.04762585
0.04762585
0.0403589625
0.0326191625
0.03063306875
0.0264534050625
0.026925122625
0.0290621964375
0.0288516015
0.0371686776875
0.047051860125
0.0555061425625
0.0641879125
0.0588658425625
0.050411560125
0.0419572776875
0.0369517515
0.0404738964375
0.047014510125
0.0513211988125
0.04693678125
0.04403760625
0.0433623125
0.05024014375
0.0607208300625
0.066631891375
0.0635720464375
0.0490158690625
0.0376484003125
0.0278395628125
0.021965692875
0.022268955375
0.0237830479375
0.0223190268125
0.0267514455625
0.03818578425
0.0492115104375
0.06775209525
0.081755935125
0.0840754988125
0.07924753125
0.0676656375
0.05608374375
0.0514013875
0.05361856875
0.0602701125
0.06692165625
0.0691388375
0.0691388375
0.066762625
0.06174908125
0.05818266875
0.0516052625
0.04746353125
0.0485964625
0.0498078625
0.059506425
0.06259355
0.06516095625
0.07065386875
0.0682338375
0.0684303375
0.06423258125
0.0613634
0.0563658488125
0.0524852589375
0.0478632940625
0.0400263916875
0.0437565541875
0.0496375315625
0.0587025839375
0.0619676675625
0.05788326875
0.056876975
0.05503680625
0.0637538875
0.0702999
0.0675669125
0.0646438113125
0.053053366375
0.0442235401875
0.0393772765
0.0399540901875
0.047178678875
0.0543203113125
0.06827375
0.07395483125
0.07335161875
0.072617775
0.06539238125
0.06256578125
0.06081801875
0.06147863125
0.06283436875
0.064268575
0.0678229625
0.06607438125
0.05783425
0.05088221875
0.0461641125
0.0445541875
0.0535855375
0.06235815625
0.06735450625
0.073086375
0.07051525
0.06450431875
0.0584862175625
0.049113503875
0.0449750964375
0.04091844525
0.0399370589375
0.039212597625
0.0370595363125
0.039664125
0.04375395625
0.05208415
0.0640905875
0.06757880625
0.0664974
0.06485444375
0.0572586
0.06030115625
0.06344998125
0.06348154375
0.0629377875
0.05256065625
0.04508825
0.03705429375
0.0318723
0.031067275
0.0264259
0.024572525
0.0227429125
0.0195247550625
0.025098378875
0.0307979964375
0.04157869525
0.0569770026875
0.063530741375
0.0715078488125
0.07004531875
0.06905343125
0.0659331738125
0.062713347625
0.0660454964375
0.06082374525
0.0617166526875
0.054431716375
0.0419186050625
0.0333280625
0.02829285
0.02931786875
0.03414769375
0.04111518125
0.042977825
0.045104275
0.0441173488125
0.045753853875
0.0451137151875
0.044877589
0.0531381589375
0.056916391375
0.0631302988125
0.07415255625
0.07342185
0.07348121875
0.07549916875
0.06564033125
0.0623055375
0.05894234375
0.051343925
0.0539225375
0.06100534375
0.06811655
0.073409925
0.0749268875
0.07016665625
0.06524739375
0.06901749375
0.07138799375
0.06900745
0.06407118125
0.0496199
0.03812685
0.03861025
0.040739575
0.0478938
0.053088375
0.0454745375
0.04131351875
0.04220789375
0.04393270625
0.0558489
0.0637626875
0.0655353625
0.0646330375
0.059947125
0.05637786875
0.053630525
0.05537434375
0.05359838125
0.05846816875
0.0579827363125
0.0506865776875
0.0504299815625
0.0432046104375
0.0458712041875
0.0560810565625
0.058393414
0.0623553464375
0.0578379151875
0.0473642565625
0.0479226690625
0.0473087315625
0.0541790128125
0.0648853401875
0.067638172625
0.0670623238125
0.0603586625
0.05631685
0.05259666875
0.05110036875
0.0514987
0.04485746875
0.03541733125
0.02742955625
0.02159499375
0.0184222800625
0.020744241375
0.0223983839375
0.023363189
0.0297510714375
0.0321011276875
0.0365806339375
0.0415737026875
0.03803778275
0.0368214265
0.033723289
0.0263212765
0.02288310775
0.0200390651875
0.020093472625
0.0224003300625
0.027084
0.03495713125
0.03763720625
0.04749064375
0.0586435125
0.068637
0.08277414375
0.0850510875
0.0769974300625
0.066319566375
0.0581228651875
0.05680717025
0.0651239464375
0.071003947625
0.0674977175625
0.0619043375
0.05473244375
0.0507874
0.05388463125
0.0553208488125
0.055516497625
0.0495668515
0.042051099125
0.041391655375
0.040601580375
0.048144839
0.059598160125
0.0642975550625
0.06500470625
0.0614185875
0.05148563125
0.0484522125
0.0503070875
0.05881608125
0.06973345
0.0735316875
0.08188164375
0.0778907175625
0.072483303875
0.0695126651875
0.0570420515
0.0561101026875
0.0535311839375
0.0525642526875
0.0571797589375
0.055699889
0.0604037339375
0.058844210125
0.0573664425625
0.05744730625
0.0522023875
0.050677225
0.0483364625
0.0436188875
0.04087143125
0.0407810375
0.03372186875
0.03153006875
0.02960925
0.02802114375
0.0362558375
0.04188623125
0.05147329375
0.055482425
0.05745313125
0.05808521875
0.0547250625
0.0540267550625
0.050047672625
0.0478946151875
0.04289617025
0.0402814089375
0.0347702901875
0.0285118464375
0.02346423275
0.018456974125
0.022551605375
0.032148505375
0.044934114
0.054421453875
0.054778503875
0.047730303875
0.0406087151875
0.0400367265
0.0506842401875
0.066232603875
0.077350491375
0.082010553875
0.0750248589375
0.059007164
0.0473272776875
0.039752953875
0.0371700300625
0.04493751875
0.056639975
0.0604010875
0.0624992425625
0.059096147625
0.0482807776875
0.04307878275
0.0441048901875
0.048248260125
0.049972497625
0.056550928875
0.0569771839375
0.052833814
0.0547529401875
0.046689266375
0.0417712550625
0.03969818125
0.0412279625
0.05062293125
0.06057688125
0.07371490625
0.0796067125
0.08508990625
0.08617884375
0.08687396875
0.08824181875
0.08180553125
0.0732681738125
0.058082803875
0.0482523839375
0.046634714
0.0523728714375
0.060819678875
0.0598802550625
0.0559080125
0.04895765625
0.04475135625
0.05114983125
0.0533296238125
0.054057053875
0.0533555839375
0.043849264
0.0400803526875
0.037901010125
0.0341555613125
0.0381101625
0.04634729375
0.055762375
0.07139494375
0.0760017863125
0.074141616375
0.0685823026875
0.0527886015
0.0469749339375
0.040345666375
0.0398839738125
0.0459369125
0.047559375
0.04781123125
0.04607891875
0.04486734375
0.0497595125
0.05673105
0.06272795625
0.06883113125
0.06642535625
0.06590659375
0.05892081875
0.0503764125
0.0433700113125
0.036950566375
0.0418155714375
0.0474990515
0.0570278464375
0.0619224401875
0.0564924526875
0.0457467026875
0.0457467026875
0.0457467026875
0.0457467026875
