1.136875
1.136875
1.136875
1.136875
1.205625
1.20625
1.138125
1.044375
0.924375
0.875625
0.886875
0.93
1.009375
1.035625
1.050625
1.1
1.123125
1.13625
1.135625
1.06125
0.974375
0.96
0.960625
0.98125
1.035
1.01
0.97125
0.98875
0.974375
1.0275
1.074375
1.040625
1.06875
1.048125
1.070625
1.118125
1.0875
1.086875
1.041875
1.010625
1.025625
0.99
0.968125
0.955
0.964375
1.009375
1.075
1.111875
1.118125
1.16
1.174375
1.224375
1.238125
1.180625
1.13
1.05875
1.019375
0.998125
0.965
0.93125
0.90375
0.946875
0.995625
1.05125
1.0875
1.0175
0.93625
0.826875
0.743125
0.720625
0.7375
0.785
0.810625
0.841875
0.8825
0.926875
0.98625
1.048125
1.07875
1.134375
1.18125
1.1975
1.19625
1.125625
1.0975
1.066875
1.028125
1.0275
0.963125
0.9325
0.9175
0.9275
0.97125
0.99625
1.03875
1.015
0.965
0.90125
0.841875
0.8225
0.834375
0.855625
0.863125
0.858125
0.845
0.89125
0.928125
1.0175
1.13125
1.14375
1.168125
1.146875
1.06375
1.031875
1.013125
0.953125
0.9325
0.943125
0.93875
0.98125
1.0175
1.019375
1.05375
1.085
1.10875
1.143125
1.1175
1.091875
1.093125
1.054375
1.041875
1.055
1.013125
0.994375
0.994375
0.98375
1.059375
1.1475
1.20125
1.225
1.198125
1.14125
1.138125
1.114375
1.048125
1.023125
0.9175
0.8475
0.835625
0.805
0.835
0.918125
0.96875
1.01125
1.065
1.034375
1.02125
1.0325
0.974375
0.930625
0.931875
0.904375
0.964375
1.07875
1.101875
1.15
1.1
1.008125
0.960625
0.935625
1.014375
1.06625
1.118125
1.093125
0.98625
0.911875
0.87625
0.893125
0.94125
0.98625
1.004375
1.013125
1.0125
1.026875
1.013125
1.00375
1.029375
1.029375
1.01125
0.9825
0.92375
0.8925
0.906875
0.918125
0.92625
0.92125
0.90625
0.911875
0.925
0.93625
0.945
0.9425
0.923125
0.91125
0.9025
0.8825
0.894375
0.88375
0.864375
0.90125
0.954375
1.00625
1.101875
1.11875
1.104375
1.125625
1.075625
1.04
0.99375
0.946875
0.959375
1.013125
1.06625
1.113125
1.1125
1.1125
1.1125
1.1125
