150.43125
150.43125
150.43125
150.43125
156.45625
160.175
159.425
156.08125
139.8875
127.14375
120.25
118.54375
127.375
136.20625
140.53125
140.66875
137.43125
137.64375
138.0375
141.61875
150.59375
154.475
155.76875
157.23125
154.45
157.9375
164.45625
165.9625
168.00625
161.8
154.5875
149.14375
140.53125
135.54375
132.65625
131.43125
136.4375
141.55
141.65
146.1625
149.20625
155.39375
165.36875
167.45625
167.61875
164.575
160.99375
155.89375
151.79375
147.60625
138.06875
139.64375
137.24375
132.175
135.7875
131.50625
135.2625
141.0875
146.55
155.5375
156.4375
157.98125
156.89375
151.94375
145.64375
136.5375
128.5625
117.8125
115.75
114.59375
107.375
109.56875
110.1
120.59375
134.06875
141.64375
148.6625
144.36875
144.49375
147.1125
146.20625
148.44375
144.8125
143.175
143.3
140.725
142.65625
141.29375
139.6
140.7125
145.4
147.33125
148.4375
149.2875
138.65625
132.06875
127.79375
128.1
139.8625
147.03125
151.78125
152.5375
149.725
153.1875
159.525
167.5625
172.75
172.18125
170.175
166.1375
162.2375
159.5125
155.46875
146.425
139.61875
138.825
137.15625
143.45625
142.50625
137.15625
135.30625
127.51875
132.33125
138.90625
145.68125
156.90625
160.88125
163.09375
161.8375
157.99375
153.08125
141.75
133.8
127.95625
128.90625
138.14375
145.80625
153.1125
151.05
151.66875
145.95
137.75
132.275
119.0
115.75
117.14375
122.275
130.55
134.925
136.49375
137.3875
137.3875
135.7125
138.2125
142.875
146.475
156.6
152.05625
139.8
129.8625
115.26875
114.875
119.1125
123.09375
126.125
125.45
124.225
124.80625
125.8
127.79375
136.85
145.1
150.975
157.44375
152.95
149.3875
148.48125
142.76875
134.9125
118.4875
104.38125
90.4
86.71875
97.78125
106.1625
121.3375
130.45
131.45625
131.89375
129.73125
134.05
135.6125
144.525
151.5
155.88125
162.375
161.28125
163.00625
162.88125
162.4
160.21875
156.71875
151.5
150.2125
150.4375
149.65625
150.6375
150.1125
155.6
159.83125
164.4
165.45
164.13125
170.19375
174.63125
180.54375
186.5875
181.05625
178.1
172.05625
161.41875
153.7625
141.8875
140.1375
134.4
133.55
138.225
132.125
134.50625
137.125
141.34375
147.85625
154.9
158.1375
152.9875
154.55625
150.74375
149.925
157.49375
155.75
161.6125
164.4625
159.11875
156.7875
144.81875
134.35625
126.2125
123.04375
125.99375
128.1125
135.20625
142.13125
149.24375
156.5375
157.24375
148.29375
139.6625
131.8625
126.05625
131.45
133.425
135.0375
140.7375
143.325
147.33125
153.0
160.075
164.06875
166.6625
169.28125
160.3
154.3125
155.70625
157.60625
167.3375
175.88125
178.6375
181.54375
184.025
185.85
183.15
171.775
158.53125
145.64375
137.63125
136.9625
139.85
139.4875
137.1625
137.25625
138.96875
146.175
156.5875
162.325
164.75625
164.3875
164.1875
162.48125
160.45625
160.475
156.96875
156.01875
152.775
143.35
132.71875
122.8375
115.375
117.24375
122.73125
128.84375
133.28125
131.575
125.2375
123.6875
130.425
142.16875
161.225
170.31875
169.6375
158.75
146.55
140.26875
134.28125
135.2375
134.175
126.39375
126.33125
130.75
135.16875
144.80625
146.575
140.05625
138.68125
137.0625
139.55
150.5625
150.75
151.5875
151.25625
144.20625
139.925
132.9125
130.8
128.09375
131.10625
140.9375
145.875
150.8125
156.3
153.74375
149.7125
152.34375
149.85625
150.85625
151.9875
147.6375
144.1
144.93125
142.66875
147.24375
151.125
145.725
153.1375
148.35625
147.8125
154.9875
150.65625
152.8375
149.83125
148.0125
149.7
151.1125
157.73125
157.74375
159.475
162.48125
163.19375
163.0875
161.15625
159.8375
159.625
165.9125
169.075
172.36875
166.175
159.1625
153.6625
138.35625
137.4125
128.89375
128.15
141.76875
144.6875
155.50625
157.45
151.5
151.75625
141.15
129.80625
120.1625
113.06875
119.43125
133.64375
149.2375
154.3125
150.5875
144.225
133.1625
128.2625
131.2125
125.98125
127.5125
137.6375
137.0625
147.58125
156.01875
147.26875
150.7875
146.825
139.25625
144.7
148.7
158.29375
170.35625
176.49375
171.125
162.9875
151.925
139.45625
135.26875
131.0625
131.09375
136.84375
144.5875
150.71875
156.49375
158.7375
153.2875
148.075
134.9375
118.54375
104.74375
99.48125
102.5
119.99375
139.0375
146.74375
155.14375
146.2625
139.975
133.44375
128.7
133.35625
137.99375
145.15
146.375
145.30625
140.96875
143.88125
148.61875
151.2125
152.7375
148.9125
144.1
136.3
133.4875
129.03125
126.83125
136.08125
141.4125
150.03125
156.075
155.14375
154.625
155.21875
157.1
153.01875
150.0125
140.85
132.6375
136.075
136.95625
144.8625
151.81875
148.075
149.31875
138.60625
127.9125
133.0625
128.94375
139.475
149.01875
140.90625
140.99375
131.775
121.6875
121.73125
124.29375
132.8125
141.55625
147.66875
149.68125
149.0625
148.15625
145.0875
136.70625
127.65
128.6
130.26875
136.93125
139.53125
139.53125
139.53125
139.53125
