1.127125
1.127125
1.127125
1.127125
1.1605
1.1995
1.261875
1.3389375
1.407125
1.4496875
1.46775
1.46775
1.4858125
1.459125
1.414375
1.3515625
1.252625
1.225125
1.2156875
1.197625
1.197625
1.1709375
1.1175625
1.1175625
1.1175625
1.1175625
1.189
1.2518125
1.3326875
1.4135625
1.4496875
1.46775
1.4496875
1.4049375
1.342125
1.257875
1.1693125
1.134125
1.117
1.1246875
1.177125
1.2209375
1.26475
1.3051875
1.32325
1.3051875
1.3051875
1.3051875
1.3051875
1.32325
1.297625
1.2453125
1.193
1.1406875
1.139625
1.184375
1.210125
1.2539375
1.272125
1.27875
1.323375
1.331875
1.3223125
1.32325
1.3051875
1.282375
1.25525
1.169875
1.081125
1.0113125
0.957875
0.9400625
0.925625
0.9150625
0.9089375
0.9150625
0.9021875
0.8893125
0.8855625
0.874125
0.88125
0.888375
0.883625
0.87575
0.8683125
0.8875625
0.9378125
1.0099375
1.0781875
1.0930625
1.0748125
1.03475
0.9953125
1.004
1.0203125
1.0385625
1.0835625
1.1304375
1.178
1.205875
1.2166875
1.15775
1.1003125
1.0920625
1.058375
1.077375
1.070625
1.0165
0.9728125
0.914375
0.8973125
0.91825
0.9719375
1.04575
1.122
1.148625
1.146875
1.130375
1.05225
1.0078125
0.9484375
0.90675
0.908375
0.9345
1.0030625
1.0570625
1.104125
1.1160625
1.1005
1.0735
1.0455625
1.03275
1.04975
1.074375
1.119875
1.175875
1.20625
1.2813125
1.3293125
1.33475
1.3145625
1.207875
1.1280625
1.0485625
0.971625
0.959
0.9145
0.894875
0.947
0.9859375
1.0631875
1.142125
1.124375
1.1045
1.0346875
0.96725
0.9549375
0.93925
0.9563125
0.9914375
1.04225
1.0624375
1.0808125
1.0535625
0.99825
0.9820625
0.9586875
0.9619375
0.9566875
0.9616875
0.98575
1.025
1.078375
1.09425
1.0725
1.01275
0.9484375
0.9174375
0.9568125
1.0308125
1.12425
1.2106875
1.2310625
1.211625
1.2025625
1.1553125
1.10375
1.096375
1.015375
0.9880625
0.9779375
0.9489375
0.997875
1.004625
1.0621875
1.0944375
1.0891875
1.0998125
1.02775
0.988375
0.9374375
0.8975625
0.8861875
0.860875
0.8538125
0.8576875
0.8943125
0.941125
0.9864375
1.0088125
0.988
0.98525
0.9924375
1.011375
1.0716875
1.12725
1.2156875
1.2965625
1.3360625
1.3110625
1.216125
1.1178125
1.05225
1.0348125
1.0530625
1.0780625
1.0945625
1.1170625
1.133375
1.1463125
1.1475625
1.1301875
1.0990625
1.0373125
0.965625
0.90725
0.8588125
0.8896875
0.9330625
1.001625
1.0746875
1.0543125
1.0645
1.0195625
0.966125
0.9613125
0.9298125
0.9313125
0.9705625
1.02875
1.0563125
1.094125
1.0791875
1.0193125
1.0016875
0.94725
0.9194375
0.90525
0.8760625
0.868875
0.876875
0.8940625
0.914875
0.9339375
0.9111875
0.890125
0.868125
0.8555625
0.88525
0.940125
1.0109375
1.0731875
1.114125
1.1210625
1.1150625
1.098125
1.0849375
1.0625
1.0610625
1.0729375
1.0639375
1.0699375
1.01175
0.97875
0.98375
1.0303125
1.1316875
1.183375
1.1895
1.1176875
1.0218125
0.9435
0.9030625
0.8880625
0.874625
0.8625
0.830125
0.836625
0.8564375
0.881875
0.9214375
0.9065
0.88725
0.8898125
0.8905625
0.9491875
1.02975
1.061125
1.108125
1.121125
1.089375
1.10575
1.0725
1.037125
1.0465
1.0304375
1.05325
1.067625
1.059625
1.0615
1.0775
1.1074375
1.134
1.1230625
1.1078125
1.0854375
1.087875
1.1278125
1.1201875
1.1420625
1.0945
1.06175
1.04
0.9735
0.962125
0.928375
0.9206875
0.95775
1.0105
1.032625
1.042
1.01375
0.9405625
0.9065
0.882375
0.8773125
0.91125
0.9554375
0.991
1.04175
1.0509375
1.022375
1.0015625
0.94275
0.9101875
0.896875
0.8835
0.90475
0.9494375
1.016
1.0913125
1.154375
1.213875
1.220625
1.199125
1.1514375
1.0375625
0.9735
0.9244375
0.8934375
0.933875
0.984625
1.0769375
1.1981875
1.270375
1.276375
1.1928125
1.077
0.97925
0.910125
0.8979375
0.8824375
0.875125
0.8973125
0.93025
0.9698125
1.00075
0.9965
0.9690625
0.946375
0.933625
0.9460625
0.97025
1.0400625
1.145125
1.2463125
1.358
1.4240625
1.431625
1.431625
1.4135625
1.3774375
1.3318125
1.30425
1.2766875
1.2671875
1.3128125
1.2999375
1.269
1.2156875
1.1348125
1.094375
1.072
1.075375
1.07875
1.09925
1.100375
1.117125
1.1519375
1.1929375
1.2726875
1.3334375
1.3274375
1.2525
1.15175
1.022625
0.96525
0.95825
0.9821875
1.0564375
1.10375
1.147
1.1290625
1.095625
1.0499375
0.99575
0.9740625
0.9459375
0.939125
0.9700625
1.028
1.0553125
1.0945625
1.0739375
1.008375
0.977375
0.9116875
0.900625
0.9148125
0.93275
0.984625
1.0170625
1.0386875
1.04325
1.0079375
0.93675
0.877125
0.8476875
0.8493125
0.8931875
0.9284375
0.9685
1.0414375
1.1165
1.223875
1.2841875
1.3040625
1.3101875
1.260375
1.21325
1.1205
1.004625
0.9226875
0.8588125
0.84575
0.8841875
0.9323125
1.022
1.109875
1.150375
1.160375
1.1080625
1.0599375
1.023125
1.00225
0.9871875
0.9484375
0.92125
0.884875
0.8525
0.8416875
0.827
0.8208125
0.856875
0.9276875
0.99375
1.0718125
1.1373125
1.114625
1.12425
1.1585625
1.15675
1.2509375
1.3175625
1.3294375
1.3774375
1.359375
1.359375
1.35075
1.306
1.297375
1.2250625
1.206125
1.2233125
1.176
1.196625
1.208625
1.1845
1.25325
1.2765625
1.2585
1.2395
1.156
1.1420625
1.17475
1.2454375
1.3075
1.323125
1.3154375
1.2773125
1.265875
1.236375
1.1888125
1.1821875
1.2203125
1.2945625
1.3754375
1.38975
1.332375
1.2569375
1.2224375
1.225
1.263375
1.2643125
1.2176875
1.1848125
1.136625
1.136375
1.17225
1.180625
1.1825
1.16375
1.1269375
1.1409375
1.1605625
1.227375
1.2646875
1.2435
1.274375
1.2425625
1.2295625
1.2146875
1.1103125
1.0124375
0.9206875
0.85225
0.8285625
0.8473125
0.915375
1.004875
1.094375
1.13725
1.0979375
1.01575
0.9335625
0.8925
0.899375
0.9468125
1.0095
1.054375
1.08875
1.0925625
1.0735625
1.0815
1.116375
1.1816875
1.291625
1.326625
1.3346875
1.32375
1.27575
1.279
1.28225
1.2588125
1.235375
1.2086875
1.13725
1.13725
1.13725
1.13725
1.1896875
1.1793125
1.12025
1.1059375
1.121
1.135125
1.246625
1.313375
1.3430625
1.4043125
1.3988125
1.35625
1.2880625
1.210375
1.141875
1.123
1.1151875
1.081
1.0451875
0.972625
0.906125
0.88075
0.876375
0.9046875
0.95
0.9635625
0.9755
0.9820625
0.98325
1.03925
1.067375
1.092375
1.1513125
1.1513125
1.162625
1.211
1.2223125
1.2326875
1.2584375
1.2256875
1.166
1.137875
1.0989375
1.058125
1.03375
0.972625
0.906125
0.88075
0.876375
0.9046875
0.95
0.967375
0.9564375
0.940125
0.9075
0.8773125
0.8851875
0.9089375
0.9704375
1.0663125
1.1664375
1.2475625
1.2720625
1.2879375
1.2793125
1.2706875
1.307875
1.2899375
1.272
1.2506875
1.2089375
1.2156875
1.1776875
1.11975
1.052625
0.9549375
0.8980625
0.8823125
0.8875625
0.91625
0.9605
0.9768125
0.9648125
0.9441875
0.9220625
0.9201875
0.9628125
1.0174375
1.064375
1.128125
1.1651875
1.231625
1.3020625
1.3275
1.371
1.340375
1.321375
1.3385
1.3375625
1.38625
1.3798125
1.31825
1.238625
1.133875
1.0661875
1.0355625
0.9963125
0.969625
0.969625
0.969625
0.969625
