113.43125
113.43125
113.43125
113.43125
118.2625
126.4125
125.05
124.45625
128.64375
125.3
130.20625
127.4625
115.03125
111.53125
106.0125
105.3375
109.9
109.0125
101.775
99.2625
94.48125
99.6
114.4125
119.775
133.21875
134.1875
126.0375
123.00625
113.76875
114.1625
123.21875
131.88125
134.3375
128.13125
117.59375
115.2875
121.0625
131.475
137.55625
128.4875
117.85
111.05
113.03125
121.46875
129.29375
132.85625
135.75
139.9
148.80625
151.625
142.43125
135.13125
124.23125
121.01875
125.64375
124.6625
119.175
118.925
119.06875
125.05
138.34375
136.71875
135.09375
125.825
107.14375
96.6625
89.58125
90.625
97.88125
105.1375
105.53125
103.96875
110.18125
118.26875
129.81875
135.475
125.98125
116.25625
111.4375
115.4
126.28125
138.325
142.325
137.26875
132.2125
121.2125
116.36875
117.95625
126.4625
142.09375
150.375
155.18125
149.2875
133.7125
123.31875
120.15
117.95625
123.1625
126.2125
123.25625
125.79375
128.31875
134.01875
137.4625
138.3375
134.11875
127.93125
124.21875
117.58125
116.15
117.8375
122.875
130.3875
139.0125
141.6
138.48125
138.3125
134.9625
132.925
133.24375
129.475
126.9
126.03125
125.59375
129.1625
126.8
126.475
129.6375
129.33125
137.03125
141.7
146.0125
148.83125
147.28125
147.71875
138.3375
134.06875
130.83125
125.60625
133.55625
135.8
138.475
141.1
130.55
121.3125
110.86875
103.275
101.9375
107.03125
117.25625
123.86875
133.83125
139.1875
137.83125
138.28125
132.69375
122.14375
114.28125
108.125
108.125
117.8125
123.98125
132.43125
134.9375
131.15625
133.075
125.70625
123.83125
119.9375
113.1625
116.01875
118.18125
125.90625
136.0375
141.95625
144.00625
143.95625
141.19375
138.3125
134.16875
129.79375
127.53125
122.13125
122.8875
123.875
126.675
135.75
138.8875
141.925
139.025
129.95
124.025
118.3
118.6125
121.9625
124.85
127.5375
122.48125
120.34375
116.63125
111.3125
110.71875
107.325
105.7375
105.85625
105.975
104.53125
103.0875
103.68125
104.975
104.70625
104.4375
100.09375
94.2875
89.6125
84.9375
82.69375
81.2125
83.025
83.025
83.025
83.025
