-0.313125
-0.313125
-0.313125
-0.313125
-0.341875
-0.3625
-0.313125
-0.239375
-0.141875
-0.071875
-0.05125
-0.0675
-0.108125
-0.11875
-0.115
-0.095625
-0.099375
-0.135625
-0.1475
-0.133125
-0.050625
0.0875
0.161875
0.1875
0.14625
0.0475
0.0175
0.02875
0.0225
0.05
0.08
0.041875
0.01375
-0.0275
-0.1475
-0.215
-0.21
-0.1775
-0.098125
0.015
0.085625
0.085625
0.08625
0.046875
0.01875
0.04125
0.0625
0.08125
0.090625
0.080625
0.05125
-0.02
-0.083125
-0.151875
-0.224375
-0.205625
-0.215625
-0.210625
-0.158125
-0.199375
-0.24375
-0.271875
-0.289375
-0.274375
-0.176875
-0.096875
-0.010625
0.126875
0.17125
0.203125
0.155625
0.06375
-0.01125
-0.0575
-0.056875
-0.063125
-0.055
-0.0925
-0.148125
-0.165
-0.16875
-0.126875
-0.065
-0.0525
-0.065
-0.078125
-0.110625
-0.11875
-0.113125
-0.114375
-0.096875
-0.063125
-0.045625
-0.035625
-0.079375
-0.15375
-0.18375
-0.221875
-0.21
-0.17125
-0.176875
-0.189375
-0.14625
-0.0825
0.043125
0.140625
0.14625
0.13
0.021875
0.000625
-0.020625
-0.10625
-0.163125
-0.2475
-0.330625
-0.345
-0.31375
-0.315625
-0.1975
-0.11125
-0.046875
0.036875
-0.060625
-0.12625
-0.2225
-0.323125
-0.30375
-0.2975
-0.266875
-0.234375
-0.23125
-0.221875
-0.214375
-0.226875
-0.2025
-0.195625
-0.1875
-0.1325
-0.09
-0.00625
0.075625
0.13875
0.130625
0.04375
-0.026875
-0.07625
-0.078125
0.01125
0.085625
0.11125
0.160625
0.123125
0.07125
0.03
-0.060625
-0.094375
-0.111875
-0.180625
-0.201875
-0.253125
-0.328125
-0.29875
-0.358125
-0.416875
-0.386875
-0.4025
-0.28375
-0.119375
-0.061875
0.02
0.00875
-0.04875
-0.0875
-0.146875
-0.180625
-0.183125
-0.149375
-0.09875
-0.036875
-0.0075
-0.008125
-0.05625
-0.1425
-0.166875
-0.16
-0.094375
-0.031875
-0.058125
-0.088125
-0.195625
-0.185625
-0.118125
-0.065625
0.03375
0.015625
0.024375
0.038125
0.06375
0.150625
0.156875
0.20125
0.26875
0.27375
0.289375
0.225625
0.105
0.02375
-0.028125
-0.055625
-0.06125
-0.08625
-0.05
0.023125
0.0275
0.04
-0.055625
-0.17375
-0.179375
-0.20875
-0.144375
-0.09
-0.123125
-0.115625
-0.2025
-0.249375
-0.201875
-0.1525
-0.04
-6.93889390391e-18
-0.005625
-0.01875
-0.048125
-0.021875
0.011875
0.01125
-0.003125
0.009375
-0.01375
-0.010625
-0.0075
-0.0875
-0.145
-0.188125
-0.2025
-0.163125
-0.12375
-0.098125
-0.071875
-0.0625
-0.008125
0.05375
0.07125
0.064375
-0.045625
-0.173125
-0.255625
-0.276875
-0.180625
-0.091875
0.024375
0.09375
0.074375
0.0875
0.0575
0.043125
0.04625
0.0175
-0.04375
-0.12375
-0.17875
-0.233125
-0.244375
-0.23625
-0.255
-0.229375
-0.25125
-0.25375
-0.226875
-0.245
-0.21125
-0.184375
-0.1875
-0.175
-0.1775
-0.204375
-0.19125
-0.133125
-0.060625
0.023125
0.071875
0.031875
-0.0225
-0.06375
-0.065625
-1.38777878078e-17
0.03625
0.04875
-0.026875
-0.128125
-0.185625
-0.2325
-0.206875
-0.221875
-0.265625
-0.264375
-0.27625
-0.225
-0.12
-0.07875
-0.013125
0.016875
0.029375
0.01625
1.73472347598e-18
0.0375
0.018125
0.070625
0.055
-0.04375
-0.1075
-0.205
-0.25625
-0.24375
-0.19875
-0.16125
-0.069375
0.00375
0.011875
0.095625
0.125
0.155625
0.231875
0.255
0.2475
0.280625
0.275625
0.206875
0.144375
-0.005
-0.1225
-0.12875
-0.08625
0.0
0.095
0.09375
0.06
0.013125
-0.056875
-0.05375
-0.03375
1.22514845491e-17
0.070625
0.07375
0.055
0.05125
-0.00375
-0.02875
-0.028125
0.011875
0.0525
0.091875
0.110625
0.02
-0.050625
-0.100625
-0.114375
-0.0875
-0.07375
-0.08875
-0.176875
-0.189375
-0.17125
-0.116875
0.0275
0.088125
0.175
0.2325
0.2475
0.2675
0.216875
0.159375
0.099375
0.06625
0.051875
0.075625
0.076875
0.054375
0.034375
-0.009375
-0.075
-0.113125
-0.119375
-0.149375
-0.115
-0.109375
-0.153125
-0.174375
-0.23
-0.2225
-0.144375
-0.048125
0.0775
0.11
0.09375
0.03
0.005625
0.025
0.0575
0.136875
0.106875
0.12375
0.081875
0.03625
0.0475
-0.03
-0.06625
-0.129375
-0.17125
-0.163125
-0.131875
-0.13
-0.16125
-0.150625
-0.186875
-0.12375
-0.040625
-0.060625
-0.03375
-0.049375
-0.085625
-0.0225
0.024375
0.08
0.15625
0.143125
0.11375
0.03
-0.088125
-0.204375
-0.265
-0.260625
-0.216875
-0.08625
-0.02
-0.0475
-0.08
-0.131875
-0.111875
-0.001875
0.073125
0.09875
0.030625
-0.100625
-0.1825
-0.2375
-0.23375
-0.150625
-0.11625
-0.060625
-0.043125
-0.09625
-0.125625
-0.1775
-0.203125
-0.178125
-0.151875
-0.195
-0.211875
-0.23375
-0.209375
-0.05625
0.059375
0.125
0.12125
0.04125
0.01875
0.01125
0.001875
0.02375
-0.0675
-0.1575
-0.22375
-0.305
-0.2875
-0.241875
-0.1725
-0.09375
-0.034375
0.026875
0.0975
0.12
0.105625
0.058125
-0.07625
-0.158125
-0.23
-0.2825
-0.28125
-0.3075
-0.325
-0.3475
-0.354375
-0.32625
-0.225625
-0.12
0.0025
0.096875
0.09375
0.086875
0.02625
-0.025625
-0.03875
-0.05125
-0.06
-0.070625
-0.09125
-0.08875
-0.073125
-0.103125
-0.141875
-0.18125
-0.195
-0.064375
0.065
0.128125
0.148125
0.01375
-0.08375
-0.09
-0.029375
0.131875
0.22875
0.246875
0.200625
0.065
0.005625
-0.05125
-0.065625
-0.03375
-0.06125
-0.059375
-0.126875
-0.19125
-0.18625
-0.111875
0.064375
0.24375
0.33125
0.310625
0.180625
0.026875
-0.098125
-0.200625
-0.26375
-0.28625
-0.278125
-0.251875
-0.151875
-0.07625
-0.014375
0.04375
-0.001875
-0.058125
-0.10375
-0.161875
-0.151875
-0.16125
-0.191875
-0.193125
-0.228125
-0.1725
-0.09375
-0.03
0.04875
0.074375
0.11625
0.169375
0.201875
0.156875
0.085
-0.003125
-0.075
-0.0775
-0.113125
-0.150625
-0.17375
-0.1675
-0.1025
-0.015625
0.056875
0.091875
0.109375
0.11125
0.09875
0.10375
0.068125
0.020625
-0.011875
-0.023125
-0.049375
-0.04875
-0.05
-0.143125
-0.19125
-0.270625
-0.348125
-0.325
-0.2675
-0.1675
-0.04375
0.00125
-0.001875
-0.055
-0.156875
-0.158125
-0.13125
-0.05625
0.02875
0.030625
0.0475
-0.0275
-0.026875
-0.014375
-0.119375
-0.105625
-0.155625
-0.19625
-0.125
-0.09625
-0.054375
-0.024375
0.01375
0.029375
-0.005625
-0.005625
-0.024375
0.015
0.065
0.075
0.003125
-0.131875
-0.21625
-0.33375
-0.3225
-0.3175
-0.340625
-0.214375
-0.164375
-0.1025
-0.009375
-0.058125
-0.068125
-0.003125
0.013125
0.0625
0.081875
-0.02125
-0.045
-0.045625
-0.054375
-0.001875
-0.015
-0.1
-0.144375
-0.18875
-0.250625
-0.19375
-0.171875
-0.13625
-0.103125
-0.14625
-0.208125
-0.281875
-0.285625
-0.248125
-0.120625
0.02875
0.158125
0.284375
0.3175
0.326875
0.3275
0.28375
0.2425
0.1325
-0.01875
-0.116875
-0.215
-0.145625
-0.0475
-0.028125
0.08875
0.07625
0.0575
0.124375
0.115
0.091875
0.0775
-0.00375
-0.04625
-0.044375
-0.01125
-0.0075
-0.05875
-0.090625
-0.245
-0.296875
-0.34
-0.3775
-0.255625
-0.22125
-0.16625
-0.15375
-0.21
-0.193125
-0.168125
-0.1525
-0.17625
-0.168125
-0.19625
-0.130625
0.000625
-0.02
-0.019375
-0.133125
-0.32875
-0.390625
-0.425625
-0.365625
-0.20625
-0.10375
-0.05125
-0.1075
-0.19125
-0.2225
-0.22875
-0.134375
-0.025625
0.044375
0.129375
0.15125
0.110625
0.045625
-0.04875
-0.164375
-0.240625
-0.2775
-0.344375
-0.3
-0.285625
-0.30125
-0.228125
-0.236875
-0.266875
-0.2675
-0.31375
-0.32875
-0.255625
-0.204375
-0.106875
-0.0475
0.01125
0.070625
0.065625
0.08375
0.03
-0.016875
-0.113125
-0.185625
-0.24625
-0.350625
-0.343125
-0.384375
-0.40875
-0.36
-0.368125
-0.33625
-0.305625
-0.27375
-0.199375
-0.134375
-0.05375
-0.019375
-0.013125
-0.010625
-0.01375
-0.01625
-0.01
0.015625
0.02375
0.060625
0.06375
0.01
-0.045
-0.133125
-0.15
-0.1875
-0.2225
-0.20375
-0.3225
-0.325625
-0.2975
-0.318125
-0.19
-0.12625
-0.111875
-0.0975
-0.155625
-0.221875
-0.276875
-0.288125
-0.278125
-0.254375
-0.201875
-0.16875
-0.193125
-0.2125
-0.223125
-0.28875
-0.253125
-0.18625
-0.120625
0.056875
0.20125
0.310625
0.395
0.41
0.395
0.3775
0.3625
0.3525
0.3875
0.4225
0.4575
0.44375
0.3975
0.34875
0.28
0.28125
0.285
0.261875
0.25875
0.23
0.17625
0.18125
0.20625
0.235
0.276875
0.26125
0.19625
0.085
-0.006875
-0.08625
-0.165625
-0.18
-0.22875
-0.2075
-0.128125
-0.07
-0.07
-0.07
-0.07
