130.3375
130.3375
130.3375
130.3375
130.5375
128.4875
125.6125
127.98125
134.14375
139.9375
131.725
118.4625
106.11875
98.54375
107.28125
110.3375
112.08125
110.8625
102.1125
100.725
98.875
103.3875
104.34375
109.6375
118.875
120.875
131.04375
130.80625
125.7625
126.75625
124.69375
128.04375
130.5625
133.3
138.49375
141.5125
146.4875
143.2625
133.01875
125.83125
117.8
116.4625
122.4625
123.3
125.11875
121.225
115.65
116.78125
116.55625
118.2875
112.4875
108.5125
107.4375
112.40625
129.7875
140.1625
150.8625
155.00625
150.025
146.775
141.95
136.19375
131.4875
128.275
124.6
123.5
129.175
132.76875
139.5125
146.4875
145.41875
142.1625
133.06875
122.16875
114.7375
109.78125
105.875
108.61875
110.7
112.0375
117.34375
119.68125
121.8875
126.1625
131.025
132.9875
134.5625
135.375
129.81875
124.4375
121.31875
121.825
129.8125
139.5
150.8125
154.175
150.6
142.1875
127.6
122.0625
122.28125
129.50625
139.96875
143.01875
139.125
132.2125
125.2
122.2375
124.3
125.9625
126.2125
126.54375
125.4125
122.0625
121.76875
118.5875
120.55625
125.475
127.10625
131.625
132.275
132.2625
135.20625
133.9
130.0875
124.8375
121.03125
118.69375
117.19375
117.91875
116.26875
121.975
128.83125
135.5375
139.05625
132.69375
124.5625
122.14375
121.19375
123.2875
127.60625
121.225
115.875
111.0125
107.00625
107.68125
111.125
117.65625
122.975
127.5
130.10625
126.5375
121.0
121.73125
119.7625
124.63125
131.825
128.63125
128.15625
120.84375
114.4875
113.04375
111.0375
112.65
110.98125
108.55
106.35
104.5125
104.60625
106.45625
107.74375
108.36875
114.625
119.55625
125.15
133.6
132.7
130.425
127.5875
122.25625
118.54375
116.5375
114.7625
109.80625
108.925
109.75
115.4875
124.04375
133.25
143.76875
144.4625
145.5875
141.00625
133.40625
130.61875
127.16875
125.03125
120.20625
118.5
117.45625
123.8125
132.625
135.5
137.8125
130.54375
127.09375
126.4625
127.65625
137.65
140.46875
146.14375
151.66875
146.60625
145.13125
138.24375
126.3125
120.81875
115.325
109.2
107.46875
103.5625
98.89375
103.8375
106.99375
114.56875
123.9
127.45625
132.66875
137.16875
143.48125
148.69375
153.575
152.275
147.7875
141.04375
133.6375
130.11875
125.375
125.375
125.375
125.375
