5.855
5.855
5.855
5.855
5.736875
5.851875
6.845625
8.11125
9.046875
9.41375
9.295
8.3475
7.248125
6.2525
5.003125
4.370625
3.749375
3.633125
3.651875
3.85125
4.0475
3.881875
4.34625
4.960625
6.049375
6.88875
7.415
7.305
6.68375
6.4875
5.846875
5.8175
6.149375
6.67
7.483125
7.816875
7.664375
7.044375
6.565
6.326875
6.513125
6.980625
7.023125
6.77375
6.261875
5.76125
5.98125
6.861875
8.3225
9.63125
10.351875
10.530625
10.1675
9.69875
9.428125
9.263125
9.20375
9.063125
8.49625
7.705
6.583125
5.78875
5.86
6.0
6.576875
7.013125
6.5525
6.52125
6.3025
5.824375
6.016875
5.71125
5.898125
6.65
7.1425
7.884375
7.80375
7.4175
6.97125
6.805625
7.1325
7.2725
7.57875
7.579375
7.723125
8.240625
8.651875
9.063125
9.25
9.063125
8.503125
7.75625
7.009375
6.741875
6.89
7.411875
7.746875
7.789375
8.225625
8.169375
8.106875
7.751875
6.960625
6.780625
7.17375
8.04625
8.813125
9.274375
9.249375
8.731875
8.095625
7.12875
6.1875
5.484375
5.043125
4.883125
4.7125
4.795625
4.66875
4.746875
4.97
4.820625
5.30875
5.5875
5.701875
6.48125
6.384375
6.31375
6.383125
5.5625
5.180625
4.75875
4.335
4.73375
5.383125
6.1675
7.015625
6.9875
6.786875
6.54625
6.123125
6.24625
6.051875
5.773125
5.52875
5.375
5.35875
5.84
6.539375
6.8425
7.400625
7.0325
6.630625
6.889375
6.661875
6.860625
6.79125
5.66875
4.933125
4.314375
3.745
3.96875
4.229375
4.92
5.63375
6.325625
6.825
6.544375
6.343125
5.656875
4.895
4.43875
3.975625
4.008125
4.475
4.824375
5.15375
5.618125
5.670625
5.645
5.800625
5.808125
6.2225
6.93375
7.329375
7.1325
6.504375
5.74875
5.143125
4.9825
4.97375
5.0025
5.361875
6.153125
6.816875
7.513125
7.496875
6.660625
5.93875
5.16
4.765
4.696875
4.7225
4.64625
4.58875
4.923125
5.38875
6.058125
6.706875
6.56
5.765
4.764375
3.75
3.275
3.520625
3.871875
4.279375
4.616875
4.61
4.703125
4.978125
5.244375
5.39875
5.555625
5.248125
4.9675
4.85875
4.484375
4.59
4.68
5.048125
6.018125
6.4725
6.89125
6.845
6.358125
6.14875
6.216875
6.299375
6.089375
6.070625
5.599375
5.55375
5.88125
5.85625
6.00125
5.953125
5.824375
6.095
6.399375
6.795625
6.9675
6.959375
7.383125
7.24375
7.28625
7.128125
5.916875
5.07625
4.373125
3.638125
3.69625
3.9675
4.315625
4.860625
5.38375
5.7275
6.005625
6.548125
7.2225
7.738125
7.97375
7.860625
7.020625
6.51875
6.14
5.746875
6.023125
5.91875
5.754375
5.471875
4.73625
4.544375
4.4675
4.625625
4.979375
4.819375
4.939375
5.069375
5.5875
6.135
6.338125
6.386875
5.895625
5.648125
5.28875
5.105625
5.005625
4.706875
4.858125
4.894375
4.92625
5.44375
5.78875
6.62625
7.58625
7.70375
7.279375
6.019375
4.82
4.368125
4.636875
5.22125
5.671875
5.63625
5.18875
4.8775
4.775625
5.065625
5.35125
5.66
5.655
5.3075
5.05125
4.6125
4.555
4.6475
4.9025
5.06625
5.005625
5.229375
5.36875
5.778125
5.934375
5.80625
5.468125
5.05625
5.083125
5.15625
5.574375
6.1575
6.423125
6.418125
6.4275
6.079375
5.795625
5.786875
5.366875
5.206875
5.181875
5.001875
4.88875
4.86625
4.90125
5.040625
5.44125
5.315625
4.9675
4.79125
4.443125
4.631875
4.86125
4.85125
4.875625
4.69
4.514375
4.355625
4.610625
5.018125
5.57625
6.2225
6.210625
5.895
5.475625
5.031875
4.86625
5.344375
5.795
6.046875
6.29875
5.87375
5.47625
5.345625
5.13375
5.345625
5.5575
5.688125
6.259375
6.513125
6.7375
7.059375
6.975625
6.773125
6.710625
6.544375
6.28375
6.5775
6.524375
6.48375
6.664375
5.94875
5.548125
4.99125
4.41375
4.96875
5.52125
6.37375
6.8325
6.619375
6.289375
5.99
6.024375
5.829375
5.8475
5.51125
5.20875
5.395625
5.403125
5.758125
6.12
6.61375
6.935625
6.778125
6.779375
6.058125
5.70125
5.73125
5.28625
5.33
4.98875
4.60375
4.689375
4.81375
5.464375
5.905
6.3375
6.64125
6.618125
6.84875
6.8925
6.863125
6.77375
6.420625
5.886875
5.520625
5.09625
4.854375
4.695625
4.423125
4.493125
4.9175
5.7175
6.909375
7.495
7.938125
7.74375
6.879375
6.448125
5.5125
4.835
4.72125
4.42625
4.15
4.105
3.564375
3.440625
3.773125
4.411875
5.51
6.600625
7.440625
7.551875
7.14
6.0375
4.99
4.375625
4.24375
4.24375
4.24375
4.24375
