0.85625
0.85625
0.85625
0.85625
0.90625
0.825
0.8
0.8375
0.83125
0.89375
0.89375
0.75625
0.70625
0.65
0.61875
0.73125
0.84375
0.96875
1.08125
1.10625
1.03125
0.95
0.825
0.65625
0.5625
0.5375
0.55625
0.63125
0.76875
0.83125
0.96875
1.16875
1.23125
1.23125
1.08125
0.86875
0.76875
0.81875
0.9625
1.05625
1.125
1.0375
0.98125
1.025
1.05
1.15
1.1375
1.08125
0.95625
0.89375
0.90625
0.84375
0.91875
0.8625
0.79375
0.85625
0.78125
0.7875
0.76875
0.68125
0.6625
0.7
0.83125
0.9375
1.05
1.08125
1.04375
1.06875
1.11875
1.11875
1.125
1.1
1.0125
1.01875
1.0125
1.00625
1.03125
1.0625
1.04375
1.0375
1.05
1.01875
1.06875
1.03125
0.95625
0.84375
0.74375
0.75
0.775
0.8875
0.95625
0.96875
1.0375
1.0
0.975
1.025
1.03125
1.1625
1.21875
1.23125
1.16875
1.0
0.96875
0.8625
0.88125
0.99375
0.9625
1.06875
1.04375
0.90625
0.9125
0.7875
0.79375
0.91875
0.91875
1.05
1.13125
1.1625
1.25
1.20625
1.1375
1.06875
1.05
1.0875
1.1375
1.16875
1.0875
1.075
1.0625
1.0
1.00625
0.88125
0.6875
0.61875
0.54375
0.575
0.75625
0.875
1.05625
1.16875
1.2
1.2125
1.11875
1.11875
1.0875
1.05
1.0375
0.9
0.75
0.60625
0.48125
0.41875
0.4
0.4
0.4
0.4
0.4625
0.525
0.6625
0.8
0.875
1.0125
1.00625
1.01875
0.96875
0.79375
0.7125
0.65625
0.725
0.85625
1.00625
1.05
1.03125
1.075
1.0
1.0625
1.0625
1.0
1.075
1.0
1.00625
0.99375
0.91875
0.98125
1.00625
1.00625
1.01875
0.90625
0.8875
0.975
0.975
1.1
1.1375
1.09375
1.1875
1.21875
1.2
1.23125
1.1375
1.04375
1.075
1.0
1.0625
1.0625
1.0125
1.1
1.0375
1.06875
1.05625
0.98125
1.04375
1.04375
1.04375
1.04375
1.04375
