0.16875
0.16875
0.16875
0.16875
0.3125
0.35
0.3
0.16875
-0.1625
-0.45
-0.6875
-0.9125
-0.85625
-0.75625
-0.65
-0.49375
-0.46875
-0.39375
-0.3375
-0.31875
-0.325
-0.30625
-0.28125
-0.2375
-0.10625
-0.0625
-0.025
0.075
0.09375
0.15625
0.1625
0.1125
0.01875
-0.20625
-0.29375
-0.41875
-0.425
-0.4
-0.4875
-0.5125
-0.65625
-0.6375
-0.51875
-0.4625
-0.33125
-0.28125
-0.2125
-0.11875
-0.04375
-0.0125
-0.05625
-0.0875
-0.13125
-0.075
-0.03125
-0.025
0.075
0.11875
0.10625
0.125
0.06875
-0.025
-0.05
-0.00625
2.08166817117e-17
0.06875
0.20625
0.28125
0.375
0.2875
0.11875
-0.13125
-0.35
-0.38125
-0.43125
-0.39375
-0.4
-0.425
-0.43125
-0.45625
-0.51875
-0.625
-0.675
-0.64375
-0.54375
-0.43125
-0.49375
-0.63125
-0.68125
-0.64375
-0.33125
-0.03125
0.11875
0.0625
-0.2125
-0.4875
-0.65625
-0.65625
-0.51875
-0.36875
-0.33125
-0.33125
-0.33125
-0.33125
