-0.2
-0.2
-0.2
-0.2
-0.41875
-0.44375
-0.4875
-0.5125
-0.66875
-1.0125
-1.18125
-1.1875
-0.98125
-0.66875
-0.53125
-0.63125
-0.875
-1.03125
-1.03125
-0.9
-0.825
-0.9
-1.1625
-1.3375
-1.35
-1.18125
-0.775
-0.51875
-0.30625
-0.225
-0.275
-0.20625
-0.15625
-0.225
-0.26875
-0.31875
-0.38125
-0.2875
-0.35
-0.4375
-0.50625
-0.525
-0.2875
-0.20625
-0.09375
-0.13125
-0.3125
-0.25625
-0.3125
-0.31875
-0.4375
-0.70625
-0.9625
-1.0625
-0.8875
-0.73125
-0.4
-0.25625
-0.25
-0.075
-0.08125
0.0375
0.10625
0.06875
0.14375
0.1125
0.0875
0.1
0.1
0.13125
0.15625
-0.025
-0.3125
-0.66875
-0.85
-0.70625
-0.51875
-0.13125
0.11875
0.14375
0.2
0.1125
-0.0125
-0.075
-0.14375
-0.25625
-0.2875
-0.24375
-0.25625
-0.175
-0.275
-0.49375
-0.5375
-0.5625
-0.44375
-0.29375
-0.2375
-0.225
-0.0625
0.18125
0.3875
0.50625
0.43125
0.25
0.01875
-0.11875
-0.29375
-0.45625
-0.51875
-0.59375
-0.54375
-0.425
-0.36875
-0.3125
-0.2375
-0.1625
-0.075
0.06875
0.15
0.075
-0.08125
-0.4375
-0.79375
-0.925
-0.9625
-0.7125
-0.49375
-0.41875
-0.275
-0.35
-0.425
-0.4875
-0.53125
-0.425
-0.275
-0.16875
-0.30625
-0.6375
-0.95625
-1.20625
-1.3
-1.14375
-1.05
-0.95625
-0.8625
-0.96875
-1.03125
-1.025
-0.99375
-0.98125
-1.05
-1.175
-1.21875
-1.175
-0.9
-0.6125
-0.45625
-0.15625
-0.025
0.04375
0.1
-0.0625
-0.2125
-0.325
-0.4
-0.3375
-0.41875
-0.425
-0.35625
-0.35
-0.03125
0.225
0.39375
0.5375
0.36875
0.125
-0.10625
-0.35
-0.30625
-0.1625
-0.125
0.0125
-0.0875
-0.225
-0.19375
-0.20625
-0.05625
0.03125
0.1
-3.46944695195e-18
-0.24375
-0.35
-0.5625
-0.48125
-0.30625
-0.20625
-0.0875
-0.25625
-0.375
-0.6375
-0.75
-0.69375
-0.8625
-0.75625
-0.8875
-0.8875
-0.8875
-0.8875
