0.1084375
0.1084375
0.1084375
0.1084375
0.1460625
0.17925
0.23
0.2486875
0.1555
0.1193125
0.083125
0.0869375
0.180125
0.2256875
0.3135
0.3230625
0.361375
0.3480625
0.25025
0.1931875
0.0973125
0.0503125
0.04225
0.07775
0.110375
0.1264375
0.16525
0.1749375
0.1458125
0.1058125
0.063125
-0.0135625
0.007
0.105375
0.162375
0.25175
0.2935
0.2615
0.2345625
0.197625
0.1251875
0.02925
-0.035875
-0.024
0.006125
0.0765
0.1115625
0.0643125
0.016625
0.0353125
0.160125
0.30025
0.464875
0.5208125
0.412625
0.286875
0.146375
0.0658125
0.0996875
0.1686875
0.171375
0.138875
0.0833125
-0.0074375
0.05625
0.1954375
0.3076875
0.4528125
0.4836875
0.3396875
0.24625
0.1110625
-0.010375
0.052375
0.0821875
0.1473125
0.1881875
0.1535625
0.07475
-0.069375
-0.1321875
-0.170625
-0.1453125
0.002125
0.128125
0.219375
0.2471875
0.218875
0.123625
0.065625
0.053
0.030875
0.067125
0.0345
0.04275
0.051
0.043125
0.1163125
0.1455
0.1585
0.155375
0.12475
0.055
0.0014375
-0.0833125
-0.171375
-0.1779375
-0.2200625
-0.1609375
-0.105125
-0.0966875
-0.0009375
0.0229375
0.053375
0.148375
0.151375
0.1595
0.161125
0.02275
-0.018375
0.035375
0.084375
0.2556875
0.35325
0.3174375
0.3084375
0.2759375
0.2440625
0.28975
0.32525
0.319375
0.3471875
0.3225
0.26975
0.26625
0.2855625
0.2959375
0.346625
0.3726875
0.3333125
0.3738125
0.3473125
0.2538125
0.1525
0.032625
0.0296875
0.135375
0.2900625
0.34075
0.31125
0.2655
0.220375
0.321625
0.399375
0.39475
0.373375
0.2835
0.2265
0.292875
0.333875
0.307875
0.31475
0.229125
0.13725
0.162625
0.1645
0.1925
0.28375
0.32475
0.322375
0.346125
0.363625
0.3536875
0.402375
0.3236875
0.229
0.2153125
0.0968125
0.13525
0.11875
0.0139375
0.036625
-0.0286875
-0.0275625
0.0336875
0.0443125
0.15575
0.261625
0.315875
0.419
0.4094375
0.3845625
0.3868125
0.3188125
0.2721875
0.145375
0.0101875
-0.1003125
-0.0959375
0.0520625
0.225125
0.3693125
0.3634375
0.284625
0.2035625
0.151375
0.163875
0.1679375
0.1304375
0.1041875
0.062125
0.0559375
0.03525
0.003375
-0.008625
-0.0123125
0.1168125
0.2173125
0.29875
0.3633125
0.24225
0.2205625
0.2155
0.15875
0.24875
0.2585625
0.2161875
0.212875
0.1275
0.026125
0.0194375
-0.0048125
-0.0174375
0.04575
0.0851875
0.0851875
0.0851875
0.0851875
