7.91875
7.91875
7.91875
7.91875
8.21875
7.79375
7.1875
6.95625
6.90625
7.33125
7.525
7.3875
6.8875
6.4
6.0375
6.24375
6.4125
6.70625
7.10625
6.875
6.925
6.75625
6.71875
6.6625
6.65
6.6375
6.3625
6.425
6.40625
6.175
6.075
5.8875
5.65
6.01875
6.33125
6.6375
6.8
6.23125
5.71875
5.3625
5.11875
5.15
5.175
4.90625
4.75625
4.66875
4.5875
4.63125
4.825
5.41875
6.01875
6.65625
6.8625
6.33125
5.7875
5.20625
4.73125
4.75
4.96875
5.16875
5.5
5.40625
4.75
4.1875
3.86875
4.0625
4.71875
5.31875
5.68125
5.825
6.175
6.525
6.71875
6.65625
6.08125
5.66875
5.54375
5.85625
6.38125
6.975
7.2
7.21875
7.23125
6.5
6.125
5.475
4.8375
5.01875
4.89375
5.1125
5.46875
5.51875
5.75
5.8125
5.8
5.58125
5.3375
5.45625
5.23125
5.625
6.025
6.4125
7.53125
7.825
8.25
8.03125
6.9
6.25625
5.75
5.46875
6.1
6.65625
6.55
6.96875
6.75
6.6
6.825
6.4875
5.95
5.05
4.18125
3.75
4.2625
5.21875
6.1125
6.61875
6.0
5.30625
4.7125
4.0375
4.09375
4.23125
4.5375
5.65625
6.55
7.2375
7.4375
6.6625
5.98125
5.01875
4.375
4.11875
3.675
3.7875
3.85625
4.08125
4.61875
5.0
5.31875
5.53125
5.64375
5.50625
5.39375
5.26875
5.1875
5.50625
6.0875
6.45625
6.71875
6.7875
6.475
6.2875
5.9375
5.36875
5.16875
5.0875
5.35625
6.0125
6.425
7.18125
7.55625
7.7375
7.7375
7.3375
7.3
7.2375
7.79375
7.89375
8.05625
8.025
7.13125
6.5875
5.63125
4.93125
4.71875
4.7625
5.16875
5.68125
6.15625
6.89375
7.24375
7.46875
7.70625
7.13125
6.4875
5.5125
4.5125
3.975
3.85625
4.1625
4.6875
5.4875
6.14375
6.86875
7.18125
6.81875
6.34375
5.55625
4.825
4.375
4.4875
4.73125
5.2875
5.8
5.40625
4.93125
4.24375
3.66875
3.825
4.3375
4.86875
5.86875
6.775
7.275
8.08125
8.40625
8.06875
7.6375
6.7375
5.60625
4.8625
4.45
4.29375
4.2
4.375
4.325
4.15
4.13125
4.10625
4.3625
4.74375
5.15
5.4375
5.525
5.375
5.2125
4.78125
4.35625
4.35
4.16875
4.20625
4.3
4.1875
4.59375
5.16875
5.775
6.175
6.00625
5.63125
5.6
5.7375
6.21875
7.00625
7.39375
7.6875
7.6875
7.00625
6.14375
5.6875
5.51875
5.7625
5.9125
5.41875
4.8125
4.35
4.1625
4.40625
4.65
4.61875
5.04375
5.78125
6.66875
7.75
7.9625
7.3625
6.59375
5.7
5.23125
5.08125
4.80625
4.58125
4.5125
4.8
5.4375
6.26875
7.1625
7.575
7.53125
7.1375
6.1125
5.30625
4.75
4.3625
4.31875
4.43125
4.73125
5.2
5.6875
5.75625
5.49375
4.89375
4.59375
4.81875
5.1875
5.725
6.23125
6.66875
7.0625
7.65
7.66875
7.66875
7.66875
7.66875
