0.946875
0.946875
0.946875
0.946875
0.926875
0.928125
0.8775
0.874375
0.920625
0.99875
1.141875
1.2325
1.2275
1.169375
1.02625
0.9125
0.8475
0.82625
0.85375
0.8925
0.92375
0.8775
0.845625
0.806875
0.778125
0.8225
0.85
0.91125
0.973125
1.040625
1.11875
1.145
1.174375
1.159375
1.11375
1.085
1.076875
1.074375
1.079375
1.115
1.094375
1.10875
1.15625
1.143125
1.155625
1.119375
1.046875
1.003125
0.9575
0.926875
0.92625
0.92375
0.939375
0.998125
1.071875
1.171875
1.229375
1.205
1.14875
1.05875
1.011875
1.025625
1.031875
1.031875
1.00625
0.979375
0.94375
0.944375
0.959375
0.960625
0.975625
0.984375
0.973125
0.9775
1.013125
1.004375
1.016875
0.983125
0.899375
0.865625
0.87
0.9275
1.0325
1.113125
1.10625
1.09625
1.02375
0.968125
0.95125
0.93
0.99625
1.0425
1.09875
1.10875
1.02625
0.955625
0.91125
0.918125
1.01
1.085625
1.11125
1.086875
0.9925
0.919375
0.865
0.84125
0.83375
0.831875
0.8175
0.80625
0.8075
0.799375
0.818125
0.834375
0.881875
0.905
0.905
0.944375
0.92125
0.925
0.9375
0.921875
0.951875
0.98375
1.0175
1.0075
0.974375
0.9575
0.925625
0.96125
1.04125
1.07375
1.130625
1.15375
1.114375
1.09875
1.060625
1.0225
0.99125
0.96
0.955625
0.904375
0.873125
0.844375
0.82125
0.865
0.92
0.956875
0.95375
0.96
0.959375
0.985
1.021875
0.995625
0.949375
0.895
0.8575
0.838125
0.834375
0.854375
0.860625
0.8825
0.904375
0.860625
0.81875
0.7925
0.815625
0.878125
0.93
0.950625
0.885625
0.843125
0.825
0.8225
0.85625
0.865
0.900625
0.93625
0.95875
0.976875
0.91875
0.87625
0.846875
0.81125
0.8225
0.8225
0.845
0.89625
0.91875
0.93
0.91625
0.886875
0.8775
0.861875
0.84
0.8225
0.805
0.823125
0.86
0.87125
0.885625
0.855
0.793125
0.756875
0.725
0.765
0.84875
0.958125
1.071875
1.12375
1.13375
1.103125
1.038125
0.9475
0.871875
0.82125
0.79625
0.809375
0.850625
0.85625
0.878125
0.9225
0.93625
0.978125
1.01125
1.00375
1.0075
1.015
0.97875
0.970625
0.97125
0.93375
0.928125
0.94625
0.93625
0.970625
1.054375
1.0575
1.070625
1.0625
0.97
0.925
0.92125
0.915
0.9675
1.065625
1.076875
1.116875
1.101875
0.996875
0.9425
0.88
0.869375
0.910625
0.96625
0.9725
0.950625
0.9275
0.8775
0.863125
0.86875
0.869375
0.895
0.9425
0.961875
1.00875
1.066875
1.09
1.1275
1.089375
1.001875
0.923125
0.849375
0.868125
0.9225
0.99875
1.078125
1.0675
1.03125
1.03125
1.03125
1.03125
