0.223125
0.223125
0.223125
0.223125
0.228125
0.245
0.25875
0.241875
0.220625
0.203125
0.235625
0.29375
0.31
0.350625
0.31875
0.2625
0.264375
0.24
0.25125
0.289375
0.30125
0.286875
0.294375
0.3
0.278125
0.29375
0.27125
0.2375
0.245
0.2325
0.25375
0.29125
0.314375
0.360625
0.401875
0.428125
0.4525
0.445625
0.390625
0.3075
0.22
0.175625
0.17875
0.20125
0.26
0.27875
0.27375
0.301875
0.295
0.301875
0.328125
0.31625
0.313125
0.30875
0.301875
0.32125
0.32
0.305
0.308125
0.276875
0.263125
0.2575
0.225
0.22
0.201875
0.218125
0.218125
0.23875
0.3
0.328125
0.38625
0.421875
0.41625
0.4075
0.39875
0.353125
0.31125
0.265
0.203125
0.171875
0.174375
0.19875
0.208125
0.22
0.21375
0.200625
0.211875
0.22875
0.22875
0.24375
0.2775
0.331875
0.384375
0.42
0.421875
0.378125
0.375625
0.37875
0.385
0.4075
0.375625
0.326875
0.27375
0.22375
0.190625
0.148125
0.15
0.148125
0.19125
0.2625
0.299375
0.34375
0.32625
0.323125
0.293125
0.259375
0.278125
0.25125
0.26625
0.28375
0.265625
0.273125
0.281875
0.3025
0.31375
0.32125
0.28875
0.245
0.22125
0.20625
0.226875
0.236875
0.263125
0.2825
0.305
0.339375
0.35625
0.3725
0.361875
0.328125
0.28
0.220625
0.1975
0.20625
0.246875
0.335
0.40375
0.474375
0.505625
0.48625
0.444375
0.3725
0.336875
0.321875
0.344375
0.381875
0.395625
0.40375
0.3675
0.33125
0.2975
0.25
0.225625
0.19
0.1875
0.2125
0.25125
0.291875
0.30375
0.288125
0.285625
0.3
0.31375
0.338125
0.3075
0.261875
0.201875
0.15625
0.14125
0.154375
0.196875
0.21
0.2375
0.245625
0.2475
0.26375
0.284375
0.30375
0.29
0.3075
0.276875
0.2475
0.25625
0.21125
0.196875
0.166875
0.1225
0.111875
0.134375
0.16125
0.18625
0.228125
0.226875
0.24625
0.28375
0.286875
0.31
0.315625
0.3225
0.346875
0.365
0.399375
0.414375
0.4
0.34625
0.303125
0.250625
0.244375
0.295625
0.315625
0.37125
0.4025
0.41625
0.4425
0.4425
0.4225
0.39375
0.349375
0.319375
0.2975
0.270625
0.26
0.2375
0.23875
0.239375
0.240625
0.22625
0.21125
0.233125
0.248125
0.276875
0.27
0.233125
0.195625
0.1725
0.175
0.18625
0.22625
0.245
0.28875
0.326875
0.3225
0.365625
0.368125
0.34625
0.35625
0.315625
0.286875
0.280625
0.26125
0.265625
0.26875
0.270625
0.27375
0.274375
0.2825
0.3175
0.34125
0.335625
0.32625
0.29875
0.295625
0.315
0.330625
0.340625
0.31
0.2975
0.31875
0.310625
0.338125
0.31875
0.23375
0.201875
0.186875
0.221875
0.29125
0.318125
0.3125
0.273125
0.245625
0.265
0.273125
0.289375
0.293125
0.245625
0.224375
0.205625
0.18875
0.20875
0.22875
0.271875
0.339375
0.37625
0.3825
0.36
0.3075
0.2625
0.25375
0.266875
0.26875
0.303125
0.321875
0.3225
0.3625
0.365625
0.385
0.413125
0.4225
0.468125
0.470625
0.451875
0.399375
0.31875
0.26625
0.256875
0.295
0.31125
0.3275
0.31375
0.285625
0.295
0.323125
0.325625
0.319375
0.306875
0.25875
0.246875
0.229375
0.195625
0.205
0.224375
0.253125
0.320625
0.33875
0.323125
0.31125
0.249375
0.2075
0.173125
0.135
0.118125
0.106875
0.11375
0.144375
0.19
0.22875
0.25
0.229375
0.19625
0.180625
0.17625
0.191875
0.20375
0.19125
0.2
0.235
0.274375
0.3275
0.35375
0.3275
0.3175
0.319375
0.310625
0.33375
0.343125
0.33375
0.334375
0.32
0.280625
0.22375
0.165
0.139375
0.14875
0.201875
0.273125
0.3175
0.3375
0.349375
0.368125
0.37625
0.39375
0.361875
0.290625
0.223125
0.159375
0.151875
0.164375
0.186875
0.2275
0.25875
0.278125
0.315625
0.333125
0.328125
0.355625
0.38
0.395625
0.4225
0.44375
0.440625
0.424375
0.395
0.31375
0.2475
0.211875
0.21125
0.25125
0.274375
0.304375
0.2925
0.281875
0.264375
0.22875
0.224375
0.215
0.22875
0.23375
0.23625
0.260625
0.28
0.3275
0.344375
0.3175
0.290625
0.290625
0.290625
0.290625
