1.2275
1.2275
1.2275
1.2275
1.184375
1.149375
1.125
1.11125
1.084375
1.0575
1.005
0.960625
0.935
0.965625
1.024375
1.083125
1.1625
1.134375
1.07375
1.0025
0.881875
0.831875
0.814375
0.818125
0.838125
0.845625
0.8425
0.8275
0.82375
0.81
0.8075
0.816875
0.830625
0.868125
0.883125
0.878125
0.880625
0.88125
0.901875
0.92125
0.91625
0.89
0.846875
0.814375
0.798125
0.78
0.77
0.77875
0.79625
0.849375
0.914375
0.9525
0.966875
0.954375
0.906875
0.878125
0.88125
0.891875
0.94875
0.9825
0.988125
0.9875
0.96125
0.93875
0.93375
0.921875
0.9125
0.91125
0.893125
0.885625
0.876875
0.886875
0.90625
0.9725
1.031875
1.065
1.105
1.0475
1.00625
0.9825
0.94125
0.9575
0.9475
0.92
0.95125
0.956875
0.980625
1.020625
0.9525
0.910625
0.928125
0.928125
1.004375
1.0725
1.031875
0.99125
0.915625
0.85125
0.845625
0.908125
1.025625
1.119375
1.195625
1.1525
1.093125
1.033125
0.989375
1.035
1.009375
1.025625
1.013125
0.96375
0.9825
0.954375
1.0075
1.05875
1.08625
1.120625
1.120625
1.120625
1.120625
