0.02117963575
0.02117963575
0.02117963575
0.02117963575
0.013339545875
0.0071624134375
0.000985281
0.0076396384375
0.014293995875
0.0209483533125
0.02760271075
0.0209483533125
0.014293995875
0.0076396384375
0.0076396384375
0.0186717095625
0.032681894375
0.0466920791875
0.047393549125
0.0393395916875
0.025329406875
0.0113192220625
0.0039633946875
0.0055220259375
0.0130368845625
0.0205517431875
0.0280666018125
0.032685103
0.03588412175
0.0460850604375
0.0578355128125
0.0687703651875
0.0781465863125
0.0780557125
0.08152016875
0.07775921875
0.070062825
0.063272975
0.0462734375
0.0350732175625
0.028065072625
0.0240151589375
0.0241218765
0.0293666401875
0.036474953875
0.0444603113125
0.0594469375
0.0683381875
0.07368065625
0.07465726875
0.06445221875
0.0543534375
0.04851145625
0.0471954625
0.050083625
0.05955275625
0.062417275
0.05670103125
0.05748506875
0.0534880625
0.05419191875
0.064746975
0.06586863125
0.06119031875
0.05466310625
0.04440028125
0.038653575
0.0368097613125
0.036814847625
0.0368767339375
0.03389608275
0.0370016901875
0.042193841375
0.0436503800625
0.05127449375
0.0568270375
0.05715140625
0.0611829875
0.05764739375
0.04902241875
0.044672775
0.0438429125
0.05073925625
0.05886020625
0.06286485625
0.06597393125
0.06120494375
0.05923515625
0.05998206875
0.0556396
0.06163319375
0.0618494738125
0.0584290901875
0.0599390565625
0.0547008416875
0.0582180541875
0.0662628940625
0.0714949964375
0.0757755238125
0.0742787375
0.0740606375
0.07191345625
0.0710654125
0.0686388550625
0.065183516375
0.0662814651875
0.06262549525
0.061947639
0.05627134525
0.046041764
0.0414905515
0.0375406401875
0.035361147625
0.0372577175625
0.0396822
0.04528179375
0.0551381875
0.0578759625
0.06318518125
0.0647179875
0.06057063125
0.06526225625
0.0589281550625
0.052594053875
0.0521229089375
0.04435557025
0.0465682651875
0.0444032464375
0.0392272339375
0.03722633275
0.029870505375
0.033546749125
0.0326862479375
0.034746611625
0.0394404190625
0.0378274315625
0.0453163339375
0.052702853875
0.0633525238125
0.0666527113125
0.067476966375
0.0661124401875
0.0568504190625
0.054590317875
0.0465647604375
0.038482403
0.03477775925
0.0316744166875
0.035923561625
0.0400420753125
0.0464801526875
0.058717547625
0.0651610863125
0.06798006875
0.0691380375
0.0582531625
0.04932686875
0.04656815
0.04315088125
0.04461744375
0.04886724375
0.05073305625
0.0496207550625
0.0486655464375
0.0386855128125
0.0257273655
0.0180668955625
0.01718485925
0.0221021405
0.032975649125
0.039210030375
0.03309014675
0.0275715643125
0.0160967545
0.0139434283125
0.0179672345625
0.0219910408125
0.02899296075
0.0219910408125
0.014989120875
0.0079872009375
0.000985281
0.0076396384375
0.014293995875
0.0209483533125
0.02760271075
0.02760271075
0.02760271075
0.0321394556875
0.0412129455625
0.0481688229375
0.0551247003125
0.05757223275
0.05180420775
0.05061897025
0.04943373275
0.05030930775
0.06018289525
0.06512613275
0.07006937025
0.0662690378125
0.055350086625
0.0423595655
0.0360234018125
0.0433435155
0.0489432666875
0.0634574765
0.066982535125
0.0631581113125
0.0619955363125
0.058254666375
0.0627061589375
0.06382897025
0.065809714
0.0598139065625
0.049960530375
0.04080528425
0.0357857643125
0.0399214905
0.03788008425
0.0388167916875
0.03148204675
0.0181910744375
0.0110772345625
0.0039633946875
0.000985281
0.000985281
0.000985281
0.000985281
0.0079872009375
0.014989120875
0.0219910408125
0.02899296075
0.02864539825
0.02829783575
0.02795027325
0.0305808244375
0.031441325625
0.03847895925
0.0521709503125
0.0644434589375
0.0758463488125
0.07575290625
0.0653288625
0.054986575
0.0469399375
0.0433545675625
0.041993078875
0.0394684276875
0.039755539
0.04090058275
0.04862659525
0.05058072025
0.05409090775
0.05760109525
0.0493283190625
0.049555655375
0.0394523905
0.029349125625
0.0259002181875
0.02133507325
0.02342428575
0.0321678556875
0.0475657830625
0.0542201405
0.0608744979375
0.0583558666875
0.04690623425
0.0452028166875
0.043499399125
0.0445566003125
0.050167089
0.05045179525
0.0537146151875
0.052951860125
0.043258103875
0.037918453875
0.0311593214375
0.0275896503125
0.0336524503125
0.0361427065625
0.0340871003125
0.0356037339375
0.032689891375
0.0302967863125
0.0293413988125
0.0224297839375
0.0184228940625
0.014753503
0.012633625625
0.0134918619375
0.0099196220625
0.0135958658125
0.0172721095625
0.0209483533125
0.0306945681875
0.030110181875
0.0340625405
0.0421506253125
0.0485917401875
0.055730985125
0.054398041375
0.0477717589375
0.039700589
0.0412618901875
0.0461573339375
0.0522103901875
0.0537267015
0.0419342979375
0.037397553
0.029882694375
0.031282294375
0.04551338425
0.0487553229375
0.05951212025
0.066050235125
0.0647708300625
0.06610078125
0.0653591625
0.0599217675625
0.0515880151875
0.044385574125
0.0343703955625
0.0288919619375
0.02795027325
0.0284606431875
0.027200963125
0.0259412830625
0.0292183479375
0.036134767875
0.0421578065625
0.0511589589375
0.0510866214375
0.0411617765
0.0342479253125
0.0222357791875
0.0177384916875
0.0229741378125
0.0296621464375
0.0391381550625
0.04563605
0.050032875
0.0499992238125
0.050750116375
0.04852289525
0.0373646729375
0.032162678
0.022530206875
0.0158758494375
0.020253563125
0.023211794375
0.0306738905
0.038135986625
0.0421978753125
0.04681874525
0.049913864
0.0538669151875
0.052345172625
0.0426527613125
0.03279429375
0.025597675
0.0226417125
0.0251375050625
0.030817372625
0.0315778589375
0.036371389
0.0461439339375
0.052898460125
0.0589324050625
0.06346658125
0.06156489375
0.0552854925625
0.0502683401875
0.036320186625
0.0250887330625
0.0182349931875
0.01223918575
0.0158758494375
0.016477150625
0.02161519675
0.026753242875
0.0329369815625
0.0478981515
0.05437995775
0.0675161214375
0.074163303875
0.0719446925625
0.07393250625
0.06714835
0.059818375
0.05194258125
0.0459231625
0.04448653125
0.04751325625
0.0539246375
0.06223964375
0.0610875550625
0.062506910125
0.0631789401875
0.05435099525
0.05252497025
0.04405093275
0.03880252025
0.0390302765
0.0459123901875
0.051642297625
0.0524620925625
0.05613385
0.0510336375
0.05576289375
0.06159043125
0.0647534375
0.07006245625
0.064213575
0.05951438125
0.05541783125
0.0473218625
0.04731796875
0.046432675
0.04475730625
0.05346075
0.0599954375
0.06772346875
0.074633025
0.07431
0.06840740625
0.06219286875
0.05761528125
0.0476853488125
0.0419223839375
0.034420086625
0.0222936080625
0.016938388125
0.0152691518125
0.016007361625
0.019001764
0.0249436401875
0.0262275526875
0.02665353275
0.0331941714375
0.035149341375
0.037144866375
0.042819203875
0.0402211839375
0.04014032025
0.04158520775
0.035415839
0.03663249525
0.03241202025
0.0351934651875
0.0413090526875
0.0435867964375
0.04922708275
0.042762942875
0.043554461625
0.041653049125
0.0433310515
0.048806272625
0.0439508925625
0.04659885625
0.04766830625
0.05097466875
0.05951590625
0.061765375
0.05978704375
0.05690085
0.052484425
0.046029575
0.045231125
0.0434607
0.03941629375
0.0427295125
0.04036256875
0.04451966875
0.05560470625
0.0599999375
0.06869949375
0.07018283125
0.06411761875
0.06619200625
0.06619200625
0.06619200625
0.06619200625
