0.903125
0.903125
0.903125
0.903125
0.960375
0.9843125
1.0155625
0.9983125
0.9985
0.9995625
0.959875
0.9540625
0.913875
0.8959375
0.8923125
0.8716875
0.867
0.8589375
0.8586875
0.89
0.9128125
0.920875
0.9365
0.931375
0.945375
0.9545625
0.9599375
0.9406875
0.9211875
0.9256875
0.92225
0.9653125
0.98625
1.0138125
1.04625
1.0545
1.0640625
1.035625
1.028625
1.021625
1.049375
1.107
1.120375
1.131875
1.1103125
1.0571875
1.0261875
0.9836875
0.937875
0.9355
0.924625
0.942375
0.9753125
0.9713125
0.9975625
1.0119375
1.0415
1.085625
1.116875
1.135875
1.10525
1.09675
1.05725
1.0290625
1.0506875
1.0280625
1.0496875
1.0719375
1.063625
1.0774375
1.050125
1.004125
0.965625
0.929875
0.9093125
0.904375
0.907875
0.9051875
0.9215625
0.9263125
0.9210625
0.91925
0.887625
0.875875
0.9151875
0.9720625
1.0356875
1.105875
1.1304375
1.1205625
1.1185
1.0868125
1.0064375
0.9375
0.8709375
0.8109375
0.81125
0.82175
0.849875
0.8901875
0.9095
0.9435
0.9598125
0.9689375
1.033875
1.060375
1.0676875
1.0860625
1.01325
0.9596875
0.91675
0.869125
0.8876875
0.90875
0.936875
0.95875
0.9591875
0.9686875
0.977375
0.9891875
0.9763125
0.94775
0.9415
0.92675
0.9590625
0.983875
0.9640625
0.98
0.962125
0.9485
0.965375
0.953125
0.9485
0.9525625
0.96025
0.9444375
0.9285625
0.9319375
0.9258125
0.968125
1.010375
1.0574375
1.0775
1.0768125
1.0885625
1.026
0.9990625
0.9716875
0.9389375
0.963125
1.0134375
1.0376875
1.066375
1.12725
1.1030625
1.1039375
1.1034375
1.0625
1.0880625
1.11275
1.105875
1.058125
0.99575
0.953625
0.945375
0.970875
1.018125
1.024875
1.0376875
1.0654375
1.0195625
0.9985
0.9670625
0.92325
0.9274375
0.9185625
0.889875
0.8734375
0.8869375
0.9089375
0.935625
0.9515
0.9153125
0.9045
0.9124375
0.92325
0.9476875
0.929625
0.90375
0.869875
0.8445
0.83625
0.831125
0.84275
0.862875
0.883
0.896875
0.902
0.890125
0.8785
0.87
0.8535
0.8485625
0.843375
0.83275
0.830375
0.84725
0.8748125
0.916375
0.9579375
0.9771875
0.989625
0.990125
1.016
1.028125
1.0218125
1.0593125
1.0545625
1.0604375
1.080625
1.0201875
0.976625
0.9583125
0.943625
0.960625
0.9730625
0.96
0.935
0.9185
0.9065625
0.901375
0.9323125
0.96325
0.99025
0.9839375
0.968125
0.9523125
0.944375
0.9910625
1.001625
1.03525
1.0649375
1.0751875
1.081375
1.0496875
1.037125
0.9971875
0.979375
0.976625
0.9401875
0.929
0.9175625
0.905875
0.9275
0.9574375
0.9833125
1.02375
1.0181875
0.978125
0.9384375
0.8650625
0.838125
0.8349375
0.8663125
0.9168125
0.9595625
1.0094375
1.0063125
1.00775
0.975375
0.9349375
0.9278125
0.9306875
0.9476875
0.957375
0.9369375
0.9030625
0.9046875
0.93625
0.9955
1.0379375
1.034375
0.993875
0.9394375
0.9006875
0.87525
0.9045625
0.93625
0.978625
1.0720625
1.076625
1.114875
1.153875
1.0985625
1.140625
1.1214375
1.0874375
1.129375
1.0739375
1.0530625
1.057
1.010375
1.0209375
1.05425
1.0259375
1.01925
1.0209375
0.9765625
0.972375
0.99825
1.0060625
1.0298125
1.0535625
1.02225
0.97575
0.9279375
0.880125
0.8666875
0.86575
0.9151875
0.983375
1.057625
1.1318125
1.1195
1.085375
1.0199375
0.9669375
0.9555
0.926
0.9145
0.8945
0.8738125
0.871875
0.8643125
0.8521875
0.8431875
0.857625
0.8959375
0.9590625
1.008125
1.0385625
1.0558125
1.028625
1.030875
1.0256875
0.996
1.0135625
0.9934375
0.959125
0.9355625
0.8689375
0.8245625
0.8000625
0.791625
0.802375
0.832375
0.8695
0.8995
0.935875
0.947625
0.9515625
0.9716875
1.027125
1.086
1.138625
1.1575
1.089875
1.0
0.922625
0.880875
0.8901875
0.91825
0.9400625
0.9189375
0.8845625
0.860375
0.860375
0.860375
0.860375
