0.06423479375
0.06423479375
0.06423479375
0.06423479375
0.06554736875
0.06054635
0.06145656875
0.0700668375
0.0693009550625
0.072133910125
0.0739510714375
0.06957335775
0.0759095214375
0.078646847625
0.0792131050625
0.08114038125
0.07837188125
0.07438478125
0.06970255625
0.0698541875
0.07016485
0.0727351375
0.07052438125
0.06211875
0.05387215
0.052437
0.05692426875
0.0667963625
0.0786270375
0.0777502988125
0.076738297625
0.0688362964375
0.05669907025
0.0557813464375
0.057881316375
0.0640050925625
0.06960915
0.06694085
0.05847869375
0.05321555625
0.05534469375
0.064700825
0.0739573875
0.0782155125
0.07242403125
0.0653894125
0.06278915625
0.06214735
0.07209486875
0.0774891
0.083131325
0.084679075
0.07582731875
0.0718764125
0.05981810625
0.0510939425625
0.049016966375
0.0402919776875
0.040386264
0.0477362089375
0.054988697625
0.0638881800625
0.06805198125
0.065561425
0.0586149875
0.06044598125
0.06238324375
0.061801875
0.066841475
0.06304368125
0.06370924375
0.06729445625
0.0641339675625
0.063381853875
0.0564416964375
0.05121813275
0.0517932526875
0.052396772625
0.0563433988125
0.05304380625
0.04951015625
0.0420410625
0.0328801613125
0.030413972625
0.0279637714375
0.03420293275
0.0473230651875
0.062787153875
0.0731275425625
0.08001315
0.0831902375
0.07843345625
0.07804706875
0.0703013125
0.06056129375
0.05376638125
0.04558830625
0.04725405
0.0455911125
0.04976181875
0.0567442875
0.05615958125
0.063274925
0.06335868125
0.06132225625
0.06685300625
0.06433614375
0.06057614375
0.0546959625
0.04503219375
0.03701541875
0.03603820625
0.037181175
0.03454773125
0.04069171875
0.03979614375
0.03890056875
0.0420380375
0.0326309
0.0264869125
0.020342925
0.0146338875
0.0208652625
0.02907153125
0.03702116875
0.047107425
0.04626865
0.04595719375
0.0498662125
0.05094703125
0.05622483125
0.05906961875
0.05398671875
0.0476179625
0.04596441875
0.0454758125
0.05500410625
0.0646258125
0.0660862175625
0.065591610125
0.0590439464375
0.0541088765
0.0597286526875
0.0619482214375
0.0641677901875
0.0653106026875
0.05495708275
0.0513008401875
0.045367953875
0.0414068300625
0.04808410625
0.05164800625
0.06011275625
0.06884938125
0.0690677875
0.07008000625
0.0620674
0.0524393625
0.0438901625
0.0344093375
0.03132195625
0.02525198125
0.02103838125
0.0180202125
0.020592225
0.02524360625
0.03254278125
0.04026973125
0.0378995
0.0404319125
0.039127975
0.03710869375
0.03854193125
0.03203313125
0.02604506875
0.02045443125
0.0168736625
0.0172710875
0.01886394375
0.01904165625
0.017579575
0.017171975
0.01650056875
0.02218984375
0.0285707
0.03282824375
0.03682198125
0.0299206875
0.026539175
0.02551743125
0.0287021125
0.0412390375
0.04819803125
0.05649624375
0.05821450625
0.05615635625
0.05821450625
0.057663725
0.06238760625
0.06938813125
0.07433050625
0.0746793363125
0.0678540901875
0.0536473565625
0.03506290925
0.0254213205625
0.0203164768125
0.0229026893125
0.0342443291875
0.037424667875
0.0476069265
0.054159103875
0.0525499800625
0.05567983125
0.0501610625
0.04414381875
0.04831795625
0.05058849375
0.05371565625
0.06349000625
0.06044876875
0.063931575
0.0642406125
0.0551100125
0.0579702125
0.05443266875
0.0612595875
0.07176469375
0.07751158125
0.081703275
0.0733503625
0.064585225
0.05237109375
0.04015725625
0.03408740625
0.02935019375
0.02739621875
0.0317829
0.03591295
0.04509839375
0.05624241875
0.0650345875
0.0764602
0.0825666125
0.08427876875
0.08052136875
0.07578675625
0.06573294375
0.057955775
0.054694725
0.048634475
0.05141320625
0.05516944375
0.0598257625
0.0674687125
0.07159188125
0.07024025625
0.06577136875
0.062152225
0.05570488125
0.05349819375
0.05153498125
0.0416825875
0.03608699375
0.03550195
0.03517040625
0.0395996875
0.04260036875
0.03634984375
0.0328792375
0.02984358125
0.026807925
0.03358875625
0.03769145625
0.04280918125
0.05160315
0.05026048125
0.05160984375
0.0554062625
0.04946620625
0.04758519375
0.04397201875
0.033182375
0.02940835
0.0271511125
0.0288039375
0.0383988
0.05084398125
0.06253076875
0.0648550875
0.0632083875
0.05693750625
0.0559612875
0.0594892625
0.0638073125
0.065265025
0.05537501875
0.05283384375
0.04550706875
0.04556631875
0.05193525625
0.0465646125
0.04468773125
0.035396425
0.02651630625
0.0213121925625
0.016609841375
0.0191344839375
0.022557414
0.0320210151875
0.047281041375
0.0552448738125
0.06268646875
0.06273233125
0.0509287125
0.04527831875
0.039013475
0.0389721
0.0513844
0.06300691875
0.0737706
0.0773649875
0.07421119375
0.06947036875
0.06540095
0.06925921875
0.067668625
0.0630624
0.05549943125
0.04249933125
0.0374158375
0.03465639375
0.03912588125
0.04651354375
0.053180625
0.0642181
0.0691294125
0.07037865625
0.06751354375
0.06308723125
0.06024450625
0.06395375625
0.075716725
0.080233475
0.08461959375
0.08467091875
0.07773658125
0.0750064
0.07243525
0.0698641
0.068121175
0.0673027
0.0636322625
0.05390159375
0.047454575
0.04176595
0.0389292875
0.04308448125
0.0444269375
0.04662941875
0.0488556625
0.0494824625
0.0446604
0.03961951875
0.03965971875
0.0408695
0.05319490625
0.06592013125
0.06748028125
0.07174411875
0.065112925
0.05109930625
0.04314591875
0.0315576625
0.02932165
0.0320745175625
0.040887616375
0.04599440775
0.047512217875
0.055801286625
0.057552899125
0.0664183515
0.075067972625
0.071363328875
0.062560078875
0.0521783151875
0.0372882065625
0.0352295878125
0.0387468003125
0.0373446315625
0.0420287214375
0.0334040964375
0.0247722964375
0.01880234525
0.010327492875
0.010056511625
0.009792705375
0.016563964
0.0236964839375
0.0292794901875
0.0404455026875
0.04011518275
0.0470333464375
0.053951510125
0.0510089488125
0.05312178125
0.0434754125
0.0384566625
0.03667415
0.0415632375
0.05298576875
0.0551293
0.06183409375
0.05679213125
0.0482013875
0.043337575
0.0351130125
0.0367415875
0.041531825
0.05118195625
0.058455875
0.06169284375
0.06284685
0.05612996875
0.05228881875
0.0442942
0.04348505
0.04348505
0.04348505
0.04348505
