-0.4125
-0.4125
-0.4125
-0.4125
-0.321875
-0.21875
-0.15625
-0.06875
-0.178125
-0.265625
-0.45
-0.503125
-0.375
-0.24375
0.025
0.04375
0.084375
0.053125
0.059375
0.290625
0.44375
0.6125
0.63125
0.471875
0.171875
-0.084375
-0.2875
-0.490625
-0.471875
-0.425
-0.303125
-0.109375
0.00625
0.171875
0.228125
0.365625
0.50625
0.490625
0.55625
0.50625
0.51875
0.596875
0.634375
0.7
0.7
0.621875
0.54375
0.53125
0.51875
0.728125
0.86875
0.83125
0.734375
0.35
0.040625
-0.040625
-0.00625
0.278125
0.61875
0.775
0.878125
0.846875
0.753125
0.728125
0.696875
0.615625
0.471875
0.396875
0.328125
0.44375
0.5375
0.49375
0.44375
0.2125
0.209375
0.275
0.278125
0.46875
0.515625
0.590625
0.796875
0.825
0.709375
0.459375
0.10625
-0.171875
-0.275
-0.128125
-0.05
0.0375
0.140625
0.034375
0.065625
0.115625
0.125
0.26875
0.35
0.396875
0.359375
0.19375
0.1375
0.009375
-0.046875
-0.04375
-0.1125
-0.190625
-0.23125
-0.2125
-0.178125
0.078125
0.41875
0.696875
0.846875
0.85625
0.746875
0.575
0.5875
0.596875
0.55
0.6375
0.646875
0.615625
0.6375
0.590625
0.54375
0.578125
0.61875
0.659375
0.621875
0.54375
0.534375
0.484375
0.659375
0.765625
0.803125
0.853125
0.75625
0.65
0.54375
0.53125
0.515625
0.65625
0.796875
0.80625
0.821875
0.759375
0.696875
0.621875
0.54375
0.53125
0.515625
0.65625
0.796875
0.80625
0.821875
0.759375
0.696875
0.621875
0.54375
0.53125
0.515625
0.65625
0.796875
0.80625
0.821875
0.759375
0.696875
0.621875
0.54375
0.53125
0.51875
0.73125
0.815625
0.8375
0.790625
0.596875
0.590625
0.58125
0.640625
0.7
0.7
0.7
0.728125
0.75625
0.8125
0.86875
0.8625
0.85625
0.79375
0.73125
0.709375
0.6875
0.6875
0.6875
0.68125
0.675
0.68125
0.6875
0.646875
0.60625
0.625
0.640625
0.81875
0.86875
0.709375
0.553125
0.1875
0.078125
0.259375
0.321875
0.503125
0.55625
0.39375
0.33125
0.24375
0.15625
0.13125
0.171875
0.2125
0.159375
0.09375
-0.01875
-0.184375
-0.1625
-0.090625
0.075
0.35625
0.46875
0.484375
0.303125
0.003125
-0.275
-0.421875
-0.509375
-0.553125
-0.55625
-0.690625
-0.634375
-0.4375
-0.228125
0.028125
0.1375
-0.009375
-0.01875
0.134375
0.146875
0.353125
0.278125
-4.16333634234e-17
0.003125
-0.14375
-0.003125
0.1125
-0.015625
-0.046875
-0.365625
-0.45625
-0.403125
-0.23125
0.16875
0.365625
0.4375
0.253125
-0.08125
-0.421875
-0.659375
-0.771875
-0.81875
-0.746875
-0.628125
-0.44375
-0.2
-0.06875
-0.08125
-0.15625
-0.35625
-0.490625
-0.534375
-0.6625
-0.73125
-0.80625
-0.834375
-0.703125
-0.5
-0.23125
-0.0875
-0.034375
-0.065625
-0.1625
-0.1875
-0.253125
-0.309375
-0.43125
-0.559375
-0.56875
-0.56875
-0.503125
-0.4375
-0.515625
-0.553125
-0.590625
-0.503125
-0.325
-0.265625
-0.20625
-0.415625
-0.584375
-0.596875
-0.609375
-0.459375
-0.421875
-0.49375
-0.50625
-0.475
-0.315625
-0.090625
0.05
0.065625
-0.05
-0.275
-0.440625
-0.509375
-0.490625
-0.265625
-0.1375
-0.078125
-0.0875
-0.2875
-0.45
-0.453125
-0.26875
0.0375
0.5125
0.7625
0.73125
0.575
0.215625
-0.003125
0.053125
0.23125
0.384375
0.496875
0.359375
0.1625
0.128125
0.09375
0.21875
0.21875
0.0625
-0.159375
-0.421875
-0.578125
-0.5125
-0.39375
-0.278125
-0.11875
-0.1625
-0.1125
-0.009375
0.075
0.21875
0.28125
0.15625
0.1375
0.059375
0.040625
0.284375
0.278125
0.35
0.3
-0.00625
-0.0375
-0.053125
-0.090625
0.009375
-0.171875
-0.446875
-0.553125
-0.703125
-0.63125
-0.440625
-0.40625
-0.309375
-0.36875
-0.565625
-0.625
-0.665625
-0.484375
-0.153125
0.040625
0.246875
0.25
0.19375
0.203125
0.00625
-0.203125
-0.484375
-0.6125
-0.509375
-0.340625
-0.10625
-0.146875
-0.278125
-0.328125
-0.415625
-0.35
-0.346875
-0.353125
-0.25
-0.13125
0.10625
0.2375
0.284375
0.290625
0.31875
0.365625
0.390625
0.415625
0.225
0.05625
-0.103125
-0.275
-0.234375
-0.2
-0.128125
0.03125
0.125
0.190625
0.225
0.05625
-0.190625
-0.190625
-0.190625
-0.190625
