0.0546168625
0.0546168625
0.0546168625
0.0546168625
0.05506361875
0.05188581875
0.0496327625
0.0489177113125
0.042554335125
0.0399817214375
0.03027808275
0.0274591526875
0.032380060125
0.0396706050625
0.057768125
0.06826110625
0.07282679375
0.07358706875
0.0678170625
0.0665388125
0.06428593125
0.0625134375
0.06121816875
0.06249434375
0.06572896875
0.07228861875
0.07720788125
0.077755775
0.0789631125
0.0748155238125
0.069297328875
0.057472339
0.0394736541875
0.0244530830625
0.0179196744375
0.0210187369375
0.029473019375
0.039453053
0.037556299125
0.0367052378125
0.0381737401875
0.038116491375
0.0447164925625
0.04466848125
0.04153085625
0.0399593375
0.0439276125
0.04846194375
0.05307474375
0.057566325
0.05374285
0.05051589375
0.05165933125
0.0468211363125
0.040967147625
0.0400945714375
0.032532189
0.0295065515
0.030008164
0.02321358275
0.024906164
0.0336006651875
0.0417082151875
0.0599927964375
0.0703360339375
0.07105314525
0.07236438275
0.06465079525
0.0567650515
0.0477199265
0.0416529151875
0.035381910125
0.0328269363125
0.04046334375
0.0465212375
0.0608597375
0.07173555
0.0735793625
0.0702471625
0.05531856875
0.04303776875
0.033381175
0.02987780625
0.03463860625
0.04265538125
0.04927255625
0.05467053125
0.05467053125
0.05467053125
0.05467053125
