-0.504375
-0.504375
-0.504375
-0.504375
-0.83625
-1.161875
-1.174375
-0.965625
-0.636875
-0.286875
-0.219375
-0.405625
-0.685
-1.08125
-1.324375
-1.30375
-1.260625
-1.02625
-0.723125
-0.540625
-0.380625
-0.444375
-0.615
-0.825
-0.896875
-0.7125
-0.54375
-0.3625
-0.351875
-0.51625
-0.701875
-0.850625
-0.93
-0.979375
-0.97875
-0.96875
-0.941875
-0.82875
-0.71375
-0.63
-0.563125
-0.57875
-0.6525
-0.8275
-1.011875
-1.19375
-1.249375
-1.150625
-1.114375
-1.145
-1.253125
-1.289375
-1.25375
-1.140625
-1.05375
-1.193125
-1.211875
-1.19125
-1.085
-0.833125
-0.8225
-0.813125
-0.885625
-0.913125
-0.748125
-0.666875
-0.57375
-0.584375
-0.605
-0.58
-0.5825
-0.578125
-0.705
-0.815
-0.815625
-0.796875
-0.70875
-0.646875
-0.68625
-0.7575
-0.893125
-1.09125
-1.3725
-1.5825
-1.65625
-1.60375
-1.38375
-1.146875
-1.05375
-0.94875
-0.831875
-0.77875
-0.546875
-0.501875
-0.579375
-0.81125
-1.256875
-1.45375
-1.65875
-1.59625
-1.28375
-1.158125
-0.91375
-0.71875
-0.689375
-0.670625
-0.650625
-0.67375
-0.723125
-0.56
-0.60375
-0.794375
-1.008125
-1.43625
-1.639375
-1.636875
-1.5625
-1.53
-1.490625
-1.523125
-1.555625
-1.43375
-1.3625
-1.330625
-1.34
-1.31875
-1.511875
-1.62625
-1.545
-1.535625
-1.300625
-1.07
-1.035
-0.94375
-0.829375
-0.7925
-0.78625
-0.8925
-1.0175
-1.03625
-0.849375
-0.594375
-0.41375
-0.315
-0.419375
-0.619375
-0.871875
-1.21625
-1.435
-1.5375
-1.486875
-1.3675
-1.315
-1.255625
-1.268125
-1.12625
-1.011875
-1.05
-1.088125
-1.31125
-1.609375
-1.643125
-1.63875
-1.4525
-0.99125
-0.719375
-0.485625
-0.34375
-0.36375
-0.353125
-0.31875
-0.346875
-0.495625
-0.66875
-0.999375
-1.305
-1.369375
-1.353125
-1.09625
-0.75625
-0.593125
-0.60125
-0.75375
-0.9775
-1.08875
-0.981875
-0.874375
-0.77
-0.70875
-0.690625
-0.59625
-0.529375
-0.5375
-0.57125
-0.588125
-0.63875
-0.57125
-0.583125
-0.65125
-0.68875
-0.83875
-0.9075
-1.145625
-1.22
-1.203125
-1.181875
-0.95
-0.85
-0.82
-0.96625
-1.0725
-1.2825
-1.4225
-1.29125
-1.24125
-0.9825
-0.79375
-0.7275
-0.66125
-0.66375
-0.703125
-0.8275
-1.074375
-1.28625
-1.298125
-1.2525
-0.97125
-0.895
-0.946875
-0.86625
-0.85
-0.658125
-0.510625
-0.5525
-0.63
-0.7725
-0.820625
-0.7825
-0.819375
-0.769375
-0.775
-0.795625
-0.71625
-0.68125
-0.6875
-0.68625
-0.705
-0.73375
-0.686875
-0.704375
-0.786875
-0.8525
-0.946875
-0.9125
-0.848125
-0.81
-0.73875
-0.724375
-0.685625
-0.625625
-0.783125
-0.88625
-1.014375
-1.11
-1.02125
-1.169375
-1.2825
-1.568125
-1.67875
-1.43
-1.19875
-0.755625
-0.493125
-0.48625
-0.496875
-0.610625
-0.71875
-0.8275
-0.90375
-0.955625
-1.176875
-1.245
-1.365
-1.505
-1.365
-1.30625
-1.284375
-1.220625
-1.20875
-1.196875
-0.998125
-0.835625
-0.90125
-0.94125
-1.096875
-1.23375
-1.07625
-1.0925
-1.10625
-1.14125
-1.30125
-1.271875
-1.205
-1.114375
-1.14875
-1.140625
-1.195625
-1.385
-1.30125
-1.315625
-1.31375
-1.148125
-1.27875
-1.3925
-1.504375
-1.625
-1.486875
-1.390625
-1.31875
-1.311875
-1.4525
-1.505
-1.599375
-1.596875
-1.5575
-1.57625
-1.425625
-1.334375
-1.21125
-1.066875
-1.008125
-1.065
-1.15375
-1.27375
-1.509375
-1.593125
-1.669375
-1.831875
-1.783125
-1.694375
-1.615625
-1.43125
-1.3475
-1.4675
-1.5825
-1.54625
-1.503125
-1.226875
-1.06625
-1.1025
-1.150625
-1.309375
-1.2225
-1.154375
-1.20875
-1.263125
-1.469375
-1.57875
-1.4525
-1.33125
-1.2625
-1.130625
-1.225
-1.26875
-1.281875
-1.454375
-1.44
-1.6225
-1.650625
-1.720625
-1.815625
-1.65375
-1.718125
-1.501875
-1.324375
-1.316875
-1.19625
-1.3125
-1.53
-1.61875
-1.7075
-1.734375
-1.67
-1.67
-1.5475
-1.464375
-1.4225
-1.373125
-1.495
-1.538125
-1.54
-1.556875
-1.59875
-1.719375
-1.76625
-1.815625
-1.685625
-1.51625
-1.39875
-1.366875
-1.376875
-1.338125
-1.30375
-1.1325
-1.04625
-1.018125
-1.079375
-1.11
-1.154375
-1.26125
-1.215
-1.3125
-1.336875
-1.289375
-1.3325
-1.231875
-1.21
-1.075
-1.0025
-0.94
-0.9475
-1.18125
-1.27125
-1.598125
-1.70875
-1.634375
-1.649375
-1.39375
-1.24375
-1.2375
-1.20375
-1.36125
-1.51875
-1.645625
-1.775
-1.7675
-1.865625
-1.809375
-1.69875
-1.5225
-1.065625
-0.76125
-0.57125
-0.51375
-0.693125
-0.906875
-1.095
-1.30625
-1.463125
-1.54625
-1.656875
-1.679375
-1.6775
-1.553125
-1.24625
-0.99625
-0.763125
-0.775
-0.933125
-1.128125
-1.34
-1.388125
-1.4
-1.236875
-1.056875
-0.885625
-0.78875
-0.974375
-1.143125
-1.3225
-1.5175
-1.39625
-1.414375
-1.454375
-1.309375
-1.321875
-1.170625
-1.009375
-1.074375
-1.174375
-1.356875
-1.559375
-1.61625
-1.635
-1.57125
-1.42375
-1.26
-1.11375
-0.9275
-0.87125
-0.86375
-0.811875
-0.801875
-0.700625
-0.570625
-0.54875
-0.6175
-0.869375
-1.139375
-1.244375
-1.295625
-1.085625
-0.9
-0.849375
-0.80125
-0.938125
-1.06125
-1.165625
-1.27
-1.27
-1.305
-1.34875
-1.33625
-1.260625
-1.15
-0.846875
-0.594375
-0.484375
-0.44625
-0.54125
-0.665625
-0.824375
-0.9525
-1.1725
-1.424375
-1.523125
-1.4675
-1.30875
-1.015
-0.751875
-0.5925
-0.43625
-0.534375
-0.7225
-1.0425
-1.434375
-1.489375
-1.45
-1.288125
-1.1125
-1.10625
-1.145625
-1.185
-1.09125
-1.04875
-1.00625
-0.9225
-0.99
-0.98875
-0.954375
-0.889375
-0.858125
-0.829375
-0.9125
-1.075
-1.075
-1.075
-1.075
