0.0354947306792
0.0354947306792
0.0354947306792
0.0354947306792
0.0180766978923
0.015881147541
0.0421545667446
0.0841627634659
0.126170960187
0.140661592506
0.127634660421
0.0997511709601
0.0865778688524
0.0871633489461
0.101507611241
0.10275175644
0.0754537470725
0.0486680327868
0.0356411007025
0.0489607728336
0.0752341920373
0.100483021077
0.099238875878
0.0713553864167
0.0443501170959
0.0187353629976
0.0185889929742
0.0322014051522
0.0458138173301
0.0720140515221
0.0725995316158
0.0731850117095
0.0737704918032
0.0465456674472
0.0315427400468
0.0167593676815
0.00285421545667
0.0180035128806
0.0335919203747
0.0487412177986
0.0621340749414
0.0608167447307
0.059718969555
0.0598653395784
0.0611094847775
0.0476434426229
0.0341774004684
0.018662177986
0.00270784543326
0.0014637002342
0.00124414519907
0.0167593676815
0.0333723653396
0.0499853629976
0.0645491803279
0.0496926229508
0.0330796252927
0.0308840749415
0.0297131147541
0.0432523419204
0.0576697892273
0.0579625292741
0.0720140515223
0.0862851288056
0.11431498829
0.127341920375
0.127195550351
0.126829625293
0.0989461358312
0.0861387587821
0.0584016393442
0.0309572599531
0.0172716627634
0.0172716627635
0.0316159250586
0.0451551522249
0.0734045667448
0.0731850117097
0.0739900468384
0.0753073770492
0.0482289227166
0.0360802107728
0.0356411007026
0.0354215456674
0.047862997658
0.0592798594847
0.0589139344261
0.072819086651
0.102459016393
0.132611241218
0.16181206089
0.163275761124
0.135319086651
0.121121194379
0.105971896955
0.102824941452
0.114388173302
0.0986533957843
0.0701112412176
0.0425936768149
0.0150761124121
0.000878220140515
0.000439110070258
0.000219555035129
0.0143442622951
0.0301522248243
0.0459601873536
0.0622804449648
0.064256440281
0.0780152224824
0.105532786885
0.133050351288
0.146223653396
0.13144028103
0.0891393442622
0.0455210772833
0.0309572599531
0.0311036299766
0.0450087822014
0.0594994145199
0.0589139344262
0.059206674473
0.0742096018735
0.089432084309
0.0906762295081
0.0901639344262
0.0616949648712
0.0475702576112
0.0477898126463
0.0497658079625
0.0635245901639
0.0485948477751
0.0336651053864
0.0316891100702
0.0455210772833
0.0736973067915
0.1018735363
0.101727166276
0.0728922716627
0.0440573770491
0.0152224824356
0.0144174473068
0.027956674473
0.0414959016393
0.0550351288055
0.0414959016393
0.027956674473
0.0144174473068
0.000878220140515
0.015368852459
0.0298594847775
0.044350117096
0.0588407494145
0.0441305620609
0.0294203747073
0.0147101873536
0.0
0.0
0.0
0.000219555035129
0.000439110070258
0.000658665105386
0.000878220140515
0.015368852459
0.0298594847775
0.044350117096
0.0588407494145
0.0451551522248
0.0314695550351
0.0180035128806
0.00453747072601
0.00461065573771
0.00556206088993
0.00607435597189
0.00761124121778
0.00841627634659
0.00746487119438
0.0214432084309
0.0338846604215
0.0472043325527
0.0614022248243
0.0605971896956
0.0597921545668
0.058987119438
0.0581820843092
0.0570111241218
0.0563524590164
0.0556937939109
0.0552546838406
0.0419350117095
0.0286153395784
0.0152956674473
0.0015368852459
0.00109777517564
0.000658665105386
0.000219555035129
0.0
0.0
0.000219555035129
0.000439110070258
0.00117096018735
0.00190281030445
0.00270784543326
0.00351288056206
0.00329332552693
0.0168325526932
0.0295667447306
0.0423009367681
0.0555474238875
0.0559865339578
0.05693793911
0.0578893442622
0.0588407494145
0.0441305620609
0.0431791569086
0.0422277517564
0.0412763466041
0.0687939110069
0.0687939110069
0.0687939110069
0.0687939110069
0.0414959016393
0.028468969555
0.0159543325527
0.00343969555035
0.00424473067916
0.00402517564403
0.0038056206089
0.00358606557378
0.00358606557378
0.0188085480094
0.0327137002342
0.0603776346604
0.0880415690866
0.0862851288055
0.0851141686181
0.056425644028
0.0277371194379
0.0137587822014
0.00102459016394
0.0163934426229
0.0319818501171
0.04837529274
0.063744145199
0.050644028103
0.0518149882904
0.0518881733021
0.051156323185
0.0643296252927
0.0483021077283
0.0458138173302
0.0439110070257
0.0422277517564
0.0554742388758
0.0417154566744
0.0286885245901
0.0303717798595
0.0318354800937
0.0472775175644
0.0619145199063
0.047131147541
0.0465456674473
0.0455210772834
0.0445696721312
0.0583284543326
0.0581820843092
0.0582552693209
0.0595725995316
0.0608899297424
0.0619145199063
0.0631586651054
0.0623536299766
0.0615485948478
0.0460333723653
0.0447892271663
0.0445696721311
0.0453747072599
0.0608899297424
0.0472043325527
0.033518735363
0.0324941451991
0.0314695550351
0.0453747072599
0.0592798594848
0.0447892271663
0.0302985948478
0.015368852459
0.0151492974239
0.0296399297424
0.0441305620609
0.0588407494145
0.0441305620609
0.0294203747073
0.0147101873536
0.0
0.0
0.0
0.0
0.0143442622951
0.0286885245901
0.0430327868852
0.0573770491803
0.0430327868852
0.0286885245901
0.0143442622951
0.0
0.0
0.0
0.0
0.0
0.00146370023419
0.00292740046839
0.00439110070258
0.00585480093677
0.00439110070258
0.00314695550352
0.00190281030445
0.000658665105386
0.000878220140515
0.000658665105386
0.0148565573771
0.0434718969556
0.0720872365341
0.101800351288
0.102678571429
0.0747218969556
0.0469847775176
0.0174912177986
0.00241510538641
0.0155152224824
0.0425204918032
0.0851141686181
0.127707845433
0.142783957845
0.143149882904
0.114095433255
0.0850409836064
0.0697453161591
0.0556937939109
0.0563524590164
0.0570111241218
0.0576697892273
0.0432523419204
0.042593676815
0.0419350117096
0.0412763466041
0.0693793911006
0.0843091334893
0.100702576112
0.11731557377
0.119584309133
0.106923302108
0.0913348946135
0.0900175644027
0.0890661592505
0.102459016393
0.131074355972
0.130488875878
0.129244730679
0.12800058548
0.0997511709602
0.0862119437939
0.0585480093677
0.0455942622951
0.04537470726
0.0451551522248
0.0593530444965
0.0578893442622
0.05693793911
0.0559865339578
0.0693793911006
0.0699648711943
0.084894613583
0.114534543325
0.130196135831
0.173960772834
0.189036885246
0.174692622951
0.145491803279
0.0876024590163
0.0440573770491
0.0299326697892
0.0300790398126
0.0445696721311
0.0734777517564
0.0867242388759
0.114607728337
0.143515807963
0.143588992974
0.130854800937
0.103703161593
0.0759660421546
0.0769906323186
0.0917740046839
0.0921399297424
0.0906030444965
0.075087822014
0.0595725995316
0.0722336065573
0.0863583138173
0.100117096019
0.11387587822
0.100117096019
0.0863583138173
0.0578893442622
0.0299326697892
0.0157347775176
0.00256147540984
0.00512295081968
0.00665983606559
0.0081967213115
0.00768442622953
0.00512295081969
0.00358606557378
0.00204918032787
0.0015368852459
0.00204918032787
0.0015368852459
0.00102459016394
0.000512295081968
0.0
0.0
0.0
0.0144174473068
0.0288348946136
0.0432523419204
0.0576697892273
0.0432523419204
0.0288348946136
0.0144174473068
0.0
0.0
0.0
0.0
0.0
0.0
0.0144174473068
0.0435450819673
0.0726727166277
0.101800351288
0.102093091335
0.0744291569087
0.0482289227166
0.0220286885246
0.0102459016394
0.0102459016394
0.00731850117097
0.00439110070258
0.00146370023419
0.0
0.0
0.0
0.0
0.0
0.0
0.0
0.00146370023419
0.00395199063233
0.00644028103046
0.00892857142859
0.0222482435597
0.033518735363
0.0450087822013
0.0564988290397
0.0419350117095
0.0283957845433
0.0149297423887
0.00146370023419
0.00175644028103
0.00351288056206
0.00446428571429
0.00541569086652
0.00636709601874
0.0187353629976
0.0321282201405
0.0455210772833
0.0589139344262
0.0450819672131
0.030225409836
0.030225409836
0.030225409836
0.030225409836
