0.061
0.061
0.061
0.061
-0.0086875
-0.1299375
-0.184625
-0.159125
-0.05875
0.09
0.190625
0.2435625
0.2488125
0.2768125
0.3085625
0.330375
0.3521875
0.332375
0.2718125
0.2341875
0.19725
0.182125
0.23125
0.2223125
0.1915
0.1494375
0.0506875
0.0451875
0.0503125
0.03425
0.0990625
0.1101875
0.116
0.124125
0.0355
-0.0483125
-0.06625
-0.02525
0.10125
0.2284375
0.2605625
0.2314375
0.17575
0.0806875
0.0575
0.045625
0.012625
0.0645625
0.0526875
0.084125
0.0973125
0.019375
-0.00875
-0.073375
-0.0995625
-0.08775
-0.0645625
-0.0383125
-0.0313125
0.0004375
-0.0188125
-0.048
-0.0585625
-0.0869375
-0.0775625
-0.098125
-0.1276875
-0.1231875
-0.1379375
-0.0835
-0.0559375
-0.0820625
-0.0710625
-0.098625
-0.039
0.0186875
0.058125
0.126625
0.1324375
0.152125
0.1440625
0.1109375
0.0296875
-0.04325
-0.09175
-0.1501875
-0.1255
-0.1000625
-0.119625
-0.123375
-0.1819375
-0.2095
-0.151625
-0.0615625
0.0795
0.17425
0.224375
0.2280625
0.2029375
0.1910625
0.17375
0.138625
0.0720625
0.017375
-0.0878125
-0.16725
-0.1831875
-0.199125
-0.1576875
-0.10225
-0.078875
-0.098125
-0.0735
-0.0178125
0.0174375
0.1095625
0.1215625
0.083625
0.0793125
0.037
0.018125
0.0051875
-0.0006875
0.037
0.080375
0.1131875
0.1055
0.0101875
-0.079875
-0.1720625
-0.2688125
-0.3083125
-0.35875
-0.3435
-0.271375
-0.1625
-0.028
0.0475
0.0615
0.01725
-0.0139375
-0.035125
0.0186875
0.1421875
0.22475
0.298
0.3023125
0.25225
0.224
0.176375
0.1273125
0.06725
-0.0524375
-0.135
-0.1606875
-0.191375
-0.1570625
-0.1183125
-0.1221875
-0.1121875
-0.0870625
-0.061625
-0.0223125
0.042625
0.0813125
0.08525
0.0925
0.102875
0.0810625
0.0814375
0.0864375
0.0505625
0.0225
0.0034375
-0.04475
-0.062625
-0.061625
-0.0861875
-0.0695
-0.052125
0.0076875
0.1340625
0.1915
0.200625
0.14375
0.0133125
-0.0741875
-0.07625
-0.0441875
0.038125
0.1256875
0.155625
0.1429375
0.0874375
0.0383125
-0.038625
-0.0913125
-0.11725
-0.132375
-0.0620625
0.0550625
0.1131875
0.16275
0.1148125
0.0235
0.0313125
0.027875
0.114125
0.21
0.2126875
0.1975
0.1046875
-0.030375
-0.1358125
-0.2481875
-0.2856875
-0.2965
-0.241625
-0.1404375
-0.083
0.011625
0.002875
-0.0545625
-0.098125
-0.1685625
-0.1780625
-0.1699375
-0.201125
-0.233
-0.2753125
-0.268
-0.226
-0.191625
-0.15725
-0.1629375
-0.173875
-0.1543125
-0.1125625
-0.0474375
0.0515
0.151625
0.2474375
0.2743125
0.270875
0.2279375
0.1244375
0.0959375
0.0659375
0.0448125
0.066375
0.057625
0.0495
0.0665
0.1255
0.181
0.216
0.221625
0.14325
0.0540625
0.005625
-0.0515625
-0.0399375
-0.02475
-0.058375
-0.055875
-0.0855
-0.0553125
-0.009375
-0.0035
-0.021625
-0.1093125
-0.16175
-0.1816875
-0.1225
-0.0419375
0.046625
0.147375
0.1485
0.1254375
0.0613125
-0.0226875
-0.0490625
-0.053875
-0.0879375
-0.109625
-0.1365
-0.1180625
-0.0099375
0.04275
0.0928125
0.069125
-0.0149375
-0.04825
-0.0421875
0.015375
0.0546875
0.07475
0.044625
0.004
0.016375
0.071125
0.127
0.1309375
0.096125
0.0199375
-0.07375
-0.1406875
-0.213125
-0.2723125
-0.277125
-0.2094375
-0.1195625
-0.026625
0.02025
0.0129375
0.034
0.0175
0.019875
0.0061875
-0.070625
-0.0735625
-0.0523125
-0.0253125
0.0364375
0.0555
0.0235625
-0.0136875
0.0008125
0.0153125
0.0509375
0.086875
0.02075
-0.09375
-0.18525
-0.252875
-0.2303125
-0.128875
-0.0136875
0.09975
0.1235
0.0766875
-0.0126875
-0.1119375
-0.1635
-0.13825
-0.1300625
-0.1121875
-0.077
-0.0884375
-0.0524375
-0.0573125
-0.0968125
-0.106625
-0.1451875
-0.1678125
-0.140625
-0.15375
-0.1438125
-0.1090625
-0.133625
-0.127125
-0.116625
-0.1156875
-0.0459375
0.0238125
0.034375
0.0449375
0.0026875
-0.0395
-0.007625
0.05675
0.112375
0.106875
0.0823125
0.0305
0.028625
0.074875
0.087875
0.0661875
-0.0030625
-0.0146875
0.011125
0.08525
0.1831875
0.229
0.257625
0.287875
0.2826875
0.257375
0.184375
0.090875
0.07175
0.06325
0.11075
0.118875
0.0600625
0.0248125
-0.0104375
0.015875
0.07875
0.1275
0.168625
0.1895625
0.18475
0.1434375
0.134875
0.119
0.093875
0.080375
0.030375
0.012375
0.04525
0.1023125
0.1204375
0.0905
-0.021
-0.095625
-0.0855625
-0.0495
0.066375
0.1535625
0.197375
0.2478125
0.2474375
0.1945
0.12175
0.03775
-0.02475
-0.04525
-0.02475
-0.0254375
0.0189375
0.1115
0.1415625
0.1713125
0.1324375
0.039875
0.0108125
0.02475
0.08275
0.1151875
0.126125
0.1360625
0.1155625
0.1565
0.208
0.2396875
0.2806875
0.292
0.292125
0.2915625
0.291625
0.275125
0.2705
0.2348125
0.21275
0.2248125
0.2044375
0.225
0.2319375
0.22375
0.217875
0.1749375
0.1289375
0.073625
0.07725
0.15575
0.2373125
0.3250625
0.3615
0.35025
0.339
0.3125625
0.3079375
0.3033125
0.2781875
0.2834375
0.257625
0.214625
0.17325
0.117375
0.0919375
0.0836875
0.1131875
0.142
0.1745
0.207
0.2259375
0.227
0.1961875
0.172
0.1425
0.1176875
0.0959375
0.078125
0.0755
0.1164375
0.2029375
0.278875
0.339625
0.37
0.37
0.3495
0.329
0.3091875
0.247375
0.22725
0.16775
0.064875
0.0354375
-0.0151875
-0.0151875
-0.0151875
-0.0151875
