0.1425
0.1425
0.1425
0.1425
0.035
0.063125
-0.023125
-0.105625
-0.125
-0.04125
0.044375
0.0775
0.190625
0.21375
0.143125
0.225625
0.239375
0.1775
0.303125
0.22125
0.193125
0.09875
-0.19625
-0.39125
-0.630625
-0.623125
-0.42125
-0.27125
0.105625
0.248125
0.303125
0.40375
0.286875
0.41625
0.47125
0.565625
0.6475
0.4275
0.223125
-0.00875
-0.325625
-0.47375
-0.5175
-0.573125
-0.513125
-0.383125
-0.191875
-0.00625
0.18625
0.215
0.043125
-0.123125
-0.310625
-0.448125
-0.50875
-0.4625
-0.409375
-0.3075
-0.185
-0.27625
-0.35125
-0.479375
-0.61125
-0.6475
-0.695
-0.711875
-0.735
-0.648125
-0.555625
-0.4575
-0.34125
-0.4225
-0.52625
-0.63
-0.755
-0.815625
-0.851875
-0.8825
-0.945625
-0.98
-1.06375
-1.15875
-1.059375
-0.94875
-0.663125
-0.320625
-0.15
0.060625
0.046875
-0.024375
-0.013125
-0.074375
-0.046875
-0.013125
-0.105625
-0.148125
-0.094375
0.006875
0.089375
0.106875
-0.04375
-0.148125
-0.203125
-0.170625
-0.128125
-0.36
-0.578125
-0.8875
-1.126875
-1.19125
-1.178125
-1.125
-1.031875
-0.888125
-0.72875
-0.40375
-0.13375
0.0975
0.155625
-0.041875
-0.271875
-0.55375
-0.751875
-0.87375
-0.86125
-0.76375
-0.518125
-0.273125
-0.2075
-0.169375
-0.33
-0.455625
-0.5
-0.453125
-0.275
0.00625
0.495
0.760625
0.826875
0.775
0.319375
-0.03125
-0.266875
-0.635625
-0.644375
-0.615625
-0.54875
-0.235
-0.079375
0.00625
0.104375
0.095625
0.130625
0.21875
0.263125
0.315
0.26
0.23375
0.23125
0.054375
-0.1925
-0.471875
-0.68125
-0.570625
-0.3325
-0.113125
-0.074375
-0.355625
-0.63125
-0.875
-1.06
-1.060625
-0.859375
-0.526875
-0.015625
0.606875
0.83125
0.768125
0.4675
-0.064375
-0.219375
-0.278125
-0.118125
0.23125
0.3525
0.583125
0.57375
0.3125
-0.015625
-0.4475
-0.735
-0.819375
-0.76625
-0.56
-0.4025
-0.31
-0.101875
-0.14625
-0.181875
-0.1775
-0.458125
-0.5525
-0.45375
-0.38
-0.194375
0.054375
-0.019375
0.03
0.25375
0.395
0.64875
0.690625
0.498125
0.13625
-0.160625
-0.37125
-0.474375
-0.32125
-0.11875
0.09125
0.288125
0.2575
0.011875
-0.250625
-0.53
-0.58625
-0.401875
-0.200625
0.128125
0.188125
0.0725
0.055625
-0.165625
-0.026875
0.18
0.194375
0.398125
0.358125
0.411875
0.554375
0.465625
0.283125
-0.075
-0.428125
-0.63
-0.675625
-0.65625
-0.53125
-0.26
-0.04875
0.186875
0.373125
0.355625
0.3775
0.391875
0.286875
0.115
0.095625
0.186875
0.2425
0.403125
0.41125
0.15625
0.09875
0.045
-0.16125
-0.175625
-0.281875
-0.395625
-0.2025
0.045
0.14
0.34125
0.388125
0.2425
0.248125
0.05625
-0.135625
-0.0825
-0.000625
0.14
0.160625
-0.145625
-0.48125
-0.616875
-0.5125
-0.16875
0.15
0.18875
-0.046875
-0.365625
-0.6325
-0.819375
-0.81
-0.614375
-0.32125
0.171875
0.735625
0.94125
0.87875
0.53625
-0.073125
-0.353125
-0.494375
-0.395625
0.01
0.30375
0.595
0.65375
0.446875
0.123125
-0.203125
-0.416875
-0.538125
-0.588125
-0.673125
-0.765625
-0.821875
-0.869375
-0.851875
-0.86125
-0.7875
-0.716875
-0.53625
-0.27
-0.19625
-0.016875
-0.090625
-0.2325
-0.285625
-0.493125
-0.438125
-0.204375
0.034375
0.32125
0.435625
0.243125
0.16875
0.246875
0.259375
0.384375
0.273125
-0.05875
-0.31625
-0.50875
-0.56625
-0.54
-0.4825
-0.328125
-0.190625
0.041875
0.245625
0.13375
0.10375
-0.11625
-0.266875
-0.073125
0.03875
0.355
0.52625
0.52
0.4
0.085625
0.065625
-0.068125
-0.068125
0.121875
0.06625
0.178125
0.27625
0.2075
0.17
0.058125
0.04875
0.158125
0.174375
0.275625
0.1325
-0.049375
-0.118125
-0.235
-0.054375
-0.0425
-0.08
-0.13125
-0.3725
-0.32625
-0.20375
0.05625
0.388125
0.488125
0.56125
0.415625
0.163125
-0.030625
-0.12125
-0.12125
-0.1725
-0.025625
-0.1075
-0.196875
-0.196875
-0.196875
-0.196875
