1.16375
1.16375
1.16375
1.16375
1.109375
1.014375
0.989375
0.965625
0.993125
1.071875
1.056875
1.086875
1.093125
1.09125
1.178125
1.2025
1.23875
1.2125
1.109375
1.031875
0.946875
0.906875
0.898125
0.92125
0.936875
0.995
1.0475
1.0375
1.069375
1.01625
0.96
0.941875
0.9075
0.960625
1.0325
1.125625
1.1725
1.140625
1.09875
1.055625
1.02875
1.024375
1.0075
0.939375
0.884375
0.839375
0.855
0.9
0.951875
1.03375
1.041875
1.045625
1.0875
1.1075
1.17875
1.2425
1.263125
1.25375
1.17375
1.115625
1.014375
0.97
0.97875
0.968125
0.99875
0.949375
0.880625
0.836875
0.8375
0.896875
0.97875
1.06375
1.073125
1.08625
1.076875
1.01125
0.97125
0.915
0.871875
0.911875
0.955625
0.971875
0.989375
0.96125
0.954375
1.0025
1.045625
1.055625
1.03125
0.996875
0.96625
1.004375
1.071875
1.07375
1.071875
0.988125
0.894375
0.87125
0.8775
0.933125
0.988125
1.0
0.95875
0.925
0.908125
0.926875
0.96625
1.025
1.03875
1.05125
1.114375
1.15
1.211875
1.229375
1.15875
1.03875
0.955625
0.905625
0.89
0.921875
0.899375
0.875
0.880625
0.87875
0.896875
0.941875
0.99625
1.108125
1.203125
1.285625
1.290625
1.21625
1.14875
1.03625
0.97125
0.918125
0.906875
0.9325
0.986875
1.0725
1.12625
1.15375
1.14875
1.1175
1.03875
0.990625
0.945
0.911875
0.925625
0.91875
0.8925
0.88125
0.865
0.90125
0.99125
1.05
1.115
1.1075
1.023125
0.953125
0.878125
0.829375
0.823125
0.861875
0.90125
0.945
0.996875
0.981875
0.981875
0.980625
0.97875
0.994375
1.018125
1.070625
1.115625
1.144375
1.161875
1.1075
1.03625
1.004375
0.916875
0.873125
0.863125
0.82625
0.833125
0.839375
0.82875
0.8275
0.820625
0.829375
0.865
0.900625
0.99625
1.103125
1.139375
1.186875
1.135
1.010625
0.96125
0.89875
0.885625
0.923125
0.915
0.898125
0.91875
0.9775
1.033125
1.11625
1.15875
1.11
1.0725
1.011875
0.906875
0.8875
0.89625
0.900625
0.99375
1.011875
0.993125
1.001875
0.96625
0.97125
0.9925
0.98
0.9525
0.921875
0.899375
0.895
0.8875
0.89125
0.891875
0.89
0.941875
0.986875
1.009375
1.05
1.01
0.946875
0.945625
0.910625
0.919375
0.959375
0.905625
0.86875
0.834375
0.8125
0.840625
0.840625
0.840625
0.840625
