0.376875
0.376875
0.376875
0.376875
0.37875
0.433125
0.464375
0.5175
0.544375
0.528125
0.53375
0.521875
0.519375
0.540625
0.5325
0.53625
0.5425
0.5175
0.508125
0.505625
0.473125
0.464375
0.460625
0.455625
0.471875
0.4875
0.499375
0.51125
0.524375
0.521875
0.52
0.51375
0.50875
0.525
0.543125
0.5625
0.57125
0.549375
0.5325
0.49875
0.481875
0.50125
0.4975
0.533125
0.573125
0.5825
0.61
0.589375
0.569375
0.56375
0.555625
0.58875
0.613125
0.635625
0.64125
0.628125
0.559375
0.48875
0.439375
0.391875
0.435
0.498125
0.57125
0.635625
0.654375
0.6425
0.5825
0.549375
0.539375
0.530625
0.561875
0.55875
0.526875
0.520625
0.5075
0.503125
0.51125
0.506875
0.51125
0.533125
0.545
0.54875
0.506875
0.445
0.41
0.389375
0.4525
0.535625
0.598125
0.645625
0.6325
0.61375
0.584375
0.561875
0.551875
0.54125
0.550625
0.5725
0.594375
0.6125
0.6375
0.63625
0.64
0.625625
0.591875
0.5775
0.553125
0.563125
0.56875
0.569375
0.5875
0.59125
0.621875
0.635625
0.629375
0.604375
0.55375
0.526875
0.49125
0.48125
0.49
0.459375
0.450625
0.43875
0.405
0.4375
0.45875
0.46
0.484375
0.491875
0.491875
0.491875
0.491875
