0.200625
0.200625
0.200625
0.200625
0.2125
0.22375
0.213125
0.171875
0.125625
0.0925
0.103125
0.16875
0.239375
0.296875
0.338125
0.3125
0.29875
0.299375
0.2775
0.314375
0.336875
0.328125
0.33625
0.308125
0.275625
0.250625
0.2425
0.243125
0.225
0.21875
0.17875
0.1525
0.18625
0.250625
0.344375
0.40875
0.426875
0.4025
0.3425
0.31
0.29
0.27625
0.31625
0.346875
0.356875
0.373125
0.3275
0.279375
0.2725
0.259375
0.285
0.333125
0.348125
0.36375
0.36625
0.32875
0.273125
0.225625
0.19125
0.1675
0.19875
0.224375
0.2425
0.2825
0.291875
0.30125
0.305625
0.283125
0.240625
0.18125
0.13625
0.1075
0.110625
0.1475
0.161875
0.1975
0.22125
0.228125
0.27875
0.285625
0.29
0.275625
0.2275
0.22375
0.2375
0.294375
0.36375
0.409375
0.460625
0.485
0.49625
0.516875
0.48875
0.439375
0.3825
0.29
0.2425
0.23375
0.215625
0.221875
0.234375
0.21875
0.23125
0.245625
0.208125
0.18375
0.16625
0.146875
0.159375
0.17625
0.16625
0.188125
0.221875
0.265625
0.344375
0.386875
0.415
0.438125
0.42875
0.4225
0.409375
0.35
0.284375
0.21875
0.171875
0.195
0.240625
0.295625
0.34125
0.35375
0.38375
0.378125
0.3725
0.346875
0.2825
0.256875
0.23125
0.2225
0.23125
0.22125
0.21375
0.23
0.2525
0.296875
0.325625
0.33625
0.318125
0.306875
0.330625
0.329375
0.365625
0.3625
0.33875
0.3375
0.31
0.3
0.2875
0.27125
0.255
0.231875
0.189375
0.17125
0.161875
0.161875
0.1825
0.155
0.1375
0.141875
0.15875
0.216875
0.275
0.315625
0.33375
0.335
0.320625
0.275625
0.238125
0.220625
0.191875
0.19875
0.234375
0.23625
0.2775
0.331875
0.343125
0.361875
0.335625
0.255
0.208125
0.2
0.234375
0.300625
0.32375
0.286875
0.21
0.133125
0.095
0.124375
0.19625
0.268125
0.336875
0.35375
0.325625
0.306875
0.264375
0.236875
0.225
0.215
0.235
0.24
0.25875
0.28125
0.276875
0.280625
0.294375
0.279375
0.26625
0.296875
0.286875
0.27125
0.284375
0.225
0.186875
0.175
0.121875
0.11375
0.1175
0.1125
0.136875
0.174375
0.219375
0.285
0.3475
0.365
0.338125
0.286875
0.2425
0.220625
0.22625
0.215625
0.169375
0.123125
0.1075
0.146875
0.235
0.31625
0.369375
0.3575
0.33
0.3275
0.29625
0.30625
0.3075
0.291875
0.309375
0.32875
0.32875
0.32625
0.31375
0.275
0.243125
0.191875
0.17
0.179375
0.20125
0.24375
0.23
0.2
0.191875
0.193125
0.240625
0.289375
0.320625
0.359375
0.3625
0.3675
0.3625
0.321875
0.298125
0.266875
0.2325
0.221875
0.219375
0.225625
0.23125
0.226875
0.21375
0.19625
0.195
0.19125
0.200625
0.204375
0.20125
0.21125
0.19875
0.191875
0.190625
0.19
0.2225
0.24375
0.244375
0.23625
0.2075
0.21
0.236875
0.26625
0.284375
0.265625
0.23375
0.198125
0.176875
0.169375
0.16
0.169375
0.19875
0.248125
0.311875
0.36625
0.37375
0.3475
0.31125
0.275
0.258125
0.25125
0.2475
0.229375
0.2175
0.231875
0.246875
0.24625
0.243125
0.19875
0.171875
0.20625
0.244375
0.325
0.36625
0.3475
0.34
0.311875
0.298125
0.32125
0.315625
0.29875
0.279375
0.2275
0.20125
0.1825
0.17375
0.185625
0.175
0.174375
0.180625
0.205
0.258125
0.305
0.36625
0.39
0.37625
0.363125
0.3025
0.253125
0.22625
0.198125
0.20375
0.2225
0.2625
0.313125
0.330625
0.338125
0.3125
0.28125
0.2975
0.313125
0.3325
0.33375
0.299375
0.275
0.248125
0.244375
0.249375
0.258125
0.298125
0.3275
0.37625
0.393125
0.371875
0.343125
0.283125
0.254375
0.2325
0.216875
0.213125
0.216875
0.228125
0.241875
0.280625
0.27875
0.275
0.27375
0.218125
0.18625
0.17375
0.15625
0.178125
0.22375
0.248125
0.264375
0.30125
0.290625
0.283125
0.316875
0.289375
0.315
0.319375
0.299375
0.31
0.27125
0.256875
0.20625
0.158125
0.118125
0.07875
0.069375
0.065625
0.085625
0.126875
0.184375
0.2425
0.284375
0.288125
0.265625
0.236875
0.236875
0.246875
0.290625
0.335
0.321875
0.331875
0.318125
0.3175
0.373125
0.41
0.409375
0.37625
0.31875
0.26125
0.251875
0.275625
0.2925
0.290625
0.30125
0.301875
0.31
0.336875
0.335
0.323125
0.3125
0.296875
0.259375
0.219375
0.17375
0.130625
0.11625
0.119375
0.155625
0.220625
0.296875
0.368125
0.401875
0.41875
0.44
0.4425
0.435625
0.413125
0.3425
0.28625
0.276875
0.2425
0.239375
0.25375
0.23375
0.273125
0.340625
0.3875
0.423125
0.430625
0.41
0.375
0.375
0.358125
0.326875
0.31625
0.288125
0.29375
0.31375
0.354375
0.395
0.40125
0.43125
0.428125
0.404375
0.415625
0.39375
0.38125
0.41
0.415625
0.430625
0.426875
0.37125
0.3325
0.27625
0.2575
0.28375
0.293125
0.31
0.29375
0.28375
0.2825
0.30125
0.3225
0.294375
0.23375
0.18375
0.171875
0.213125
0.28625
0.321875
0.334375
0.3175
0.3275
0.35375
0.383125
0.409375
0.383125
0.3575
0.321875
0.309375
0.320625
0.349375
0.379375
0.38125
0.37125
0.335
0.298125
0.274375
0.293125
0.329375
0.36875
0.395
0.35875
0.31375
0.25
0.228125
0.246875
0.248125
0.26625
0.259375
0.245
0.265625
0.30875
0.355
0.41625
0.456875
0.476875
0.486875
0.48
0.485625
0.4675
0.453125
0.42125
0.353125
0.304375
0.23125
0.179375
0.158125
0.1725
0.201875
0.215
0.22375
0.2075
0.215
0.26125
0.316875
0.3625
0.386875
0.356875
0.31
0.233125
0.165
0.153125
0.136875
0.161875
0.183125
0.159375
0.17125
0.19625
0.225
0.273125
0.30125
0.30875
0.305625
0.296875
0.264375
0.21125
0.2
0.190625
0.2225
0.29875
0.3175
0.345
0.36125
0.3475
0.38
0.388125
0.36375
0.33
0.243125
0.195625
0.179375
0.169375
0.20125
0.21625
0.211875
0.22125
0.246875
0.2725
0.309375
0.351875
0.3675
0.371875
0.39625
0.406875
0.396875
0.398125
0.381875
0.35875
0.346875
0.295625
0.23625
0.225
0.249375
0.3075
0.37125
0.3675
0.331875
0.324375
0.316875
0.356875
0.374375
0.373125
0.34375
0.294375
0.29
0.240625
0.2475
0.265625
0.28125
0.341875
0.355625
0.3575
0.345
0.343125
0.384375
0.414375
0.444375
0.44
0.38875
0.34
0.274375
0.2175
0.17625
0.146875
0.13375
0.13875
0.174375
0.23625
0.294375
0.33875
0.340625
0.325625
0.328125
0.333125
0.37875
0.38875
0.36375
0.35125
0.319375
0.31
0.335625
0.310625
0.25125
0.210625
0.145
0.125
0.163125
0.191875
0.25875
0.316875
0.351875
0.38125
0.39
0.413125
0.43
0.420625
0.409375
0.385
0.345
0.329375
0.286875
0.251875
0.240625
0.255
0.285625
0.301875
0.313125
0.299375
0.285
0.2625
0.239375
0.223125
0.2425
0.295
0.3625
0.396875
0.38625
0.350625
0.31
0.32
0.349375
0.37
0.353125
0.320625
0.28625
0.28625
0.33625
0.385
0.4325
0.4575
0.443125
0.4225
0.416875
0.41625
0.450625
0.485
0.488125
0.455
0.3825
0.276875
0.17875
0.1425
0.11875
0.133125
0.16625
0.17125
0.196875
0.233125
0.276875
0.2925
0.2875
0.279375
0.254375
0.295
0.376875
0.40875
0.42
0.365625
0.25625
0.218125
0.224375
0.286875
0.369375
0.421875
0.4475
0.411875
0.405625
0.358125
0.323125
0.354375
0.3275
0.338125
0.30375
0.199375
0.125625
0.065625
0.0675
0.139375
0.24
0.335625
0.399375
0.43375
0.440625
0.426875
0.43
0.3925
0.364375
0.36875
0.359375
0.4
0.421875
0.4025
0.355
0.295
0.244375
0.231875
0.286875
0.355
0.40875
0.424375
0.375
0.311875
0.25375
0.2425
0.28375
0.330625
0.39625
0.435625
0.430625
0.39375
0.350625
0.288125
0.26
0.258125
0.26125
0.276875
0.28125
0.28
0.2475
0.2425
0.23125
0.235
0.29375
0.34125
0.38625
0.424375
0.430625
0.4275
0.4075
0.37875
0.3475
0.28625
0.258125
0.256875
0.264375
0.294375
0.316875
0.3
0.246875
0.2325
0.201875
0.218125
0.285
0.320625
0.396875
0.435625
0.456875
0.46125
0.438125
0.396875
0.32875
0.2775
0.235625
0.228125
0.2475
0.280625
0.295
0.296875
0.286875
0.2725
0.253125
0.275
0.313125
0.341875
0.373125
0.340625
0.308125
0.24
0.18375
0.17
0.13375
0.13125
0.158125
0.175
0.23875
0.3325
0.379375
0.43125
0.455
0.43625
0.455
0.449375
0.4025
0.39375
0.331875
0.27
0.2475
0.191875
0.16875
0.153125
0.135625
0.110625
0.110625
0.110625
0.110625
