0.2933125
0.2933125
0.2933125
0.2933125
0.290625
0.29
0.315125
0.338125
0.3751875
0.3969375
0.3934375
0.3765625
0.3325
0.3069375
0.290125
0.2894375
0.313875
0.34375
0.373375
0.395
0.404625
0.4045
0.405625
0.407875
0.410125
0.41125
0.41125
0.410125
0.410125
0.412375
0.414625
0.416875
0.404875
0.378625
0.33925
0.28675
0.247375
0.23125
0.22825
0.25575
0.2823125
0.283125
0.2970625
0.289375
0.3009375
0.333125
0.3385625
0.34825
0.3213125
0.3105
0.3083125
0.30625
0.3274375
0.317
0.3220625
0.327
0.335125
0.3426875
0.341625
0.3306875
0.311625
0.3045625
0.28325
0.28325
0.28325
0.28325
