0.43125
0.43125
0.43125
0.43125
0.443125
0.43875
0.4275
0.434375
0.428125
0.43625
0.450625
0.44
0.44625
0.445
0.436875
0.448125
0.455625
0.4625
0.483125
0.4925
0.49
0.489375
0.474375
0.451875
0.44125
0.426875
0.42
0.436875
0.443125
0.4425
0.438125
0.418125
0.41125
0.413125
0.411875
0.413125
0.406875
0.40125
0.411875
0.42125
0.44125
0.456875
0.456875
0.46
0.449375
0.4475
0.445
0.439375
0.44125
0.445625
0.464375
0.484375
0.501875
0.511875
0.508125
0.500625
0.498125
0.483125
0.475
0.458125
0.431875
0.429375
0.42625
0.440625
0.453125
0.45125
0.43375
0.42
0.4225
0.425
0.454375
0.46375
0.453125
0.444375
0.42125
0.415
0.429375
0.441875
0.455625
0.455625
0.4375
0.435625
0.43375
0.450625
0.481875
0.494375
0.50875
0.51
0.504375
0.50625
0.505625
0.505
0.503125
0.494375
0.48625
0.484375
0.47375
0.4725
0.4625
0.44625
0.440625
0.430625
0.428125
0.4275
0.428125
0.423125
0.425
0.418125
0.409375
0.411875
0.404375
0.411875
0.424375
0.43625
0.459375
0.47625
0.490625
0.495
0.493125
0.495625
0.486875
0.481875
0.47625
0.46
0.456875
0.451875
0.446875
0.45375
0.461875
0.471875
0.48375
0.48875
0.484375
0.49125
0.485
0.48
0.4825
0.470625
0.480625
0.488125
0.481875
0.470625
0.444375
0.414375
0.403125
0.41125
0.42625
0.45625
0.4775
0.48375
0.489375
0.485
0.475
0.47
0.454375
0.4425
0.439375
0.44375
0.455625
0.460625
0.4625
0.45625
0.461875
0.4725
0.483125
0.495
0.495625
0.49375
0.491875
0.48
0.4675
0.45875
0.449375
0.4575
0.468125
0.470625
0.469375
0.456875
0.441875
0.443125
0.44875
0.453125
0.4575
0.43875
0.425
0.425625
0.43
0.460625
0.485625
0.49
0.481875
0.456875
0.433125
0.428125
0.443125
0.46
0.47625
0.483125
0.475625
0.471875
0.47
0.47125
0.470625
0.46125
0.45
0.431875
0.42
0.421875
0.415625
0.41125
0.406875
0.395625
0.4025
0.408125
0.420625
0.435
0.42875
0.4375
0.44125
0.44125
0.4625
0.474375
0.484375
0.4975
0.495625
0.484375
0.47125
0.459375
0.45625
0.471875
0.483125
0.490625
0.4925
0.47375
0.47125
0.460625
0.45125
0.45625
0.45
0.46
0.47
0.479375
0.49
0.49625
0.50125
0.500625
0.500625
0.500625
0.500625
