-0.218125
-0.218125
-0.218125
-0.218125
-0.22625
-0.215
-0.1875
-0.16625
-0.124375
-0.106875
-0.095625
-0.088125
-0.0975
-0.07
-0.0275
0.016875
0.0575
0.06625
0.043125
0.039375
0.046875
0.03375
0.05875
0.036875
0.00875
0.021875
0.014375
0.034375
0.07
0.0625
0.025
0.0225
0.0075
0.029375
0.08
0.073125
0.06375
0.025625
-0.0125
-0.0375
-0.043125
-0.034375
-0.03125
-0.021875
-0.048125
-0.07875
-0.100625
-0.0925
-0.06125
-0.025625
-0.018125
-0.053125
-0.0975
-0.135625
-0.12625
-0.104375
-0.073125
-0.048125
-0.051875
-0.050625
-0.03875
-0.03125
0.01125
0.05625
0.07125
0.090625
0.0525
-0.004375
-0.058125
-0.1075
-0.129375
-0.13
-0.1075
-0.100625
-0.115
-0.135
-0.169375
-0.183125
-0.126875
-0.068125
0.020625
0.1225
0.145625
0.16
0.126875
0.044375
-0.00375
-0.01875
-0.050625
-0.02875
0.011875
0.024375
0.109375
0.145
0.135
0.1275
0.073125
0.035625
0.045625
0.02375
0.05125
0.089375
0.076875
0.0925
0.0475
-0.00625
-0.069375
-0.125625
-0.15875
-0.219375
-0.195
-0.18125
-0.181875
-0.090625
-0.06375
-0.001875
0.081875
0.075625
0.07125
-0.02375
-0.125625
-0.17875
-0.2425
-0.195
-0.141875
-0.098125
8.67361737988e-18
-0.003125
0.010625
-0.00875
-0.06
-0.029375
-0.045
-0.045
-0.016875
0.006875
0.051875
0.104375
0.12125
0.11375
0.108125
0.11
0.12
0.116875
0.11375
0.1
0.096875
0.085625
0.074375
0.0625
0.009375
-0.01875
-0.051875
-0.080625
-0.0775
-0.095
-0.0875
-0.08125
-0.0575
-0.005
0.0075
0.025625
0.008125
-0.02375
-0.030625
-0.040625
-0.03125
-0.009375
0.0325
0.093125
0.145625
0.165625
0.1375
0.08875
0.053125
0.065625
0.124375
0.183125
0.2325
0.22875
0.1675
0.0825
-0.005625
-0.06625
-0.08375
-0.08375
-0.08375
-0.08375
