-0.524375
-0.524375
-0.524375
-0.524375
-0.615
-0.615
-0.6225
-0.655
-0.579375
-0.355625
-0.155
0.105
0.254375
0.176875
0.138125
0.035625
-0.2
-0.36625
-0.548125
-0.70375
-0.593125
-0.453125
-0.353125
-0.095
-0.088125
-0.125625
-0.1175
-0.429375
-0.611875
-0.55875
-0.330625
0.015625
0.344375
0.41375
0.16375
0.000625
-0.16125
-0.393125
-0.476875
-0.610625
-0.728125
-0.693125
-0.564375
-0.378125
-0.229375
0.033125
0.08
-0.0125
-0.05625
-0.34375
-0.56625
-0.66
-0.77625
-0.829375
-0.7875
-0.829375
-0.87125
-0.865625
-0.9075
-0.9075
-0.9075
-0.901875
-0.8925
-0.86375
-0.8575
-0.72375
-0.5975
-0.475625
-0.17
-0.094375
-0.0175
0.1625
0.153125
0.255625
0.38
0.38625
0.3025
0.17125
0.095
-0.091875
-0.195
-0.284375
-0.58125
-0.809375
-1.003125
-1.18375
-1.23125
-1.236875
-1.2425
-1.236875
-1.23125
-1.225625
-1.22
-1.225625
-1.189375
-0.99875
-0.675
-0.345625
-0.105625
-0.123125
-0.406875
-0.545
-0.61125
-0.63125
-0.518125
-0.69625
-0.883125
-0.973125
-1.02125
-0.92375
-0.743125
-0.595
-0.3975
-0.194375
-0.223125
-0.30125
-0.46375
-0.580625
-0.513125
-0.40375
-0.399375
-0.43875
-0.580625
-0.680625
-0.67875
-0.743125
-0.7375
-0.6825
-0.625625
-0.3575
-0.085
0.014375
0.05125
-0.17125
-0.45875
-0.68125
-0.806875
-0.87125
-0.899375
-0.910625
-0.99625
-1.03625
-1.019375
-0.99125
-0.894375
-0.73875
-0.638125
-0.575
-0.521875
-0.544375
-0.559375
-0.5675
-0.65875
-0.57875
-0.489375
-0.38625
-0.173125
-0.27625
-0.415
-0.5425
-0.730625
-0.63875
-0.364375
-0.05375
0.376875
0.536875
0.399375
0.196875
-0.0725
-0.036875
0.0775
0.19625
0.075
-0.309375
-0.600625
-0.87875
-0.941875
-0.894375
-0.87375
-0.689375
-0.508125
-0.3175
-0.134375
-0.2425
-0.40625
-0.585
-0.609375
-0.3675
-0.060625
0.2425
0.328125
0.146875
-0.044375
-0.2625
-0.398125
-0.384375
-0.42
-0.385
-0.470625
-0.451875
-0.379375
-0.324375
-0.08625
-0.07125
-0.03625
-0.050625
-0.234375
-0.331875
-0.46875
-0.533125
-0.519375
-0.523125
-0.433125
-0.4075
-0.30125
-0.115
-0.020625
0.21625
0.30875
0.329375
0.34625
0.28875
0.46625
0.6925
0.81
0.721875
0.471875
0.176875
-0.015
0.073125
-0.035
-0.08125
0.041875
-0.07125
0.0575
0.13375
-0.11375
-0.283125
-0.389375
-0.53375
-0.398125
-0.1825
-0.188125
0.015625
-0.015
0.0325
0.17
0.03125
0.018125
-0.113125
-0.24125
-0.24375
-0.2425
-0.28625
-0.251875
-0.2325
-0.22625
-0.26375
-0.376875
-0.4975
-0.480625
-0.24125
0.015
0.30125
0.299375
0.030625
-0.245625
-0.529375
-0.66625
-0.6475
-0.61
-0.425625
-0.220625
-0.034375
0.2475
0.198125
0.1075
-0.0325
-0.279375
-0.1725
0.076875
0.52625
0.963125
1.045625
0.899375
0.625
0.2625
0.053125
0.065
0.06625
0.309375
0.628125
0.68375
0.566875
0.186875
-0.23875
-0.359375
-0.328125
-0.215
-0.124375
-0.33875
-0.5825
-0.650625
-0.696875
-0.554375
-0.244375
-0.04375
0.199375
0.5225
0.615625
0.635
0.674375
0.46375
0.35
0.305
0.190625
0.225625
0.275625
0.16875
-0.0375
-0.274375
-0.444375
-0.345
-0.16125
0.036875
0.03875
-0.20375
-0.424375
-0.62375
-0.688125
-0.641875
-0.620625
-0.625
-0.493125
-0.36875
-0.110625
0.1525
0.056875
-0.07125
-0.451875
-0.8725
-0.889375
-0.82125
-0.614375
-0.3425
-0.434375
-0.458125
-0.4175
-0.381875
-0.173125
-0.195625
-0.208125
-0.1275
0.050625
0.445625
0.76625
0.866875
0.900625
0.741875
0.45
0.270625
-0.095625
-0.255
-0.241875
-0.1525
0.16375
0.23375
0.3775
0.5025
0.566875
0.786875
0.89375
0.89375
0.718125
0.5125
0.14875
-0.281875
-0.52375
-0.758125
-0.794375
-0.6075
-0.335
0.03625
0.375
0.465625
0.31625
-0.030625
-0.3875
-0.43125
-0.37
-0.21
-0.086875
-0.156875
-0.196875
-0.229375
-0.228125
-0.34625
-0.51375
-0.730625
-0.896875
-0.928125
-0.879375
-0.77
-0.5925
-0.42625
-0.311875
-0.189375
-0.3325
-0.504375
-0.52875
-0.625625
-0.51875
-0.233125
-0.073125
0.265625
0.53625
0.55375
0.51375
0.201875
-0.133125
-0.33625
-0.455625
-0.39125
-0.126875
0.118125
0.258125
0.365
0.311875
0.37875
0.395
0.3875
0.2675
0.03125
-0.07125
-0.04875
0.225
0.39375
0.54875
0.634375
0.58125
0.621875
0.6525
0.4375
0.19625
0.075
0.07
0.32375
0.49125
0.44125
0.276875
0.03875
0.02375
0.109375
0.103125
0.23375
0.255625
0.27875
0.37125
0.189375
-0.114375
-0.4475
-0.75625
-0.87625
-0.87125
-0.8375
-0.641875
-0.520625
-0.2475
0.189375
0.31
0.518125
0.5275
0.22625
0.19
0.216875
0.285625
0.66125
0.768125
0.63125
0.39125
-0.163125
-0.399375
-0.34125
-0.07875
0.489375
0.7625
0.7125
0.51625
0.034375
-0.295625
-0.349375
-0.313125
-0.100625
0.21125
0.415625
0.44125
0.430625
0.29125
0.02375
0.02375
0.14
0.174375
0.46375
0.46125
0.231875
0.0875
-0.30875
-0.408125
-0.444375
-0.31125
-0.0525
-0.02625
0.18625
0.081875
0.068125
0.21625
0.134375
0.3225
0.29125
0.103125
0.071875
-0.183125
-0.30125
-0.16875
-0.02875
0.219375
0.436875
0.370625
0.203125
0.15125
0.29125
0.52875
0.693125
0.744375
0.441875
0.12375
-0.093125
-0.443125
-0.48125
-0.455
-0.438125
-0.174375
-0.00375
0.1425
0.290625
0.3725
0.303125
0.348125
0.385
0.33375
0.324375
0.101875
-0.104375
-0.276875
-0.35
-0.225625
-0.081875
-0.045625
0.040625
-0.059375
-0.07875
0.05625
0.010625
0.04875
0.000625
-0.104375
-0.10875
-0.018125
0.05625
0.23875
0.4025
0.494375
0.48125
0.28
0.209375
0.163125
0.1975
0.331875
0.359375
0.146875
-0.0075
-0.204375
-0.529375
-0.505625
-0.51375
-0.440625
-0.131875
0.02625
0.1275
0.19625
0.056875
-0.0425
-0.060625
0.056875
0.425
0.688125
0.926875
0.85875
0.591875
0.4075
0.25
0.239375
0.296875
0.221875
0.06875
-0.0375
-0.2175
-0.18375
-0.05125
0.034375
0.093125
0.06375
0.099375
0.294375
0.659375
0.905
0.925625
0.801875
0.624375
0.5025
0.6475
0.745
0.64375
0.751875
0.54875
0.27875
0.306875
0.220625
0.28625
0.481875
0.355625
-0.010625
-0.25375
-0.528125
-0.425625
-0.068125
0.055
0.329375
0.298125
0.149375
0.26125
0.141875
0.064375
0.08
-0.1875
-0.38375
-0.39875
-0.440625
-0.34625
-0.210625
-0.2825
-0.3675
-0.293125
-0.090625
0.31875
0.716875
0.79625
0.534375
0.04125
-0.435
-0.5875
-0.39125
0.04125
0.650625
0.960625
0.965625
0.739375
0.33625
0.048125
0.10875
0.42375
0.576875
0.755625
0.7225
0.42625
0.411875
0.389375
0.23625
0.300625
0.13
-0.05125
0.031875
0.019375
0.27875
0.715625
0.881875
1.04625
0.903125
0.47625
0.3825
0.18375
0.12625
0.328125
0.349375
0.47375
0.57125
0.489375
0.31375
0.11875
0.1
0.12125
0.18875
0.311875
0.21375
-0.01625
-0.19875
-0.430625
-0.64
-0.734375
-0.816875
-0.858125
-0.733125
-0.530625
-0.304375
-0.1025
0.0175
0.1725
0.385625
0.581875
0.65375
0.66
0.38625
0.13875
-0.025
-0.358125
-0.346875
-0.345
-0.29625
-0.0125
0.09375
0.183125
0.3225
0.235
0.073125
-0.055
-0.346875
-0.48625
-0.43125
-0.291875
-0.1025
0.09
0.060625
-0.188125
-0.405625
-0.554375
-0.564375
-0.338125
0.06625
0.400625
0.74
0.843125
0.5725
0.160625
0.160625
0.160625
0.160625
