0.17
0.17
0.17
0.17
-0.071875
-0.238125
-0.421875
-0.55875
-0.539375
-0.458125
-0.18
-0.014375
0.13375
0.338125
0.276875
0.40125
0.650625
0.8025
0.93
0.781875
0.4025
0.0125
-0.239375
-0.33375
-0.29875
-0.356875
-0.425
-0.3975
-0.375625
-0.23125
0.00375
0.030625
0.0425
0.140625
0.0325
0.126875
0.208125
0.06625
0.138125
-0.0075
-0.115625
-0.0925
-0.201875
-0.050625
0.0875
0.22
0.39125
0.279375
0.12375
-0.001875
-0.265
-0.436875
-0.525
-0.6025
-0.463125
-0.11625
0.2925
0.540625
0.615625
0.415625
0.008125
-0.149375
-0.24
-0.05875
0.231875
0.266875
0.276875
-0.031875
-0.280625
-0.44375
-0.57375
-0.541875
-0.55
-0.343125
-0.114375
0.121875
0.235625
0.046875
-0.171875
-0.259375
-0.240625
-0.124375
-0.000625
-5.55111512313e-17
-0.015
-0.020625
0.0725
0.0125
-0.029375
-0.024375
-0.231875
-0.208125
-0.21125
-0.145
0.055
0.003125
-0.024375
-0.1725
-0.32875
-0.166875
0.073125
0.23375
0.48375
0.470625
0.39125
0.556875
0.503125
0.64125
0.75625
0.59
0.541875
0.28375
0.0275
-0.103125
-0.22875
-0.2125
-0.29
-0.254375
-0.123125
-0.051875
0.09375
0.148125
-0.001875
0.04
0.258125
0.356875
0.5175
0.373125
0.05625
-0.045
-0.053125
0.09125
0.065
-0.07
-0.149375
-0.194375
-0.02875
0.135
0.1725
0.14125
0.066875
-0.005625
-0.14625
-0.233125
-0.255625
-0.39125
-0.450625
-0.394375
-0.38375
-0.265
-0.13
-0.131875
-0.185
-0.2675
-0.21375
-0.251875
-0.21375
-0.14125
-0.390625
-0.450625
-0.560625
-0.619375
-0.30125
-0.1875
-0.00375
0.23
0.17875
0.249375
0.28125
0.105
-0.09
-0.3625
-0.50625
-0.549375
-0.3325
-0.3325
-0.3325
-0.3325
