0.022021595
0.022021595
0.022021595
0.022021595
0.03174187125
0.04155954125
0.040868016875
0.04288414625
0.035579331875
0.029852355
0.031605510625
0.03377747375
0.037955824375
0.04209521875
0.0444522375
0.0462833125
0.048630593125
0.045435954375
0.041345259375
0.035559845625
0.034663789375
0.038111663125
0.045572311875
0.047120929375
0.04244584625
0.0410920175
0.043887345
0.05314987
0.06854843875
0.076281823125
0.06776926375
0.060824803125
0.044267204375
0.034585869375
0.034059915625
0.028732265625
0.02907315375
0.03234569125
0.03295928
0.036874644375
0.040634171875
0.033913761875
0.033134599375
0.0317320925
0.03070943625
0.030329585625
0.0259272175
0.023989005
0.021875476875
0.023803945
0.023209819375
0.022976069375
0.02269362125
0.022391694375
0.02939458
0.039144090625
0.04892282
0.05871128875
0.060250188125
0.04492953875
0.03251133375
0.025820104375
0.023190350625
0.03183925
0.0387155175
0.034147573125
0.029530930625
0.036222159375
0.038121429375
0.049760453125
0.0648765675
0.0574061575
0.05414332125
0.04374124875
0.02622915875
0.02091126
0.01594399
0.01318764
0.02556688375
0.03861816625
0.05145517375
0.07091521625
0.07630125875
0.077616088125
0.076194049375
0.063142743125
0.049701905625
0.042221794375
0.038851856875
0.041588745625
0.050286321875
0.06334732875
0.07308708
0.08363522875
0.08350864625
0.0652660825
0.05052983125
0.03558905
0.02914131875
0.0331930625
0.03154705125
0.03301775875
0.03591046625
0.03827723
0.044121084375
0.0428159575
0.039290168125
0.03617344125
0.036475366875
0.0378876275
0.046565763125
0.05816583
0.062860414375
0.07022369125
0.064749936875
0.05223434
0.0432153125
0.03274505875
0.02248909625
0.02495323125
0.02735892875
0.030670425
0.04187112
0.0362512975
0.031576231875
0.027806965
0.021096295625
0.02283972
0.022752068125
0.020843079375
0.017219894375
0.013265553125
0.021524881875
0.034167099375
0.04856247125
0.06207152375
0.054211519375
0.039231758125
0.027524551875
0.027972578125
0.040731673125
0.066035549375
0.08611891875
0.08400535375
0.0770998325
0.05662687375
0.037897335
0.03095291375
0.03630008625
0.042290064375
0.04865989
0.053958344375
0.04232904875
0.036543604375
0.0351702675
0.038725249375
0.04581579375
0.0527505
0.05546789375
0.0477540075
0.0456891775
0.040312835
0.030933454375
0.03596889
0.040098525625
0.04444243375
0.058487136875
0.054941885
0.053130314375
0.05220506125
0.0438873325
0.04446197875
0.036923406875
0.030154275625
0.021076825
0.01221364875
0.008230089375
0.01271035625
0.025196699375
0.0383550875
0.05290625875
0.050081749375
0.041540008125
0.03220934125
0.02434938
0.03647539125
0.047997533125
0.06906466875
0.08423925375
0.077265603125
0.072619755
0.047685939375
0.02674541875
0.016596563125
0.0064574475
0.018252304375
0.032939873125
0.04833844125
0.063503255625
0.056081545625
0.041189443125
0.028673844375
0.01905095125
0.021310571875
0.02759271
0.030855523125
0.03297878625
0.033933285625
0.03579358375
0.042328944375
0.04387754875
0.047237741875
0.04914670875
0.039484888125
0.032501505
0.02879068375
0.02872253
0.03374824625
0.039757674375
0.0355500975
0.025362311875
0.017404930625
0.013236313125
0.015359574375
0.019791161875
0.024368843125
0.0218267675
0.0181256675
0.01590500875
0.013323981875
0.012973354375
0.014122646875
0.017482859375
0.020317128125
0.024592879375
0.02993999875
0.02816736125
0.0281089175
0.029228991875
0.029228991875
0.029228991875
0.029228991875
