5.7
5.7
5.7
5.7
5.43125
4.9
4.9875
5.525
6.63125
7.59375
7.74375
7.525
6.4875
5.49375
4.83125
4.725
4.73125
4.9375
5.5125
5.675
6.13125
6.46875
6.33125
5.9625
5.8125
5.75625
6.03125
6.3125
6.0625
5.84375
5.28125
4.95
4.8625
4.45
4.2875
4.23125
4.39375
5.01875
5.7625
6.33125
6.68125
6.99375
6.875
6.81875
6.59375
5.98125
5.94375
5.89375
6.0
5.975
5.6375
5.2125
4.8
4.7
4.44375
4.3875
4.74375
5.19375
5.86875
6.3625
6.03125
5.825
5.81875
6.20625
7.01875
7.34375
7.21875
6.625
6.2125
6.0375
5.825
5.625
4.9875
4.63125
4.625
4.7625
5.14375
5.10625
4.69375
4.26875
3.88125
3.65
3.7625
3.98125
4.175
4.3375
4.35625
4.2875
4.19375
4.6
5.50625
6.8
8.26875
8.86875
8.5625
7.4625
6.0375
5.04375
4.5375
4.35
4.46875
4.4
4.25
4.6625
5.2
6.05625
7.23125
7.71875
7.5375
7.35
6.66875
5.9875
5.69375
5.125
4.68125
4.45625
4.24375
4.1625
4.15625
4.1375
4.11875
4.0875
4.31875
4.45625
4.60625
4.78125
4.58125
4.56875
4.43125
4.28125
4.25
4.275
4.525
4.8375
5.125
5.0625
4.875
4.5625
4.55625
4.8625
5.3875
6.0375
6.36875
6.74375
6.6375
6.39375
6.01875
5.25625
5.25
5.2375
5.41875
5.84375
5.60625
5.54375
5.46875
5.38125
5.25625
5.0375
4.81875
4.5875
4.575
4.78125
5.20625
5.875
6.94375
7.575
7.9875
7.7875
7.1875
6.75625
6.3
6.45
6.1875
5.93125
5.49375
4.71875
4.76875
5.125
5.85
6.8
6.85625
6.48125
5.63125
5.00625
5.34375
5.79375
6.625
6.9375
6.5625
6.45
6.3625
6.2375
6.125
5.85
5.4875
5.33125
5.20625
5.0125
4.86875
4.75
4.95625
5.2375
5.4
5.71875
6.025
6.19375
6.4125
6.29375
5.875
5.4
5.11875
5.00625
5.19375
5.6
5.825
5.99375
5.8625
5.7875
5.7125
5.91875
6.2625
6.225
6.01875
5.55
5.1125
4.8875
4.83125
4.66875
4.31875
4.23125
4.54375
4.91875
5.6875
6.05
5.80625
5.725
5.55
5.60625
5.675
5.61875
5.24375
4.76875
4.70625
4.69375
5.03125
5.41875
5.43125
5.4375
5.33125
5.2625
5.45625
5.86875
6.23125
6.51875
6.48125
6.05625
5.54375
5.11875
4.9625
5.0375
5.06875
5.24375
5.3125
5.09375
5.00625
4.53125
4.16875
4.18125
4.3875
4.91875
5.39375
5.79375
5.8125
5.56875
5.26875
4.78125
4.5375
4.4125
4.2375
4.0625
3.76875
3.66875
3.74375
4.0375
4.23125
4.24375
4.28125
4.4375
4.925
5.4125
5.80625
5.80625
5.63125
5.4375
5.08125
5.0625
5.1125
5.03125
5.1125
4.69375
4.2125
3.86875
3.8375
4.46875
5.0375
5.69375
6.05625
5.91875
5.99375
5.76875
5.35625
5.1
4.54375
4.375
4.325
4.20625
4.075
3.6875
3.30625
3.0875
3.1
3.46875
3.975
4.3625
4.68125
4.56875
4.30625
3.96875
3.64375
3.55
3.51875
3.7625
4.025
4.08125
4.18125
4.10625
4.05
4.21875
4.2875
4.55
4.6
4.56875
4.475
4.03125
3.9125
4.0125
4.55625
5.10625
5.49375
5.39375
4.9625
4.69375
4.25
4.1125
3.80625
3.5
3.54375
3.46875
3.5625
3.76875
3.7875
3.9875
4.1875
4.54375
4.925
5.15
5.28125
4.925
4.55625
4.29375
4.3875
4.65
4.9125
5.31875
5.11875
5.00625
4.89375
4.39375
4.4
4.33125
4.2625
4.3875
4.35
4.31875
4.45625
4.5
4.55625
4.725
4.4625
4.3875
4.3
4.08125
4.21875
4.16875
4.025
3.925
3.68125
3.53125
3.5125
3.55625
3.70625
4.11875
4.55
4.9125
5.3625
5.38125
5.33125
5.30625
4.9875
4.825
4.85625
4.8625
5.2375
5.625
5.6625
5.725
5.1875
4.55
4.06875
3.76875
4.0125
4.45625
4.925
5.00625
4.84375
4.59375
4.275
4.09375
4.025
3.93125
3.86875
3.91875
3.9375
3.98125
4.13125
4.2125
4.34375
4.4625
4.69375
5.1
5.65
6.10625
6.34375
6.4375
6.14375
6.0375
5.73125
5.14375
4.7
4.1625
3.89375
3.98125
4.3375
4.8625
5.3625
5.7125
5.84375
5.6375
5.625
5.7125
5.58125
5.60625
5.2625
5.2875
5.53125
5.70625
5.975
5.43125
5.10625
4.9
4.74375
4.875
4.61875
4.325
3.94375
4.00625
4.225
4.45
4.875
4.75
4.65
4.5375
4.24375
4.16875
4.06875
4.0375
4.35
4.60625
5.05625
5.4375
5.55625
5.95625
6.40625
7.0125
7.66875
7.91875
7.375
6.53125
5.81875
5.3625
5.63125
6.05
6.0375
5.79375
5.3875
4.96875
4.8
4.86875
4.9375
4.9375
4.7875
4.56875
4.35625
4.325
4.44375
4.76875
5.275
5.84375
6.4
6.58125
6.6
6.275
5.975
5.7125
5.15
4.78125
4.4
4.25625
4.6375
4.89375
5.31875
5.78125
5.8
5.99375
5.85
5.25
5.24375
5.44375
5.8125
6.46875
6.2125
5.6875
5.1625
4.9375
5.28125
5.625
5.95625
5.86875
5.7
5.44375
5.2125
5.0375
4.96875
4.80625
4.58125
4.58125
4.58125
4.58125
