0.891875
0.891875
0.891875
0.891875
0.765
0.701875
0.70125
0.70125
0.674375
0.6975
0.6975
0.741875
0.904375
0.968125
1.059375
1.060625
0.90125
0.8425
0.745
0.755
0.8825
0.939375
0.985625
0.9975
0.946875
0.915625
0.92125
0.85125
0.885
0.943125
0.98625
1.145625
1.1775
1.178125
1.14625
0.965625
0.834375
0.67875
0.604375
0.666875
0.74625
0.89
0.986875
1.0
1.01
0.986875
0.923125
0.874375
0.825625
0.776875
0.80375
0.9
0.999375
1.120625
1.206875
1.2775
1.28625
1.25125
1.186875
1.000625
0.8825
0.753125
0.67875
0.708125
0.741875
0.814375
0.80875
0.81875
0.823125
0.79875
0.91125
1.0125
1.059375
1.206875
1.181875
1.08
1.07125
0.94625
0.9075
0.918125
0.865625
0.83625
0.893125
1.01625
1.095
1.205
1.22
1.1525
1.125625
1.121875
1.073125
0.995625
1.0025
0.893125
0.88625
1.0075
1.07
1.2275
1.33625
1.289375
1.16625
1.02
0.87375
0.8375
0.851875
0.915625
0.984375
1.02125
1.135625
1.199375
1.180625
1.216875
1.14875
1.07125
1.110625
1.07375
1.085625
1.131875
1.15
1.196875
1.20875
1.151875
1.064375
0.974375
0.934375
0.97625
1.00625
0.985
0.889375
0.80375
0.8
0.84375
1.01
1.135
1.158125
1.22
1.135625
0.97875
0.94625
0.856875
0.85875
0.9325
0.8725
0.838125
0.840625
0.921875
1.075
1.19375
1.2625
1.253125
1.226875
1.205
1.173125
1.075625
1.0525
1.081875
1.07625
1.1475
1.075625
0.974375
0.93125
0.87125
0.95125
1.029375
1.11125
1.19875
1.215625
1.205625
1.100625
1.02875
0.913125
0.878125
0.940625
0.9425
1.046875
1.0925
1.1075
1.16625
1.09375
0.993125
0.95375
0.909375
0.941875
0.98
0.955
0.940625
1.0
1.12375
1.203125
1.236875
1.2025
1.1
1.055625
1.05875
0.979375
0.94625
0.889375
0.748125
0.749375
0.775625
0.898125
1.101875
1.261875
1.32125
1.3025
1.263125
1.128125
1.090625
0.99875
0.91375
0.946875
0.966875
1.0175
1.094375
1.144375
1.14875
1.216875
1.210625
1.115
1.055625
1.003125
0.98375
1.068125
1.12375
1.07
1.051875
0.983125
0.9175
0.94125
0.959375
1.035625
1.16125
1.22125
1.218125
1.190625
1.12
1.1
1.12875
1.164375
1.21
1.22
1.234375
1.21875
1.17125
1.159375
1.10875
1.00125
0.881875
0.81625
0.83125
0.9175
1.103125
1.163125
1.169375
1.164375
1.025625
0.946875
0.790625
0.705625
0.711875
0.749375
0.90375
1.00125
1.1025
1.1725
1.16375
1.09125
0.98875
0.855
0.79
0.7725
0.804375
0.87375
0.908125
0.99875
1.048125
1.066875
1.079375
1.043125
1.011875
1.083125
1.205
1.29375
1.33125
1.290625
1.191875
1.1375
1.175625
1.185
1.181875
1.1725
1.05125
0.9825
0.995
1.019375
1.12125
1.1825
1.218125
1.213125
1.228125
1.26
1.244375
1.215625
1.176875
1.16
1.150625
1.221875
1.258125
1.194375
1.186875
1.1125
0.98625
0.989375
0.930625
0.901875
0.950625
0.94625
0.978125
1.019375
1.05375
1.065
1.028125
0.95875
0.94375
0.953125
1.004375
1.07125
1.086875
1.1525
1.209375
1.305625
1.30625
1.184375
1.0475
0.843125
0.749375
0.806875
0.934375
1.04125
1.17375
1.168125
1.103125
1.11125
0.996875
1.01125
1.01375
1.041875
1.175
1.1525
1.103125
0.955
0.743125
0.69125
0.72
0.798125
0.98125
1.03625
1.044375
1.060625
0.955
0.959375
0.946875
0.934375
1.024375
1.059375
1.141875
1.209375
1.223125
1.16375
1.12875
1.099375
1.004375
1.03875
1.00625
0.994375
1.086875
1.106875
1.105
1.0725
0.999375
0.95875
0.973125
1.031875
1.094375
1.1175
1.118125
1.090625
1.083125
1.105625
1.1925
1.23625
1.20875
1.2075
1.105625
1.001875
0.996875
0.90375
0.873125
0.900625
0.856875
0.874375
0.921875
0.989375
1.051875
1.08375
0.993125
0.848125
0.761875
0.75125
0.8175
0.8725
0.86375
0.801875
0.740625
0.745625
0.7975
0.825625
0.940625
1.0525
1.143125
1.30125
1.30375
1.215625
1.165625
1.04125
0.968125
0.99125
0.9575
0.99625
1.125
1.1575
1.248125
1.249375
1.154375
1.114375
1.055
1.108125
1.13625
1.18625
1.1675
1.064375
1.0825
1.0625
1.13125
1.155625
1.0675
1.05875
0.95125
0.909375
0.886875
0.754375
0.764375
0.8525
1.0
1.166875
1.2275
1.21
1.175625
1.205625
1.301875
1.37125
1.36375
1.335625
1.195625
1.09625
1.106875
1.11375
1.23375
1.353125
1.356875
1.270625
1.12625
0.955625
0.856875
0.8475
0.89875
0.97625
1.01875
1.036875
1.005625
0.883125
0.8575
0.884375
0.8875
1.055625
1.150625
1.230625
1.360625
1.34125
1.24875
1.066875
0.866875
0.75625
0.784375
0.87625
1.00375
1.065625
1.029375
0.994375
0.915
0.913125
0.95
1.009375
1.0775
1.12875
1.2075
1.27875
1.305
1.23625
1.06125
0.87125
0.744375
0.741875
0.884375
1.05125
1.21375
1.323125
1.36
1.358125
1.32875
1.30125
1.27375
1.295625
1.280625
1.234375
1.16625
1.04875
0.98125
1.005
1.08625
1.1575
1.26875
1.3075
1.26375
1.2275
1.1525
1.075625
1.005625
0.93125
0.889375
0.8425
0.885
0.935625
0.8925
0.893125
0.881875
0.97
1.13
1.2875
1.371875
1.315625
1.29
1.176875
1.0875
1.105625
1.094375
1.1875
1.309375
1.35625
1.336875
1.251875
1.171875
1.079375
1.02875
1.05375
1.056875
1.061875
1.1175
1.05125
0.9075
0.86875
0.758125
0.77
0.859375
0.868125
0.97875
0.990625
1.035
1.02125
0.8525
0.756875
0.67375
0.7125
0.9025
1.094375
1.175625
1.17625
1.124375
1.075625
1.13125
1.2575
1.37125
1.45625
1.524375
1.4925
1.421875
1.27375
1.030625
0.835
0.69
0.6225
0.651875
0.734375
0.826875
0.991875
1.1275
1.2075
1.24375
1.2075
1.176875
1.116875
1.060625
0.93125
0.784375
0.6575
0.566875
0.600625
0.651875
0.72125
0.76125
0.71125
0.660625
0.628125
0.59875
0.646875
0.746875
0.823125
0.926875
0.980625
1.01875
1.074375
1.14625
1.201875
1.166875
1.16875
1.12625
1.131875
1.23875
1.275
1.32
1.384375
1.325
1.2875
1.22125
1.093125
1.075
1.018125
1.01375
0.980625
0.96
1.005625
1.0325
1.1825
1.209375
1.16875
1.069375
0.91125
0.855
0.87875
0.988125
1.07
1.104375
1.108125
1.041875
0.91625
0.8875
0.818125
0.801875
0.85875
0.8475
0.889375
0.9075
0.938125
0.885625
0.844375
0.860625
0.851875
0.92125
0.914375
0.85875
0.8475
0.87625
0.930625
0.945
0.9825
1.013125
1.04875
1.115
1.1175
1.086875
1.108125
1.188125
1.216875
1.204375
1.13125
0.93625
0.795625
0.688125
0.661875
0.780625
0.965625
1.174375
1.26875
1.26875
1.135
0.98625
0.94125
0.945
1.04
1.14375
1.203125
1.158125
1.089375
0.974375
0.808125
0.751875
0.68875
0.70125
0.7525
0.794375
0.866875
0.85
0.903125
0.876875
0.814375
0.814375
0.73
0.775
0.91125
1.11
1.278125
1.35625
1.36625
1.26625
1.224375
1.23
1.20375
1.195
1.228125
1.15625
1.138125
1.16125
1.158125
1.24875
1.290625
1.253125
1.125625
0.959375
0.831875
0.77875
0.78875
0.87875
0.91875
0.9225
0.970625
0.925
0.959375
1.076875
1.1225
1.194375
1.18375
1.099375
1.108125
1.14
1.174375
1.210625
1.126875
1.010625
0.909375
0.821875
0.854375
0.870625
0.9175
0.933125
0.86
0.896875
0.94875
1.033125
1.148125
1.185625
1.205
1.200625
1.22125
1.196875
1.114375
1.02375
0.879375
0.77875
0.75
0.809375
0.9175
1.068125
1.19
1.255625
1.25
1.203125
1.161875
1.0725
1.048125
0.963125
0.933125
0.9225
0.89
0.97875
0.979375
1.075
1.193125
1.195625
1.264375
1.245
1.233125
1.33125
1.3475
1.33625
1.2675
1.14375
1.045
0.95625
0.935
0.8725
0.845625
0.9275
0.92625
0.9525
1.0275
1.011875
1.04
1.088125
1.02625
0.945625
0.870625
0.843125
0.914375
1.07125
1.241875
1.33
1.36875
1.306875
1.2
1.1375
1.05125
0.971875
0.935625
0.88375
0.8625
0.954375
1.055
1.16375
1.2875
1.343125
1.376875
1.33
1.26125
1.1825
1.07375
1.07
1.000625
0.88125
0.870625
0.8725
0.98375
1.15
1.173125
1.085625
0.898125
0.770625
0.69625
0.708125
0.849375
0.930625
1.0975
1.261875
1.32
1.318125
1.19375
1.065625
0.930625
0.86125
0.8575
0.78625
0.786875
0.75875
0.7525
0.7875
0.776875
0.80125
0.74125
0.74375
0.793125
0.869375
1.038125
1.183125
1.330625
1.46125
1.491875
1.495625
1.41
1.3025
1.2975
1.265625
1.3275
1.316875
1.2625
1.18375
1.07
1.04625
1.0125
1.03
0.99625
0.96
0.92875
0.975625
1.06125
1.1225
1.161875
1.085
1.015
0.981875
0.9925
1.025
1.085625
1.08
0.9975
0.908125
0.74
0.63
0.596875
0.673125
0.87875
1.065
1.189375
1.21375
1.0825
0.970625
0.916875
0.86
0.92
0.99625
1.07625
1.135
1.1875
1.195625
1.1425
1.15875
1.08125
0.934375
0.899375
0.82375
0.83625
0.983125
1.0025
1.064375
1.108125
1.0575
1.04375
0.996875
0.915625
0.8875
0.926875
0.949375
0.99625
1.05125
1.040625
1.00875
0.954375
0.871875
0.845625
0.87125
0.9975
1.09
1.10125
1.079375
0.98
0.925
0.9525
1.03625
1.115
1.22125
1.2625
1.266875
1.20375
1.05625
0.895625
0.76375
0.753125
0.80625
0.956875
1.07375
1.165625
1.2725
1.32375
1.3075
1.206875
1.03875
0.8275
0.728125
0.728125
0.791875
0.903125
1.0
1.030625
1.01375
0.9875
0.903125
0.87375
0.90125
0.8975
0.895625
0.864375
0.845
0.871875
0.93
0.97375
0.895
0.76875
0.72
0.6875
0.731875
0.848125
0.881875
0.931875
1.060625
1.1225
1.165625
1.23
1.189375
1.215
1.215
1.14
1.11375
1.015625
1.05375
1.0925
1.069375
1.12625
1.0875
1.1225
1.176875
1.16875
1.169375
1.135
1.126875
1.171875
1.19
1.155
1.145625
1.011875
0.931875
0.98125
1.028125
1.21125
1.3625
1.358125
1.28
1.115625
0.97
0.988125
1.030625
1.136875
1.229375
1.14875
1.11625
1.035625
0.868125
0.874375
0.88625
0.934375
1.1025
1.175
1.14125
1.06
0.925
0.77
0.70625
0.674375
0.7
0.754375
0.82375
0.966875
1.075
1.211875
1.276875
1.246875
1.213125
1.150625
1.16375
1.1875
1.1875
1.1875
1.188125
1.1725
1.17125
1.115625
0.96875
0.901875
0.885
0.948125
1.088125
1.161875
1.21125
1.25875
1.226875
1.244375
1.2
1.05875
0.97375
0.79
0.691875
0.745
0.821875
0.9875
1.145625
1.1475
1.1025
1.055625
0.909375
0.919375
0.975625
0.935
0.963125
0.835625
0.734375
0.706875
0.694375
0.77125
0.725625
0.728125
0.7225
0.765625
0.90625
0.998125
1.043125
0.9725
0.93125
0.85875
0.82625
0.895625
0.83375
0.83625
0.925625
0.954375
1.091875
1.210625
1.1875
1.166875
1.095625
0.97625
0.929375
0.931875
0.990625
1.090625
1.18
1.22625
1.2375
1.253125
1.27125
1.245625
1.245
1.259375
1.25
1.31625
1.3075
1.266875
1.19
1.113125
1.055
1.015625
1.06625
1.011875
1.019375
1.013125
0.95125
0.98
0.966875
0.95375
0.933125
0.960625
1.046875
1.119375
1.265
1.295
1.275625
1.215
1.111875
1.096875
1.086875
1.186875
1.275
1.27875
1.199375
1.025
0.855625
0.78875
0.85625
0.954375
1.079375
1.114375
1.06875
1.04875
0.996875
0.995
1.025625
1.049375
1.083125
1.16
1.20125
1.18375
1.11625
0.934375
0.785625
0.7375
0.750625
0.87875
1.05625
1.170625
1.2925
1.304375
1.26125
1.24
1.134375
1.065625
0.92375
0.77375
0.745
0.735
0.79875
0.821875
0.711875
0.67875
0.684375
0.78125
0.9625
1.011875
1.06
1.06875
1.104375
1.24875
1.32625
1.3125
1.233125
1.021875
0.8025
0.734375
0.718125
0.856875
1.038125
1.129375
1.14625
1.06375
0.97
0.888125
0.9425
0.975
1.05
1.156875
1.108125
1.1775
1.216875
1.15125
1.20125
1.108125
0.985
0.958125
0.885
0.880625
0.866875
0.86625
0.799375
0.7875
0.808125
0.78125
0.87625
0.92125
0.965625
1.025
1.023125
1.01625
1.088125
1.153125
1.21125
1.256875
1.233125
1.266875
1.29125
1.311875
1.276875
1.1525
1.055625
1.00375
1.031875
1.11625
1.243125
1.28125
1.28625
1.249375
1.10875
1.028125
0.898125
0.819375
0.801875
0.76625
0.756875
0.721875
0.7075
0.729375
0.825
0.949375
0.99625
1.04
0.981875
0.8175
0.79
0.73875
0.756875
0.93875
0.979375
1.0375
1.14625
1.133125
1.14375
1.125
0.9825
0.8975
0.91625
0.966875
1.053125
1.11
1.099375
1.06625
1.058125
1.07875
1.048125
1.01625
0.960625
0.809375
0.750625
0.760625
0.845
1.015
1.13375
1.1525
1.05875
0.948125
0.8475
0.85625
0.93375
1.071875
1.166875
1.141875
1.1575
1.063125
0.966875
0.979375
0.89125
0.871875
0.8925
0.79875
0.734375
0.6425
0.601875
0.654375
0.765
0.944375
1.086875
1.169375
1.223125
1.14875
1.0675
0.98875
0.848125
0.793125
0.70875
0.721875
0.858125
1.01875
1.19
1.23875
1.22
1.188125
1.15125
1.213125
1.21625
1.1225
1.053125
0.9125
0.825625
0.885
0.9825
1.05125
1.16875
1.158125
1.079375
1.12375
1.04625
1.018125
0.98875
0.863125
0.823125
0.8275
0.821875
0.82375
0.87875
0.916875
1.00625
1.11875
1.105625
1.070625
1.0
0.895
0.86375
0.8325
0.8675
0.96875
1.05625
1.07125
0.98875
0.84
0.710625
0.7025
0.743125
0.8275
0.841875
0.75875
0.69875
0.615625
0.614375
0.7125
0.77625
0.814375
0.840625
0.81625
0.815
0.8775
0.920625
0.93625
0.94
0.88125
0.8225
0.81875
0.815
0.87375
0.9325
0.925
0.925
0.8625
0.749375
0.740625
0.693125
0.74125
0.839375
0.811875
0.86625
0.791875
0.769375
0.820625
0.801875
0.846875
0.82125
0.80125
0.76875
0.76875
0.79625
0.785
0.856875
0.88875
0.885
0.88125
0.79875
0.70125
0.658125
0.645625
0.6375
0.67
0.64875
0.610625
0.595625
0.576875
0.573125
0.580625
0.665625
0.723125
0.843125
0.985
0.97125
1.004375
0.986875
0.930625
0.965
0.988125
0.978125
0.94
0.8775
0.753125
0.676875
0.6575
0.7225
0.8725
1.0075
1.185
1.2825
1.3225
1.353125
1.24625
1.09375
0.939375
0.77125
0.680625
0.670625
0.624375
0.60125
0.626875
0.609375
0.72
0.903125
0.988125
1.115625
1.088125
0.96625
0.925625
0.85625
0.915
0.944375
0.95
0.90875
0.805625
0.75375
0.6775
0.7225
0.770625
0.891875
1.02375
1.028125
1.02125
0.924375
0.855
0.8525
0.88125
0.94875
0.966875
1.01625
1.0625
1.026875
1.079375
1.065
1.00875
1.034375
0.999375
0.93875
0.91125
0.895
0.845625
0.84625
0.865
0.795625
0.7525
0.72625
0.664375
0.64
0.6225
0.57
0.585625
0.618125
0.6175
0.665625
0.651875
0.688125
0.844375
0.98875
1.155625
1.241875
1.205625
1.15
1.0325
0.951875
0.85625
0.7825
0.759375
0.758125
0.83875
0.875625
0.951875
0.95
0.93625
0.89375
0.845
0.864375
0.836875
0.94625
0.95
0.91875
0.93125
0.84375
0.893125
0.9925
1.035625
1.031875
0.9225
0.779375
0.67625
0.621875
0.603125
0.59375
0.6175
0.685625
0.7975
0.894375
0.94875
1.010625
1.05625
1.14875
1.245
1.24625
1.1475
0.96
0.778125
0.65125
0.689375
0.825
0.9725
1.175
1.235625
1.24
1.2675
1.206875
1.225625
1.18625
1.12
1.07875
0.996875
1.03
0.9825
0.998125
0.990625
0.935625
0.9925
0.93125
0.94875
0.99125
0.994375
1.0375
1.025
0.9475
0.903125
0.9325
1.00375
1.16
1.228125
1.250625
1.221875
1.06
0.935625
0.781875
0.630625
0.61625
0.691875
0.784375
0.9775
1.09875
1.1525
1.229375
1.22375
1.2825
1.2825
1.3
1.25
1.108125
1.060625
0.9725
0.96875
1.0075
0.9725
0.88
0.78125
0.74375
0.756875
0.885625
1.06875
1.18
1.225
1.191875
1.060625
0.968125
0.955625
1.0125
1.091875
1.071875
0.98875
0.87125
0.79625
0.87625
1.044375
1.205
1.2875
1.2875
1.215
1.1025
1.128125
1.15125
1.190625
1.288125
1.23
1.114375
1.01
0.8925
0.8575
0.8875
0.895
0.85375
0.7675
0.75375
0.776875
0.855625
0.98875
1.04125
1.075625
1.125
1.15125
1.176875
1.145625
1.068125
0.9675
0.870625
0.839375
0.87375
0.960625
1.088125
1.210625
1.274375
1.29125
1.225625
1.15375
1.101875
1.128125
1.185
1.204375
1.16125
1.01625
0.90375
0.84
0.853125
0.89375
0.878125
0.83
0.798125
0.835
0.94375
1.06875
1.1175
1.11125
1.041875
0.988125
1.005625
0.95
0.943125
0.9325
0.81625
0.773125
0.7725
0.741875
0.86125
1.0675
1.175625
1.32
1.365
1.27625
1.2175
1.1625
1.07375
1.048125
1.030625
0.99125
1.019375
1.008125
1.005
0.929375
0.853125
0.806875
0.76375
0.8325
0.953125
1.083125
1.15125
1.164375
1.076875
0.99
0.97125
0.993125
1.06875
1.054375
1.055625
1.00625
0.924375
0.94875
0.966875
1.016875
1.051875
1.09875
1.10625
1.164375
1.26875
1.315
1.3575
1.343125
1.331875
1.26875
1.185
1.0325
0.8425
0.76875
0.7525
0.865
0.98875
1.043125
1.130625
1.13625
1.126875
1.12625
1.063125
1.0525
1.064375
1.135
1.154375
1.129375
1.145
1.038125
1.024375
0.975
0.910625
0.970625
1.0025
1.11625
1.19625
1.225
1.21625
1.184375
1.178125
1.15375
1.20375
1.179375
1.11625
1.07
0.91625
0.839375
0.7825
0.695625
0.725625
0.764375
0.83375
0.965625
1.035
1.12875
1.166875
1.181875
1.219375
1.17375
1.176875
1.1325
1.09125
1.12625
1.066875
1.08625
1.076875
0.969375
0.951875
0.933125
0.950625
1.010625
1.068125
1.068125
1.068125
1.068125
