-0.303125
-0.303125
-0.303125
-0.303125
-0.324375
-0.310625
-0.230625
-0.150625
-0.09625
-0.1275
-0.114375
-0.099375
-0.10875
-0.131875
-0.18375
-0.236875
-0.21125
-0.06625
0.071875
0.23375
0.28625
0.23375
0.159375
0.061875
0.06375
0.07
0.124375
0.178125
0.168125
0.20875
0.181875
0.174375
0.161875
0.114375
0.109375
0.0875
0.13625
0.196875
0.238125
0.244375
0.204375
0.14625
0.0825
0.05125
-0.04125
-0.0925
-0.128125
-0.1775
-0.150625
-0.15875
-0.1675
-0.15125
-0.10375
-0.046875
0.05625
0.1525
0.15625
0.16125
0.098125
0.05875
0.065625
0.10125
0.18875
0.250625
0.3125
0.3475
0.309375
0.23375
0.17375
0.05
-0.041875
-0.110625
-0.186875
-0.201875
-0.206875
-0.175
-0.12875
-0.0675
0.0425
0.103125
0.13875
0.205625
0.203125
0.23875
0.255
0.193125
0.1425
0.075625
0.0325
0.018125
0.024375
0.04625
0.041875
0.053125
0.041875
0.016875
0.028125
0.026875
0.050625
0.075
0.0875
0.1
0.0875
0.075
0.0625
0.0375
0.025
-3.46944695195e-18
-0.0125
-0.0125
-6.07153216592e-18
0.025
0.0375
0.0625
0.05125
0.04
0.02875
-0.0125
-0.045
-0.034375
-0.0625
-0.068125
5.20417042793e-18
0.016875
0.0875
0.0975
0.019375
-0.0975
-0.205625
-0.19
-0.14375
-0.00375
0.113125
0.123125
0.130625
0.03
-0.084375
-0.14625
-0.175
-0.103125
-0.005
0.126875
0.186875
0.2075
0.190625
0.08
-0.011875
-0.116875
-0.198125
-0.209375
-0.22875
-0.191875
-0.15375
-0.14875
-0.07125
-0.066875
-0.03875
-0.030625
-0.018125
-0.00125
-0.009375
0.025625
-0.048125
-0.07125
-0.09375
-0.113125
-0.031875
0.01625
0.04
0.030625
0.00375
-0.05125
-0.065625
-0.03875
-0.055625
0.03875
0.08625
0.10875
0.128125
0.0325
-0.01875
-0.094375
-0.098125
-0.076875
-0.05375
0.04
0.064375
0.115625
0.1525
0.140625
0.1275
0.115625
0.11125
0.08125
0.06
0.025
-0.01875
-0.02625
-0.01875
-0.035625
-0.0625
-0.12125
-0.149375
-0.126875
-0.11
-0.045
-0.004375
0.000625
0.06875
0.1025
0.1225
0.181875
0.19125
0.218125
0.281875
0.271875
0.22
0.1525
0.01125
-0.060625
-0.033125
0.0
0.063125
0.075625
-0.0225
-0.144375
-0.238125
-0.290625
-0.286875
-0.228125
-0.170625
-0.12875
-0.0875
-0.0825
-0.046875
-0.001875
0.059375
0.12125
0.14
0.125625
0.123125
0.126875
0.0875
0.056875
-0.045625
-0.166875
-0.2125
-0.22875
-0.185625
-0.1175
-0.12625
-0.15
-0.205
-0.206875
-0.164375
-0.10875
-0.038125
-0.069375
-0.08625
-0.115625
-0.121875
-0.041875
0.05375
0.138125
0.1925
0.160625
0.09875
0.0625
0.063125
0.105
0.146875
0.17375
0.17375
0.188125
0.138125
0.08625
-0.003125
-0.116875
-0.101875
-0.09625
-0.060625
0.00125
-0.020625
-0.030625
-0.041875
-0.026875
-0.018125
-0.02375
0.000625
-0.085
-0.15875
-0.20375
-0.2525
-0.216875
-0.15375
-0.0825
-0.020625
0.02625
0.071875
0.074375
0.023125
-0.00625
-0.035625
-0.02125
0.025625
0.01375
0.011875
-0.015625
-0.01125
0.09125
0.125
0.139375
0.135
0.046875
0.004375
0.0075
-0.01625
-0.085625
-0.154375
-0.27125
-0.34
-0.340625
-0.325
-0.260625
-0.244375
-0.16
-0.1075
-0.1475
-0.183125
-0.28625
-0.35
-0.295
-0.199375
-0.1225
-0.069375
-0.049375
-0.00375
0.078125
0.1825
0.245625
0.240625
0.2175
0.125
0.055625
-0.000625
-0.0675
-0.101875
-0.110625
-0.126875
-0.121875
-0.04125
-0.01
0.084375
0.168125
0.150625
0.156875
0.11625
0.0625
0.041875
0.02875
-0.05125
-0.083125
-0.083125
-0.11125
-0.038125
-6.93889390391e-18
-0.01125
0.01375
0.015
-0.045
-0.05625
-0.05875
-0.05
0.02
0.063125
0.105
0.133125
0.175
0.1825
0.143125
0.0875
0.018125
0.024375
0.04875
0.07875
0.124375
0.106875
0.104375
0.085
0.036875
0.01375
-0.0425
-0.11875
-0.139375
-0.18125
-0.184375
-0.133125
-0.15375
-0.134375
-0.1375
-0.13125
-0.11
-0.106875
-0.100625
-0.11875
-0.121875
-0.12625
-0.1275
-0.1275
-0.1275
-0.1275
