-0.15625
-0.15625
-0.15625
-0.15625
-0.206875
-0.3025
-0.463125
-0.450625
-0.403125
-0.3875
-0.4475
-0.603125
-0.7725
-0.869375
-0.71125
-0.59
-0.46125
-0.50625
-0.7425
-0.905
-1.069375
-0.92375
-0.618125
-0.39375
-0.27625
-0.36
-0.56875
-0.706875
-0.633125
-0.4675
-0.26
-0.055
-0.145
-0.3375
-0.67625
-1.1725
-1.484375
-1.701875
-1.7075
-1.45125
-1.025625
-0.629375
-0.33625
-0.266875
-0.366875
-0.625
-0.8
-0.911875
-1.068125
-1.009375
-1.1425
-1.17125
-1.11125
-1.081875
-0.891875
-0.77625
-0.723125
-0.865625
-1.073125
-1.2375
-1.386875
-1.22
-0.886875
-0.56125
-0.21125
-0.015625
-0.015625
-0.191875
-0.43625
-0.751875
-1.11875
-1.26125
-1.295
-1.26
-0.95
-0.6925
-0.511875
-0.321875
-0.304375
-0.31875
-0.303125
-0.2575
-0.246875
-0.23
-0.306875
-0.4225
-0.42875
-0.42
-0.325
-0.2625
-0.3275
-0.42875
-0.650625
-0.809375
-0.8875
-0.97625
-0.79
-0.701875
-0.711875
-0.7025
-0.86875
-0.93375
-0.774375
-0.605625
-0.57125
-0.613125
-0.869375
-1.23875
-1.305625
-1.419375
-1.53375
-1.41
-1.440625
-1.2775
-0.96125
-0.82125
-0.660625
-0.63875
-0.63625
-0.65625
-0.871875
-0.996875
-1.326875
-1.4775
-1.3475
-1.358125
-1.115625
-0.98875
-0.90375
-0.804375
-0.781875
-0.80375
-0.953125
-0.91
-0.915
-0.79375
-0.673125
-0.69875
-0.8375
-1.055625
-1.06625
-1.040625
-0.74375
-0.431875
-0.29625
-0.2375
-0.344375
-0.4025
-0.416875
-0.3875
-0.401875
-0.519375
-0.70375
-0.858125
-0.93625
-1.09
-1.13125
-1.1875
-1.234375
-0.996875
-0.8025
-0.59375
-0.41625
-0.451875
-0.50625
-0.530625
-0.486875
-0.396875
-0.31625
-0.324375
-0.425625
-0.521875
-0.573125
-0.66375
-0.744375
-0.889375
-1.12375
-1.140625
-1.23625
-1.17625
-1.059375
-1.081875
-0.82375
-0.67625
-0.52625
-0.378125
-0.466875
-0.48
-0.493125
-0.55
-0.483125
-0.466875
-0.499375
-0.41625
-0.57
-0.735
-0.8025
-0.986875
-0.841875
-0.70625
-0.64625
-0.5825
-0.679375
-0.82
-0.854375
-0.808125
-0.755625
-0.66625
-0.646875
-0.64
-0.60625
-0.624375
-0.681875
-0.773125
-0.94125
-1.035625
-1.180625
-1.296875
-1.32625
-1.204375
-0.89125
-0.611875
-0.425625
-0.541875
-0.78375
-0.96375
-1.193125
-1.109375
-1.025625
-1.026875
-0.774375
-0.771875
-0.795625
-0.776875
-0.879375
-0.798125
-0.7475
-0.696875
-0.673125
-0.7525
-0.688125
-0.62375
-0.559375
-0.474375
-0.405
-0.328125
-0.385
-0.55625
-0.79125
-1.021875
-1.064375
-0.91
-0.804375
-0.6875
-0.598125
-0.64125
-0.73375
-0.843125
-0.99125
-1.11
-1.081875
-1.03
-0.901875
-0.721875
-0.455
-0.27
-0.173125
-0.120625
-0.19625
-0.31125
-0.48
-0.64875
-0.8025
-0.744375
-0.64125
-0.5825
-0.548125
-0.641875
-0.56
-0.389375
-0.23625
-0.060625
-0.13875
-0.26875
-0.47875
-0.70375
-0.77875
-0.895
-0.8325
-0.83375
-0.874375
-0.86625
-0.891875
-0.885625
-0.844375
-0.803125
-0.8
-0.765
-0.871875
-0.9225
-1.050625
-1.090625
-0.91375
-0.91375
-0.91375
-0.91375
