0.109375
0.109375
0.109375
0.109375
0.15
0.10625
0.0875
0.053125
0.035
0.104375
0.126875
0.146875
0.196875
0.153125
0.125625
0.100625
0.00125
-0.029375
-0.04875
-0.065625
-0.029375
-0.011875
-0.003125
0.028125
0.046875
0.009375
-0.040625
-0.143125
-0.233125
-0.241875
-0.235
-0.1825
-0.145625
-0.105625
-0.040625
0.00625
0.065625
0.084375
0.078125
0.00625
-0.021875
-0.040625
-0.053125
0.05
0.08125
0.128125
0.1375
0.08125
0.034375
-0.01875
-0.05
-0.065625
-0.071875
-0.109375
-0.1125
-0.1
-0.084375
-0.065625
-0.096875
-0.125
-0.1275
-0.11125
-0.045
0.00875
0.045625
0.073125
0.075625
0.03125
-0.021875
-0.05625
-0.1125
-0.134375
-0.128125
-0.118125
-0.04875
0.051875
0.0775
0.070625
0.02
-0.05875
-0.065
-0.0325
-0.01875
-0.026875
-0.045625
-0.13125
-0.15125
-0.12125
-0.096875
0.028125
0.0875
0.10625
0.103125
0.04375
-0.015625
-0.025
-0.01875
0.00625
0.10625
0.1375
0.14375
0.1375
0.040625
-0.021875
-0.034375
-0.1
-0.111875
-0.09875
-0.110625
-0.063125
-0.048125
-0.089375
-0.149375
-0.221875
-0.253125
-0.23375
-0.158125
-0.07
-0.00375
0.045625
0.054375
0.0475
0.04375
0.0375
0.003125
-0.005625
-0.045625
-0.110625
-0.113125
-0.1325
-0.083125
-0.00875
0.034375
0.09375
0.08125
0.071875
0.0625
-0.034375
-0.075
-0.071875
-0.10625
-0.003125
0.04375
0.003125
0.021875
-0.0625
-0.11875
-0.11875
-0.140625
-0.096875
-0.025
0.05625
0.1125
0.125
0.1125
0.028125
-0.00875
-0.01125
-0.01375
0.030625
0.0525
0.011875
-0.03125
-0.074375
-0.14
-0.124375
-0.088125
-0.005
0.125625
0.2
0.25625
0.225
0.16875
0.128125
0.090625
0.125
0.134375
0.1125
0.09375
0.04375
0.021875
0.028125
-0.01875
-0.065625
-0.125
-0.178125
-0.165
-0.17
-0.159375
-0.18
-0.239375
-0.303125
-0.323125
-0.249375
-0.125
0.044375
0.116875
0.108125
0.068125
0.02375
0.05125
0.0725
0.0875
0.0875
0.0875
0.0875
