0.0373403482905
0.0373403482905
0.0373403482905
0.0373403482905
0.0277431404081
0.0166968112368
0.0164243030848
0.012011481553
0.00757892987395
0.00447595800311
0.00421714489449
0.00696149232335
0.00964734566846
0.0158488791419
0.0310777674201
0.0478753184678
0.065092309235
0.0904114269586
0.0905135594857
0.0879530506058
0.0846706504542
0.055134852075
0.0374954040363
0.0353696547549
0.0350927363347
0.0515346804923
0.0713697457457
0.0767850908794
0.0791438880182
0.0779106377526
0.0800920956852
0.068514909492
0.0603723937636
0.0612400560057
0.0567292800956
0.0653160723171
0.0703881128879
0.0751161525376
0.0724822939336
0.0700998206181
0.0840432317703
0.0909487833231
0.105177469193
0.119870393823
0.10511131517
0.0833143769173
0.0635784266391
0.0437333802523
0.0494172875085
0.0543475031382
0.0552917647758
0.0563063585855
0.0372618919401
0.029340121742
0.0237174940021
0.0180790821443
0.0231801376375
0.0364483135134
0.0493810768854
0.0640990704083
0.076482407208
0.0654762346894
0.0541149195196
0.0392416381314
0.0232305075429
0.0182104617133
0.0183724810405
0.0202415062876
0.0389779505159
0.0565115521173
0.0643525447712
0.0770401900779
0.0708776526603
0.06868412452
0.0712755052775
0.0719500441955
0.0766453550126
0.0780503736193
0.0944305740219
0.100485872286
0.0957870796782
0.0922101200336
0.0737387561373
0.065636629181
0.0790426839686
0.0926119186803
0.102160381493
0.105497561818
0.0873265603994
0.0726909692563
0.0512025176597
0.0329124389991
0.0327383494641
0.0262466667657
0.0381100561543
0.0608247944351
0.0705622024229
0.082811374221
0.0879542112026
0.0863249652749
0.0903111513863
0.094642034777
0.0908062620237
0.0699213208149
0.0620647761626
0.0572763854741
0.0651610165715
0.084347308158
0.0760525221163
0.0766458192514
0.0675307233211
0.0649495558164
0.0764988876839
0.0642657321231
0.0586059652824
0.0443283022231
0.0303925510105
0.033201427627
0.0339664931032
0.0482801346663
0.0624997678805
0.0658754800228
0.0681191459492
0.0516173149916
0.0372277703912
0.0285314178223
0.0211901781934
0.0210713330709
0.0169507498384
0.0116981203901
0.00659404734493
0.0033139683872
0.00197788923635
0.00237365277912
0.00303055062431
0.00359413647877
0.00592391869508
0.0076487978073
0.00856358028359
0.00994260151972
0.00954567738005
0.00943147464513
0.0100092197818
0.0245969943326
0.0378524036426
0.0511275430999
0.0640489326223
0.0625506020248
0.0621566954371
0.0725168797213
0.0978271769084
0.116099614496
0.137415369274
0.14797703318
0.128950207608
0.109185474526
0.0885781480959
0.0575389124929
0.0416296823121
0.0334804351217
0.0233878844825
0.0234050613166
0.0304489560198
0.0375829130424
0.0546648103305
0.0720886194652
0.0743390168536
0.0813223283987
0.0743369277793
0.0673120668653
0.0681333052314
0.0700745196058
0.0653021451545
0.0605692309978
0.0705566315579
0.0786376356506
0.108187361193
0.137578084959
0.14224600569
0.132945214256
0.102155971225
0.073372007517
0.0497090615692
0.0311283694449
0.025285228294
0.0306044760044
0.0407703763676
0.0558604572566
0.0684327392315
0.0535239435783
0.0533505504015
0.0545480542825
0.0548307756873
0.0840188592354
0.0885038698943
0.0978473712944
0.123414856754
0.120109941023
0.123672509266
0.116093811512
0.082241985382
0.0624001886666
0.0438536180912
0.0321037350794
0.0289306631558
0.0339588331637
0.0408307274064
0.0429158557962
0.0474477545698
0.0412780214515
0.0498049268731
0.0640187571028
0.0861887111989
0.108425283557
0.115906723291
0.120544700622
0.115166262469
0.113531445677
0.101948688618
0.0858611907538
0.0723086686375
0.0597992910145
0.0522913896709
0.0489114993798
0.0484416897548
0.0489386573471
0.0573852494632
0.0680095856017
0.0678672964218
0.0619048459097
0.0499360743227
0.0451739131242
0.0631627008297
0.0791151052151
0.098070670138
0.102091442037
0.0812698694189
0.0802891650387
0.0793734540849
0.0824416080488
0.0905112382919
0.0717952205691
0.0529492159936
0.0379898183155
0.0298428923189
0.030584049499
0.0343933606429
0.0391694490042
0.0417821847447
0.0473980810226
0.0619020604772
0.0734959592657
0.0838835336368
0.0947128311878
0.0866130254253
0.0710983981904
0.0600256074099
0.0530158342555
0.0560610084008
0.0676479436079
0.0732935511665
0.0699626380646
0.054607012605
0.0395589453238
0.0275140385801
0.0196834912983
0.0189945609787
0.0168711328911
0.0196941687898
0.0275038253274
0.0450360342125
0.0704387149128
0.0859484676406
0.0917825561357
0.0837695630213
0.0570124657391
0.0353213739239
0.023523210081
0.0177155831953
0.0376759929138
0.0652538643234
0.0863349464082
0.108553181335
0.100982607759
0.0812146250064
0.0597203704253
0.0374819411122
0.0301379160508
0.027254296994
0.030530894161
0.0449127788218
0.0642411274688
0.0801733374682
0.0951652318594
0.0867676169325
0.0705800756152
0.065645217598
0.0687149963974
0.0807923998543
0.0970064027809
0.0975073164028
0.0810224301599
0.0674211629737
0.0491306200744
0.0407996234094
0.0335159493867
0.036986366236
0.0587473259847
0.0781682902644
0.106660247792
0.124398114448
0.117293636587
0.111563305454
0.0979453256728
0.0843273458913
0.0757758358155
0.0631490057863
0.055407360227
0.0368728598594
0.0247234993947
0.0155123060411
0.0168794891888
0.0291760133404
0.0384002053793
0.0509555426395
0.042422602114
0.0336009050799
0.0342044154677
0.0389542743391
0.0566974797406
0.0794744260151
0.0866190605293
0.0754775624122
0.0637179303865
0.0470768278008
0.0411338753166
0.0478005760274
0.0480521934353
0.0480521934353
0.0480521934353
0.0480521934353
