0.980625
0.980625
0.980625
0.980625
0.945625
0.926875
0.936875
0.939375
0.983125
1.033125
1.03375
1.025
0.990625
0.966875
0.97125
0.993125
1.01
1.020625
1.00625
0.973125
0.938125
0.880625
0.853125
0.845625
0.86125
0.918125
0.968125
1.0075
1.034375
1.028125
1.006875
0.99125
0.98625
0.993125
1.000625
0.975625
0.945625
0.916875
0.8975
0.903125
0.874375
0.85125
0.835625
0.84125
0.89875
0.949375
0.991875
1.024375
1.03375
1.043125
1.0525
1.063125
1.07375
1.084375
1.09875
1.065
1.01
0.955
0.885625
0.864375
0.864375
0.866875
0.886875
0.89625
0.923125
0.93625
0.94375
0.95
0.92125
0.9125
0.8925
0.8625
0.860625
0.843125
0.835625
0.850625
0.855
0.876875
0.91125
0.923125
0.924375
0.904375
0.86125
0.84875
0.846875
0.845
0.85375
0.83625
0.84
0.865
0.888125
0.91625
0.910625
0.894375
0.880625
0.856875
0.835
0.813125
0.780625
0.7725
0.795625
0.81875
0.879375
0.918125
0.915625
0.9025
0.84375
0.853125
0.9225
1.013125
1.131875
1.1325
1.115
1.095
1.0675
1.12125
1.11625
1.103125
1.08625
1.02625
1.0
0.98125
0.965
0.97
0.971875
0.96125
0.9375
0.935
0.938125
0.93375
0.9425
0.92625
0.901875
0.9
0.895
0.874375
0.87375
0.855
0.848125
0.8625
0.873125
0.9025
0.924375
0.965625
1.00375
1.0275
1.04875
1.0275
1.0025
0.963125
0.92375
0.923125
0.91875
0.954375
0.98625
1.004375
1.02625
1.005
0.98875
0.96875
0.941875
0.95375
0.945625
0.93375
0.92875
0.91
0.9275
0.941875
0.945625
0.924375
0.87875
0.85625
0.844375
0.864375
0.901875
0.89625
0.949375
1.04
1.09875
1.195
1.200625
1.0975
1.015625
0.921875
0.84375
0.848125
0.879375
0.9025
0.929375
0.935625
0.888125
0.848125
0.820625
0.78
0.785
0.82
0.894375
0.968125
1.021875
1.08
1.06125
1.116875
1.165
1.121875
1.115625
0.98875
0.86
0.800625
0.75125
0.778125
0.828125
0.878125
0.93125
0.970625
1.004375
1.00625
0.991875
0.97375
0.9525
0.97375
1.04
1.1025
1.149375
1.150625
1.070625
1.00375
0.9375
0.9175
0.945625
0.946875
0.9825
0.974375
0.970625
0.99625
0.99875
1.045
1.058125
1.038125
1.018125
0.97625
0.9575
0.970625
0.98375
0.999375
1.0
1.000625
0.99875
0.9725
0.95
0.914375
0.88375
0.885
0.91625
0.930625
0.92125
0.901875
0.8575
0.84375
0.8725
0.891875
0.91625
0.91875
0.889375
0.886875
0.9075
0.95625
1.02625
1.088125
1.079375
1.054375
1.01625
0.98125
1.013125
1.035625
1.041875
1.005625
0.99
0.989375
1.03375
1.12
1.105625
1.06625
0.974375
0.870625
0.845625
0.858125
0.918125
0.956875
0.968125
0.96
0.926875
0.93625
0.960625
0.96625
0.975625
0.96375
0.94875
0.963125
0.98125
0.999375
1.01375
1.028125
1.03875
1.049375
1.03875
1.01375
0.98875
0.969375
0.981875
0.99
1.035625
1.1075
1.158125
1.225
1.23875
1.183125
1.159375
1.13125
1.096875
1.078125
1.038125
0.994375
0.9725
0.994375
0.991875
0.986875
0.981875
0.955
0.973125
0.9925
1.00125
0.999375
0.980625
0.95625
0.931875
0.92875
0.921875
0.93
0.9675
0.994375
1.010625
1.02125
1.011875
0.99875
0.995
0.98875
0.9925
1.00125
1.0
0.99875
0.961875
0.92375
0.89875
0.87375
0.886875
0.890625
0.91125
0.969375
0.969375
0.969375
0.969375
