-0.645625
-0.645625
-0.645625
-0.645625
-0.73625
-0.735
-0.72375
-0.675625
-0.64125
-0.606875
-0.57
-0.569375
-0.58875
-0.608125
-0.59125
-0.575
-0.55125
-0.46625
-0.49125
-0.3625
-0.16
-0.0675
0.08625
0.01875
-0.17125
-0.325
-0.48375
-0.61125
-0.6775
-0.73125
-0.71375
-0.66
-0.5875
-0.5025
-0.545
-0.5625
-0.585
-0.6325
-0.61875
-0.6225
-0.6725
-0.64875
-0.6175
-0.58875
-0.515
-0.56375
-0.615
-0.64625
-0.695
-0.67
-0.638125
-0.63125
-0.565625
-0.5175
-0.505625
-0.48125
-0.559375
-0.57875
-0.56625
-0.55375
-0.44375
-0.44125
-0.45375
-0.46625
-0.57625
-0.6275
-0.646875
-0.65375
-0.634375
-0.62
-0.654375
-0.70625
-0.6975
-0.64
-0.53
-0.4225
-0.36875
-0.4175
-0.515
-0.54375
-0.556875
-0.499375
-0.42125
-0.311875
-0.06125
0.138125
0.48375
0.590625
0.54375
0.57375
0.395625
0.4175
0.45625
0.444375
0.426875
0.355625
0.22625
0.099375
0.028125
-0.085625
-0.08375
0.0025
0.095625
0.22
0.27
0.2975
0.346875
0.4075
0.351875
0.09875
-0.183125
-0.41125
-0.369375
-0.1375
0.10125
0.28625
0.17625
-0.03125
-0.14375
-0.16375
-0.008125
0.19625
0.35875
0.3075
0.31
0.324375
0.145
0.049375
-0.065625
-0.063125
0.230625
0.65875
0.90125
0.958125
0.73125
0.328125
0.02
-0.316875
-0.515625
-0.62875
-0.6975
-0.68125
-0.6725
-0.68125
-0.608125
-0.54
-0.366875
-0.0925
-0.001875
0.211875
0.230625
0.215625
0.2925
0.15
0.1175
-0.100625
-0.2575
-0.31875
-0.405
-0.39625
-0.488125
-0.580625
-0.653125
-0.66875
-0.513125
-0.35625
-0.181875
0.01875
-0.044375
-0.1025
-0.19625
-0.3025
-0.274375
-0.235
-0.216875
-0.325
-0.39875
-0.5025
-0.531875
-0.4175
-0.40125
-0.305
-0.2225
-0.19375
-0.0425
0.005
-0.0375
-0.12875
-0.3525
-0.5525
-0.67875
-0.76875
-0.749375
-0.70375
-0.683125
-0.5525
-0.475625
-0.268125
-0.053125
0.064375
0.276875
0.35125
0.46
0.48375
0.3975
0.173125
0.03625
0.03625
0.03625
0.03625
