-0.0175
-0.0175
-0.0175
-0.0175
-0.005625
-0.0175
-0.04875
-0.099375
-0.1
-0.05375
0.006875
0.083125
0.09875
0.0275
-0.044375
-0.104375
-0.120625
-0.0775
-0.03375
-0.043125
-0.0825
-0.12625
-0.169375
-0.1575
-0.130625
-0.11
-0.09
-0.075
-0.075625
-0.07625
-0.069375
-0.093125
-0.085625
-0.07
-0.055
-0.00875
0.021875
0.044375
0.095625
0.09625
0.0875
0.073125
-0.0175
-0.0625
-0.07375
-0.081875
-0.044375
-0.0075
-0.013125
-0.013125
-0.02625
-0.059375
-0.0425
-0.04875
-0.046875
0.015
0.014375
0.0575
0.100625
0.04375
0.01625
-0.03875
-0.09375
-0.074375
-0.05375
-0.0325
-0.0075
-0.021875
-0.004375
0.01625
0.0475
0.07375
0.0375
0.00125
-0.064375
-0.06125
-0.020625
0.026875
0.118125
0.111875
0.094375
0.061875
-0.0325
-0.06125
-0.07125
-0.078125
-0.0475
-0.03125
-0.064375
-0.08625
-0.121875
-0.175
-0.144375
-0.12625
-0.09375
-0.050625
-0.07
-0.033125
0.008125
0.08875
0.171875
0.144375
0.143125
0.091875
0.0325
0.03375
-0.045
-0.068125
-0.0525
-0.01625
0.096875
0.13375
0.1375
0.160625
0.1025
0.075
0.07125
-0.023125
-0.03375
-0.04375
-0.035
0.039375
0.0675
0.133125
0.14625
0.144375
0.14
0.05375
-0.029375
-0.120625
-0.198125
-0.21
-0.180625
-0.140625
-0.061875
0.031875
0.090625
0.146875
0.12625
0.05
0.02625
0.018125
0.0725
0.145
0.150625
0.1225
0.095625
0.065625
0.079375
0.11125
0.1175
0.13875
0.15875
0.161875
0.12125
0.068125
0.00125
0.011875
0.098125
0.240625
0.345
0.33875
0.271875
0.11125
0.003125
-0.04875
-0.08125
-0.02625
0.00625
0.03875
0.09375
0.069375
0.03625
0.034375
0.030625
0.0375
0.08125
0.050625
-0.02625
-0.06125
-0.13625
-0.1775
-0.18375
-0.163125
-0.103125
-0.04375
0.0325
0.02125
-0.018125
-0.070625
-0.14125
-0.168125
-0.1925
-0.179375
-0.180625
-0.19875
-0.18
-0.2025
-0.185625
-0.103125
-0.07625
0.02
0.084375
0.075
0.14125
0.125625
0.125625
0.143125
0.073125
0.03125
-0.02125
-0.064375
-0.059375
-0.035
-0.016875
-0.003125
-0.025625
-0.0875
-0.115625
-0.13875
-0.13625
-0.090625
-0.08875
-0.096875
-0.105625
-0.09
-0.045625
0.044375
0.12375
0.119375
0.104375
0.05125
0.028125
0.0475
0.068125
0.050625
0.01125
-0.045625
-0.09125
-0.085625
-0.0775
-0.040625
-0.045625
-0.071875
-0.098125
-0.14375
-0.146875
-0.13375
-0.116875
-0.08625
-0.08375
-0.113125
-0.143125
-0.173125
-0.170625
-0.120625
-0.0875
-0.065
-0.064375
-0.0875
-0.0875
-0.088125
-0.074375
-0.065
-0.06625
-0.063125
-0.068125
-0.039375
-0.0175
0.008125
0.03125
-0.01375
-0.04375
-0.073125
-0.095
-0.0775
-0.035
-0.010625
0.0
0.019375
-0.025
-0.045625
-0.063125
-0.090625
-0.0925
-0.10875
-0.12625
-0.1525
-0.16
-0.15375
-0.12625
-0.050625
0.014375
0.105625
0.21125
0.24625
0.2725
0.2025
0.07375
-0.005
-0.06
-0.03125
0.0425
0.063125
0.05125
0.028125
-0.0225
0.0225
0.086875
0.120625
0.166875
0.1525
0.121875
0.10375
0.078125
0.011875
-0.00375
0.0375
0.085
0.16375
0.16625
0.10625
0.0475
0.005625
0.008125
-0.009375
-0.044375
-0.085
-0.14875
-0.1775
-0.140625
-0.105625
-0.043125
0.019375
0.033125
0.0375
0.040625
0.036875
0.045
0.1125
0.16625
0.228125
0.234375
0.145625
0.070625
0.028125
0.035625
0.09625
0.1225
0.071875
0.001875
-0.05125
-0.054375
-0.014375
0.0775
0.111875
0.113125
0.104375
0.01875
-0.040625
-0.08875
-0.13
-0.125625
-0.114375
-0.10625
-0.098125
-0.091875
-0.07875
-0.06625
-0.05
-0.04625
-0.033125
-0.01375
0.00625
0.03625
0.024375
-1.73472347598e-18
-0.01875
-0.05
-0.049375
-0.049375
-0.059375
-0.0525
-0.05875
-0.06375
-0.06875
-0.074375
-0.07375
-0.0225
0.010625
0.035625
0.07375
0.035625
0.059375
0.07125
0.08125
0.126875
0.085
0.065
0.009375
-0.021875
-0.0025
0.049375
0.130625
0.155
0.171875
0.103125
0.029375
-0.0125
-0.06
-0.0625
-0.065
-0.09375
-0.12875
-0.164375
-0.190625
-0.17
-0.14125
-0.10625
-0.0875
-0.096875
-0.066875
-0.055625
0.005
0.11125
0.17125
0.258125
0.25875
0.1825
0.12875
0.051875
0.001875
-0.0025
-0.028125
-0.0375
0.01875
0.045625
0.074375
0.07625
-0.00875
-0.079375
-0.143125
-0.1875
-0.169375
-0.14625
-0.121875
-0.085
-0.09125
-0.083125
-0.090625
-0.1025
-0.09125
-0.099375
-0.068125
-0.035
-0.01625
-0.0125
-0.045625
-0.106875
-0.12
-0.0975
-0.055625
-0.008125
-0.026875
-0.01625
-0.005625
0.048125
0.13
0.1225
0.101875
0.03625
-0.00125
0.00625
0.015
0.0425
0.028125
0.014375
0.05625
0.09375
0.12625
0.15
0.0825
-0.005625
-0.06625
-0.106875
-0.115625
-0.108125
-0.11875
-0.154375
-0.20375
-0.2
-0.191875
-0.171875
-0.095625
-0.1
-0.094375
-0.049375
-0.041875
-0.00375
0.029375
-0.008125
-0.0375
-0.064375
-0.086875
-0.074375
-0.074375
-0.074375
-0.074375
