0.0582883026875
0.0582883026875
0.0582883026875
0.0582883026875
0.05662534525
0.0632797026875
0.075987116375
0.0886945300625
0.10140194375
0.107455
0.106977775
0.1052014125
0.0967706925625
0.084663728875
0.0738587776875
0.0651748765
0.0697996901875
0.080477853875
0.0839306113125
0.0847620375
0.0766624625
0.0608305613125
0.051399278875
0.0437674151875
0.040688839
0.0496198401875
0.060927653875
0.0740348863125
0.08118923125
0.0765606125
0.06812658125
0.05837035625
0.05631418125
0.0584549875
0.06202439375
0.05905634375
0.04565669375
0.0395964625
0.03816385
0.04279146875
0.05478226875
0.0579001
0.054778325
0.05562756875
0.0545660375
0.05298245
0.04903983125
0.0381105625
0.02909206875
0.02210541875
0.021473775
0.022902375
0.02800320625
0.034059425
0.03534766875
0.0385466875
0.03153508125
0.0239293488125
0.025115397625
0.0253460589375
0.03721995775
0.0558651151875
0.061694685125
0.0675242550625
0.06149716875
0.04370994375
0.0323305125
0.01999569375
0.01414888125
0.01946808125
0.0287299
0.04273069375
0.05508451875
0.0556782050625
0.048386653875
0.0359119151875
0.02833518275
0.02693558275
0.03342122025
0.04130645775
0.04226184525
0.0502191526875
0.056699016375
0.0647659113125
0.08092488125
0.08843523125
0.09265561875
0.0915817625
0.08312641875
0.07155668125
0.0561841125
0.04901604375
0.0397469050625
0.037622847625
0.0408964589375
0.0366371265
0.0413206526875
0.046819210125
0.0500860863125
0.059424275
0.06628653125
0.06994976875
0.07859441875
0.0842034125
0.08807075625
0.08808053125
0.08105074375
0.07304345
0.06468859375
0.05846586875
0.05645450625
0.05639815625
0.05390503125
0.05872035
0.0618887
0.06326106875
0.069159425
0.06484715625
0.0638742625
0.06371984375
0.060177075
0.0603137125
0.05818010625
0.0515097550625
0.042309072625
0.0350048151875
0.027586814
0.0262313089375
0.032534741375
0.0394323050625
0.04780315625
0.05464825625
0.05462823125
0.055329225
0.05699370625
0.06011055
0.07059784375
0.0734665550625
0.073550928875
0.0715243901875
0.06551062025
0.0710292026875
0.076418122625
0.080146028875
0.0765244526875
0.0620743628125
0.0425256666875
0.0268222854375
0.0210989378125
0.0255031401875
0.0402370925625
0.05251366875
0.061925875
0.0633967375
0.06011368125
0.06173326875
0.0601472550625
0.059467785125
0.0540272214375
0.0400504940625
0.0308285815625
0.0245649003125
0.0268459003125
0.0342933464375
0.0384148776875
0.0421143151875
0.0420301651875
0.04739777025
0.0606054651875
0.072045578875
0.0814275425625
0.08475645
0.07805065625
0.07066165
0.0638691625
0.05197183125
0.0482668625
0.0452628875
0.047240325
0.05509265625
0.05813296875
0.06498123125
0.06545775
0.06439416875
0.06060879375
0.054609675
0.0552919875
0.0575144
0.06148346875
0.0654554125
0.0664198
0.07129649375
0.08227693125
0.08999580625
0.0913097625
0.08154074375
0.0615373375
0.040955075
0.02973940625
0.0309774125
0.0387538125
0.05237404375
0.0584271
0.0587746625
0.06118246875
0.06173958125
0.0671491125
0.06830101875
0.06353510625
0.0577916875
0.0559708375
0.05794630625
0.06553871875
0.07443026875
0.076053775
0.08146726875
0.08644265
0.08964166875
0.0953047625
0.0968143875
0.093770725
0.0916815125
0.08619941875
0.07654316875
0.07144020625
0.06586001875
0.0627197125
0.06724178125
0.06343415
0.05383009375
0.04499878125
0.0294776625
0.0200096
0.0154800300625
0.014907128875
0.0186808589375
0.02271122025
0.0337766464375
0.036907210125
0.0395071613125
0.0453702625
0.04588101875
0.0543054125
0.0654663875
0.07025561875
0.06953770625
0.06188994375
0.05300878125
0.04700334375
0.04502365625
0.04901843125
0.0470951
0.0481636375
0.0482258238125
0.042289785125
0.0393261776875
0.035783714
0.0405585651875
0.049138222625
0.0599547925625
0.0658978125
0.060195075
0.0529047125
0.04769371875
0.04095565625
0.0381473375
0.03615659375
0.02747604375
0.02513615
0.02779335625
0.0288772863125
0.033383397625
0.0331358839375
0.031070539
0.03055470775
0.03029550775
0.0326697515
0.0268733265
0.0240550151875
0.022161153875
0.0200106613125
0.023913225
0.02639630625
0.03260631875
0.0423361125
0.05600135
0.065120725
0.0640057125
0.05559450625
0.0393124125
0.0250693375
0.01641644375
0.0115327875
0.01698519375
0.02414420625
0.02414420625
0.02414420625
0.02414420625
