-0.0825
-0.0825
-0.0825
-0.0825
-0.05625
-0.039375
-0.0275
-0.004375
0.009375
0.006875
0.015
-0.0075
-0.031875
-0.02875
-0.03875
-0.029375
-0.013125
-0.01625
-0.02125
-0.0225
-0.0275
-0.046875
-0.05875
-0.078125
-0.06125
-0.033125
-0.005625
0.0275
-1.73472347598e-18
-0.0225
-0.0125
0.028125
0.08875
0.161875
0.1875
0.165625
0.15
0.12125
0.09625
0.08625
0.09375
0.1
0.1175
0.135
0.15
0.125625
0.10125
0.076875
0.01125
0.005625
0.02625
0.035625
0.08125
0.125
0.115625
0.12875
0.121875
0.08125
0.079375
0.04875
0.039375
0.040625
0.01875
0.013125
-0.005
-0.010625
-0.005
0.00875
0.01
-0.003125
-0.02375
-0.049375
-0.065625
-0.058125
-0.04375
-0.03875
0.005
0.02125
0.04625
0.0775
0.041875
0.025
-3.46944695195e-18
-0.02375
-0.013125
-0.02875
-0.033125
-0.01875
-0.0025
0.04
0.08625
0.09625
0.095
0.079375
0.014375
-0.033125
-0.05375
-0.0725
-0.049375
-0.01875
-0.026875
-0.03125
-0.0375
-0.060625
-0.05625
-0.0325
-0.02625
0.0025
0.016875
-0.00375
-0.00625
-0.033125
-0.055625
-0.053125
-0.064375
-0.061875
-0.05
-0.060625
-0.0625
-0.069375
-0.083125
-0.064375
-0.04
-0.01375
0.008125
-0.00875
-0.033125
-0.05625
-0.08
-0.05
-0.0075
0.045625
0.1125
0.11875
0.095
0.054375
-0.005
-0.045
-0.05
-0.03875
-0.01
0.029375
0.046875
0.04
0.0175
-0.009375
-0.039375
-0.025625
-0.00375
0.01625
0.039375
0.01625
-0.0075
-0.023125
-0.03375
-0.04125
-0.04625
-0.04625
-0.04625
-0.033125
-0.02625
-0.043125
-0.055
-0.071875
-0.066875
-0.019375
0.02
0.0725
0.096875
0.05875
0.023125
-0.024375
-0.065625
-0.07
-0.074375
-0.07
-0.053125
-0.043125
-0.01375
0.005
0.001875
0.013125
-0.01375
-0.0375
-0.068125
-0.08875
-0.088125
-0.085
-0.04
-0.05
-0.063125
-0.0775
-0.09625
-0.07375
-0.043125
-0.009375
-0.0125
-0.029375
-0.02625
-0.0075
0.013125
0.038125
0.00375
-0.065625
-0.081875
-0.078125
-0.04375
0.0075
0.006875
-0.020625
-0.036875
-0.049375
-0.034375
-0.015
0.02
0.049375
0.07375
0.105625
0.0875
0.07
0.031875
-0.004375
-0.023125
-0.035
-0.003125
0.01125
0.033125
0.063125
0.034375
0.036875
0.0375
0.025
0.036875
0.015625
0.015625
0.031875
0.0625
0.110625
0.129375
0.0975
0.046875
-0.013125
-0.059375
-0.07125
-0.069375
-0.02875
0.008125
0.063125
0.109375
0.089375
0.090625
0.038125
-0.01
-0.045
-0.13125
-0.145
-0.124375
-0.05
0.051875
0.116875
0.120625
0.078125
0.036875
-0.023125
-0.055625
-0.075
-0.08875
-0.0825
-0.076875
-0.08
-0.09125
-0.104375
-0.12375
-0.143125
-0.155
-0.154375
-0.115
-0.015
0.07625
0.1425
0.17625
0.125625
0.084375
0.069375
0.038125
0.039375
0.031875
-0.001875
-0.003125
0.003125
0.023125
0.060625
0.05125
0.05125
0.05125
0.05125
