0.04575
0.04575
0.04575
0.04575
0.0471875
0.047625
0.046625
0.045375
0.04575
0.0455625
0.04625
0.0481875
0.04875
0.05025
0.0530625
0.0541875
0.055
0.05425
0.0513125
0.048875
0.047125
0.0466875
0.04825
0.05025
0.0518125
0.053
0.053125
0.0528125
0.0525625
0.052375
0.05225
0.050875
0.0485
0.046375
0.043125
0.042375
0.043625
0.0445
0.046375
0.047
0.046625
0.046875
0.047375
0.0474375
0.0475
0.04725
0.048
0.0495
0.050875
0.053125
0.05325
0.0531875
0.053375
0.0515
0.0505
0.049375
0.046875
0.046625
0.0475
0.0480625
0.051125
0.0519375
0.051875
0.0513125
0.04825
0.0473125
0.0458125
0.04625
0.049
0.050875
0.053625
0.0548125
0.055
0.054625
0.053375
0.0526875
0.0509375
0.0489375
0.0478125
0.046875
0.0469375
0.048375
0.049375
0.0500625
0.0505
0.0506875
0.0505625
0.0493125
0.0496875
0.049625
0.0501875
0.052875
0.0540625
0.055125
0.05475
0.052375
0.05025
0.048375
0.0483125
0.04925
0.0500625
0.0503125
0.05
0.0494375
0.048875
0.0481875
0.0465625
0.0464375
0.046
0.0468125
0.0484375
0.0489375
0.0500625
0.0495625
0.0500625
0.050125
0.049875
0.0506875
0.0501875
0.0503125
0.0504375
0.0515625
0.0523125
0.0516875
0.0510625
0.0481875
0.0468125
0.0474375
0.04775
0.0491875
0.0490625
0.048125
0.0476875
0.0476875
0.048375
0.0488125
0.0491875
0.0496875
0.0509375
0.051375
0.05125
0.0505625
0.0495
0.0503125
0.0516875
0.0520625
0.0518125
0.049625
0.0465
0.0455625
0.04525
0.0470625
0.0506875
0.0530625
0.05525
0.0563125
0.0565
0.0563125
0.054875
0.05325
0.0505
0.0475
0.04575
0.0439375
0.0438125
0.0455
0.0468125
0.0488125
0.050125
0.049875
0.051
0.05175
0.0528125
0.05475
0.0556875
0.0565
0.0566875
0.0563125
0.0546875
0.053
0.0515
0.04925
0.049125
0.0489375
0.049125
0.0498125
0.0495
0.0495
0.0483125
0.048875
0.0495625
0.0503125
0.0528125
0.0538125
0.054375
0.053625
0.05125
0.048
0.045375
0.0443125
0.04475
0.0471875
0.049
0.0510625
0.0525625
0.05275
0.0535625
0.0525625
0.0510625
0.050125
0.0485625
0.0481875
0.04875
0.04925
0.049
0.0494375
0.049125
0.048625
0.0495
0.0488125
0.0483125
0.0468125
0.046125
0.047375
0.0488125
0.05225
0.053375
0.05225
0.0510625
0.048875
0.0485625
0.049375
0.0499375
0.050375
0.0505625
0.051875
0.0533125
0.053875
0.0540625
0.0526875
0.051125
0.051375
0.0505625
0.0505625
0.0505625
0.0505625
