0.987625
0.987625
0.987625
0.987625
0.974125
1.012375
1.0275625
1.0869375
1.11025
1.036875
0.9948125
0.9179375
0.8795
0.919
0.942
0.9800625
0.9940625
0.9705625
0.9669375
0.9585
0.9659375
0.9820625
0.978
0.977625
0.9540625
0.9324375
0.9248125
0.945625
0.986
0.9960625
0.996125
0.96525
0.9471875
0.9594375
0.9745625
0.9680625
0.922125
0.8783125
0.8421875
0.851875
0.883875
0.906375
0.9176875
0.9081875
0.9443125
1.003875
1.068625
1.1103125
1.0696875
1.0099375
0.97775
0.9725625
0.999875
1.0271875
1.0205
1.0141875
1.01625
1.020625
1.0103125
0.9956875
0.9679375
0.9611875
1.003125
1.059875
1.13075
1.16025
1.1400625
1.1061875
1.061125
1.028875
1.028875
1.028875
1.028875
