0.81875
0.81875
0.81875
0.81875
0.8125
0.844375
0.90125
0.969375
1.03375
1.079375
1.06
1.030625
0.995625
0.9675
0.96875
0.96375
0.953125
0.968125
0.983125
1.018125
1.061875
1.043125
1.02
0.978125
0.93
0.89875
0.86875
0.894375
0.949375
1.01625
1.120625
1.149375
1.125625
1.1525
1.118125
1.099375
1.11
1.02625
0.950625
0.88875
0.81125
0.78
0.813125
0.84625
0.891875
0.946875
0.95875
0.9825
1.035
1.068125
1.065
1.05
0.994375
0.985
1.0075
1.024375
1.053125
1.026875
0.991875
0.968125
0.938125
0.91
0.909375
0.92375
0.98
1.06375
1.116875
1.130625
1.055625
0.971875
0.89875
0.8275
0.83
0.864375
0.915625
1.0125
1.085625
1.09125
1.0725
1.006875
0.943125
0.929375
0.938125
0.955625
0.99625
0.993125
1.009375
1.058125
1.0675
1.118125
1.111875
1.073125
1.069375
1.0575
1.063125
1.0625
1.0125
0.936875
0.871875
0.84
0.85125
0.881875
0.911875
0.924375
0.925625
0.948125
0.945
0.9375
0.955
0.934375
0.990625
1.04
1.02875
1.04875
0.97875
0.935625
0.940625
0.924375
0.9525
0.965
0.95375
0.97625
1.020625
1.05125
1.10875
1.104375
1.035
0.985625
0.924375
0.891875
0.90125
0.895
0.865625
0.8625
0.8375
0.84625
0.873125
0.87875
0.899375
0.9025
0.92375
0.971875
1.013125
1.03125
1.015625
0.95625
0.946875
0.94
0.966875
1.041875
1.085
1.15125
1.194375
1.17875
1.123125
1.06
0.985625
0.92375
0.874375
0.80875
0.770625
0.761875
0.786875
0.845
0.906875
0.95625
0.975
0.99375
0.996875
0.9875
1.02
1.015
0.995
1.01875
0.98125
0.94375
0.95375
0.91625
0.945
1.015
1.054375
1.10875
1.101875
1.06125
1.00125
0.975
0.971875
0.98
1.044375
1.039375
1.05625
1.11
1.109375
1.146875
1.155625
1.101875
1.03
0.94625
0.9175
0.886875
0.891875
0.916875
0.888125
0.918125
0.955625
0.975
0.97875
0.9625
0.966875
0.99625
1.059375
1.088125
1.069375
1.06375
1.04625
1.05625
1.069375
1.021875
0.98125
0.919375
0.87375
0.873125
0.90125
0.95875
1.035625
1.105625
1.129375
1.174375
1.18875
1.175625
1.155625
1.055625
0.9825
0.939375
0.906875
0.949375
0.98375
0.985625
1.046875
1.06
1.061875
1.1025
1.05
1.0075
0.96875
0.9125
0.915
0.973125
1.04625
1.109375
1.153125
1.118125
1.056875
1.02125
0.994375
1.021875
1.053125
1.055
1.061875
1.0125
0.970625
0.93625
0.89
0.889375
0.88875
0.934375
0.968125
0.979375
1.02
1.008125
1.0275
1.100625
1.144375
1.20625
1.23375
1.184375
1.1325
1.073125
1.0275
1.01
0.968125
0.9225
0.891875
0.8575
0.861875
0.88125
0.90125
0.981875
1.02
1.069375
1.11125
1.0875
1.11125
1.09
1.048125
0.990625
0.918125
0.873125
0.856875
0.8825
0.90625
0.930625
0.95
0.965625
0.97375
0.984375
0.9725
0.946875
0.93625
0.94
1.003125
1.07875
1.17375
1.235
1.210625
1.18375
1.086875
1.00125
0.956875
0.919375
0.9175
0.900625
0.920625
0.93
0.96875
1.029375
1.035625
1.041875
1.021875
1.014375
1.025625
1.00375
0.96875
0.91375
0.888125
0.933125
1.023125
1.15125
1.205
1.216875
1.195625
1.10375
1.070625
1.04625
1.048125
1.098125
1.13625
1.14375
1.093125
1.0275
0.97875
0.96375
1.000625
1.036875
1.03125
1.021875
1.0025
0.968125
0.95375
0.94625
0.934375
0.995
1.05875
1.09
1.14
1.1
1.051875
1.03125
0.973125
0.951875
0.9525
0.949375
0.9575
0.973125
0.98875
0.995
0.9925
0.95875
0.8825
0.81375
0.785
0.80375
0.865
0.963125
1.0375
1.064375
1.099375
1.095
1.073125
1.0825
1.05125
0.995625
0.973125
0.9575
0.964375
0.974375
0.963125
0.921875
0.87125
0.8975
0.936875
1.03875
1.151875
1.180625
1.178125
1.103125
1.0125
0.93125
0.880625
0.851875
0.820625
0.8275
0.825625
0.80375
0.8275
0.82375
0.816875
0.85125
0.82125
0.804375
0.7975
0.755625
0.754375
0.754375
0.76375
0.8125
0.851875
0.901875
0.925
0.92375
0.925625
0.91375
0.93875
0.95375
0.97
0.9725
0.935625
0.928125
0.9025
0.9025
0.92875
0.9525
1.0075
1.02875
1.018125
1.008125
0.9725
0.966875
0.99125
0.96375
0.944375
0.961875
1.004375
1.075
1.13625
1.115625
1.03375
0.9725
0.93125
0.910625
0.9
0.91125
0.910625
0.976875
1.069375
1.075
1.08625
1.02
0.935
0.926875
0.92625
0.945
1.004375
1.023125
1.045
1.100625
1.09375
1.11875
1.083125
1.0025
0.954375
0.8775
0.849375
0.83375
0.80875
0.79625
0.7725
0.790625
0.816875
0.86125
0.920625
0.93375
0.9975
1.020625
1.04625
1.05
0.97
0.9375
0.903125
0.90875
0.951875
0.9475
0.929375
0.893125
0.854375
0.845625
0.841875
0.851875
0.86375
0.905625
0.968125
1.04125
1.1025
1.1025
1.1025
1.1025
