0.313125
0.313125
0.313125
0.313125
0.443125
0.718125
0.7875
0.639375
0.4975
0.22625
0.026875
-0.014375
-0.053125
0.10125
0.20125
0.385
0.543125
0.51375
0.489375
0.244375
0.00375
-0.221875
-0.51375
-0.638125
-0.74375
-0.744375
-0.684375
-0.65875
-0.5
-0.44625
-0.23
-0.0025
0.091875
0.19875
0.066875
-0.08
-0.325625
-0.48
-0.56375
-0.64
-0.633125
-0.72875
-0.6775
-0.675625
-0.480625
-0.234375
-0.216875
-0.00125
0.02125
0.201875
0.4725
0.578125
0.5375
0.220625
0.088125
-0.0175
0.05625
0.259375
0.235
0.100625
-0.05125
-0.214375
-0.396875
-0.548125
-0.70125
-0.854375
-0.869375
-0.76875
-0.66625
-0.590625
-0.6175
-0.746875
-0.910625
-0.92625
-0.750625
-0.385
0.06625
0.410625
0.67125
0.66
0.726875
0.779375
0.57375
0.540625
0.35
0.20125
0.301875
0.478125
0.663125
0.649375
0.591875
0.304375
-0.0575
-0.149375
-0.138125
0.129375
0.59125
0.83875
0.98125
0.79625
0.405
0.196875
-0.11625
-0.191875
-0.156875
-0.285625
-0.328125
-0.3275
-0.3525
-0.3275
-0.300625
-0.46875
-0.593125
-0.665625
-0.703125
-0.483125
-0.28875
-0.1025
0.06625
-0.08375
-0.270625
-0.48625
-0.60625
-0.59875
-0.500625
-0.36875
-0.341875
-0.280625
-0.2875
-0.343125
-0.485625
-0.495
-0.4825
-0.4575
-0.378125
-0.410625
-0.335
-0.18875
0.03125
0.11
-0.0425
-0.10125
-0.07625
0.08
0.365625
0.31
-0.01625
-0.245
-0.49625
-0.55125
-0.414375
-0.344375
-0.303125
-0.22
-0.196875
-0.325
-0.253125
-0.20625
-0.111875
0.039375
-0.065
-0.245
-0.30125
-0.199375
-0.06625
0.144375
0.160625
-0.0175
-0.09125
-0.115625
-0.09625
-6.93889390391e-18
0.2025
0.430625
0.660625
0.914375
0.835625
0.521875
0.204375
-0.1575
-0.30875
-0.36375
-0.52375
-0.635625
-0.683125
-0.645625
-0.528125
-0.308125
-0.225625
-0.084375
0.219375
0.405
0.6225
0.6025
0.34375
-0.025625
-0.36875
-0.521875
-0.58875
-0.586875
-0.61125
-0.7325
-0.835
-0.86125
-0.750625
-0.454375
-0.201875
0.1625
0.406875
0.410625
0.50125
0.284375
-0.0475
-0.266875
-0.55125
-0.648125
-0.650625
-0.68
-0.714375
-0.775
-0.815
-0.8175
-0.753125
-0.698125
-0.575
-0.380625
-0.1775
0.033125
0.14
-0.005
-0.23625
-0.505625
-0.638125
-0.4525
-0.1425
0.365625
0.654375
0.78125
0.730625
0.428125
0.245625
-0.0875
-0.3375
-0.53375
-0.571875
-0.39875
-0.11125
0.351875
0.498125
0.526875
0.2925
-0.035625
-0.211875
-0.28375
-0.1825
-0.285
-0.37125
-0.514375
-0.649375
-0.57
-0.513125
-0.326875
-0.12625
-0.04625
0.03
0.031875
-0.06
-0.06625
-0.076875
-0.194375
-0.259375
-0.38375
-0.401875
-0.49
-0.578125
-0.46625
-0.4825
-0.32625
-0.204375
-0.35875
-0.483125
-0.651875
-0.751875
-0.731875
-0.740625
-0.77875
-0.733125
-0.674375
-0.575625
-0.400625
-0.34375
-0.3075
-0.17875
-0.0825
-0.13875
-0.200625
-0.441875
-0.5475
-0.34625
0.028125
0.641875
0.95375
1.109375
0.925625
0.57
0.484375
0.2875
0.249375
0.278125
0.19375
0.183125
0.230625
0.05
-0.130625
-0.213125
-0.234375
-0.02375
0.07625
0.21125
0.15125
0.185
0.34625
0.4575
0.611875
0.558125
0.42875
0.09875
-0.1325
-0.279375
-0.373125
-0.355
-0.31875
-0.325
-0.12375
0.268125
0.57375
0.96375
1.151875
1.1875
1.19125
0.954375
0.515625
0.146875
-0.05125
-0.045
0.205
0.348125
0.26625
0.15375
0.115625
-0.03125
0.0375
0.1075
-0.09125
-0.11875
-0.358125
-0.48
-0.455
-0.428125
-0.196875
-0.101875
0.023125
0.2425
0.38875
0.4575
0.501875
0.41
0.2425
0.175625
0.124375
0.02
-0.135625
-0.295
-0.32375
-0.184375
0.078125
0.308125
0.253125
-0.01375
-0.183125
-0.185
-0.07125
0.27875
0.345625
0.185625
0.163125
-0.110625
-0.1025
0.114375
0.22375
0.599375
0.765625
0.795625
0.713125
0.345
0.1475
-0.161875
-0.405625
-0.455
-0.565
-0.345625
-0.04625
0.20375
0.3175
0.073125
-0.25125
-0.608125
-0.889375
-1.04875
-1.120625
-0.950625
-0.701875
-0.368125
-0.084375
-0.179375
-0.31875
-0.5425
-0.76875
-0.798125
-0.8225
-0.768125
-0.603125
-0.463125
-0.318125
-0.2575
-0.423125
-0.5725
-0.715
-0.610625
-0.34625
-0.093125
0.13875
0.006875
-0.06875
-0.0375
0.02
0.250625
0.2675
0.07625
-0.038125
-0.175
-0.188125
-0.111875
-0.263125
-0.395625
-0.53
-0.6575
-0.628125
-0.62875
-0.545625
-0.440625
-0.35875
-0.255
-0.32625
-0.42625
-0.54875
-0.638125
-0.634375
-0.4775
-0.3175
-0.10125
0.0975
0.114375
0.17
0.015625
-0.1475
-0.368125
-0.585625
-0.655
-0.680625
-0.495625
-0.333125
-0.1975
-0.108125
-0.226875
-0.345625
-0.31375
-0.21875
-0.045
0.08125
-0.105
-0.348125
-0.570625
-0.698125
-0.6525
-0.479375
-0.32125
-0.218125
-0.0175
-0.045625
-0.0575
-0.061875
-0.278125
-0.410625
-0.593125
-0.768125
-0.896875
-0.949375
-0.95125
-0.956875
-0.9
-0.88125
-0.868125
-0.91
-0.93875
-0.88375
-0.789375
-0.485625
-0.111875
0.04125
0.166875
0.01625
-0.223125
-0.295
-0.410625
-0.403125
-0.3225
-0.13
0.109375
0.323125
0.3175
0.18125
-0.01
-0.06625
-0.01625
-0.126875
-0.140625
-0.4075
-0.62875
-0.721875
-0.726875
-0.548125
-0.335625
-0.10625
-0.085
-0.015
-0.004375
0.01375
0.1425
0.1775
0.213125
0.23375
0.17875
0.0775
0.103125
0.235
0.395
0.55375
0.678125
0.75125
0.8525
0.98125
0.890625
0.65875
0.269375
-0.0775
-0.205
-0.29125
-0.191875
0.02375
0.239375
0.51875
0.830625
0.859375
0.815
0.765
0.475625
0.490625
0.37625
0.246875
0.216875
0.026875
-0.085
-0.195
-0.09375
-0.1375
-0.135625
-0.020625
-0.174375
-0.1925
-0.205
-0.266875
-0.265625
-0.2625
-0.219375
-0.37
-0.440625
-0.4925
-0.4225
-0.239375
-0.079375
0.17625
0.07375
-0.019375
-0.016875
-0.13375
-0.02
0.2225
0.401875
0.499375
0.579375
0.46375
0.15
-0.080625
-0.360625
-0.41375
-0.201875
0.0325
0.32625
0.320625
0.159375
-0.019375
-0.23625
-0.188125
-0.0625
0.071875
0.1775
0.065625
-0.224375
-0.516875
-0.721875
-0.71125
-0.395
-0.12625
0.249375
0.5425
0.566875
0.644375
0.365625
0.07625
-0.09875
-0.125
0.050625
0.166875
0.245
0.04875
-0.1075
-0.338125
-0.374375
-0.27375
-0.14
0.096875
0.025625
0.019375
-0.11625
-0.10375
0.173125
0.280625
0.589375
0.745625
0.625625
0.5475
0.1675
-0.286875
-0.425
-0.478125
-0.3625
-0.14125
-0.078125
-0.09375
-0.1725
-0.18125
-0.161875
-0.0575
0.0925
0.18
0.1175
0.009375
-0.0875
-0.35625
-0.503125
-0.65625
-0.775625
-0.72375
-0.68875
-0.534375
-0.424375
-0.3175
-0.24125
-0.2975
-0.230625
-0.0175
0.381875
0.701875
0.785625
0.5475
0.07375
-0.29
-0.4175
-0.385
-0.2975
-0.070625
0.04
0.266875
0.54125
0.62125
0.725625
0.580625
0.48875
0.3225
-0.00875
-0.1675
-0.44375
-0.590625
-0.5075
-0.5225
-0.345625
-0.18
-0.193125
-0.1475
-0.215625
-0.2425
-0.19125
-0.105625
-0.0375
-0.078125
-0.11125
-0.17875
-0.20625
-0.14375
0.03875
0.18125
0.085625
-0.074375
-0.45375
-0.633125
-0.46375
-0.206875
0.094375
0.100625
-0.04375
-0.14625
-0.099375
0.105
0.19875
0.205
0.0775
0.025625
0.189375
0.259375
0.319375
0.29375
0.0675
-0.085
-0.161875
-0.345
-0.36
-0.24125
-0.12375
0.183125
0.30125
0.36875
0.405625
0.186875
0.109375
-0.208125
-0.35625
-0.2875
-0.29125
-0.143125
-0.1725
-0.155625
0.103125
0.426875
0.636875
0.7225
0.555625
0.466875
0.501875
0.459375
0.384375
0.078125
-0.23375
-0.435625
-0.54875
-0.536875
-0.415
-0.1975
0.003125
0.18625
0.179375
-0.0925
-0.274375
-0.49625
-0.634375
-0.566875
-0.638125
-0.645
-0.644375
-0.69375
-0.7
-0.63625
-0.5725
-0.5
-0.405
-0.35375
-0.3025
-0.106875
0.088125
0.125
0.121875
-0.18875
-0.478125
-0.648125
-0.639375
-0.476875
-0.221875
-0.024375
-0.079375
-0.11625
-0.3675
-0.365625
-0.23
-0.101875
0.22875
0.195625
0.139375
0.15
0.046875
0.116875
0.193125
0.09625
-0.08625
-0.29125
-0.48
-0.57
-0.449375
-0.17125
0.070625
0.296875
0.3075
0.0425
-0.201875
-0.40375
-0.508125
-0.40125
-0.285
-0.060625
0.143125
0.16625
0.13625
-0.056875
-0.0625
0.035625
0.200625
0.39375
0.3975
0.39625
0.356875
0.184375
-0.06125
-0.326875
-0.46125
-0.43625
-0.326875
-0.064375
0.06375
0.161875
0.26125
0.215
0.0825
-0.0425
-0.15125
-0.393125
-0.531875
-0.6125
-0.67375
-0.549375
-0.42375
-0.421875
-0.43375
-0.3675
-0.154375
0.094375
0.310625
0.275625
-0.066875
-0.20625
-0.344375
-0.329375
-0.1625
-0.235625
-0.24375
-0.26
-0.305625
-0.375625
-0.3675
-0.27
-0.0925
0.234375
0.309375
0.17
0.079375
-0.028125
-0.00125
0.158125
0.1025
-0.131875
-0.335
-0.565
-0.4975
-0.295625
-0.13125
0.008125
-0.20625
-0.26
-0.334375
-0.255
0.134375
0.233125
0.373125
0.2975
-0.029375
-0.24375
-0.326875
-0.315625
-0.175
-0.0125
-0.1375
-0.31375
-0.5525
-0.79625
-0.90375
-0.92
-0.84
-0.78
-0.715
-0.54375
-0.41125
-0.23875
-0.100625
-0.255
-0.421875
-0.61375
-0.590625
-0.41
-0.11
0.20625
0.206875
0.19625
-0.038125
-0.295
-0.423125
-0.41625
-0.321875
-0.143125
0.02125
0.02125
0.02125
0.02125
