0.9325
0.9325
0.9325
0.9325
0.93875
0.9875
0.95875
0.9175
0.885
0.825
0.83625
0.9
0.99875
1.14
1.235
1.25125
1.22
1.10375
0.995
0.9125
0.87375
0.8975
0.931875
0.9675
0.944375
0.91125
0.9025
0.90875
0.944375
0.994375
1.0125
1.026875
1.03375
0.996875
0.94375
0.930625
0.961875
1.008125
1.11375
1.150625
1.118125
1.088125
0.995
0.905
0.84875
0.853125
0.9125
1.006875
1.088125
1.090625
1.04
0.976875
0.95375
0.94625
0.996875
1.083125
1.11
1.171875
1.1825
1.12375
1.09625
1.008125
0.92
0.8625
0.803125
0.810625
0.848125
0.923125
1.003125
1.064375
1.11875
1.095625
1.081875
1.055625
1.0125
1.02875
1.05
1.038125
1.03875
0.999375
0.955
0.948125
0.98625
1.055625
1.07
1.074375
1.0
0.926875
0.915625
0.90125
0.909375
0.9
0.8675
0.84125
0.87125
0.92
0.965
1.015
1.0175
1.035
1.094375
1.16125
1.1875
1.17
1.0725
0.9475
0.865
0.828125
0.836875
0.87
0.905
0.88625
0.88625
0.910625
0.930625
0.989375
1.048125
1.056875
1.08
1.098125
1.0725
1.099375
1.149375
1.17375
1.215625
1.20625
1.111875
1.020625
0.9775
0.936875
0.96875
1.013125
0.96625
0.91875
0.863125
0.823125
0.84125
0.889375
0.89625
0.890625
0.908125
0.908125
0.97
1.065
1.09875
1.161875
1.164375
1.1025
1.10625
1.04625
1.0125
1.01
0.935
0.90875
0.8825
0.8875
0.931875
0.965
1.0025
0.965625
0.9375
0.903125
0.881875
0.92
0.93625
0.95625
0.9425
0.88875
0.890625
0.923125
1.003125
1.12625
1.1925
1.21125
1.188125
1.134375
1.063125
1.0
0.924375
0.86
0.835
0.823125
0.836875
0.87
0.89375
0.928125
0.954375
0.95
0.935
0.91
0.898125
0.905
0.931875
0.950625
0.948125
0.921875
0.87
0.83125
0.815625
0.81875
0.854375
0.86375
0.86625
0.85625
0.84125
0.85
0.858125
0.91875
0.956875
0.985
1.00375
0.9375
0.86625
0.795
0.715
0.696875
0.71125
0.730625
0.77375
0.778125
0.803125
0.88125
0.96375
1.085
1.14
1.10625
1.060625
0.99375
0.95625
0.936875
0.898125
0.84375
0.783125
0.760625
0.7575
0.771875
0.775
0.754375
0.753125
0.794375
0.853125
0.8975
0.903125
0.876875
0.850625
0.841875
0.8525
0.816875
0.7975
0.801875
0.80625
0.82875
0.83625
0.846875
0.8575
0.885625
0.91125
0.88
0.84875
0.8175
0.77125
0.734375
0.718125
0.701875
0.701875
0.74
0.753125
0.7825
0.829375
0.86875
0.91375
0.92625
0.90375
0.863125
0.82
0.810625
0.854375
0.886875
0.921875
0.938125
0.900625
0.91
0.900625
0.89375
0.915
0.89875
0.9275
0.956875
0.97625
0.988125
0.9725
0.935625
0.91375
0.909375
0.8775
0.8825
0.8475
0.833125
0.84625
0.851875
0.865
0.854375
0.864375
0.85625
0.875625
0.90125
0.895625
0.9025
0.905625
0.9125
0.9475
0.971875
0.97375
0.96875
0.93625
0.91625
0.93
0.94375
0.95
0.95375
0.93875
0.91375
0.90625
0.8675
0.83125
0.806875
0.8
0.838125
0.8675
0.875625
0.84875
0.786875
0.744375
0.72125
0.715625
0.7275
0.723125
0.739375
0.755625
0.799375
0.83
0.836875
0.84375
0.795625
0.765
0.740625
0.73375
0.775
0.81625
0.83375
0.838125
0.81875
0.799375
0.800625
0.818125
0.83875
0.87875
0.91875
0.91625
0.91375
0.9
0.88625
0.89125
0.87875
0.85125
0.82375
0.781875
0.785
0.791875
0.819375
0.88625
0.915625
0.930625
0.904375
0.834375
0.780625
0.765
0.77
0.796875
0.82125
0.821875
0.860625
0.935
0.995625
1.041875
1.011875
0.9325
0.845625
0.77625
0.745
0.74375
0.7775
0.849375
0.93125
0.980625
1.0125
0.968125
0.9275
0.88125
0.8175
0.791875
0.750625
0.73125
0.765
0.79875
0.834375
0.87
0.834375
0.851875
0.8475
0.843125
0.89625
0.860625
0.846875
0.856875
0.845
0.86875
0.8925
0.8925
0.870625
0.84125
0.84125
0.84125
0.84125
