0.13
0.13
0.13
0.13
0.12
0.096875
0.08375
0.0675
0.0675
0.075
0.09125
0.1025
0.09875
0.091875
0.065
0.045625
0.03125
0.029375
0.05
0.075625
0.115
0.13625
0.14375
0.145
0.125625
0.12375
0.11625
0.1075
0.118125
0.11875
0.136875
0.14625
0.13625
0.1225
0.094375
0.075
0.065
0.056875
0.05375
0.06
0.070625
0.095
0.11625
0.116875
0.10875
0.08875
0.071875
0.0675
0.0675
0.0675
0.075625
0.083125
0.09
0.090625
0.075
0.058125
0.041875
0.0325
0.031875
0.030625
0.04
0.050625
0.05875
0.069375
0.061875
0.05625
0.054375
0.061875
0.074375
0.081875
0.085
0.065
0.0475
0.041875
0.03875
0.059375
0.0825
0.08625
0.10125
0.09875
0.100625
0.111875
0.105625
0.105625
0.098125
0.09875
0.100625
0.1
0.0975
0.08875
0.095
0.10125
0.10375
0.096875
0.08
0.075625
0.075
0.093125
0.113125
0.124375
0.140625
0.1475
0.151875
0.1525
0.15
0.13375
0.109375
0.08375
0.05875
0.05625
0.060625
0.065
0.069375
0.06625
0.07625
0.09125
0.105
0.115
0.11375
0.11875
0.135625
0.148125
0.15125
0.148125
0.133125
0.130625
0.135625
0.140625
0.136875
0.1175
0.110625
0.096875
0.104375
0.115625
0.11
0.115625
0.11
0.118125
0.13875
0.15125
0.165
0.16625
0.16
0.146875
0.120625
0.105
0.0825
0.07125
0.0825
0.076875
0.08875
0.096875
0.094375
0.105
0.10625
0.11875
0.13125
0.1425
0.15625
0.151875
0.14125
0.121875
0.088125
0.071875
0.069375
0.0825
0.10625
0.123125
0.125
0.109375
0.09625
0.07125
0.050625
0.03875
0.0325
0.039375
0.0475
0.0575
0.05875
0.054375
0.056875
0.066875
0.071875
0.088125
0.099375
0.10125
0.11875
0.125
0.1375
0.15
0.155
0.15875
0.156875
0.14375
0.119375
0.09625
0.0625
0.041875
0.0425
0.053125
0.071875
0.086875
0.08125
0.071875
0.066875
0.065
0.081875
0.0925
0.109375
0.135
0.145
0.14875
0.14375
0.1175
0.104375
0.1075
0.111875
0.1375
0.155625
0.15625
0.145
0.11375
0.076875
0.05875
0.054375
0.07
0.086875
0.088125
0.0925
0.076875
0.0675
0.071875
0.07
0.088125
0.10625
0.110625
0.1175
0.106875
0.0925
0.09
0.08125
0.079375
0.080625
0.08
0.075625
0.076875
0.076875
0.06375
0.058125
0.051875
0.046875
0.05375
0.07
0.079375
0.0875
0.101875
0.1
0.094375
0.090625
0.070625
0.0525
0.03875
0.03625
0.046875
0.069375
0.101875
0.113125
0.125
0.128125
0.124375
0.129375
0.11625
0.1025
0.089375
0.07125
0.068125
0.07625
0.084375
0.0975
0.105625
0.1025
0.090625
0.079375
0.073125
0.063125
0.06
0.0575
0.06125
0.0775
0.098125
0.118125
0.120625
0.11
0.08875
0.064375
0.05625
0.058125
0.07125
0.088125
0.09875
0.11125
0.109375
0.105625
0.09125
0.06375
0.05625
0.04875
0.05875
0.075
0.071875
0.074375
0.060625
0.04875
0.045
0.03125
0.02375
0.02625
0.03625
0.05375
0.083125
0.1025
0.10875
0.12125
0.12375
0.118125
0.125
0.11375
0.093125
0.09
0.08375
0.096875
0.1275
0.14875
0.155
0.144375
0.128125
0.10125
0.08625
0.086875
0.080625
0.096875
0.123125
0.139375
0.15375
0.15375
0.14375
0.13375
0.13125
0.121875
0.104375
0.085625
0.06625
0.068125
0.088125
0.114375
0.149375
0.16125
0.15125
0.13625
0.106875
0.1
0.105625
0.103125
0.100625
0.074375
0.056875
0.051875
0.05
0.0625
0.05625
0.0425
0.039375
0.0325
0.036875
0.05375
0.05375
0.055625
0.053125
0.045625
0.055625
0.076875
0.113125
0.139375
0.148125
0.144375
0.124375
0.1175
0.116875
0.11875
0.1225
0.11125
0.11375
0.105625
0.0925
0.096875
0.079375
0.08125
0.10125
0.11
0.12875
0.1275
0.10625
0.085625
0.065625
0.055625
0.054375
0.053125
0.05125
0.0525
0.053125
0.060625
0.066875
0.065
0.073125
0.07875
0.084375
0.1075
0.12125
0.12
0.12875
0.12375
0.1125
0.11375
0.10875
0.10375
0.1125
0.133125
0.145
0.156875
0.16
0.144375
0.1325
0.115
0.089375
0.068125
0.059375
0.055625
0.07125
0.096875
0.101875
0.11125
0.11
0.091875
0.085
0.073125
0.059375
0.05625
0.06125
0.070625
0.085
0.10875
0.114375
0.12625
0.126875
0.10625
0.095
0.0775
0.06875
0.080625
0.095625
0.101875
0.1075
0.103125
0.0925
0.084375
0.08
0.06375
0.06375
0.06375
0.06375
