-0.645
-0.645
-0.645
-0.645
-0.72375
-0.6875
-0.64375
-0.5875
-0.54625
-0.58625
-0.62625
-0.715
-0.79625
-0.626875
-0.440625
-0.213125
0.1325
0.153125
0.258125
0.47625
0.4425
0.564375
0.613125
0.3625
0.26125
0.11875
-0.190625
-0.22
-0.299375
-0.33
-0.244375
-0.395
-0.4525
-0.534375
-0.48
-0.290625
-0.1675
-0.06375
-0.170625
-0.31125
-0.343125
-0.375625
-0.305625
-0.100625
-0.115
-0.094375
0.011875
-0.118125
-0.01
0.090625
0.00625
0.045
-0.050625
-0.15
-0.149375
-0.1475
-0.22
-0.323125
-0.325625
-0.334375
-0.26375
-0.0325
-0.02625
-0.014375
-0.035
-0.323125
-0.493125
-0.685625
-0.8175
-0.84
-0.85125
-0.86125
-0.775625
-0.64125
-0.409375
-0.0475
0.1125
0.26375
0.14625
-0.184375
-0.414375
-0.66
-0.6325
-0.489375
-0.37625
-0.263125
-0.35125
-0.5075
-0.669375
-0.829375
-0.920625
-0.960625
-0.9975
-1.038125
-1.000625
-0.9175
-0.815
-0.611875
-0.480625
-0.395
-0.258125
-0.33375
-0.39625
-0.47
-0.600625
-0.6025
-0.516875
-0.403125
-0.278125
-0.156875
-0.210625
-0.3325
-0.378125
-0.429375
-0.393125
-0.254375
-0.285
-0.338125
-0.395
-0.446875
-0.405625
-0.34
-0.29375
-0.376875
-0.4975
-0.633125
-0.73
-0.76875
-0.760625
-0.785
-0.825
-0.715
-0.635
-0.37625
-0.133125
-0.1375
-0.126875
-0.191875
-0.240625
-0.199375
-0.1775
-0.21875
-0.234375
-0.205
-0.00375
0.020625
0.024375
0.015
-0.265
-0.393125
-0.55875
-0.785
-0.893125
-0.93625
-0.966875
-0.911875
-0.89125
-0.88625
-0.843125
-0.874375
-0.876875
-0.94375
-0.8675
-0.71125
-0.498125
-0.229375
-0.2575
-0.318125
-0.323125
-0.33875
-0.219375
-0.10375
-0.22875
-0.265
-0.295625
-0.28875
-0.059375
-0.0175
-0.038125
-0.1525
-0.42875
-0.61625
-0.69
-0.694375
-0.625625
-0.544375
-0.525625
-0.533125
-0.533125
-0.540625
-0.59375
-0.66
-0.78125
-0.944375
-1.01625
-0.9325
-0.75
-0.49125
-0.2875
-0.375
-0.559375
-0.770625
-0.9275
-0.869375
-0.73125
-0.58375
-0.4925
-0.509375
-0.575625
-0.69875
-0.8525
-0.800625
-0.600625
-0.345
0.096875
0.363125
0.34375
0.30875
0.04125
-0.18375
-0.205
-0.17375
-0.05375
-0.06375
-0.130625
-0.3175
-0.4825
-0.55
-0.505
-0.393125
-0.315
-0.240625
-0.40625
-0.53875
-0.6375
-0.588125
-0.37375
-0.20125
-0.0775
-0.05875
-0.08375
-0.09
0.05625
0.13375
0.229375
0.31
0.310625
0.351875
0.5375
0.7025
0.665625
0.669375
0.371875
0.120625
0.15125
0.019375
0.173125
0.313125
0.238125
0.37875
0.24
0.08375
0.021875
-0.14625
-0.166875
-0.014375
0.138125
0.20875
0.27875
0.143125
0.00375
-0.086875
-0.163125
-0.329375
-0.499375
-0.589375
-0.6025
-0.46125
-0.3125
-0.193125
-0.285625
-0.3925
-0.488125
-0.5825
-0.55125
-0.464375
-0.383125
-0.311875
-0.29
-0.391875
-0.550625
-0.708125
-0.778125
-0.79
-0.59625
-0.286875
-0.026875
0.24625
0.2525
-0.006875
-0.151875
-0.323125
-0.42375
-0.219375
-0.28375
-0.33125
-0.140625
-0.260625
-0.198125
-0.0175
-0.235
-0.2375
-0.283125
-0.548125
-0.61125
-0.7825
-0.900625
-0.86125
-0.765
-0.583125
-0.41875
-0.39875
-0.346875
-0.36375
-0.315625
-0.204375
-0.14125
0.015
-0.04375
-0.0525
-0.13
-0.30625
-0.153125
-0.0025
0.018125
0.054375
-0.3075
-0.73375
-0.976875
-1.155625
-1.085
-0.95375
-0.825
-0.725
-0.68
-0.6725
-0.710625
-0.786875
-0.848125
-0.890625
-0.934375
-0.950625
-0.981875
-0.97125
-0.89625
-0.79
-0.66875
-0.63125
-0.649375
-0.731875
-0.86375
-0.935
-0.975
-0.966875
-0.916875
-0.845625
-0.83
-0.864375
-0.765625
-0.72375
-0.6175
-0.418125
-0.450625
-0.46625
-0.483125
-0.575625
-0.584375
-0.480625
-0.39625
-0.285625
-0.16
-0.255625
-0.35875
-0.389375
-0.388125
-0.289375
-0.095625
-0.07125
0.050625
0.18375
0.126875
0.14625
-0.09875
-0.33625
-0.313125
-0.294375
-0.166875
-0.08875
-0.329375
-0.53875
-0.6825
-0.7425
-0.643125
-0.5575
-0.4175
-0.315625
-0.2125
-0.101875
-0.191875
-0.296875
-0.29875
-0.203125
0.005
0.209375
0.17375
-0.085
-0.355
-0.58375
-0.653125
-0.648125
-0.64375
-0.691875
-0.760625
-0.64875
-0.524375
-0.35875
-0.210625
-0.28875
-0.384375
-0.48375
-0.414375
-0.2575
-0.081875
0.07125
-0.109375
-0.31625
-0.439375
-0.534375
-0.4775
-0.41375
-0.58
-0.814375
-0.86375
-0.78625
-0.53
-0.203125
-0.15125
-0.275
-0.43375
-0.611875
-0.695
-0.7075
-0.764375
-0.68625
-0.565625
-0.438125
-0.22
-0.158125
-0.160625
-0.184375
-0.259375
-0.406875
-0.478125
-0.5375
-0.60875
-0.625625
-0.71125
-0.83625
-0.98875
-1.0625
-1.0625
-0.883125
-0.664375
-0.524375
-0.44375
-0.60375
-0.729375
-0.764375
-0.7475
-0.5825
-0.435
-0.39
-0.39375
-0.379375
-0.39875
-0.3275
-0.12125
-0.13875
-0.17375
-0.253125
-0.450625
-0.45
-0.260625
0.051875
0.211875
0.331875
0.1625
-0.231875
-0.431875
-0.620625
-0.69375
-0.705625
-0.646875
-0.605625
-0.545
-0.399375
-0.520625
-0.635625
-0.750625
-0.91
-0.915
-0.92
-0.925
-0.92
-0.915
-0.915
-0.915
-0.806875
-0.69875
-0.585625
-0.4725
-0.605625
-0.73875
-0.886875
-1.035
-1.03
-1.025
-0.99
-0.955
-0.94
-0.925
-0.925
-0.930625
-0.93625
-0.941875
-0.9425
-0.9125
-0.9025
-0.8925
-0.8925
-0.936875
-0.94625
-0.955625
-0.841875
-0.70875
-0.590625
-0.4725
-0.605625
-0.73875
-0.871875
-0.985625
-0.94625
-0.906875
-0.761875
-0.655625
-0.574375
-0.493125
-0.618125
-0.689375
-0.770625
-0.851875
-0.8375
-0.891875
-0.91625
-0.940625
-0.841875
-0.70875
-0.585625
-0.443125
-0.536875
-0.630625
-0.734375
-0.876875
-0.90125
-0.925625
-0.826875
-0.689375
-0.551875
-0.274375
-0.233125
-0.230625
-0.243125
-0.535625
-0.71
-0.865
-0.9375
-0.87
-0.684375
-0.49875
-0.433125
-0.3675
-0.533125
-0.69875
-0.811875
-0.7725
-0.659375
-0.54625
-0.433125
-0.470625
-0.46875
-0.42125
-0.36875
-0.4725
-0.530625
-0.66125
-0.68375
-0.551875
-0.465625
-0.23125
-0.129375
-0.0275
0.063125
-0.088125
-0.353125
-0.57625
-0.8225
-0.94875
-0.9
-0.848125
-0.743125
-0.621875
-0.584375
-0.67875
-0.810625
-0.946875
-0.908125
-0.58625
-0.186875
0.195
0.33
0.066875
-0.271875
-0.625
-0.844375
-0.814375
-0.809375
-0.768125
-0.78625
-0.8425
-0.798125
-0.758125
-0.545625
-0.260625
-0.056875
0.09
0.029375
-0.24625
-0.49
-0.688125
-0.82875
-0.801875
-0.788125
-0.755
-0.70125
-0.676875
-0.645
-0.600625
-0.4725
-0.23625
-0.0075
0.1725
0.3125
0.383125
0.45
0.51875
0.555625
0.371875
0.195625
0.056875
-0.14125
-0.13625
-0.12
-0.12875
-0.05
-0.02375
-0.015
-0.02375
-0.253125
-0.475625
-0.711875
-0.8075
-0.71125
-0.57625
-0.42125
-0.5075
-0.535625
-0.583125
-0.630625
-0.5575
-0.645625
-0.73375
-0.821875
-0.895
-0.76625
-0.504375
-0.21625
0.041875
0.111875
0.029375
-0.079375
-0.150625
-0.186875
-0.29125
-0.399375
-0.53
-0.59875
-0.566875
-0.44
-0.309375
-0.1975
-0.111875
-0.205
-0.31125
-0.4275
-0.530625
-0.439375
-0.194375
0.036875
0.268125
0.38
0.18625
0.03875
-0.118125
-0.356875
-0.434375
-0.5475
-0.535
-0.4225
-0.2875
-0.039375
-0.025625
0.1275
0.210625
0.095625
0.10375
-0.121875
-0.141875
0.026875
0.29125
0.55625
0.5525
0.495
0.336875
0.241875
0.26125
0.09875
-0.06375
-0.055625
-0.055
0.081875
0.118125
-0.085625
-0.27625
-0.35625
-0.380625
-0.201875
-0.038125
-0.074375
0.094375
0.03625
-0.01625
0.014375
-0.129375
-0.036875
0.055625
0.170625
0.194375
-0.00875
-0.105
-0.118125
-0.020625
0.179375
0.114375
-0.165625
-0.35
-0.5675
-0.586875
-0.463125
-0.534375
-0.5475
-0.593125
-0.66125
-0.680625
-0.695625
-0.56375
-0.47375
-0.301875
-0.040625
-0.07875
-0.035625
-0.023125
-0.22625
-0.29625
-0.450625
-0.61625
-0.67875
-0.614375
-0.4575
-0.17875
0.090625
0.090625
0.046875
-0.22625
-0.391875
-0.250625
-0.05125
0.25625
0.3675
0.168125
-0.155
-0.326875
-0.396875
-0.266875
-0.069375
-0.19875
-0.331875
-0.52375
-0.753125
-0.750625
-0.735
-0.663125
-0.533125
-0.47125
-0.43
-0.428125
-0.498125
-0.585625
-0.67125
-0.815625
-0.92
-0.856875
-0.794375
-0.63125
-0.456875
-0.4975
-0.52
-0.47375
-0.43875
-0.35375
-0.331875
-0.55375
-0.61
-0.595
-0.4775
-0.195
-0.04625
0.04625
0.169375
0.209375
0.07875
-0.058125
-0.390625
-0.519375
-0.54
-0.505
-0.339375
-0.433125
-0.45625
-0.511875
-0.62625
-0.483125
-0.254375
-0.0375
0.226875
0.18625
-0.086875
-0.3875
-0.6425
-0.765625
-0.685
-0.545625
-0.474375
-0.20375
-0.005
0.196875
0.420625
0.313125
0.166875
-0.04375
-0.304375
-0.319375
-0.40875
-0.410625
-0.325625
-0.42875
-0.41875
-0.505625
-0.619375
-0.65375
-0.7475
-0.765
-0.806875
-0.79875
-0.6825
-0.414375
-0.17875
0.024375
0.118125
-0.166875
-0.390625
-0.63125
-0.8175
-0.64375
-0.466875
-0.25625
-0.071875
-0.17875
-0.35
-0.589375
-0.821875
-0.78625
-0.666875
-0.445
-0.123125
-0.090625
-0.1
-0.1925
-0.46625
-0.54375
-0.62375
-0.656875
-0.60875
-0.6025
-0.5
-0.405
-0.306875
-0.21625
-0.310625
-0.435625
-0.5575
-0.6475
-0.66875
-0.65125
-0.624375
-0.68625
-0.745
-0.834375
-0.939375
-0.9325
-0.90625
-0.83875
-0.7625
-0.724375
-0.651875
-0.496875
-0.340625
-0.210625
-0.01625
-0.02625
-0.04375
-0.039375
-0.18
-0.129375
-0.1225
-0.118125
-0.12
-0.371875
-0.525
-0.568125
-0.593125
-0.424375
-0.306875
-0.45625
-0.57125
-0.730625
-0.89
-0.860625
-0.796875
-0.7625
-0.739375
-0.58875
-0.3525
-0.0425
0.28625
0.29875
0.036875
-0.269375
-0.579375
-0.7425
-0.705625
-0.698125
-0.705625
-0.606875
-0.41875
-0.161875
0.11375
0.191875
-0.00375
-0.268125
-0.523125
-0.674375
-0.62125
-0.499375
-0.4075
-0.320625
-0.36125
-0.42875
-0.486875
-0.565625
-0.58875
-0.621875
-0.693125
-0.7625
-0.731875
-0.719375
-0.670625
-0.56375
-0.638125
-0.5775
-0.46625
-0.394375
-0.23875
-0.29625
-0.3925
-0.37375
-0.35875
-0.245
-0.1375
-0.16625
-0.069375
0.0325
0.083125
0.161875
0.004375
-0.1975
-0.3425
-0.595
-0.76375
-0.87375
-0.95
-0.930625
-0.876875
-0.8275
-0.856875
-0.88125
-0.905625
-0.945
-0.89375
-0.876875
-0.825625
-0.675625
-0.569375
-0.42875
-0.3225
-0.315
-0.240625
-0.033125
0.174375
0.294375
0.206875
-0.1125
-0.4075
-0.660625
-0.74625
-0.733125
-0.80875
-0.68625
-0.586875
-0.47625
-0.25
-0.283125
-0.3275
-0.383125
-0.49
-0.51625
-0.5425
-0.56875
-0.589375
-0.5575
-0.416875
-0.3025
-0.199375
-0.14875
-0.319375
-0.35
-0.375
-0.3475
-0.20375
-0.1525
-0.1275
-0.12875
-0.179375
-0.354375
-0.5225
-0.701875
-0.639375
-0.479375
-0.258125
-0.00125
-0.136875
-0.25375
-0.403125
-0.576875
-0.401875
-0.2475
-0.134375
-0.045625
-0.21625
-0.38875
-0.529375
-0.685625
-0.721875
-0.790625
-0.844375
-0.806875
-0.68875
-0.52875
-0.3725
-0.18
-0.191875
-0.145
-0.021875
-0.1
0.02375
0.03
-0.13875
-0.161875
-0.27625
-0.2975
-0.218125
-0.08875
-0.07375
-0.108125
-0.195
-0.438125
-0.445625
-0.40625
-0.295625
-0.12375
-0.08
0.01375
0.05875
0.07125
-0.0425
-0.336875
-0.629375
-0.830625
-0.89875
-0.868125
-0.70875
-0.48625
-0.221875
0.0425
0.054375
-0.044375
-0.09375
-0.023125
0.191875
0.295625
0.220625
-0.089375
-0.359375
-0.56125
-0.679375
-0.6825
-0.73125
-0.678125
-0.53
-0.386875
-0.255
-0.23125
-0.39
-0.519375
-0.519375
-0.4225
-0.230625
-0.0825
-0.14625
-0.120625
-0.036875
0.06125
0.194375
0.063125
-0.198125
-0.48875
-0.68125
-0.80125
-0.785
-0.538125
-0.324375
-0.05375
0.060625
-0.183125
-0.298125
-0.368125
-0.335
-0.135
-0.21625
-0.3425
-0.48375
-0.669375
-0.5625
-0.314375
-0.05875
0.275625
0.3175
0.076875
-0.17125
-0.3175
-0.3125
-0.17125
-0.03
-0.03
-0.04
-0.045
-0.0525
-0.20625
-0.35
-0.49375
-0.64
-0.635
-0.64
-0.643125
-0.616875
-0.595625
-0.609375
-0.480625
-0.389375
-0.318125
-0.020625
-0.00875
-0.035
-0.041875
-0.38125
-0.573125
-0.66875
-0.73125
-0.681875
-0.648125
-0.544375
-0.47875
-0.336875
-0.1875
-0.261875
-0.22375
-0.23
-0.249375
-0.16625
-0.3425
-0.555625
-0.73125
-0.94
-0.9375
-0.85625
-0.7975
-0.699375
-0.676875
-0.69125
-0.753125
-0.61875
-0.509375
-0.31125
0.073125
0.110625
0.224375
0.153125
-0.150625
-0.31
-0.51875
-0.63375
-0.66
-0.6775
-0.699375
-0.701875
-0.739375
-0.7625
-0.771875
-0.8175
-0.8175
-0.73875
-0.6125
-0.51125
-0.37375
-0.435
-0.5325
-0.59375
-0.704375
-0.76875
-0.83875
-0.745
-0.63625
-0.430625
-0.2325
-0.310625
-0.285625
-0.289375
-0.285625
-0.15875
-0.295
-0.488125
-0.67625
-0.863125
-0.8975
-0.8675
-0.8475
-0.845
-0.796875
-0.653125
-0.504375
-0.333125
-0.216875
-0.30625
-0.388125
-0.330625
-0.265625
-0.105625
-0.000625
-0.22375
-0.443125
-0.57875
-0.621875
-0.351875
-0.125625
-0.10125
-0.121875
-0.28
-0.238125
-0.100625
0.031875
0.059375
-0.043125
0.00625
0.065625
0.180625
0.08125
-0.29
-0.67125
-0.944375
-0.99125
-0.848125
-0.7
-0.46375
-0.149375
0.11375
0.376875
0.333125
0.01875
-0.295625
-0.585625
-0.70875
-0.64
-0.5825
-0.56875
-0.565
-0.605625
-0.610625
-0.439375
-0.258125
-0.066875
0.075625
-0.100625
-0.281875
-0.513125
-0.70875
-0.7425
-0.78125
-0.73
-0.69
-0.6425
-0.585
-0.56625
-0.55125
-0.526875
-0.394375
-0.274375
-0.153125
-0.061875
-0.185
-0.160625
-0.13375
-0.145
-0.0875
-0.3325
-0.509375
-0.610625
-0.6525
-0.513125
-0.53
-0.548125
-0.63875
-0.655625
-0.558125
-0.49125
-0.333125
-0.401875
-0.548125
-0.686875
-0.916875
-0.968125
-0.916875
-0.860625
-0.719375
-0.633125
-0.64375
-0.679375
-0.5975
-0.388125
-0.0875
0.368125
0.521875
0.454375
0.29
-0.129375
-0.415625
-0.604375
-0.690625
-0.656875
-0.454375
-0.291875
-0.186875
-0.081875
-0.13375
-0.145625
-0.145
-0.1275
-0.266875
-0.395
-0.535625
-0.69875
-0.705
-0.6775
-0.66375
-0.650625
-0.63125
-0.631875
-0.5925
-0.540625
-0.495
-0.488125
-0.52125
-0.611875
-0.71375
-0.79
-0.82
-0.75375
-0.514375
-0.2875
-0.093125
0.169375
0.113125
0.02375
-0.059375
-0.408125
-0.588125
-0.6775
-0.764375
-0.664375
-0.585625
-0.590625
-0.64
-0.625
-0.509375
-0.32875
0.026875
0.19625
0.2
0.13875
-0.154375
-0.346875
-0.390625
-0.401875
-0.33
-0.196875
-0.22
-0.2425
-0.268125
-0.455625
-0.479375
-0.504375
-0.451875
-0.205
-0.13875
-0.09625
-0.016875
-0.155
-0.194375
-0.185
-0.39125
-0.47
-0.5375
-0.65375
-0.531875
-0.44375
-0.39375
-0.294375
-0.446875
-0.5825
-0.668125
-0.80375
-0.805
-0.796875
-0.835
-0.8425
-0.87
-0.850625
-0.826875
-0.75
-0.6025
-0.576875
-0.5325
-0.56375
-0.655625
-0.729375
-0.606875
-0.490625
-0.406875
-0.230625
-0.4075
-0.58
-0.67125
-0.8525
-0.91625
-0.926875
-0.981875
-0.9675
-0.8625
-0.831875
-0.678125
-0.54875
-0.470625
-0.3275
-0.39625
-0.350625
-0.223125
-0.105625
0.18
0.2525
0.11
-0.063125
-0.310625
-0.34125
-0.193125
-0.0025
0.089375
-0.05
-0.280625
-0.429375
-0.4625
-0.3875
-0.2275
-0.28875
-0.221875
-0.1425
-0.1
0.0325
-0.136875
-0.31
-0.394375
-0.48125
-0.41125
-0.37125
-0.536875
-0.6325
-0.728125
-0.7825
-0.7225
-0.728125
-0.73875
-0.753125
-0.740625
-0.691875
-0.630625
-0.591875
-0.58625
-0.611875
-0.490625
-0.350625
-0.209375
-0.025625
-0.153125
-0.31125
-0.49875
-0.719375
-0.783125
-0.800625
-0.749375
-0.685625
-0.615625
-0.56875
-0.55625
-0.55375
-0.56875
-0.59125
-0.60875
-0.63
-0.62875
-0.458125
-0.3375
-0.249375
-0.19875
-0.460625
-0.620625
-0.700625
-0.715
-0.565625
-0.49
-0.355625
-0.325
-0.21375
0.034375
0.069375
0.20875
0.14375
-0.15375
-0.304375
-0.493125
-0.576875
-0.570625
-0.648125
-0.729375
-0.708125
-0.638125
-0.498125
-0.35625
-0.385625
-0.4525
-0.5375
-0.6225
-0.673125
-0.705
-0.7225
-0.78
-0.774375
-0.759375
-0.759375
-0.679375
-0.63
-0.616875
-0.638125
-0.739375
-0.821875
-0.89
-0.878125
-0.78625
-0.705625
-0.62
-0.59125
-0.59125
-0.6025
-0.648125
-0.6825
-0.640625
-0.6275
-0.52875
-0.311875
-0.27375
-0.170625
0.02625
-0.053125
0.069375
0.16625
-0.059375
0.059375
-0.03375
-0.103125
0.119375
0.108125
0.30125
0.58375
0.613125
0.55125
0.268125
-0.23625
-0.59625
-0.67875
-0.620625
-0.36625
0.036875
0.168125
0.2125
0.081875
-0.338125
-0.583125
-0.739375
-0.70125
-0.52875
-0.445625
-0.41125
-0.601875
-0.614375
-0.515
-0.385625
-0.039375
0.06625
0.090625
0.14375
-0.000625
-0.195625
-0.39625
-0.63125
-0.7625
-0.646875
-0.50875
-0.410625
-0.356875
-0.58875
-0.800625
-0.9275
-0.980625
-0.846875
-0.7725
-0.7825
-0.841875
-0.836875
-0.638125
-0.380625
0.005625
0.2675
0.239375
0.206875
-0.038125
-0.34625
-0.48625
-0.656875
-0.763125
-0.765
-0.81625
-0.83125
-0.77
-0.739375
-0.6675
-0.61375
-0.609375
-0.456875
-0.341875
-0.225625
-0.096875
-0.0575
0.000625
0.04375
0.076875
-0.110625
-0.30375
-0.46125
-0.61375
-0.454375
-0.326875
-0.263125
-0.1825
-0.371875
-0.506875
-0.58
-0.67
-0.6025
-0.46625
-0.34875
-0.236875
-0.036875
-0.01
0.009375
0.04
-0.146875
-0.150625
-0.146875
-0.154375
-0.05875
-0.158125
-0.265
-0.360625
-0.4525
-0.37625
-0.2925
-0.214375
-0.13625
-0.206875
-0.285
-0.363125
-0.4375
-0.34375
-0.2425
-0.14125
-0.030625
-0.01375
0.0125
0.033125
0.115
0.09
0.044375
0.000625
-0.191875
-0.28125
-0.363125
-0.4375
-0.363125
-0.28125
-0.199375
-0.125
-0.199375
-0.170625
-0.141875
-0.105625
0.079375
0.1575
0.235625
0.30625
0.228125
0.039375
-0.149375
-0.330625
-0.363125
-0.28125
-0.199375
-0.125
-0.2125
-0.196875
-0.18125
-0.158125
0.04
0.020625
0.00125
-0.025625
-0.221875
-0.3075
-0.31125
-0.31125
-0.229375
-0.1475
-0.1475
-0.14375
-0.14
-0.13625
-0.206875
-0.285
-0.363125
-0.431875
-0.43375
-0.319375
-0.1975
-0.094375
0.006875
-0.116875
-0.255625
-0.38125
-0.488125
-0.4825
-0.469375
-0.46
-0.46
-0.45625
-0.445
-0.43375
-0.319375
-0.101875
0.100625
0.299375
0.37375
0.230625
0.1025
-0.018125
-0.199375
-0.27
-0.27375
-0.268125
-0.0775
0.22375
0.36875
0.48375
0.3925
0.08
-0.0475
-0.154375
-0.055
0.265625
0.38
0.486875
0.3875
0.1775
0.070625
-0.0325
-0.025
-0.128125
-0.23125
-0.330625
-0.4375
-0.43
-0.4225
-0.41875
-0.4225
-0.424375
-0.435625
-0.450625
-0.46375
-0.4825
-0.4825
-0.475
-0.374375
-0.170625
0.03125
0.235
0.26375
0.09375
0.011875
-0.08125
-0.08125
-0.0025
-0.1225
-0.236875
-0.349375
-0.435625
-0.428125
-0.333125
-0.25875
-0.0925
0.0925
0.1025
0.13125
-0.051875
-0.244375
-0.353125
-0.4675
-0.4675
-0.4675
-0.46
-0.4525
-0.44875
-0.4375
-0.43
-0.340625
-0.255
-0.184375
-0.11375
-0.239375
-0.3575
-0.468125
-0.57875
-0.548125
-0.515625
-0.48875
-0.45625
-0.476875
-0.495625
-0.535
-0.58
-0.59875
-0.625
-0.608125
-0.608125
-0.581875
-0.48125
-0.414375
-0.34625
-0.304375
-0.3175
-0.31375
-0.254375
-0.181875
-0.239375
-0.296875
-0.41125
-0.555625
-0.596875
-0.638125
-0.65875
-0.65875
-0.64
-0.59875
-0.4525
-0.31625
-0.084375
0.12875
0.120625
0.130625
-0.099375
-0.32
-0.424375
-0.573125
-0.57375
-0.5875
-0.65625
-0.530625
-0.32125
-0.119375
0.18125
0.17375
-0.03125
-0.238125
-0.38
-0.390625
-0.278125
-0.1525
-0.274375
-0.35875
-0.49
-0.63625
-0.608125
-0.491875
-0.330625
-0.14125
-0.05
-0.069375
-0.0625
-0.129375
-0.11875
-0.22625
-0.356875
-0.37375
-0.3825
-0.261875
-0.24875
-0.210625
-0.0925
-0.0125
0.0925
0.136875
-0.03625
-0.166875
-0.200625
-0.2575
-0.21125
-0.169375
-0.0475
-0.034375
-0.0025
0.018125
-0.21625
-0.33625
-0.4675
-0.6025
-0.48875
-0.3825
-0.270625
-0.089375
-0.13625
-0.186875
-0.24875
-0.33125
-0.259375
-0.1725
0.070625
0.150625
0.17375
0.19875
-0.0775
-0.228125
-0.361875
-0.55625
-0.61125
-0.664375
-0.725
-0.715625
-0.695
-0.715625
-0.763125
-0.80625
-0.849375
-0.7275
-0.57125
-0.325625
-0.08
-0.06125
-0.048125
-0.243125
-0.318125
-0.33875
-0.151875
0.10625
0.14125
0.241875
-0.004375
-0.21875
-0.3625
-0.54375
-0.6125
-0.730625
-0.81625
-0.925
-0.886875
-0.67375
-0.43375
-0.02625
0.28625
0.374375
0.39
0.17375
-0.1725
-0.418125
-0.62375
-0.730625
-0.614375
-0.513125
-0.400625
-0.276875
-0.385625
-0.534375
-0.669375
-0.821875
-0.869375
-0.836875
-0.82375
-0.798125
-0.7375
-0.694375
-0.63625
-0.584375
-0.4375
-0.324375
-0.209375
-0.120625
-0.266875
-0.278125
-0.311875
-0.344375
-0.13875
-0.161875
-0.179375
-0.033125
-0.1575
-0.194375
-0.2425
-0.5625
-0.69375
-0.78625
-0.85625
-0.75875
-0.688125
-0.513125
-0.360625
-0.2425
-0.179375
-0.35125
-0.504375
-0.539375
-0.494375
-0.355
-0.225625
-0.3325
-0.375
-0.38125
-0.43
-0.34375
-0.47
-0.626875
-0.6
-0.64125
-0.5425
-0.448125
-0.59125
-0.66375
-0.808125
-0.89875
-0.879375
-0.856875
-0.743125
-0.646875
-0.54875
-0.381875
-0.266875
-0.178125
-0.1025
-0.256875
-0.39875
-0.44
-0.48125
-0.319375
-0.175
-0.255
-0.335
-0.50375
-0.644375
-0.51875
-0.41
-0.31125
-0.140625
-0.194375
-0.214375
-0.2
-0.26
-0.23625
-0.229375
-0.0825
0.05
0.1975
0.419375
0.403125
0.274375
0.1475
-0.186875
-0.284375
-0.276875
-0.27125
-0.11375
-0.224375
-0.3275
-0.496875
-0.661875
-0.615625
-0.545
-0.42125
-0.181875
-0.09875
-0.04
0.075625
-0.08625
-0.190625
-0.311875
-0.3775
-0.300625
-0.23
-0.125625
-0.1475
-0.1675
-0.124375
-0.138125
-0.246875
-0.35375
-0.525
-0.535
-0.449375
-0.435625
-0.373125
-0.419375
-0.31375
-0.119375
0.010625
0.10875
-0.01375
-0.026875
0.026875
-0.014375
0.045
-0.029375
-0.130625
0.01625
0.136875
0.139375
0.135625
-0.154375
-0.418125
-0.44375
-0.483125
-0.350625
-0.248125
-0.378125
-0.465625
-0.439375
-0.379375
-0.206875
0.034375
0.035625
0.006875
-0.005
-0.1825
-0.1025
-0.013125
0.153125
0.39375
0.48375
0.57
0.55
0.47125
0.238125
0.029375
-0.2675
-0.47125
-0.51125
-0.511875
-0.45125
-0.440625
-0.44875
-0.575
-0.643125
-0.58125
-0.5125
-0.4275
-0.345625
-0.476875
-0.603125
-0.638125
-0.59
-0.41875
-0.25
-0.11375
-0.158125
-0.24
-0.318125
-0.31375
-0.2275
-0.115
-0.0175
-0.036875
-0.065625
-0.124375
-0.164375
-0.265
-0.35625
-0.438125
-0.52375
-0.536875
-0.533125
-0.505
-0.5075
-0.361875
-0.273125
-0.210625
0.05625
0.045625
0.098125
0.169375
-0.09125
-0.115
-0.158125
-0.2425
-0.06
-0.07
0.00375
0.14125
0.05375
0.148125
0.080625
-0.024375
-6.93889390391e-18
-0.145
-0.2325
-0.2075
-0.21625
-0.16
-0.0775
-0.22
-0.32875
-0.274375
-0.221875
-0.026875
0.134375
0.010625
-0.026875
-0.105625
-0.150625
-0.064375
-0.1825
-0.266875
-0.368125
-0.4375
-0.39625
-0.43625
-0.489375
-0.58
-0.69375
-0.583125
-0.418125
-0.25125
0.053125
0.0775
0.019375
-0.0425
-0.3325
-0.384375
-0.42125
-0.40375
-0.25
-0.325
-0.240625
-0.20875
-0.199375
-0.07
-0.184375
-0.295
-0.25125
-0.22625
-0.113125
0.125625
0.055625
0.04
0.1675
0.071875
0.130625
0.21
0.183125
0.26875
0.331875
0.19625
-0.08875
-0.41125
-0.711875
-0.853125
-0.859375
-0.72
-0.418125
-0.055
0.330625
0.48875
0.34625
0.034375
-0.290625
-0.47
-0.533125
-0.41125
-0.304375
-0.229375
0.045
0.2425
0.54
0.780625
0.706875
0.468125
0.03125
-0.190625
-0.1375
0.03125
0.32625
0.33
0.03625
-0.201875
-0.481875
-0.495625
-0.334375
-0.21125
-0.0625
-0.1575
-0.16625
-0.16375
-0.19375
-0.135625
-0.311875
-0.510625
-0.50625
-0.479375
-0.293125
-0.09
-0.1075
-0.1025
-0.15
-0.18625
-0.2725
-0.38125
-0.35
-0.35625
-0.308125
-0.1475
-0.188125
-0.0675
0.11875
0.1925
0.48875
0.546875
0.57875
0.60875
0.3425
0.1625
-0.04375
-0.364375
-0.52375
-0.649375
-0.74875
-0.615625
-0.46
-0.22
0.035
0.0725
0.08
-0.120625
-0.319375
-0.335
-0.335625
-0.255625
-0.1925
-0.325
-0.506875
-0.529375
-0.406875
-0.148125
0.194375
0.293125
0.203125
0.068125
-0.105
-0.02875
-0.021875
0.03
0.051875
-0.2
-0.326875
-0.321875
-0.17
0.090625
0.33
0.260625
0.083125
-0.045625
-0.1875
-0.17125
-0.278125
-0.31625
-0.218125
-0.016875
0.295
0.416875
0.350625
0.07625
-0.085625
-0.146875
-0.17375
0.045625
0.04375
0.0625
0.235625
0.086875
0.0375
-0.07375
-0.4325
-0.48125
-0.505625
-0.475625
-0.26125
-0.313125
-0.389375
-0.480625
-0.521875
-0.398125
-0.110625
0.161875
0.2
0.21375
-0.08125
-0.361875
-0.47
-0.625
-0.621875
-0.4825
-0.395625
-0.134375
0.23
0.485
0.7075
0.676875
0.40625
0.08125
-0.16375
-0.3075
-0.28625
-0.3475
-0.443125
-0.38875
-0.383125
-0.274375
-0.158125
-0.308125
-0.323125
-0.210625
-0.153125
0.076875
0.0725
-0.05375
0.025625
0.02625
0.158125
0.17875
-0.06
-0.26
-0.37375
-0.355
-0.266875
-0.145625
-0.23625
-0.38625
-0.37125
-0.259375
-0.036875
0.24125
0.253125
0.088125
-0.099375
-0.3175
-0.37625
-0.48625
-0.57375
-0.606875
-0.693125
-0.51875
-0.183125
0.073125
0.39625
0.4125
0.10625
-0.136875
-0.433125
-0.59375
-0.56125
-0.44125
-0.334375
-0.240625
-0.096875
-0.1575
-0.078125
0.05
0.115625
0.261875
0.2125
0.133125
-0.09875
-0.210625
-0.25
-0.175
0.059375
0.053125
0.210625
0.139375
0.038125
0.110625
-0.133125
-0.27375
-0.406875
-0.48625
-0.28375
-0.034375
0.318125
0.47
0.366875
0.239375
0.005
-0.14875
-0.14125
-0.154375
-0.1675
-0.154375
-0.176875
-0.173125
-0.263125
-0.326875
-0.398125
-0.49
-0.5275
-0.585625
-0.626875
-0.67
-0.540625
-0.42625
-0.291875
-0.144375
-0.23125
-0.33125
-0.3575
-0.39125
-0.355625
-0.27125
-0.2175
-0.1625
-0.060625
0.121875
0.199375
0.285625
0.37375
0.236875
0.04625
-0.176875
-0.431875
-0.56125
-0.51375
-0.305
-0.06625
0.181875
0.2675
0.098125
-0.103125
-0.24
-0.3125
-0.299375
-0.16375
-0.249375
-0.2075
-0.096875
-0.180625
0.071875
0.095625
0.0925
0.16125
-0.008125
-0.099375
-0.085625
-0.055
-0.09125
-0.0475
-0.211875
-0.365
-0.409375
-0.37375
-0.25
-0.14875
-0.05375
-0.19125
-0.31375
-0.400625
-0.475
-0.42
-0.389375
-0.4
-0.416875
-0.313125
-0.195
-0.050625
0.106875
-0.0275
-0.14
-0.27125
-0.42875
-0.455
-0.5175
-0.593125
-0.659375
-0.679375
-0.69
-0.5575
-0.444375
-0.354375
-0.136875
-0.046875
0.228125
0.480625
0.493125
0.39875
0.158125
-0.06
-0.150625
-0.095625
-0.206875
-0.28625
-0.35625
-0.37625
-0.251875
-0.070625
0.09375
0.0625
0.04375
-0.0075
-0.071875
0.016875
0.073125
0.073125
0.091875
0.058125
0.050625
0.00125
0.0475
0.103125
0.15875
0.1475
-0.09875
-0.230625
-0.24875
-0.158125
0.093125
0.23375
0.260625
0.28125
0.280625
0.173125
-0.03125
-0.21
-0.426875
-0.52375
-0.36375
-0.23625
-0.04375
0.1225
0.065625
-0.004375
-0.11875
-0.22
-0.345625
-0.324375
-0.279375
-0.1275
0.1175
0.14375
0.12625
-0.010625
-0.15875
-0.205
-0.193125
-0.15625
-0.100625
-0.035625
-0.008125
0.006875
0.09
0.143125
0.209375
0.174375
-0.0425
-0.131875
-0.21375
-0.209375
-0.010625
-0.02375
-0.0525
-0.068125
-0.265
-0.325
-0.38375
-0.433125
-0.288125
-0.22375
-0.154375
-0.00125
-0.068125
-0.0975
-0.1425
-0.3925
-0.5175
-0.65
-0.734375
-0.673125
-0.5225
-0.341875
-0.19375
-0.12875
-0.298125
-0.5225
-0.658125
-0.708125
-0.593125
-0.398125
-0.4125
-0.45625
-0.531875
-0.681875
-0.5975
-0.405
-0.244375
-0.0075
0.04125
-0.15625
-0.301875
-0.335
-0.15625
0.178125
0.453125
0.396875
0.02625
-0.389375
-0.72375
-0.86625
-0.831875
-0.64
-0.4975
-0.37
-0.2275
-0.34
-0.428125
-0.53125
-0.649375
-0.54875
-0.521875
-0.4575
-0.433125
-0.59875
-0.66
-0.75125
-0.75125
-0.65625
-0.650625
-0.613125
-0.52
-0.4175
-0.27875
-0.1775
-0.29
-0.44
-0.445625
-0.396875
-0.2675
-0.148125
-0.26625
-0.379375
-0.485625
-0.5575
-0.530625
-0.6375
-0.679375
-0.675625
-0.655
-0.546875
-0.488125
-0.36625
-0.26125
-0.143125
-0.02875
-0.131875
-0.153125
-0.206875
-0.22875
-0.153125
-0.246875
-0.20625
-0.214375
-0.2
-0.124375
-0.266875
-0.265
-0.285625
-0.240625
-0.14375
-0.32125
-0.463125
-0.66875
-0.78125
-0.78125
-0.78125
-0.78125
