0.0306126001827
0.0306126001827
0.0306126001827
0.0306126001827
0.0401487606682
0.0514167638473
0.0776987127588
0.110713980643
0.122283042658
0.133549653121
0.119973919067
0.0985277131971
0.0856253574639
0.0772277425369
0.0887260081409
0.09274678004
0.0994975079664
0.0968778086445
0.0694157648055
0.046115853568
0.0228231380312
0.00641833297433
0.00677393986437
0.0105034019416
0.0145696692392
0.014575704343
0.0157961880427
0.0189219076128
0.0292899839559
0.0434676035624
0.0645127071433
0.0833570868832
0.0874776701156
0.102884593958
0.0938908964636
0.0833331785871
0.0821208190657
0.0638298119276
0.0597670264208
0.0623867257426
0.0627564919149
0.0563929391142
0.0578931266666
0.0516683812551
0.043954357902
0.0473166071202
0.0500774350251
0.0684731280036
0.0889855176076
0.116590546985
0.122328305937
0.100821981148
0.0785937650877
0.0519678152552
0.0402258243023
0.0445977928232
0.0503856895617
0.045679004895
0.0482796704276
0.0520625199623
0.0586010907754
0.0696627398257
0.0688842114254
0.0618844194044
0.0462667311649
0.0347303979826
0.0248084550877
0.0245521952922
0.0294055794071
0.0345665217003
0.0445550828572
0.0478806572134
0.0538581954853
0.0555176169324
0.0680047110949
0.073385470441
0.0754188362091
0.0802970570977
0.0595924726471
0.0465865916704
0.0359169922528
0.0273083808095
0.0442825747053
0.0608872345483
0.0706829045005
0.0784563504149
0.0734383936596
0.0834021180429
0.101153911862
0.117019967838
0.125848164214
0.105394268694
0.0794895137748
0.0701476372103
0.0601263472208
0.0641967926672
0.0852154346389
0.0787655334289
0.0798936336154
0.092175534246
0.0829998551575
0.0953862095091
0.110914996026
0.105219018562
0.113598760297
0.107280702895
0.109850728669
0.127357404423
0.130788360977
0.140146485898
0.122799740398
0.110896194356
0.103120427248
0.105292600406
0.122639345906
0.116712409659
0.108749090092
0.0780464275899
0.048377624806
0.0306051723626
0.0196451916006
0.0205093720521
0.0290158509682
0.039254172578
0.0487636393348
0.0729989916735
0.0881972401935
0.102770855462
0.113343428979
0.0986590927661
0.0752041257828
0.05242648315
0.0324542353431
0.0314577468451
0.0401320480729
0.0500795240996
0.0748991209175
0.0813675916779
0.0914141826798
0.112623858901
0.119019908415
0.136409131762
0.14969518083
0.150189827229
0.138793229913
0.138031181989
0.143931888746
0.134938191251
0.134952118414
0.113457863833
0.0809049777537
0.0634637596655
0.0508896207355
0.0490150246233
0.0423905696396
0.0502259914283
0.0540399449599
0.0656999977716
0.085893687467
0.0814622963848
0.0794786041639
0.0619118094912
0.0427809944365
0.0316548161985
0.0197638046038
0.0234558954608
0.0367405518127
0.0490848925564
0.061745612015
0.0736526398471
0.0748580357871
0.0863089490376
0.101113987328
0.0960897633496
0.0911321576332
0.0743343744661
0.0616987239005
0.0706251067749
0.0823949520535
0.110534320243
0.135216966627
0.141824012657
0.149331217643
0.131188534788
0.105004308136
0.0866759297774
0.0645835035542
0.060060425317
0.0505504943215
0.0453733036716
0.0430015078475
0.0319920856576
0.0282635520579
0.0202169016334
0.0270423720001
0.0401438861612
0.0549721363896
0.0805398539691
0.0838809803237
0.0842693160464
0.085654140267
0.0817547668036
0.0796529258184
0.081092762332
0.0822368787557
0.071947258763
0.0658817472461
0.0705696302431
0.0745862239933
0.0894079748791
0.120040769448
0.12306853464
0.126303814557
0.115747953636
0.083359408077
0.0672723744513
0.0537918093427
0.0507101924548
0.0480347844818
0.0424421001419
0.0439538936633
0.0598854073045
0.0872954564024
0.130890029266
0.164536661863
0.176350609824
0.178865855425
0.162605196503
0.146344537581
0.130457126622
0.119718819868
0.102208430205
0.0699429079173
0.047278539542
0.0259532678695
0.0174430750433
0.0240234273448
0.039933586003
0.0522967284166
0.0606541866908
0.0731480123153
0.0638026539601
0.05822877129
0.0545995847848
0.0426879145652
0.0466513529774
0.047761812091
0.050933259179
0.0617261139874
0.0706125723284
0.0827266506474
0.0956619673325
0.107696660823
0.100935719644
0.0889929454277
0.0801338771735
0.0606277250815
0.0587800548173
0.0598538390689
0.0590212268531
0.0658060763283
0.0815985504609
0.101862804448
0.104780545053
0.10825955032
0.0998473118719
0.0894982693179
0.0913480286565
0.0941803493304
0.0929918981052
0.0966814356491
0.10405935014
0.123041376672
0.135290084232
0.128234583559
0.120560948978
0.0883606522369
0.0670121686264
0.0561204309621
0.0432853898491
0.0494261080451
0.0601983042287
0.0709013288371
0.0767774309399
0.0643831845294
0.0572076781377
0.0515516252071
0.0507422249293
0.0715185342683
0.0823469033418
0.0935533948853
0.107997023301
0.101909924682
0.0809934152375
0.0670648597256
0.0539647382807
0.0524698894739
0.0658589995468
0.0789041086986
0.0815182371554
0.0793813461438
0.0800735261348
0.0663148820091
0.0726605616175
0.0818898602827
0.0853716509816
0.0966415111157
0.0901319552251
0.0846386179797
0.0848730585534
0.0768758495569
0.063891787802
0.0491974704558
0.0305021113579
0.0345577011639
0.0476209156274
0.061017221401
0.0885790765734
0.0864171166688
0.0853923096064
0.0995420748873
0.0858885808407
0.101893908445
0.128653326921
0.140599118689
0.1750567764
0.18092637916
0.164956797941
0.135958820165
0.0915845583046
0.059833180444
0.0335250020426
0.0217753511502
0.0175672589115
0.0253685591515
0.0481065093702
0.0660377314695
0.0918036789994
0.0979253634061
0.090222946022
0.0861522684562
0.0739694828008
0.0702908548677
0.0659191184662
0.0607825487079
0.0634340483848
0.0663815002711
0.0701376560771
0.0744557729018
0.0713609252093
0.069766729308
0.071468860721
0.0758046186186
0.0657206563965
0.0507912021184
0.0358222875458
0.0259379479904
0.0378551890752
0.0532242774588
0.0703595622042
0.0766072874342
0.0750980472259
0.0733743287106
0.0729846002717
0.0711515535285
0.0700687166211
0.0693663233775
0.060702003283
0.0679963547972
0.0819534609927
0.0953836561959
0.118576792519
0.130271663238
0.124980734091
0.119761994073
0.104932583247
0.0763445282963
0.0531996728045
0.0450364984513
0.0415048020857
0.0505959897199
0.0638309725245
0.0475594039917
0.0313855577179
0.0182134792652
0.0161952012568
0.0286368000208
0.0410783987848
0.0499075236391
0.0400733218698
0.0305371613843
0.0209622369623
0.0204956770087
0.0267624360279
0.0329871814393
0.0466513529774
0.0455371799538
0.0452628148467
0.0448951377489
0.0405189910792
0.0455972988732
0.0494850663676
0.0682567927416
0.0836363264973
0.0950141221431
0.107879803014
0.10591607306
0.100935255406
0.105260335812
0.124399042925
0.13649989044
0.145627288697
0.142034080696
0.110301504505
0.0778697847417
0.0506983543664
0.0342838002956
0.0345727889236
0.0429209624226
0.0657580276166
0.0791313535717
0.0862834159059
0.0956747338984
0.0913074077651
0.0877685156987
0.085089625935
0.0787121459715
0.0579149458883
0.0402353411969
0.0244196551263
0.00971164273669
0.00906820781554
0.019437676875
0.0329298479525
0.044734511138
0.0617212394804
0.0678343354701
0.0828355146366
0.10691557911
0.129078801744
0.141937054795
0.132956123866
0.114078318936
0.0922904333389
0.0831853185419
0.0792209516522
0.0749480981065
0.0736923322612
0.0641930787571
0.0593617459834
0.0554101456596
0.0377070969108
0.0247889570598
0.0194915285711
0.0181215599908
0.0278213646391
0.0425484108178
0.0531862098805
0.0608930375328
0.0678547619755
0.0651408221855
0.0502640590066
0.0501131814097
0.0652014053436
0.0922830055189
0.127898242578
0.135302154439
0.113456935356
0.0847226451953
0.057362501764
0.0461163178066
0.0489347113176
0.0513779999107
0.0517839767062
0.0489003576494
0.0473880998892
0.0381388389573
0.0310828740464
0.0400749467054
0.046915040593
0.0613725961717
0.0820145083898
0.088236700488
0.0956596461387
0.103321674751
0.093107261437
0.0684731280037
0.0437090077175
0.0217089650075
0.024527590638
0.0521648846088
0.0799867134867
0.112795395123
0.131184356639
0.128420279063
0.127283126221
0.118275501564
0.105247105007
0.102918251268
0.111871327871
0.109950772122
0.1012968974
0.0956357378426
0.07292540983
0.0613059779097
0.0633242559181
0.0643476702642
0.0693918565094
0.0740665087017
0.0762505199474
0.0745479242957
0.0640746978734
0.0615452929904
0.05534631283
0.0629818798326
0.0881587083763
0.0995534487368
0.114224786264
0.103679138596
0.075592229386
0.0517493909188
0.0386606433235
0.0482026067935
0.0644929769961
0.082475265359
0.0793045146292
0.0559551619637
0.0349889789719
0.0214937903424
0.0328172700532
0.055095159661
0.0765703804529
0.0940213475551
0.0970525945376
0.101788294127
0.110361855544
0.119563996242
0.115440395457
0.107804828455
0.0952429918517
0.0786603833498
0.0749706136865
0.0729878499432
0.0708084810851
0.0537347079753
0.0508524816347
0.052816907947
0.0584718002808
0.0839675608524
0.0857567370329
0.0827189907078
0.0757537844744
0.0638421142547
0.0647884649666
0.061005615432
0.0595219083555
0.0609482819451
0.0527437903422
0.0511542368285
0.0596282190314
0.0584713360419
0.0629644708792
0.063549643836
0.0430794999592
0.0297630432522
0.0223988238047
0.0174177740309
0.02309309287
0.0342482860305
0.0360502287768
0.0389155104026
0.0564579325405
0.0755005422309
0.0986597891242
0.126385288459
0.129485707017
0.110343750232
0.0935403961998
0.0777843648099
0.0671105872434
0.073304228658
0.0828928481234
0.0854436079894
0.107673681005
0.127865745865
0.135197932838
0.12775525704
0.0955510142688
0.0661902339021
0.0551845256223
0.0607001463281
0.0861116475648
0.118627626663
0.129535612684
0.13869713249
0.126019468317
0.0934459236123
0.0863618722563
0.0882854455578
0.113991506288
0.149645507283
0.155714964829
0.156797569617
0.131094526439
0.115339423527
0.114429515558
0.0947437030655
0.0978088394774
0.0790347919096
0.0602837241604
0.057284277533
0.0534661458526
0.0606390989311
0.0677732880731
0.0876696328429
0.0867694738875
0.0867694738875
0.0975235647595
0.080066330434
0.086105612461
0.0916105556753
0.0804342396513
0.0981632857706
0.0954200989386
0.0917818597776
0.104018729249
0.101802917648
0.112285196726
0.124499318498
0.111990637233
0.0845875517162
0.0552207362455
0.0255844301748
0.0124694530896
0.0221054249084
0.0317413967272
0.0429727250443
0.0506723569958
0.0426588996426
0.0355456012448
0.0355746161674
0.0447895234311
0.0767553795988
0.104898693818
0.11346273834
0.12203908519
0.105773087522
0.103222327656
0.119271757942
0.120495259194
0.126785230151
0.111625977687
0.0838217898817
0.0564238109916
0.033842309235
0.029556457004
0.0379944607031
0.0530840773533
0.0687133715618
0.0707128479005
0.0544099432514
0.0413458003105
0.0275495528452
0.0178778346419
0.0193320625571
0.015341234058
0.0115298338397
0.0204580736691
0.035413061079
0.0529294858463
0.0705041725779
0.0741881392567
0.0651313052907
0.0556327481448
0.0569080120181
0.0682382231911
0.0858549235306
0.104032888531
0.103586290844
0.0961018335574
0.0867225857728
0.0772435266547
0.072849042554
0.0536251476279
0.0405013500063
0.0272993281537
0.0171406234912
0.0218113296541
0.0249203366288
0.0388806924956
0.0522284853189
0.0655762781421
0.0692932057729
0.0524794063686
0.0359662015613
0.0205237634536
0.025560753998
0.0392648500695
0.0604399405032
0.0843549680975
0.0904905796671
0.0976969579363
0.091141210289
0.086701927148
0.0772757912486
0.0679239335508
0.0656480030306
0.0486742733735
0.0437886246648
0.0436358901128
0.055781304548
0.0894887524233
0.115611003201
0.131979597635
0.135319795512
0.121847818821
0.115442020293
0.114424408931
0.100081056088
0.0897584751428
0.0743459804352
0.0689236717201
0.0786545803654
0.0777291203976
0.0897310850561
0.0806447719289
0.0667765674558
0.0635647315958
0.0411833167446
0.0303767668927
0.029564349063
0.0434290717453
0.0673575622637
0.104126200521
0.128239690186
0.124884636668
0.12469685209
0.110750423386
0.111427051378
0.122872858002
0.12212125545
0.109871387294
0.079606269823
0.0528512616153
0.0338332565792
0.0230369199801
0.0212482080384
0.0175387082278
0.0137746603629
0.0136093913644
0.0134441223659
0.0274704001367
0.056380636787
0.0846077461023
0.112537510492
0.126708630756
0.111597659122
0.101713319567
0.10545206642
0.0954321691463
0.107279774417
0.10931522926
0.0861336989058
0.0830564922861
0.0651496427217
0.0670836613953
0.0928001674973
0.104809095737
0.124232845449
0.114309509838
0.078075210393
0.0509492754161
0.038276021511
0.0400554486775
0.0562545959637
0.0690585330798
0.0525153848725
0.0356112910294
0.0212356735919
0.0191651687229
0.0320698456499
0.0453354682127
0.0679638580841
0.0765436867243
0.0850269537024
0.108323847388
0.109781557094
0.110153180221
0.110540587466
0.0887014034866
0.0797202404385
0.0726559192298
0.0655915980211
0.0605618031775
0.0447653830154
0.0419623093835
0.0420974028627
0.0604023371636
0.101458220369
0.121273555475
0.137250564514
0.125983489813
0.0958012389604
0.0872362659606
0.0853249949863
0.0974246819036
0.11052805302
0.116843557109
0.109990696655
0.105416087916
0.10094848621
0.0854222530063
0.081815582081
0.0766388556699
0.0724289064762
0.070403432767
0.073821158517
0.074950187181
0.0752366224959
0.0774382748145
0.0548783601601
0.0392063559857
0.0265776690015
0.0179579158279
0.0261740133998
0.035451592896
0.0455657306375
0.0535383349799
0.0648671534365
0.0742895754258
0.0811143494344
0.0890256742604
0.0989715254514
0.097858745144
0.098401904493
0.101851662717
0.0848600598681
0.0779234043185
0.0755636787022
0.0677530936871
0.0711856750775
0.0609448001545
0.0411478024794
0.0235241385586
0.00768570478872
0.00976781562664
0.0166768489701
0.0387158877359
0.0607391423839
0.0681560529306
0.0755729634774
0.0682150112532
0.0686643943727
0.0781826816659
0.0880231506584
0.0938428477519
0.0855831117366
0.0742053160909
0.0625053387457
0.0588469051988
0.0617736984602
0.066058854333
0.0703440102058
0.0706083941796
0.079583057885
0.0902519609445
0.100920864004
0.111589767064
0.117271817365
0.119406851421
0.124103322835
0.115041150124
0.0881995613872
0.070507886488
0.0483873738199
0.0537841494031
0.0718038089862
0.07507785284
0.0824796756271
0.0642316105743
0.0620137098991
0.0672772489583
0.0669650483923
0.0864145633556
0.0810217338018
0.0757484457287
0.0845833735674
0.0895686014901
0.101391834226
0.113095525481
0.110989274228
0.091536509593
0.0737988750566
0.0668153313921
0.0550731083198
0.0551529573866
0.0561858886273
0.0385942571809
0.0361790550327
0.0363382889273
0.0370042394283
0.044374029741
0.0517561223807
0.0570512296756
0.0626910342497
0.0697639438754
0.0694238889838
0.0701197828848
0.0717973096435
0.0859997660237
0.0853078181521
0.0845961401333
0.0807466723366
0.0522145581561
0.0415800087648
0.0416798200982
0.0452725638607
0.0626998547861
0.0849944569892
0.0886842266525
0.0996351547587
0.106699475967
0.0952369567479
0.088781020434
0.0628855502901
0.0508246273091
0.0522059697391
0.0563927069948
0.0780510699775
0.0731410487339
0.062581241783
0.0524408745515
0.038652983384
0.0423281295263
0.0508308945324
0.0634774547089
0.0619777313952
0.0548084922268
0.0447082816481
0.0252961379049
0.016960266733
0.0222621054899
0.028531185703
0.0413047151803
0.0582608037645
0.0684835733757
0.0776355762874
0.0833345713034
0.0870638012612
0.0748810156058
0.06376899665
0.0692263553915
0.0721487383847
0.0840241979811
0.0840241979811
0.0840241979811
0.0840241979811
