-0.175
-0.175
-0.175
-0.175
-0.03125
0.059375
0.153125
0.128125
0.03125
-0.08125
-0.18125
-0.171875
-0.109375
0.00625
0.096875
0.121875
0.10625
0.046875
-0.0375
-0.115625
-0.25
-0.3625
-0.4375
-0.45625
-0.359375
-0.284375
-0.159375
-0.0875
-0.1
-0.06875
-0.1
-0.109375
-0.109375
-0.14375
-0.14375
-0.2125
-0.2375
-0.20625
-0.228125
-0.19375
-0.15
-0.209375
-0.259375
-0.25625
-0.30625
-0.296875
-0.271875
-0.340625
-0.3625
-0.36875
-0.35
-0.29375
-0.259375
-0.19375
-0.146875
-0.075
-0.0125
-0.040625
-0.028125
-0.0125
-0.04375
-0.04375
-0.04375
-0.04375
