22.00625
22.00625
22.00625
22.00625
24.16875
24.25625
22.59375
20.73125
17.64375
15.78125
15.99375
16.7625
19.15
21.54375
22.41875
22.1
20.475
18.85
16.65625
15.7375
16.5625
18.625
23.26875
26.71875
28.93125
28.6875
26.23125
24.58125
22.2
21.01875
20.46875
19.66875
19.09375
19.29375
19.5625
19.38125
19.725
18.55625
16.9625
15.81875
14.6375
14.7375
16.3625
17.69375
19.6
20.9625
20.525
20.8125
20.49375
20.44375
20.51875
19.73125
19.24375
17.95
17.21875
17.29375
16.3625
15.49375
15.00625
14.475
14.78125
17.1125
18.83125
19.80625
21.06875
19.26875
17.525
16.3125
14.48125
14.98125
16.15625
17.58125
19.175
19.875
19.7625
18.99375
18.30625
17.3
16.51875
15.9625
15.29375
15.54375
16.2875
18.19375
19.9125
21.14375
21.9625
20.95
20.73125
20.10625
19.03125
18.38125
18.275
18.41875
19.13125
21.1875
21.05
21.05
20.85
18.575
17.5125
17.6875
17.90625
18.9625
19.53125
17.74375
16.1125
14.7625
14.64375
15.725
17.725
19.5625
20.09375
20.05
18.50625
17.04375
16.575
18.13125
20.6125
23.29375
25.2
24.84375
22.9875
21.14375
19.3875
17.8625
17.7
17.4375
18.6125
20.48125
22.025
22.9375
21.88125
20.9375
19.99375
19.68125
20.1
19.90625
19.30625
18.675
17.65625
16.94375
16.6375
16.25
16.6375
17.025
17.4125
17.30625
16.425
15.54375
15.05
15.54375
16.425
17.1875
17.175
16.975
16.775
16.73125
17.4625
17.5
17.5375
17.55625
17.20625
17.24375
17.6875
17.975
18.20625
19.55625
20.09375
21.25625
21.25625
21.25625
21.25625
