0.0410625
0.0410625
0.0410625
0.0410625
0.0315625
0.012875
-0.0345625
-0.0813125
-0.098625
-0.0880625
-0.0161875
0.024
0.027875
0.0425625
-0.0054375
-0.040625
-0.0229375
-0.035
-0.0268125
0.019125
0.02875
0.021875
-0.0071875
-0.095125
-0.136625
-0.1219375
-0.0850625
-0.01875
-0.005125
-0.0434375
-0.08175
-0.0806875
-0.0740625
-0.0028125
0.0873125
0.0986875
0.1441875
0.1048125
0.0276875
-0.0279375
-0.120125
-0.1476875
-0.156375
-0.1104375
-0.0835625
-0.061
-0.0195625
0.005625
0.104875
0.1551875
0.1573125
0.0969375
-0.015375
-0.0814375
-0.068375
0.03175
0.1206875
0.167625
0.135
0.01225
-0.0755
-0.1248125
-0.1623125
-0.1299375
-0.1253125
-0.1439375
-0.112125
-0.119
-0.098125
-0.023625
0.0031875
0.0445625
0.049875
-0.0171875
-0.0591875
-0.092
-0.1109375
-0.0995
-0.0774375
-0.0924375
-0.0908125
-0.0793125
-0.087625
-0.03825
0.025
0.0816875
0.1165
0.138
0.1075625
0.091
0.116125
0.07425
0.10975
0.12875
0.0795625
0.1148125
0.072
0.0073125
0.0410625
0.0560625
0.1319375
0.2395625
0.272875
0.2796875
0.2381875
0.148375
0.07225
-0.031
-0.1289375
-0.1619375
-0.1751875
-0.1340625
-0.092625
-0.0571875
-0.0609375
-0.0608125
-0.0368125
-0.0551875
-0.0149375
0.0054375
0.0135
0.0134375
-0.0159375
-0.0670625
-0.1168125
-0.102625
-0.1251875
-0.0925
-0.0473125
-0.052625
0.0155625
0.031375
0.001375
-0.0236875
-0.065
-0.102625
-0.068625
-0.029375
-0.041
-0.0255
-0.0685625
-0.07875
-0.025125
-0.00625
0.047375
0.077125
0.013125
-0.037
-0.1265
-0.244125
-0.2861875
-0.29275
-0.25625
-0.1826875
-0.0975625
-0.0363125
0.029625
0.10225
0.1663125
0.2504375
0.2775625
0.286625
0.2750625
0.202875
0.155125
0.0770625
-0.0386875
-0.106625
-0.136125
-0.090625
-0.013375
0.056625
0.065125
0.0225625
0.0049375
-0.0408125
-0.0545
-0.105375
-0.191625
-0.2530625
-0.30225
-0.26675
-0.1831875
-0.0728125
0.0345625
0.0579375
0.0786875
0.072625
0.06725
0.1465625
0.1821875
0.191
0.201125
0.1285
0.0416875
0.024375
-0.04425
-0.03275
0.00425
-0.0120625
0.05175
0.0354375
0.033125
0.021
-0.0311875
-0.050875
-0.0566875
-0.0615
-0.067
-0.0351875
-0.0076875
0.08975
0.1575
0.21575
0.2134375
0.11225
0.0298125
-0.093125
-0.1419375
-0.1151875
-0.0741875
-0.053
-0.0731875
-0.1394375
-0.16825
-0.1169375
-0.045125
0.06975
0.1469375
0.2019375
0.2169375
0.20575
0.14975
0.0751875
0.058875
0.01975
0.068625
0.1181875
0.110125
0.1295
0.0819375
0.013875
-0.028
-0.0483125
-0.0624375
-0.085375
-0.111375
-0.1433125
-0.1716875
-0.117875
-0.0311875
0.02425
0.118125
0.1166875
0.10925
0.12475
0.1316875
0.1735
0.1540625
0.0853125
-0.0016875
-0.0761875
-0.0705625
-0.0066875
0.012125
0.0181875
-0.0270625
-0.1126875
-0.1081875
-0.06325
-0.0064375
0.0966875
0.1213125
0.0885
0.023
-0.0805
-0.137375
-0.1578125
-0.1435625
-0.0850625
-0.0325
0.021625
0.0648125
0.036875
0.011625
-0.009625
0.0079375
0.08975
0.1623125
0.1604375
0.1459375
0.0830625
-0.0205625
-0.026875
-0.0828125
-0.08575
-0.00925
0.014625
0.053625
0.0644375
0.0055
-0.053125
-0.0894375
-0.1468125
-0.160625
-0.167875
-0.138125
-0.068375
-0.0415625
0.0075625
0.0133125
-0.00025
0.0235
0.062375
0.092
0.1114375
0.163375
0.162375
0.1640625
0.181
0.1274375
0.0761875
0.0321875
-0.0224375
-0.05625
-0.0738125
-0.084125
-0.0858125
-0.077875
-0.0253125
0.02
0.079875
0.1639375
0.166625
0.1693125
0.1435
0.0915
0.078875
0.0341875
-0.00075
-0.0585
-0.076875
-0.018125
0.035125
0.144625
0.1670625
0.141375
0.1423125
0.0913125
0.141875
0.1955
0.1838125
0.224375
0.184375
0.1505625
0.1618125
0.0908125
0.0193125
-0.1039375
-0.19575
-0.18725
-0.1031875
0.0665
0.198125
0.26275
0.268375
0.2021875
0.1598125
0.154875
0.1235625
0.1130625
0.0748125
-0.0178125
-0.0734375
-0.0869375
-0.07625
-0.042375
0.027625
0.0303125
0.00575
-0.00525
-0.0719375
-0.10775
-0.1345625
-0.1354375
-0.106875
-0.078125
-0.0395
-0.0663125
-0.1301875
-0.171125
-0.2043125
-0.149875
-0.019875
0.131625
0.26775
0.3106875
0.2840625
0.20725
0.1351875
0.12775
0.1626875
0.2040625
0.200625
0.1921875
0.1149375
0.0275
-0.0175
-0.127375
-0.1820625
-0.202375
-0.177125
-0.0534375
0.09125
0.178375
0.174375
0.11725
0.042375
0.03575
0.12025
0.1965
0.215
0.1898125
0.0735
-0.0321875
-0.0591875
-0.0598125
-0.00525
0.0493125
0.0569375
0.020875
-0.01225
-0.0658125
-0.091
-0.077375
-0.101125
-0.1044375
-0.1335
-0.161875
-0.1628125
-0.153875
-0.1134375
-0.082
-0.013125
0.0670625
0.1398125
0.2429375
0.2755625
0.238625
0.1895
0.0578125
-0.030875
-0.030875
-0.030875
-0.030875
