0.2625
0.2625
0.2625
0.2625
0.553125
0.61875
0.55625
0.4625
0.10625
-0.090625
-0.23125
-0.309375
-0.10625
0.096875
0.24375
0.353125
0.259375
0.115625
0.025
-0.059375
-0.09375
-0.10625
-0.125
-0.215625
-0.28125
-0.378125
-0.415625
-0.334375
-0.265625
-0.21875
-0.265625
-0.340625
-0.446875
-0.459375
-0.41875
-0.45
-0.43125
-0.5125
-0.60625
-0.5875
-0.575
-0.421875
-0.25
-0.06875
0.121875
0.14375
0.21875
0.1625
0.0625
0.0375
0.00625
0.0375
0.153125
0.2875
0.24375
0.1875
0.00625
-0.18125
-0.2625
-0.33125
-0.34375
-0.375
-0.3
-0.265625
-0.221875
-0.146875
-0.1875
-0.20625
-0.296875
-0.4
-0.565625
-0.725
-0.815625
-0.91875
-0.9125
-0.809375
-0.7125
-0.4875
-0.4875
-0.4875
-0.4875
