-0.281875
-0.281875
-0.281875
-0.281875
-0.303125
-0.403125
-0.601875
-0.821875
-1.025
-1.100625
-1.088125
-1.049375
-0.9225
-0.933125
-0.848125
-0.7775
-0.73
-0.553125
-0.49
-0.400625
-0.31
-0.3525
-0.415
-0.541875
-0.70875
-0.77625
-0.749375
-0.684375
-0.768125
-0.8
-0.888125
-0.94125
-0.68125
-0.55125
-0.4775
-0.586875
-0.82375
-0.948125
-1.01625
-0.823125
-0.723125
-0.72625
-0.8425
-1.0525
-1.225
-1.350625
-1.363125
-1.37625
-1.261875
-1.100625
-0.865625
-0.63875
-0.52875
-0.486875
-0.5925
-0.70125
-0.78875
-0.83375
-0.691875
-0.57875
-0.500625
-0.465
-0.533125
-0.56625
-0.564375
-0.566875
-0.6275
-0.694375
-0.705
-0.643125
-0.444375
-0.34875
-0.35375
-0.50125
-0.7475
-0.8025
-0.76875
-0.6
-0.449375
-0.44125
-0.4775
-0.504375
-0.625
-0.708125
-0.8125
-1.014375
-1.0525
-1.04625
-1.093125
-1.10875
-1.05875
-1.08625
-1.0075
-0.884375
-0.89375
-0.815
-0.725625
-0.6375
-0.540625
-0.47125
-0.423125
-0.379375
-0.255
-0.166875
-0.15625
-0.16125
-0.28625
-0.375
-0.395625
-0.4275
-0.403125
-0.415
-0.450625
-0.488125
-0.476875
-0.4475
-0.445625
-0.42875
-0.453125
-0.518125
-0.511875
-0.56
-0.671875
-0.7025
-0.748125
-0.828125
-0.803125
-0.821875
-0.82875
-0.62625
-0.483125
-0.33375
-0.21625
-0.248125
-0.3075
-0.408125
-0.540625
-0.6675
-0.72125
-0.77625
-0.835625
-0.938125
-1.22375
-1.47
-1.58875
-1.574375
-1.370625
-1.199375
-1.236875
-1.38625
-1.618125
-1.85875
-2.02
-2.085
-1.98625
-1.805
-1.54125
-1.464375
-1.6325
-1.7725
-1.8625
-1.824375
-1.494375
-1.23875
-1.10125
-0.96375
-1.003125
-1.018125
-0.979375
-0.86875
-0.799375
-0.833125
-0.985
-1.280625
-1.47125
-1.51375
-1.393125
-1.200625
-1.16
-1.166875
-1.196875
-1.268125
-1.16625
-1.08125
-1.206875
-1.106875
-1.235625
-1.335625
-1.160625
-1.2
-0.91875
-0.66625
-0.59875
-0.5075
-0.68125
-0.836875
-0.786875
-0.7275
-0.476875
-0.308125
-0.3525
-0.42625
-0.64
-0.821875
-0.850625
-0.81625
-0.708125
-0.53625
-0.501875
-0.555625
-0.6875
-0.883125
-1.0075
-1.078125
-1.03625
-0.930625
-0.78375
-0.71125
-0.746875
-0.771875
-0.845625
-0.783125
-0.67875
-0.72375
-0.930625
-1.15625
-1.350625
-1.328125
-1.1025
-0.95125
-0.874375
-0.953125
-0.989375
-0.996875
-0.95875
-0.875
-0.894375
-0.866875
-0.790625
-0.706875
-0.59625
-0.55375
-0.56625
-0.58625
-0.61375
-0.6625
-0.705
-0.7125
-0.710625
-0.66625
-0.621875
-0.60625
-0.574375
-0.5
-0.468125
-0.44875
-0.480625
-0.59
-0.593125
-0.57625
-0.5825
-0.666875
-0.87875
-1.096875
-1.2175
-1.111875
-0.923125
-0.805625
-0.74625
-0.913125
-1.11875
-1.255625
-1.37125
-1.260625
-1.11375
-0.920625
-0.790625
-0.79125
-0.776875
-0.853125
-0.910625
-0.9725
-1.1075
-1.16375
-1.044375
-0.935625
-0.785625
-0.73125
-0.8425
-0.849375
-0.8075
-0.701875
-0.694375
-0.7025
-0.759375
-0.814375
-0.79
-0.836875
-0.9325
-1.054375
-1.021875
-1.033125
-1.013125
-1.081875
-1.215
-1.385
-1.47125
-1.33875
-1.294375
-1.113125
-1.16
-1.27125
-1.3175
-1.298125
-1.01125
-0.829375
-0.67
-0.765625
-0.8975
-1.07875
-1.30125
-1.21375
-1.2575
-1.03375
-0.771875
-0.671875
-0.5175
-0.686875
-0.8075
-1.09
-1.319375
-1.27375
-1.343125
-1.08875
-0.9575
-0.890625
-0.69125
-0.690625
-0.573125
-0.570625
-0.683125
-0.721875
-0.8025
-0.9125
-1.013125
-1.23875
-1.459375
-1.584375
-1.5925
-1.416875
-1.195
-0.850625
-0.69375
-0.6325
-0.63375
-0.774375
-0.774375
-0.774375
-0.774375
