0.963125
0.963125
0.963125
0.963125
0.94625
0.944375
0.9425
0.95125
0.9625
0.975
0.981875
0.9975
1.015
1.030625
1.040625
1.04375
1.031875
1.01125
0.99
0.95875
0.933125
0.924375
0.93375
0.956875
0.99
1.004375
0.995
0.97625
0.95375
0.94625
0.950625
0.954375
0.955
0.955625
0.9725
1.0025
1.033125
1.045
1.043125
1.02375
1.005
1.01125
1.010625
1.0275
1.038125
1.03
1.0125
0.98
0.96375
0.95125
0.95875
0.97625
0.97875
0.974375
0.961875
0.939375
0.920625
0.93375
0.95
0.9725
0.99875
0.984375
0.97375
0.97125
0.970625
0.995
1.008125
1.01125
1.0075
0.98875
0.994375
0.9925
0.99625
1.023125
1.02375
1.0475
1.071875
1.070625
1.070625
1.04875
1.02
0.99375
0.978125
0.968125
0.95625
0.9525
0.943125
0.94375
0.96125
0.99125
1.025
1.051875
1.064375
1.06375
1.059375
1.0425
1.021875
0.99625
0.96875
0.9675
0.969375
0.9825
1.008125
1.02125
1.045
1.0575
1.06125
1.061875
1.055
1.061875
1.065
1.073125
1.083125
1.081875
1.085625
1.06375
1.020625
0.988125
0.945625
0.93625
0.968125
0.9775
1.0025
1.02
1.001875
1.00125
0.989375
0.965625
0.961875
0.94625
0.936875
0.938125
0.91875
0.918125
0.92
0.92375
0.95
0.975625
0.99625
1.011875
1.033125
1.03125
1.030625
1.0325
1.005625
1.005
0.9975
0.990625
1.0
0.999375
1.005
1.008125
1.019375
1.02625
1.033125
1.04
1.034375
1.025625
1.025
1.02125
1.015625
1.015625
0.993125
0.96875
0.955
0.949375
0.97
0.995625
1.00375
0.989375
0.955
0.920625
0.910625
0.93
0.95375
0.99
1.0125
1.016875
1.02875
1.009375
0.98625
0.960625
0.93125
0.931875
0.943125
0.95875
0.97875
0.984375
0.980625
0.988125
0.995625
1.01
1.026875
1.015625
0.99125
0.9625
0.946875
0.964375
1.001875
1.04
1.059375
1.0625
1.045625
1.025625
1.0075
0.98625
0.9775
0.970625
0.961875
0.97
0.975625
0.9875
1.01625
1.021875
1.023125
1.02625
1.01625
1.0275
1.04375
1.046875
1.05875
1.0475
1.03125
1.015
0.995
0.993125
0.999375
1.011875
1.005
0.995
0.96875
0.94
0.943125
0.941875
0.965625
0.99875
1.003125
1.01125
1.00125
0.99
1.010625
1.026875
1.038125
1.0275
0.99125
0.958125
0.941875
0.93875
0.95
0.9625
0.9825
1.031875
1.08125
1.12625
1.138125
1.10875
1.055
0.99875
0.961875
0.941875
0.95125
0.9775
1.0025
1.0275
1.041875
1.036875
1.035625
1.0175
0.99875
0.98875
0.965625
0.970625
0.969375
0.959375
0.95875
0.941875
0.94375
0.953125
0.97375
0.99125
0.989375
0.98625
0.97875
0.976875
0.970625
0.961875
0.93375
0.91
0.903125
0.911875
0.941875
0.968125
0.98625
0.996875
0.998125
1.01
1.035
1.04625
1.04375
1.030625
0.99625
0.964375
0.955
0.939375
0.936875
0.9475
0.945625
0.93875
0.9375
0.92375
0.925
0.955
0.9625
0.983125
0.993125
0.975
0.985625
0.990625
0.98125
0.985625
0.965
0.94125
0.94625
0.96
0.980625
1.00875
1.014375
1.000625
0.994375
0.985
0.98875
0.9925
0.98875
0.9825
0.971875
0.965
0.965625
0.96375
0.968125
0.984375
1.011875
1.03625
1.04125
1.044375
1.025
1.02375
1.02875
1.018125
1.02
1.005
1.004375
1.011875
0.998125
0.98875
0.969375
0.9475
0.95
0.941875
0.929375
0.933125
0.926875
0.93875
0.96875
0.985625
1.009375
1.033125
1.045625
1.05875
1.068125
1.055
1.029375
1.00375
0.9725
0.97125
0.985
0.9975
1.00625
0.993125
0.98
0.965625
0.97125
0.97875
0.97625
0.979375
0.955625
0.93
0.911875
0.890625
0.898125
0.9175
0.946875
0.975
0.986875
1.005
1.008125
1.015
1.02625
1.02
1.02625
1.03
1.03625
1.050625
1.053125
1.049375
1.043125
1.0375
1.025
1.026875
1.023125
1.00875
1.01875
1.0125
1.009375
1.0225
1.02375
1.039375
1.054375
1.05875
1.05125
1.025
0.995625
0.961875
0.94375
0.935
0.924375
0.925625
0.920625
0.93375
0.958125
0.981875
1.01375
1.030625
1.04375
1.048125
1.036875
1.02
1.01
1.005625
1.005
1.015625
1.0075
0.991875
0.989375
0.969375
0.9625
0.971875
0.958125
0.9625
0.958125
0.940625
0.955625
0.968125
0.9875
1.005
0.991875
0.9775
0.968125
0.960625
0.97125
0.9775
0.976875
0.9825
0.980625
0.98
0.979375
0.96875
0.95625
0.944375
0.9425
0.954375
0.97
0.988125
0.993125
0.99125
0.986875
0.97125
0.958125
0.9525
0.964375
0.993125
1.028125
1.053125
1.050625
1.040625
1.02375
1.00125
0.98875
0.969375
0.955625
0.965
0.984375
1.004375
1.010625
0.995
0.970625
0.96375
0.97875
0.995625
1.011875
1.01875
1.016875
1.013125
1.02625
1.028125
1.024375
1.0375
1.026875
1.025625
1.02625
1.01375
1.0025
0.99
0.97875
0.964375
0.955625
0.95125
0.953125
0.975
1.005625
1.030625
1.039375
1.031875
1.005625
0.979375
0.968125
0.9625
0.98375
1.015
1.038125
1.049375
1.045
1.03
1.018125
1.02375
1.0275
1.0325
1.041875
1.038125
1.025625
1.015625
0.98875
0.970625
0.975625
0.978125
1.00375
1.021875
1.020625
1.02125
1.006875
0.990625
0.983125
0.97375
0.96875
0.980625
0.993125
0.993125
0.993125
0.993125
