-0.171875
-0.171875
-0.171875
-0.171875
-0.124375
-0.070625
-0.029375
0.036875
0.06125
0.07625
0.0475
-0.021875
-0.08125
-0.115625
-0.0875
-0.003125
0.025
0.009375
-0.053125
-0.16875
-0.24375
-0.275
-0.2375
-0.178125
-0.11875
-0.08125
-0.121875
-0.1
-0.05625
-0.0375
0.034375
0.009375
-0.0125
0.025
0.059375
0.153125
0.171875
0.15
0.096875
0.021875
0.0375
0.03125
0.046875
0.04375
3.46944695195e-18
0.034375
0.071875
0.153125
0.203125
0.1625
0.071875
-0.065625
-0.13125
-0.121875
-0.046875
0.075625
0.1075
0.06125
0.0025
-0.0575
-0.0425
0.04125
0.1125
0.16875
0.215625
0.215625
0.15
0.05625
-0.065625
-0.14375
-0.10625
-0.071875
-0.078125
-0.0875
-0.16875
-0.225
-0.178125
-0.153125
-0.084375
0.021875
0.103125
0.175
0.209375
0.215625
0.15
0.078125
0.015625
-0.08375
-0.095625
-0.123125
-0.1475
-0.16375
-0.241875
-0.285625
-0.30125
-0.26
-0.22
-0.155
-0.136875
-0.19375
-0.203125
-0.209375
-0.153125
-0.053125
0.021875
0.065625
0.05
0.04375
0.053125
0.065625
0.121875
0.1625
0.171875
0.18125
0.140625
0.06875
-0.0375
-0.159375
-0.25875
-0.31125
-0.26375
-0.185
-0.098125
-0.008125
0.029375
0.07625
0.0925
0.111875
0.13625
0.060625
0.050625
-0.00875
-0.06125
-0.010625
-0.04125
-0.03875
-0.055
-0.099375
-0.05625
-0.021875
0.019375
0.08
0.0875
0.098125
0.123125
0.146875
0.183125
0.216875
0.229375
0.158125
0.055625
-0.06375
-0.164375
-0.174375
-0.175
-0.13125
-0.128125
-0.125
-0.071875
-0.049375
0.05125
0.101875
0.118125
0.126875
0.08875
0.100625
0.103125
0.084375
0.040625
-0.030625
-0.12375
-0.154375
-0.156875
-0.179375
-0.170625
-0.165
-0.165625
-0.109375
-0.03125
-0.003125
0.0375
0.0125
-0.009375
-0.00625
-0.0375
-0.015625
-0.040625
-0.040625
-0.015625
-0.034375
-0.059375
-0.109375
-0.11875
-0.075
0.021875
0.09375
0.103125
0.071875
-0.034375
-0.109375
-0.1875
-0.28125
-0.275
-0.261875
-0.251875
-0.241875
-0.284375
-0.359375
-0.340625
-0.2375
-0.11375
0.029375
0.069375
-0.009375
-0.096875
-0.178125
-0.184375
-0.078125
-0.021875
0.04375
0.065625
0.015625
-0.009375
-0.071875
-0.134375
-0.1625
-0.11875
-0.053125
0.015625
0.06625
0.02
-0.004375
-0.01625
-0.03875
-0.005
0.0225
0.040625
0.0875
0.11875
0.121875
0.140625
0.121875
0.121875
0.146875
0.115625
0.10625
0.059375
-0.0375
-0.06875
-0.09375
-0.15
-0.149375
-0.208125
-0.279375
-0.253125
-0.265625
-0.21875
-0.165625
-0.1575
-0.158125
-0.165
-0.165625
-0.15
-0.05625
-0.021875
-6.93889390391e-18
-0.015625
-0.10625
-0.134375
-0.125
-0.096875
-0.040625
-0.021875
-0.04375
-0.065625
-0.06875
-0.040625
-0.01875
0.003125
0.003125
-0.0125
0.000625
0.01125
0.021875
0.0325
0.0325
0.0375
0.0425
0.0475
0.05
0.05
0.05
0.05
0.06875
0.071875
0.025
-0.021875
-0.0875
-0.171875
-0.20625
-0.23125
-0.325
-0.384375
-0.384375
-0.428125
-0.403125
-0.353125
-0.396875
-0.35625
-0.2875
-0.19375
-0.0625
-0.028125
-0.025
-0.025
-0.025
-0.025
