2.875
2.875
2.875
2.875
2.61875
2.2875
1.7625
1.7875
2.11875
2.24375
2.575
2.0625
0.9125
-0.14375
-1.4625
-1.26875
0.50625
2.34375
3.53125
3.5125
1.98125
0.86875
0.7375
1.13125
1.775
1.68125
1.65625
0.90625
1.04375
1.65625
1.58125
2.225
2.4125
2.4125
2.5875
2.36875
1.9125
1.88125
1.63125
1.6
1.68125
1.05
0.83125
0.79375
0.7375
1.15625
1.71875
1.33125
1.0875
0.05625
-1.225
-1.5
-2.0
-1.3625
-0.65
-0.20625
0.2625
0.39375
-0.09375
-0.575
-0.425
-0.36875
0.2
0.65625
0.28125
-0.425
-0.4375
-0.40625
-0.34375
-0.26875
-1.25
-2.09375
-2.21875
-1.83125
-0.61875
0.30625
0.30625
0.125
-0.45
-1.38125
-1.95625
-2.225
-2.2
-0.975
0.2
1.06875
1.63125
1.4125
1.8125
2.10625
2.1375
1.8875
1.175
0.5625
0.10625
0.4125
0.775
0.50625
-0.23125
-1.3625
-2.71875
-2.79375
-1.8125
-1.06875
-0.125
0.09375
-0.0375
0.44375
0.55
0.7
1.05
0.3
-0.14375
-0.4875
-1.1625
-0.80625
-0.63125
-1.29375
-1.95625
-2.2625
-2.35
-0.75625
0.26875
-0.00625
0.45625
-0.5125
-0.65
0.19375
-0.18125
-0.46875
-0.91875
-1.75625
-1.73125
-0.41875
0.5375
1.35625
1.6375
0.825
0.73125
1.4
2.3125
3.31875
2.91875
1.6875
0.74375
-0.7125
-0.28125
0.75625
0.95625
2.80625
3.40625
3.11875
2.8125
1.19375
-0.75625
-2.075
-2.45625
-2.55
-1.38125
-0.1875
0.66875
1.04375
0.85
0.15625
-0.6625
-1.25625
-2.0125
-1.99375
-2.5375
-2.0875
-1.85
-2.08125
-1.74375
-2.24375
-2.4625
-2.575
-2.39375
-2.125
-1.4375
-1.4
-1.375
-1.3875
-1.80625
-1.34375
-1.25625
-0.75
0.15
0.79375
1.6875
1.26875
0.1125
-1.04375
-2.425
-2.4875
-1.8125
-0.7125
-0.1125
0.60625
0.75
-0.15625
0.075
-1.0
-1.925
-2.0625
-2.9625
-2.49375
-2.075
-1.4125
-0.35625
-0.175
0.15
0.3125
0.275
1.20625
2.0875
2.23125
2.425
1.4
0.73125
0.80625
1.15
1.6875
1.675
1.1625
-0.31875
-1.16875
-2.49375
-3.30625
-3.19375
-3.21875
-1.99375
-1.1875
-0.74375
-0.3125
-0.20625
0.44375
1.56875
2.70625
3.025
2.0875
0.375
-1.375
-2.84375
-3.06875
-2.81875
-2.75625
-1.53125
-0.8
-0.35
-0.36875
-1.75
-2.53125
-2.925
-2.2875
-0.91875
-0.2875
0.2625
0.475
0.78125
1.34375
1.68125
2.35
1.74375
0.65625
-0.20625
-1.6
-1.4125
-0.10625
1.0875
1.41875
1.41875
0.75625
-0.29375
-0.18125
-0.69375
-1.05625
-0.84375
-1.06875
-0.73125
-1.25625
-2.45
-2.48125
-2.9875
-2.13125
-0.05625
0.75625
1.9
2.05
1.29375
1.25625
0.95625
1.45
2.225
1.83125
1.4
1.4
1.4
1.4
