-0.1625
-0.1625
-0.1625
-0.1625
-0.1375
-0.1125
-0.04375
0.05
0.10625
0.1375
0.1625
0.15625
0.171875
0.171875
0.165625
0.14375
0.16875
0.178125
0.178125
0.209375
0.19375
0.246875
0.25625
0.231875
0.1825
0.08
0.055625
0.0675
0.11375
0.19125
0.228125
0.246875
0.2625
0.196875
0.128125
0.04375
-0.1125
-0.153125
-0.234375
-0.3
-0.3
-0.365625
-0.33125
-0.3125
-0.259375
-0.171875
-0.15625
-0.125
-0.0875
-0.121875
-0.096875
-0.05625
-0.08125
0.0125
0.053125
0.053125
0.09375
0.0375
-0.025
-0.053125
-0.13125
-0.1375
-0.121875
-0.090625
-0.028125
-0.021875
0.03125
0.05
0.071875
0.125
0.090625
0.065625
0.071875
0.015625
-3.46944695195e-18
-0.03125
-0.103125
-0.096875
-0.065625
0.021875
0.11875
0.2
0.246875
0.24375
0.240625
0.221875
0.2125
0.2125
0.2125
0.203125
0.209375
0.215625
0.221875
0.225
0.196875
0.1375
0.078125
0.00625
-0.034375
-0.05
-0.115625
-0.15625
-0.253125
-0.31875
-0.265625
-0.190625
-0.040625
0.090625
0.134375
0.15625
0.103125
0.059375
0.0125
-0.009375
0.01875
0.00375
0.010625
-0.054375
-0.0975
-0.10125
-0.064375
0.03875
0.10125
0.1175
0.05875
-0.019375
-0.069375
-0.075625
-0.050625
0.001875
-0.008125
0.013125
0.034375
0.00625
0.065625
0.034375
0.0375
0.0625
0.003125
0.04375
0.021875
0.0125
0.08125
0.084375
0.15625
0.21875
0.203125
0.2125
0.16625
0.11375
0.151875
0.14
0.09875
0.023125
-0.143125
-0.26875
-0.346875
-0.365625
-0.31875
-0.25
-0.146875
-0.05625
-0.021875
-0.009375
-0.0375
-0.109375
-0.1125
-0.115625
-0.0875
-0.05
-0.068125
-0.070625
-0.116875
-0.11
-0.079375
-0.095625
-0.068125
-0.078125
-0.071875
-0.003125
0.03125
0.121875
0.175
0.159375
0.1375
0.03125
-0.07125
-0.139375
-0.160625
-0.1725
-0.145
-0.105
-0.13375
-0.075
-0.09375
-0.08125
-0.00625
0.003125
0.096875
0.103125
0.10625
0.115625
0.05
0.078125
0.075
0.0875
0.15625
0.1375
0.0625
-0.04375
-0.2
-0.3
-0.30625
-0.290625
-0.240625
-0.196875
-0.14375
-0.090625
-0.003125
0.08125
0.128125
0.128125
0.1125
0.05
-0.05
-0.109375
-0.165625
-0.153125
-0.096875
-0.03125
-0.009375
-0.034375
-0.05
-0.090625
-0.0875
-0.046875
-0.046875
0.015625
0.040625
0.021875
0.03125
-0.04375
-0.115
-0.164375
-0.17625
-0.10375
-0.066875
-0.0175
-0.049375
-0.14375
-0.171875
-0.16875
-0.121875
-0.04375
0.046875
0.046875
0.0875
0.090625
0.06
0.129375
0.108125
0.130625
0.17375
0.12
0.138125
0.109375
0.044375
0.0575
0.051875
0.07125
0.10875
0.124375
0.1025
0.105625
0.13625
0.11375
0.1225
0.08125
0.0125
-0.003125
0.00625
0.025
0.01875
0.021875
-0.01875
-0.028125
-0.015
-0.045625
-0.016875
-0.02875
-0.066875
-0.089375
-0.199375
-0.259375
-0.275
-0.240625
-0.1375
-0.084375
-0.00625
0.046875
0.05625
0.09375
0.090625
0.028125
0.034375
0.0625
0.075
0.1
0.03125
-0.0875
-0.196875
-0.246875
-0.228125
-0.153125
-0.090625
-0.036875
-0.03
-0.054375
-0.046875
-0.053125
-0.025
-0.003125
-0.0075
-0.020625
-0.011875
-0.03125
-0.04375
-0.0375
-0.1
-0.0875
-0.021875
-0.003125
0.1
0.171875
0.15625
0.203125
0.18125
0.13125
0.1375
0.065625
0.0375
0.053125
0.050625
0.15125
0.17375
0.14625
0.108125
-0.033125
-0.08375
-0.084375
-0.10625
-0.034375
0.015625
6.93889390391e-18
0.046875
0.00625
-0.08125
-0.0875
-0.121875
-0.075
0.025
0.0375
0.096875
0.109375
0.128125
0.215625
0.234375
0.21875
0.1375
-0.015625
-0.140625
-0.203125
-0.225
-0.146875
-0.134375
-0.16875
-0.1875
-0.25625
-0.215625
-0.1275
-0.076875
-0.048125
-0.044375
-0.0825
-0.079375
-0.0825
-0.1575
-0.188125
-0.235625
-0.255
-0.205625
-0.18125
-0.175
-0.109375
-0.05
0.00625
0.109375
0.1125
0.109375
0.0875
0.028125
0.05625
0.028125
0.04375
0.05625
-0.015625
-0.02125
-0.045625
-0.041875
0.04625
0.0675
0.060625
-0.005625
-0.159375
-0.234375
-0.2375
-0.159375
-0.021875
0.103125
0.171875
0.20625
0.1875
0.128125
0.0875
0.015625
0.034375
0.1125
0.134375
0.13125
0.021875
-0.1375
-0.25
-0.284375
-0.24375
-0.2125
-0.14375
-0.096875
-0.0775
-0.0425
-0.060625
-0.044375
-0.073125
-0.070625
-0.068125
-0.15625
-0.1625
-0.19375
-0.225
-0.15625
-0.121875
-0.1125
-0.040625
-0.06875
-0.096875
-0.0775
-0.1425
-0.1325
-0.088125
-0.054375
0.016875
0.063125
0.063125
0.063125
0.063125
