-0.515625
-0.515625
-0.515625
-0.515625
-0.563125
-0.539375
-0.539375
-0.308125
-0.146875
0.1
0.36125
0.38875
0.26
0.063125
-0.13625
-0.3625
-0.4275
-0.468125
-0.505
-0.486875
-0.52125
-0.570625
-0.6275
-0.564375
-0.46
-0.348125
-0.078125
0.131875
0.48875
0.8625
0.92
0.90875
0.72
0.64375
0.695
0.673125
0.520625
0.058125
-0.189375
-0.3925
-0.33125
-0.038125
-0.071875
-0.00875
-0.035625
-0.010625
0.213125
0.42125
0.60125
0.678125
0.634375
0.640625
0.485625
0.17625
-0.044375
-0.478125
-0.724375
-0.781875
-0.848125
-0.73375
-0.651875
-0.4425
-0.14375
0.11125
0.485625
0.654375
0.75
0.813125
0.763125
0.604375
0.236875
-0.0775
-0.485625
-0.746875
-0.793125
-0.825625
-0.69
-0.543125
-0.378125
-0.11625
-0.0225
0.105
0.135
-0.011875
-0.104375
-0.123125
-0.12
-0.156875
-0.095625
-0.280625
-0.426875
-0.536875
-0.611875
-0.44
-0.165625
0.2
0.47375
0.551875
0.359375
0.245
0.126875
0.12625
0.3125
0.246875
0.025
-0.18625
-0.4075
-0.519375
-0.433125
-0.486875
-0.5725
-0.59375
-0.50875
-0.261875
0.09375
0.375
0.36875
0.238125
-0.095
-0.359375
-0.369375
-0.178125
0.10875
0.36125
0.39
0.123125
-0.1325
-0.268125
-0.154375
0.09875
0.4475
0.55625
0.345625
0.13125
-0.184375
-0.261875
-0.164375
0.015625
0.043125
-0.165625
-0.363125
-0.720625
-0.89125
-0.870625
-0.836875
-0.670625
-0.420625
-0.155
0.0675
0.368125
0.5525
0.47125
0.461875
0.181875
-0.101875
-0.0475
0.050625
0.340625
0.525625
0.363125
-0.029375
-0.3675
-0.608125
-0.52375
-0.27625
-0.10125
0.08625
0.154375
0.3125
0.295
0.368125
0.45
0.32375
0.39375
0.295625
0.023125
-0.155625
-0.265625
-0.325625
-0.279375
-0.22125
-0.293125
-0.32375
-0.2725
-0.1975
-0.2
-0.270625
-0.368125
-0.588125
-0.708125
-0.758125
-0.72
-0.54375
-0.2575
0.030625
0.103125
0.115
0.01375
-0.1475
-0.130625
-0.1275
-0.235
-0.21625
-0.2375
-0.12125
0.083125
0.1725
0.255625
0.125625
-0.00125
0.021875
0.025625
0.09375
0.223125
0.2025
0.04875
0.01625
0.0525
-0.035625
0.031875
-0.08
-0.420625
-0.566875
-0.783125
-0.79375
-0.68125
-0.60125
-0.409375
-0.419375
-0.415
-0.476875
-0.509375
-0.319375
-0.055
0.323125
0.635625
0.713125
0.563125
0.4575
0.283125
0.31125
0.606875
0.7075
0.86125
0.803125
0.5175
0.30625
-0.075625
-0.255625
-0.38125
-0.526875
-0.466875
-0.591875
-0.696875
-0.61
-0.46
-0.23625
0.04875
0.225
0.1325
0.0825
-1.38777878078e-17
-0.17
-0.156875
-0.16625
-0.103125
-0.114375
-0.128125
-0.03125
-0.115
-0.080625
-0.091875
-0.371875
-0.5875
-0.685
-0.73625
-0.5725
-0.315625
-0.133125
0.136875
0.29875
0.483125
0.461875
0.211875
0.049375
-0.138125
-0.0175
0.326875
0.635
0.741875
0.55625
0.166875
-0.10625
-0.133125
0.104375
0.4325
0.631875
0.611875
0.340625
0.07875
-0.26875
-0.490625
-0.58
-0.574375
-0.493125
-0.35375
-0.193125
-0.21125
-0.07375
-0.0675
-0.12125
0.008125
-0.096875
-0.126875
0.035
0.03
0.255625
0.573125
0.74
0.936875
1.02
0.86875
0.694375
0.55
0.233125
0.075625
-0.159375
-0.28
-0.24875
-0.136875
0.19375
0.295625
0.4025
0.25
-0.125625
-0.38125
-0.651875
-0.75125
-0.64625
-0.423125
-0.204375
0.116875
0.324375
0.3125
0.406875
0.234375
-0.02625
-0.084375
-0.274375
-0.29375
-0.21
-0.345625
-0.441875
-0.4425
-0.335
0.00875
0.340625
0.564375
0.566875
0.338125
0.1425
-0.18375
-0.421875
-0.591875
-0.615625
-0.403125
-0.153125
0.1475
0.244375
0.20375
0.11375
0.076875
0.12375
0.108125
0.145625
0.1
-0.141875
-0.31875
-0.51375
-0.676875
-0.67625
-0.540625
-0.244375
-0.003125
0.22875
0.3425
0.310625
0.37375
0.4275
0.348125
0.09875
-0.194375
-0.485625
-0.66875
-0.680625
-0.7
-0.55
-0.216875
0.075
0.370625
0.3025
-0.081875
-0.321875
-0.569375
-0.590625
-0.29375
-0.276875
-0.15375
-0.034375
-0.229375
-0.213125
-0.42875
-0.551875
-0.520625
-0.591875
-0.3775
-0.37
-0.323125
-0.03875
-0.065
0.076875
0.174375
-0.04375
0.05625
-0.011875
-0.058125
0.01
-0.2175
-0.35625
-0.52125
-0.555
-0.4525
-0.343125
-0.11375
-0.094375
0.0125
0.23375
0.22625
0.40625
0.41
0.2525
0.1975
-0.061875
-0.1
-0.155
-0.161875
0.0525
0.026875
0.051875
0.1475
0.019375
-0.013125
0.03875
-0.014375
0.040625
0.091875
0.115
0.18375
0.259375
0.366875
0.429375
0.2975
0.16375
-0.023125
-0.30375
-0.4375
-0.568125
-0.51
-0.416875
-0.303125
-0.213125
-0.376875
-0.43625
-0.57125
-0.6625
-0.549375
-0.440625
-0.11875
0.290625
0.436875
0.6075
0.469375
0.20125
0.295
0.323125
0.658125
0.91375
0.904375
0.875625
0.7225
0.6925
0.634375
0.49875
0.306875
0.05125
-0.0025
0.03875
-0.044375
-0.073125
-0.278125
-0.496875
-0.52125
-0.55875
-0.58125
-0.565
-0.590625
-0.47375
-0.323125
-0.191875
0.05
0.05375
0.2075
0.3575
0.396875
0.48875
0.428125
0.40875
0.27125
0.14875
0.065
-0.06
-0.0425
-0.018125
-0.12625
-0.301875
-0.52625
-0.689375
-0.67125
-0.4975
-0.339375
-0.21375
-0.130625
-0.15625
-0.0775
0.093125
0.259375
0.395625
0.448125
0.28125
-0.01
-0.15375
-0.271875
-0.271875
-0.20125
-0.2275
-0.254375
-0.28125
-0.141875
-0.09625
0.045
0.304375
0.410625
0.590625
0.553125
0.245
-0.0225
-0.270625
-0.38
-0.184375
-0.125
-0.0325
-0.001875
-0.27625
-0.440625
-0.6525
-0.81
-0.6625
-0.525
-0.363125
-0.199375
-0.188125
-0.02875
0.20875
0.414375
0.575
0.50125
0.206875
-0.021875
-0.160625
-0.23
-0.131875
-0.1125
-0.25625
-0.345625
-0.469375
-0.47125
-0.370625
-0.2925
-0.0525
0.121875
0.2875
0.430625
0.255
-0.129375
-0.303125
-0.319375
-0.18375
0.171875
0.2025
0.076875
-0.041875
-0.05875
0.12875
0.23875
0.345
0.2625
0.159375
0.16625
0.293125
0.486875
0.5175
0.645625
0.6575
0.531875
0.524375
0.288125
-0.085625
-0.33375
-0.461875
-0.45875
-0.33875
-0.2225
-0.22625
-0.2925
-0.294375
-0.193125
-0.05
0.184375
0.36375
0.48
0.394375
0.27625
0.264375
0.006875
0.0275
0.018125
-0.17
-0.10875
-0.32
-0.37375
-0.26375
-0.243125
0.1125
0.17875
0.03
-0.0825
-0.505
-0.736875
-0.68125
-0.555625
-0.155625
0.223125
0.4475
0.70125
0.608125
0.5
0.370625
0.01375
-0.10125
-0.24875
-0.35375
-0.34375
-0.41375
-0.41875
-0.46625
-0.43625
-0.309375
-0.07
0.0575
0.109375
0.2075
-0.00125
-0.035
0.039375
-0.010625
0.10875
0.325
0.424375
0.430625
0.54
0.38125
0.293125
0.455
0.55
0.759375
0.810625
0.60625
0.213125
-0.20125
-0.5475
-0.65375
-0.66625
-0.62375
-0.53625
-0.671875
-0.60375
-0.53125
-0.4075
-0.231875
-0.36125
-0.53625
-0.808125
-1.02875
-1.01
-0.95375
-0.833125
-0.531875
-0.251875
0.018125
0.285
0.249375
0.035
-0.229375
-0.363125
-0.28125
0.02875
0.42375
0.64625
0.776875
0.6325
0.408125
0.0975
-0.375
-0.64
-0.840625
-0.818125
-0.588125
-0.314375
0.049375
0.184375
0.264375
0.2725
0.07875
0.101875
0.14375
0.16625
0.230625
0.105
0.055625
-0.111875
-0.23375
-0.16625
-0.166875
-0.065
0.07875
0.1175
0.124375
0.1475
0.086875
0.0525
-0.109375
-0.296875
-0.261875
-0.356875
-0.311875
-0.201875
-0.41875
-0.52125
-0.47125
-0.315
-0.0125
0.259375
0.260625
-0.023125
-0.18875
-0.306875
-0.3225
-0.19
-0.33375
-0.495625
-0.660625
-0.731875
-0.605
-0.48625
-0.306875
-0.32625
-0.374375
-0.41125
-0.48625
-0.465625
-0.4625
-0.32625
-0.1975
0.025
0.25625
0.21375
0.175
-0.075625
-0.32875
-0.311875
-0.3025
-0.02875
0.245
0.24875
0.26
0.003125
-0.25
-0.368125
-0.48125
-0.42375
-0.364375
-0.350625
-0.386875
-0.56
-0.77125
-0.895
-0.815625
-0.515
-0.16625
0.23875
0.4875
0.5375
0.556875
0.3575
0.135
-0.10875
-0.305625
-0.246875
-0.265625
-0.163125
-0.14375
-0.27375
-0.32
-0.435
-0.34625
-0.34875
-0.203125
-0.004375
-0.06875
-0.02
-0.238125
-0.451875
-0.545625
-0.646875
-0.5875
-0.556875
-0.5475
-0.4725
-0.424375
-0.348125
-0.299375
-0.405
-0.375625
-0.393125
-0.325625
-0.19375
-0.335625
-0.354375
-0.41875
-0.45875
-0.3675
-0.3275
-0.31375
-0.26
-0.19125
-0.33125
-0.405625
-0.358125
-0.32375
-0.113125
0.050625
-0.098125
-0.125
-0.1425
-0.070625
0.1575
0.175625
0.169375
-0.0175
-0.215625
-0.336875
-0.38375
-0.185625
0.153125
0.50875
0.67625
0.55875
0.17125
-0.206875
-0.31
-0.2975
-0.15375
-0.05125
-0.11
-0.011875
0.200625
0.465
0.594375
0.48875
0.17125
-0.186875
-0.3225
-0.349375
-0.280625
-0.15125
-0.208125
-0.296875
-0.38
-0.42875
-0.2325
-0.011875
0.303125
0.429375
0.268125
0.225
-0.006875
-0.0975
-0.066875
-0.2875
-0.423125
-0.476875
-0.349375
-0.056875
0.389375
0.618125
0.524375
0.366875
0.024375
-0.21875
-0.26125
-0.245625
-0.28375
-0.215625
-0.22625
-0.266875
-0.216875
-0.355
-0.421875
-0.44
-0.35625
-0.026875
0.26125
0.436875
0.374375
0.10125
-0.02375
-0.06625
0.076875
0.181875
0.01875
-0.04125
-0.153125
-0.02
0.19125
0.17375
0.16875
-0.131875
-0.3225
-0.41
-0.395
-0.13375
0.051875
0.25625
0.236875
-0.001875
-0.27125
-0.603125
-0.67875
-0.474375
-0.198125
0.315625
0.52625
0.511875
0.47375
0.088125
-0.095625
-0.3075
-0.480625
-0.493125
-0.55875
-0.529375
-0.445625
-0.334375
-0.255625
-0.180625
-0.3175
-0.34625
-0.133125
0.093125
0.4375
0.511875
0.239375
0.049375
-0.12375
-0.15625
-0.0475
-0.1375
-0.25375
-0.3875
-0.50625
-0.521875
-0.57
-0.60375
-0.650625
-0.69
-0.533125
-0.420625
-0.13875
0.11125
0.086875
0.163125
-0.1
-0.176875
-0.035
0.00875
0.256875
0.286875
0.130625
0.02875
-0.145625
-0.369375
-0.39875
-0.438125
-0.38625
-0.22125
-0.163125
-0.10375
-0.076875
-0.08
-0.184375
-0.304375
-0.4375
-0.50875
-0.510625
-0.49375
-0.476875
-0.5125
-0.339375
-0.186875
0.103125
0.379375
0.324375
0.265
0.068125
-0.08625
-0.08625
-0.070625
-0.256875
-0.45875
-0.708125
-0.78
-0.585625
-0.229375
0.221875
0.34125
0.383125
0.08625
-0.166875
-0.174375
-0.155625
0.04
0.056875
-0.105
-0.293125
-0.449375
-0.5125
-0.353125
-0.184375
-0.08
0.009375
-0.216875
-0.439375
-0.495625
-0.431875
-0.153125
0.23625
0.491875
0.543125
0.5675
0.323125
-0.039375
-0.32125
-0.5
-0.495625
-0.373125
-0.28875
-0.433125
-0.44125
-0.441875
-0.35125
-0.125625
-0.2075
-0.293125
-0.29875
-0.326875
-0.20875
-0.105625
-0.2575
-0.390625
-0.40375
-0.405625
-0.24625
-0.119375
-0.248125
-0.3525
-0.3325
-0.31375
0.018125
0.30125
0.279375
0.29375
-0.046875
-0.264375
-0.3275
-0.40625
-0.171875
-0.1275
0.07125
0.294375
0.2275
0.22875
0.019375
-0.23875
-0.300625
-0.31625
-0.39625
-0.466875
-0.586875
-0.753125
-0.77625
-0.769375
-0.593125
-0.373125
-0.178125
0.009375
-0.166875
-0.40875
-0.5475
-0.539375
-0.265
0.25625
0.573125
0.57375
0.496875
0.05625
-0.2825
-0.451875
-0.520625
-0.265625
-0.00875
0.2575
0.34875
0.140625
0.050625
-0.115
-0.18
-0.115
-0.301875
-0.395625
-0.5425
-0.696875
-0.73625
-0.785625
-0.819375
-0.84
-0.8075
-0.81625
-0.74375
-0.6675
-0.625625
-0.614375
-0.716875
-0.863125
-1.049375
-1.188125
-1.23
-1.17875
-1.045625
-0.710625
-0.45
-0.240625
0.02375
0.023125
0.1025
0.28875
0.290625
0.216875
0.08625
-0.149375
-0.343125
-0.259375
-0.164375
-0.166875
-0.089375
-0.28375
-0.5125
-0.71
-0.97625
-1.109375
-1.208125
-1.040625
-0.6425
-0.1575
0.34625
0.49125
0.295
-0.040625
-0.26125
-0.168125
0.058125
0.49875
0.6475
0.57625
0.4775
0.0625
-0.154375
-0.44125
-0.58125
-0.574375
-0.641875
-0.536875
-0.6125
-0.560625
-0.44
-0.379375
-0.146875
-0.154375
-0.07625
0.15625
0.19625
0.358125
0.28
-0.025625
-0.235
-0.448125
-0.54125
-0.445
-0.35375
-0.1425
0.186875
0.40625
0.628125
0.61875
0.33875
-0.0475
-0.34
-0.40625
-0.285625
0.090625
0.326875
0.34875
0.320625
0.039375
-0.101875
-0.03875
0.063125
0.2925
0.241875
0.07375
-0.125
-0.22625
-0.076875
-0.0075
0.05375
-0.093125
-0.32875
-0.47375
-0.6275
-0.691875
-0.724375
-0.59875
-0.31
0.05875
0.414375
0.470625
0.4075
0.163125
0.06875
0.119375
-0.0075
-0.015625
-0.19625
-0.3825
-0.370625
-0.31875
-0.39125
-0.484375
-0.499375
-0.554375
-0.3025
-0.004375
0.219375
0.420625
0.371875
0.309375
0.006875
-0.313125
-0.545
-0.7775
-0.66125
-0.314375
0.023125
0.390625
0.4875
0.388125
0.27125
0.031875
-0.0725
-0.35375
-0.55875
-0.5225
-0.401875
-0.089375
0.190625
0.2075
0.005
-0.188125
-0.423125
-0.461875
-0.365625
-0.2125
0.005625
0.045
0.035
-0.176875
-0.42125
-0.483125
-0.491875
-0.245
0.08375
0.2225
0.30125
0.13625
-0.185
-0.4
-0.539375
-0.62125
-0.66875
-0.73125
-0.871875
-0.80125
-0.6225
-0.43625
-0.160625
-0.205
-0.353125
-0.50125
-0.72
-0.620625
-0.518125
-0.25375
0.015
0.169375
0.356875
0.319375
0.351875
0.17875
0.02
-0.20875
-0.505625
-0.633125
-0.7025
-0.53125
-0.34125
-0.11375
-0.048125
-0.155625
-0.214375
-0.363125
-0.289375
-0.1575
-0.144375
-0.076875
-0.25375
-0.39875
-0.443125
-0.51375
-0.48125
-0.445
-0.359375
-0.249375
-0.079375
-0.005
-0.126875
-0.145625
-0.285
-0.330625
-0.23875
-0.39125
-0.46
-0.600625
-0.65375
-0.45875
-0.279375
-0.00875
0.044375
0.0025
-0.0225
-0.13875
-0.135
-0.17
-0.076875
0.120625
0.291875
0.38375
0.193125
-0.073125
-0.32625
-0.515
-0.60625
-0.589375
-0.59875
-0.579375
-0.499375
-0.4475
-0.3375
-0.06375
0.283125
0.429375
0.538125
0.370625
0.010625
-0.270625
-0.5575
-0.724375
-0.719375
-0.66125
-0.539375
-0.41375
-0.314375
-0.116875
0.09375
0.39
0.524375
0.498125
0.25375
-0.169375
-0.458125
-0.564375
-0.47625
-0.306875
-0.12875
-0.04375
0.00875
0.115
0.125625
-0.020625
-0.16875
-0.416875
-0.575
-0.565
-0.6025
-0.5875
-0.595
-0.651875
-0.645625
-0.631875
-0.46375
-0.18
0.075
0.3
0.225625
-0.03875
-0.1375
-0.19875
0.03
0.3425
0.318125
0.27875
-0.1075
-0.368125
-0.425625
-0.483125
-0.2875
-0.208125
-0.181875
-0.148125
-0.216875
-0.245625
-0.226875
-0.215625
-0.014375
0.145
0.28625
0.444375
0.365
0.089375
-0.19625
-0.538125
-0.708125
-0.6875
-0.606875
-0.464375
-0.45125
-0.34
-0.215625
-0.0225
0.195
0.251875
0.090625
-0.260625
-0.5575
-0.763125
-0.7575
-0.653125
-0.52625
-0.413125
-0.36625
-0.266875
-0.28
-0.335
-0.388125
-0.54125
-0.611875
-0.649375
-0.685
-0.56
-0.43875
-0.28625
-0.113125
-0.16375
-0.116875
-0.1075
-0.115
-0.008125
-0.113125
-0.21625
-0.181875
-0.1625
0.105
0.36875
0.3575
0.365
0.03125
-0.270625
-0.451875
-0.648125
-0.589375
-0.46125
-0.32375
-0.17125
-0.101875
-0.0825
-0.09
-0.1525
-0.085
-0.06125
0.048125
0.245
0.230625
0.02
-0.25875
-0.5925
-0.7475
-0.711875
-0.606875
-0.464375
-0.460625
-0.35875
-0.24375
-0.06
0.186875
0.273125
0.14125
-0.16375
-0.486875
-0.709375
-0.720625
-0.661875
-0.514375
-0.3175
-0.186875
0.003125
0.0575
-0.084375
-0.224375
-0.504375
-0.701875
-0.758125
-0.8125
-0.723125
-0.64125
-0.573125
-0.50125
-0.393125
-0.28875
-0.205
-0.1175
-0.199375
-0.28875
-0.225625
-0.1775
0.0975
0.36875
0.3575
0.365
0.03125
-0.270625
-0.451875
-0.648125
-0.596875
-0.583125
-0.56
-0.521875
-0.551875
-0.418125
-0.31125
-0.219375
-0.005
0.05875
0.215625
0.38
0.333125
0.09
-0.23625
-0.5775
-0.74
-0.711875
-0.606875
-0.464375
-0.369375
-0.17625
0.03
0.305
0.460625
0.455625
0.2325
-0.16375
-0.46375
-0.663125
-0.65125
-0.574375
-0.455
-0.265
-0.14125
0.051875
0.1325
-0.025625
-0.181875
-0.443125
-0.621875
-0.664375
-0.728125
-0.754375
-0.77125
-0.749375
-0.6775
-0.55875
-0.39
-0.2775
-0.17125
-0.1025
-0.19
-0.260625
-0.365
-0.509375
-0.564375
-0.619375
-0.665
-0.61375
-0.583125
-0.56
-0.521875
-0.551875
-0.418125
-0.31125
-0.219375
-0.005
0.05875
0.215625
0.38
0.333125
0.09
-0.23625
-0.5775
-0.74
-0.711875
-0.606875
-0.464375
-0.369375
-0.17625
0.03
0.305
0.460625
0.455625
0.2325
-0.16375
-0.46375
-0.663125
-0.65125
-0.574375
-0.455
-0.265
-0.14125
0.051875
0.1325
-0.025625
-0.181875
-0.443125
-0.621875
-0.664375
-0.728125
-0.754375
-0.77125
-0.749375
-0.6775
-0.55875
-0.39
-0.2775
-0.17125
-0.1025
-0.19
-0.260625
-0.365
-0.509375
-0.564375
-0.619375
-0.665
-0.61375
-0.583125
-0.56
-0.521875
-0.551875
-0.418125
-0.31125
-0.219375
-0.005
0.05875
0.215625
0.38
0.333125
0.09
-0.23625
-0.5775
-0.74
-0.711875
-0.606875
-0.464375
-0.369375
-0.17625
0.03
0.305
0.460625
0.455625
0.2325
-0.16375
-0.46375
-0.663125
-0.65125
-0.574375
-0.455
-0.265
-0.14125
0.051875
0.1325
0.0425
-0.045625
-0.23125
-0.334375
-0.4375
-0.561875
-0.66375
-0.75625
-0.741875
-0.668125
-0.436875
-0.246875
-0.09625
0.01625
-0.109375
-0.218125
-0.34375
-0.509375
-0.46875
-0.428125
-0.378125
-0.23125
-0.29625
-0.36875
-0.42625
-0.551875
-0.418125
-0.31125
-0.219375
-0.005
0.05875
0.31125
0.57625
0.63
0.521875
0.124375
-0.21
-0.47875
-0.533125
-0.43
-0.369375
-0.17625
-0.035625
0.17375
0.24375
0.153125
-0.024375
-0.384375
-0.608125
-0.740625
-0.63375
-0.443125
-0.23
0.05125
0.07875
0.16625
0.11625
-0.106875
-0.238125
-0.474375
-0.566875
-0.57
-0.569375
-0.51625
-0.514375
-0.424375
-0.31375
-0.2375
-0.155625
-0.278125
-0.425
-0.48625
-0.408125
-0.208125
0.111875
0.36375
0.31625
0.196875
-0.045625
-0.27125
-0.231875
-0.0975
-0.09625
-0.0875
-0.3
-0.550625
-0.608125
-0.695625
-0.58125
-0.465
-0.379375
-0.25625
-0.16125
-0.06625
-0.005
0.025625
-0.006875
-0.031875
-0.081875
-0.100625
-0.264375
-0.435625
-0.530625
-0.479375
-0.3
-0.14375
0.0025
-0.209375
-0.419375
-0.590625
-0.64875
-0.47625
-0.111875
0.236875
0.288125
0.40375
0.140625
-0.1375
-0.291875
-0.659375
-0.7775
-0.854375
-0.853125
-0.56
-0.21625
0.251875
0.655625
0.72
0.588125
0.15125
-0.26375
-0.4925
-0.665
-0.52875
-0.37625
-0.265
-0.053125
-0.1575
-0.311875
-0.456875
-0.523125
-0.42
-0.128125
0.1825
0.2925
0.395
0.24
0.0225
-0.230625
-0.329375
-0.341875
-0.10125
0.238125
0.38125
0.54875
0.318125
0.09875
-0.19875
-0.526875
-0.639375
-0.80875
-0.858125
-0.86875
-0.87625
-0.838125
-0.8
-0.76625
-0.644375
-0.5225
-0.41625
-0.3325
-0.453125
-0.539375
-0.4325
-0.329375
-0.14
-6.93889390391e-18
-0.239375
-0.32875
-0.42
-0.48125
-0.315625
-0.405
-0.508125
-0.62625
-0.749375
-0.7525
-0.618125
-0.36375
0.0275
0.41875
0.581875
0.529375
0.165625
-0.190625
-0.39375
-0.36375
-0.1625
0.185625
0.486875
0.44875
0.4875
0.226875
-0.043125
-0.06375
-0.271875
-0.344375
-0.4
-0.545
-0.620625
-0.5325
-0.459375
-0.148125
0.1875
0.206875
0.25625
-0.0925
-0.43
-0.62125
-0.665625
-0.468125
-0.293125
0.075
0.126875
0.13875
0.17875
-0.120625
-0.3075
-0.494375
-0.596875
-0.375625
-0.070625
0.241875
0.32
0.220625
0.071875
-0.091875
-0.001875
-0.025625
-0.0575
-0.081875
-0.315625
-0.4525
-0.53375
-0.6075
-0.609375
-0.603125
-0.499375
-0.445
-0.37375
-0.278125
-0.521875
-0.729375
-0.92
-0.924375
-0.686875
-0.379375
-0.14
-0.273125
-0.43875
-0.733125
-0.981875
-0.884375
-0.8
-0.449375
-0.0875
0.005625
0.20125
0.131875
0.07625
0.22375
0.186875
0.08
-0.03125
-0.24375
-0.414375
-0.299375
-0.100625
0.030625
0.241875
0.148125
-0.1775
-0.493125
-0.8775
-1.075
-1.00625
-0.715
-0.20875
0.270625
0.503125
0.464375
0.1975
-0.084375
-0.119375
0.115625
0.304375
0.6625
0.729375
0.494375
0.31375
-0.091875
-0.291875
-0.37875
-0.31875
-0.294375
-0.359375
-0.3725
-0.56625
-0.543125
-0.44375
-0.385
-0.135
-0.12125
-0.021875
0.231875
0.249375
0.369375
0.215
-0.0925
-0.2975
-0.47125
-0.45625
-0.4025
-0.3125
-0.1325
0.13125
0.363125
0.574375
0.579375
0.31375
-0.06
-0.34
-0.40625
-0.285625
0.069375
0.284375
0.285
0.235625
-0.024375
-0.2175
-0.20625
-0.139375
0.046875
0.16375
0.163125
0.0825
0.073125
0.088125
0.023125
0.131875
0.03625
-0.035
-0.015625
-0.288125
-0.4525
-0.6
-0.678125
-0.4525
-0.15625
0.224375
0.483125
0.498125
0.331875
0.108125
-0.06875
-0.195
-0.168125
-0.386875
-0.586875
-0.699375
-0.73375
-0.560625
-0.42875
-0.21875
-0.228125
-0.191875
-0.10875
-0.1
-0.006875
0.0425
0.088125
-0.10625
-0.165625
-0.24
-0.37125
-0.30625
-0.315625
-0.334375
-0.288125
-0.2075
-0.170625
-0.15125
-0.170625
-0.171875
-0.35
-0.454375
-0.386875
-0.30625
0.084375
0.390625
0.54625
0.529375
0.379375
0.299375
0.121875
0.05125
-0.135625
-0.3325
-0.34
-0.26
-0.105625
0.058125
0.01
-0.219375
-0.35
-0.5125
-0.556875
-0.394375
-0.185625
-0.00125
0.188125
0.163125
-0.119375
-0.389375
-0.56375
-0.65375
-0.5475
-0.3875
-0.315625
-0.226875
-0.2275
-0.100625
-0.104375
-0.08375
0.18625
0.250625
0.4575
0.6
0.33875
-0.011875
-0.386875
-0.70625
-0.685
-0.49125
-0.35625
-0.27125
-0.458125
-0.724375
-0.8975
-1.001875
-0.93125
-0.805
-0.68875
-0.606875
-0.5575
-0.506875
-0.505
-0.48625
-0.48625
-0.56
-0.585
-0.619375
-0.531875
-0.3475
-0.200625
-0.10125
-0.223125
-0.419375
-0.629375
-0.759375
-0.791875
-0.744375
-0.63
-0.461875
-0.316875
-0.155625
-0.09875
-0.269375
-0.225
-0.355625
-0.26375
-0.0175
-0.1325
-0.134375
-0.395625
-0.564375
-0.558125
-0.551875
-0.45375
-0.488125
-0.469375
-0.403125
-0.3275
-0.32375
-0.27625
-0.281875
-0.278125
-0.183125
-0.266875
-0.22875
-0.2
-0.17125
-0.05875
-0.169375
-0.198125
-0.229375
-0.264375
-0.219375
-0.236875
-0.095
0.059375
0.418125
0.639375
0.5075
0.373125
-0.07625
-0.383125
-0.459375
-0.38375
-0.210625
0.075625
0.335
0.44
0.600625
0.469375
0.34
0.166875
-0.014375
-0.0375
-0.079375
-0.195625
-0.319375
-0.446875
-0.555625
-0.54625
-0.42625
-0.333125
-0.28125
-0.221875
-0.39125
-0.49375
-0.541875
-0.50625
-0.3525
-0.23875
-0.195
-0.375625
-0.590625
-0.8225
-1.006875
-0.925
-0.75
-0.580625
-0.405625
-0.496875
-0.705625
-0.871875
-1.049375
-1.059375
-0.99125
-0.801875
-0.405
-0.076875
0.258125
0.404375
0.285625
0.246875
0.28875
0.290625
0.216875
0.204375
0.065625
-0.03125
0.149375
0.1125
0.00375
-0.025
-0.325625
-0.5575
-0.72125
-0.95375
-1.03375
-0.93875
-0.70625
-0.243125
0.223125
0.459375
0.4875
0.174375
-0.16875
-0.29875
-0.19375
0.044375
0.43625
0.55375
0.38375
0.180625
-0.21625
-0.415
-0.4825
-0.391875
-0.3525
-0.3875
-0.3875
-0.57375
-0.54125
-0.44
-0.40375
-0.174375
-0.185
-0.11
0.168125
0.19125
0.31875
0.3525
0.07
-0.078125
-0.195
-0.499375
-0.506875
-0.493125
-0.375
0.018125
0.279375
0.52
0.525625
0.27875
-0.095625
-0.37625
-0.42875
-0.3025
0.0775
0.3175
0.343125
0.313125
0.03375
-0.246875
-0.323125
-0.34375
-0.23875
-0.13125
-0.14125
-0.19125
-0.14375
-0.02625
-0.015625
0.07625
-0.056875
-0.2
-0.181875
-0.385
-0.465
-0.46125
-0.44875
-0.14375
0.224375
0.419375
0.509375
0.38125
0.071875
-0.025625
-0.066875
-0.135
-0.05
-0.29875
-0.559375
-0.6875
-0.756875
-0.63
-0.494375
-0.280625
-0.2475
-0.08125
0.09125
0.189375
0.3525
0.401875
0.428125
0.20875
0.105
-0.119375
-0.34875
-0.32875
-0.344375
-0.275625
-0.141875
0.056875
0.1925
0.305
0.343125
0.165625
-0.17375
-0.40875
-0.558125
-0.63625
-0.586875
-0.62625
-0.77375
-0.866875
-0.773125
-0.535
-0.175625
0.165
0.236875
0.1675
0.016875
-0.14375
-0.1825
-0.29125
-0.36625
-0.42875
-0.499375
-0.520625
-0.575625
-0.636875
-0.648125
-0.583125
-0.50875
-0.325625
-0.225625
-0.06125
0.1275
0.18625
0.381875
0.345625
0.24125
0.08375
-0.26875
-0.44875
-0.5775
-0.65125
-0.63125
-0.695625
-0.626875
-0.42375
-0.26
-0.01125
-0.034375
-0.3325
-0.4775
-0.645625
-0.675
-0.4875
-0.488125
-0.515
-0.53625
-0.5325
-0.513125
-0.393125
-0.236875
-0.25375
-0.153125
-0.235
-0.400625
-0.458125
-0.574375
-0.595625
-0.540625
-0.51
-0.405
-0.21625
-0.054375
0.109375
0.11125
-0.073125
-0.110625
-0.055
0.23875
0.63125
0.715
0.578125
0.13625
-0.206875
-0.403125
-0.424375
-0.17875
0.03125
0.25625
0.439375
0.355625
0.046875
-0.269375
-0.593125
-0.716875
-0.516875
-0.3075
0.07125
0.393125
0.375625
0.339375
-0.013125
-0.3375
-0.444375
-0.549375
-0.5
-0.36625
-0.135
0.10375
0.496875
0.678125
0.721875
0.75
0.47875
0.321875
0.12125
-0.048125
-0.081875
-0.14625
-0.300625
-0.463125
-0.658125
-0.78625
-0.7575
-0.73625
-0.54
-0.39125
-0.288125
-0.185
-0.31375
-0.444375
-0.571875
-0.699375
-0.728125
-0.65625
-0.565
-0.47
-0.375
-0.47
-0.478125
-0.535625
-0.475
-0.308125
-0.280625
-0.18875
-0.325625
-0.5175
-0.536875
-0.59375
-0.5625
-0.43625
-0.5425
-0.635625
-0.68375
-0.786875
-0.68625
-0.54
-0.439375
-0.213125
-0.015
0.16
0.38125
0.528125
0.46125
0.385
0.24375
-0.1375
-0.371875
-0.630625
-0.693125
-0.540625
-0.245625
0.083125
0.299375
0.5125
0.465
0.3875
0.071875
-0.259375
-0.47625
-0.69125
-0.71
-0.72875
-0.756875
-0.77375
-0.745
-0.750625
-0.779375
-0.800625
-0.8675
-0.858125
-0.80875
-0.814375
-0.87125
-0.87875
-0.728125
-0.37
0.178125
0.6825
0.87625
0.908125
0.726875
0.363125
0.210625
-0.04125
-0.2775
-0.405
-0.615625
-0.725
-0.623125
-0.463125
-0.254375
-0.0625
-0.023125
-0.0325
0.0275
0.115625
0.096875
0.119375
0.091875
0.20375
0.46375
0.82125
0.973125
0.796875
0.531875
0.01
-0.39
-0.450625
-0.37
-0.158125
0.099375
0.014375
-0.2975
-0.6475
-1.00875
-1.195
-1.248125
-1.265
-1.074375
-0.8725
-0.611875
-0.28875
-0.230625
-0.14375
-0.14
-0.091875
-0.095
-0.1325
-0.145625
-0.26
-0.098125
0.181875
0.421875
0.54375
0.365
-0.084375
-0.45375
-0.6525
-0.715
-0.579375
-0.365625
-0.29125
-0.25375
-0.28875
-0.535625
-0.644375
-0.719375
-0.7675
-0.780625
-0.861875
-0.931875
-0.93375
-0.7225
-0.374375
0.10125
0.529375
0.64875
0.528125
0.175625
-0.259375
-0.48125
-0.484375
-0.423125
-0.345625
-0.35125
-0.5375
-0.655
-0.675625
-0.711875
-0.65875
-0.521875
-0.453125
-0.18625
0.06
0.08125
0.14375
0.091875
0.20375
0.46375
0.675
0.779375
0.62375
0.381875
0.124375
-0.144375
-0.39625
-0.645
-0.85375
-1.028125
-1.07
-1.05125
-0.9925
-0.9125
-0.9125
-0.75375
-0.65
-0.485625
-0.275625
-0.286875
-0.283125
-0.32875
-0.246875
-0.254375
-0.28125
-0.28375
-0.533125
-0.634375
-0.674375
-0.763125
-0.69875
-0.68375
-0.7525
-0.654375
-0.595625
-0.460625
-0.225
-0.22
-0.279375
-0.380625
-0.46625
-0.334375
-0.07375
0.179375
0.259375
0.095625
-0.19125
-0.371875
-0.348125
-0.128125
0.19625
0.330625
0.415625
0.38
0.2875
0.28625
0.0325
-0.261875
-0.53375
-0.853125
-0.934375
-0.774375
-0.6125
-0.363125
-0.155625
-0.1025
-0.079375
-0.08875
-0.094375
-0.2125
-0.2225
-0.24
-0.265
-0.219375
-0.339375
-0.36125
-0.426875
-0.41625
-0.344375
-0.3775
-0.363125
-0.265
-0.1575
-0.1175
-0.0325
-0.18375
-0.373125
-0.3925
-0.501875
-0.46875
-0.399375
-0.538125
-0.5675
-0.638125
-0.678125
-0.613125
-0.67125
-0.7125
-0.76375
-0.6875
-0.419375
-0.15125
0.26375
0.43875
0.54375
0.64125
0.4225
0.33125
0.039375
-0.245
-0.264375
-0.29125
-0.043125
0.221875
0.218125
0.325
0.149375
-0.0525
-0.04875
-0.289375
-0.394375
-0.4975
-0.695625
-0.5825
-0.450625
-0.149375
0.239375
0.29625
0.326875
-0.00625
-0.379375
-0.62125
-0.684375
-0.520625
-0.28375
0.00875
-0.038125
-0.070625
-0.249375
-0.460625
-0.461875
-0.428125
-0.159375
0.0925
0.319375
0.358125
0.080625
-0.08125
-0.275
-0.315625
-0.224375
-0.323125
-0.380625
-0.501875
-0.585625
-0.486875
-0.421875
-0.366875
-0.366875
-0.59125
-0.83875
-1.0175
-1.10875
-1.0725
-0.990625
-0.9775
-0.920625
-0.719375
-0.4875
-0.2025
-0.141875
-0.35875
-0.49375
-0.63
-0.436875
-0.099375
0.01125
0.2225
0.174375
0.1625
0.36625
0.343125
0.25
0.20625
-0.096875
-0.20375
-0.143125
-0.265
-0.2
-0.355625
-0.58
-0.760625
-1.01
-1.12625
-1.05375
-0.775625
-0.266875
0.27625
0.510625
0.47375
0.095625
-0.316875
-0.4225
-0.27375
0.008125
0.363125
0.4075
0.169375
-0.101875
-0.420625
-0.53375
-0.525625
-0.359375
-0.3175
-0.365
-0.3725
-0.56625
-0.5625
-0.4825
-0.4675
-0.259375
-0.24875
-0.1525
0.146875
0.279375
0.5125
0.53
0.376875
0.1975
-0.00125
0.0175
0.089375
0.239375
0.5425
0.695625
0.7675
0.834375
0.650625
0.336875
-0.056875
-0.356875
-0.385
-0.215
0.189375
0.45375
0.41625
0.323125
0.019375
-0.191875
-0.155
-0.0625
0.125
0.191875
0.14125
-0.008125
-0.0375
-0.016875
-0.07625
0.075625
-0.024375
-0.00125
0.1125
-0.06
-0.09875
-0.318125
-0.423125
-0.28
-0.048125
0.273125
0.3825
0.28625
-0.011875
-0.195625
-0.278125
-0.316875
-0.2025
-0.390625
-0.57875
-0.679375
-0.72125
-0.5825
-0.475625
-0.290625
-0.28625
-0.14875
0.040625
0.155625
0.335625
0.308125
0.255625
-0.036875
-0.21375
-0.32375
-0.46875
-0.330625
-0.228125
-0.135
0.038125
0.09625
0.09125
0.06875
-0.028125
-0.06875
-0.28625
-0.45
-0.560625
-0.63375
-0.409375
-0.189375
0.145625
0.281875
0.191875
0.086875
-0.268125
-0.37625
-0.37125
-0.248125
0.00625
0.065
0.074375
-0.034375
-0.1675
-0.235625
-0.261875
-0.381875
-0.515625
-0.62125
-0.59375
-0.398125
-0.001875
0.53375
0.7975
0.986875
0.889375
0.49625
0.241875
-0.11125
-0.441875
-0.633125
-0.66625
-0.600625
-0.40875
-0.1025
-0.048125
0.111875
0.193125
0.16375
0.365625
0.36375
0.42
0.48
0.339375
0.300625
0.26375
0.129375
-0.02375
-0.22625
-0.47
-0.480625
-0.42125
-0.265
0.045625
0.109375
0.204375
0.23125
-0.028125
-0.230625
-0.476875
-0.544375
-0.425
-0.09125
0.266875
0.285625
0.2775
0.065625
0.015625
0.160625
0.295625
0.45125
0.403125
0.346875
0.248125
0.23375
0.24
0.278125
0.38625
0.269375
0.075
-0.253125
-0.47125
-0.503125
-0.43625
-0.235
-0.32875
-0.47125
-0.589375
-0.75125
-0.713125
-0.665625
-0.659375
-0.53125
-0.296875
-0.0325
0.20125
0.195
0.058125
-0.128125
-0.266875
-0.32
-0.56625
-0.581875
-0.5975
-0.445625
-0.100625
-0.111875
-0.05875
-0.2375
-0.420625
-0.445625
-0.44125
-0.22
-0.01375
0.3
0.41875
0.285625
0.13375
-0.229375
-0.523125
-0.683125
-0.78125
-0.789375
-0.76625
-0.72
-0.7525
-0.591875
-0.31625
0.04875
0.4925
0.715
0.724375
0.50125
0.23125
-0.1475
-0.425625
-0.465625
-0.555
-0.295625
-0.04
-0.01875
0.198125
0.155625
0.276875
0.5125
0.6725
0.895625
0.795
0.65625
0.2925
-0.064375
-0.299375
-0.43
-0.3
-0.2825
-0.185
-0.05625
-0.159375
-0.149375
-0.0175
-0.10125
-0.01
0.0775
-0.15875
-0.275
-0.433125
-0.5075
-0.3675
-0.2225
-0.08
-0.00375
-0.008125
0.0975
0.225
0.176875
0.185
-0.041875
-0.3275
-0.304375
-0.304375
-0.304375
-0.304375
