0.908125
0.908125
0.908125
0.908125
0.8511875
0.7909375
0.85325
0.9406875
1.0441875
1.151875
1.0565625
0.983125
1.006125
1.005
1.115375
1.2069375
1.098875
1.1270625
1.1195625
1.0984375
1.1889375
1.042875
0.9449375
0.8616875
0.766625
0.8324375
0.874125
0.9335625
0.993
1.039
1.085
1.084875
1.08475
1.0268125
0.9570625
0.91475
0.8723125
0.8815625
1.0024375
1.1095625
1.229
1.3265
1.2361875
1.1765
1.09675
1.02625
1.0479375
1.0325
0.9843125
0.8913125
0.8779375
0.8686875
0.9595
1.127375
1.087
1.065
0.9375625
0.7735625
0.75525
0.7355
0.784625
0.8136875
0.840875
0.8630625
0.8675625
0.897375
0.9078125
0.918125
0.88175
0.84025
0.799625
0.7631875
0.76825
0.771375
0.75675
0.73375
0.7471875
0.7795625
0.8526875
0.93
0.965625
0.958
0.9144375
0.8556875
0.771
0.7148125
0.674875
0.6883125
0.7490625
0.847625
0.901375
0.8675625
0.826125
0.7516875
0.7490625
0.810375
0.86975
0.90325
0.8844375
0.860375
0.858
0.853125
0.87275
0.8855625
0.823
0.8109375
0.807875
0.7970625
0.8575
0.8575
0.8575
0.8575
