-0.016875
-0.016875
-0.016875
-0.016875
-0.284375
-0.4625
-0.57
-0.5925
-0.573125
-0.43
-0.31625
-0.2025
-0.1175
-0.278125
-0.384375
-0.484375
-0.560625
-0.52
-0.514375
-0.54375
-0.5875
-0.63125
-0.516875
-0.35125
-0.1925
-0.063125
-0.225
-0.280625
-0.349375
-0.37125
-0.24
-0.3175
-0.34375
-0.375625
-0.398125
-0.369375
-0.388125
-0.41875
-0.478125
-0.52875
-0.553125
-0.569375
-0.55375
-0.518125
-0.47875
-0.455625
-0.495
-0.514375
-0.53125
-0.564375
-0.523125
-0.544375
-0.5875
-0.4525
-0.23
0.10625
0.43375
0.48625
0.339375
0.081875
-0.15375
-0.293125
-0.391875
-0.465625
-0.535
-0.5625
-0.565
-0.528125
-0.49
-0.493125
-0.465
-0.340625
-0.198125
-0.009375
0.138125
0.043125
-0.123125
-0.271875
-0.371875
-0.350625
-0.293125
-0.33625
-0.409375
-0.4825
-0.5375
-0.5125
-0.488125
-0.4775
-0.47875
-0.5225
-0.4325
-0.323125
-0.140625
0.095
0.081875
0.04625
-0.1525
-0.3925
-0.4975
-0.451875
-0.17
0.11875
0.45875
0.55625
0.36125
0.17125
-0.17375
-0.4525
-0.45125
-0.30375
0.0675
0.50375
0.693125
0.606875
0.306875
0.069375
-0.05875
-0.0575
0.06
0.0025
-0.05375
-0.1125
-0.24375
-0.270625
-0.219375
-0.155
-0.054375
0.0425
-0.011875
-0.090625
-0.20625
-0.225
-0.1575
-0.07625
0.03625
0.0425
0.103125
0.169375
0.24125
0.183125
-0.01875
-0.22625
-0.445
-0.45
-0.370625
-0.315625
-0.115625
-0.07375
-0.054375
0.130625
0.138125
0.348125
0.62875
0.659375
0.655
0.389375
0.04125
-0.198125
-0.3775
-0.434375
-0.4875
-0.565625
-0.600625
-0.616875
-0.603125
-0.55
-0.52125
-0.37
-0.20375
-0.06125
0.118125
0.03625
-0.108125
-0.236875
-0.439375
-0.529375
-0.534375
-0.545625
-0.531875
-0.3675
-0.25375
-0.14625
-0.026875
-0.16375
-0.284375
-0.386875
-0.4775
-0.44
-0.430625
-0.31625
-0.21375
0.004375
0.254375
0.24625
0.355
0.209375
0.06
0.059375
-0.191875
-0.29
-0.42125
-0.543125
-0.446875
-0.413125
-0.354375
-0.315
-0.298125
-0.206875
-0.110625
-0.04375
-0.16
-0.31125
-0.458125
-0.54125
-0.523125
-0.49625
-0.47875
-0.37375
-0.16375
0.0775
0.296875
0.250625
0.040625
-0.245625
-0.52
-0.501875
-0.32625
-0.133125
0.1125
0.131875
0.0725
0.03
-0.063125
-0.11875
-0.259375
-0.365625
-0.475625
-0.529375
-0.503125
-0.540625
-0.54625
-0.57375
-0.59625
-0.420625
-0.3075
-0.198125
-0.08875
-0.2725
-0.25
-0.20375
-0.14625
0.1575
0.13875
0.105625
0.10375
-0.16125
-0.116875
0.048125
0.104375
0.306875
0.225625
0.031875
-0.078125
-0.170625
-0.13
-0.095
-0.065625
-0.05875
-0.056875
-0.17625
-0.3075
-0.4225
-0.545
-0.429375
-0.184375
0.063125
0.425625
0.5375
0.385
0.17625
-0.22
-0.495
-0.55625
-0.54625
-0.439375
-0.16125
-0.0375
0.0575
0.14875
-0.050625
-0.20625
-0.385625
-0.5775
-0.6375
-0.643125
-0.46625
-0.300625
-0.138125
0.001875
-0.158125
-0.32
-0.4975
-0.54625
-0.43375
-0.28625
-0.10125
-0.18625
-0.301875
-0.42875
-0.451875
-0.33875
-0.218125
-0.100625
-0.2225
-0.31
-0.423125
-0.4075
-0.2775
-0.20625
0.0575
0.06
0.061875
0.251875
0.114375
0.094375
0.09125
-0.2
-0.16375
-0.138125
-0.16875
0.059375
0.0675
0.1325
0.24
0.071875
-0.13
-0.36625
-0.56
-0.55375
-0.475
-0.425625
-0.429375
-0.553125
-0.636875
-0.58875
-0.5275
-0.2975
-0.095
-0.068125
-0.073125
-0.124375
-0.183125
-0.16875
-0.10125
-0.23125
-0.24625
-0.19375
-0.161875
0.023125
0.161875
0.17375
0.150625
0.12375
0.0325
-0.019375
0.003125
0.0825
0.043125
0.10875
0.099375
-0.065
0.004375
-0.11375
-0.204375
-0.2175
-0.44125
-0.535625
-0.595625
-0.576875
-0.335
-0.12
0.05375
0.124375
-0.053125
-0.09875
-0.1125
-0.091875
0.190625
0.1875
0.144375
0.11
-0.203125
-0.3625
-0.49
-0.639375
-0.630625
-0.603125
-0.593125
-0.56125
-0.53
-0.50375
-0.393125
-0.16625
0.04875
0.315
0.429375
0.29875
0.15625
-0.056875
-0.22625
-0.2675
-0.290625
-0.4
-0.48
-0.4925
-0.5175
-0.305
-0.06875
0.025
0.125
-0.03375
-0.213125
-0.1975
-0.054375
0.201875
0.4575
0.44625
0.22875
-0.02625
-0.275625
-0.371875
-0.460625
-0.506875
-0.571875
-0.660625
-0.673125
-0.66625
-0.573125
-0.326875
0.073125
0.521875
0.95125
1.11
0.980625
0.693125
0.214375
-0.135
-0.389375
-0.58125
-0.6325
-0.689375
-0.706875
-0.6675
-0.639375
-0.629375
-0.600625
-0.611875
-0.62375
-0.574375
-0.41375
-0.238125
0.076875
0.419375
0.491875
0.521875
0.2975
-0.089375
-0.37
-0.605
-0.724375
-0.721875
-0.526875
-0.3275
-0.14125
0.00875
-0.12625
-0.3025
-0.435625
-0.415625
-0.2825
-0.096875
0.0525
-0.098125
-0.2525
-0.309375
-0.22125
0.128125
0.618125
0.84125
0.818125
0.6275
0.228125
-0.0425
-0.140625
-0.181875
-0.191875
-0.176875
-0.29125
-0.426875
-0.380625
-0.219375
0.14375
0.56
0.71625
0.62375
0.258125
-0.128125
-0.39375
-0.5325
-0.52375
-0.4425
-0.355
-0.15625
0.03625
0.074375
0.11875
-0.073125
-0.265
-0.378125
-0.4975
-0.500625
-0.51
-0.519375
-0.525625
-0.523125
-0.508125
-0.493125
-0.490625
-0.49375
-0.4975
-0.5075
-0.513125
-0.530625
-0.559375
-0.599375
-0.623125
-0.635
-0.64125
-0.479375
-0.323125
-0.166875
-0.010625
-0.131875
-0.270625
-0.27625
-0.146875
0.085625
0.341875
0.351875
0.095
-0.120625
-0.350625
-0.34625
-0.078125
0.181875
0.57625
0.728125
0.61875
0.5025
0.125
-0.0225
-0.0525
-0.048125
0.06125
0.074375
0.11125
0.19125
0.3175
0.2675
0.335
0.18125
-0.01625
0.11375
0.100625
0.37
0.65625
0.770625
0.75375
0.466875
0.2025
-0.1775
-0.25375
-0.22375
-0.199375
-0.078125
-0.2475
-0.376875
-0.51
-0.4575
-0.2625
-0.1025
0.158125
0.128125
0.07375
0.06875
-0.164375
-0.265625
-0.376875
-0.523125
-0.418125
-0.18125
0.074375
0.33625
0.325
0.125625
0.0825
0.046875
0.20125
0.326875
0.305625
0.26
0.12625
0.06
-0.14875
-0.334375
-0.405
-0.391875
-0.186875
0.120625
0.279375
0.329375
0.28875
0.018125
-0.06375
-0.131875
-0.03375
0.150625
0.10125
0.1125
-0.151875
-0.366875
-0.46375
-0.595625
-0.58125
-0.601875
-0.6225
-0.62625
-0.625
-0.59625
-0.576875
-0.60375
-0.5225
-0.305625
-0.091875
0.24625
0.3675
0.21
0.12625
-0.1225
-0.1975
-0.119375
-0.16875
-0.145
-0.129375
-0.144375
-0.093125
-0.048125
-0.065
-0.07125
-0.06
0.09875
0.125625
0.2225
0.296875
0.08875
0.015
-0.12875
-0.2625
-0.20625
-0.155
-0.188125
-0.093125
0.031875
0.159375
0.385625
0.328125
0.064375
-0.21375
-0.515625
-0.661875
-0.5475
-0.365
-0.16375
0.1725
0.375625
0.45375
0.641875
0.55
0.345
0.3625
0.216875
0.22375
0.30625
0.1575
-0.0325
-0.235
-0.249375
-0.105
0.119375
0.355625
0.303125
0.173125
0.101875
0.01625
0.083125
-0.0025
-0.195625
-0.38625
-0.605625
-0.63125
-0.469375
-0.231875
0.03125
0.238125
0.32375
0.39
0.43875
0.495
0.409375
0.1325
-0.005
-0.14125
-0.165
0.0675
0.01625
-0.03
-0.059375
-0.328125
-0.30125
-0.2575
-0.2025
0.09
0.189375
0.26
0.319375
0.14
-0.070625
-0.269375
-0.491875
-0.604375
-0.6375
-0.683125
-0.678125
-0.654375
-0.4975
-0.320625
-0.170625
-0.03
-0.14625
-0.255625
-0.24125
-0.24125
-0.144375
-0.144375
-0.144375
-0.144375
