156.70625
156.70625
156.70625
156.70625
159.9
169.2
165.00625
166.01875
160.825
149.38125
142.1125
127.85
120.91875
121.93125
125.28125
137.43125
148.075
153.675
159.53125
161.00625
161.05625
156.93125
156.95
152.53125
143.1375
136.3375
120.7375
113.00625
113.4625
121.8875
134.45625
139.86875
139.475
126.5
116.84375
114.6
114.75625
126.325
133.6375
138.53125
146.74375
146.8375
150.9125
148.70625
143.375
141.3625
134.24375
136.79375
140.76875
144.825
151.925
152.7375
148.76875
145.25
139.63125
130.91875
125.5625
122.8375
121.66875
128.9125
139.55625
145.08125
153.2125
155.83125
146.94375
137.03125
119.93125
113.23125
121.275
131.925
151.375
158.23125
155.51875
155.625
148.3625
144.90625
142.31875
139.1875
137.3375
131.025
131.43125
125.19375
119.0
122.11875
120.58125
126.05
141.225
148.95625
152.2875
151.9
139.09375
132.2
132.61875
134.3
141.3375
141.94375
145.31875
150.30625
155.90625
169.5875
167.09375
160.18125
150.04375
133.34375
132.4875
135.7375
140.6
147.56875
147.35
142.91875
137.7625
130.35625
122.91875
124.55625
127.75
129.8125
133.74375
129.75
120.1125
113.5375
105.31875
100.66875
102.73125
106.48125
118.5125
124.14375
129.68125
131.84375
126.7
126.15
124.79375
126.99375
130.3875
131.9125
130.81875
130.6625
125.3875
121.98125
121.0875
116.41875
116.0875
120.60625
123.7625
126.05
126.95
121.2125
112.43125
108.275
112.08125
114.6125
122.55625
121.4125
112.98125
109.05625
104.6625
111.275
119.825
128.55
134.15625
130.35
119.25625
106.54375
98.6875
101.8375
117.8
130.95625
139.4625
140.075
131.40625
129.9625
134.73125
142.35625
150.9625
156.89375
156.66875
155.70625
162.7125
166.55
171.475
175.875
172.35
166.94375
161.875
154.29375
148.8125
144.95
141.425
138.33125
134.75625
131.225
126.06875
129.15625
132.19375
138.775
147.59375
148.50625
145.2125
144.75625
145.15625
149.04375
163.5375
170.6375
175.93125
177.71875
166.8375
158.3375
146.54375
136.5125
135.00625
131.7125
131.60625
127.1
121.6375
124.7
125.0625
131.4375
133.79375
126.39375
123.4125
121.8
121.2
125.05
125.675
118.46875
116.49375
115.45625
120.43125
130.25625
135.0625
131.35625
125.05625
118.75625
117.20625
122.33125
125.60625
133.5375
138.5125
146.68125
150.1625
147.5
150.4125
146.16875
149.625
157.81875
151.7375
153.6875
148.26875
137.8375
135.74375
129.99375
133.38125
133.875
138.33125
138.8125
132.73125
129.6625
123.8375
124.2875
123.65
127.9875
129.78125
127.0125
128.9625
132.35625
139.275
147.7875
154.49375
148.31875
140.2125
130.73125
121.05625
124.19375
124.20625
128.9
133.60625
132.88125
131.76875
127.03125
127.20625
127.83125
133.86875
135.80625
131.25
128.075
126.45
133.8375
138.33125
143.54375
146.25625
144.51875
149.5
147.6625
146.68125
145.2375
144.6625
151.14375
158.20625
159.26875
154.275
148.21875
132.79375
125.33125
119.125
111.19375
108.63125
104.68125
109.0625
116.4875
127.1375
138.9625
136.21875
126.5
113.55625
97.49375
96.03125
103.88125
117.7625
138.18125
147.25625
150.1875
147.19375
139.49375
136.64375
136.76875
135.23125
133.40625
129.9375
129.175
136.575
141.33125
154.36875
154.3625
153.21875
157.45625
156.48125
166.04375
169.3625
170.28125
172.20625
173.81875
171.6125
168.06875
154.93125
139.41875
134.85
129.40625
133.14375
140.475
142.73125
149.975
149.85
144.5375
136.775
130.2375
130.69375
133.55
139.3875
137.175
136.38125
138.56875
141.66875
148.625
149.45625
141.2
133.325
122.325
119.2375
126.43125
129.16875
137.8375
138.49375
132.83125
134.9125
132.68125
138.3875
150.75625
155.05625
157.69375
155.55625
145.025
132.975
127.8
120.8375
122.34375
130.30625
133.19375
139.65625
142.05625
142.8125
147.45
145.525
138.525
133.2125
127.225
130.7875
138.83125
146.66875
148.31875
147.58125
151.95
150.025
156.53125
156.79375
149.225
153.10625
149.55
143.2125
142.64375
132.50625
124.725
129.88125
130.7625
137.50625
149.65
153.175
157.35625
160.3
150.7375
139.5125
127.0375
110.8375
104.64375
108.73125
113.0
118.96875
124.84375
126.225
129.50625
128.79375
126.08125
113.45625
103.91875
105.125
109.3125
126.3125
143.63125
148.1125
145.15
134.41875
117.76875
113.95625
119.45625
134.4375
154.5875
165.06875
164.59375
149.6375
130.7375
120.76875
117.1
127.79375
139.13125
135.9375
134.3875
123.325
109.84375
105.2125
97.29375
89.5
88.475
85.80625
90.75
100.425
107.5375
122.6125
130.45625
139.825
143.2
144.43125
145.925
146.075
146.075
146.075
146.075
