-0.758125
-0.758125
-0.758125
-0.758125
-0.523125
0.01125
-0.608125
-1.445625
-2.160625
-3.034375
-3.061875
-3.68125
-4.22625
-5.609375
-6.313125
-6.18375
-6.593125
-5.856875
-6.003125
-5.92375
-5.156875
-4.6975
-4.354375
-4.3325
-4.131875
-4.61875
-4.133125
-4.324375
-4.589375
-4.24125
-5.35625
-6.133125
-7.1175
-7.563125
-6.770625
-5.226875
-3.966875
-3.78625
-3.685625
-4.181875
-4.440625
-4.06
-4.305625
-4.1775
-4.2175
-4.35625
-4.715
-5.525625
-6.53875
-7.11
-6.8125
-7.146875
-6.571875
-6.20125
-6.033125
-4.991875
-4.93125
-5.7875
-6.9225
-8.1025
-8.439375
-7.765625
-6.870625
-5.563125
-4.345
-3.04
-1.77125
-0.80375
-0.111875
-0.25625
-0.939375
-2.413125
-3.84875
-4.755625
-4.91875
-3.6825
-3.071875
-2.571875
-1.969375
-2.9625
-3.404375
-3.90875
-4.875
-4.965625
-4.9975
-5.443125
-6.53875
-7.35875
-7.889375
-7.846875
-6.344375
-5.54875
-5.72875
-5.95375
-7.1
-7.1875
-6.425625
-5.325625
-3.796875
-3.354375
-3.504375
-4.434375
-5.601875
-6.635
-6.618125
-5.680625
-5.15
-4.346875
-4.75375
-6.00125
-6.48125
-6.96125
-6.910625
-6.42125
-6.2925
-5.7625
-4.605
-3.9175
-3.531875
-3.269375
-4.25375
-4.905
-5.525625
-6.661875
-6.65625
-6.421875
-5.534375
-4.409375
-3.6825
-3.175
-3.2175
-3.26
-3.426875
-3.816875
-3.870625
-4.0925
-5.12
-5.64625
-6.2
-6.528125
-6.050625
-6.131875
-6.884375
-7.58375
-8.283125
-8.85375
-8.50375
-8.805
-8.565625
-8.025
-8.31625
-7.52625
-7.815625
-8.035
-7.133125
-6.534375
-4.858125
-2.995625
-2.090625
-1.58625
-1.66125
-2.42125
-3.40125
-4.333125
-5.109375
-5.629375
-5.494375
-5.7425
-6.561875
-7.8375
-8.99875
-9.565
-9.683125
-9.323125
-9.664375
-10.199375
-10.145
-9.718125
-7.93125
-5.126875
-3.536875
-2.319375
-2.589375
-4.161875
-5.049375
-6.15875
-6.35125
-6.161875
-6.024375
-5.443125
-5.580625
-6.16
-6.79125
-7.858125
-8.508125
-8.71625
-8.8725
-8.875
-9.26625
-9.6575
-9.98875
-9.626875
-8.87375
-7.719375
-6.625
-6.736875
-6.1375
-6.340625
-6.54375
-5.526875
-6.0525
-5.845625
-5.63875
-6.785625
-7.22125
-7.68625
-8.21125
-7.28
-6.28875
-6.1725
-5.48
-6.28625
-6.650625
-5.919375
-6.160625
-5.5925
-5.22875
-5.290625
-4.95625
-4.468125
-4.836875
-5.54
-6.183125
-7.31375
-7.885
-8.660625
-8.994375
-9.054375
-9.054375
-8.21125
-8.350625
-8.58875
-8.19375
-8.2
-7.125
-5.145625
-4.53125
-3.61125
-3.1575
-4.15625
-3.575
-3.373125
-2.938125
-1.166875
-0.661875
-0.336875
-0.76375
-2.298125
-3.414375
-4.325
-4.5375
-4.080625
-3.903125
-3.73625
-3.776875
-4.209375
-4.035
-3.491875
-3.158125
-3.07375
-3.63625
-4.711875
-5.809375
-5.745
-4.5975
-2.919375
-1.48625
-1.58875
-2.571875
-4.589375
-5.365
-4.80375
-4.50125
-3.431875
-3.180625
-4.08375
-4.54125
-4.485625
-4.42375
-3.780625
-2.895625
-2.58375
-2.5775
-2.623125
-3.641875
-4.614375
-5.28125
-5.216875
-4.141875
-3.740625
-3.03375
-2.93625
-2.95625
-1.569375
-0.445625
0.13125
-0.156875
-2.00375
-4.24125
-6.2225
-7.239375
-6.705
-5.510625
-3.81625
-2.268125
-2.315625
-2.94625
-3.508125
-4.4975
-4.22125
-3.73625
-3.69625
-3.415
-3.9575
-4.765
-5.726875
-6.580625
-6.363125
-5.818125
-4.72
-3.284375
-2.77125
-2.25
-2.2625
-3.483125
-4.545
-5.233125
-5.4575
-4.978125
-4.0425
-3.48875
-3.74
-3.1075
-2.9675
-3.209375
-2.114375
-2.76375
-3.684375
-3.951875
-5.09375
-5.316875
-5.429375
-5.765
-6.65125
-7.436875
-7.61
-8.210625
-8.141875
-8.270625
-8.869375
-9.036875
-8.830625
-8.426875
-8.166875
-7.3775
-7.510625
-7.41125
-7.039375
-7.83
-7.70875
-7.616875
-7.525
-6.190625
-5.44
-5.564375
-5.68875
-6.67125
-6.91875
-6.653125
-5.754375
-4.468125
-3.65375
-2.878125
-3.0375
-3.693125
-4.590625
-5.3875
-5.534375
-5.375625
-5.088125
-4.8025
-5.213125
-5.391875
-5.305
-5.218125
-4.40125
-3.73625
-3.805
-3.503125
-4.393125
-5.2525
-5.231875
-5.2225
-3.975
-3.75875
-3.85125
-4.256875
-4.98
-4.00625
-3.073125
-2.81375
-2.834375
-4.4075
-6.370625
-7.31625
-7.685625
-6.780625
-5.634375
-4.640625
-4.1
-4.185
-3.750625
-3.52
-3.973125
-4.130625
-4.299375
-4.81375
-3.67
-2.62
-2.16125
-1.460625
-2.003125
-2.735
-3.194375
-3.473125
-3.32
-2.870625
-3.000625
-3.683125
-5.2125
-7.445625
-8.460625
-8.76
-7.519375
-5.136875
-3.7425
-2.9925
-3.183125
-4.620625
-5.691875
-6.24375
-6.41625
-5.430625
-4.200625
-3.119375
-2.601875
-2.79625
-3.343125
-3.89
-4.365625
-4.78875
-5.301875
-5.350625
-5.37625
-5.271875
-4.88625
-5.101875
-4.325
-3.92
-3.55875
-3.16625
-3.69
-3.843125
-3.94875
-3.94875
-3.94875
-3.94875
