0.8671875
0.8671875
0.8671875
0.8671875
0.821875
0.79925
0.7645625
0.7815
0.7575
0.7566875
0.7923125
0.7975625
0.8205625
0.8014375
0.766625
0.7490625
0.83
0.9325625
1.0273125
1.199875
1.207125
1.2181875
1.2438125
1.0545
0.9095
0.7930625
0.69375
0.7323125
0.8051875
0.8133125
0.783125
0.7395
0.658125
0.609125
0.6024375
0.5984375
0.646875
0.738625
0.7775625
0.817
0.827375
0.7484375
0.7449375
0.778375
0.8223125
0.9234375
0.9491875
0.923875
0.9391875
0.9593125
1.017125
1.0496875
1.0389375
1.0200625
0.9634375
0.9553125
0.903875
0.9205
1.001625
1.0704375
1.1664375
1.1865
1.1319375
1.0650625
1.026625
0.9881875
1.00275
1.0173125
1.0411875
0.9745625
0.8999375
0.9620625
0.9809375
1.0686875
1.1710625
1.0769375
1.0445
1.062
1.0474375
1.064875
1.0261875
0.9431875
0.8508125
0.7861875
0.76075
0.740125
0.770875
0.8663125
0.892625
0.950625
0.9845625
0.9501875
1.00075
1.0331875
1.0184375
1.019625
0.9418125
0.8776875
0.88675
0.8716875
0.93675
1.0578125
1.1458125
1.266875
1.3078125
1.2766875
1.20325
1.12425
1.1094375
1.006625
0.9766875
0.943375
0.8858125
1.00425
1.0878125
1.171375
1.2550625
1.16025
1.05275
0.962125
0.894625
0.9360625
1.011625
1.0534375
1.049
0.995
0.90675
0.851375
0.90725
0.9853125
1.0735
1.1185
0.9670625
0.9366875
0.9373125
1.0040625
1.215375
1.2264375
1.1933125
1.1000625
0.9596875
0.8845625
0.838125
0.79175
0.75625
0.761375
0.7495
0.7745
0.8824375
0.977875
1.1063125
1.2338125
1.2063125
1.137125
1.03925
0.92225
0.83725
0.8371875
0.8643125
0.8806875
0.9494375
0.957625
0.9198125
0.885875
0.9394375
0.98475
1.0530625
1.147125
1.141375
1.15325
1.165
1.151
1.049
0.9674375
0.8743125
0.903375
1.000125
1.1003125
1.2121875
1.12925
1.099
1.119625
1.1414375
1.330875
1.4879375
1.5729375
1.6309375
1.517
1.479
1.33
1.2553125
1.266375
1.1255625
1.1238125
1.0385
0.9339375
0.866875
0.7665625
0.7241875
0.7034375
0.7323125
0.7715625
0.7828125
0.8129375
0.85125
0.864125
0.8755625
0.873375
0.842375
0.851
0.8576875
0.882125
0.92125
0.925
0.93725
0.9076875
0.895875
0.9000625
0.9245625
0.967875
0.9881875
1.0433125
1.078125
1.1035
1.0795
1.001875
0.9293125
0.875625
0.8746875
0.88825
0.895875
0.88975
0.886125
0.891125
0.8875625
0.8654375
0.84275
0.79975
0.7484375
0.716625
0.676125
0.6634375
0.6763125
0.7188125
0.7680625
0.805375
0.8394375
0.8524375
0.84975
0.859375
0.838625
0.8118125
0.837375
0.85075
0.926375
1.002875
1.0115625
0.9851875
0.899375
0.7890625
0.7076875
0.6885625
0.70025
0.7203125
0.76575
0.8028125
0.8354375
0.918125
0.9558125
0.967625
0.982625
0.9490625
0.9311875
0.920375
0.8879375
0.8993125
0.922875
0.9305
0.9965
0.9848125
0.9365
0.9083125
0.82975
0.812
0.8180625
0.90375
1.0685625
1.2280625
1.4055
1.411
1.2794375
1.181
1.084875
1.165
1.2753125
1.4105
1.52375
1.455625
1.4223125
1.23075
1.044125
0.938875
0.8453125
0.826125
0.7900625
0.7711875
0.7355
0.75875
0.7958125
0.813
0.8635625
0.946125
1.01575
1.1033125
1.1278125
0.96925
0.846125
0.7468125
0.6576875
0.6784375
0.697
0.6841875
0.748375
0.826
0.8746875
0.9275625
0.912125
0.900375
0.90975
0.9350625
0.9521875
0.9650625
0.994125
1.0143125
1.0948125
1.1526875
1.1620625
1.1295625
1.1368125
1.237875
1.377875
1.5804375
1.6138125
1.4883125
1.335125
1.13825
1.03975
1.028125
1.1120625
1.200125
1.29525
1.3564375
1.2688125
1.2046875
1.128375
1.038625
0.9899375
0.94175
0.8856875
0.8873125
0.8908125
0.882125
0.86
0.843875
0.8958125
0.9185625
0.97975
1.0058125
0.962875
0.9783125
0.976625
0.9583125
0.9265625
0.858625
0.80275
0.795875
0.8500625
0.91825
0.974375
1.013875
1.004125
0.9523125
0.8884375
0.7681875
0.6725625
0.635
0.60425
0.6583125
0.7246875
0.752875
0.7890625
0.7719375
0.7708125
0.812125
0.86525
0.9755
1.0653125
1.12
1.15225
1.10425
1.0405
0.9751875
0.925625
0.9375
0.94125
0.9366875
0.897
0.8318125
0.7995
0.8079375
0.9468125
1.089875
1.1991875
1.2855
1.1965625
1.0835
0.9839375
0.8964375
0.86925
0.8850625
0.9194375
1.0176875
1.0870625
1.1426875
1.183125
1.0595
1.1009375
1.1494375
1.21
1.3588125
1.2710625
1.1419375
0.992875
0.8666875
0.852625
0.88475
0.90025
0.869625
0.8621875
0.83775
0.8463125
0.872875
0.88925
0.9178125
0.9255625
0.9206875
0.8855
0.8208125
0.7925625
0.8050625
0.840125
0.9028125
0.9295625
0.9333125
0.9318125
1.0029375
1.0975625
1.19125
1.2848125
1.1833125
1.0744375
1.0554375
1.04875
1.1783125
1.299375
1.23825
1.175875
1.06525
0.963
0.9634375
0.8935
0.8488125
0.7593125
0.6509375
0.6331875
0.6255
0.67775
0.7275625
0.7505
0.7510625
0.737625
0.76525
0.765375
0.787875
0.8289375
0.8446875
0.897125
0.9330625
0.9560625
0.9440625
0.908875
0.984125
1.01025
1.0563125
1.11525
0.9810625
0.9123125
0.904125
0.88575
0.929
0.921125
0.8568125
0.8033125
0.8000625
0.808375
0.8053125
0.81625
0.8938125
0.9848125
1.11975
1.2029375
1.0905
0.9635
0.7921875
0.66825
0.6664375
0.7026875
0.74175
0.8024375
0.84625
0.8620625
0.9286875
0.9310625
0.9091875
0.8940625
0.815875
0.77875
0.787375
0.820375
0.86975
0.9006875
0.90725
0.84375
0.83225
0.836625
0.937
1.1008125
1.2015
1.383375
1.407
1.4268125
1.446625
1.276125
1.12125
0.9490625
0.80575
0.737625
0.734625
0.70775
0.6556875
0.6405625
0.6031875
0.5896875
0.6549375
0.7361875
0.9290625
1.107375
1.203125
1.24925
1.0658125
0.93925
0.8129375
0.741
0.8298125
0.8451875
0.89125
0.8830625
0.8386875
0.8405
0.8255625
0.82525
0.8478125
0.843625
0.8766875
0.9401875
0.961875
0.970625
0.9104375
0.8036875
0.6874375
0.6204375
0.62525
0.751375
0.9246875
1.0621875
1.156625
1.04925
0.9441875
0.885375
0.84375
0.9205
0.983125
0.9868125
0.986375
0.9828125
0.937375
0.9158125
0.91575
0.87125
0.8615625
0.8636875
0.81925
0.8275
0.8245625
0.7895
0.773
0.7591875
0.743125
0.771875
0.8124375
0.796375
0.8038125
0.746125
0.6873125
0.655625
0.6250625
0.635125
0.6220625
0.6085
0.5936875
0.620375
0.7758125
0.985375
1.1944375
1.4449375
1.5844375
1.642
1.6495
1.449625
1.1499375
0.8816875
0.7025625
0.6725
0.7369375
0.8199375
0.8583125
0.86675
0.892375
0.891
0.833375
0.76175
0.67825
0.618375
0.6420625
0.7335625
0.8303125
0.898125
0.94
1.0093125
1.073375
1.1486875
1.194625
1.0648125
0.9391875
0.830625
0.7473125
0.7798125
0.7675
0.7558125
0.741875
0.6874375
0.6929375
0.6714375
0.6488125
0.653875
0.6515
0.6676875
0.7245625
0.818375
0.90975
1.01375
1.0308125
0.98475
0.9079375
0.8084375
0.7786875
0.784
0.803625
0.8324375
0.871125
0.889875
1.02775
1.1266875
1.1784375
1.228625
1.0615625
1.055375
1.0289375
1.0146875
1.102375
0.9935625
0.9616875
1.0175625
1.0916875
1.1978125
1.2473125
1.1181875
0.952875
0.84925
0.7733125
0.808625
0.8673125
0.8950625
0.99925
1.0455
1.1018125
1.1674375
1.0205
0.908375
0.7593125
0.606875
0.5981875
0.600375
0.6626875
0.7171875
0.76425
0.798875
0.787125
0.801125
0.80325
0.825375
0.8700625
0.887875
0.923
0.9358125
0.953
1.094625
1.183875
1.277
1.426125
1.3910625
1.4370625
1.46575
1.311375
1.2173125
1.0584375
0.9103125
0.85975
0.81675
0.788375
0.7665625
0.7775
0.7561875
0.7390625
0.7388125
0.736375
0.795
0.8365
0.84425
0.8469375
0.848875
0.9730625
1.138
1.3018125
1.433875
1.377
1.28325
1.1554375
1.0141875
0.951625
0.8911875
0.877
0.9133125
0.943875
0.991875
0.969625
0.883125
0.7951875
0.6888125
0.6484375
0.63975
0.6665625
0.72225
0.7379375
0.75925
0.738
0.6989375
0.707375
0.7146875
0.76075
0.7914375
0.7948125
0.804875
0.772375
0.7560625
0.7264375
0.720125
0.7653125
0.8124375
0.866
0.846125
0.793625
0.754375
0.745
0.7813125
0.81025
0.8230625
0.7783125
0.769125
0.8064375
0.8285
0.896125
0.9130625
0.8951875
0.9265625
0.9624375
0.9940625
1.006875
0.96975
0.906875
0.8488125
0.8095625
0.7923125
0.7974375
0.836625
0.8351875
0.8474375
0.872375
0.87875
0.9621875
1.0038125
1.0215625
1.0538125
1.0546875
1.08275
1.088125
1.0464375
1.0066875
0.970625
0.9799375
1.02275
1.029375
1.032
0.99975
0.9504375
0.9525
0.908375
0.8764375
0.8563125
0.8036875
0.84275
0.870125
0.872875
0.8911875
0.837125
0.8225
0.8459375
0.8800625
0.9200625
0.916375
0.9343125
0.9085625
0.8929375
0.869125
0.81025
0.77575
0.7520625
0.771375
0.773375
0.773625
0.7785625
0.7819375
0.7960625
0.8185
0.8484375
0.831875
0.8106875
0.791625
0.752375
0.7593125
0.8125
0.9601875
1.09175
1.1823125
1.2054375
1.0355
0.86975
0.7403125
0.6865625
0.8193125
1.0166875
1.218625
1.354125
1.2931875
1.1716875
1.02825
0.871625
0.80925
0.763125
0.734125
0.76075
0.80525
0.8404375
0.8311875
0.8045625
0.800125
0.7965
0.84975
0.916125
1.0234375
1.152375
1.229625
1.2866875
1.1665625
1.022125
0.9160625
0.8085625
0.835375
0.8523125
0.869875
0.9056875
0.98825
1.1875
1.3508125
1.5905625
1.6545625
1.5466875
1.47525
1.23975
1.11575
1.04775
0.9913125
0.9623125
0.897625
0.8288125
0.71225
0.6856875
0.73025
0.7923125
0.8899375
0.930375
0.916625
0.9055625
0.8828125
0.88625
0.885
0.92975
0.9594375
0.9778125
0.9834375
0.9430625
0.8965
0.85075
0.8234375
0.7366875
0.6958125
0.743875
0.8091875
0.970375
1.1035625
1.064
1.0043125
0.8910625
0.77925
0.7418125
0.7374375
0.747
0.7585
0.7605625
0.7385
0.7629375
0.8165625
0.8890625
0.96575
0.9803125
0.9695625
0.988
0.98625
0.999125
0.9750625
0.9015625
0.8718125
0.84625
0.870875
0.8945
0.878625
0.8509375
0.806
0.818625
0.9268125
1.0585
1.170125
1.3335625
1.3199375
1.29475
1.3100625
1.12625
1.056875
0.98725
0.9203125
0.9915625
1.03075
1.0701875
1.0484375
0.9951875
0.94775
0.8830625
0.8876875
0.9009375
0.902125
0.901125
0.8478125
0.7741875
0.7176875
0.7399375
0.7768125
0.7768125
0.7768125
0.7768125
