-3.005
-3.005
-3.005
-3.005
-3.13375
-3.125
-3.05125
-2.9775
-2.92375
-2.7925
-2.66125
-2.360625
-2.056875
-1.80625
-1.30875
-1.07625
-0.81375
-0.575625
-0.56
-0.338125
-0.30875
-0.241875
-0.199375
-0.378125
-0.4475
-0.554375
-0.685625
-0.50875
-0.339375
-0.118125
0.260625
0.53125
1.02875
1.4225
1.4725
1.34375
0.874375
0.395
0.3175
0.265
0.05875
-0.06125
-0.3725
-0.465625
-0.2875
-0.405
-0.555
-1.154375
-1.425625
-1.24125
-1.3525
-1.0675
-1.078125
-1.195
-0.72125
-0.344375
-0.051875
0.146875
-0.179375
-0.318125
-0.4425
-0.47
0.125625
0.234375
0.109375
-0.178125
-0.94
-1.2
-0.941875
-0.52125
-0.068125
0.235625
0.2525
0.025625
0.075
0.1
0.229375
0.6025
0.589375
0.43
0.181875
-0.123125
-0.40625
-0.638125
-0.78375
-1.15125
-1.086875
-0.78375
-0.7775
-0.286875
-0.074375
-0.325
-0.286875
-0.589375
-1.049375
-0.935625
-0.79625
-0.740625
-0.2575
-0.413125
-0.689375
-0.750625
-1.123125
-1.0875
-0.969375
-0.86875
-0.621875
-0.135625
0.463125
0.864375
0.985
0.458125
-0.33625
-1.08875
-1.510625
-1.200625
-0.95875
-0.35625
-0.193125
-0.67125
-0.69375
-1.150625
-1.009375
-0.660625
-0.7175
-0.41375
-0.715
-0.6475
-0.59
-0.915
-0.5725
-0.573125
-0.33125
-0.0025
-0.32125
-0.89875
-1.381875
-1.465
-1.169375
-0.3
0.198125
0.3025
0.39625
-0.14875
-0.363125
-0.535
-0.865625
-0.4925
-0.34125
0.019375
0.4575
0.256875
0.099375
-0.325625
-0.855
-0.810625
-0.6
-0.25125
0.516875
0.884375
0.886875
0.72125
0.22125
-0.205
-0.326875
-0.266875
-0.1875
-0.028125
0.13125
0.33375
0.175625
-0.195625
-0.5875
-0.99875
-0.88
-0.4775
-0.34
-0.38875
-0.4675
-0.675625
-0.503125
-0.0625
-0.005
0.1125
0.05375
-0.205625
-0.039375
0.206875
0.40125
0.741875
0.925
0.824375
0.8275
0.55
0.248125
0.19
-0.215625
-0.328125
-0.505
-0.840625
-0.63875
-0.53875
-0.220625
0.175
0.32875
0.380625
0.165
-0.0925
-0.29625
-0.22875
-0.125
0.273125
0.50375
0.3
0.131875
-0.60375
-1.21
-1.378125
-1.46625
-0.94375
-0.4525
-0.020625
0.454375
0.48
0.45875
0.028125
-0.56125
-1.13
-1.811875
-2.254375
-2.48
-2.476875
-1.94625
-1.0075
-0.451875
0.085625
0.27125
-0.246875
-0.45875
-0.829375
-1.486875
-1.473125
-1.584375
-1.39125
-0.656875
-0.29875
0.319375
0.5725
0.49
0.3625
-0.018125
-0.334375
-0.545
-0.4625
-0.170625
0.21375
0.468125
0.179375
-0.376875
-0.771875
-0.86625
-0.22875
0.46
1.000625
1.2325
0.966875
0.82625
0.3425
-0.0675
-0.384375
-0.845
-0.70375
-0.4825
-0.276875
-0.028125
-0.2575
-0.589375
-0.9225
-1.2175
-1.425625
-1.395
-1.48875
-1.40125
-1.011875
-0.79875
-0.091875
0.39625
0.489375
0.5825
0.3475
0.125625
0.375
0.26375
0.1525
0.003125
-0.593125
-0.468125
-0.4
-0.19125
0.271875
0.01375
-0.07875
-0.305
-0.675
-0.32375
-0.19
0.13125
0.65875
0.634375
0.45625
0.168125
-0.345
-0.7625
-0.598125
-0.4275
-0.253125
0.331875
0.51625
0.453125
0.545
0.006875
-0.688125
-1.08625
-1.643125
-1.598125
-1.076875
-0.7525
-0.265625
-0.179375
-0.39375
-0.61625
-1.158125
-1.6675
-1.938125
-1.774375
-1.0725
-0.094375
0.655625
1.12
1.049375
0.75125
0.365625
-0.2
-0.435
-0.900625
-1.33125
-1.411875
-1.68375
-1.396875
-1.005625
-0.996875
-0.759375
-0.99375
-1.12375
-1.166875
-1.47625
-1.72875
-1.894375
-1.66
-1.059375
-0.04375
0.69125
1.016875
1.049375
0.553125
0.040625
-0.435625
-0.738125
-0.574375
-0.11
0.6425
1.28125
1.4
1.036875
0.148125
-0.97375
-1.713125
-1.900625
-1.51
-0.88625
-0.166875
0.0225
-0.379375
-0.724375
-1.260625
-1.296875
-0.820625
-0.225
0.1375
0.02125
-0.216875
-0.8075
-0.964375
-0.86875
-1.0825
-0.924375
-0.934375
-0.755625
-0.32125
-0.134375
-0.275625
-0.70125
-1.070625
-1.71625
-1.75125
-1.718125
-1.654375
-1.078125
-1.123125
-1.315
-1.706875
-2.106875
-2.10875
-1.88
-1.25125
-0.770625
-0.378125
0.05375
0.138125
0.076875
0.105
0.22
0.2625
0.398125
0.3475
0.13375
0.220625
0.085
-0.053125
-0.608125
-1.7
-2.360625
-2.815
-2.815625
-2.14875
-1.54375
-0.925
-0.108125
0.43375
0.906875
0.955625
0.77375
0.34875
-0.416875
-0.62
-1.21625
-1.60125
-1.4125
-1.36875
-0.890625
-0.475
-0.34625
-0.539375
-0.714375
-0.818125
-1.27375
-1.329375
-1.281875
-1.1325
-0.5125
-0.16125
-0.005
0.040625
0.024375
0.036875
0.049375
-0.04875
-0.379375
-0.800625
-1.221875
-1.245625
-1.02875
-0.804375
-0.58
-0.694375
-0.55875
-0.08875
0.19
0.520625
0.45625
0.14375
-0.081875
-0.345
-0.47625
-0.666875
-0.4575
-0.093125
0.2475
0.984375
1.425625
1.669375
1.56125
1.059375
0.505625
0.03
0.12
0.2525
0.48875
0.589375
0.26875
-0.075625
-0.4525
-0.79625
-0.91875
-0.72875
-0.61
-0.12375
0.46
0.83875
1.2125
1.06875
0.805
0.4525
0.148125
0.098125
0.0075
-0.18125
-0.615
-0.956875
-1.415
-1.714375
-1.408125
-1.03125
-0.325625
0.275625
0.229375
0.03125
-0.33875
-0.398125
-0.0425
0.324375
0.4575
0.178125
-0.235625
-0.8475
-1.021875
-0.885625
-0.83
-0.421875
-0.2975
-0.28125
0.06375
0.260625
0.26375
0.289375
0.04625
-0.285625
-0.07625
0.1925
0.39125
0.683125
0.33625
-0.0125
-0.04125
-0.454375
-0.459375
-0.71
-1.28375
-1.449375
-1.67125
-1.765625
-1.775625
-1.779375
-1.52
-1.180625
-0.7925
-0.23375
0.094375
0.28375
0.484375
0.451875
0.1
-0.1425
-0.366875
-0.745
-0.91
-0.829375
-1.035625
-1.129375
-0.82125
-1.021875
-0.854375
-0.645625
-0.7325
-0.33
-0.26
-0.18625
-0.145
-0.25875
-0.074375
0.265
0.2525
-0.16375
-0.485625
-0.93375
-0.831875
-0.47125
-0.305625
-0.405625
-0.521875
-0.184375
0.120625
0.59625
0.829375
0.5475
-0.03
-0.61
-1.11875
-1.403125
-0.979375
-0.416875
0.103125
0.34875
0.1625
-0.1625
-0.49125
-0.65875
-1.0375
-1.2325
-1.335
-1.42625
-1.056875
-0.67125
-0.3425
0.185
0.64125
0.869375
0.97625
0.91625
0.65
0.69625
1.0175
1.310625
1.5025
1.21375
0.77125
0.109375
-0.425
-0.465
-0.791875
-0.708125
-0.28375
-0.24625
0.18875
0.080625
-0.490625
-0.754375
-0.9525
-0.73375
-0.1625
-0.040625
-0.28625
-0.596875
-1.370625
-1.706875
-1.9475
-1.990625
-1.481875
-0.96125
-0.41875
-0.175625
-0.265
-0.5975
-0.495625
-0.39625
-0.435625
-0.591875
-1.469375
-2.2425
-2.705
-2.96125
-2.468125
-1.76875
-0.9825
-0.26125
-0.00875
-0.049375
-0.253125
-0.383125
-0.38125
-0.2925
-0.2925
-0.31
-0.74
-1.226875
-1.774375
-1.9525
-1.409375
-0.871875
-0.41125
-0.34375
-0.636875
-0.805
-0.618125
-0.36625
-0.305625
-0.269375
-0.166875
-0.3925
-0.46875
-0.68375
-1.501875
-1.72875
-2.04125
-2.244375
-2.01125
-2.07375
-1.62875
-0.938125
-0.199375
0.5675
0.74375
0.584375
0.21625
-0.208125
-0.344375
-0.3075
-0.2225
-0.109375
-0.07375
-0.221875
0.005625
-0.05375
-0.28625
-0.60875
-1.19
-1.169375
-0.710625
0.1275
0.876875
1.31125
1.413125
1.12
0.80125
0.454375
0.069375
0.125625
-0.00625
-0.131875
-0.070625
-0.255
0.12625
0.4975
0.879375
1.265
1.003125
0.713125
0.26375
-0.326875
-0.39625
-0.345625
-0.11875
0.466875
0.90125
1.296875
1.2775
0.95875
0.35875
-0.201875
-0.465
-0.883125
-1.06625
-1.69875
-2.04875
-1.84875
-1.33375
-0.04125
0.885625
1.436875
1.645
1.338125
1.123125
1.00125
0.71625
0.655625
0.736875
0.5525
0.6525
0.42125
-0.0125
-0.069375
-0.354375
-0.173125
0.049375
0.245625
0.758125
1.0375
1.29875
1.414375
1.42875
1.15625
0.72375
0.319375
-0.193125
-0.48375
-0.485
-0.54
-0.61875
-0.471875
-0.221875
-0.16
-0.34625
-0.501875
-1.139375
-1.535
-1.27875
-1.405
-1.009375
-0.67
-0.6825
-0.42625
-0.64
-0.67875
-0.7175
-0.915
-0.766875
-0.504375
-0.241875
-0.055
-0.154375
-0.7825
-1.524375
-2.109375
-2.4
-2.07125
-1.810625
-1.49375
-1.095
-1.02
-0.489375
0.280625
0.72875
1.176875
1.14
0.775
0.53125
0.27875
0.11875
-0.336875
-0.871875
-1.769375
-2.3725
-2.52
-2.355
-1.466875
-0.63
0.079375
0.441875
0.26125
-0.183125
-0.394375
-0.554375
-0.364375
-0.076875
-0.2175
-0.295625
-0.733125
-1.1825
-1.6025
-2.198125
-2.381875
-2.2575
-1.798125
-1.098125
-0.609375
-0.3425
-0.286875
-0.03125
0.24625
0.519375
0.834375
0.554375
0.06125
-0.520625
-1.15625
-1.199375
-0.8925
-0.514375
-0.09125
-0.136875
-0.280625
-0.77375
-1.323125
-1.484375
-1.70625
-1.250625
-0.65625
-0.18375
0.1625
-0.16
-0.565
-1.328125
-1.866875
-1.72375
-1.563125
-0.7525
-0.011875
0.223125
0.684375
0.498125
-0.04
-0.270625
-0.97125
-1.4325
-1.306875
-1.335
-0.87375
-0.118125
0.17375
0.289375
-0.16875
-0.773125
-1.295625
-1.44625
-1.2125
-1.225
-0.73875
-0.763125
-0.8525
-0.844375
-1.33375
-1.573125
-1.5475
-1.5275
-1.3525
-0.865625
-0.64375
-0.296875
-0.126875
-0.28125
-0.5675
-0.735
-0.748125
-0.4925
0.01625
0.341875
0.856875
1.2
1.1675
1.10125
0.830625
0.3675
0.15875
0.075
-0.213125
-0.174375
-0.144375
-0.499375
-0.760625
-1.4625
-2.146875
-2.211875
-1.879375
-1.005625
0.174375
1.0025
1.3675
1.396875
0.906875
0.093125
-0.72875
-1.355625
-1.796875
-1.588125
-1.12125
-1.12
-0.905
-1.1675
-1.45
-1.0825
-1.196875
-0.89875
-0.5975
-0.5125
0.048125
0.2775
0.574375
0.465625
0.075
-0.1
-0.580625
-0.7375
-0.970625
-1.6925
-2.051875
-2.115625
-2.01
-1.270625
-0.660625
-0.5225
-0.121875
0.13375
0.14625
0.47875
0.646875
0.6975
1.130625
1.400625
1.285625
1.120625
0.573125
-0.079375
-0.211875
-0.568125
-0.718125
-0.6
-0.956875
-1.04
-1.05125
-1.17375
-0.95375
-0.73375
-0.600625
-0.5
-0.538125
-0.51375
-0.633125
-1.113125
-1.435625
-1.559375
-1.42
-1.42
-1.42
-1.42
