1.099375
1.099375
1.099375
1.099375
1.0875
1.101875
1.04125
1.026875
1.04625
1.035
1.08
1.073125
1.015
0.97625
0.905625
0.8775
0.91
0.939375
1.04125
1.09875
1.09125
1.12
1.078125
1.08125
1.098125
1.054375
1.01625
0.986875
0.986875
1.010625
1.03875
1.054375
1.034375
1.01875
1.011875
0.9575
0.944375
0.944375
0.943125
1.013125
1.0825
1.106875
1.13
1.091875
1.00375
0.96125
0.925625
0.898125
0.9025
0.87125
0.820625
0.819375
0.831875
0.89625
0.986875
1.02875
1.0425
1.0025
0.9825
0.9825
0.99625
1.029375
1.03
1.01625
1.021875
1.063125
1.05875
1.068125
1.06625
1.03
1.048125
1.056875
1.038125
0.9925
0.975
0.985
1.00625
1.03875
1.005
0.94
0.928125
0.959375
1.003125
1.06125
1.028125
0.94
0.9125
0.8775
0.89
0.945625
0.9275
0.96
0.99
1.00125
1.026875
0.97375
0.950625
0.916875
0.90125
0.909375
0.8725
0.850625
0.86125
0.890625
0.933125
0.97375
0.953125
0.95625
0.97
0.994375
1.081875
1.105
1.120625
1.125
1.0925
1.078125
1.048125
1.019375
0.955
0.91375
0.933125
0.943125
0.979375
1.006875
0.989375
0.974375
0.984375
1.01375
1.011875
1.044375
1.088125
1.089375
1.105
1.089375
1.0125
0.95875
0.924375
0.889375
0.879375
0.90375
0.96875
1.0425
1.11875
1.159375
1.10625
1.04125
1.025625
0.964375
1.006875
1.09125
1.098125
1.160625
1.134375
1.0425
1.005625
0.9575
0.945
0.951875
0.919375
0.895625
0.870625
0.870625
0.891875
0.88875
0.913125
0.924375
0.974375
1.058125
1.073125
1.120625
1.094375
1.04375
1.051875
0.981875
0.97
0.97125
0.946875
0.976875
0.96
0.9375
0.968125
0.99125
1.031875
1.0575
1.041875
1.045625
1.065
1.1
1.103125
1.055625
0.976875
0.943125
0.965625
1.018125
1.09
1.07125
1.013125
0.964375
0.9175
0.9125
0.898125
0.8925
0.885
0.92875
0.995625
1.01375
1.031875
0.96625
0.899375
0.900625
0.911875
0.94125
0.960625
0.950625
0.93875
0.95125
0.97375
0.945625
0.893125
0.844375
0.811875
0.820625
0.863125
0.90125
0.9075
0.94375
0.955625
0.988125
1.045625
1.046875
1.055625
1.004375
0.964375
0.979375
0.983125
1.010625
1.0325
1.044375
1.113125
1.200625
1.240625
1.215
1.14625
1.066875
1.015625
1.026875
0.989375
0.979375
1.0
1.00875
1.07625
1.0925
1.048125
1.0175
0.96
0.93375
0.93875
0.931875
0.9425
0.9425
0.940625
0.896875
0.846875
0.781875
0.74125
0.755
0.805
0.925
1.025625
1.0875
1.083125
0.9875
0.89625
0.843125
0.823125
0.8575
0.901875
0.921875
0.95625
0.995625
1.033125
1.07875
1.095625
1.089375
1.02
0.995625
1.03375
1.0575
1.1825
1.21625
1.15375
1.090625
0.96875
0.89125
0.866875
0.866875
0.8375
0.83625
0.8375
0.845
0.91625
0.94
0.946875
0.96875
0.96875
0.99625
1.044375
1.04
1.013125
1.014375
0.995
1.03875
1.13625
1.16625
1.200625
1.15
1.034375
0.97
0.95875
1.02625
1.106875
1.13375
1.0675
0.956875
0.905625
0.90625
0.951875
1.005625
1.01875
1.006875
0.99375
0.978125
0.92625
0.881875
0.839375
0.803125
0.805
0.825625
0.861875
0.901875
0.966875
0.998125
0.999375
1.04125
1.018125
1.023125
1.085
1.089375
1.11875
1.13625
1.08125
1.015625
0.97
0.91125
0.86625
0.860625
0.845625
0.8475
0.873125
0.86875
0.865625
0.88
0.8875
0.956875
1.028125
1.1
1.1725
1.17375
1.173125
1.116875
1.056875
1.001875
0.959375
0.938125
0.90625
0.92375
0.934375
1.00125
1.091875
1.123125
1.12875
1.093125
1.083125
1.11625
1.168125
1.170625
1.11875
1.054375
0.97625
0.989375
0.9925
1.01375
1.05625
1.02
1.003125
0.93875
0.87125
0.84125
0.82625
0.85625
0.88375
0.905
0.920625
0.936875
0.935
0.93
0.939375
0.918125
0.9275
0.98375
1.0075
1.02875
1.020625
0.945
0.896875
0.878125
0.875625
0.8925
0.889375
0.896875
0.91125
0.934375
0.980625
0.96875
0.975
0.984375
0.965625
0.974375
0.938125
0.891875
0.860625
0.860625
0.860625
0.860625
