-0.686875
-0.686875
-0.686875
-0.686875
-0.80375
-0.815
-0.780625
-0.73125
-0.685625
-0.655
-0.679375
-0.6775
-0.686875
-0.70625
-0.71625
-0.75875
-0.67
-0.51125
-0.394375
-0.27625
-0.438125
-0.488125
-0.3575
-0.123125
0.429375
0.663125
0.664375
0.43375
-0.113125
-0.399375
-0.435
-0.303125
0.04375
0.291875
0.20625
0.185
0.075
-0.12875
-0.135625
-0.34
-0.4975
-0.4675
-0.438125
-0.148125
0.0925
0.140625
0.13
-0.13125
-0.161875
0.0525
0.439375
0.801875
0.790625
0.585625
0.249375
0.06625
0.078125
0.04625
0.03875
-0.00875
-0.05125
0.006875
0.054375
0.0675
0.1325
0.195625
0.08875
0.050625
-0.160625
-0.39625
-0.366875
-0.386875
-0.296875
-0.1975
-0.326875
-0.42625
-0.543125
-0.686875
-0.746875
-0.810625
-0.84875
-0.80125
-0.719375
-0.635625
-0.595625
-0.658125
-0.669375
-0.718125
-0.718125
-0.6725
-0.710625
-0.719375
-0.7925
-0.7
-0.460625
-0.27125
-0.06625
-0.14125
-0.429375
-0.625
-0.77125
-0.7975
-0.606875
-0.446875
-0.311875
-0.216875
-0.398125
-0.500625
-0.588125
-0.57875
-0.253125
-0.143125
-0.088125
-0.106875
-0.401875
-0.456875
-0.431875
-0.39
-0.264375
-0.413125
-0.481875
-0.451875
-0.368125
-0.110625
0.025
0.083125
0.1025
0.101875
-0.0075
-0.23375
-0.381875
-0.351875
-0.21375
-0.044375
0.041875
-0.186875
-0.4525
-0.451875
-0.41
-0.27
-0.09625
-0.28625
-0.36375
-0.266875
-0.124375
0.18
0.20875
-0.0175
-0.28375
-0.55
-0.52375
-0.411875
-0.283125
-0.034375
0.041875
0.21125
0.445625
0.53875
0.538125
0.465625
0.22
-0.07875
-0.2525
-0.304375
-0.154375
0.053125
0.370625
0.565
0.676875
0.944375
0.99375
0.956875
0.71125
0.191875
-0.24125
-0.57875
-0.58125
-0.475625
-0.35125
-0.11625
-0.150625
0.00375
0.114375
0.038125
0.19
0.050625
-0.021875
0.068125
0.045
0.15875
0.380625
0.415625
0.316875
0.30625
0.049375
-0.085
-0.07
-0.28625
-0.394375
-0.430625
-0.3625
-0.044375
0.384375
0.584375
0.56875
0.3925
0.021875
-0.174375
-0.18125
-0.095625
0.18
0.42125
0.4675
0.474375
0.3675
0.22625
0.174375
0.115625
-0.03625
-0.119375
-0.03375
-0.05375
0.039375
0.218125
0.198125
0.26875
0.4425
0.5225
0.535625
0.57875
0.393125
0.035
-0.214375
-0.38
-0.4225
-0.301875
-0.175625
-0.2225
-0.2625
-0.28375
-0.165625
0.0025
0.30375
0.528125
0.445625
0.395
0.199375
0.151875
0.27375
0.380625
0.44375
0.428125
0.363125
0.4675
0.50875
0.49375
0.539375
0.26125
0.1775
-0.03625
-0.245625
-0.175
-0.1725
0.03
0.201875
0.161875
0.14625
0.094375
0.066875
0.10875
0.050625
0.0975
0.118125
0.170625
0.139375
-0.109375
-0.35625
-0.658125
-0.778125
-0.785625
-0.6675
-0.363125
-0.1425
0.02125
-0.04375
-0.361875
-0.60375
-0.735625
-0.64625
-0.46125
-0.345
-0.311875
-0.5225
-0.663125
-0.7275
-0.801875
-0.743125
-0.786875
-0.895625
-0.97
-1.069375
-1.075625
-0.9375
-0.748125
-0.528125
-0.340625
-0.36875
-0.499375
-0.59375
-0.73
-0.78125
-0.735625
-0.77375
-0.80375
-0.84125
-0.97
-0.998125
-0.85625
-0.716875
-0.473125
-0.1925
-0.155625
-0.08
-0.1275
-0.379375
-0.575
-0.773125
-0.866875
-0.863125
-0.771875
-0.699375
-0.70125
-0.686875
-0.729375
-0.7625
-0.726875
-0.70125
-0.704375
-0.57625
-0.3625
-0.15875
0.090625
0.055
-0.235625
-0.49125
-0.713125
-0.80375
-0.77875
-0.813125
-0.906875
-0.965625
-0.970625
-0.896875
-0.78625
-0.5825
-0.4475
-0.34
-0.234375
-0.343125
-0.265
-0.0975
0.045625
0.23875
0.16625
-0.14125
-0.43
-0.673125
-0.808125
-0.675625
-0.449375
-0.07875
0.31375
0.461875
0.391875
0.24625
0.06875
0.005625
0.076875
-0.065625
-0.076875
0.015
0.18125
0.494375
0.69125
0.78125
0.619375
0.615625
0.5925
0.468125
0.553125
0.329375
0.03125
-0.17125
-0.274375
-0.131875
0.198125
0.66875
0.879375
0.885
0.844375
0.5225
0.223125
0.06375
-0.17125
-0.141875
-0.025625
0.105625
0.293125
0.26875
0.27875
0.313125
0.178125
0.078125
-0.05125
-0.364375
-0.54125
-0.52625
-0.40125
-0.17375
0.176875
0.300625
0.3075
0.353125
0.128125
0.01625
-0.13875
-0.20625
-0.081875
-0.016875
0.16625
0.105625
0.099375
0.266875
0.22625
0.29375
0.17375
-0.190625
-0.429375
-0.591875
-0.665625
-0.518125
-0.245
0.07125
0.4
0.5
0.365625
0.03125
-0.318125
-0.403125
-0.251875
0.123125
0.513125
0.610625
0.63375
0.445
0.34
0.398125
0.35625
0.34375
0.125625
-0.008125
-0.19125
-0.253125
-0.225
-0.391875
-0.445625
-0.455
-0.4
-0.268125
-0.166875
-0.268125
-0.401875
-0.501875
-0.445
-0.338125
-0.23875
-0.17875
-0.405
-0.52125
-0.679375
-0.85125
-0.825
-0.865
-0.811875
-0.688125
-0.62125
-0.55875
-0.564375
-0.551875
-0.516875
-0.509375
-0.4775
-0.590625
-0.71875
-0.71875
-0.71875
-0.71875
