1.23125
1.23125
1.23125
1.23125
1.5625
2.4375
2.375
1.1625
-0.41875
-1.85
-1.91875
-0.30625
1.53125
3.0625
4.11875
4.64375
4.8
4.75
4.49375
4.03125
4.2875
4.30625
3.95
3.275
1.93125
1.7625
2.1375
2.58125
3.0625
2.35625
0.9625
0.08125
-0.175
-0.25
0.45625
0.8375
0.03125
-0.225
-0.85
-1.9875
-2.39375
-2.7
-3.275
-2.5375
-1.225
-0.49375
1.2375
2.51875
2.99375
3.575
3.85
2.86875
2.09375
1.51875
0.28125
0.175
-0.225
-1.40625
-2.55
-3.475
-3.89375
-3.11875
-2.275
-2.11875
-1.6875
-1.9625
-1.31875
-0.05
0.55
1.70625
2.125
2.09375
2.09375
2.09375
2.09375
