-0.0138125
-0.0138125
-0.0138125
-0.0138125
-0.007875
-0.007875
-0.007875
0.0323125
0.08
0.123875
0.21
0.26725
0.307
0.296125
0.176625
0.0370625
-0.08175
-0.1459375
-0.0616875
0.052625
0.119375
0.2566875
0.195
0.1158125
0.0734375
-0.1430625
-0.242625
-0.3264375
-0.429
-0.4054375
-0.30675
-0.166625
0.02825
0.186625
0.26125
0.234875
0.1813125
0.121375
0.05925
0.0061875
-0.0370625
-0.0535625
-0.0559375
0.0278125
0.0843125
0.1049375
0.138375
0.072375
-0.0038125
-0.084875
-0.1820625
-0.1764375
-0.1406875
-0.0405
0.0858125
0.1408125
0.217375
0.2523125
0.218875
0.2488125
0.219625
0.1804375
0.1361875
0.095375
0.0903125
0.104375
0.2205625
0.253625
0.319
0.4265625
0.4784375
0.553125
0.5280625
0.39375
0.27125
0.1663125
0.1193125
0.13025
0.1455625
0.2188125
0.35
0.539125
0.6559375
0.6744375
0.5770625
0.3966875
0.3056875
0.203375
0.134875
0.0344375
-0.064375
-0.035125
0.084625
0.32775
0.536875
0.60325
0.567625
0.4385625
0.273875
0.2063125
0.2256875
0.2730625
0.3494375
0.3884375
0.376125
0.35425
0.339
0.3883125
0.4219375
0.4566875
0.4673125
0.3781875
0.27
0.1336875
0.1035625
0.075
0.0736875
0.143625
0.0735625
0.067875
0.0858125
0.075625
0.1813125
0.3208125
0.4355625
0.5111875
0.4775625
0.345625
0.2230625
0.1089375
0.046125
0.0236875
0.0098125
0.0739375
0.189375
0.28725
0.35825
0.3845
0.277375
0.1878125
0.1580625
0.158625
0.3233125
0.4879375
0.626
0.708
0.7079375
0.7659375
0.80825
0.8126875
0.755875
0.58975
0.3315625
0.114125
-0.0500625
-0.111625
-0.0503125
0.0545625
0.1314375
0.116625
0.1071875
0.03625
0.06475
0.1321875
0.1885
0.357625
0.4633125
0.5301875
0.51075
0.3588125
0.233
0.189125
0.26775
0.386
0.4938125
0.549875
0.49425
0.459375
0.3660625
0.2753125
0.2161875
0.1984375
0.2661875
0.341375
0.4225625
0.3831875
0.3010625
0.1949375
0.0971875
0.0766875
0.004875
-0.0011875
0.02575
0.0479375
0.17275
0.2141875
0.285
0.3525625
0.310875
0.310875
0.201625
0.0683125
-0.0004375
-0.0384375
-0.02425
0.038125
0.08725
0.099
0.1199375
0.092625
0.0719375
0.057875
0.004875
0.0176875
0.037125
0.0565
0.1160625
0.116375
0.1034375
0.1081875
0.0775
0.071
0.0886875
0.0711875
0.1441875
0.261875
0.344375
0.4526875
0.42825
0.3011875
0.1918125
0.081125
0.0938125
0.1586875
0.2814375
0.3820625
0.410375
0.419
0.3293125
0.272375
0.23075
0.21925
0.2305625
0.1954375
0.158875
0.1261875
0.1271875
0.210625
0.286875
0.348875
0.378625
0.3125625
0.247625
0.1985
0.181625
0.239875
0.347875
0.4641875
0.6061875
0.740375
0.848
0.872625
0.8126875
0.67725
0.4748125
0.38825
0.32925
0.3214375
0.375875
0.2903125
0.2375
0.175625
0.08525
0.1010625
0.088375
0.0840625
0.0973125
0.1025625
0.088
0.0909375
0.093875
0.0806875
0.129
0.1421875
0.162
0.1985625
0.2153125
0.257125
0.2923125
0.2954375
0.2766875
0.2590625
0.2770625
0.3010625
0.270375
0.203625
0.0556875
-0.0836875
-0.0405
0.0743125
0.2379375
0.3835
0.3616875
0.2710625
0.1771875
0.0893125
0.02025
-0.0324375
-0.1091875
-0.1338125
-0.0604375
0.036375
0.188
0.3003125
0.3215625
0.3190625
0.337125
0.2926875
0.2715
0.2698125
0.19175
0.1761875
0.1788125
0.1858125
0.201125
0.3216875
0.392625
0.39125
0.3904375
0.2264375
0.1019375
0.0660625
0.0223125
0.012375
-0.0041875
-0.1071875
-0.145875
-0.1363125
-0.1366875
-0.0283125
0.0236875
0.04825
0.0926875
0.094125
0.1445625
0.201625
0.2308125
0.2315
0.1739375
0.113
0.0813125
0.0746875
0.1188125
0.1705625
0.243875
0.360125
0.4356875
0.554125
0.6229375
0.6413125
0.6735625
0.6040625
0.5513125
0.4293125
0.29925
0.2718125
0.2861875
0.414
0.5105625
0.4945625
0.3854375
0.215375
0.1201875
0.1318125
0.2460625
0.3019375
0.2995625
0.2269375
0.045
0.01475
0.0326875
0.073875
0.17975
0.167375
0.163875
0.1115625
0.103875
0.1334375
0.097125
0.203125
0.1998125
0.2470625
0.344875
0.245375
0.192625
0.09375
0.017625
0.152
0.366875
0.622125
0.779
0.7726875
0.65675
0.5004375
0.417375
0.4098125
0.42175
0.38325
0.31425
0.2100625
0.188
0.2668125
0.3770625
0.505
0.51375
0.456375
0.363375
0.2769375
0.2906875
0.2954375
0.380875
0.4245
0.383625
0.349875
0.1728125
0.025375
-0.1039375
-0.227
-0.243875
-0.2128125
-0.1368125
-0.0381875
0.0429375
0.0800625
0.11725
0.1583125
0.186125
0.2265
0.2613125
0.274
0.2933125
0.2808125
0.262375
0.2313125
0.2154375
0.2413125
0.2155
0.2205
0.202625
0.1538125
0.1440625
0.1406875
0.1341875
0.1478125
0.2259375
0.3268125
0.459375
0.62225
0.6835
0.664
0.5775
0.389375
0.2663125
0.1735625
0.163
0.192875
0.1624375
0.1925
0.1865
0.2415625
0.3143125
0.2853125
0.2554375
0.2114375
0.2033125
0.239875
0.2773125
0.2430625
0.1841875
0.1385625
0.0929375
0.0720625
0.0740625
0.12075
0.1495
0.238375
0.352875
0.358125
0.4101875
0.383625
0.31525
0.3130625
0.282
0.3319375
0.2998125
0.2511875
0.1849375
0.077
0.07525
0.1396875
0.1976875
0.235625
0.2469375
0.1423125
0.06175
0.00125
-0.0390625
-0.0051875
0.0603125
0.1041875
0.1313125
0.134375
0.09825
0.1230625
0.0835
0.03225
0.030875
-0.0275
0.0828125
0.2415625
0.3044375
0.4454375
0.4408125
0.4049375
0.4668125
0.363
0.2795
0.135875
-0.026875
-0.0395625
-0.012125
0.132625
0.236625
0.315875
0.323375
0.3014375
0.2951875
0.2935625
0.384375
0.4169375
0.4248125
0.372375
0.2886875
0.2265625
0.1359375
0.0718125
0.04
0.048375
0.1521875
0.28375
0.3484375
0.3641875
0.389
0.3549375
0.30175
0.27775
0.1620625
0.1074375
0.097
0.12875
0.1243125
0.102375
0.0444375
-0.1513125
-0.16925
-0.183875
-0.0990625
0.0666875
0.0889375
0.097875
-0.006875
-0.0960625
-0.143
-0.1765625
-0.1175
-0.055625
0.039125
0.10925
0.161625
0.245375
0.2795
0.350375
0.372
0.334125
0.334125
0.334125
0.334125
