6.79375
6.79375
6.79375
6.79375
6.74375
6.58125
6.1875
6.0875
6.58125
7.24375
7.7
8.025
8.0
7.475
7.1125
6.15625
5.35625
5.0375
4.80625
4.825
5.26875
5.525
5.55
5.85625
5.35
4.99375
4.7625
4.46875
4.70625
4.9875
5.33125
5.8375
6.025
6.00625
6.04375
5.55
5.20625
4.875
4.4875
4.49375
5.03125
5.60625
6.16875
6.6125
6.3125
6.28125
6.40625
6.75
7.19375
6.95625
6.45
5.825
5.4125
5.61875
5.78125
5.85625
5.80625
5.575
5.675
5.46875
5.325
4.925
4.30625
4.24375
4.58125
5.38125
6.29375
6.91875
6.73125
6.24375
5.7
5.05625
4.725
4.4625
4.33125
4.675
5.21875
5.6125
5.73125
5.5375
5.31875
5.46875
5.71875
6.0375
6.21875
5.85
5.5875
5.0375
4.5375
4.675
4.80625
4.98125
5.06875
4.65625
4.125
3.83125
3.75
3.99375
4.7
5.45625
6.1
6.88125
7.2625
7.53125
7.8
7.31875
6.4375
5.55625
4.84375
4.68125
4.90625
5.2625
5.23125
5.14375
4.91875
4.31875
3.90625
3.31875
3.2125
3.8625
4.54375
5.95
6.84375
7.01875
7.2625
6.69375
6.2625
6.0375
5.81875
5.6875
5.6
5.30625
4.875
4.75
5.08125
5.51875
6.01875
6.08125
5.41875
4.80625
4.18125
4.4125
4.76875
5.55625
6.31875
6.10625
6.26875
5.83125
5.46875
5.51875
5.51875
6.1375
6.95
7.725
7.825
7.34375
6.4125
5.7875
5.75
5.675
5.9875
5.8
5.58125
5.56875
5.21875
5.33125
5.31875
5.31875
5.4875
5.20625
4.9875
4.78125
4.575
4.9875
5.30625
5.83125
6.34375
6.04375
5.93125
5.38125
4.9875
5.15
5.20625
5.54375
6.00625
6.3625
6.73125
6.975
6.55
5.91875
5.3625
4.85625
4.7375
4.7375
4.7375
4.7375
