-0.0125
-0.0125
-0.0125
-0.0125
-0.04375
-0.04375
-0.03125
0.075
0.16875
0.1875
0.11875
0.025
-0.05625
-0.09375
-0.0625
-0.05625
-0.1
-0.13125
-0.05625
0.00625
0.04375
0.1
0.0125
-0.05625
-0.0375
-0.03125
0.05
0.13125
0.15
0.1125
0.05
0.04375
0.05
0.13125
0.13125
0.0875
0.06875
0.01875
-0.0125
-0.0625
-0.13125
-0.225
-0.1625
-0.2
-0.30625
-0.46875
-0.76875
-0.90625
-0.84375
-0.59375
-0.31875
-0.14375
-0.09375
-0.15
-0.15
-0.025
0.0375
0.0625
0.0625
-0.0125
-0.04375
0.0125
-0.01875
-0.05625
-0.04375
-0.2
-0.26875
-0.31875
-0.475
-0.43125
-0.4
-0.39375
-0.1875
-0.0625
0.00625
0.14375
0.10625
0.05
0.03125
-0.025
-0.03125
-0.0375
0.0125
-0.01875
-0.05625
-0.04375
-0.2
-0.26875
-0.31875
-0.39375
-0.20625
-0.06875
0.09375
0.2375
0.20625
0.2
0.1125
0.09375
0.06875
0.025
0.01875
-0.025
-0.03125
-0.0125
0.025
-0.03125
-0.0875
-0.21875
-0.3375
-0.36875
-0.39375
-0.20625
-0.06875
0.09375
0.2375
0.21875
0.225
0.15
0.14375
0.10625
0.05
0.0375
-0.0125
-0.0125
0.0625
0.14375
0.13125
0.11875
0.0125
-0.075
-0.0125
0.09375
0.2375
0.35625
0.3375
0.23125
0.16875
0.08125
0.11875
0.24375
0.34375
0.53125
0.64375
0.6625
0.64375
0.5
0.3125
0.23125
0.11875
0.05
0.03125
-0.025
-0.03125
0.0375
0.125
0.11875
0.1125
0.075
0.05
0.1125
0.24375
0.2875
0.31875
0.3375
0.25625
0.15625
0.03125
-0.175
-0.3875
-0.4375
-0.5125
-0.4625
-0.38125
-0.38125
-0.30625
-0.175
1.73472347598e-17
0.21875
0.35625
0.36875
0.38125
0.35625
0.43125
0.49375
0.44375
0.33125
0.04375
-0.18125
-0.31875
-0.33125
-0.14375
0.03125
0.19375
0.26875
0.2625
0.2
0.18125
0.13125
0.0625
0.075
0.0625
0.15
0.2625
0.33125
0.38125
0.33125
0.2875
0.225
0.15
0.125
0.075
0.09375
0.075
0.0875
0.1125
0.0375
-0.01875
-0.1375
-0.24375
-0.21875
-0.10625
0.06875
0.25625
0.26875
0.225
0.16875
0.0625
0.0125
-0.0375
-0.1625
-0.21875
-0.1125
-0.00625
0.19375
0.30625
0.18125
0.03125
-0.18125
-0.35
-0.2875
-0.2
-0.0875
0.05
0.08125
0.00625
-0.10625
-0.275
-0.5
-0.48125
-0.34375
-0.14375
0.1625
0.29375
0.325
0.2875
0.1375
0.05625
-0.0625
-0.14375
-0.1875
-0.2625
-0.2625
-0.225
-0.15
-0.075
-0.01875
-1.04083408559e-17
0.0375
0.04375
0.1
0.125
0.1125
0.1375
0.1125
0.175
0.2
0.24375
0.275
0.2375
0.2125
0.1375
0.05
-0.0375
-0.025
0.00625
0.1
0.21875
0.2625
0.31875
0.3375
0.33125
0.3125
0.2875
0.2875
0.275
0.275
0.2625
0.125
0.0375
-0.18125
-0.33125
-0.30625
-0.33125
-0.13125
-0.00625
0.03125
0.13125
0.11875
0.125
0.11875
0.0625
0.08125
0.05
0.08125
0.125
0.1125
0.175
0.1875
0.15
0.15
0.125
0.125
0.2375
0.2125
0.2125
0.2
0.1125
0.225
0.25
0.225
0.2125
0.0375
-0.075
-0.0875
-0.1375
-0.20625
-0.26875
-0.45625
-0.55625
-0.49375
-0.38125
-0.11875
0.10625
0.2125
0.15625
0.025
-0.14375
-0.2
-0.03125
0.0625
0.2
0.2125
0.10625
0.075
0.00625
0.025
-0.03125
-0.00625
0.0125
-0.00625
-0.01875
-0.19375
-0.28125
-0.475
-0.46875
-0.31875
-0.26875
-0.0375
0.0625
0.1
0.06875
-0.00625
-0.1375
-0.325
-0.3375
-0.4125
-0.3375
-0.15
-0.125
-0.14375
-0.29375
-0.60625
-0.75625
-0.70625
-0.61875
-0.31875
-0.08125
0.0125
0.10625
0.10625
0.05
-0.025
-0.1375
-0.3375
-0.4875
-0.5625
-0.66875
-0.6375
-0.5375
-0.50625
-0.3
-0.11875
0.00625
0.19375
0.2125
0.13125
-0.04375
-0.23125
-0.325
-0.4375
-0.425
-0.55625
-0.79375
-0.86875
-0.925
-0.8125
-0.50625
-0.28125
-0.08125
0.15
0.25
0.325
0.3375
0.2625
0.175
0.05625
-0.0125
-0.06875
-0.0625
0.04375
0.03125
-0.0375
-0.14375
-0.2625
-0.21875
-0.0875
-0.00625
0.0375
-0.05
-0.13125
-0.1125
-0.0375
0.1625
0.26875
0.2625
0.20625
0.05
-0.06875
-0.05625
-0.1625
-0.26875
-0.29375
-0.4625
-0.36875
-0.28125
-0.25625
-0.0875
-0.075
-0.01875
-0.06875
-0.2
-0.34375
-0.44375
-0.33125
-0.2625
-0.15
-0.08125
-0.10625
-0.00625
0.03125
0.10625
0.16875
0.1125
0.06875
-0.05
-0.2875
-0.41875
-0.4625
-0.39375
-0.1
0.0125
0.06875
0.0375
-0.08125
0.03125
0.18125
0.35625
0.5125
0.5625
0.5375
0.4875
0.41875
0.35
0.31875
0.3
0.19375
0.125
0.08125
0.0375
0.20625
0.275
0.30625
0.3
0.2
0.1875
0.175
0.18125
0.175
0.15625
0.15
0.23125
0.2375
0.21875
0.21875
0.1375
0.0875
0.0625
-0.10625
-0.25
-0.26875
-0.3125
-0.15
-0.06875
-0.10625
-0.19375
-0.325
-0.31875
-0.2125
0.01875
0.2125
0.34375
0.45
0.4375
0.41875
0.31875
0.14375
0.05625
-0.05625
-0.0125
0.06875
0.14375
0.275
0.24375
0.175
0.05625
-0.08125
-0.06875
-0.04375
-0.01875
0.00625
-0.15625
-0.3375
-0.40625
-0.53125
-0.5375
-0.38125
-0.38125
-0.29375
-0.1
-0.1
-0.10625
-0.125
-0.25
-0.225
-0.06875
0.0125
0.10625
0.125
0.1375
0.225
0.2875
0.20625
0.04375
-0.16875
-0.35625
-0.26875
-0.15625
-0.03125
0.06875
0.0125
-6.93889390391e-18
0.00625
0.0375
0.05625
0.0375
0.05625
-0.0125
0.01875
0.0625
0.05
0.1375
0.175
0.1875
0.18125
0.14375
0.10625
0.05625
0.03125
0.03125
0.00625
0.03125
0.1
0.1125
0.14375
0.0875
-0.06875
-0.125
-0.1875
-0.125
0.075
0.2125
0.34375
0.425
0.3125
0.175
0.05
-0.08125
0.0125
0.13125
0.2625
0.30625
0.2625
0.24375
0.0625
0.0375
-0.025
-0.175
-0.18125
-0.3375
-0.475
-0.59375
-0.56875
-0.39375
-0.2
0.1125
0.21875
0.25
0.25625
0.15625
0.11875
-0.0625
-0.28125
-0.5375
-0.80625
-0.78125
-0.70625
-0.45625
-0.2625
-0.275
-0.375
-0.54375
-0.5625
-0.51875
-0.2875
-0.15625
-0.05625
0.0375
0.025
0.125
0.11875
0.15625
0.0875
-0.0875
-0.23125
-0.41875
-0.38125
-0.21875
0.04375
0.26875
0.31875
0.23125
0.0875
0.00625
-0.0375
0.05625
0.03125
-0.04375
4.16333634234e-17
-0.025
0.05625
0.1875
0.21875
0.2625
0.36875
0.34375
0.25
0.06875
-0.18125
-0.275
-0.3
-0.1875
-0.075
-0.01875
0.04375
0.04375
0.04375
0.075
0.09375
0.0375
0.00625
-0.075
-0.14375
-0.05625
-0.0125
-0.0125
0.00625
-0.20625
-0.40625
-0.40625
-0.49375
-0.275
-0.10625
-0.10625
-0.04375
-0.1625
-0.16875
-0.1375
-0.10625
-0.10625
-0.2375
-0.31875
-0.44375
-0.44375
-0.28125
-0.2125
-0.01875
0.10625
0.1375
0.2
0.21875
0.18125
0.10625
-0.01875
-0.225
-0.39375
-0.46875
-0.375
-0.26875
-0.08125
0.00625
0.0125
0.08125
0.0625
0.05625
-0.05625
-0.2
-0.275
-0.24375
-0.075
0.1375
0.3
0.3875
0.39375
0.2875
0.19375
0.10625
0.08125
0.11875
0.08125
-0.01875
-0.2
-0.375
-0.43125
-0.34375
-0.16875
0.00625
-1.73472347598e-17
-0.09375
-0.23125
-0.36875
-0.26875
-0.225
-0.19375
-0.13125
-0.13125
-0.04375
0.05625
0.15625
0.20625
0.26875
0.34375
0.3875
0.45
0.4625
0.45
0.40625
0.21875
0.05625
-0.05625
-0.10625
0.0875
0.23125
0.2625
0.2375
0.03125
-0.0875
-0.15625
-0.20625
-0.1
-0.09375
-0.0375
-0.00625
-0.15
-0.20625
-0.35625
-0.4
-0.29375
-0.2375
-0.00625
0.15
0.1875
0.25
0.18125
0.075
0.11875
0.1
0.06875
0.075
-0.15625
-0.43125
-0.6625
-0.85
-0.775
-0.51875
-0.24375
-0.1625
-0.2125
-0.33125
-0.50625
-0.43125
-0.33125
-0.225
-0.05
0.03125
0.0875
0.0875
0.0875
0.10625
0.1375
0.1875
0.14375
-0.03125
-0.19375
-0.29375
-0.4
-0.33125
-0.33125
-0.375
-0.25
-0.15625
0.0125
0.125
0.13125
0.1
0.075
0.075
0.0375
-0.0375
-0.1625
-0.2375
-0.21875
-0.1625
-0.09375
-0.0125
-0.00625
0.0375
0.09375
0.13125
0.125
0.01875
-0.0375
-0.2375
-0.3375
-0.3
-0.325
-0.14375
0.025
0.05625
0.125
0.1125
0.08125
0.10625
0.10625
0.075
0.0
1.90819582357e-17
-0.05625
-0.05
0.0375
-0.00625
-1.04083408559e-17
0.0125
-0.09375
-0.075
-0.075
-0.15
-0.075
-0.13125
-0.08125
0.03125
0.00625
0.125
0.1125
0.075
0.1625
0.16875
0.25625
0.31875
0.25625
0.20625
0.125
0.0375
0.075
0.025
-0.15625
-0.25
-0.525
-0.68125
-0.6
-0.6125
-0.43125
-0.24375
-0.24375
-0.16875
-0.1375
-0.15625
-0.09375
-0.09375
-0.1125
-0.1875
-0.18125
-0.15
-0.175
-0.075
-0.03125
-0.025
0.06875
0.0875
0.09375
0.14375
0.1375
0.11875
0.0375
-0.025
-0.1
-0.1625
-0.16875
-0.16875
-0.15625
-0.09375
-0.03125
-1.04083408559e-17
0.05
-0.04375
-0.11875
-0.23125
-0.35625
-0.29375
-0.2875
-0.2375
-0.16875
-0.21875
-0.1875
-0.11875
-0.0625
0.10625
0.225
0.2625
0.29375
0.2125
0.1125
0.0875
0.0625
0.06875
0.04375
-0.0875
-0.175
-0.2875
-0.3
-0.2125
-0.19375
-0.10625
-0.06875
-0.0625
0.01875
0.0875
0.15625
0.2125
0.225
0.2125
0.15625
0.1625
0.11875
0.0875
0.14375
0.14375
0.23125
0.30625
0.3
0.33125
0.3
0.26875
0.325
0.35
0.4375
0.525
0.525
0.4875
0.4
0.26875
0.2375
0.26875
0.325
0.475
0.5
0.49375
0.40625
0.225
0.15
0.0625
0.075
0.15625
0.175
0.225
0.26875
0.2625
0.2125
0.1375
0.0125
-0.0625
-0.0125
0.05
0.03125
-0.04375
-0.24375
-0.425
-0.35625
-0.28125
-0.10625
0.03125
0.0125
-0.03125
-0.125
-0.1875
-0.2375
-0.11875
0.01875
0.13125
0.18125
0.1125
0.1125
0.1125
0.1125
