0.970625
0.970625
0.970625
0.970625
0.95125
0.94375
0.9425
0.946875
0.96
0.958125
0.95
0.93625
0.915625
0.91
0.915
0.914375
0.939375
0.950625
0.930625
0.9175
0.92
0.933125
0.98625
1.036875
1.003125
0.943125
0.8725
0.791875
0.764375
0.780625
0.769375
0.78375
0.825625
0.82375
0.850625
0.84375
0.80375
0.803125
0.795
0.82375
0.8525
0.8625
0.866875
0.85375
0.851875
0.870625
0.919375
0.978125
1.051875
1.10625
1.129375
1.13125
1.123125
1.079375
1.043125
1.019375
0.959375
0.9425
0.9175
0.905
0.91
0.908125
0.959375
0.9875
1.031875
1.118125
1.114375
1.115625
1.08125
0.961875
0.884375
0.846875
0.84375
0.896875
0.9675
0.97125
1.011875
1.059375
1.0925
1.143125
1.123125
1.04625
0.97375
0.914375
0.90875
0.955
0.996875
1.048125
1.075
1.0725
1.053125
1.02625
0.96125
0.901875
0.86
0.799375
0.76375
0.76375
0.763125
0.799375
0.846875
0.863125
0.888125
0.881875
0.918125
0.958125
0.98
1.059375
1.05125
1.04125
1.053125
0.974375
0.96125
0.94875
0.904375
0.905
0.87625
0.86375
0.92125
0.9775
1.058125
1.104375
1.073125
1.044375
0.984375
0.934375
0.895625
0.866875
0.840625
0.821875
0.84625
0.878125
0.938125
1.01875
1.074375
1.08
1.06375
1.026875
0.966875
0.93125
0.901875
0.87
0.860625
0.8775
0.900625
0.934375
0.9975
1.02875
1.04625
1.0575
1.00625
0.968125
0.940625
0.90875
0.91625
0.92375
0.915
0.90125
0.868125
0.83125
0.851875
0.89375
0.958125
1.07125
1.113125
1.12875
1.11375
1.01
0.926875
0.868125
0.87375
0.935625
1.0025
1.095
1.106875
1.10125
1.1025
1.0425
1.02
1.028125
1.01375
1.005625
0.984375
0.911875
0.904375
0.95875
1.069375
1.240625
1.3175
1.354375
1.3
1.161875
1.085
0.959375
0.88125
0.854375
0.806875
0.851875
0.895
0.950625
1.0025
0.976875
0.960625
0.92875
0.90625
0.91375
0.9125
0.938125
0.96375
0.98625
1.01
0.9725
0.935
0.890625
0.880625
0.896875
0.913125
0.97125
0.9475
0.92875
0.91
0.831875
0.8
0.788125
0.776875
0.840625
0.94
1.00875
1.111875
1.16625
1.14875
1.141875
1.07375
0.976875
0.929375
0.90375
0.915625
0.949375
1.00375
1.0375
1.040625
1.05125
0.99875
0.93125
0.894375
0.875
0.87875
0.918125
0.933125
0.928125
0.965
0.97875
1.005625
1.03375
0.996875
0.951875
0.943125
0.971875
1.00625
1.05375
1.041875
0.953125
0.94125
0.93125
0.94875
1.016875
0.985625
0.941875
0.875
0.8075
0.78625
0.785
0.81375
0.8275
0.861875
0.9
0.96125
1.02375
1.054375
1.07125
1.0225
0.9775
0.955
0.915625
0.893125
0.91875
0.95625
1.03125
1.16875
1.245625
1.25375
1.22125
1.138125
1.03875
1.03875
1.03875
1.03875
