5.5375
5.5375
5.5375
5.5375
5.48125
5.3
5.425
5.2625
5.45
5.55
5.3625
5.0375
4.60625
4.29375
3.975
3.88125
3.64375
3.675
4.01875
4.5125
5.2
5.55625
5.7375
5.61875
5.25
4.8375
4.6
4.68125
4.88125
5.50625
5.65625
5.78125
6.40625
6.35625
6.93125
7.2125
6.625
6.375
5.8125
5.30625
5.44375
5.525
5.60625
5.79375
5.7
5.575
5.3625
5.4375
5.6125
5.9
6.2
5.925
5.36875
4.99375
4.8375
5.14375
5.51875
5.6875
5.58125
5.10625
5.03125
5.20625
5.4
5.825
5.86875
5.6625
5.68125
5.59375
5.7375
5.46875
5.075
4.7125
4.3875
4.49375
4.775
5.225
5.40625
5.45
5.3125
5.03125
5.1
5.55
6.01875
6.4125
6.39375
5.95
5.375
4.8875
4.61875
4.74375
4.95
5.54375
6.25625
6.7375
7.2375
7.3375
7.1625
6.75625
6.68125
6.26875
5.95625
5.8875
5.8875
5.8875
5.8875
