25.775
25.775
25.775
25.775
24.10625
21.31875
18.70625
17.0375
16.98125
18.2375
19.6
20.5125
20.6
19.74375
19.2125
18.95
19.16875
19.6125
18.76875
18.2625
16.475
15.0125
15.93125
16.71875
19.01875
21.00625
20.30625
19.39375
17.85
16.14375
15.51875
14.925
15.25625
16.2125
18.475
21.1
22.74375
24.8125
24.43125
22.65625
20.58125
18.25
17.64375
18.95625
20.7875
22.1375
23.0125
22.5
22.76875
22.30625
21.7625
21.74375
20.6625
19.925
19.4875
19.225
18.93125
18.6125
18.04375
17.675
17.45625
19.18125
20.15625
20.31875
21.20625
19.4625
18.58125
18.2375
17.5375
17.81875
18.31875
18.56875
19.1
20.18125
20.1875
20.55
19.2125
17.0
16.3125
15.23125
15.35
16.43125
16.24375
16.45625
16.76875
17.275
18.26875
18.56875
19.2375
18.48125
17.73125
18.325
18.1375
17.84375
18.29375
17.86875
18.33125
19.9125
19.9875
19.6375
18.09375
16.25
15.71875
16.0625
17.68125
19.70625
20.81875
21.00625
20.35625
19.0875
18.3875
18.9375
19.6875
20.65
20.69375
19.35
17.45
15.36875
14.84375
14.8375
15.39375
16.19375
16.14375
16.76875
17.5
18.09375
18.3
18.15
17.96875
18.38125
19.09375
19.24375
19.3125
18.3375
17.56875
17.325
16.88125
16.9625
17.175
16.6875
16.85
18.25
19.725
21.725
22.83125
21.99375
20.05625
18.20625
17.1875
16.34375
17.03125
17.7625
17.73125
19.46875
19.7125
19.6375
20.0
18.3375
17.1
17.3
17.35625
18.1625
20.025
19.41875
19.09375
18.475
16.8625
17.23125
17.4
18.375
19.85
20.23125
21.16875
20.78125
20.21875
19.5875
17.7625
17.1625
16.1625
15.575
15.5125
15.75
16.8875
18.04375
19.30625
19.6625
18.8375
17.98125
17.54375
17.3375
17.575
18.01875
17.71875
16.89375
16.78125
15.98125
15.63125
16.00625
15.725
16.25
16.45625
17.5
18.2
18.56875
19.9125
19.0
18.24375
17.2125
14.63125
14.4875
14.6375
15.375
17.3375
17.25625
18.225
18.91875
19.26875
19.7375
18.6
17.44375
15.70625
15.16875
15.06875
15.4
16.325
16.575
16.88125
16.50625
15.81875
15.4125
15.80625
16.6625
17.7125
19.31875
20.66875
21.39375
22.6375
23.20625
22.1375
22.00625
22.06875
22.06875
22.06875
22.06875
