109.4875
109.4875
109.4875
109.4875
113.7125
113.4375
113.41875
113.65625
113.43125
116.2375
119.3
120.20625
108.325
98.0875
87.59375
83.8125
88.625
96.76875
104.9125
106.7625
108.6125
108.6125
108.6125
108.6625
114.875
117.88125
122.69375
133.3375
133.4625
133.86875
130.40625
119.575
111.29375
109.1125
113.84375
124.18125
140.725
149.825
154.21875
151.90625
142.6
134.46875
121.45625
117.25
115.6375
115.6375
124.775
124.18125
124.5875
124.7375
118.89375
119.73125
116.7625
114.05
111.93125
109.60625
112.89375
116.18125
121.46875
127.1
130.03125
134.65
139.8625
141.425
141.58125
136.71875
128.66875
123.6
122.61875
128.3
134.575
135.36875
131.78125
128.16875
126.6625
132.54375
140.6625
149.33125
156.0625
158.73125
158.91875
155.25
153.24375
152.04375
155.6625
156.89375
154.125
151.74375
144.7
140.04375
136.9125
133.5875
131.94375
126.175
125.75625
129.7375
136.96875
147.85625
156.68125
158.35
155.2
150.65
140.75
131.9625
126.3125
124.86875
131.98125
143.33125
146.95
144.25
140.7
129.9
128.175
134.1375
127.25
129.34375
130.03125
127.2875
135.08125
140.6875
144.9625
153.0875
161.00625
164.03125
165.7375
163.275
162.58125
162.80625
166.93125
164.68125
154.63125
153.4
141.30625
144.48125
150.3375
145.01875
151.1375
141.61875
134.225
131.025
124.49375
125.025
129.36875
132.7625
137.53125
139.94375
133.9625
130.21875
130.8875
138.05625
147.90625
151.73125
143.98125
130.30625
123.0875
120.35
123.50625
129.99375
130.8375
135.64375
135.53125
133.25625
131.34375
125.08125
131.7375
137.24375
143.21875
145.13125
136.18125
130.54375
128.03125
133.7375
141.6625
147.7625
152.1625
156.175
162.55
170.39375
175.3875
175.43125
170.99375
160.3125
146.0625
130.725
118.04375
113.125
114.8875
117.6625
124.5625
128.45625
127.33125
131.8125
132.39375
128.3375
134.25
143.24375
148.3875
159.875
162.9
155.28125
149.9125
144.23125
137.20625
134.0375
132.61875
127.01875
127.75625
126.66875
126.3125
132.2125
136.76875
143.15
149.9125
151.20625
148.85
148.0
142.875
138.08125
136.9375
136.03125
139.75
150.15
158.725
157.49375
155.7125
147.65
137.7625
140.75
140.625
143.075
146.24375
139.7875
135.15625
127.4125
123.70625
128.325
134.45
143.8875
149.725
153.24375
155.575
154.93125
155.48125
160.625
162.14375
170.83125
177.85
168.5875
167.3625
151.8625
142.65
150.23125
150.9875
164.75625
166.59375
161.18125
155.225
143.2375
134.33125
125.73125
120.41875
118.3125
127.975
135.475
141.85625
146.8375
139.4
136.575
135.51875
134.4125
137.04375
144.65625
152.45625
157.18125
166.075
164.325
160.1375
161.49375
158.63125
157.69375
160.6875
156.65
147.3125
141.16875
127.225
122.4375
123.61875
122.275
124.1375
116.26875
113.10625
114.5625
122.03125
140.95625
154.175
162.275
161.575
146.30625
134.3
124.05625
122.6125
135.575
142.20625
145.625
140.24375
128.75625
122.76875
119.99375
126.35625
132.35
140.21875
151.3
159.3375
166.04375
167.5125
169.9625
162.3875
156.31875
155.5375
148.13125
152.14375
157.64375
159.7875
159.8125
161.76875
162.25625
154.68125
154.1125
142.31875
130.825
129.0375
123.53125
130.39375
133.63125
139.9
145.8125
145.60625
149.35625
145.625
142.06875
130.3625
117.5375
109.35625
109.08125
123.2125
136.2
143.64375
138.1625
130.575
126.03125
131.6125
152.50625
165.0125
179.39375
185.59375
180.78125
177.19375
167.175
157.43125
145.03125
132.26875
124.46875
116.43125
116.01875
120.8375
126.53125
138.96875
145.79375
152.8
157.09375
154.9
156.70625
156.15625
158.0375
157.8375
156.44375
158.25625
155.25
156.6875
157.125
151.325
144.61875
136.36875
132.05
133.05625
136.525
143.6125
149.2375
152.2
153.65625
145.84375
134.95
121.89375
112.8625
116.76875
122.43125
135.31875
147.89375
152.54375
158.74375
157.5375
156.56875
159.6
154.50625
149.06875
140.5125
127.5
123.725
128.63125
135.04375
147.375
155.525
161.0375
167.70625
166.00625
162.35
149.5625
134.35625
121.025
114.5375
119.14375
125.0125
137.325
147.31875
149.65
152.0875
146.275
142.625
146.69375
153.95
166.05625
168.64375
161.95
145.75625
127.4625
116.7625
113.7375
116.91875
124.44375
135.26875
141.0375
153.2375
160.98125
164.2625
168.1
163.49375
159.26875
151.15
144.40625
141.4625
142.55625
153.0625
166.55625
171.8
172.2875
160.2
140.70625
132.525
127.325
127.10625
135.9
137.05625
132.73125
133.01875
125.73125
123.825
126.5
125.36875
127.6875
121.1125
119.01875
122.55
127.93125
141.25625
146.29375
143.725
134.4375
128.35625
126.06875
125.39375
132.56875
134.71875
139.59375
148.175
156.0625
157.80625
151.925
142.7375
126.66875
124.98125
134.4125
147.525
167.08125
174.49375
173.975
169.31875
162.68125
162.4625
165.18125
169.325
166.49375
160.975
152.375
141.84375
139.59375
131.725
129.46875
126.08125
122.49375
130.225
128.16875
130.8625
137.13125
134.6
136.85625
137.425
131.3625
128.75
133.925
140.475
148.4625
156.45
147.15625
135.1125
116.925
100.81875
95.20625
94.275
105.9625
115.56875
131.49375
145.80625
150.85
160.24375
163.6375
160.51875
160.55
154.5375
147.86875
153.0
156.3375
162.79375
171.39375
169.15625
168.275
163.875
152.89375
145.76875
141.9625
137.36875
140.5375
137.06875
127.475
122.38125
116.3125
122.85
134.5125
145.81875
151.59375
148.94375
142.425
135.3125
131.6125
133.175
138.15625
138.91875
135.08125
130.45
124.025
118.0625
123.10625
124.125
128.63125
142.525
152.15
160.8
160.8
160.8
160.8
