-0.105
-0.105
-0.105
-0.105
-0.034375
0.011875
0.063125
0.085
0.0575
0.030625
0.0075
-0.001875
-0.015
-0.01875
-0.0475
-0.0925
-0.1
-0.1175
-0.09625
-0.058125
-0.053125
-0.050625
-0.03125
-0.019375
0.03625
0.09875
0.0925
0.089375
0.023125
-0.045625
-0.079375
-0.080625
-0.0475
-0.01375
0.053125
0.07125
0.106875
0.14125
0.0875
0.03375
-0.06625
-0.165
-0.209375
-0.235625
-0.205625
-0.168125
-0.10875
-0.036875
-0.010625
0.00125
-0.0025
-0.0375
-0.0225
-0.000625
0.0075
0.031875
-0.005625
-0.043125
-0.09375
-0.11
-0.0675
-0.025
0.05875
0.078125
0.068125
0.059375
0.0375
0.044375
0.03
0.0125
-0.02
-0.050625
-0.073125
-0.085625
-0.083125
-0.080625
-0.06375
-0.0625
-0.073125
-0.078125
-0.084375
-0.08
-0.061875
-0.076875
-0.08
-0.070625
-0.08375
-0.03125
0.00375
0.005625
0.021875
0.01625
0.010625
0.03875
0.0825
0.079375
0.0875
0.04375
-0.034375
-0.07625
-0.111875
-0.075
-0.02125
0.02125
0.034375
-0.00875
-0.046875
-0.079375
-0.0925
-0.068125
-0.034375
-0.003125
0.0225
0.015625
-0.0225
-0.059375
-0.08875
-0.103125
-0.118125
-0.11375
-0.1125
-0.11625
-0.0825
-0.071875
-0.061875
-0.065
-0.084375
-0.106875
-0.125625
-0.104375
-0.09125
-0.0675
-0.03625
-0.0325
-0.04375
-0.046875
-0.079375
-0.08875
-0.02375
0.046875
0.1475
0.22
0.216875
0.170625
0.1075
0.04625
-0.005
-0.0025
0.015
0.040625
0.075625
0.0675
0.033125
0.0025
-0.02625
-0.05625
-0.064375
-0.075
-0.085625
-0.099375
-0.125625
-0.150625
-0.175
-0.140625
-0.065625
0.0175
0.10125
0.1325
0.103125
0.045
-0.0125
-0.0575
-0.07875
-0.078125
-0.083125
-0.086875
-0.0875
-0.090625
-0.09
-0.0825
-0.074375
-0.0725
-0.070625
-0.0825
-0.1
-0.111875
-0.1225
-0.1125
-0.095625
-0.0725
-0.048125
-0.04625
-0.048125
-0.064375
-0.086875
-0.101875
-0.115
-0.119375
-0.115
-0.0925
-0.09
-0.0825
-0.083125
-0.09875
-0.074375
-0.044375
0.02125
0.074375
0.115625
0.108125
0.051875
-3.46944695195e-18
-0.04875
-0.04125
-0.035625
-0.044375
-0.08375
-0.144375
-0.17875
-0.15375
-0.105625
-0.055625
-0.021875
-0.04
-0.065625
-0.090625
-0.10375
-0.10375
-0.091875
-0.10125
-0.116875
-0.13125
-0.161875
-0.13375
-0.104375
-0.08
-0.0475
-0.069375
-0.0825
-0.09125
-0.0925
-0.07125
-0.046875
0.011875
0.055625
0.103125
0.12625
0.08125
0.048125
-0.01125
-0.043125
-0.02875
-0.023125
-0.001875
-0.0075
-0.03875
-0.05625
-0.055
-0.045625
-0.023125
-0.011875
-0.033125
-0.069375
-0.10125
-0.120625
-0.09625
-0.030625
0.039375
0.09875
0.095
0.07625
0.04
-0.01375
-0.034375
-0.066875
-0.060625
-0.0375
-0.011875
0.019375
-0.013125
-0.04125
-0.073125
-0.103125
-0.1
-0.103125
-0.100625
-0.101875
-0.1025
-0.098125
-0.099375
-0.06625
-0.033125
-0.00625
0.024375
-0.004375
-0.050625
-0.093125
-0.136875
-0.15625
-0.140625
-0.12375
-0.110625
-0.1
-0.09375
-0.0825
-0.065625
-0.03625
-0.028125
-0.033125
-0.0425
-0.066875
-0.088125
-0.103125
-0.08375
-0.056875
-0.016875
0.058125
0.075625
0.094375
0.098125
0.0525
0.023125
-0.0075
-0.030625
-0.0575
-0.075625
-0.090625
-0.10625
-0.085625
-0.0475
-0.016875
0.03125
0.063125
0.060625
0.0625
0.045625
0.013125
-0.003125
-0.019375
-0.043125
-0.056875
-0.0625
-0.0675
-0.0725
-0.060625
-0.06
-0.06
-0.05125
-0.06375
-0.0425
-0.016875
0.008125
0.055625
0.039375
0.033125
0.02875
-0.0025
0.004375
-0.02125
-0.069375
-0.109375
-0.154375
-0.1825
-0.15625
-0.123125
-0.075625
-0.025625
-0.020625
-0.039375
-0.070625
-0.103125
-0.1425
-0.121875
-0.1125
-0.124375
-0.09625
-0.105
-0.095
-0.04375
-0.0175
-0.011875
-0.029375
-0.0325
-0.03
-0.008125
0.024375
-0.01
-0.043125
-0.075
-0.098125
-0.0725
-0.050625
-0.030625
-0.019375
-0.0625
-0.101875
-0.136875
-0.15125
-0.073125
-0.005
0.05875
0.089375
0.050625
0.025625
-0.0025
-0.0125
-0.021875
-0.045625
-0.083125
-0.108125
-0.121875
-0.1275
-0.09
-0.050625
-0.01
0.03125
0.048125
0.014375
-0.015625
-0.046875
-0.086875
-0.0875
-0.088125
-0.085625
-0.0775
-0.07875
-0.06625
-0.0275
0.013125
0.075625
0.105
0.071875
0.03875
-0.029375
-0.0775
-0.093125
-0.108125
-0.104375
-0.098125
-0.09125
-0.08375
-0.0775
-0.05125
-0.021875
0.004375
0.02875
0.028125
0.020625
0.015
0.011875
-0.021875
-0.071875
-0.118125
-0.165625
-0.184375
-0.145
-0.133125
-0.12
-0.105
-0.145
-0.139375
-0.134375
-0.13125
-0.1075
-0.073125
-0.039375
-0.003125
0.05875
0.055625
0.053125
0.05
-0.016875
-0.045625
-0.055
-0.065
-0.033125
-0.00625
0.01625
0.0575
0.0875
0.109375
0.081875
0.03125
-0.015
-0.054375
-0.055625
-0.045625
-0.035625
-0.0175
-0.006875
-0.0175
-0.02625
-0.05
-0.069375
-0.078125
-0.091875
-0.094375
-0.096875
-0.095
-0.0775
-0.0875
-0.0975
-0.106875
-0.138125
-0.09125
-0.03875
0.014375
0.10125
0.099375
0.083125
0.065625
0.023125
0.024375
0.04125
0.0575
0.07375
0.075
0.061875
0.048125
0.004375
-0.035625
-0.089375
-0.161875
-0.205
-0.248125
-0.2325
-0.1725
-0.11375
-0.051875
-0.033125
-0.039375
-0.038125
-0.039375
-0.039375
-0.023125
-0.010625
0.004375
0.048125
0.056875
0.0625
0.065625
0.01375
-0.016875
-0.054375
-0.090625
-0.093125
-0.094375
-0.068125
-0.041875
-0.018125
-0.001875
-0.019375
-0.035
-0.026875
-0.01375
0.00875
0.031875
-0.0025
-0.029375
-0.07125
-0.110625
-0.115
-0.136875
-0.105625
-0.0875
-0.058125
-0.019375
0.0075
0.04125
0.05625
0.089375
0.085
0.09
0.0875
0.05
0.010625
-0.043125
-0.08125
-0.099375
-0.094375
-0.083125
-0.060625
-0.0325
-0.014375
0.0025
0.02125
0.0375
0.05875
0.085625
0.061875
-0.0075
-0.076875
-0.1425
-0.165625
-0.1275
-0.055
0.015625
0.070625
0.081875
0.028125
-0.049375
-0.11625
-0.106875
-0.07
-0.0175
0.028125
-0.006875
-0.005
0.016875
0.0475
0.09625
0.11125
0.0975
0.093125
0.0975
0.0675
0.048125
-0.005
-0.059375
-0.07125
-0.08125
-0.064375
-0.045625
-0.041875
-0.041875
-0.056875
-0.0725
-0.073125
-0.07875
-0.05875
-0.04125
-0.033125
-0.03625
-0.075625
-0.07875
-0.085
-0.03625
0.05
0.085625
0.121875
0.103125
0.06375
0.031875
0.00375
-1.73472347598e-18
-0.00125
0.03125
0.06375
0.083125
0.085625
0.03625
-0.01125
-0.048125
-0.071875
-0.075625
-0.091875
-0.11625
-0.131875
-0.123125
-0.123125
-0.123125
-0.123125
