0.4925
0.4925
0.4925
0.4925
0.485625
0.485625
0.474375
0.463125
0.47875
0.475625
0.496875
0.53375
0.559375
0.589375
0.600625
0.591875
0.579375
0.563125
0.55
0.5575
0.56875
0.5875
0.60875
0.5975
0.59
0.57875
0.530625
0.503125
0.475
0.446875
0.48
0.516875
0.554375
0.591875
0.61375
0.61375
0.61
0.595
0.56
0.52875
0.489375
0.46875
0.458125
0.4675
0.49875
0.53125
0.5725
0.608125
0.621875
0.626875
0.613125
0.61875
0.618125
0.61125
0.630625
0.581875
0.560625
0.55125
0.520625
0.555
0.555625
0.52875
0.511875
0.474375
0.475
0.515
0.56125
0.6075
0.635
0.65
0.644375
0.64
0.643125
0.640625
0.639375
0.6325
0.626875
0.6
0.57875
0.52625
0.46625
0.445625
0.435625
0.50125
0.51875
0.51875
0.5225
0.47625
0.52625
0.579375
0.616875
0.66
0.646875
0.608125
0.54125
0.4775
0.41625
0.409375
0.45375
0.51375
0.580625
0.58375
0.5675
0.5225
0.456875
0.445625
0.4375
0.443125
0.4925
0.519375
0.543125
0.57375
0.565
0.558125
0.564375
0.56875
0.603125
0.625
0.620625
0.5775
0.514375
0.45625
0.408125
0.42875
0.443125
0.486875
0.498125
0.456875
0.4425
0.380625
0.38
0.433125
0.469375
0.535
0.58375
0.593125
0.605625
0.618125
0.611875
0.593125
0.548125
0.49625
0.454375
0.4225
0.439375
0.445625
0.468125
0.4875
0.458125
0.45375
0.40875
0.38125
0.404375
0.42125
0.485
0.540625
0.561875
0.55
0.516875
0.49375
0.483125
0.500625
0.525
0.553125
0.5725
0.62
0.645625
0.649375
0.6575
0.621875
0.6
0.58875
0.575
0.583125
0.599375
0.595
0.595625
0.58125
0.551875
0.551875
0.539375
0.53375
0.529375
0.5025
0.496875
0.49125
0.50125
0.520625
0.51875
0.499375
0.47
0.444375
0.43875
0.456875
0.45125
0.459375
0.45625
0.463125
0.50125
0.51375
0.531875
0.545
0.5625
0.611875
0.66625
0.693125
0.706875
0.676875
0.6075
0.553125
0.504375
0.48625
0.52
0.520625
0.494375
0.445
0.368125
0.364375
0.405625
0.475625
0.54875
0.584375
0.593125
0.583125
0.58375
0.583125
0.593125
0.611875
0.600625
0.58125
0.563125
0.541875
0.55625
0.57875
0.57
0.554375
0.509375
0.456875
0.438125
0.43125
0.441875
0.435625
0.425
0.39
0.35125
0.375625
0.3725
0.389375
0.41625
0.3975
0.4225
0.46375
0.5025
0.556875
0.58375
0.574375
0.56375
0.535625
0.5175
0.5275
0.533125
0.55
0.558125
0.57
0.571875
0.536875
0.495625
0.426875
0.375625
0.410625
0.47125
0.563125
0.639375
0.64625
0.625
0.573125
0.55375
0.56
0.588125
0.615
0.569375
0.473125
0.359375
0.26
0.23875
0.29
0.365
0.455625
0.52625
0.566875
0.57625
0.578125
0.57
0.571875
0.60625
0.606875
0.601875
0.57125
0.52375
0.519375
0.51625
0.5525
0.575
0.574375
0.586875
0.55125
0.54
0.534375
0.515625
0.533125
0.536875
0.546875
0.575
0.5875
0.62375
0.64875
0.63625
0.63625
0.59
0.54875
0.545625
0.52875
0.5425
0.56125
0.565625
0.565
0.570625
0.593125
0.619375
0.665625
0.660625
0.57125
0.435625
0.3025
0.250625
0.30375
0.4475
0.57125
0.61375
0.595625
0.48125
0.37375
0.306875
0.258125
0.283125
0.300625
0.360625
0.42625
0.48125
0.553125
0.57
0.583125
0.5725
0.5425
0.525
0.525625
0.533125
0.561875
0.57875
0.564375
0.5575
0.529375
0.519375
0.511875
0.4875
0.478125
0.47375
0.485
0.513125
0.543125
0.56875
0.58875
0.589375
0.573125
0.525625
0.47125
0.453125
0.4475
0.48375
0.53
0.550625
0.573125
0.568125
0.56
0.57125
0.585625
0.62
0.63875
0.61375
0.57125
0.521875
0.495625
0.496875
0.50875
0.5025
0.4775
0.46
0.45125
0.468125
0.5025
0.531875
0.54375
0.540625
0.54625
0.545
0.563125
0.59
0.595
0.6225
0.613125
0.600625
0.59125
0.55
0.559375
0.571875
0.576875
0.6
0.5925
0.58125
0.584375
0.56875
0.5675
0.555
0.538125
0.535625
0.525
0.535625
0.554375
0.583125
0.6175
0.64875
0.68125
0.70125
0.699375
0.6825
0.63875
0.6
0.584375
0.565625
0.555625
0.53875
0.510625
0.4975
0.499375
0.51
0.530625
0.546875
0.559375
0.58125
0.5975
0.618125
0.63625
0.5925
0.533125
0.473125
0.410625
0.420625
0.4575
0.486875
0.535
0.550625
0.519375
0.495625
0.4475
0.43125
0.48625
0.535625
0.59375
0.63625
0.6475
0.655625
0.6625
0.629375
0.594375
0.569375
0.556875
0.59875
0.63
0.65
0.624375
0.5775
0.54
0.513125
0.52625
0.53875
0.5625
0.58375
0.60625
0.623125
0.62
0.60875
0.59
0.565
0.525
0.49125
0.46
0.46
0.46
0.46
