1.165625
1.165625
1.165625
1.165625
1.106875
1.044375
1.05
1.06375
1.02125
0.9825
0.93625
0.923125
0.951875
1.009375
1.0475
1.06
1.12
1.12125
1.095625
1.12375
1.071875
1.031875
1.03375
0.96625
0.923125
0.915625
0.886875
0.914375
0.9525
0.965625
0.990625
0.95375
0.9625
0.979375
1.00875
1.085625
1.07
1.050625
1.003125
0.955625
0.9525
0.93875
0.95125
0.921875
0.94
0.983125
1.0125
1.0525
1.0125
0.961875
0.911875
0.8775
0.87875
0.85875
0.830625
0.81375
0.785
0.793125
0.839375
0.864375
0.9125
0.96125
0.99875
1.090625
1.18625
1.245625
1.2875
1.24
1.19125
1.19625
1.16875
1.189375
1.171875
1.093125
1.05
1.006875
0.96625
0.959375
0.945
0.960625
1.025625
1.055
1.07625
1.03875
0.975
0.93875
0.91625
0.941875
0.9775
1.013125
1.044375
1.05375
1.020625
0.9875
0.971875
0.96875
0.983125
1.006875
1.005
0.96375
0.93375
0.88375
0.846875
0.835
0.8175
0.810625
0.81375
0.85
0.90125
0.945625
0.99875
0.988125
0.996875
1.03
1.01625
1.030625
0.98875
0.921875
0.915625
0.905625
0.945
1.0325
1.05875
1.10125
1.103125
1.05625
1.020625
0.968125
0.96625
0.94
0.96375
1.03125
1.080625
1.17
1.189375
1.13875
1.045625
0.935
0.853125
0.80375
0.78125
0.781875
0.8425
0.916875
1.000625
1.074375
1.046875
1.03
1.005
0.96
0.963125
0.92375
0.9175
0.956875
0.99125
1.066875
1.07875
1.076875
1.1225
1.151875
1.20125
1.19
1.11125
1.009375
0.91875
0.889375
0.874375
0.8625
0.85125
0.856875
0.885625
0.9575
1.045625
1.05625
1.06625
1.06625
1.036875
1.095
1.1175
1.076875
1.095
1.028125
0.985625
1.016875
0.9925
0.9925
0.9925
0.9925
