0.470625
0.470625
0.470625
0.470625
0.49625
0.50625
0.518125
0.53
0.52875
0.530625
0.52875
0.521875
0.516875
0.51
0.505
0.5025
0.5
0.4975
0.495
0.49125
0.4875
0.48375
0.470625
0.463125
0.45125
0.43
0.415
0.405
0.39625
0.396875
0.413125
0.414375
0.4175
0.43
0.4275
0.433125
0.44
0.4375
0.435625
0.435
0.435625
0.425
0.411875
0.4025
0.391875
0.394375
0.40125
0.4
0.3975
0.391875
0.39625
0.401875
0.4075
0.414375
0.400625
0.383125
0.3675
0.348125
0.34625
0.363125
0.390625
0.43625
0.468125
0.486875
0.480625
0.458125
0.45125
0.435625
0.4425
0.439375
0.425
0.419375
0.409375
0.420625
0.434375
0.45875
0.474375
0.48
0.48625
0.475625
0.4725
0.470625
0.463125
0.45375
0.440625
0.421875
0.4025
0.395
0.379375
0.371875
0.383125
0.400625
0.43625
0.46125
0.4675
0.453125
0.426875
0.41
0.40125
0.4125
0.423125
0.42875
0.435
0.431875
0.4375
0.458125
0.475625
0.49
0.500625
0.488125
0.474375
0.4575
0.4325
0.428125
0.42625
0.430625
0.445625
0.4425
0.425
0.405
0.37125
0.3525
0.350625
0.354375
0.37625
0.38875
0.398125
0.400625
0.395
0.4
0.404375
0.413125
0.420625
0.42375
0.42625
0.4375
0.440625
0.43
0.429375
0.414375
0.419375
0.44375
0.460625
0.49
0.508125
0.514375
0.508125
0.49
0.460625
0.4275
0.40125
0.374375
0.369375
0.368125
0.375625
0.399375
0.40125
0.415
0.433125
0.435625
0.451875
0.460625
0.46
0.463125
0.47125
0.469375
0.4625
0.456875
0.443125
0.44125
0.44
0.440625
0.4425
0.45
0.461875
0.468125
0.470625
0.456875
0.451875
0.450625
0.455625
0.475625
0.485625
0.493125
0.48875
0.468125
0.44875
0.435625
0.441875
0.466875
0.484375
0.49625
0.486875
0.45875
0.438125
0.421875
0.425
0.44625
0.47625
0.488125
0.493125
0.48125
0.45
0.44625
0.438125
0.43375
0.449375
0.4475
0.44875
0.45375
0.44625
0.4375
0.420625
0.415
0.40625
0.40625
0.411875
0.404375
0.405
0.405
0.41625
0.428125
0.43625
0.44125
0.43375
0.42875
0.43375
0.44
0.45
0.45875
0.4625
0.476875
0.494375
0.503125
0.50375
0.483125
0.4575
0.441875
0.43625
0.45
0.455625
0.469375
0.478125
0.475
0.489375
0.479375
0.45875
0.44375
0.420625
0.42
0.43875
0.453125
0.46
0.46375
0.45875
0.46
0.4775
0.48875
0.4975
0.486875
0.465
0.448125
0.4275
0.421875
0.423125
0.41375
0.41625
0.42625
0.4225
0.43375
0.43375
0.4275
0.438125
0.43875
0.453125
0.468125
0.474375
0.473125
0.464375
0.4575
0.453125
0.470625
0.47875
0.47875
0.47875
0.47875
