0.80075
0.80075
0.80075
0.80075
0.8199375
0.9131875
1.0585
1.1558125
1.3295625
1.4290625
1.3645
1.3555625
1.16525
0.9820625
0.887
0.7779375
0.762125
0.805875
0.849625
0.9119375
0.97425
0.97425
0.9734375
0.9215
0.8506875
0.81975
0.7675625
0.7336875
0.8308125
0.8713125
0.94625
1.0339375
0.9256875
0.894375
0.841
0.78
0.798625
0.744625
0.6841875
0.667625
0.6188125
0.6586875
0.751
0.799375
0.9205
0.985375
0.99375
0.97875
0.93175
0.86475
0.8424375
0.8855625
0.9201875
0.9905
1.0363125
1.009125
0.9981875
0.979625
0.9610625
1.0011875
1.021375
1.0561875
1.091
1.0940625
1.089
1.0269375
0.948875
0.8786875
0.8405
0.835375
0.8350625
0.835625
0.8041875
0.7981875
0.821125
0.8263125
0.8823125
0.895
0.8951875
0.9470625
0.9305
0.9599375
1.0000625
0.9671875
1.0015625
0.9865625
0.9371875
0.9410625
0.8641875
0.82825
0.90125
0.9475
1.153
1.329375
1.303125
1.2639375
1.022125
0.82125
0.7565
0.7475625
0.8164375
0.8225
0.7895
0.7134375
0.66525
0.6898125
0.7445
0.8018125
0.8439375
0.84975
0.8456875
0.853125
0.84875
0.8445
0.803625
0.75825
0.7135
0.691625
0.7275625
0.7556875
0.818
0.8341875
0.823875
0.9480625
1.0534375
1.1590625
1.2478125
1.124125
0.99625
1.00225
1.065375
1.2324375
1.4183125
1.4026875
1.303625
1.1674375
0.9885
0.8854375
0.84075
0.8225
0.829
0.86475
0.894875
0.9248125
0.94225
0.959625
0.986375
0.98
0.973
0.939375
0.8275
0.73025
0.6693125
0.600125
0.64275
0.7473125
0.803875
0.9240625
0.9529375
0.916
0.906875
0.8544375
0.879875
0.9399375
0.992375
0.9988125
0.9624375
0.8966875
0.8709375
0.918375
0.9575
1.0086875
1.034625
1.045125
1.047625
1.0298125
0.98225
0.882875
0.8036875
0.759875
0.7076875
0.6955625
0.6834375
0.6656875
0.6616875
0.69775
0.7661875
0.7845625
0.8421875
0.855875
0.8410625
0.9033125
0.950375
1.0051875
1.0160625
0.9675
0.9083125
0.8175
0.878875
1.00925
1.1446875
1.335625
1.3385
1.2844375
1.1999375
1.0759375
1.0388125
0.9764375
0.98275
0.9795
0.922
0.9223125
0.868375
0.8325625
0.84975
0.8453125
0.8556875
0.86925
0.90675
0.9588125
0.9804375
0.9859375
0.939
0.845125
0.8005
0.8059375
0.8141875
0.898125
0.9515
0.977625
1.03575
1.0275625
1.02725
1.0160625
0.9845625
0.98025
0.9708125
0.929125
0.914875
0.8964375
0.847625
0.83525
0.766125
0.6756875
0.661375
0.6835
0.7346875
0.84025
0.8645625
0.8523125
0.8545625
0.771375
0.765125
0.7439375
0.681625
0.708125
0.6984375
0.7231875
0.81975
0.8849375
0.9659375
0.9869375
0.946
0.8585
0.733875
0.6745
0.6294375
0.6853125
0.7835625
0.868875
0.9828125
1.026375
1.031875
1.0488125
1.023625
0.960875
0.8988125
0.790625
0.7259375
0.725875
0.759125
0.8195625
0.8611875
0.9111875
0.9440625
0.9684375
0.9844375
0.97175
0.96325
0.9590625
0.96325
0.971625
0.971625
0.971625
0.96325
0.95475
0.954625
0.9545
0.9585625
0.9264375
0.8859375
0.84975
0.798375
0.8239375
0.8535625
0.8746875
0.930375
0.94125
0.9371875
0.900875
0.8258125
0.7548125
0.71825
0.74275
0.806
0.869375
0.9090625
0.8995
0.8545625
0.809625
0.769125
0.793875
0.8464375
0.9033125
0.96425
0.9845625
0.99725
0.9773125
0.9125625
0.8284375
0.72075
0.665375
0.67525
0.707875
0.7749375
0.818125
0.8485
0.8915
0.9195625
0.9705
0.9925
0.979125
0.965625
0.906125
0.88075
0.8728125
0.864875
0.8799375
0.8823125
0.8673125
0.837125
0.8069375
0.7564375
0.72525
0.740375
0.7675625
0.821625
0.912125
0.9503125
0.95375
0.9631875
0.9098125
0.8625625
0.8606875
0.849
0.906
1.0025625
1.06425
1.1000625
1.0411875
0.9295
0.830125
0.7504375
0.764625
0.8354375
0.9103125
0.955125
0.9575625
0.9275
0.87725
0.879375
0.9011875
0.89075
0.8963125
0.8838125
0.8176875
0.8243125
0.8548125
0.8641875
0.905
0.9086875
0.864625
0.8643125
0.88675
0.9056875
0.9485
0.942375
0.92475
0.91575
0.9133125
0.9373125
0.9455625
0.9263125
0.99375
1.0559375
1.1216875
1.234625
1.1545
1.0785625
1.0070625
0.8965
0.8804375
0.8601875
0.844
0.8409375
0.87625
0.9115625
0.9233125
0.937
0.86525
0.7893125
0.752125
0.7320625
0.805
0.8863125
0.9439375
0.988625
0.988375
0.9433125
0.90775
0.827375
0.73625
0.7220625
0.7096875
0.774375
0.88525
0.9546875
1.00925
1.027375
1.0105
0.99875
1.0786875
1.246625
1.494375
1.835375
2.0205
2.117625
2.062875
1.826875
1.6629375
1.400375
1.21375
1.1193125
1.0319375
1.0768125
1.0978125
1.09525
1.0508125
0.9379375
0.843625
0.783875
0.770625
0.779875
0.8275
0.848125
0.836875
0.8390625
0.792125
0.8568125
0.95675
1.0945
1.2605
1.20225
1.1235625
0.9941875
0.8164375
0.7824375
0.7643125
0.7696875
0.832875
0.8989375
0.9705625
0.997375
0.9786875
0.9448125
0.891
0.8994375
1.046125
1.149625
1.2449375
1.2625625
1.0725625
0.94275
0.825
0.8151875
0.87975
0.9033125
1.014875
1.044
1.116
1.222125
1.1643125
1.1176875
1.032
0.9291875
0.8784375
0.8743125
0.8774375
0.8541875
0.8514375
0.790875
0.784125
0.853125
0.9235625
1.0329375
1.0733125
1.0413125
1.02825
0.963
0.94375
0.9475
0.9140625
0.9371875
0.9143125
0.895625
0.8910625
0.9541875
1.0161875
1.0456875
1.084625
0.932375
0.82825
0.7995625
0.8064375
0.9315625
1.0275625
1.0304375
0.9905
0.9398125
0.8630625
0.835
0.8029375
0.850375
0.9424375
1.049625
1.15525
1.1120625
1.058125
0.983625
0.9008125
0.849375
0.8103125
0.774
0.782625
0.8396875
0.87175
0.9090625
0.9031875
0.8665
0.859125
0.8313125
0.8311875
0.8470625
0.839375
0.8568125
0.8601875
0.852375
0.824625
0.808125
0.79125
0.7855625
0.8323125
0.8055
0.7760625
0.7738125
0.7390625
0.776
0.8288125
0.8544375
0.884125
0.8875
0.8575
0.9113125
0.9289375
0.9724375
1.0618125
0.979375
0.9926875
0.9914375
0.97225
1.0410625
0.991
0.9350625
0.869
0.807125
0.8293125
0.8314375
0.8428125
0.850875
0.822
0.838875
0.84725
0.8496875
0.8885625
0.9031875
0.922125
0.9309375
0.9198125
0.89375
0.8436875
0.8121875
0.78825
0.7944375
0.8608125
0.8991875
0.90975
0.905375
0.85275
0.85275
0.85275
0.85275
