0.024375
0.024375
0.024375
0.024375
-0.071875
-0.08
-0.005625
-0.006875
-0.079375
-0.133125
-0.116875
-0.010625
0.13875
0.24125
0.17375
0.049375
-0.0075
-0.119375
-0.185625
-0.14625
-0.169375
-0.131875
-0.00625
0.05625
0.080625
0.171875
0.149375
0.10875
0.1025
0.02625
-0.013125
-0.035625
-0.001875
-0.008125
0.016875
0.003125
-0.109375
-0.136875
-0.156875
-0.118125
-0.038125
-0.065625
-0.1075
-0.168125
-0.16125
-0.024375
0.150625
0.268125
0.323125
0.270625
0.166875
0.1025
0.05
0.040625
-0.008125
0.01
-0.0375
-0.04375
0.0225
-0.025
-0.00125
-0.051875
-0.101875
-0.04375
0.01
0.12875
0.2225
0.205625
0.205625
0.165625
0.1325
0.176875
0.158125
0.1125
0.063125
-0.00875
-0.059375
-0.06625
-0.12125
-0.069375
0.021875
0.059375
0.1275
0.033125
-0.07875
-0.14625
-0.219375
-0.249375
-0.26625
-0.283125
-0.268125
-0.23625
-0.219375
-0.2025
-0.175
-0.1275
-0.16125
-0.118125
-0.131875
-0.1575
-0.086875
-0.15
-0.153125
-0.2325
-0.316875
-0.344375
-0.411875
-0.353125
-0.344375
-0.320625
-0.165625
-0.061875
0.12125
0.33125
0.364375
0.3825
0.331875
0.188125
0.1075
-0.033125
-0.134375
-0.13875
-0.138125
-0.00125
0.115625
0.24375
0.284375
0.21875
0.179375
-0.019375
-0.010625
0.134375
0.278125
0.575625
0.636875
0.501875
0.351875
0.10375
-0.02125
-0.06625
-0.115625
-0.071875
-0.00875
0.12875
0.268125
0.364375
0.36875
0.3
0.160625
-0.04125
-0.185625
-0.2875
-0.263125
-0.155
-0.02375
0.05625
0.085
0.11625
0.2175
0.42125
0.541875
0.57625
0.46625
0.230625
0.09125
0.075625
0.054375
0.0025
-0.0625
-0.19875
-0.26375
-0.205
-0.16875
-0.195
-0.175
-0.174375
-0.169375
-0.02375
-0.00375
-0.048125
-0.011875
-0.118125
-0.189375
-0.206875
-0.235
-0.235
-0.235
-0.235
