0.1186875
0.1186875
0.1186875
0.1186875
0.156125
0.1999375
0.17775
0.1824375
0.1433125
0.100875
0.1230625
0.1014375
0.1203125
0.121
0.0746875
0.068875
0.0225625
0.0428125
0.1126875
0.13875
0.1850625
0.1355625
0.0815
0.0543125
0.0443125
0.1221875
0.1595625
0.2115
0.2469375
0.245875
0.242875
0.2213125
0.1990625
0.1753125
0.2138125
0.2325
0.2511875
0.27075
0.2290625
0.189
0.1013125
0.025125
-0.0031875
0.0274375
0.110625
0.14225
0.1238125
0.044125
0.0045625
0.0024375
0.0439375
0.1099375
0.080125
0.098
0.0621875
0.01975
0.03375
0.0026875
0.0149375
0.009
0.0424375
0.0424375
0.0110625
0.04625
0.0029375
-0.0185625
0.0265
-0.0069375
-0.0185625
0.024125
-0.0018125
0.02525
0.112125
0.113625
0.16225
0.181625
0.126125
0.158375
0.122
0.068125
0.0515
-0.0101875
-0.0325
-0.027625
-0.043875
-0.0935625
-0.119625
-0.128375
-0.155875
-0.113375
-0.052875
-0.0213125
0.0955625
0.175875
0.1836875
0.20575
0.1663125
0.1001875
0.0910625
0.0981875
0.089625
0.10775
0.094875
0.063125
0.0426875
0.00075
-0.052125
-0.0814375
-0.0674375
-0.00075
0.0874375
0.1318125
0.1225
0.095875
0.1143125
0.12325
0.127625
0.097875
0.0230625
-0.0170625
-0.0075625
-0.0075625
-0.0278125
-0.0079375
-0.012875
0.0436875
0.12775
0.153125
0.164625
0.1201875
0.06325
0.0199375
0.024625
0.0935625
0.1624375
0.2319375
0.2649375
0.2366875
0.2234375
0.1725625
0.084
0.0271875
-0.0384375
-0.040625
0.016125
0.03025
0.0329375
0.03275
0.040375
0.112125
0.1944375
0.2531875
0.231375
0.1480625
0.0753125
0.0025625
0.010875
0.0410625
0.028625
0.0161875
-0.034
-0.0716875
-0.0746875
-0.0745625
-0.04275
0.005625
0.0755625
0.125625
0.144
0.122
0.0804375
0.055625
0.041375
0.064875
0.0738125
0.076125
0.102
0.1195625
0.170625
0.2346875
0.251625
0.2285625
0.1689375
0.1168125
0.1118125
0.1445625
0.2064375
0.230875
0.1893125
0.1285
0.0281875
-0.025
0.0066875
0.0519375
0.1408125
0.185875
0.1885
0.2309375
0.232875
0.2753125
0.31775
0.303875
0.316625
0.2666875
0.21675
0.1945625
0.166
0.19875
0.2185
0.2008125
0.197
0.177625
0.18425
0.238
0.2354375
0.2295625
0.1970625
0.127125
0.1185
0.1065625
0.0794375
0.0670625
0.059375
0.0785625
0.1265625
0.1843125
0.216125
0.224375
0.2515
0.2468125
0.246875
0.2339375
0.2233125
0.215
0.1840625
0.1366875
0.05025
-0.0173125
-0.064625
-0.0825
-0.0825
-0.0825
-0.0653125
-0.0080625
0.066375
0.180875
0.278875
0.315625
0.2931875
0.188
0.0609375
-0.0449375
-0.0873125
-0.0655
-0.0191875
0.00825
0.035375
0.0621875
0.082375
0.15025
0.17575
0.158875
0.1238125
0.05
-0.024125
-0.07375
-0.080375
-0.07375
-0.0208125
0.0255
0.073875
0.115625
0.1325625
0.176375
0.1730625
0.1515625
0.0995625
0.00375
-0.0449375
-0.0406875
0.002375
0.0859375
0.1035
0.0796875
0.0475625
-0.028375
-0.0333125
-0.00475
0.0238125
0.0995
0.158125
0.1931875
0.2683125
0.319875
0.319875
0.319875
0.23975
0.159625
0.1195625
0.077125
0.072125
0.0220625
0.0014375
-0.0346875
-0.0655625
-0.04875
-0.048375
-0.009875
0.026
0.0886875
0.087625
0.0663125
0.0850625
0.0449375
0.063875
0.0691875
-0.005625
-0.0215625
-0.003375
0.0290625
0.144
0.2295
0.2725625
0.328
0.328
0.341
0.351625
0.34925
0.372875
0.3835
0.378625
0.3313125
0.257125
0.159375
0.0573125
0.03775
0.000875
0.011125
0.083625
0.1184375
0.1870625
0.211875
0.196625
0.16075
0.161625
0.1999375
0.2375625
0.2914375
0.3059375
0.3063125
0.3080625
0.329
0.3105625
0.286
0.250125
0.1398125
0.0605625
-0.0255625
-0.1215
-0.1234375
-0.089875
-0.053625
0.022875
0.0725625
0.063375
0.0793125
0.0708125
0.066
0.1345
0.1450625
0.1360625
0.1110625
0.0028125
-0.0411875
-0.042125
-0.0565625
0.007625
0.015875
0.0158125
-0.000875
-0.0863125
-0.1503125
-0.232125
-0.2489375
-0.2264375
-0.1535625
-0.086
-0.0350625
0.0056875
-0.0061875
0.0090625
-0.0074375
-0.027
-0.043625
-0.080125
-0.0955
-0.078
-0.0584375
-0.023625
0.0059375
-0.018125
0.015375
0.0389375
0.0255
0.0460625
0.0135625
-0.028875
0.012625
0.0439375
0.030625
0.0378125
-0.017125
-0.0274375
0.0476875
0.0918125
0.149125
0.1644375
0.1215625
0.1295
0.1394375
0.0995625
0.0933125
0.00975
-0.098625
-0.1179375
-0.1801875
-0.1485625
-0.0653125
-0.0076875
0.1160625
0.1776875
0.177875
0.119375
0.025125
-0.05925
-0.07
-0.003625
0.07275
0.164125
0.1975625
0.1916875
0.1745
0.108625
0.0494375
-0.0025
-0.0643125
-0.04725
0.027125
0.071
0.136
0.1316875
0.0693125
0.085125
0.0798125
0.1325
0.1559375
0.1316875
0.113375
0.067375
0.0860625
0.065375
0.0493125
0.0003125
-0.083375
-0.09825
-0.0979375
-0.0235625
0.11125
0.2265625
0.327375
0.3861875
0.390625
0.385125
0.338875
0.2754375
0.1788125
0.07225
0.07225
0.07225
0.07225
