0.410625
0.410625
0.410625
0.410625
0.433125
0.423125
0.418125
0.430625
0.44625
0.46125
0.48
0.485625
0.48125
0.47625
0.47625
0.46625
0.4725
0.4775
0.47375
0.4775
0.475625
0.46375
0.45375
0.450625
0.443125
0.450625
0.455625
0.455625
0.45875
0.468125
0.476875
0.4825
0.486875
0.480625
0.46625
0.458125
0.453125
0.450625
0.4625
0.475625
0.484375
0.493125
0.49875
0.495625
0.495625
0.494375
0.484375
0.483125
0.471875
0.451875
0.439375
0.4225
0.4125
0.409375
0.415625
0.4125
0.42
0.43875
0.43875
0.4575
0.469375
0.4625
0.470625
0.47125
0.459375
0.468125
0.4625
0.453125
0.465625
0.455
0.461875
0.470625
0.463125
0.465
0.456875
0.44125
0.43375
0.443125
0.455
0.48375
0.509375
0.52
0.525
0.51
0.496875
0.475625
0.459375
0.453125
0.443125
0.44625
0.439375
0.444375
0.453125
0.46
0.48125
0.48
0.465625
0.436875
0.40875
0.40875
0.40875
0.40875
