1.0835625
1.0835625
1.0835625
1.0835625
1.06575
1.04325
1.0093125
1.005
1.0198125
0.9965
1.003625
0.9768125
0.95
0.994625
1.02025
1.0916875
1.1898125
1.1951875
1.1971875
1.1660625
1.085875
1.08025
1.0546875
1.011375
0.98525
0.954
0.9460625
0.9865
1.0290625
1.01
1.01425
0.9731875
0.939125
0.93675
0.9110625
0.907375
0.9445
1.001375
1.0395
1.0813125
1.0375
0.9828125
0.95
0.9295
0.96625
0.99325
1.0296875
1.032125
1.00525
0.9975
0.978375
0.968125
0.97875
0.9706875
0.9445625
0.9386875
0.906375
0.903
0.9165
0.91425
0.937625
0.921875
0.923
0.9226875
0.9190625
0.9548125
0.9755625
1.0015
1.0350625
1.0514375
1.0693125
1.0871875
1.0788125
1.0431875
0.981375
0.9204375
0.869125
0.842
0.829875
0.813625
0.8025625
0.8115
0.839875
0.8793125
0.9241875
0.9290625
0.929875
0.922625
0.9099375
0.933375
0.9554375
0.981125
1.0065625
1.045375
1.0768125
1.0955
1.1144375
1.0668125
0.99925
0.9504375
0.8964375
0.867875
0.88275
0.8773125
0.8970625
0.929125
0.9174375
0.9190625
0.877625
0.8370625
0.8170625
0.818875
0.852
0.8813125
0.9315
0.9380625
0.936625
0.9405
0.902
0.8981875
0.8934375
0.9098125
0.9709375
1.00225
1.030375
1.014875
0.954625
0.9276875
0.9313125
0.9719375
1.0373125
1.0651875
1.0388125
0.9773125
0.9134375
0.8904375
0.895
0.917125
0.9474375
0.9491875
0.9509375
0.9526875
0.9380625
0.924875
0.930375
0.951125
0.9848125
1.027375
1.0325625
1.048125
1.0541875
1.0445625
1.0778125
1.03675
0.997375
0.9585625
0.8955625
0.88125
0.87
0.8739375
0.859125
0.8528125
0.858125
0.87975
0.9603125
1.032375
1.0928125
1.1170625
1.0555
0.9885
0.9405
0.9114375
0.93275
0.9680625
0.979125
0.9844375
0.98025
1.0045625
1.020375
1.0335
1.097
1.0825625
1.0944375
1.1340625
1.081625
1.0853125
1.0605
1.01525
1.0254375
1.0089375
1.0231875
1.0389375
1.0426875
1.0501875
1.022875
0.9921875
0.9601875
0.935
0.9274375
0.9165
0.929
0.9513125
0.97925
1.032
1.0731875
1.0965
1.124625
1.1313125
1.1270625
1.1399375
1.16
1.1544375
1.13625
1.125875
1.0769375
1.053625
1.0435625
1.0389375
1.054375
1.0709375
1.107125
1.077125
1.0579375
1.0134375
0.930625
0.8916875
0.8485625
0.84125
0.855375
0.8945625
0.946
0.9854375
1.024
1.04175
1.0244375
1.0449375
1.074875
1.0715
1.0875625
1.0416875
1.0243125
1.0361875
1.04025
1.0524375
0.9795625
0.934625
0.9461875
0.9916875
1.0851875
1.1514375
1.1203125
1.0654375
1.0329375
0.973875
0.9665625
0.9704375
0.950625
0.95975
0.9858125
0.9943125
0.984625
1.0181875
1.0171875
1.0210625
1.0506875
0.9890625
0.942
0.947375
0.968625
1.036375
1.1443125
1.161875
1.1349375
1.151875
1.0884375
1.070625
1.0923125
1.06925
1.086375
1.1089375
1.0929375
1.0365
0.9755
0.9223125
0.91725
0.9930625
1.100125
1.18
1.2025625
1.1846875
1.1336875
1.1194375
1.1611875
1.1573125
1.136375
1.0705
0.962375
0.9050625
0.8745
0.8575625
0.85125
0.8556875
0.853625
0.8600625
0.8946875
0.8974375
0.9258125
0.958125
0.9749375
1.0110625
1.032375
1.0458125
1.022875
0.988
0.915625
0.8689375
0.8521875
0.8409375
0.8861875
0.936625
0.9903125
1.0776875
1.1304375
1.1191875
1.10075
1.0210625
0.9341875
0.88125
0.8329375
0.8394375
0.8611875
0.9029375
0.9686875
1.0133125
1.0625
1.0948125
1.0853125
1.0696875
1.04325
1.0145
0.9953125
0.96625
0.9629375
0.9395625
0.97175
1.005625
0.9989375
1.038125
1.01125
1.0198125
1.0679375
1.076875
1.0739375
1.0468125
0.9826875
0.9288125
0.9064375
0.8638125
0.869625
0.8894375
0.924625
0.9839375
0.986625
0.977625
0.9555625
0.9705
1.0104375
1.045
1.0533125
0.9938125
0.9344375
0.9108125
0.917375
0.9521875
0.9995
1.0229375
1.0573125
1.07125
1.0856875
1.074625
1.01825
1.00125
0.9536875
0.931375
0.9655625
1.004
1.08825
1.1608125
1.1728125
1.1603125
1.1135625
1.1029375
1.1483125
1.1528125
1.14575
1.105875
1.02375
0.998875
1.013375
1.0295
1.05625
1.0424375
0.992
0.9256875
0.8875625
0.8775625
0.90675
0.957125
0.992
1.0431875
1.0715625
1.0943125
1.0806875
1.022625
0.934625
0.85125
0.8049375
0.7944375
0.8404375
0.93375
1.0151875
1.104
1.150625
1.1090625
1.0998125
1.065125
1.035125
1.0368125
1.029
1.0150625
1.0144375
1.0223125
0.967375
0.921625
0.9010625
0.90775
0.9783125
1.0681875
1.121625
1.1288125
1.1058125
1.06575
1.0345625
1.02575
1.0646875
1.105875
1.128375
1.135875
1.088625
1.01675
0.9796875
0.9784375
0.9653125
0.9941875
0.9884375
0.9585
0.9600625
0.927875
0.944125
0.936875
0.9745
1.03125
1.076125
1.1520625
1.1559375
1.1968125
1.1926875
1.1969375
1.2044375
1.1465625
1.0945625
1.0330625
1.004875
0.9809375
0.989375
0.986125
1.009
1.07125
1.114125
1.148875
1.106125
1.025125
0.9489375
0.90475
0.901
0.9430625
0.99075
1.0008125
1.0513125
1.053
1.079875
1.1148125
1.068875
1.03725
0.9559375
0.884875
0.8701875
0.8665625
0.9038125
0.944
0.9525625
0.954625
0.9324375
0.9299375
0.943125
0.9895
1.0235625
1.042125
1.07525
1.0784375
1.0955
1.0785625
1.0325
0.9565
0.908625
0.8859375
0.8778125
0.9295625
0.981625
1.043875
1.12825
1.1520625
1.1026875
1.04525
0.93575
0.865375
0.8553125
0.84575
0.8926875
0.9256875
0.9660625
1.0249375
1.060625
1.099375
1.11025
1.10575
1.0695
1.0349375
1.00925
0.9713125
1.0081875
1.0488125
1.068375
1.12375
1.114625
1.1235625
1.174625
1.157875
1.12925
1.0795
0.99475
0.96725
0.98025
0.9996875
1.055875
1.083125
1.1139375
1.1155
1.09425
1.0821875
1.0536875
1.088875
1.0956875
1.097625
1.0795
0.9803125
0.9079375
0.8744375
0.8868125
0.930875
0.9878125
1.014125
1.018125
1.04225
1.0515625
1.0309375
0.992
0.93375
0.88175
0.889625
0.9550625
1.054875
1.14375
1.1720625
1.141875
1.085
1.0339375
1.0141875
1.0125
0.9886875
0.989625
0.993125
0.99325
1.00925
0.9805
0.94525
0.886125
0.8349375
0.81325
0.82475
0.89075
0.978375
1.05175
1.0951875
1.1083125
1.0739375
1.076625
1.0509375
1.0271875
1.02525
0.96275
0.957
0.978
1.02375
1.11175
1.1446875
1.1118125
1.0413125
0.9475625
0.8885625
0.8885
0.923125
0.977875
1.0431875
1.08975
1.12025
1.1568125
1.156125
1.1554375
1.1214375
1.0580625
1.0230625
0.9720625
0.999
1.044125
1.05775
1.0800625
1.0363125
0.9775625
0.9623125
0.954375
0.9345625
0.9455625
0.91375
0.8810625
0.889625
0.8851875
0.9241875
0.961
1.00175
1.01875
0.9985625
0.9845
0.951
0.9759375
1.0096875
1.040375
1.056125
1.0095625
0.9745625
0.94475
0.957375
0.968125
1.0141875
1.0584375
1.079375
1.1219375
1.094125
1.1
1.105875
1.1194375
1.144
1.0913125
1.0153125
0.9333125
0.89975
0.9465625
1.043375
1.135
1.1660625
1.11675
1.0343125
0.984625
0.96625
0.9835
0.9836875
0.9510625
0.9255625
0.949375
0.9999375
1.030375
1.04675
0.993875
0.9345
0.92775
0.9289375
0.9389375
0.9706875
0.9785625
1.0114375
1.06
1.0748125
1.1043125
1.0795625
1.0545625
1.0415625
0.9734375
0.9305
0.8911875
0.8816875
0.923
0.966
1.024625
1.0414375
1.0678125
1.0955625
1.0736875
1.059
0.975375
0.8910625
0.845875
0.8320625
0.8861875
0.97025
1.0626875
1.1351875
1.1841875
1.194375
1.185375
1.154375
1.1234375
1.101375
1.05925
1.0724375
1.0719375
1.0581875
1.1148125
1.08675
1.07375
1.0846875
1.023125
1.0128125
0.9968125
0.951625
0.9298125
0.9120625
0.9273125
0.991
1.0334375
1.080375
1.0769375
1.061625
1.093375
1.1133125
1.1969375
1.2160625
1.193375
1.1483125
1.0390625
0.9746875
0.9498125
0.9505625
0.979875
1.033125
1.0525625
1.1135
1.1639375
1.1774375
1.183875
1.105375
1.0074375
0.9373125
0.915625
0.9743125
1.087625
1.166625
1.189
1.131
1.036625
0.99325
0.9756875
0.9983125
1.007125
0.9745625
0.9398125
0.94525
0.9911875
1.051125
1.116375
1.1169375
1.07375
1.0335
1.00075
0.97225
0.9665625
0.9320625
0.9064375
0.90875
0.942375
1.022625
1.0543125
1.08975
1.07175
1.0338125
1.0329375
1.0060625
1.0061875
0.97625
0.9800625
1.0205625
1.0455625
1.094
1.0835
1.0689375
1.0689375
1.0715
1.0654375
1.019875
0.9749375
0.9579375
0.9659375
0.995375
1.0209375
0.9998125
0.986375
0.9710625
0.9751875
1.0163125
1.0704375
1.12525
1.135625
1.12725
1.0733125
1.004875
0.9809375
0.9581875
1.01
1.07725
1.133875
1.17025
1.1405625
1.1259375
1.0935625
1.1016875
1.1050625
1.073625
1.03
0.945
0.87725
0.830375
0.831125
0.8615625
0.89925
0.9563125
1.00825
1.0641875
1.1375625
1.2151875
1.2305
1.2173125
1.162625
1.04325
0.957625
0.8796875
0.872125
0.9193125
0.992125
1.1004375
1.116
1.117
1.0888125
1.0068125
0.974125
0.9223125
0.8726875
0.8795625
0.9220625
1.010375
1.11025
1.172625
1.154375
1.103
1.076125
1.0344375
1.0249375
1.00075
0.949
0.9274375
0.9628125
1.0404375
1.106625
1.15875
1.1376875
1.072
1.0239375
0.9838125
0.9525
0.9479375
0.91575
0.9085625
0.9170625
0.949
1.0069375
1.010625
1.0330625
0.998875
0.96325
0.954375
0.9225625
0.950625
0.967
1.006125
1.034875
1.0336875
1.06525
1.054625
1.05075
1.0245
0.9740625
0.940625
0.9415625
0.9644375
0.967875
1.001125
0.99975
1.0101875
1.0595
1.080375
1.1143125
1.1394375
1.1420625
1.121875
1.081
1.0375625
0.9971875
1.0295
1.0696875
1.09975
1.11725
1.0686875
1.0759375
1.082375
1.120375
1.1465
1.1013125
1.0670625
1.007375
0.9986875
1.0185625
1.068375
1.1276875
1.192875
1.23
1.25525
1.2586875
1.2095625
1.224125
1.1741875
1.1575625
1.1441875
1.0451875
0.9910625
0.922375
0.9240625
0.989625
1.059125
1.1328125
1.112875
1.0738125
1.0378125
0.9781875
0.969625
0.9386875
0.916875
0.9373125
0.946875
1.00875
1.033
1.0123125
0.9946875
0.94375
0.9165625
0.933625
0.960875
0.9915
1.032375
1.0205
0.9945625
0.9655625
0.9146875
0.9029375
0.91825
0.9209375
0.9645
0.995
1.01225
1.0673125
1.0734375
1.1108125
1.1185
1.074125
1.0410625
0.97375
0.9285625
0.9204375
0.91675
0.9281875
0.9798125
1.0395625
1.1325
1.1911875
1.1649375
1.1010625
1.0253125
0.9843125
0.992625
1.0233125
0.98725
0.9798125
0.9899375
1.0024375
1.09425
1.104625
1.0895
1.0943125
1.0609375
1.0690625
1.054
0.9995
0.93175
0.869625
0.8820625
0.911625
0.95975
1.0024375
0.9790625
0.996125
1.0371875
1.0813125
1.1135625
1.0566875
0.957
0.8815
0.857
0.9084375
1.010875
1.065625
1.12625
1.1330625
1.128
1.176375
1.1721875
1.2425625
1.2484375
1.2424375
1.2420625
1.145
1.0960625
0.9810625
0.8869375
0.8901875
0.912
0.989625
1.111125
1.1583125
1.1695625
1.1651875
1.075875
0.9930625
0.9196875
0.8840625
0.9288125
1.019375
1.117
1.1656875
1.156125
1.119875
1.1028125
1.0970625
1.109375
1.114125
1.1245
1.1425625
1.13825
1.1206875
1.053
0.9891875
0.96675
0.9870625
1.0161875
1.06425
1.07
1.06025
1.081875
1.0806875
1.1295
1.1443125
1.149875
1.127875
1.07275
1.0428125
0.9758125
0.9639375
0.983
1.01575
1.079125
1.08825
1.0358125
0.963125
0.8904375
0.8525
0.8430625
0.86675
0.9158125
0.9754375
1.0678125
1.139375
1.184375
1.192125
1.1715
1.1175625
1.0636875
1.0381875
0.9945
1.02875
1.06525
1.07025
1.145625
1.1549375
1.1661875
1.2209375
1.204375
1.1830625
1.1568125
1.094875
1.0339375
0.99025
0.927
0.897125
0.9106875
0.94675
1.008125
1.0715
1.1201875
1.1558125
1.2284375
1.2331875
1.209375
1.1625625
1.045375
0.9730625
0.9150625
0.9209375
0.949125
0.9804375
1.046125
1.0223125
1.01675
1.015875
0.961875
0.9571875
0.930375
0.911875
0.949875
1.0235
1.1268125
1.1955625
1.20375
1.1313125
1.0135625
0.9369375
0.894875
0.915625
0.959125
0.958
0.979625
0.959875
0.9463125
0.9671875
0.9314375
0.9303125
0.9366875
0.9435625
1.00275
1.023
1.052125
1.0698125
1.046
1.0415625
0.9909375
0.9414375
0.9149375
0.892375
0.902125
0.8985625
0.906375
0.9141875
0.913375
0.943375
0.938125
0.9815625
1.028875
1.0269375
1.042625
0.9826875
0.926625
0.9128125
0.9279375
0.9674375
1.025875
1.0883125
1.1275625
1.174375
1.1869375
1.1808125
1.1485
1.1111875
1.087875
1.05125
1.0783125
1.08425
1.077875
1.12875
1.1206875
1.134625
1.1680625
1.136125
1.0923125
1.067875
1.01975
0.9804375
0.992125
0.99
1.024625
1.0780625
1.137375
1.1603125
1.1785
1.2073125
1.16275
1.196125
1.1858125
1.144875
1.1511875
1.0724375
0.9969375
0.9298125
0.9075
0.9145625
0.944
1.0091875
1.00425
1.026125
1.0779375
1.0759375
1.085875
1.065625
1.0065625
1.004
1.0510625
1.1278125
1.1995
1.210625
1.166625
1.085
1.040125
1.0265625
1.0026875
0.9944375
0.93275
0.873625
0.8648125
0.8753125
0.9164375
0.952625
0.96575
0.9394375
0.940375
0.9446875
0.9353125
0.9526875
0.918625
0.903125
0.9058125
0.9255
0.9969375
1.0545625
1.145875
1.2119375
1.2205
1.2005
1.0986875
0.9909375
0.913125
0.852875
0.8588125
0.916125
0.9958125
1.10675
1.19625
1.1996875
1.181875
1.10675
1.0304375
1.0184375
0.9818125
0.9874375
0.9973125
0.975
1.006125
1.04125
1.0766875
1.1204375
1.125375
1.0959375
1.0331875
0.9725625
0.9208125
0.9035
0.964125
1.0495625
1.11325
1.1370625
1.0948125
1.012125
0.970375
0.975875
0.9695
1.006
1.0048125
0.9816875
1.0095625
1.01325
1.065375
1.11525
1.171
1.2001875
1.2175
1.2359375
1.2018125
1.24225
1.2181875
1.1826875
1.1504375
1.0701875
1.0348125
1.0234375
1.03375
1.026
1.031125
1.02675
1.07175
1.12725
1.1676875
1.1785
1.1001875
1.0070625
0.928625
0.9066875
0.965625
1.076875
1.1658125
1.2058125
1.17975
1.12375
1.0955
1.0988125
1.1300625
1.1391875
1.1564375
1.1623125
1.149
1.1515625
1.105125
1.0328125
0.968875
0.933125
0.9059375
0.933375
0.97325
0.997625
1.053875
1.0801875
1.12925
1.1443125
1.149875
1.127875
1.0525
1.0023125
0.9150625
0.8829375
0.92225
0.9863125
1.081
1.1214375
1.0769375
0.9900625
0.92625
0.8971875
0.902875
0.95275
0.981875
0.9994375
1.046625
1.073
1.09475
1.1235
1.123875
1.0909375
1.03725
0.9898125
0.9313125
0.95075
1.015
1.04775
1.091875
1.0699375
1.0286875
1.0309375
1.0561875
1.0719375
1.0864375
1.058125
1.0118125
1.01175
1.01575
1.07075
1.119625
1.1396875
1.1245625
1.0975625
1.087
1.098
1.1869375
1.211375
1.20225
1.1593125
1.068375
1.0223125
1.0090625
1.04475
1.0324375
1.0451875
1.0553125
1.0155625
1.0461875
1.037625
0.9944375
0.979125
0.930375
0.911875
0.949875
1.0235
1.1268125
1.1955625
1.2268125
1.217875
1.1903125
1.18275
1.160375
1.0975625
1.0080625
0.940875
0.8984375
0.936875
1.0096875
1.057875
1.102875
1.070375
1.01925
0.974625
0.95275
0.979375
1.02475
1.042625
1.045
1.0135625
0.96975
0.994
0.98425
1.0078125
1.0326875
0.972625
0.93775
0.8919375
0.8793125
0.9470625
1.025
1.1219375
1.161375
1.112625
1.0475625
0.9815625
0.94075
0.9745
1.0174375
0.9943125
1.000125
0.9775
0.9574375
1.0119375
1.04325
1.07525
1.1116875
1.1185
1.092
1.067875
1.0461875
1.0040625
1.039875
1.0721875
1.080875
1.112375
1.0778125
1.0711875
1.0915625
1.1356875
1.1750625
1.1631875
1.11675
1.02725
0.9745
0.9549375
0.983
1.028
1.0373125
1.009125
0.9758125
0.9538125
0.976625
1.077375
1.11025
1.135125
1.1145625
1.0058125
0.9419375
0.872375
0.8731875
0.929875
1.006625
1.113
1.126625
1.1234375
1.0910625
1.0079375
0.974125
0.9223125
0.89575
0.9256875
0.99125
1.102625
1.1794375
1.2210625
1.198
1.1418125
1.1331875
1.105125
1.1260625
1.1331875
1.1051875
1.10425
1.0788125
1.070375
1.0464375
1.0193125
0.9676875
0.9264375
0.9355
0.9470625
0.9674375
1.000125
0.98225
0.989375
1.0036875
1.0019375
1.022625
0.9890625
0.9679375
0.9135
0.8685
0.8558125
0.8594375
0.9195625
1.0081875
1.08425
1.1465
1.1634375
1.1433125
1.1395
1.107125
1.1091875
1.08175
1.045125
1.03375
1.00975
1.0214375
1.0451875
1.0814375
1.118
1.1471875
1.1675625
1.16925
1.137625
1.0869375
1.0336875
0.96
0.96425
1.0120625
1.0388125
1.1125625
1.12025
1.085625
1.093125
1.077125
1.056375
1.0494375
1.0075
0.949875
0.929
0.940875
0.9895
1.0725625
1.1199375
1.1169375
1.1091875
1.0576875
1.051
1.108
1.12
1.163
1.1605625
1.0768125
1.0021875
0.914
0.8961875
0.93475
1.0178125
1.135
1.1594375
1.1668125
1.125375
1.042125
1.023875
0.984375
0.9826875
0.9849375
0.9658125
0.9761875
0.9773125
1.0196875
1.0593125
1.114625
1.1359375
1.1273125
1.1073125
1.0645
1.054
1.0435
1.093
1.1360625
1.174375
1.1936875
1.127375
1.0739375
1.0126875
0.9588125
0.9621875
0.9291875
0.9118125
0.93025
0.9088125
0.943875
0.9875
0.99125
1.02175
1.002375
0.9730625
0.9594375
0.96925
1.0069375
1.00825
1.02525
0.9969375
0.97975
0.9925
0.977375
0.9930625
1.0175625
1.068625
1.1505
1.2190625
1.2144375
1.1566875
1.0769375
0.9759375
0.950875
0.952375
0.9306875
0.9306875
0.9015625
0.87175
0.8950625
0.9496875
1.005
1.06325
1.0949375
1.0731875
1.0306875
1.0054375
0.977125
0.96775
1.02675
1.056125
1.1130625
1.2005625
1.2014375
1.2225625
1.1711875
1.0703125
1.013125
0.92475
0.8919375
0.876375
0.8759375
0.9265
0.96125
1.0185
1.0271875
1.024
1.0544375
1.0718125
1.167125
1.1979375
1.189625
1.1550625
1.048
0.9890625
0.9353125
0.9071875
0.91
0.9344375
0.976
1.0590625
1.128125
1.1473125
1.1579375
1.1238125
1.122875
1.150875
1.1755
1.1745
1.1108125
1.0533125
0.994
0.9411875
0.9625
0.97525
1.011875
1.087875
1.099875
1.1041875
1.0796875
1.041375
1.038875
1.05175
1.07475
1.084875
1.06675
1.03325
1.0368125
1.022625
1.0248125
1.0794375
1.051375
1.0481875
1.070375
0.9998125
0.9971875
1.0238125
1.0005
1.05175
1.056
1.023875
1.0393125
1.004
1.0009375
1.0288125
1.015875
1.0513125
1.074
1.0241875
1.00075
0.9745625
0.95275
1.0024375
1.0465625
1.0290625
1.018625
0.991125
0.9558125
0.96
0.973625
0.9808125
0.9958125
1.004375
0.9813125
0.9306875
0.92875
0.9563125
1.0221875
1.1210625
1.12325
1.0839375
1.00325
0.9573125
0.982875
1.0314375
1.1115625
1.1300625
1.12625
1.11925
1.10275
1.1110625
1.117
1.1144375
1.10575
1.06375
1.007
0.979125
0.9340625
0.9669375
1.0305625
1.051375
1.0924375
1.0674375
1.007625
0.98875
0.9659375
0.933625
0.9455
0.9268125
0.9203125
0.9600625
0.975625
1.020125
1.0511875
1.061
1.051375
1.0475
1.076375
1.1116875
1.2073125
1.234
1.214125
1.1695625
1.0571875
0.9880625
0.9535625
0.959375
0.9710625
1.0098125
1.0176875
1.0149375
1.05175
1.0391875
1.0540625
1.033375
0.99675
1.01475
1.0450625
1.12875
1.1911875
1.21725
1.1893125
1.1346875
1.096375
1.041
1.0213125
0.9795
0.9880625
1.023375
1.0513125
1.095125
1.0664375
1.03125
0.9984375
0.9938125
0.998
1.032
1.043375
1.03925
1.0423125
1.0221875
1.0501875
1.0441875
1.06975
1.064375
1.005625
0.9791875
0.906625
0.8891875
0.9431875
1.0076875
1.10375
1.1455625
1.0939375
1.0118125
0.93575
0.8944375
0.926
0.99225
1.04625
1.0918125
1.11625
1.124625
1.1295
1.135125
1.1335
1.0985625
1.0636875
1.0381875
0.996875
1.0335
1.048875
1.0358125
1.088375
1.074875
1.1103125
1.183125
1.1846875
1.1815
1.1275625
1.033875
0.95125
0.905375
0.906
0.927
0.9656875
0.987875
0.9630625
0.987625
1.0280625
1.0749375
1.1945
1.2189375
1.2179375
1.1939375
1.0815
1.0139375
0.9528125
0.9375
0.981625
1.053875
1.125
1.141875
1.12075
1.048875
0.978125
0.9510625
0.9378125
0.9541875
0.9481875
0.9375
0.952
0.9565
0.986625
1.0019375
0.982
1.011375
1.041375
1.072875
1.119625
1.096
1.0606875
1.0260625
1.010875
1.0013125
1.022625
1.024
0.98175
0.980625
0.9373125
0.93625
0.957
0.933125
0.973125
1.0165
1.084625
1.2061875
1.2425625
1.20575
1.1235
1.029375
0.9794375
0.98125
1.0091875
0.978875
0.9410625
0.9001875
0.8614375
0.87975
0.9241875
0.98475
1.0325625
1.06875
1.05975
1.0385
1.026375
0.9790625
0.9954375
0.993375
0.9875
1.0350625
1.0236875
1.018375
1.0345
1.006
0.965625
0.9529375
0.9025625
0.87875
0.8926875
0.893625
0.943
0.9900625
1.04
1.0590625
1.0215
0.99225
0.9561875
0.9928125
1.06
1.141375
1.1965
1.155625
1.110875
1.014875
0.9521875
0.959875
0.95975
0.97
0.9883125
0.9884375
1.0003125
1.0426875
1.0436875
1.0139375
0.9845625
0.9175625
0.88775
0.9144375
0.9401875
1.01825
1.0615
1.063375
1.05025
1.0071875
1.00025
1.00975
1.033125
1.025875
1.032
1.012875
0.98925
0.9985
0.937375
0.900375
0.892875
0.9050625
0.9585625
1.027625
1.046125
1.049125
1.0651875
1.0651875
1.1151875
1.1311875
1.135
1.107875
1.0465
1.0174375
0.964
0.9656875
1.0005625
1.0459375
1.122875
1.1423125
1.1146875
1.0565625
1.0068125
1.0105
1.008375
1.0409375
1.0343125
0.98
0.9801875
0.9643125
0.991875
1.055625
1.073125
1.0573125
1.020375
0.9811875
0.96475
1.02625
1.08775
1.11775
1.1806875
1.1775625
1.175625
1.2171875
1.1811875
1.1404375
1.0985
1.020875
0.9848125
0.966
0.92575
0.918875
0.9144375
0.9325
0.96875
1.007
1.061125
1.1021875
1.1945
1.2189375
1.2168125
1.1884375
1.071875
1.0001875
0.9371875
0.9265
0.9475
1.0
1.0354375
1.011
1.0035625
0.9355625
0.8983125
0.898125
0.905125
0.951
0.96725
0.9768125
0.95475
0.920125
0.94075
0.97575
1.019125
1.0668125
1.05075
0.9975
0.98175
0.985125
1.005625
1.0598125
1.0806875
1.0624375
1.05425
1.0258125
0.982
0.9629375
0.965625
0.9741875
1.0008125
1.0379375
1.0085625
0.993875
0.9993125
0.9695
0.9969375
1.0050625
0.978125
0.9688125
0.943125
0.94425
0.9980625
1.076625
1.161625
1.2129375
1.2026875
1.1661875
1.092625
1.0290625
0.9658125
0.8950625
0.855625
0.8168125
0.8328125
0.852375
0.8959375
0.962625
0.99225
1.0514375
1.0725625
1.063125
1.0441875
0.984
0.925875
0.92
0.92575
0.94875
0.9854375
0.9631875
0.9655
0.98925
1.03175
1.062375
1.071625
1.0431875
0.9779375
0.9636875
0.936
0.95675
0.9963125
1.01225
1.0349375
1.04575
1.0724375
1.1055625
1.1945
1.2189375
1.205375
1.167125
1.056375
0.9905
0.962625
1.002
1.04475
1.119
1.143625
1.10375
1.1125625
1.06475
1.06675
1.0646875
1.005125
0.9765625
0.9135625
0.8948125
0.9359375
1.0131875
1.132375
1.201875
1.2108125
1.138875
1.0135625
0.91275
0.8465
0.8430625
0.8630625
0.9348125
1.002625
1.0174375
1.0370625
0.982375
0.9315625
0.922625
0.9340625
0.9563125
0.966875
0.958875
0.935375
0.922375
0.9478125
1.00725
1.0326875
1.0624375
1.03875
0.9616875
0.9098125
0.854
0.8438125
0.9050625
0.9910625
1.0895
1.1384375
1.0939375
1.0118125
0.93575
0.8846875
0.8823125
0.914625
0.9175625
0.9284375
0.9665625
0.988625
1.0403125
1.08925
1.1143125
1.1060625
1.063875
1.0279375
0.9586875
0.919375
0.906875
0.862875
0.8968125
0.9606875
1.0325
1.1478125
1.1664375
1.1251875
1.064125
0.96025
0.9135625
0.898375
0.8896875
0.901375
0.8960625
0.906125
0.8963125
0.935875
1.0111875
1.0734375
1.194125
1.2196875
1.1914375
1.1369375
1.0415625
0.9910625
0.970375
0.9944375
1.0185
1.0665
1.1379375
1.1911875
1.1996875
1.171
1.09325
0.987125
0.946
0.912125
0.9154375
0.9629375
0.9690625
0.9936875
0.9804375
0.9471875
0.962625
0.9585625
0.9860625
0.9911875
0.9635
0.9529375
0.9740625
1.0208125
1.0705
1.10225
1.0490625
0.989375
0.932
0.8848125
0.9038125
0.956
0.9890625
1.02675
1.04825
1.013125
1.001
1.0021875
0.9714375
0.9719375
0.9614375
0.924125
0.932625
0.97675
1.050375
1.1435
1.198375
1.1674375
1.0910625
0.972625
0.881375
0.8544375
0.85125
0.902875
0.9344375
0.933375
0.9581875
0.94625
0.9735625
1.0155
1.025375
1.040125
1.0010625
0.9610625
0.9070625
0.864625
0.89675
0.929125
0.97875
1.0420625
1.0393125
1.029
1.0426875
1.0165
0.9855625
0.98875
0.949125
0.93725
0.942625
0.9195625
0.9475
0.9856875
1.046375
1.091375
1.1245
1.148375
1.1591875
1.2284375
1.2331875
1.209375
1.1664375
1.0421875
0.9628125
0.9276875
0.9
0.9531875
1.037875
1.089
1.1785625
1.209625
1.207375
1.2460625
1.254125
1.2526875
1.2280625
1.1483125
1.041875
0.9816875
0.978
0.9808125
1.037
1.0558125
1.0140625
1.018125
0.9955
0.9891875
1.0376875
1.0595
1.0760625
1.143
1.1655
1.157375
1.131375
1.009375
0.904375
0.855375
0.8514375
0.917875
1.01225
1.0598125
1.091875
1.0824375
1.0535625
1.046125
1.0046875
1.0015
0.963125
0.945
0.9591875
0.9584375
1.0175625
1.0809375
1.1548125
1.20575
1.1968125
1.1231875
1.0143125
0.9429375
0.9128125
0.926
0.956125
0.95225
0.97375
0.9805
1.0209375
1.086375
1.0746875
1.0753125
1.038875
0.9926875
1.002875
1.060375
1.1031875
1.1281875
1.16175
1.12925
1.137875
1.182125
1.15625
1.125625
1.075
0.992625
0.9613125
0.96675
0.97975
1.0295
1.114
1.1845625
1.236125
1.2420625
1.18975
1.1463125
1.1181875
1.15375
1.179
1.17325
1.1445
1.0346875
0.9516875
0.9065
0.907125
0.988125
1.07825
1.1315625
1.12825
1.059125
0.9995625
0.97725
1.00725
1.042875
1.0551875
1.0321875
0.9879375
0.9836875
0.9895
1.0151875
1.0178125
0.9780625
0.938625
0.920875
0.925875
0.97675
1.0046875
0.991125
0.997875
0.9689375
0.9541875
1.0033125
1.01875
1.0535625
1.119625
1.0961875
1.122375
1.1528125
1.174625
1.267875
1.3240625
1.342125
1.3206875
1.245875
1.1454375
1.07625
1.0019375
0.9510625
0.9066875
0.85775
0.8653125
0.8785
0.9375
0.9910625
1.007125
1.02625
0.992
0.981875
0.9569375
0.9486875
0.9748125
0.969
1.0079375
1.0171875
1.009375
1.0305
1.006875
0.995
1.00225
0.9926875
1.0133125
1.0064375
1.0084375
1.013875
1.028375
1.0653125
1.0560625
1.0221875
0.94675
0.89975
0.8779375
0.8945625
0.9658125
1.0275625
1.09925
1.1598125
1.2085
1.2024375
1.1805625
1.1295
1.0195
0.93725
0.8639375
0.8233125
0.8349375
0.853125
0.9005625
0.9540625
0.98525
1.0211875
1.0183125
1.000875
0.9868125
0.990375
1.0028125
0.99525
0.997625
0.9654375
0.93875
0.9375
0.9614375
0.9914375
1.0104375
1.0396875
1.0138125
0.997125
0.964875
0.90125
0.873375
0.87475
0.92375
0.9799375
1.035875
1.0390625
1.037125
1.0743125
1.1074375
1.20425
1.2526875
1.248125
1.2173125
1.097625
0.9838125
0.9328125
0.9328125
0.9328125
0.9328125
