0.02061905125
0.02061905125
0.02061905125
0.02061905125
0.014999215625
0.01440509
0.023940308125
0.0352286825
0.0486987625
0.054143286875
0.051338241875
0.048279940625
0.047140370625
0.05000383875
0.057269674375
0.05575029125
0.047490995625
0.050500613125
0.05680226625
0.070038606875
0.08442424125
0.07625257
0.06130203375
0.0410043725
0.021154741875
0.01548620875
0.016051113125
0.0216027675
0.0284108475
0.0381310975
0.04360481625
0.04953631
0.055438585
0.0480558725
0.04139390375
0.03418650375
0.029852329375
0.03749803625
0.043643818125
0.0484260375
0.04924418125
0.04556255625
0.043643831875
0.0415108325
0.041150464375
0.036874715
0.032316509375
0.02755376625
0.019985976875
0.014521974375
0.01039232
0.013275290625
0.02081386
0.031975618125
0.04168615
0.040984881875
0.035287124375
0.02943352875
0.024339631875
0.02310267875
0.023901331875
0.02530385375
0.029939979375
0.03712792375
0.048766935
0.0536465525
0.0597533575
0.06395116875
0.060094205625
0.07016512375
0.067438041875
0.07351571625
0.083635386875
0.07713897625
0.07821034
0.0597631975
0.047023551875
0.038442813125
0.031303556875
0.034878050625
0.027923870625
0.034858595625
0.04402372
0.055097838125
0.070506144375
0.06556807
0.059207995625
0.0541725275
0.054902995625
0.0636785175
0.070759320625
0.06989248
0.05982157125
0.0548542925
0.048192295
0.047724785
0.05058826875
0.048250725
0.0453872375
0.03892004125
0.03162497
0.023375404375
0.015564125625
0.009515740625
0.013771993125
0.021534553125
0.031420380625
0.052954971875
0.065597188125
0.08194051625
0.10160509875
0.099598695
0.08869991625
0.067360118125
0.04013751125
0.024875335625
0.02441756625
0.029501716875
0.0362221425
0.038881094375
0.03860835875
0.04160817875
0.049692155
0.06083441
0.06151620875
0.056646351875
0.0425626825
0.036027308125
0.035774058125
0.040449119375
0.0488252925
0.0408094975
0.033962471875
0.027475821875
0.030709423125
0.043585360625
0.056928805625
0.064214119375
0.054084794375
0.04058551375
0.026209655625
0.01660627875
0.01614851
0.017872446875
0.0200346725
0.019119135625
0.01732702125
0.01578814
0.01424925875
0.01748285875
0.0211547475
0.02395005875
0.02674537
0.02095021625
0.0151550625
0.0097981975
0.00447055125
0.00449977
0.004343933125
0.006681471875
0.0087755175
0.0104994525
0.012408443125
0.015057658125
0.01847631375
0.02226508
0.02746610875
0.0246221
0.02208002125
0.022031318125
0.02115474
0.027076505625
0.0338164125
0.035569568125
0.03584228
0.031810023125
0.02301502875
0.022440385625
0.0331443925
0.046809286875
0.06555833125
0.076320775
0.065402493125
0.052614179375
0.035832565625
0.021875483125
0.0192165325
0.01778478875
0.02102812625
0.02216767625
0.023891608125
0.02561554
0.021982609375
0.017395184375
0.01145394
0.005512695625
0.0022498825
0.001480445
0.00415887625
0.0068373075
0.02099892625
0.035170284375
0.0554679675
0.075765650625
0.073282014375
0.07481115625
0.056247149375
0.037498086875
0.030417266875
0.021008648125
0.0228786825
0.025118828125
0.026628491875
0.021943668125
0.021300840625
0.0204729575
0.01999570625
0.02682327375
0.0255863275
0.02434938125
0.02313191375
0.017570515
0.027339505
0.048406626875
0.069269214375
0.088992251875
0.08593397
0.0611949625
0.036835805625
0.01515508
0.010869573125
0.0185444975
0.030066623125
0.04158874875
0.041841978125
0.038023994375
0.02595644125
0.013888888125
0.00681782875
0.003155683125
0.012603225
0.024729198125
0.03952386625
0.05340299625
0.0521758075
0.0515037875
0.0575035125
0.065081075
0.076388945
0.07996344625
0.06729200375
0.0503642925
0.0357254225
0.02685249
0.02302477
0.03335866875
0.04979939375
0.06497395
0.08305095
0.08084000625
0.06880165
0.05773726875
0.043312675
0.03501440625
0.02940430625
0.02507985625
0.0236286325
0.02595643375
0.02874201
0.02926796125
0.03208275375
0.033251525
0.03518973375
0.031430185625
0.02842060125
0.02558633375
0.02385266
0.02779726375
0.02259623625
0.017765319375
0.01664524625
0.01590502375
0.02375526375
0.031975614375
0.02947249625
0.026053840625
0.017492596875
0.0139181075
0.01646992375
0.019761961875
0.02585904875
0.02090151375
0.01551543
0.009973509375
0.00372058625
0.00316542
0.002824528125
0.004236793125
0.014726488125
0.02500190875
0.035277329375
0.04198799875
0.03309562375
0.024417523125
0.015953696875
0.009057971875
0.009057971875
0.00927224625
0.011054621875
0.01367461625
0.015495948125
0.017073786875
0.01542776625
0.013947319375
0.012690891875
0.01395705875
0.0167328875
0.018719798125
0.020872281875
0.018067233125
0.018223068125
0.020619046875
0.023424095625
0.031566526875
0.03302749
0.0292192475
0.027875161875
0.021339788125
0.019011986875
0.023307215625
0.03135223125
0.046857903125
0.0632498925
0.07324286375
0.07234682875
0.06039616875
0.0457768125
0.033173588125
0.02468052
0.0227228275
0.021407965625
0.02167094
0.01903147
0.01936262375
0.02028789875
0.01919704875
0.03028086875
0.042445783125
0.055604150625
0.072483100625
0.08065473125
0.077255574375
0.0730675
0.06961965
0.06319145625
0.061847393125
0.063094105
0.05540946
0.04844553375
0.04452040875
0.04505610875
0.05127008625
0.0580879325
0.068178340625
0.06151633625
0.05667566625
0.0516888975
0.04050764125
0.0368162725
0.03073866125
0.035160485
0.039056365
0.05384127
0.07371033125
0.08190146875
0.09920899375
0.099355113125
0.089712776875
0.079817184375
0.0543185475
0.036465596875
0.02919002
0.023024778125
0.025596074375
0.03244312125
0.0323067625
0.03739090875
0.043332155625
0.042163385
0.038472020625
0.03168341625
0.02410588625
0.0286835475
0.037692795625
0.0450462875
0.05128945375
0.04585469625
0.040205664375
0.03843305125
0.038900576875
0.04234844625
0.045767096875
0.042932828125
0.037653885
0.026657705625
0.026988876875
0.03138152375
0.037897436875
0.051036385
0.041608288125
0.03212175375
0.02084310125
0.007743111875
0.01718094875
0.026677223125
0.0388421925
0.053734294375
0.047870945625
0.042387448125
0.033748269375
0.021515120625
0.01698613375
0.012048076875
0.0115123875
0.01275907375
0.015788135625
0.019606115625
0.017365971875
0.015125828125
0.01466806
0.01200911125
0.01375253
0.017278324375
0.017025093125
0.01839839875
0.01839839875
0.018271779375
0.02605384125
0.035404004375
0.0447541675
0.050792818125
0.04620539375
0.03903693125
0.030086093125
0.021417705625
0.01647964875
0.01176561125
0.010616325
0.010431274375
0.0130123125
0.015544649375
0.014297960625
0.0132460675
0.008629423125
0.006632773125
0.008629423125
0.012038335
0.018115941875
0.020755415
0.019596383125
0.02025868875
0.02093073125
0.0251675225
0.03300802375
0.033826161875
0.03374824375
0.040351816875
0.045153535
0.054299183125
0.06264616875
0.05089026625
0.03913436375
0.0266966775
0.02275204125
0.04140366875
0.06005529625
0.0793887075
0.082349630625
0.06274350875
0.06274350875
0.06274350875
0.06274350875
