1.05
1.05
1.05
1.05
1.091875
1.1525
1.11
1.0725
1.0025
0.934375
0.89625
0.8325
0.896875
0.88625
0.876875
0.986875
1.013125
1.12125
1.348125
1.374375
1.400625
1.3975
1.215
1.233125
1.173125
1.096875
1.096875
0.935625
0.8525
0.82875
0.87375
0.983125
1.143125
1.294375
1.278125
1.27875
1.151875
0.918125
0.86875
0.764375
0.768125
0.881875
0.9075
1.040625
1.188125
1.3
1.32375
1.27875
1.141875
1.005625
0.978125
0.9025
0.93875
0.976875
0.99625
1.13125
1.104375
1.069375
1.07875
1.020625
1.0875
1.238125
1.296875
1.288125
1.221875
0.991875
0.846875
0.845
0.97625
1.291875
1.59375
1.744375
1.790625
1.635
1.378125
1.17625
0.890625
0.743125
0.6975
0.760625
0.885625
1.02375
1.119375
1.05125
1.035
0.925
0.905
0.970625
0.989375
1.035625
0.911875
0.77375
0.736875
0.733125
0.888125
1.029375
0.98875
0.935625
0.814375
0.7675
0.84
0.9225
0.96625
0.95375
1.003125
1.05875
1.16875
1.310625
1.34125
1.3375
1.324375
1.2875
1.2275
1.165
1.175
1.149375
1.15625
1.2225
1.175625
1.1
1.033125
0.88875
0.74625
0.71625
0.705
0.755
0.89375
0.964375
1.04375
1.09875
1.090625
1.055625
1.005
1.031875
1.071875
1.123125
1.141875
1.00125
0.841875
0.731875
0.681875
0.706875
0.734375
0.76625
0.770625
0.798125
0.856875
0.84125
0.818125
0.819375
0.77875
0.81875
0.86375
0.909375
0.99125
1.008125
1.010625
0.9
0.845
0.900625
0.9575
1.088125
1.13375
1.023125
1.00375
0.95375
0.854375
0.833125
0.665
0.55625
0.51625
0.581875
0.785
1.026875
1.260625
1.284375
1.25875
1.069375
0.916875
0.8975
0.839375
0.941875
0.99875
1.024375
1.01875
0.98875
0.984375
1.0525
1.17375
1.176875
1.149375
1.051875
0.93125
0.966875
1.051875
1.11125
1.23
1.1975
1.158125
1.081875
0.95125
0.95875
0.8975
0.916875
1.025
0.9925
1.0175
1.024375
0.930625
0.920625
0.919375
0.923125
0.954375
0.94875
0.969375
0.984375
0.986875
1.02625
0.950625
0.878125
0.765625
0.733125
0.791875
0.91125
1.07125
1.12375
1.23125
1.205625
1.20375
1.15625
0.965625
0.865625
0.84625
0.913125
1.083125
1.25
1.284375
1.32875
1.35
1.2975
1.249375
1.17
1.009375
0.928125
0.930625
0.899375
1.033125
1.189375
1.25125
1.3425
1.259375
1.086875
0.95625
0.908125
1.008125
1.139375
1.256875
1.2125
1.098125
0.98375
0.8875
0.875
0.795
0.750625
0.8025
0.89875
1.03375
1.21875
1.229375
1.16375
1.135
0.940625
0.81875
0.8
0.869375
1.08375
1.281875
1.36875
1.25375
1.03
0.89375
0.74125
0.7725
0.878125
0.8825
0.96125
0.918125
0.83875
0.795
0.78375
0.79125
0.8375
0.863125
0.76125
0.7025
0.6025
0.619375
0.711875
0.79125
0.881875
0.770625
0.660625
0.540625
0.439375
0.453125
0.50125
0.53625
0.58
0.626875
0.6325
0.65625
0.634375
0.634375
0.634375
0.634375
