0.421875
0.421875
0.421875
0.421875
0.444375
0.455
0.48375
0.49375
0.483125
0.47
0.436875
0.413125
0.41125
0.410625
0.435
0.470625
0.494375
0.518125
0.528125
0.52625
0.52375
0.52125
0.5125
0.495625
0.48125
0.466875
0.465
0.481875
0.484375
0.478125
0.46375
0.430625
0.41375
0.415625
0.41
0.421875
0.439375
0.43625
0.453125
0.45375
0.43625
0.426875
0.396875
0.384375
0.3925
0.41625
0.460625
0.49125
0.503125
0.493125
0.471875
0.460625
0.4625
0.47625
0.48
0.47875
0.47375
0.471875
0.49
0.5075
0.52
0.515
0.501875
0.486875
0.4675
0.470625
0.47125
0.47375
0.494375
0.4975
0.501875
0.4975
0.471875
0.45875
0.446875
0.454375
0.471875
0.4825
0.491875
0.48875
0.4975
0.505
0.513125
0.510625
0.485
0.461875
0.438125
0.43
0.43125
0.43125
0.429375
0.435625
0.4475
0.461875
0.46875
0.453125
0.445
0.43375
0.44125
0.469375
0.486875
0.498125
0.499375
0.49125
0.483125
0.48125
0.47125
0.456875
0.431875
0.4075
0.40125
0.405
0.428125
0.463125
0.479375
0.490625
0.485
0.46625
0.4675
0.456875
0.4625
0.4625
0.44125
0.43125
0.415625
0.415
0.43625
0.468125
0.4975
0.51
0.510625
0.499375
0.488125
0.495
0.48875
0.485625
0.471875
0.440625
0.42625
0.39875
0.3925
0.395
0.39125
0.4075
0.406875
0.4025
0.401875
0.38125
0.36125
0.355625
0.3625
0.386875
0.428125
0.46125
0.48
0.4975
0.5025
0.505
0.50875
0.5025
0.48875
0.475
0.455625
0.448125
0.445625
0.440625
0.448125
0.44875
0.466875
0.49
0.499375
0.5075
0.501875
0.493125
0.485
0.4775
0.470625
0.46625
0.47125
0.47875
0.478125
0.474375
0.47625
0.47625
0.490625
0.505625
0.511875
0.516875
0.51375
0.513125
0.51375
0.515625
0.52
0.52125
0.52125
0.52125
0.506875
0.49375
0.480625
0.45875
0.461875
0.459375
0.454375
0.468125
0.47125
0.48
0.49375
0.495625
0.49625
0.50375
0.5075
0.51375
0.51875
0.51125
0.499375
0.488125
0.468125
0.4575
0.4575
0.45625
0.475
0.490625
0.501875
0.499375
0.48875
0.476875
0.464375
0.4725
0.47125
0.473125
0.475
0.475625
0.490625
0.50125
0.513125
0.5075
0.495
0.485625
0.475
0.488125
0.50125
0.51125
0.52125
0.52125
0.52
0.515625
0.51125
0.49875
0.48875
0.486875
0.471875
0.458125
0.43
0.389375
0.36375
0.340625
0.34
0.361875
0.393125
0.434375
0.47
0.49125
0.49
0.485625
0.47625
0.45875
0.4625
0.461875
0.46375
0.484375
0.49375
0.501875
0.5075
0.50375
0.5
0.5
0.50125
0.5025
0.50875
0.51125
0.50625
0.500625
0.49
0.480625
0.48375
0.4875
0.494375
0.489375
0.473125
0.45
0.413125
0.40125
0.40125
0.4175
0.455625
0.466875
0.466875
0.454375
0.43125
0.435625
0.44875
0.465625
0.480625
0.473125
0.47
0.46375
0.454375
0.463125
0.461875
0.468125
0.484375
0.476875
0.474375
0.4625
0.443125
0.443125
0.438125
0.43
0.42375
0.42
0.4075
0.403125
0.41
0.41125
0.433125
0.46375
0.481875
0.48875
0.479375
0.451875
0.425625
0.413125
0.41375
0.433125
0.453125
0.464375
0.474375
0.470625
0.465
0.4725
0.4725
0.469375
0.465
0.451875
0.433125
0.43
0.436875
0.439375
0.45125
0.44625
0.435625
0.43
0.4275
0.439375
0.4525
0.465
0.47625
0.48125
0.484375
0.486875
0.48375
0.470625
0.449375
0.421875
0.391875
0.375625
0.363125
0.3675
0.384375
0.39375
0.408125
0.409375
0.390625
0.37625
0.375625
0.369375
0.375
0.381875
0.369375
0.368125
0.368125
0.375625
0.3825
0.3875
0.40625
0.41375
0.4325
0.455
0.44875
0.44625
0.42875
0.4025
0.400625
0.396875
0.411875
0.436875
0.441875
0.44625
0.444375
0.434375
0.446875
0.4525
0.455
0.45375
0.4325
0.42875
0.413125
0.4025
0.3975
0.375625
0.37625
0.3825
0.39
0.398125
0.3875
0.3725
0.369375
0.371875
0.383125
0.39125
0.38625
0.39125
0.403125
0.42125
0.4375
0.435625
0.423125
0.41625
0.40875
0.419375
0.4375
0.44625
0.465
0.47375
0.469375
0.45375
0.428125
0.403125
0.395625
0.411875
0.4275
0.445625
0.450625
0.435625
0.4325
0.424375
0.424375
0.429375
0.430625
0.4375
0.43125
0.439375
0.44625
0.4475
0.468125
0.470625
0.469375
0.47
0.45625
0.456875
0.45875
0.465625
0.47375
0.465
0.46
0.436875
0.42625
0.434375
0.43
0.4475
0.44125
0.425625
0.416875
0.40375
0.405625
0.395625
0.395625
0.388125
0.38875
0.405625
0.41
0.418125
0.421875
0.416875
0.420625
0.43
0.43375
0.45375
0.475
0.481875
0.486875
0.47125
0.450625
0.4375
0.4325
0.4325
0.42375
0.42375
0.416875
0.41625
0.43375
0.4375
0.430625
0.43125
0.419375
0.423125
0.441875
0.4475
0.450625
0.43
0.41625
0.403125
0.39875
0.4225
0.439375
0.451875
0.4625
0.449375
0.419375
0.4075
0.394375
0.388125
0.408125
0.415
0.4275
0.454375
0.458125
0.458125
0.44375
0.405625
0.3775
0.363125
0.3625
0.384375
0.411875
0.43375
0.453125
0.4625
0.47625
0.485625
0.480625
0.465625
0.43875
0.401875
0.39
0.396875
0.41125
0.446875
0.466875
0.48
0.481875
0.464375
0.445
0.42375
0.416875
0.434375
0.453125
0.466875
0.45875
0.434375
0.42125
0.4175
0.440625
0.465625
0.483125
0.50125
0.508125
0.509375
0.5025
0.48625
0.466875
0.455625
0.449375
0.4475
0.448125
0.440625
0.443125
0.448125
0.446875
0.446875
0.433125
0.415625
0.409375
0.420625
0.438125
0.4575
0.459375
0.440625
0.429375
0.409375
0.400625
0.406875
0.398125
0.393125
0.4025
0.405625
0.411875
0.426875
0.42625
0.410625
0.4125
0.41875
0.418125
0.4425
0.455
0.455625
0.47
0.465625
0.449375
0.43875
0.418125
0.405
0.403125
0.3875
0.38625
0.38125
0.371875
0.37625
0.373125
0.3775
0.39375
0.416875
0.435625
0.45875
0.479375
0.490625
0.4925
0.475
0.44625
0.4175
0.414375
0.43125
0.458125
0.485
0.498125
0.498125
0.498125
0.498125
