1.11875
1.11875
1.11875
1.11875
1.08
0.994375
0.911875
0.8775
0.841875
0.80375
0.85
0.89875
1.025
1.14875
1.159375
1.240625
1.15375
1.04875
0.995625
0.79125
0.69875
0.68375
0.714375
0.86125
0.965625
0.974375
0.948125
0.88375
0.865
0.889375
0.88625
0.923125
0.915
0.898125
0.93875
0.899375
0.905625
0.920625
0.94625
0.978125
0.954375
0.924375
0.8125
0.768125
0.78625
0.80625
0.875625
0.845625
0.86125
0.9525
1.08875
1.3225
1.4025
1.32875
1.15625
0.9475
0.79875
0.71375
0.7525
0.78125
0.84875
0.945
0.8875
0.86375
0.816875
0.760625
0.7825
0.784375
0.79375
0.8375
0.866875
0.896875
0.986875
0.995625
1.015
1.108125
1.070625
1.0775
1.10875
0.993125
0.91125
0.824375
0.70875
0.711875
0.779375
0.925
1.084375
1.1475
1.1775
1.12375
1.10875
1.149375
1.19125
1.153125
1.064375
0.965625
0.86125
0.865625
0.843125
0.843125
0.843125
0.843125
