0.0476434426229
0.0476434426229
0.0476434426229
0.0476434426229
0.0619145199063
0.0484484777518
0.0329332552693
0.0184426229508
0.0044642857143
0.00578161592507
0.00812353629979
0.00944086651056
0.0107581967213
0.0102459016394
0.00973360655741
0.0081967213115
0.00512295081969
0.00307377049181
0.00102459016394
0.00102459016394
0.00292740046839
0.00483021077284
0.00673302107729
0.00658665105386
0.00468384074941
0.00278103044496
0.000878220140513
0.00102459016394
0.00204918032787
0.0174912177986
0.0329332552694
0.0606703747073
0.0886270491804
0.0877488290398
0.101288056206
0.0873829039813
0.0740632318501
0.0761855971898
0.0494730679158
0.0376902810305
0.0387880562061
0.0388612412178
0.0533518735363
0.067037470726
0.0667447306792
0.0654274004684
0.0646223653397
0.0630122950821
0.0610362997658
0.0600848946136
0.0581088992974
0.0567183840748
0.0422277517564
0.0292008196721
0.0166861826698
0.00439110070258
0.00731850117097
0.0217359484778
0.0361533957846
0.0505708430914
0.0620608899298
0.0461797423888
0.0302985948478
0.0144174473068
0.0147101873536
0.0299326697892
0.0595725995316
0.089724824356
0.0904566744731
0.0901639344263
0.0610362997659
0.0319086651054
0.0180035128806
0.0190281030445
0.0482289227167
0.0758928571429
0.102532201405
0.101800351288
0.0735509367681
0.0610362997658
0.0627927400468
0.0760392271662
0.103044496487
0.101653981265
0.0737704918032
0.0473507025761
0.0223946135831
0.0238583138173
0.0517418032786
0.07962529274
0.118340163934
0.130781615925
0.114827283372
0.0998975409834
0.0589139344261
0.0312499999999
0.0327137002342
0.0321282201406
0.0463261124123
0.0607435597191
0.0463261124123
0.0329332552694
0.0180035128806
0.00358606557378
0.0038056206089
0.0187353629977
0.04837529274
0.0914080796253
0.148419203747
0.177034543326
0.176741803279
0.148346018736
0.105093676815
0.0882611241218
0.0861387587821
0.0982142857141
0.0975556206087
0.0709162763465
0.0442769320842
0.0311768149882
0.0448624121779
0.071282201405
0.0977019906321
0.0968237704916
0.0832113583137
0.0701112412178
0.0570111241218
0.0581820843092
0.0586943793912
0.07362412178
0.0887734192039
0.102898126464
0.102824941452
0.0882611241219
0.0732581967213
0.0587675644028
0.0592798594847
0.0592798594847
0.0594994145198
0.0597189695549
0.0581088992973
0.0577429742388
0.0573770491803
0.0714285714286
0.100263466042
0.114534543326
0.128805620609
0.115705503513
0.0753073770491
0.0483021077283
0.0212968384075
0.0204918032787
0.033006440281
0.0597921545667
0.0867974238875
0.0858460187353
0.0851141686181
0.0568647540983
0.0286885245901
0.0289812646369
0.0430327868852
0.0708430913347
0.0980679156907
0.0987997658078
0.0725263466041
0.0467652224824
0.0212968384075
0.0212968384075
0.0340310304449
0.0459601873535
0.057669789227
0.0575966042154
0.0727459016393
0.08818793911
0.103849531616
0.104727751756
0.0764051522248
0.0480825526932
0.033518735363
0.0456674473067
0.0723067915689
0.098726580796
0.0990925058546
0.073038641686
0.061475409836
0.050131733021
0.050644028103
0.0791861826698
0.0799912177986
0.0807962529274
0.0957259953161
0.0958723653396
0.107801522248
0.119730679157
0.104288641686
0.0752341920375
0.0486680327869
0.0226141686183
0.00944086651056
0.0243706088993
0.0372511709602
0.0628659250585
0.0890661592505
0.0863583138172
0.0990925058547
0.0848214285714
0.08518735363
0.114973653396
0.115925058548
0.130635245902
0.130269320843
0.100483021077
0.0851141686182
0.0702576112411
0.0567183840749
0.0578893442623
0.0590603044497
0.0595725995317
0.0450087822015
0.0442037470726
0.0581088992974
0.071794496487
0.0998975409835
0.114241803279
0.11387587822
0.127634660421
0.141905737705
0.142418032787
0.128220140515
0.101214871194
0.0734045667447
0.0593530444964
0.060231264637
0.0454478922716
0.0451551522248
0.04537470726
0.0451551522249
0.074355971897
0.0749414519907
0.0745023419204
0.0753073770492
0.0466920374707
0.0469115925059
0.047643442623
0.0600848946136
0.101653981265
0.114388173302
0.141466627635
0.142418032787
0.128293325527
0.128805620609
0.101653981265
0.0875292740045
0.0603044496486
0.0331528103044
0.0182962529274
0.0052693208431
0.0060011709602
0.00592798594848
0.00687939110071
0.0193208430914
0.0464724824356
0.0888466042155
0.131440281031
0.146662763466
0.133343091335
0.0916276346604
0.0494730679157
0.0231996487119
0.0098799765808
0.00922131147542
0.0234923887588
0.0485948477751
0.074575526932
0.101580796253
0.0991656908664
0.0706967213114
0.0432523419203
0.0166861826698
0.0192476580797
0.0493266978923
0.077356557377
0.117388758782
0.143296252927
0.14168618267
0.141100702576
0.128293325527
0.100483021077
0.0864314988291
0.0728922716628
0.0442769320844
0.0307377049181
0.0171984777518
0.0173448477752
0.0456674473068
0.0870169789226
0.142783957845
0.169642857143
0.168984192037
0.141393442623
0.0993852459016
0.0858460187354
0.0860655737705
0.0996048009368
0.0997511709601
0.0861387587821
0.0727459016393
0.0595725995315
0.0725263466041
0.0727459016392
0.0862851288054
0.0998243559717
0.101214871194
0.128073770492
0.127634660421
0.127195550351
0.113290398126
0.0728922716626
0.0606703747072
0.049912177986
0.065281030445
0.108826112412
0.123536299766
0.135319086651
0.13356264637
0.102971311476
0.0867974238877
0.0720872365341
0.0432523419204
0.0432523419204
0.0432523419204
0.0575966042155
0.100775761124
0.115485948478
0.130196135831
0.116730093677
0.0888466042155
0.0746487119439
0.0609631147542
0.0605971896956
0.0458138173303
0.0461065573771
0.0463992974239
0.0472043325527
0.0768442622951
0.0770638173303
0.0757464871195
0.0887734192038
0.0734777517565
0.0739168618267
0.0753805620608
0.0496194379391
0.0510099531615
0.0503512880561
0.0499121779859
0.0619145199062
0.0469115925058
0.0466920374706
0.0470579625292
0.0468384074941
0.0603776346603
0.0611094847774
0.0600117096018
0.0736973067915
0.0873829039812
0.085406908665
0.0846750585479
0.056425644028
0.0281762295081
0.0283957845433
0.0419350117095
0.0692330210771
0.110948477752
0.125658665105
0.113070843091
0.100848946136
0.0608167447307
0.0337382903982
0.020418618267
0.00636709601875
0.00468384074942
0.00358606557378
0.0171984777518
0.0316891100702
0.0616217798595
0.105459601874
0.134587236534
0.16269028103
0.161958430913
0.132538056206
0.0884074941452
0.0447892271663
0.0293471896955
0.0428864168618
0.0855532786884
0.128220140515
0.143369437939
0.130342505855
0.0884806791569
0.0466188524591
0.0187353629977
0.0179303278689
0.0315427400469
0.0451551522249
0.0593530444966
0.0594994145199
0.0600117096019
0.0752341920374
0.103044496487
0.117754683841
0.132098946136
0.130781615925
0.116364168618
0.115705503513
0.114680913349
0.100848946136
0.0730386416861
0.0589871194379
0.059718969555
0.0752341920374
0.103410421546
0.104069086651
0.0758928571429
0.0466920374708
0.0185158079626
0.00409836065575
0.0185158079626
0.0319086651054
0.0590603044497
0.0872365339579
0.100336651054
0.114461358314
0.114827283372
0.113656323185
0.0993852459014
0.0859923887586
0.0590603044495
0.0321282201404
0.0194672131147
0.0188085480093
0.0316891100702
0.045081967213
0.0589139344261
0.046106557377
0.0332991803278
0.0213700234192
0.00739168618267
0.0218823185012
0.0361533957845
0.0496926229508
0.0783079625292
0.0785275175644
0.0789666276346
0.0792593676814
0.0526932084309
0.0387880562061
0.0395930913349
0.0537909836066
0.079405737705
0.106264637002
0.104215456675
0.0881147540984
0.0745023419204
0.0604508196721
0.0600848946135
0.0476434426229
0.0331528103044
0.0326405152224
0.0326405152224
0.0443501170959
0.0715017564402
0.0713553864168
0.0717213114754
0.0878220140516
0.0756001170961
0.0766978922717
0.0905298594848
0.0749414519906
0.0727459016392
0.0707699063231
0.0417886416861
0.0285421545667
0.0158079625292
0.00307377049181
0.00409836065575
0.00307377049181
0.00256147540984
0.00307377049181
0.00358606557378
0.0195403981265
0.0344701405153
0.0620608899298
0.0896516393443
0.0884074941452
0.0876756440281
0.0585480093677
0.0438378220141
0.0437646370024
0.0436914519907
0.0727459016394
0.086724238876
0.100263466042
0.113802693208
0.112265807962
0.112338992974
0.127341920375
0.142344847775
0.14424765808
0.144247658079
0.128586065574
0.127634660421
0.140661592506
0.155591334894
0.157933255269
0.131879391101
0.119145199063
0.0912617096018
0.0904566744729
0.103337236534
0.089432084309
0.0892125292738
0.0622072599531
0.048887587822
0.0483021077283
0.0484484777517
0.0757464871194
0.0884074941452
0.101580796253
0.128732435597
0.12756147541
0.113583138173
0.11431498829
0.101141686183
0.102385831382
0.117901053864
0.103995901639
0.103995901639
0.103995901639
0.103995901639
