1.0140625
1.0140625
1.0140625
1.0140625
1.015625
0.977375
0.982625
0.987875
0.9909375
1.02525
1.0433125
1.061375
1.0825
1.0685625
1.0460625
1.045
1.0711875
1.1120625
1.1430625
1.1155625
1.0335625
0.9571875
0.8945
0.8685
0.8775625
0.8825
0.8825
0.8946875
0.9143125
0.95825
1.0008125
1.03575
1.032375
0.9946875
0.9909375
0.9588125
0.9504375
0.9550625
0.9123125
0.9023125
0.894
0.9049375
0.9463125
0.96975
1.015
1.014
0.98075
0.9624375
0.9043125
0.8765
0.8903125
0.8914375
0.9081875
0.9270625
0.909875
0.8998125
0.878125
0.87025
0.87375
0.92525
1.0370625
1.1104375
1.211
1.2179375
1.139125
1.075875
0.9620625
0.89475
0.8645
0.853375
0.8734375
0.91175
0.9690625
0.9919375
1.007625
0.981125
0.905
0.89675
0.93975
1.0140625
1.14075
1.173125
1.111875
1.042625
0.932125
0.8641875
0.8504375
0.83575
0.8600625
0.8905
0.9238125
0.9585
1.000625
1.0608125
1.1056875
1.152625
1.1239375
1.0581875
1.004375
0.9671875
0.982625
1.0544375
1.114
1.17225
1.2256875
1.1930625
1.19025
1.1460625
1.0996875
1.0998125
1.033875
0.9689375
0.9153125
0.88225
0.8844375
0.9300625
0.9809375
1.0080625
1.04125
1.0778125
1.0821875
1.0875625
1.0888125
1.044125
1.022875
1.005375
0.9989375
1.010875
1.0109375
0.9921875
0.965625
0.9179375
0.9073125
0.90525
0.8946875
0.9199375
0.8876875
0.874875
0.89475
0.903
0.9549375
0.99525
0.9956875
1.0086875
0.988625
0.96475
0.9786875
0.964375
0.9725625
1.0254375
1.033375
1.0515625
1.0594375
0.986
0.950625
0.9418125
0.9564375
1.01525
1.0388125
1.020125
0.986375
0.9675
0.968625
1.012
1.053625
1.05425
1.0790625
1.061625
1.0270625
1.006625
0.9378125
0.9124375
0.8903125
0.8884375
0.956375
0.9796875
1.04225
1.1295
1.1530625
1.2265
1.2671875
1.22475
1.1775625
1.08
0.9915625
0.9779375
1.002375
1.0418125
1.06075
1.021375
0.94675
0.88775
0.8410625
0.83525
0.846375
0.850375
0.8580625
0.847125
0.8634375
0.8959375
0.9504375
1.009375
1.0416875
1.0324375
0.980125
0.9343125
0.8776875
0.8535625
0.876375
0.9150625
0.967
1.024375
1.0334375
1.0220625
1.026375
1.0263125
1.045625
1.0565
1.03575
0.9985625
0.9773125
0.956875
0.944125
0.94125
0.9374375
0.9625625
1.0041875
1.0668125
1.1195
1.1521875
1.1925625
1.16875
1.130875
1.070625
0.9933125
0.952125
0.9156875
0.904875
0.880375
0.8881875
0.93175
0.97975
1.0649375
1.095875
1.077125
1.0475625
0.9880625
0.95525
0.943875
0.95775
0.96775
0.9820625
0.9970625
0.96
0.9266875
0.905
0.8785625
0.9300625
1.0070625
1.05175
1.106625
1.0764375
1.0066875
0.9461875
0.9204375
0.9279375
0.965
1.0163125
0.9794375
0.9408125
0.8948125
0.8378125
0.8311875
0.8585
0.879375
0.900875
0.94
0.947375
0.96675
1.0159375
1.029875
1.023
1.001875
0.946125
0.905625
0.8940625
0.9125
0.9470625
0.9760625
0.9925
0.9926875
1.00625
1.023125
1.050875
1.0489375
0.976875
0.910125
0.8379375
0.795375
0.8501875
0.9219375
0.9984375
1.08825
1.0806875
1.034
0.984125
0.8889375
0.85025
0.838375
0.8250625
0.84925
0.8831875
0.8985
0.92
0.922
0.9064375
0.903375
0.90025
0.93325
0.9639375
0.9990625
1.053125
1.0529375
1.0405
1.0625
1.0616875
1.0843125
1.1371875
1.1094375
1.0510625
1.00375
0.9248125
0.885375
0.8850625
0.8901875
0.9069375
0.9250625
0.9261875
0.893
0.86325
0.8359375
0.825625
0.8356875
0.846625
0.845875
0.8768125
0.927625
0.9760625
1.060625
1.057
1.0380625
1.0480625
1.002125
1.0155
1.0019375
0.95875
0.9501875
0.9268125
0.9304375
0.9346875
0.9264375
0.91625
0.9288125
0.9438125
0.965875
0.991
0.978
0.9515
0.9241875
0.901625
0.874375
0.8563125
0.839125
0.8195625
0.8436875
0.8764375
0.912625
0.94575
0.92375
0.9164375
0.9238125
0.9425
1.0129375
1.0563125
1.0751875
1.1081875
1.115125
1.1194375
1.11575
1.062125
1.01225
0.967625
0.9321875
0.951875
0.991125
1.0358125
1.0839375
1.0778125
1.0038125
0.9298125
0.855875
0.8129375
0.8448125
0.8766875
0.909375
0.938
0.933
0.928
0.9238125
0.919375
0.8948125
0.867875
0.8453125
0.8220625
0.8459375
0.8754375
0.903125
0.9321875
0.92
0.9084375
0.909125
0.908875
0.9565
1.0009375
1.02975
1.0528125
1.04225
1.0255625
0.981625
0.9445
0.8911875
0.8480625
0.8406875
0.853625
0.8923125
0.92625
0.951
0.9535
0.9706875
1.0106875
1.046625
1.069125
1.067125
1.03475
1.007125
0.9895
0.9798125
0.98525
1.013
1.052625
1.09625
1.1289375
1.1255625
1.112125
1.070125
1.0081875
0.9675625
0.9328125
0.915625
0.9260625
0.9136875
0.9171875
0.922
0.9373125
0.9755625
0.964875
0.9598125
0.94225
0.913625
0.9173125
0.93975
0.93675
0.9328125
0.9465
0.9390625
0.9555625
0.9955
1.0115625
1.0065
1.0058125
0.9711875
0.9243125
0.920875
0.9270625
0.9885
1.0708125
1.1360625
1.1716875
1.1454375
1.13725
1.1016875
1.07575
1.0479375
0.9751875
0.96475
0.9646875
0.995625
1.04325
1.0211875
1.0110625
1.0058125
1.006
1.02775
1.037625
1.0138125
0.987625
0.970125
0.9654375
0.98275
1.00175
1.0321875
1.0445625
1.052125
1.091
1.1126875
1.089625
1.0711875
1.022125
0.9619375
0.94325
0.9316875
0.914875
0.9141875
0.92
0.9125625
0.8880625
0.8644375
0.855375
0.8565
0.8999375
0.93925
0.969625
1.0105
1.0199375
1.080625
1.124875
1.1795
1.24175
1.210375
1.1635
1.0445625
0.9246875
0.847375
0.793125
0.7943125
0.82025
0.8523125
0.884375
0.9215625
0.91875
0.9098125
0.900875
0.86025
0.859625
0.91075
0.9658125
1.0345625
1.0680625
1.008125
0.9675625
0.930875
0.9258125
0.9700625
0.9715625
0.971375
0.9313125
0.9035625
0.9180625
0.944
1.004
1.0224375
1.0180625
0.99975
0.9788125
0.990375
0.9985625
1.0518125
1.0779375
1.099375
1.1
1.014125
0.9728125
0.9409375
0.93325
0.976375
0.97725
0.9444375
0.9168125
0.884
0.8711875
0.8795
0.901625
0.9233125
0.9380625
0.9504375
0.939625
0.9214375
0.8999375
0.9031875
0.890625
0.8936875
0.9114375
0.911
0.9353125
0.95225
0.953375
0.9313125
0.8966875
0.8611875
0.8421875
0.84175
0.870875
0.9168125
0.9735
1.02675
1.067125
1.0751875
1.0448125
1.026375
0.9766875
0.983375
1.00475
1.009125
1.0354375
0.9733125
0.912875
0.8668125
0.825
0.839
0.859125
0.868375
0.86525
0.8543125
0.84575
0.8478125
0.8745625
0.900625
0.94
0.9775625
0.982875
0.9895625
0.95025
0.9041875
0.8711875
0.85075
0.8829375
0.935625
1.013125
1.0786875
1.10475
1.0999375
1.078875
1.0365
0.9976875
0.9649375
0.9225
0.927625
0.9433125
0.9634375
0.9646875
0.9295
0.9014375
0.9031875
0.9521875
0.991375
1.015625
0.9860625
0.908125
0.87
0.840375
0.8410625
0.869
0.8555625
0.8438125
0.850125
0.899
0.9914375
1.1056875
1.1776875
1.167
1.10575
1.0015625
0.9154375
0.8554375
0.826625
0.8298125
0.8480625
0.899625
0.9675
1.022125
1.0769375
1.1055
1.101625
1.076
1.0218125
0.9715
0.9700625
1.0134375
1.0684375
1.1120625
1.073375
1.0191875
0.967375
0.931125
0.941375
0.9365
0.941125
0.937375
0.9775
1.004375
1.065
1.14925
1.15925
1.2131875
1.1891875
1.1415625
1.1529375
1.1240625
1.146
1.17325
1.1440625
1.135375
1.110625
1.0645
1.026625
1.004375
0.969875
0.9633125
0.9763125
0.94275
0.945875
0.930375
0.9318125
0.9655625
0.97075
1.0115625
1.0150625
1.0251875
1.01825
0.9695
0.9410625
0.9093125
0.9245625
0.95175
0.979
0.990125
0.95425
0.9235625
0.9098125
0.9066875
0.9750625
1.052
1.097875
1.168125
1.14475
1.101875
1.0879375
1.0225625
1.008
1.02675
1.0086875
0.9909375
0.9815
0.9296875
0.9041875
0.905125
0.8790625
0.8699375
0.8504375
0.875125
0.909
0.9765625
1.0540625
1.0618125
1.093
1.07075
1.036625
1.004375
0.93775
0.8900625
0.871875
0.8929375
0.945625
1.028875
1.0884375
1.1338125
1.15025
1.109375
1.0753125
1.0353125
0.9969375
0.997
0.967375
0.942375
0.935875
0.9368125
0.9628125
0.9618125
0.97225
0.952625
0.9588125
0.99125
0.9796875
0.9829375
0.9519375
0.9178125
0.9086875
0.9130625
0.9101875
0.93125
0.9718125
0.985625
1.006
0.9925625
0.937875
0.911
0.900875
0.8990625
0.949625
0.9648125
0.99025
1.0219375
0.992375
0.981375
0.9250625
0.85625
0.8180625
0.790625
0.83775
0.9161875
1.002875
1.0725625
1.06975
1.0328125
0.991
0.9883125
0.989
0.998125
1.0114375
0.9674375
0.9493125
0.9484375
0.9480625
0.9789375
1.0003125
1.0136875
1.019
1.0385
1.0903125
1.1124375
1.115125
1.07575
1.026875
1.02975
1.0449375
1.08775
1.0645
1.006125
0.9848125
0.9781875
1.046125
1.09925
1.099625
1.0615625
1.0003125
0.96925
0.977375
0.9978125
1.0084375
1.0058125
1.0113125
1.02325
1.0428125
1.06475
1.04075
1.0174375
0.970625
0.926875
0.900375
0.8980625
0.940375
0.9909375
1.030875
1.0441875
1.034
1.0158125
1.0124375
1.017
1.0105625
1.0184375
1.04225
1.0355625
1.032125
0.9993125
0.9505625
0.947625
0.9505625
0.98425
1.024375
1.0284375
1.03625
1.0311875
1.0006875
0.9783125
0.957625
0.9073125
0.8885625
0.8793125
0.89
0.9381875
0.949625
0.98625
0.9969375
0.9935625
1.016625
0.9935
0.96075
0.9304375
0.903875
0.884625
0.878375
0.8880625
0.8841875
0.8991875
0.914
0.9391875
0.982875
1.0185625
1.0775
1.089375
1.0871875
1.079875
1.0230625
0.9835
0.9468125
0.932625
0.9718125
1.00375
1.0361875
1.063125
1.0569375
1.0625625
1.0900625
1.0833125
1.0704375
1.0669375
1.0189375
0.9975625
0.977125
0.9524375
0.9449375
0.9706875
1.0103125
1.041375
1.0865625
1.046
1.0315625
1.0038125
0.9793125
1.0521875
1.0933125
1.1508125
1.17975
1.119125
1.06
1.04175
1.05125
1.09775
1.1285625
1.1185
1.1009375
1.0915625
1.095
1.0739375
1.03375
1.011625
1.010375
1.0125
1.029875
0.99425
0.9353125
0.8975
0.8635
0.89075
0.9216875
0.95025
0.9864375
0.9653125
0.9645625
0.974
0.9795625
1.007875
1.00175
1.0099375
1.0071875
1.0123125
1.051375
1.086375
1.09975
1.130625
1.1481875
1.1029375
1.081125
1.037875
0.965
0.9445625
0.9335
0.904875
0.9251875
0.9515625
0.9646875
0.990625
0.9941875
0.985875
1.0016875
1.0498125
1.096625
1.1335
1.133
1.0825625
1.0423125
1.0163125
1.0059375
1.010375
0.978375
0.9365625
0.9231875
0.9473125
0.9981875
1.055125
1.0919375
1.0764375
1.068
1.04075
1.0018125
1.0000625
0.9951875
1.0066875
1.0026875
0.968625
0.9504375
0.973125
1.0396875
1.1354375
1.2033125
1.19325
1.1453125
1.06475
0.9798125
0.9395
0.9099375
0.8966875
0.9154375
0.9346875
0.9645625
1.0039375
1.0165
1.0168125
1.0114375
0.9950625
0.9758125
0.9683125
1.0015
1.0424375
1.0976875
1.1225625
1.061375
1.013875
0.959625
0.932
0.995625
1.019375
1.03825
1.0723125
1.0203125
1.010625
1.0174375
1.001875
1.049125
1.0839375
1.1053125
1.1110625
1.0660625
1.0135
0.9630625
0.9264375
0.9159375
0.8830625
0.8805
0.8920625
0.9175
0.964875
0.9616875
0.95675
0.9591875
0.9581875
0.9805
0.9880625
0.94825
0.9114375
0.8789375
0.842375
0.8401875
0.838875
0.82725
0.82725
0.8169375
0.826625
0.8673125
0.9566875
1.0681875
1.14825
1.17675
1.1270625
1.0385
0.96175
0.93625
0.924125
0.944375
0.982875
0.979125
0.9915
0.9845
0.9360625
0.9013125
0.888875
0.90475
0.943875
1.007125
1.041875
1.056375
1.0839375
1.0670625
1.0491875
1.015375
0.9769375
0.9746875
0.975875
1.010125
1.013375
1.0168125
1.027375
1.00325
1.0158125
0.9950625
0.96
0.9429375
0.8913125
0.9064375
0.9535625
0.9959375
1.06725
1.05275
0.9985
0.9476875
0.8781875
0.852
0.8414375
0.83175
0.832625
0.8418125
0.857125
0.8924375
0.9316875
0.940375
0.991625
1.0080625
1.015
1.0401875
0.994125
0.9553125
0.9553125
0.9553125
0.9553125
