0.16875
0.16875
0.16875
0.16875
0.165625
0.184375
0.0
-0.15
-0.234375
-0.475
-0.575
-0.63125
-0.621875
-0.425
-0.0875
0.1875
0.325
0.3
0.065625
-0.15
-0.2875
-0.35
-0.34375
-0.325
-0.31875
-0.31875
-0.378125
-0.4625
-0.5
-0.5375
-0.528125
-0.353125
-0.265625
-0.25625
-0.221875
-0.46875
-0.590625
-0.49375
-0.421875
-0.175
-0.078125
-0.184375
-0.265625
-0.421875
-0.49375
-0.5875
-0.565625
-0.509375
-0.490625
-0.303125
-0.31875
-0.3
-0.16875
-0.18125
-0.178125
-0.115625
-0.14375
-0.13125
0.034375
0.0375
-0.040625
-0.053125
-0.18125
-0.3125
-0.359375
-0.50625
-0.56875
-0.546875
-0.525
-0.365625
-0.34375
-0.340625
-0.25
-0.328125
-0.31875
-0.16875
-0.140625
-0.028125
0.065625
-0.090625
-0.246875
-0.384375
-0.5625
-0.55
-0.45
-0.303125
-0.0875
0.090625
0.16875
0.128125
0.03125
-0.215625
-0.396875
-0.5125
-0.6
-0.528125
-0.5125
-0.546875
-0.440625
-0.375
-0.278125
-0.0625
-0.109375
-0.1
-0.053125
-0.15625
-0.15
-0.340625
-0.575
-0.675
-0.74375
-0.6375
-0.484375
-0.48125
-0.459375
-0.384375
-0.315625
-0.090625
0.090625
0.1125
0.05
-0.14375
-0.3375
-0.534375
-0.621875
-0.578125
-0.46875
-0.225
-0.040625
0.134375
0.290625
0.309375
0.36875
0.2375
0.009375
-0.134375
-0.39375
-0.4625
-0.5
-0.55625
-0.4125
-0.36875
-0.225
0.05625
0.18125
0.30625
0.425
0.26875
0.1875
0.284375
0.20625
0.325
0.36875
0.1375
0.13125
0.0375
-0.125
-0.08125
-0.15
-0.171875
-0.015625
0.015625
-0.065625
-0.10625
-0.284375
-0.440625
-0.503125
-0.671875
-0.75625
-0.725
-0.609375
-0.428125
-0.278125
-0.278125
-0.315625
-0.403125
-0.446875
-0.4375
-0.509375
-0.55
-0.59375
-0.484375
-0.375
-0.240625
-0.125
-0.296875
-0.409375
-0.559375
-0.65625
-0.6
-0.471875
-0.253125
-0.234375
-0.08125
-0.0125
-0.00625
0.1625
0.075
0.0
-0.159375
-0.35625
-0.384375
-0.484375
-0.496875
-0.4625
-0.565625
-0.55
-0.553125
-0.590625
-0.54375
-0.590625
-0.61875
-0.68125
-0.7375
-0.7
-0.68125
-0.646875
-0.59375
-0.646875
-0.640625
-0.5375
-0.4125
-0.253125
-0.146875
-0.14375
-0.253125
-0.35625
-0.525
-0.578125
-0.578125
-0.565625
-0.565625
-0.565625
-0.565625
