1.001875
1.001875
1.001875
1.001875
1.00875
0.98375
1.05875
1.0225
1.01375
0.973125
0.8325
0.849375
0.875625
0.931875
1.0275
1.003125
1.038125
1.148125
1.245625
1.2925
1.2225
1.07125
0.925
0.889375
0.9375
0.92375
0.921875
0.876875
0.765
0.696875
0.66
0.639375
0.69375
0.773125
0.82125
0.868125
0.793125
0.746875
0.68125
0.579375
0.56875
0.503125
0.47125
0.56875
0.661875
0.816875
0.99625
1.08625
1.178125
1.22875
1.271875
1.214375
1.14375
1.084375
0.92625
0.879375
0.814375
0.735
0.7025
0.6975
0.725625
0.75125
0.86625
0.923125
0.955
1.003125
0.9525
0.88
0.838125
0.885
0.961875
1.0675
1.225
1.185625
1.20375
1.2775
1.21375
1.253125
1.159375
0.96875
0.843125
0.72
0.655625
0.61875
0.584375
0.579375
0.6
0.65875
0.761875
0.874375
1.0225
1.224375
1.375625
1.48125
1.524375
1.454375
1.355
1.216875
1.07625
0.9375
0.8825
0.859375
0.856875
0.8925
0.803125
0.744375
0.73625
0.733125
0.806875
0.9325
0.95125
0.998125
1.121875
1.09125
1.1275
1.099375
0.94875
0.901875
0.825
0.8425
0.900625
0.94125
1.01
0.93125
0.8575
0.7475
0.63875
0.610625
0.576875
0.609375
0.60125
0.615
0.718125
0.766875
0.845
0.9075
0.8025
0.78875
0.8425
0.96125
1.174375
1.275
1.34875
1.289375
1.20875
1.159375
1.036875
0.949375
0.86
0.7625
0.626875
0.618125
0.6425
0.791875
1.0475
1.175625
1.285
1.1975
1.1075
1.015
0.91625
0.994375
0.98375
0.98375
1.0325
0.929375
0.97125
1.105
1.1525
1.27
1.215
1.013125
0.855625
0.74125
0.73
0.826875
0.92125
0.96375
0.983125
1.00875
1.1075
1.20625
1.348125
1.419375
1.3775
1.30625
1.1575
1.045625
0.935625
0.85875
0.794375
0.720625
0.755
0.78625
0.87
0.9675
0.93
0.90375
0.855625
0.79375
0.83
0.8675
0.878125
0.900625
0.89625
0.8825
0.91375
0.920625
0.946875
1.049375
1.203125
1.385
1.51
1.483125
1.276875
1.105625
0.926875
0.820625
0.82
0.731875
0.664375
0.608125
0.581875
0.6075
0.72
0.826875
0.90125
0.965
0.96
0.955
0.9525
0.9525
0.90875
0.865
0.82125
0.828125
0.845625
0.90125
0.956875
0.949375
1.00375
0.986875
0.94375
0.925625
0.914375
0.93625
1.06125
1.128125
1.12625
1.17
1.124375
1.105
1.11375
1.046875
1.005
0.996875
1.044375
1.151875
1.19625
1.22625
1.155
1.04125
0.9825
0.928125
0.92875
0.8775
0.868125
0.855
0.833125
0.940625
0.955625
0.97
1.05875
1.04375
1.070625
1.099375
0.988125
0.920625
0.864375
0.773125
0.751875
0.77125
0.776875
0.8925
1.008125
1.00125
1.051875
0.975
0.93625
1.05125
1.065
1.129375
1.1175
0.978125
0.889375
0.800625
0.75
0.75
0.788125
0.830625
0.873125
0.95375
0.9625
1.000625
1.0125
0.948125
0.886875
0.739375
0.695
0.693125
0.78625
0.984375
1.059375
1.13
1.098125
1.02625
1.00125
0.971875
1.03125
1.065625
1.09875
1.121875
1.121875
1.09625
1.066875
1.070625
1.006875
0.966875
0.905
0.824375
0.78375
0.771875
0.8175
0.85875
0.861875
0.8575
0.790625
0.7325
0.763125
0.818125
0.935
1.09375
1.15625
1.1875
1.234375
1.184375
1.18
1.188125
1.099375
1.06625
1.028125
0.965
1.030625
1.09125
1.2075
1.271875
1.15375
1.100625
0.92
0.83
0.92125
0.8775
1.015
1.12625
1.11
1.170625
1.099375
1.0325
1.02125
1.003125
0.961875
0.911875
0.9025
0.86
0.873125
0.895625
0.8725
0.91375
0.945
1.004375
1.018125
1.04625
1.1175
1.09125
1.110625
1.071875
0.956875
0.9375
0.95125
0.94625
0.951875
0.92125
0.87
0.88125
0.9475
1.01875
1.0475
1.01125
0.9525
0.96375
0.984375
1.034375
1.095
1.015625
0.956875
0.9025
0.811875
0.841875
0.8575
0.91125
1.03625
1.080625
1.158125
1.159375
1.06375
1.028125
1.02
1.05
1.121875
1.113125
1.011875
0.910625
0.81375
0.7725
0.7775
0.7825
0.781875
0.753125
0.725
0.6825
0.633125
0.63
0.62125
0.615
0.69
0.775625
0.93625
1.155625
1.260625
1.34375
1.2725
1.13375
1.0175
0.8775
0.84125
0.798125
0.79625
0.74
0.729375
0.824375
0.90125
1.07875
1.16
1.119375
1.064375
1.006875
0.946875
0.8975
0.955
1.011875
1.101875
1.25125
1.224375
1.174375
1.159375
1.188125
1.27875
1.2775
1.203125
1.026875
0.87375
0.860625
0.890625
0.90875
0.99625
1.015625
1.03125
1.135
1.201875
1.24625
1.305625
1.254375
1.065
0.89125
0.759375
0.725625
0.8225
0.9525
0.946875
0.905
0.906875
0.894375
0.96
1.036875
0.9475
0.863125
0.8175
0.758125
0.89125
1.019375
1.076875
1.135625
1.030625
0.97125
0.93125
0.980625
1.095
1.16375
1.245
1.166875
1.095625
0.968125
0.82
0.7175
0.610625
0.56
0.541875
0.601875
0.601875
0.601875
0.601875
