4.4875
4.4875
4.4875
4.4875
4.55625
4.58125
4.74375
4.61875
4.125
3.73125
3.2
3.10625
3.30625
3.81875
4.46875
4.9
5.48125
5.48125
5.19375
4.6875
3.88125
3.15
2.64375
2.50625
2.51875
2.675
3.18125
3.75
4.5375
5.325
5.39375
5.03125
4.45
3.86875
3.83125
3.86875
3.6875
3.50625
2.91875
2.475
2.4
2.325
2.51875
2.7125
2.60625
2.5
2.35
2.2
2.2
2.2
2.3125
2.575
2.8375
3.1
3.1375
2.875
2.6125
2.35
2.35
2.65
3.1
3.9125
4.38125
4.50625
4.5125
3.975
3.63125
3.8875
4.175
4.60625
5.225
5.025
4.4375
3.70625
2.79375
2.34375
2.3
2.625
2.8
3.075
3.41875
3.425
3.68125
3.6375
3.44375
3.4
3.2875
3.53125
3.74375
3.95625
4.13125
4.0375
3.85625
3.675
3.49375
3.15
2.8875
2.625
2.39375
2.46875
2.61875
2.6875
2.54375
2.31875
2.275
2.6875
3.2
3.8625
4.38125
4.2375
4.2625
3.95
3.41875
3.16875
2.975
3.36875
3.975
4.73125
5.19375
5.25625
5.39375
5.20625
5.375
5.475
5.03125
4.925
4.76875
4.5375
4.95
5.45
5.43125
5.40625
4.93125
3.8125
3.2
2.7375
2.59375
3.0
3.125
3.43125
3.69375
3.80625
4.05
4.1125
4.14375
4.28125
4.43125
4.54375
4.4
4.04375
3.68125
3.325
3.33125
3.475
3.83125
4.25625
4.39375
4.31875
4.03125
3.70625
3.675
3.78125
3.78125
3.8375
3.8
4.09375
4.34375
4.29375
3.9375
3.23125
2.71875
2.66875
3.0625
3.33125
3.84375
3.91875
3.76875
3.9625
3.58125
3.6375
3.78125
3.8375
4.09375
4.09375
3.8625
3.38125
3.43125
3.375
3.60625
4.01875
3.54375
3.43125
3.05625
2.6875
3.20625
3.46875
3.86875
4.175
3.675
3.14375
2.88125
2.7375
3.06875
3.50625
3.59375
3.65625
3.45625
3.275
2.99375
2.93125
3.275
3.3625
3.73125
3.69375
3.1375
2.775
2.5625
2.5375
3.0
3.6125
3.85625
4.00625
3.8625
3.4375
3.03125
2.79375
2.625
2.76875
3.23125
3.725
4.35
4.625
4.66875
4.69375
4.34375
4.08125
3.6625
3.0875
2.7625
2.75
3.2125
3.55625
4.25
4.5375
4.38125
4.55625
4.13125
4.21875
4.51875
4.7625
5.1375
4.89375
4.3375
3.4
2.75
2.38125
2.3125
2.725
2.93125
3.15
3.275
3.275
3.1625
3.04375
3.1875
3.08125
3.11875
3.15
3.075
3.14375
3.3875
3.59375
3.575
3.85
3.8875
4.01875
4.44375
4.35625
4.39375
4.7375
4.68125
4.8375
4.8625
4.35
4.0625
4.05
3.9125
3.775
3.6875
3.225
3.1875
3.44375
3.44375
3.58125
3.29375
3.0
3.10625
3.5125
4.26875
4.61875
4.78125
4.31875
3.76875
3.60625
3.13125
2.98125
2.94375
2.73125
3.05
3.53125
3.61875
4.2375
4.39375
4.4625
4.59375
4.28125
4.2875
4.2625
4.35
4.25625
4.21875
4.04375
3.89375
3.74375
3.48125
3.5625
3.8875
4.575
5.0
5.0
4.95
4.49375
4.275
4.2625
4.06875
4.10625
4.13125
4.075
3.65625
3.26875
3.11875
2.79375
3.19375
3.775
3.90625
4.49375
4.5
4.21875
4.2
3.8125
3.71875
3.69375
3.7625
4.125
4.14375
3.975
3.44375
2.5625
2.0
1.80625
2.2125
3.23125
4.3125
5.2875
5.95625
6.03125
6.025
5.675
4.85625
3.9875
3.125
2.8
2.8625
3.20625
3.3375
3.2
3.125
3.00625
2.975
2.8375
2.65
2.59375
2.7125
3.00625
3.25625
3.3375
3.2875
3.20625
3.2125
3.1
3.06875
2.9625
2.7625
2.75
2.85
3.0125
3.23125
3.4125
3.4375
3.15
3.05
2.9125
2.6375
2.7375
2.5
2.45
2.54375
2.7625
3.23125
3.58125
4.1125
4.2125
4.45625
4.525
4.475
4.9375
4.7375
4.8875
4.6875
4.04375
4.0125
3.8625
4.05
4.24375
4.09375
3.7375
3.325
3.2
3.2125
3.13125
2.975
2.825
2.64375
2.91875
3.5
3.81875
4.13125
3.95625
3.63125
3.24375
3.13125
3.44375
3.75625
4.41875
4.61875
4.60625
4.14375
3.33125
2.7875
2.34375
2.6
3.025
3.60625
3.9
3.80625
3.86875
3.59375
3.5375
3.3625
2.8375
2.40625
2.0125
2.00625
2.25
2.55
3.175
3.56875
4.025
4.4625
4.35625
4.1
3.7625
3.6375
3.75625
4.05
4.35
4.30625
3.875
3.4375
2.925
2.9125
3.25625
3.60625
3.99375
3.8125
3.7625
3.85625
3.76875
3.6625
3.2875
2.9875
2.9125
3.15
3.4875
3.5375
3.4875
3.3625
3.1625
2.7
2.29375
2.09375
2.20625
2.65
3.25625
3.4375
3.48125
3.5625
3.33125
3.4875
3.3125
3.0625
2.95625
2.85625
3.1375
3.45625
4.03125
4.025
3.9
4.03125
3.70625
3.93125
3.95625
3.725
3.84375
3.70625
3.89375
3.86875
3.7
3.775
3.75625
4.1875
4.475
4.6
4.60625
4.13125
3.7625
3.30625
2.975
2.85
2.95
3.1125
3.2125
3.5
3.45625
3.65
3.64375
3.29375
3.0875
2.9125
2.89375
3.15
3.7625
3.79375
4.01875
4.1125
3.69375
3.64375
3.29375
3.3375
3.3375
3.4375
3.86875
3.84375
4.01875
3.98125
3.73125
3.41875
3.4625
3.85
4.3625
5.04375
5.0125
4.6125
4.275
4.125
4.50625
5.05625
5.38125
5.70625
5.625
5.35625
4.86875
3.8375
3.05
2.5625
2.575
2.95
3.55625
4.15625
4.61875
5.0
5.175
4.91875
4.475
4.34375
3.85
3.64375
3.55
3.08125
2.9375
2.9375
2.9
2.95625
3.3375
3.64375
3.9875
4.7875
5.01875
5.10625
5.05
4.14375
3.84375
3.71875
3.7
4.15625
4.25
4.21875
4.2125
4.225
3.825
3.19375
2.86875
2.66875
3.1125
4.03125
4.375
4.375
3.9625
3.44375
3.3875
3.6375
4.075
4.05625
3.71875
3.275
3.0
3.23125
3.95625
4.71875
5.0875
5.1875
4.53125
3.5625
2.99375
2.66875
3.0
3.75625
4.14375
4.6125
4.75625
4.54375
4.675
4.51875
4.23125
4.225
3.95625
3.60625
3.65
3.425
3.3
3.1375
2.64375
2.58125
2.48125
2.975
3.51875
3.79375
4.375
4.14375
4.0875
4.05625
3.5
3.6125
3.63125
3.525
3.86875
3.9375
4.375
4.9125
5.2625
5.36875
4.89375
4.49375
3.90625
3.76875
3.85
3.78125
4.1625
4.35
4.5375
4.6625
4.525
4.60625
4.6875
5.2625
5.7625
6.04375
6.54375
6.475
6.63125
6.425
5.6
4.75625
3.6125
3.0375
3.0125
3.30625
3.96875
4.1375
4.2625
4.5
4.3
4.425
4.3375
4.025
3.93125
3.95625
3.89375
3.81875
3.60625
3.13125
3.1125
3.1375
3.29375
3.6625
3.5875
3.575
3.68125
3.56875
4.0
4.15
4.075
4.075
3.59375
3.5375
3.70625
4.125
4.625
4.80625
4.68125
4.3875
3.93125
3.61875
3.94375
4.2125
5.0375
5.6375
5.54375
5.36875
4.48125
3.9625
3.8
3.98125
4.875
5.4
5.74375
5.61875
4.78125
4.2875
3.94375
3.7875
4.09375
4.275
4.525
4.80625
4.825
4.675
4.13125
3.61875
3.525
3.76875
4.2625
4.5375
4.3375
3.84375
3.38125
3.36875
3.70625
4.24375
4.96875
5.325
5.35625
5.06875
4.3125
3.69375
3.525
3.76875
4.2625
4.5375
4.29375
3.85
3.44375
3.4125
3.89375
4.53125
5.09375
5.28125
5.2375
4.7875
4.40625
4.475
4.48125
4.7375
4.775
4.29375
3.8875
3.51875
3.525
4.04375
4.64375
5.16875
5.31875
4.99375
4.39375
3.9375
3.85625
3.99375
4.2
4.23125
3.8875
3.8375
4.05
4.1375
4.75
4.8875
4.5125
4.59375
4.40625
4.2875
4.55
4.33125
3.68125
3.25625
2.7875
2.65
2.875
2.825
2.925
2.95
2.975
3.16875
3.175
2.95
2.94375
2.93125
3.05
3.40625
3.4375
3.65625
3.71875
3.85
3.93125
3.975
3.89375
3.79375
4.00625
3.73125
3.83125
3.74375
3.34375
3.475
3.23125
3.1875
3.5625
3.55
3.975
4.08125
4.0
4.1125
3.975
4.15625
4.2625
4.36875
4.475
4.475
4.1375
3.9875
3.74375
3.34375
3.325
2.98125
2.73125
2.975
3.2875
3.88125
4.56875
4.575
4.575
4.2375
3.7125
3.58125
3.125
2.8625
2.8
2.64375
2.9125
3.36875
3.71875
4.26875
4.6125
4.58125
4.55
4.20625
3.875
3.73125
3.575
3.8375
3.98125
4.4125
4.85625
4.825
4.7875
4.175
3.575
3.1375
2.8125
2.9625
2.99375
3.325
3.95
4.35625
5.0
5.40625
5.18125
4.875
4.4125
3.83125
3.875
3.9875
4.01875
4.0
3.66875
3.38125
3.09375
3.00625
2.8375
2.91875
3.1
3.45625
3.7625
3.83125
3.8625
3.675
3.64375
3.3875
3.3625
3.23125
3.3625
3.65625
3.625
3.7
3.25
3.0375
2.95625
2.71875
3.00625
2.91875
2.98125
3.3875
3.425
3.9875
4.21875
4.3625
4.6125
4.1875
4.1375
3.9625
3.81875
3.975
3.8
3.6375
3.59375
3.8875
4.54375
5.15625
5.44375
5.21875
4.66875
4.1375
3.8125
3.6125
3.6125
3.54375
3.475
3.58125
3.75
4.16875
4.4875
4.825
4.60625
4.24375
3.95
3.64375
3.78125
3.775
3.8
3.73125
3.725
4.0
4.10625
3.925
3.8875
3.7875
3.825
4.34375
4.39375
4.29375
4.19375
3.9625
4.025
4.025
4.13125
3.9625
3.68125
3.68125
3.68125
3.93125
4.21875
4.21875
3.9
3.7625
3.3625
3.31875
3.7
3.64375
4.175
4.2375
3.86875
3.675
2.83125
2.39375
2.13125
2.06875
2.59375
3.15
4.0875
4.9375
5.35
5.46875
4.9625
4.125
3.41875
2.7875
2.4375
2.58125
3.16875
3.65
4.1375
4.35625
3.95625
3.70625
3.41875
3.01875
2.9125
2.7125
2.7375
3.09375
3.15625
3.5375
3.725
3.50625
3.5125
3.5
3.35625
3.66875
3.93125
3.76875
3.7375
3.53125
3.36875
3.45
3.45625
3.1625
3.2
2.9875
3.3
3.84375
3.725
4.00625
3.6625
3.34375
3.35625
3.04375
2.73125
2.73125
2.73125
2.73125
