0.136875
0.136875
0.136875
0.136875
0.13125
0.14375
0.144375
0.14375
0.144375
0.1225
0.119375
0.110625
0.103125
0.111875
0.10875
0.121875
0.12125
0.113125
0.10125
0.08125
0.07375
0.068125
0.0775
0.075625
0.07875
0.0825
0.07875
0.09125
0.095625
0.100625
0.096875
0.091875
0.099375
0.105625
0.119375
0.125625
0.11625
0.108125
0.0975
0.083125
0.081875
0.08625
0.101875
0.130625
0.149375
0.155
0.140625
0.1125
0.07875
0.055
0.0475
0.0425
0.05125
0.05875
0.06125
0.0725
0.07875
0.08125
0.08125
0.074375
0.065
0.055
0.05
0.0475
0.045
0.0475
0.04375
0.04
0.04125
0.04
0.055
0.07
0.0825
0.0925
0.08875
0.085
0.0925
0.105
0.11875
0.1425
0.14375
0.1425
0.130625
0.09625
0.075625
0.06125
0.066875
0.09375
0.11375
0.12875
0.131875
0.11875
0.119375
0.11625
0.120625
0.14125
0.144375
0.146875
0.143125
0.1325
0.130625
0.1375
0.141875
0.135
0.13375
0.124375
0.11875
0.12
0.106875
0.08625
0.066875
0.06
0.0675
0.086875
0.10875
0.115625
0.119375
0.12125
0.1175
0.11625
0.111875
0.110625
0.10625
0.101875
0.0975
0.09875
0.103125
0.103125
0.103125
0.103125
