7.07375
7.07375
7.07375
7.07375
7.189375
6.923125
6.53875
6.826875
6.5825
6.15125
6.22875
6.145
6.83375
8.001875
8.885625
9.405625
9.155625
8.176875
7.244375
6.52375
6.57
7.003125
7.495625
7.78875
7.49375
7.73375
7.538125
7.4675
7.48875
6.588125
5.8025
5.284375
4.601875
4.313125
4.491875
4.35875
4.5025
4.88125
4.835
4.878125
4.84125
4.898125
5.313125
5.7575
6.175625
5.92375
5.286875
4.611875
4.019375
3.729375
3.70625
3.988125
4.29375
4.761875
5.57375
6.000625
6.375
6.668125
6.16625
5.6475
5.03375
4.591875
4.48125
4.586875
5.26625
5.520625
5.79875
6.049375
5.335625
5.34
5.55875
5.58875
6.484375
6.809375
6.816875
7.31875
7.394375
7.21625
7.25125
6.74
6.134375
6.14125
6.110625
6.175625
6.233125
5.838125
5.47375
5.305
5.4325
5.705625
5.83
5.799375
5.46125
5.154375
4.720625
4.18
3.97125
4.120625
4.806875
5.68625
6.2075
6.333125
6.275
6.5275
6.994375
7.440625
7.735
7.30125
6.995625
6.5775
5.829375
5.950625
5.810625
6.24375
7.125
7.05375
7.034375
6.275625
5.125
4.618125
4.21625
4.17375
4.411875
4.19125
4.19625
4.560625
5.104375
6.38875
7.116875
7.2075
6.91875
6.169375
5.751875
5.716875
5.976875
5.90625
5.66
5.1775
4.498125
4.255625
4.3075
4.61625
4.9325
4.986875
5.0425
5.259375
5.665
6.26
6.17
5.41
4.6025
3.725625
3.6975
4.285
5.23
6.48625
7.273125
7.700625
7.716875
7.204375
7.083125
7.216875
6.914375
7.04375
6.586875
5.66875
5.41125
4.85
4.8825
5.323125
5.75125
6.304375
6.361875
6.32
5.63
4.915
4.433125
4.12625
4.691875
5.613125
6.47875
7.015625
6.57125
5.414375
4.516875
3.933125
4.055625
4.430625
4.440625
4.205
3.726875
3.53
3.36
3.255625
3.26125
3.25
3.935
4.663125
5.3875
5.923125
5.4275
5.42125
5.50875
5.4675
5.89125
5.8275
5.9375
6.4125
7.246875
7.795
7.484375
6.923125
5.6225
4.7425
4.58375
4.733125
5.46875
5.756875
5.865
5.48
4.601875
4.06125
3.981875
4.054375
4.515
4.904375
4.751875
4.883125
5.2725
5.744375
5.99125
6.33375
6.4225
6.821875
7.421875
7.370625
6.7775
5.39875
4.17125
4.17125
4.17125
4.17125
