0.3083125
0.3083125
0.3083125
0.3083125
0.272125
0.2590625
0.274375
0.2765625
0.27725
0.2916875
0.304625
0.3438125
0.37025
0.365
0.369125
0.351
0.352375
0.3738125
0.364
0.3724375
0.353
0.3335625
0.349875
0.3571875
0.376375
0.3821875
0.365875
0.3493125
0.34375
0.3336875
0.328
0.3225625
0.306125
0.31875
0.3175
0.302875
0.30325
0.2785
0.2650625
0.268875
0.2723125
0.286
0.3090625
0.3415
0.3649375
0.389625
0.42075
0.4385
0.437375
0.427875
0.391625
0.342
0.32975
0.312375
0.304375
0.323125
0.3091875
0.2975625
0.3030625
0.2910625
0.2980625
0.3280625
0.3358125
0.3518125
0.37625
0.38475
0.4115
0.429875
0.430625
0.435375
0.43525
0.443625
0.4605
0.47325
0.48175
0.486
0.481875
0.4735
0.460875
0.444
0.4150625
0.37675
0.3426875
0.29975
0.2890625
0.305625
0.3264375
0.373625
0.3886875
0.3765
0.353375
0.316875
0.3125
0.335375
0.3675
0.39975
0.4159375
0.405375
0.392125
0.378875
0.3565
0.3605
0.36475
0.359875
0.37325
0.360125
0.351
0.3576875
0.3595
0.3878125
0.394625
0.3880625
0.359375
0.3174375
0.292375
0.28325
0.292
0.2915
0.292
0.283125
0.27475
0.275625
0.293375
0.31125
0.33875
0.36625
0.3696875
0.3595
0.326125
0.28875
0.251375
0.228125
0.22425
0.223875
0.2256875
0.240125
0.258
0.29
0.331
0.358875
0.363875
0.35525
0.35025
0.34525
0.35675
0.3658125
0.3615
0.3480625
0.322375
0.299125
0.2849375
0.279875
0.3013125
0.3253125
0.3468125
0.3693125
0.3660625
0.353875
0.322875
0.29275
0.2774375
0.266625
0.2994375
0.3285
0.350875
0.377
0.36325
0.3595
0.3583125
0.347875
0.3616875
0.3649375
0.3645
0.3664375
0.352625
0.3345625
0.3055
0.3000625
0.2984375
0.294
0.3066875
0.291
0.27675
0.29075
0.3054375
0.347125
0.3955
0.415875
0.4169375
0.3791875
0.317375
0.259875
0.232
0.226625
0.2455
0.282375
0.3060625
0.327875
0.3533125
0.3666875
0.36475
0.3748125
0.370125
0.3553125
0.362875
0.34925
0.3258125
0.320625
0.291375
0.285375
0.293875
0.29325
0.31175
0.317125
0.3225625
0.328125
0.338
0.346875
0.35925
0.35825
0.33475
0.3175
0.3029375
0.314875
0.3531875
0.368875
0.3773125
0.376625
0.3496875
0.35325
0.35125
0.33175
0.33225
0.301
0.2825625
0.286625
0.2809375
0.3125
0.3266875
0.33175
0.3356875
0.321
0.3165
0.312125
0.325
0.337875
0.369125
0.400125
0.41475
0.41575
0.398875
0.386375
0.366375
0.370625
0.3615
0.33075
0.324375
0.3105
0.319125
0.349125
0.36525
0.365
0.355625
0.33825
0.321125
0.3305
0.339875
0.366375
0.3795
0.37925
0.379
0.364625
0.380875
0.378625
0.3765
0.3765
0.354875
0.357375
0.3465
0.3319375
0.311875
0.2964375
0.3049375
0.3048125
0.3241875
0.3233125
0.3141875
0.31675
0.3138125
0.324375
0.32275
0.333875
0.328375
0.316125
0.31025
0.277375
0.25525
0.243375
0.234375
0.234125
0.2355
0.2221875
0.214875
0.2214375
0.219125
0.2305625
0.244625
0.257125
0.284
0.299
0.296125
0.287375
0.278125
0.28075
0.293125
0.2914375
0.283125
0.2845
0.285875
0.321
0.35775
0.378875
0.4
0.38275
0.3655
0.327125
0.28875
0.284875
0.281
0.29825
0.312125
0.30125
0.290375
0.292125
0.300625
0.303
0.305375
0.303625
0.2985
0.307
0.312125
0.2915
0.270875
0.271375
0.278625
0.320375
0.362125
0.361625
0.354375
0.312625
0.270875
0.2614375
0.25875
0.2733125
0.2951875
0.305875
0.3098125
0.31375
0.29675
0.2730625
0.2634375
0.2635625
0.287125
0.312875
0.329375
0.329875
0.3131875
0.31475
0.30775
0.299625
0.299375
0.271625
0.2455
0.23225
0.2315625
0.2581875
0.3114375
0.3674375
0.4006875
0.4106875
0.3823125
0.3295
0.296125
0.268125
0.26725
0.2825625
0.285125
0.2929375
0.277125
0.26925
0.261125
0.2589375
0.276
0.2975
0.3285
0.352625
0.37025
0.374
0.3690625
0.36225
0.3698125
0.369875
0.3616875
0.363625
0.3343125
0.3105
0.297375
0.269625
0.273375
0.2905
0.302125
0.3123125
0.2928125
0.2496875
0.216625
0.1991875
0.1978125
0.221375
0.254375
0.2846875
0.3213125
0.3566875
0.3756875
0.3981875
0.4105
0.4055
0.4128125
0.403
0.396625
0.3974375
0.3850625
0.3791875
0.3879375
0.3888125
0.3755625
0.3541875
0.310375
0.287
0.286
0.307125
0.34475
0.3496875
0.344125
0.3319375
0.310375
0.32275
0.3541875
0.376125
0.400125
0.4171875
0.407125
0.3879375
0.35425
0.3095625
0.2995625
0.3078125
0.343375
0.36725
0.361375
0.357625
0.326375
0.3135625
0.31475
0.3099375
0.33675
0.38225
0.41
0.423375
0.414625
0.38475
0.3755
0.382875
0.386375
0.36375
0.3265
0.295625
0.279875
0.29575
0.3285
0.34175
0.34925
0.3619375
0.358875
0.3690625
0.378
0.37625
0.362125
0.3506875
0.338125
0.309375
0.315875
0.308125
0.31
0.3509375
0.3751875
0.419875
0.4455625
0.4255
0.3859375
0.328625
0.2875625
0.274375
0.28525
0.289
0.284375
0.28025
0.265125
0.263
0.25525
0.237
0.250375
0.275375
0.308625
0.346875
0.337875
0.3153125
0.301
0.2968125
0.326375
0.3506875
0.370875
0.3809375
0.369625
0.3605
0.329375
0.30025
0.293875
0.30575
0.34
0.354625
0.348
0.319375
0.2955
0.29425
0.3008125
0.310125
0.3009375
0.300375
0.3044375
0.3115625
0.3273125
0.3231875
0.315375
0.3335625
0.359125
0.3874375
0.3939375
0.36825
0.3290625
0.29
0.2948125
0.316875
0.3463125
0.391125
0.403875
0.381875
0.358625
0.315375
0.2791875
0.274625
0.2846875
0.31075
0.33825
0.380875
0.396125
0.4020625
0.408
0.3859375
0.380125
0.3718125
0.3528125
0.3329375
0.314
0.307875
0.3244375
0.34375
0.3618125
0.355
0.3281875
0.31075
0.277
0.27975
0.302375
0.338375
0.392625
0.418875
0.416875
0.380375
0.329875
0.2705625
0.24025
0.2369375
0.26175
0.3189375
0.3620625
0.4029375
0.4241875
0.42925
0.4381875
0.4135
0.3983125
0.37325
0.34475
0.3685
0.3805
0.404
0.410875
0.391625
0.371375
0.3495
0.371375
0.39325
0.426875
0.467625
0.466625
0.45
0.39975
0.350875
0.33
0.331875
0.386
0.421125
0.426
0.415625
0.3585
0.30575
0.283375
0.281
0.29875
0.33075
0.3515
0.3495
0.3485
0.339375
0.31975
0.3190625
0.33
0.3395
0.3533125
0.351
0.3376875
0.3185
0.3173125
0.3398125
0.3611875
0.407125
0.427375
0.41475
0.40625
0.373125
0.352625
0.3455
0.329
0.301125
0.287
0.289375
0.284375
0.31675
0.335375
0.339375
0.373875
0.38
0.386125
0.388125
0.367
0.365375
0.36375
0.376375
0.3928125
0.407
0.4285625
0.443
0.4603125
0.470125
0.4725625
0.474
0.474
0.474
0.466625
0.46675
0.466875
0.445875
0.439625
0.417375
0.403625
0.432125
0.437625
0.460125
0.4585
0.420125
0.397375
0.348875
0.323125
0.3075
0.3075
0.326375
0.331
0.35375
0.360875
0.382
0.425875
0.465625
0.488125
0.4865
0.452
0.4015
0.3855
0.3865
0.4115
0.4515
0.457
0.4465
0.4225
0.37375
0.3595
0.343
0.33325
0.3344375
0.307875
0.3009375
0.290625
0.2945625
0.3195
0.3213125
0.343875
0.363625
0.362375
0.3850625
0.385
0.3696875
0.3538125
0.3324375
0.3218125
0.3386875
0.3796875
0.399125
0.3903125
0.358875
0.309125
0.28125
0.28125
0.273875
0.275
0.2786875
0.277375
0.3024375
0.313625
0.314375
0.328875
0.329625
0.3465
0.352125
0.334125
0.316125
0.30825
0.3219375
0.3411875
0.3593125
0.3618125
0.363375
0.3696875
0.371875
0.3740625
0.3679375
0.361375
0.3664375
0.35775
0.3570625
0.3775
0.3915625
0.419375
0.4221875
0.403875
0.385375
0.37325
0.3935
0.3965
0.391625
0.374
0.3236875
0.2979375
0.278625
0.2689375
0.2804375
0.2860625
0.2894375
0.2926875
0.3095625
0.312375
0.3328125
0.336875
0.332125
0.352625
0.36675
0.399125
0.415625
0.4195
0.416
0.414625
0.414625
0.414625
0.406125
0.377875
0.363875
0.349875
0.33725
0.358375
0.363625
0.368875
0.38125
0.364
0.36425
0.373
0.397375
0.4215
0.42975
0.413875
0.382375
0.36025
0.34525
0.3615
0.357125
0.36025
0.358375
0.332375
0.330375
0.3115
0.30975
0.303875
0.28575
0.278
0.251
0.24925
0.266875
0.29
0.327375
0.360625
0.383375
0.39025
0.382875
0.367
0.3495
0.3495
0.36375
0.378
0.3955
0.40425
0.397125
0.3815
0.36425
0.339875
0.320375
0.309375
0.298375
0.2945
0.3
0.314
0.327
0.355625
0.394375
0.409
0.4196875
0.3931875
0.3435625
0.3095625
0.3020625
0.314125
0.3255625
0.332
0.3093125
0.3121875
0.3355625
0.3845625
0.4486875
0.486
0.5141875
0.506125
0.4905
0.481375
0.453375
0.441
0.411375
0.362875
0.345625
0.344
0.376875
0.4334375
0.45775
0.4579375
0.423625
0.3731875
0.340375
0.3160625
0.309
0.31
0.315125
0.3071875
0.29925
0.283375
0.25175
0.24625
0.258
0.284
0.321125
0.3325625
0.31825
0.29925
0.291875
0.31825
0.353125
0.402
0.43875
0.43775
0.43775
0.4145625
0.389375
0.3808125
0.36825
0.34925
0.3255
0.30275
0.286125
0.2976875
0.3256875
0.3650625
0.3949375
0.4080625
0.3955
0.3600625
0.329125
0.3031875
0.2956875
0.3038125
0.3083125
0.29175
0.2703125
0.245
0.2389375
0.277625
0.3338125
0.3805
0.4134375
0.42025
0.4205
0.434125
0.44775
0.4378125
0.40275
0.3656875
0.309875
0.2938125
0.302375
0.3078125
0.337
0.340125
0.340625
0.341
0.3475625
0.37275
0.3873125
0.402125
0.4083125
0.3926875
0.3823125
0.36925
0.3510625
0.360125
0.3604375
0.37325
0.3774375
0.3536875
0.3421875
0.2971875
0.26725
0.2636875
0.263
0.2928125
0.320375
0.3271875
0.313875
0.30175
0.288
0.299
0.344875
0.3695625
0.40125
0.4163125
0.41025
0.4176875
0.42675
0.4146875
0.39525
0.389
0.374125
0.385875
0.4048125
0.41025
0.3895625
0.3574375
0.3158125
0.2740625
0.2771875
0.3004375
0.33
0.3503125
0.338625
0.3035
0.2824375
0.27875
0.3014375
0.35
0.3766875
0.39525
0.3925625
0.3633125
0.366375
0.3779375
0.3916875
0.415375
0.3918125
0.352375
0.3299375
0.3075
0.31375
0.3131875
0.2859375
0.265375
0.25825
0.2769375
0.32175
0.3531875
0.3500625
0.324125
0.2959375
0.277
0.29525
0.3373125
0.371125
0.40975
0.42875
0.4225
0.423625
0.408875
0.3936875
0.395
0.3856875
0.393375
0.4025
0.425
0.4465
0.451
0.4580625
0.440375
0.4270625
0.423375
0.4245
0.440625
0.4555
0.46
0.4415
0.4155
0.3835
0.377375
0.394
0.394
0.40625
0.3945
0.3625625
0.3565
0.3558125
0.3483125
0.3543125
0.336875
0.3004375
0.278625
0.270125
0.27625
0.27325
0.2909375
0.294875
0.30225
0.353375
0.3734375
0.392375
0.4161875
0.39825
0.3928125
0.375875
0.3511875
0.350375
0.346875
0.377125
0.3923125
0.39925
0.4053125
0.37975
0.3686875
0.365
0.34925
0.3469375
0.34375
0.3258125
0.335
0.3350625
0.357125
0.372375
0.3735625
0.387125
0.3575625
0.35525
0.3438125
0.32325
0.3285625
0.30775
0.3053125
0.2951875
0.281375
0.29225
0.2936875
0.31125
0.3448125
0.3661875
0.3866875
0.4006875
0.388125
0.37925
0.3715625
0.373
0.3786875
0.3670625
0.353875
0.3325625
0.311
0.3251875
0.335125
0.3450625
0.366875
0.359625
0.3651875
0.358125
0.35225
0.361375
0.3503125
0.346875
0.3415625
0.307625
0.298375
0.298375
0.298375
0.298375
