-0.655
-0.655
-0.655
-0.655
-1.361875
-1.490625
-1.55625
-1.565
-1.22
-1.056875
-0.70625
-0.355625
-0.0725
-0.07
-0.05375
-0.24375
-0.6375
-0.84
-1.1725
-1.198125
-1.2175
-1.236875
-1.09
-0.938125
-0.493125
-0.09
0.029375
0.1325
-0.0675
-0.081875
0.005625
-0.048125
-0.096875
-0.39125
-0.683125
-1.0475
-1.129375
-1.109375
-1.2125
-1.104375
-1.425
-1.730625
-1.7
-1.75625
-1.500625
-1.275
-1.24375
-1.299375
-1.300625
-1.209375
-1.19125
-1.105
-1.153125
-1.165
-0.798125
-0.269375
0.105
0.189375
-0.065
-0.6975
-0.889375
-1.089375
-1.4725
-1.694375
-2.385
-2.721875
-2.8975
-2.815
-2.424375
-2.125625
-1.58375
-1.05
-0.5025
-0.205625
-0.000625
-0.148125
-0.66375
-0.77125
-1.03375
-1.12
-1.01875
-1.214375
-1.436875
-1.659375
-1.665
-1.790625
-1.605625
-1.54
-1.635
-1.485625
-1.475
-1.240625
-0.8475
-0.475
-0.44375
-0.479375
-0.795
-1.313125
-1.438125
-1.446875
-1.180625
-0.7625
-0.32
-0.2075
-0.609375
-1.0025
-1.8675
-2.575
-2.56125
-2.186875
-1.12375
0.06375
0.7925
0.969375
0.73375
0.449375
0.17
0.081875
0.065
-0.336875
-0.74125
-1.24125
-1.78
-1.916875
-1.70375
-1.284375
-0.845625
-0.37
-0.403125
-0.66625
-1.06875
-1.4275
-1.42125
-1.295625
-1.135
-1.106875
-1.045625
-0.88
-0.61
-0.45125
-0.699375
-1.051875
-1.2625
-1.326875
-1.02375
-0.643125
-0.250625
-0.07375
-0.170625
-0.23125
-0.478125
-0.375
0.20625
0.4975
0.558125
0.140625
-0.71
-1.384375
-1.61375
-1.35875
-1.16375
-1.153125
-1.401875
-2.045625
-2.23375
-2.16375
-2.01625
-1.384375
-1.110625
-0.975625
-0.70125
-0.905
-1.040625
-1.055
-1.348125
-1.4125
-1.439375
-1.5225
-1.364375
-1.09
-0.849375
-0.665
-0.5825
-0.949375
-1.28625
-1.40625
-1.628125
-1.45
-1.4625
-1.444375
-1.324375
-1.089375
-0.518125
-0.251875
0.205625
0.32625
0.30125
0.143125
-0.566875
-1.24625
-2.125
-2.5875
-2.3825
-2.109375
-1.651875
-1.459375
-1.52
-1.65375
-1.51625
-1.19125
-1.09625
-0.918125
-1.20875
-1.683125
-2.156875
-2.5175
-2.680625
-2.465
-1.754375
-1.00875
-0.09
0.30875
0.125
-0.433125
-1.245625
-1.591875
-1.411875
-0.82375
-0.135625
0.2675
0.4075
0.255
0.06875
-0.309375
-1.006875
-1.543125
-2.225
-2.54375
-2.551875
-2.605625
-2.323125
-2.175
-1.81125
-1.24875
-0.880625
-0.395625
-0.324375
-0.639375
-0.740625
-1.045625
-1.07875
-0.729375
-0.808125
-0.880625
-0.774375
-1.0925
-0.91625
-0.379375
-0.2675
0.0775
-0.21875
-0.73
-1.17875
-1.74625
-1.93375
-2.17125
-2.129375
-1.770625
-1.420625
-1.29
-1.32
-1.69
-1.92375
-1.746875
-1.37875
-0.749375
-0.046875
0.310625
0.18125
-0.08625
-0.61125
-1.061875
-0.95375
-0.9275
-0.94625
-0.6525
-0.87625
-0.999375
-1.005625
-1.531875
-1.711875
-1.829375
-1.88375
-1.65125
-1.6675
-1.513125
-1.690625
-1.876875
-1.90625
-2.258125
-2.2375
-2.02625
-1.463125
-0.8975
-0.569375
-0.605
-1.10625
-1.63125
-1.98125
-1.85375
-1.731875
-1.508125
-1.331875
-1.6425
-1.791875
-1.831875
-1.59375
-1.26
-1.01
-0.665625
-0.799375
-0.84625
-0.618125
-0.78
-0.91125
-0.914375
-1.341875
-1.379375
-1.099375
-0.9575
-0.433125
-0.13625
0.0075
0.17
-0.219375
-0.6975
-1.179375
-1.6425
-1.43625
-1.15
-0.905625
-0.790625
-1.165625
-1.39375
-1.379375
-1.15875
-0.55625
-0.12375
-0.050625
-0.115
-0.3475
-0.595
-0.68375
-0.793125
-1.024375
-0.975625
-0.789375
-0.531875
-0.286875
-0.21
-0.393125
-0.493125
-0.47625
-0.46375
-0.241875
-0.093125
0.184375
0.11
0.005625
-0.055
-0.5875
-0.48125
-0.6325
-0.965625
-0.843125
-1.341875
-1.69375
-1.884375
-2.02125
-1.565
-1.055
-0.485
-0.235625
-0.625
-0.7275
-1.01875
-1.26625
-0.781875
-0.698125
-0.703125
-0.42375
-0.66625
-0.795
-0.5875
-0.8225
-1.15375
-1.666875
-2.445
-2.913125
-2.9825
-2.750625
-2.15125
-1.3125
-0.634375
0.068125
0.34875
0.038125
-0.433125
-1.069375
-1.58875
-1.708125
-1.610625
-1.551875
-1.45125
-1.29625
-1.25375
-1.009375
-0.8275
-0.87
-0.85625
-1.18875
-1.45
-1.5475
-1.315
-0.878125
-0.354375
-0.018125
-0.041875
-0.1225
-0.28375
-0.4575
-0.744375
-0.855
-1.09125
-1.38625
-1.57625
-1.963125
-1.985
-1.494375
-0.7325
0.265625
1.041875
1.275
1.08375
0.414375
-0.583125
-1.389375
-2.008125
-2.150625
-1.893125
-1.74
-1.62125
-1.655625
-1.89875
-1.975
-2.075625
-2.284375
-2.445
-2.61125
-2.419375
-1.925625
-0.995625
0.02125
0.446875
0.54
0.03375
-0.6975
-1.0325
-1.36
-1.5725
-1.78125
-1.895625
-1.713125
-1.244375
-0.85875
-0.844375
-0.921875
-1.25875
-1.083125
-0.74625
-0.47125
-0.279375
-0.6725
-0.94875
-1.1425
-0.795625
-0.015
0.753125
1.07125
0.805
0.194375
-0.5575
-0.719375
-0.554375
-0.260625
0.0475
-0.120625
-0.644375
-1.195
-1.590625
-1.418125
-0.725625
-0.05375
0.176875
-0.19625
-1.208125
-2.14875
-2.559375
-2.591875
-2.21625
-1.595
-1.18
-0.678125
-0.2325
-0.304375
-0.5825
-1.33875
-2.095
-2.588125
-2.875
-2.88375
-2.94875
-3.01375
-3.07
-3.013125
-2.84375
-2.674375
-2.57875
-2.5875
-2.548125
-2.565
-2.31875
-2.233125
-2.35625
-2.304375
-2.5925
-2.72
-2.743125
-2.62375
-2.258125
-1.8925
-1.526875
-1.74625
-2.230625
-2.335
-2.14375
-1.56625
-0.6675
-0.353125
-0.62125
-0.808125
-1.25125
-1.31375
-0.8025
-0.6325
-0.08
0.12
-0.158125
-0.143125
-0.60625
-0.716875
-0.796875
-0.833125
-0.600625
-0.544375
-0.166875
0.123125
0.1625
0.006875
-0.118125
-0.40875
-0.353125
0.0925
0.325
0.785
0.9525
0.953125
0.764375
0.3725
-0.01875
-0.753125
-1.043125
-1.349375
-1.37625
-1.034375
-1.2125
-1.450625
-1.834375
-2.03875
-1.845625
-1.32125
-0.635625
-0.47
-0.534375
-0.85625
-1.64125
-2.139375
-2.455625
-2.68875
-2.348125
-1.720625
-1.1175
-0.496875
-0.2525
-0.3275
-0.245625
-0.061875
0.24875
0.2725
0.129375
-0.24375
-0.889375
-1.096875
-1.514375
-1.615
-1.22625
-0.775
-0.04
0.57375
0.774375
0.55
0.084375
-0.7225
-1.20125
-1.335625
-1.139375
-0.58625
-0.4675
-0.54125
-1.166875
-2.05
-2.668125
-3.203125
-3.3775
-3.220625
-3.06375
-2.77875
-2.2225
-1.750625
-1.34375
-0.99375
-0.80625
-0.558125
-0.006875
0.541875
0.675625
0.55
0.248125
-0.355625
-0.42
-0.45375
-0.730625
-0.765625
-0.98
-1.218125
-1.275
-1.388125
-1.555
-1.61125
-1.52375
-1.028125
-0.819375
-0.3775
-0.350625
-0.765
-0.796875
-1.061875
-1.046875
-0.905
-0.954375
-1.310625
-1.295625
-1.288125
-1.185
-0.70125
-0.85875
-1.37625
-1.9675
-2.6975
-3.046875
-2.68625
-1.943125
-1.07
-0.224375
0.24125
0.255
0.490625
0.5425
0.39
0.575625
0.441875
0.161875
0.029375
-0.35
-0.75375
-0.919375
-0.766875
-0.5325
-0.305625
0.081875
-0.180625
-0.45125
-0.555625
-0.91625
-0.814375
-0.929375
-1.455
-1.885
-2.4625
-2.82625
-2.520625
-1.960625
-1.261875
-0.70125
-0.50125
-0.523125
-0.40375
-0.22125
-0.23
-0.566875
-0.9925
-1.370625
-1.726875
-1.51375
-1.679375
-1.83625
-1.82375
-2.35
-2.40375
-2.288125
-2.1075
-1.375
-0.885625
-0.46375
-0.106875
-0.32375
-0.544375
-0.866875
-1.126875
-0.9025
-0.6425
-0.406875
-0.2875
-0.563125
-0.72125
-1.101875
-1.42875
-1.558125
-2.12
-2.36125
-2.2875
-2.2875
-1.91875
-1.91875
-1.91875
-1.91875
