0.3438125
0.3438125
0.3438125
0.3438125
0.34
0.314
0.299375
0.308875
0.305375
0.330375
0.3451875
0.348875
0.366375
0.37325
0.401375
0.395875
0.3661875
0.3394375
0.3049375
0.3015625
0.3303125
0.342125
0.3418125
0.354375
0.34275
0.3529375
0.35725
0.3296875
0.30525
0.2768125
0.273625
0.2930625
0.320875
0.3443125
0.34375
0.321625
0.299625
0.2801875
0.26725
0.2855625
0.293
0.2983125
0.332
0.347375
0.39125
0.436375
0.4545
0.45525
0.417625
0.379
0.344375
0.3445
0.365375
0.385
0.395625
0.388875
0.375125
0.354375
0.348875
0.338125
0.3381875
0.3414375
0.3284375
0.3135625
0.2980625
0.2884375
0.3020625
0.3299375
0.33325
0.353
0.349875
0.334375
0.344125
0.3298125
0.335125
0.3594375
0.369
0.3866875
0.393375
0.3696875
0.367125
0.36425
0.3610625
0.3705
0.3569375
0.329
0.2951875
0.278625
0.2706875
0.28
0.28775
0.28225
0.280875
0.2705625
0.28675
0.2998125
0.3065
0.3190625
0.301875
0.2776875
0.246875
0.2325
0.23425
0.25825
0.30225
0.321625
0.34625
0.35
0.350375
0.347375
0.33925
0.3405
0.322
0.32775
0.3065
0.2913125
0.292625
0.26625
0.2653125
0.2465
0.231125
0.23075
0.240875
0.2571875
0.26875
0.284375
0.2763125
0.282125
0.2828125
0.28675
0.3125
0.331
0.354625
0.3674375
0.3690625
0.37475
0.359125
0.334875
0.310625
0.287375
0.2990625
0.3219375
0.35475
0.375625
0.364125
0.369
0.3466875
0.327625
0.32475
0.30175
0.287125
0.285
0.282875
0.2694375
0.28775
0.2799375
0.290875
0.3404375
0.3468125
0.3811875
0.396625
0.3809375
0.3991875
0.3871875
0.375375
0.3525625
0.3228125
0.322125
0.307875
0.3298125
0.3483125
0.3489375
0.363625
0.35925
0.3416875
0.3308125
0.3295625
0.32975
0.3411875
0.353625
0.3453125
0.3394375
0.3309375
0.327125
0.3394375
0.3463125
0.3438125
0.3455625
0.3574375
0.3754375
0.4148125
0.44425
0.4580625
0.4675
0.4605625
0.443125
0.4090625
0.3749375
0.3465
0.3155
0.30725
0.302875
0.2975
0.308125
0.3065
0.2924375
0.2860625
0.286875
0.3071875
0.338
0.3459375
0.333125
0.3016875
0.269
0.258
0.27025
0.275625
0.2913125
0.296
0.2860625
0.29225
0.2915625
0.30875
0.3299375
0.35325
0.357375
0.3555
0.360125
0.3615625
0.3929375
0.4253125
0.4406875
0.4501875
0.4330625
0.3980625
0.3726875
0.3435
0.326875
0.323875
0.309875
0.316625
0.32775
0.343125
0.378125
0.394875
0.42175
0.415125
0.39775
0.3765
0.3345625
0.32825
0.3240625
0.336125
0.3386875
0.348375
0.3556875
0.354875
0.38775
0.396625
0.39475
0.400375
0.3765
0.34125
0.3175
0.27875
0.265125
0.27975
0.3060625
0.32675
0.3344375
0.328125
0.310625
0.30075
0.280875
0.269375
0.2471875
0.236
0.2363125
0.233375
0.241125
0.237875
0.228
0.234125
0.24425
0.2644375
0.289125
0.289625
0.30275
0.329625
0.374875
0.414625
0.411625
0.3724375
0.298
0.236625
0.201375
0.205125
0.22075
0.25375
0.29225
0.30225
0.340625
0.361625
0.382125
0.4074375
0.3895625
0.365
0.3249375
0.2758125
0.2631875
0.2465625
0.2404375
0.251875
0.25125
0.2646875
0.2943125
0.3125
0.3141875
0.322375
0.3158125
0.318625
0.3461875
0.363875
0.371375
0.39225
0.396625
0.38225
0.37275
0.3360625
0.29025
0.2819375
0.281375
0.2933125
0.3225
0.3355625
0.3545
0.352125
0.34175
0.31625
0.27125
0.253875
0.257875
0.277875
0.3175
0.356875
0.3585625
0.349875
0.3230625
0.275125
0.2678125
0.28475
0.3223125
0.386
0.425125
0.446875
0.4495625
0.425
0.3910625
0.353
0.3240625
0.30375
0.3108125
0.312125
0.311125
0.315125
0.296125
0.288625
0.27175
0.273625
0.284125
0.2986875
0.335875
0.3543125
0.387375
0.4074375
0.409875
0.4121875
0.3865
0.36975
0.35625
0.35625
0.35625
0.35625
