20.00625
20.00625
20.00625
20.00625
20.0375
19.56875
18.96875
18.5
17.94375
18.38125
19.3875
20.0
20.2625
19.95
18.9875
18.19375
18.0
17.80625
17.85625
18.15625
18.325
18.0125
17.55
17.00625
15.84375
15.30625
15.1
15.225
16.36875
17.80625
18.8625
19.6625
19.5375
19.70625
20.08125
20.34375
21.45625
20.825
19.8875
18.9875
17.1125
17.3125
18.10625
19.20625
21.38125
21.3
22.1625
22.71875
22.2625
23.5375
22.8625
22.66875
23.00625
22.69375
23.05625
22.23125
22.45
22.4125
23.1625
24.0875
22.675
22.4125
20.28125
19.13125
19.3375
18.5875
18.85625
18.24375
17.5125
16.8375
16.325
16.98125
18.275
19.31875
20.3
19.7875
17.88125
16.55
15.6625
16.01875
17.33125
18.2625
18.39375
17.55
16.475
15.6
15.1125
15.64375
16.79375
18.025
19.53125
20.73125
21.0
21.1125
21.65
20.9125
20.6375
20.88125
18.8625
18.71875
18.48125
17.46875
18.8125
18.50625
17.7
17.10625
15.7125
15.4375
15.5625
15.925
16.23125
16.44375
17.1375
17.675
17.91875
17.46875
16.21875
15.68125
16.025
17.60625
20.09375
22.3875
23.36875
23.15625
22.40625
19.9375
18.98125
19.00625
19.325
21.0
21.16875
21.03125
20.375
20.00625
20.3875
19.49375
18.40625
16.78125
15.31875
15.59375
17.46875
19.1
20.6
21.775
20.75625
20.625
20.4625
19.38125
19.1375
18.2625
17.19375
16.1875
15.0875
14.2
14.7375
16.81875
20.04375
23.15625
23.50625
21.75625
18.76875
15.8375
15.2875
16.2
17.3375
18.4375
18.25
17.98125
18.06875
18.04375
18.84375
19.03125
19.35
19.3875
18.73125
18.1875
16.9125
16.2125
16.10625
16.1875
16.6375
16.7125
16.4625
16.93125
17.9125
19.5875
20.86875
20.65625
19.49375
17.325
15.56875
14.65
14.65625
15.69375
16.75
17.84375
18.125
17.75
17.45625
16.8625
16.4625
15.91875
15.29375
14.9125
14.78125
15.33125
16.30625
17.625
19.26875
20.5125
22.0625
23.225
23.5125
24.5
24.05
23.58125
24.0875
22.65625
21.85
20.55625
18.23125
17.15
16.9375
17.60625
19.2125
21.2375
21.25625
21.0
20.33125
19.3125
19.6625
19.44375
19.34375
19.3875
19.525
21.26875
22.91875
23.98125
24.39375
22.80625
21.39375
21.1875
21.38125
22.04375
22.14375
20.24375
18.35
17.0125
16.16875
16.6
17.5375
17.8
17.575
17.0375
15.60625
15.4125
15.9375
17.20625
19.5
20.60625
21.01875
20.7375
19.56875
20.075
20.83125
21.73125
22.38125
21.11875
19.8375
18.14375
16.9625
16.025
15.61875
15.625
15.61875
17.16875
17.54375
17.9375
18.8375
17.8875
17.99375
18.61875
18.2125
18.7875
19.7875
20.25
20.94375
20.75
19.18125
17.05625
15.93125
15.4625
15.63125
16.8875
17.53125
18.01875
19.14375
19.40625
20.30625
21.425
21.15
21.00625
18.89375
17.125
16.8875
16.85
18.25
19.95625
20.50625
21.8125
22.7375
21.8125
20.58125
18.25
16.08125
14.61875
13.84375
13.00625
12.6375
13.425
14.675
16.71875
17.8625
18.56875
19.4
19.5875
20.34375
20.2375
18.7875
17.45625
16.3375
15.28125
15.375
15.6875
15.775
16.73125
16.91875
17.08125
17.03125
16.525
16.39375
16.15
15.95625
16.04375
17.35
19.1875
21.925
23.96875
23.2625
22.7625
19.8875
17.96875
19.1125
18.5375
19.90625
21.05625
19.4375
18.85625
18.25
16.9875
16.66875
16.70625
15.9875
16.075
17.50625
18.025
19.28125
20.2
19.70625
19.96875
19.4375
18.85
18.75625
18.2625
18.5625
18.8625
18.675
19.44375
19.9
20.025
20.3375
19.1375
17.825
16.725
15.9125
16.63125
16.975
17.14375
16.78125
14.875
13.9375
13.5875
15.18125
18.775
21.35625
24.15
24.73125
23.61875
23.65625
23.4375
23.875
24.75625
24.225
23.44375
22.56875
20.975
20.55
19.375
17.90625
17.2375
16.19375
15.89375
16.7625
17.19375
17.56875
17.95625
18.06875
19.625
21.0875
22.5375
22.26875
20.93125
19.44375
17.9625
17.425
16.11875
14.59375
13.825
14.175
14.99375
16.275
16.125
15.0125
14.69375
14.75
15.4
16.31875
17.05
17.49375
18.1375
18.65625
18.44375
18.3875
18.4875
18.05625
17.9875
18.01875
17.8875
18.725
19.6875
19.55
18.8
17.1625
15.0875
13.775
13.4625
14.14375
16.05
17.9625
19.28125
19.575
18.9875
18.875
18.44375
18.4875
18.45
17.5
16.9625
16.425
16.34375
16.60625
17.28125
19.1125
20.29375
21.96875
23.2125
22.2625
20.875
18.74375
16.40625
14.6125
14.6125
14.56875
15.03125
16.7875
16.75625
17.53125
17.775
16.9125
16.475
15.175
14.375
13.8
14.03125
14.69375
14.6625
15.11875
15.33125
16.3625
17.5375
18.19375
18.70625
18.63125
19.70625
21.71875
23.48125
25.0125
25.6625
24.775
24.10625
23.13125
22.1125
22.0375
21.90625
22.3875
23.01875
22.78125
22.775
22.4625
21.9625
22.18125
22.15
21.86875
22.04375
22.69375
23.34375
24.49375
24.6625
23.51875
22.375
20.98125
20.8625
21.61875
22.03125
21.80625
20.26875
18.49375
16.65
15.44375
15.28125
15.74375
17.375
19.3375
20.93125
22.26875
22.54375
22.79375
23.04375
22.4875
22.34375
21.6625
20.6125
20.0
19.25
18.7625
18.26875
18.0125
17.4625
16.40625
16.775
16.53125
16.41875
16.40625
14.29375
12.675
11.325
11.15
12.325
14.55
17.14375
18.9375
20.43125
20.625
19.55625
17.6875
15.51875
12.8
11.60625
12.0625
14.35
17.7375
20.5125
22.33125
21.8875
20.84375
19.95625
18.73125
17.7375
17.8625
17.4875
17.55625
19.35625
19.81875
20.53125
21.24375
20.725
20.425
20.06875
19.7125
17.825
17.2875
16.80625
16.875
19.525
20.375
20.78125
19.7875
17.1875
15.0375
13.8125
14.18125
14.6125
15.6375
16.14375
15.90625
16.9625
17.74375
18.5625
20.16875
21.225
21.95
23.4625
23.15
21.83125
21.11875
18.0875
16.30625
16.0375
15.98125
18.50625
20.425
21.24375
21.825
20.71875
20.06875
19.88125
19.15625
18.95
19.13125
18.83125
18.4125
17.81875
15.95
15.03125
14.83125
14.925
16.625
17.46875
18.01875
18.8625
18.96875
18.875
18.45625
17.75
17.70625
18.86875
19.825
21.21875
21.08125
19.45
18.625
17.4125
17.00625
17.475
18.14375
19.025
19.6125
20.1
19.95625
18.76875
18.56875
18.21875
17.9875
18.2375
16.7625
15.49375
13.51875
12.13125
12.84375
13.56875
15.4125
17.1625
17.225
17.55625
18.1125
18.3875
19.70625
20.7
20.83125
21.375
21.51875
21.4875
21.23125
20.3625
18.95625
18.51875
18.95625
19.5125
21.10625
21.16875
20.69375
20.9
20.09375
19.46875
19.0125
17.53125
17.3125
17.73125
17.64375
18.8
18.44375
17.5625
17.2125
16.14375
15.5375
15.8375
16.73125
16.95
17.8375
18.15
16.7375
16.41875
16.41875
16.5
18.375
19.74375
19.65
19.85
19.05625
17.8625
17.1375
16.23125
15.38125
14.6875
14.59375
14.3125
13.925
14.15
14.575
14.33125
15.20625
15.94375
15.38125
15.8625
15.50625
14.9875
15.26875
14.95
13.85
12.2875
10.725
9.4625
9.0
9.0
9.3
9.9
10.8
10.8
10.8
10.8
