0.118852459016
0.118852459016
0.118852459016
0.118852459016
0.116730093677
0.116071428571
0.115412763466
0.100629391101
0.0718676814988
0.0431059718969
0.0143442622951
0.000219555035129
0.000439110070258
0.000878220140515
0.00131733021077
0.00131733021077
0.00131733021077
0.000878220140515
0.000439110070258
0.000219555035129
0.000219555035129
0.000439110070258
0.000658665105386
0.0155884074941
0.0300790398126
0.0583284543325
0.0865778688524
0.0991656908664
0.111973067916
0.0972628805619
0.0830649882902
0.0560597189694
0.0290544496487
0.0305181498829
0.0309572599532
0.0451551522248
0.0731118266978
0.0716481264636
0.0706967213114
0.0697453161591
0.0412763466041
0.0275175644028
0.0137587822014
0.0147101873536
0.0296399297424
0.0455942622951
0.0762587822014
0.0785275175644
0.0941159250585
0.121413934426
0.13400175644
0.15925058548
0.157201405152
0.128659250585
0.100117096019
0.0725995316159
0.0588407494145
0.0588407494145
0.0446428571428
0.0309572599532
0.0310304449648
0.0458138173301
0.0742827868851
0.101727166276
0.101653981265
0.0865046838407
0.0718676814988
0.059206674473
0.0603044496486
0.0479361826697
0.0355679156908
0.0202722482435
0.00644028103045
0.0206381733021
0.0348360655738
0.0519613583138
0.0661592505855
0.0514490632318
0.0504976580796
0.046618852459
0.0442037470725
0.0564988290397
0.0412763466041
0.0275175644028
0.0137587822014
0.0
0.0144174473068
0.0290544496488
0.0436914519907
0.0583284543326
0.044130562061
0.029493559719
0.0286153395784
0.0277371194379
0.0550351288055
0.0825526932083
0.0830649882902
0.0837968384073
0.0713553864167
0.0591334894613
0.0606703747072
0.0617681498828
0.0484484777517
0.0346896955503
0.019394028103
0.00431791569087
0.00256147540984
0.00102459016394
0.000512295081968
0.00102459016394
0.00204918032787
0.00453747072601
0.00848946135833
0.0103922716628
0.0131733021077
0.0274443793911
0.0387880562061
0.051668618267
0.0627927400469
0.0603044496487
0.0592798594848
0.0572306791568
0.0560597189694
0.0417886416861
0.0275175644028
0.0281762295082
0.0435450819673
0.0726727166277
0.101800351288
0.102093091335
0.0729654566745
0.0438378220141
0.0147101873536
0.0147101873536
0.0294203747073
0.0441305620609
0.0588407494145
0.0441305620609
0.0304449648712
0.0167593676815
0.00307377049181
0.0044642857143
0.0175644028103
0.0315427400468
0.0455210772833
0.0725263466041
0.073038641686
0.071794496487
0.0705503512879
0.0565720140515
0.0563524590164
0.0717213114754
0.0873097189696
0.0880415690867
0.0897980093677
0.0621340749415
0.034031030445
0.020418618267
0.00475702576113
0.00380562060891
0.004537470726
0.0182230679157
0.0331528103044
0.0480825526931
0.0600848946135
0.0465456674472
0.0463261124121
0.0463261124121
0.0477898126463
0.0745023419203
0.0739168618267
0.0728922716628
0.0865778688525
0.0728922716628
0.0867242388759
0.100775761124
0.0998243559718
0.113290398126
0.100263466042
0.0872365339579
0.0745023419204
0.061768149883
0.0607435597191
0.0741364168619
0.0875292740048
0.101141686183
0.116290983607
0.102605386417
0.0745023419205
0.0469847775176
0.0184426229508
0.00534250585481
0.00665983606559
0.019906323185
0.0474238875878
0.0739168618266
0.100409836065
0.100409836065
0.0728922716626
0.0443501170959
0.0158079625292
0.00102459016394
0.0
0.0
0.000219555035129
0.000439110070258
0.00117096018735
0.00212236533958
0.0169789227166
0.0465456674473
0.075087822014
0.103703161592
0.103849531616
0.0760392271662
0.0497658079625
0.0373975409836
0.0393735362998
0.0540105386417
0.0813085480094
0.0796984777517
0.0780884074941
0.0761855971897
0.0458870023419
0.0446428571428
0.0442769320843
0.0447892271662
0.0600117096018
0.0465456674472
0.045081967213
0.0436182669788
0.0431791569086
0.0570843091334
0.0587675644028
0.0604508196721
0.0600848946136
0.0597189695551
0.0442769320844
0.0288348946136
0.0144174473068
0.0
0.0
0.00102459016394
0.00204918032787
0.00307377049181
0.0178571428571
0.0305913348946
0.0580357142856
0.0854800936767
0.085406908665
0.0868706088992
0.0589139344262
0.0309572599532
0.0167593676815
0.0015368852459
0.00102459016394
0.000512295081968
0.0
0.000219555035129
0.000439110070258
0.000658665105386
0.000878220140515
0.000658665105386
0.000439110070258
0.000219555035129
0.0
0.00102459016394
0.00204918032787
0.00307377049181
0.00409836065575
0.00409836065575
0.00461065573772
0.00512295081968
0.00563524590165
0.0060011709602
0.0053425058548
0.00556206088992
0.00578161592504
0.00526932084308
0.0196135831381
0.0322014051522
0.0447892271662
0.059718969555
0.0459601873536
0.0330796252927
0.0201990632318
0.00526932084309
0.00526932084309
0.00526932084309
0.00526932084309
