0.050625
0.050625
0.050625
0.050625
0.06375
0.068125
0.07875
0.066875
0.05625
0.063125
0.073125
0.106875
0.1325
0.1475
0.1425
0.1125
0.1
0.076875
0.07875
0.093125
0.095
0.118125
0.12875
0.141875
0.155
0.145
0.1225
0.095625
0.05625
0.03125
0.02875
0.029375
0.045
0.069375
0.075625
0.08125
0.081875
0.061875
0.050625
0.03875
0.029375
0.02875
0.03625
0.048125
0.06
0.071875
0.065625
0.04875
0.031875
0.01625
0.01
0.01125
0.0125
0.015625
0.016875
0.015
0.013125
0.0175
0.02625
0.0375
0.05875
0.06375
0.06375
0.0625
0.04125
0.028125
0.0225
0.018125
0.02375
0.0375
0.05125
0.065625
0.081875
0.081875
0.069375
0.05875
0.044375
0.04625
0.053125
0.063125
0.08625
0.09125
0.11125
0.11625
0.09875
0.1025
0.09375
0.09625
0.115
0.11625
0.105
0.0975
0.085
0.07375
0.0875
0.084375
0.088125
0.09875
0.086875
0.09
0.084375
0.075
0.073125
0.064375
0.04875
0.035625
0.035
0.034375
0.043125
0.063125
0.065625
0.073125
0.083125
0.08125
0.08625
0.08625
0.090625
0.0825
0.078125
0.0775
0.066875
0.070625
0.0775
0.084375
0.09375
0.10125
0.093125
0.083125
0.074375
0.065625
0.064375
0.061875
0.058125
0.0625
0.070625
0.0825
0.094375
0.093125
0.099375
0.10375
0.109375
0.115
0.105
0.105
0.093125
0.08875
0.098125
0.0975
0.118125
0.145
0.161875
0.171875
0.17
0.160625
0.145625
0.134375
0.125625
0.115625
0.114375
0.114375
0.101875
0.079375
0.055625
0.03375
0.021875
0.024375
0.025625
0.039375
0.066875
0.091875
0.12375
0.143125
0.14625
0.140625
0.126875
0.113125
0.095
0.091875
0.0925
0.080625
0.08625
0.07375
0.05875
0.058125
0.04
0.034375
0.031875
0.0325
0.039375
0.05125
0.065
0.0675
0.081875
0.07875
0.068125
0.073125
0.068125
0.073125
0.081875
0.073125
0.056875
0.050625
0.045
0.050625
0.06375
0.059375
0.056875
0.04875
0.045
0.048125
0.048125
0.048125
0.049375
0.060625
0.075
0.100625
0.11
0.11125
0.110625
0.0925
0.0925
0.0925
0.0925
