4.52125
4.52125
4.52125
4.52125
4.511875
4.945
5.98875
6.918125
8.134375
8.449375
7.969375
7.334375
6.38
5.861875
5.625625
5.27125
4.71
4.255
4.3875
5.19125
6.28875
7.145
7.41
6.785
6.20125
5.73875
5.4875
5.4925
5.376875
5.4675
4.97375
5.049375
5.1775
4.9475
5.3825
5.2625
5.1
5.343125
5.12625
5.190625
5.624375
5.818125
6.41125
6.91
6.94125
7.0325
6.97375
6.563125
6.1
5.345
4.97375
5.1075
5.44125
6.23875
6.296875
5.915625
5.565625
4.85625
4.44625
4.161875
3.815
3.663125
4.158125
5.04125
6.41375
7.47875
7.69125
7.63
6.72
5.885
5.05625
4.19
3.62625
3.565
3.91375
4.06375
4.548125
4.53375
4.72
5.1425
5.418125
5.965625
6.288125
6.884375
7.039375
7.261875
7.166875
6.87875
7.154375
6.918125
6.89375
6.513125
5.96375
6.23375
6.715625
7.668125
8.260625
8.075
7.525625
6.588125
5.99125
5.595625
5.0675
4.753125
4.523125
4.280625
4.273125
4.38
4.361875
4.723125
5.619375
6.605
7.465625
7.87875
7.654375
7.01875
6.7075
6.540625
6.225625
5.925
5.350625
4.73625
4.661875
4.65875
4.564375
4.575625
4.07125
3.948125
4.00625
3.988125
4.349375
4.27625
4.24
4.50875
4.77125
5.476875
6.073125
6.321875
6.375625
5.88125
5.500625
5.493125
5.52625
5.84625
6.109375
5.7875
5.579375
5.286875
4.994375
5.075
5.09875
5.23625
5.37375
5.156875
4.94
4.66625
4.34
4.2875
4.2075
4.21875
4.3075
4.498125
4.71625
4.92375
5.031875
5.038125
5.00375
4.995
5.094375
5.285
5.81625
5.868125
5.859375
5.668125
5.223125
5.06375
4.99875
5.196875
5.124375
5.25375
5.575
5.656875
5.909375
6.115625
5.803125
5.8375
5.925625
5.945625
6.34375
6.17
5.81375
5.4575
4.86375
4.47125
4.41625
4.36125
4.425
4.58
4.69875
4.8175
5.0175
5.13625
5.09875
5.06125
4.88875
5.2625
5.53875
5.7875
5.988125
5.511875
5.251875
5.046875
4.964375
4.85375
5.045625
5.21
5.435
6.351875
6.50125
6.650625
6.6375
5.88
5.56
5.29375
5.1625
5.205
5.1125
5.190625
5.2425
5.413125
5.864375
5.904375
6.300625
6.696875
6.62
6.63875
5.8625
5.08625
4.604375
4.491875
4.915625
5.458125
5.9
6.06375
6.09625
6.090625
6.38
6.4825
6.41875
6.034375
5.765
5.56375
5.58875
6.013125
5.955625
6.098125
6.38625
6.515
6.655
6.75125
6.708125
6.678125
6.67
6.505625
5.866875
5.2825
4.763125
4.668125
5.1425
5.549375
6.1825
6.13
5.9225
5.490625
4.966875
4.925
5.18875
5.648125
5.8275
5.905
5.570625
5.244375
5.23625
5.12625
4.923125
4.815
4.444375
4.449375
4.62875
4.76125
4.988125
4.716875
4.495625
4.194375
4.044375
4.11875
4.168125
4.554375
4.93625
5.343125
5.75
5.588125
5.463125
5.313125
5.138125
5.2725
5.2725
5.2475
5.531875
5.761875
5.65625
5.628125
4.981875
4.35375
4.108125
3.90125
4.073125
4.25625
4.396875
4.3025
4.324375
4.51875
4.70875
5.0
4.998125
4.6625
4.470625
4.23375
4.054375
4.476875
4.761875
5.48875
6.62375
6.86625
7.38875
7.3575
6.578125
6.261875
5.38
4.668125
4.553125
4.415625
4.453125
4.960625
5.204375
5.5275
6.0525
5.850625
5.7075
5.5875
5.37
5.573125
5.834375
6.085
6.41
6.36875
6.74375
6.81375
6.741875
6.83375
6.14375
5.649375
5.35
5.35875
5.875625
6.734375
7.1525
7.5425
7.495
6.834375
6.665625
6.133125
5.985
6.376875
6.664375
6.969375
6.995
6.551875
5.95375
5.3925
5.015
5.095
5.0625
5.075
5.19
5.288125
5.785625
6.66625
7.229375
7.169375
6.903125
5.924375
5.31
5.081875
4.98125
5.36625
5.646875
5.9525
6.2825
6.440625
6.524375
6.660625
6.26125
5.916875
5.319375
4.723125
4.458125
4.565625
5.285625
5.845625
6.510625
6.485625
5.823125
5.373125
4.818125
4.878125
5.448125
6.09
6.78
6.896875
6.4975
5.635625
4.778125
4.370625
4.2475
4.40875
4.55875
4.38625
4.21375
4.325625
4.489375
5.103125
6.00125
6.355625
6.644375
6.644375
6.2325
6.279375
6.635625
6.991875
7.603125
7.739375
7.255625
6.4875
5.303125
4.445625
3.970625
4.064375
4.45125
5.07125
5.67375
5.7325
5.811875
5.3225
5.063125
5.3225
5.480625
6.25375
6.43375
6.04125
6.2125
6.006875
6.328125
7.275625
7.299375
7.369375
7.20875
6.735
6.648125
6.225625
5.786875
5.348125
5.008125
5.205
5.509375
5.81375
6.019375
5.87375
5.568125
5.568125
5.568125
5.568125
