1.11875
1.11875
1.11875
1.11875
1.06
1.025625
1.01125
1.00125
1.015
1.06875
1.13
1.21875
1.235625
1.193125
1.134375
1.07625
1.039375
1.00375
0.93875
0.894375
0.879375
0.88125
0.9325
0.938125
0.96
0.981875
0.981875
1.028125
1.03
1.031875
1.04375
1.0325
1.058125
1.106875
1.1175
1.15125
1.14625
1.09875
1.11
1.08
1.04625
1.073125
1.065625
1.07875
1.1175
1.095
1.0825
1.07375
1.084375
1.105625
1.105
1.0725
0.995
0.928125
0.878125
0.8825
0.92125
0.954375
0.9875
0.975625
0.943125
0.90375
0.88125
0.904375
0.94625
1.013125
1.055625
1.071875
1.07875
1.05125
1.03375
0.985625
0.936875
0.948125
0.973125
1.01625
1.061875
1.031875
0.965625
0.96875
0.9575
1.005
1.08125
1.0575
1.068125
1.05375
1.021875
1.03125
1.008125
0.998125
1.038125
1.069375
1.145
1.243125
1.238125
1.23
1.154375
0.996875
0.90375
0.846875
0.834375
0.8725
0.9175
0.938125
0.965625
1.001875
1.04625
1.09625
1.118125
1.12125
1.080625
1.004375
0.930625
0.85625
0.8475
0.890625
0.9225
0.974375
1.00625
1.0175
1.075625
1.173125
1.23
1.275
1.265625
1.206875
1.15875
1.111875
1.10125
1.075
1.031875
1.024375
1.024375
1.014375
1.05
1.059375
1.0225
0.99375
0.95625
0.93
0.995
1.076875
1.14
1.15375
1.084375
1.075
1.055625
1.114375
1.178125
1.123125
1.115625
1.05
1.005625
1.018125
0.99625
0.998125
1.0275
1.08875
1.155
1.188125
1.129375
1.013125
0.916875
0.848125
0.83875
0.8575
0.818125
0.77875
0.75875
0.759375
0.8275
0.894375
0.9225
0.9325
0.896875
0.8625
0.848125
0.808125
0.80375
0.8225
0.840625
0.905
0.943125
0.93625
0.938125
0.905
0.8825
0.90875
0.926875
0.958125
0.965
0.91875
0.8625
0.820625
0.800625
0.80625
0.85875
0.886875
0.925
0.985625
0.98
0.97625
0.953125
0.886875
0.899375
0.908125
0.92625
0.991875
0.96625
0.961875
0.9575
0.918125
0.9025
0.87625
0.8675
0.876875
0.925
0.973125
1.0125
1.034375
1.0325
1.02
1.015625
1.059375
1.09625
1.143125
1.14875
1.05375
0.958125
0.874375
0.795625
0.805625
0.84375
0.858125
0.890625
0.86875
0.808125
0.820625
0.855
0.953125
1.13375
1.215
1.274375
1.2775
1.156875
1.053125
0.991875
0.9575
1.015
1.095625
1.07625
1.02125
0.928125
0.834375
0.825625
0.87125
0.94375
1.024375
1.07375
1.1075
1.094375
1.061875
1.039375
0.989375
0.966875
0.976875
0.955625
0.988125
1.03875
1.06875
1.124375
1.105
1.059375
1.018125
0.9875
0.973125
0.95875
0.930625
0.903125
0.93625
0.98
1.050625
1.116875
1.104375
1.116875
1.073125
1.014375
0.995
0.91125
0.864375
0.82875
0.793125
0.8125
0.84375
0.89
0.97375
1.04
1.1275
1.159375
1.113125
1.108125
1.04625
1.049375
1.095625
1.04125
1.01375
0.954375
0.919375
0.964375
1.044375
1.1075
1.155
1.170625
1.11125
1.083125
1.065
1.06
1.08875
1.158125
1.165
1.180625
1.2
1.12
1.08125
1.02
0.950625
0.93875
0.94875
0.988125
1.04375
1.0825
1.059375
1.029375
0.99125
0.953125
0.995
0.98875
0.9825
0.985
0.929375
0.910625
0.891875
0.87125
0.845625
0.818125
0.791875
0.828125
0.908125
1.01125
1.09375
1.074375
1.074375
1.05375
1.05125
1.09
1.05125
0.994375
0.9675
0.940625
0.969375
1.01625
1.02625
1.045
1.025
1.005
0.974375
0.93
0.898125
0.866875
0.85375
0.833125
0.8275
0.83
0.8425
0.87875
0.899375
0.9225
0.954375
0.96375
0.990625
1.00375
0.991875
1.0
0.999375
1.00125
1.016875
1.02625
1.038125
1.0525
1.041875
1.00875
0.953125
0.8925
0.84125
0.809375
0.7975
0.77
0.790625
0.855625
0.91875
1.026875
1.07375
1.030625
1.018125
0.949375
0.90625
0.911875
0.888125
0.93625
0.980625
1.023125
1.083125
1.070625
1.074375
1.086875
1.059375
1.091875
1.070625
1.030625
0.99375
0.8875
0.8275
0.796875
0.8075
0.8575
0.9075
0.93875
0.945
0.96
0.94875
0.9325
0.92375
0.896875
0.90875
0.93375
0.955
0.983125
0.99
0.969375
0.94875
0.9425
0.93625
0.948125
0.96
0.95125
0.9425
0.924375
0.894375
0.893125
0.91
0.945625
0.980625
0.984375
0.950625
0.91625
0.90625
0.91625
0.965
1.00875
1.05875
1.081875
1.065
1.0625
1.015
1.0075
1.001875
0.96
0.95375
0.921875
0.92625
0.94875
0.953125
0.965
0.950625
0.93625
0.940625
0.918125
0.913125
0.904375
0.88625
0.910625
0.908125
0.909375
0.901875
0.875
0.875625
0.87625
0.925
0.9775
0.9775
0.9775
0.9775
