-1.849375
-1.849375
-1.849375
-1.849375
-1.844375
-1.285625
-0.911875
-0.668125
-0.461875
-0.440625
-0.79
-0.765625
-0.790625
-1.12125
-0.89625
-1.0175
-1.051875
-0.645
-0.460625
-0.263125
0.05875
0.1675
0.045625
-0.129375
-0.3575
-0.6475
-0.4875
-0.25
-0.155
-0.024375
-0.276875
-0.391875
-0.38375
-0.46125
-0.240625
-0.10375
-0.01875
0.363125
0.529375
0.446875
0.188125
-0.24
-0.57375
-0.606875
-0.648125
-0.498125
-0.525
-0.681875
-0.29375
-0.096875
0.430625
1.09625
1.349375
1.550625
1.528125
1.196875
0.9175
0.64375
0.336875
0.42
0.44125
0.555
0.64125
0.245625
0.045
-0.26375
-0.64
-0.803125
-1.170625
-1.395
-1.220625
-0.725625
-0.22125
0.1825
0.270625
0.13625
0.06375
0.010625
0.19375
0.246875
0.3
0.405
0.18875
-0.0875
-0.25
-0.464375
-0.616875
-0.438125
-0.4625
-0.77375
-0.88
-1.00875
-1.0725
-0.858125
-0.556875
-0.346875
-0.359375
-0.048125
0.071875
0.02625
0.393125
0.1925
-0.06
-0.27625
-0.75
-0.770625
-1.048125
-1.14625
-1.019375
-1.214375
-0.761875
-0.513125
-0.27625
0.14625
0.251875
0.29
-0.12125
-0.5075
-1.029375
-1.21625
-0.714375
-0.301875
0.224375
0.58875
0.231875
-0.176875
-0.8325
-1.3525
-1.203125
-1.001875
-0.225625
0.1675
0.10875
0.069375
-0.441875
-0.41375
-0.2425
-0.41
-0.2575
-0.591875
-0.92625
-0.589375
-0.42875
0.114375
0.491875
0.284375
-0.02125
-0.57
-0.78375
-0.503125
-0.378125
-0.149375
-0.0525
-0.42125
-0.184375
-0.153125
-0.038125
0.359375
0.405
0.604375
0.715
0.75625
0.765
0.9275
1.0575
1.154375
1.344375
1.32875
1.121875
0.70125
0.078125
-0.493125
-0.681875
-0.313125
0.213125
0.701875
0.999375
0.714375
0.316875
-0.249375
-1.17625
-1.905
-2.341875
-2.6375
-2.211875
-1.4125
-0.86
-0.16875
0.11
0.08
0.101875
0.285
0.571875
0.715625
0.859375
0.82
0.72875
0.615
0.439375
0.098125
-0.438125
-0.561875
-0.51
-0.52625
-0.241875
-0.18
-0.231875
0.0025
0.1225
0.255625
0.028125
-0.084375
-0.09
-0.441875
-0.094375
-0.04625
-0.456875
-0.393125
-0.8
-1.075
-0.62875
-0.344375
0.034375
0.36125
0.238125
0.006875
-0.085
-0.5375
-0.863125
-1.084375
-1.61375
-1.421875
-1.391875
-1.118125
-0.49625
-0.2675
0.208125
0.459375
0.7225
1.050625
1.220625
1.20875
0.889375
0.5375
0.22125
-0.098125
-0.26375
-0.79
-1.226875
-1.498125
-1.91125
-1.655
-1.683125
-1.350625
-0.580625
-0.363125
0.155
0.3125
0.085
0.243125
0.413125
0.583125
0.899375
1.195
1.15
0.809375
0.268125
-0.556875
-0.96375
-0.970625
-0.84875
-0.65625
-0.69125
-0.671875
-0.64125
-0.51875
-0.33125
-0.3025
-0.075
0.3875
0.845625
1.2225
1.04375
0.681875
0.030625
-0.4475
-0.204375
-0.065
0.56875
0.836875
0.549375
0.170625
-0.413125
-0.48125
-0.21125
0.29875
0.7525
0.7225
0.240625
-0.24
-0.6925
-0.696875
-0.3925
-0.481875
-0.660625
-1.07
-1.15125
-0.730625
-0.183125
0.5025
0.803125
0.810625
0.8
0.4425
0.23125
0.283125
0.294375
0.580625
0.7775
0.7
0.5025
0.454375
0.045625
-0.265
-0.239375
-0.456875
0.075
0.344375
0.329375
0.418125
-0.06375
0.105625
0.42125
0.713125
1.149375
1.116875
0.94625
0.7475
0.7775
0.70625
0.808125
0.881875
0.573125
0.565
0.310625
0.0325
-0.016875
-0.16125
0.025
0.315
0.68875
0.766875
0.308125
-0.224375
-0.845625
-1.02625
-0.485625
0.09875
0.29875
0.344375
-0.06
-0.51875
-0.569375
-0.45875
-0.465
-0.40625
-0.16
-0.20375
0.2325
0.275625
0.013125
-0.07375
-0.773125
-0.75125
-0.605625
-0.830625
-0.716875
-1.15875
-1.805625
-1.815625
-1.516875
-0.828125
0.226875
0.934375
1.19
1.19875
0.95625
0.785
0.775625
0.518125
-0.071875
-0.803125
-1.7375
-2.118125
-2.064375
-1.85375
-1.289375
-1.034375
-0.853125
-1.069375
-1.26375
-1.28125
-1.10125
-0.535
-0.27375
-0.10125
-0.3975
-0.649375
-0.67375
-0.730625
-0.269375
-0.009375
-0.15875
-0.595
-1.18625
-1.741875
-1.90125
-1.83875
-1.84625
-1.604375
-1.300625
-0.631875
-0.036875
0.43625
0.7575
0.7325
0.635
0.236875
-0.121875
-0.33625
-0.25
0.328125
0.73875
0.86
0.61375
0.020625
-0.479375
-0.68625
-0.543125
-0.115625
0.398125
0.866875
0.84875
0.463125
-0.1275
-1.094375
-1.424375
-1.37375
-0.985
0.023125
0.7525
1.1975
1.395625
0.985
0.375
-0.20125
-0.725625
-0.775625
-0.57875
-0.4325
-0.32375
-0.275
-0.38125
-0.386875
-0.355
-0.515625
-0.58375
-0.825
-1.32875
-1.62125
-1.841875
-1.7275
-1.359375
-1.09625
-0.863125
-0.600625
-0.00125
0.61125
0.83875
0.575625
-0.34375
-1.27625
-1.67375
-1.451875
-0.639375
-0.22625
-0.218125
-0.675625
-1.658125
-1.9325
-1.656875
-1.125625
-0.085
0.46875
0.31
-0.051875
-0.546875
-1.0525
-1.1325
-1.394375
-1.92375
-1.923125
-1.805625
-1.05625
-0.053125
0.475625
0.914375
0.7975
0.634375
0.69875
0.64125
0.97375
1.200625
1.341875
1.269375
0.70625
0.246875
-0.564375
-1.0275
-1.094375
-1.57375
-1.5475
-1.434375
-1.27875
-0.596875
0.016875
0.1525
0.005625
-0.13375
-0.386875
-0.426875
-0.33125
-0.67375
-1.01625
-1.119375
-1.113125
-0.555
-0.110625
0.363125
0.46
0.289375
0.2325
-0.07125
-0.03875
-0.15875
-0.27875
-0.27875
-0.27875
-0.27875
