0.039523925
0.039523925
0.039523925
0.039523925
0.03942653125
0.03319309375
0.03177109375
0.029462774375
0.03027117375
0.0333099725
0.02927770875
0.0301348025
0.03044646875
0.03734221125
0.04552360375
0.048163076875
0.05098760625
0.04811437875
0.04373149
0.0408874825
0.0408874825
0.03497545125
0.04283544875
0.05052013375
0.05613025125
0.07033083125
0.062860425
0.05574064375
0.047802725
0.04340031875
0.05095834375
0.05834105625
0.0661328375
0.06473033125
0.05907155625
0.0622175375
0.06859711875
0.0722398075
0.08277824
0.08192110375
0.0755707425
0.0767394725
0.0714702275
0.060094215
0.05621779625
0.05445490375
0.053101079375
0.06292847125
0.058818314375
0.04755917625
0.03854992125
0.02457339375
0.02160277
0.02283972125
0.02363838375
0.03037829375
0.03307619875
0.032559985
0.031420426875
0.024271445
0.029569894375
0.0371084875
0.045455480625
0.06116572375
0.058331435625
0.056081535
0.0536757975
0.0464586225
0.0434198225
0.03835515125
0.034147580625
0.03551116625
0.040721953125
0.04791965125
0.053315491875
0.04285497625
0.032628215
0.02185602625
0.01291491375
0.01671342
0.02056062625
0.02598567
0.040234956875
0.04857221375
0.055545901875
0.059363915
0.051494146875
0.046887195
0.044052881875
0.04419893125
0.038501199375
0.033621606875
0.03823828875
0.041627758125
0.05762044625
0.076583758125
0.07635972
0.0734962125
0.0604644025
0.040176478125
0.03192691
0.030144536875
0.037381175
0.0479390675
0.05243882875
0.049273405625
0.03878369
0.032637904375
0.02988155625
0.030426983125
0.034264445625
0.03129382
0.028323194375
0.02571294
0.02347279625
0.02627784625
0.02540127125
0.02452469625
0.027680378125
0.02859591625
0.043010766875
0.061448135
0.071820989375
0.07909660375
0.066503086875
0.045864535
0.040556371875
0.042007595
0.052049299375
0.066542070625
0.05935411625
0.04447175875
0.03138151375
0.017862719375
0.01953795625
0.033952769375
0.045689150625
0.0587988375
0.065402368125
0.054961370625
0.052000505625
0.05158171625
0.04882538875
0.05462054125
0.049906499375
0.04620542
0.049029973125
0.05678284875
0.079729755625
0.089586375
0.0984885
0.0975339875
0.07591168125
0.0617695375
0.042056255625
0.0373422175
0.042913379375
0.0471696725
0.057951598125
0.0506175425
0.053568686875
0.05871127625
0.059305403125
0.0652758925
0.05010133875
0.0387545075
0.03192691875
0.0290341925
0.039465465
0.041871181875
0.042942555625
0.039855054375
0.03543321
0.036796779375
0.038725255
0.054172536875
0.0653732875
0.0747916625
0.08025569375
0.06513956875
0.05203956875
0.04583529375
0.0396505
0.05099726875
0.06344463125
0.0612044875
0.0609902125
0.0477441875
0.0344981625
0.0321606375
0.03134251875
0.03330995
0.04416975625
0.04769553125
0.04861104375
0.05188358125
0.03856935625
0.035384475
0.0431471125
0.0519032
0.06856795
0.084891825
0.0896253125
0.09568340625
0.10131295
0.090082945
0.071908565
0.04997464125
0.027242060625
0.015817351875
0.019197049375
0.021437196875
0.026501870625
0.032433384375
0.038024023125
0.047491080625
0.05736720625
0.06947373125
0.06562650625
0.05957810125
0.05130903375
0.0399232475
0.0383746275
0.038257749375
0.03660199
0.032725568125
0.02994000125
0.026102540625
0.021748874375
0.019615870625
0.027320033125
0.0398648525
0.055253676875
0.0722982575
0.071129463125
0.06229548125
0.05325696875
0.03946546
0.03062176375
0.024641560625
0.01718091375
0.018174371875
0.02269362375
0.036504576875
0.05376339875
0.070593699375
0.085992256875
0.0845605575
0.076924639375
0.054143346875
0.035180034375
0.023765016875
0.017102999375
0.023687074375
0.0262681125
0.038121373125
0.0536854775
0.06456476375
0.076418025
0.07209359375
0.05724048875
0.04314708375
0.0283718975
0.019849616875
0.0199372775
0.023472806875
0.0345858425
0.046926085
0.053500396875
0.05586714
0.045124214375
0.0344105075
0.027125189375
0.0214956275
0.019596373125
0.0176679
0.0203268575
0.02154433125
0.02615124
0.031956136875
0.02790439625
0.026735623125
0.02466105125
0.02017102375
0.020609315
0.01837891
0.01704456125
0.02264491625
0.032530765
0.04407237625
0.05272128125
0.050364263125
0.03869603875
0.026813539375
0.017122485
0.01228182875
0.01256427875
0.02270337875
0.03667020125
0.052302519375
0.0667660725
0.063892825625
0.05869178
0.052847915
0.04840657375
0.04811438875
0.04910782875
0.04951688125
0.04938050625
0.05236085
0.045465125
0.03712791625
0.027904388125
0.02842064125
0.035033956875
0.04363418375
0.057123768125
0.0527116275
0.059383349375
0.06550964375
0.06932761875
0.08284641875
0.0805088625
0.0790673625
0.070204168125
0.05668537375
0.043020499375
0.02665771375
0.018339966875
0.0162556575
0.019693789375
0.024924036875
0.029550415
0.032754793125
0.036339021875
0.040517371875
0.039864809375
0.031800291875
0.024777925625
0.0206190525
0.01869057875
0.0281965775
0.036475369375
0.0381895675
0.042572460625
0.035949430625
0.028469304375
0.023005303125
0.01575892625
0.014278485625
0.013723319375
0.018486059375
0.023248799375
0.02643369625
0.033144383125
0.03507285125
0.046487856875
0.05900345625
0.06426294125
0.06753552
0.05003316875
0.032715873125
0.018719831875
0.012087040625
0.027388221875
0.043731554375
0.064418816875
0.078035016875
0.07078860625
0.0635811575
0.050150008125
0.046809265
0.053257003125
0.055945196875
0.060854053125
0.047549534375
0.03715720125
0.032725594375
0.03051465
0.041803018125
0.048552663125
0.05017920125
0.04558203875
0.03384564
0.02719339
0.02039504125
0.0232974875
0.03022245125
0.032462596875
0.0393973025
0.034907275625
0.03163471625
0.030017913125
0.0238331675
0.032082716875
0.0436145675
0.055146418125
0.06694124375
0.0726195625
0.0715384875
0.07211316875
0.07677854375
0.06878218125
0.06530506875
0.05671458875
0.04276724625
0.03889082875
0.0280407425
0.03193666
0.04935138375
0.068441345
0.0912421575
0.091456445625
0.070175039375
0.047783301875
0.035092336875
0.035511098125
0.046400123125
0.058983866875
0.058194968125
0.05950985625
0.06692183125
0.0703794625
0.074479899375
0.08023611125
0.07435331625
0.077431115
0.0885734275
0.083284740625
0.083723029375
0.066512849375
0.04470550625
0.033689828125
0.026141500625
0.033787204375
0.039757670625
0.04665341125
0.0478416575
0.038306435
0.03268659375
0.02679404375
0.0231416375
0.0273979125
0.0383746375
0.04787091875
0.05960734375
0.07624284375
0.08448265625
0.10400111875
0.11903929375
0.12028601875
0.11115015
0.0916316875
0.0740417
0.061565061875
0.05856521875
0.047169688125
0.03608582625
0.027339503125
0.02352149625
0.030923708125
0.037848670625
0.04936106375
0.054630276875
0.05171809375
0.054571846875
0.048367625
0.048299446875
0.05444523
0.05530232625
0.05807815375
0.054678975
0.0490104375
0.0433419
0.0396700125
0.03882265625
0.0393875625
0.035238425
0.0399816625
0.0426211125
0.0541529375
0.08068400625
0.091426975
0.103708825
0.098420199375
0.0740416175
0.057240541875
0.04665341
0.04474437875
0.0509583225
0.054435398125
0.0542893425
0.055341275
0.06397071375
0.077119395
0.07819072625
0.076846601875
0.06026954375
0.04013748
0.03114771
0.02373577875
0.032998265
0.04444245125
0.0620616625
0.0793205025
0.08356707125
0.083830085
0.0762623175
0.07179179
0.0792622
0.09210895125
0.09402768125
0.09169988375
0.07081781875
0.044958741875
0.029657575625
0.0136259225
0.009788460625
0.01974250625
0.034098919375
0.05239019375
0.071353506875
0.067535500625
0.05656851875
0.04678005
0.03864734375
0.0431958125
0.04976040625
0.05866255625
0.0596170625
0.06017224375
0.062042293125
0.062042293125
0.062042293125
0.062042293125
