0.3024375
0.3024375
0.3024375
0.3024375
0.3255625
0.380125
0.4278125
0.457625
0.476625
0.459875
0.415
0.35225
0.280375
0.226875
0.214875
0.22525
0.2695
0.325375
0.3495
0.369125
0.3595
0.3226875
0.2985
0.2743125
0.24625
0.2535625
0.26525
0.2724375
0.296625
0.277625
0.25475
0.236375
0.2095
0.228375
0.243375
0.262875
0.280875
0.262625
0.24825
0.224875
0.2165
0.217
0.2125
0.230375
0.252125
0.273375
0.305125
0.301125
0.28375
0.271375
0.270875
0.29275
0.314625
0.342
0.334125
0.32175
0.296
0.282125
0.286625
0.291125
0.3045
0.287125
0.286625
0.282125
0.282125
0.2955
0.278125
0.276875
0.276125
0.271375
0.293375
0.290625
0.30475
0.322875
0.31425
0.336125
0.32725
0.317875
0.3285625
0.304
0.2928125
0.282125
0.2580625
0.245875
0.2330625
0.224125
0.212375
0.215625
0.22925
0.2346875
0.2725
0.2963125
0.30125
0.3154375
0.288875
0.278
0.27625
0.2695625
0.293375
0.3084375
0.340125
0.3678125
0.388125
0.392375
0.363375
0.34175
0.310625
0.297625
0.30925
0.3248125
0.348875
0.3684375
0.385375
0.385375
0.385375
0.385375
