2.60625
2.60625
2.60625
2.60625
2.725
2.71875
2.16875
1.05
-0.08125
-0.4125
0.34375
1.86875
3.79375
4.63125
4.6375
4.40625
3.30625
2.89375
2.9
2.79375
3.25625
3.975
4.5625
4.86875
4.75625
3.9
2.85625
1.575
0.6
0.025
-0.5625
-0.43125
-0.075
0.0625
0.1375
-0.3375
-1.06875
-1.6
-1.60625
-1.25625
-0.9625
-0.375
0.3375
1.19375
2.225
2.4625
1.7
0.98125
0.63125
0.8875
1.79375
1.5625
0.06875
-1.45625
-2.83125
-2.76875
-1.38125
-0.5875
0.10625
0.23125
-0.21875
0.125
-0.1875
-0.33125
-0.61875
-1.10625
1.66533453694e-16
1.225
2.90625
4.0125
4.0125
3.275
1.8375
0.64375
-1.35625
-3.2625
-3.99375
-3.86875
-1.96875
1.09375
3.0375
3.9625
3.275
1.2375
-0.3125
-1.05625
-0.69375
0.30625
1.15
1.9125
2.33125
2.69375
2.9125
2.44375
1.9125
0.7875
-0.4
-0.9
-1.4125
-0.96875
0.14375
-0.05625
0.075
-0.35625
-1.19375
-0.09375
0.48125
1.95
3.81875
4.43125
5.375
5.24375
4.63125
4.05
3.65625
3.14375
1.825
0.575
-0.9625
-1.23125
0.275
2.275
3.46875
3.56875
2.4625
1.475
1.7125
1.875
2.3
2.3
2.26875
2.225
1.925
0.6
-1.65625
-3.28125
-4.1125
-3.35
-1.7875
-0.125
0.8875
1.21875
0.8125
0.175
-0.18125
-0.625
-0.26875
-0.55625
-0.9
-0.61875
-0.2875
0.6375
1.79375
2.525
2.68125
3.0375
2.3375
1.53125
0.56875
-0.98125
-1.28125
-1.75625
-1.66875
-0.8875
-0.75625
-0.0375
0.64375
0.94375
1.4125
1.55
0.84375
0.18125
-0.025
-0.3
0.73125
1.25625
1.24375
1.86875
1.44375
1.94375
2.0625
0.86875
0.58125
0.175
0.61875
2.3125
3.525
4.39375
4.2625
3.65
2.9
1.69375
1.1
0.14375
-0.70625
-1.1875
-1.3
-0.74375
-0.66875
-0.25
-0.225
-0.61875
0.04375
-0.06875
0.26875
0.8875
1.0
1.4125
1.05625
0.36875
-0.39375
0.00625
1.09375
2.40625
4.18125
4.75
4.63125
4.425
3.79375
2.9625
1.79375
0.4125
-1.35625
-2.825
-3.6125
-3.925
-4.43125
-4.15
-2.84375
-2.0125
-0.3625
0.275
-0.19375
-0.0625
-0.0875
0.59375
1.35625
1.01875
1.16875
1.0
0.625
1.55625
1.7125
1.55
1.8
1.55
1.0625
0.89375
0.1875
-0.2
0.5875
1.81875
3.7125
4.4875
4.24375
2.81875
0.85625
-0.1
-1.025
-0.475
0.225
0.375
1.24375
1.375
1.61875
2.7875
3.2875
3.05
2.75625
1.55
0.26875
-0.275
-1.55625
-2.88125
-3.64375
-3.38125
-1.35625
1.08125
3.44375
4.35625
3.7
3.19375
2.175
1.275
0.8125
0.0375
-1.06875
-1.48125
-1.86875
-2.14375
-0.75625
-0.14375
0.99375
1.90625
1.14375
0.76875
-0.05
-0.63125
0.00625
1.03125
1.5375
1.39375
0.41875
-1.33125
-2.1
-2.34375
-2.63125
-2.14375
-2.31875
-1.86875
-1.1125
-0.4
0.5125
0.50625
0.80625
0.30625
-0.1
0.56875
0.8875
1.83125
3.13125
3.70625
4.2875
4.5375
3.56875
2.68125
1.4875
0.50625
1.0625
1.0875
1.9375
2.1125
1.51875
1.4
0.54375
0.925
1.01875
0.8625
1.09375
1.125
0.925
1.2
1.33125
0.50625
0.6625
0.54375
0.78125
1.5625
1.575
1.0125
0.1875
-0.09375
0.0375
1.79375
3.46875
4.6
6.16875
6.7125
7.25625
7.375
6.5
4.89375
3.2875
1.8
1.2125
1.35625
1.5
2.225
2.5
3.50625
3.70625
4.0875
4.01875
2.76875
2.3625
0.69375
-1.04375
-2.225
-3.48125
-3.4125
-2.825
-2.2875
-1.93125
-2.21875
-1.99375
-2.5625
-2.23125
-2.33125
-2.9375
-2.75
-3.66875
-3.475
-3.125
-2.63125
-1.2875
-0.375
0.25
0.41875
0.21875
-0.625
-1.38125
-1.6625
-2.48125
-2.78125
-3.1625
-2.95625
-1.95
-0.70625
0.2
-0.50625
-1.85
-3.5125
-4.4625
-4.34375
-4.1625
-4.21875
-4.10625
-3.79375
-2.5875
-0.51875
0.925
1.575
1.5875
1.4
1.95625
2.84375
3.575
3.63125
3.0625
2.49375
1.6
1.29375
0.60625
-0.2375
0.1375
-0.6125
-0.80625
-1.24375
-2.9375
-3.3875
-3.5625
-2.78125
-1.0625
0.85
1.66875
1.94375
1.5375
0.21875
-0.01875
0.13125
0.7375
2.03125
3.01875
2.875
2.70625
1.8625
1.2875
1.83125
2.20625
2.98125
3.23125
3.0125
2.7375
2.65625
2.3375
2.525
2.56875
2.01875
2.21875
1.025
0.11875
-0.69375
-1.3875
-0.14375
1.46875
3.2
4.50625
4.3875
3.08125
1.93125
-0.24375
-2.3125
-3.31875
-4.03125
-3.5
-2.15625
-1.0875
-0.6
-0.29375
-0.10625
-0.0875
0.54375
1.5625
1.69375
1.96875
1.14375
-0.05
-0.44375
-0.44375
-0.44375
-0.44375
