0.045375
0.045375
0.045375
0.045375
0.0431875
0.0421875
0.0434375
0.0458125
0.049625
0.0523125
0.053875
0.054875
0.0551875
0.0555
0.055375
0.0543125
0.0525625
0.0508125
0.0488125
0.0484375
0.049
0.0485625
0.04975
0.050125
0.049125
0.0490625
0.0479375
0.0471875
0.0473125
0.047625
0.04825
0.047375
0.0464375
0.046
0.0451875
0.045875
0.0466875
0.0470625
0.0479375
0.0480625
0.049125
0.050125
0.050625
0.0525625
0.05375
0.0548125
0.055125
0.0539375
0.0514375
0.0489375
0.047375
0.0466875
0.04825
0.0486875
0.049
0.048875
0.046375
0.045
0.045
0.045
0.046375
0.0484375
0.04925
0.0489375
0.049625
0.049125
0.0475
0.047125
0.0445
0.0433125
0.0439375
0.0454375
0.04875
0.051125
0.0528125
0.052375
0.0516875
0.051
0.049625
0.0503125
0.0504375
0.0505625
0.051125
0.0498125
0.048625
0.047125
0.047125
0.0480625
0.048
0.0475625
0.044875
0.0421875
0.041625
0.04275
0.046
0.0499375
0.05275
0.0545625
0.0548125
0.054875
0.0548125
0.0548125
0.0548125
0.0548125
