27.5625
27.5625
27.5625
27.5625
26.35
24.9125
21.625
20.5375
20.1
19.8375
20.575
18.975
17.875
17.2125
17.0625
19.3875
21.3125
22.34375
23.0
21.18125
19.1625
17.7875
16.39375
17.0125
17.825
18.3625
19.2625
19.025
18.86875
19.35625
18.70625
18.45625
18.225
17.1
16.86875
16.15
15.4375
15.5
15.83125
17.36875
19.09375
20.48125
21.36875
20.825
19.59375
17.8375
15.81875
14.39375
14.53125
15.18125
16.26875
17.4375
16.93125
16.775
16.8875
17.01875
18.09375
18.6875
19.775
20.94375
21.3875
22.75
22.05
21.6375
21.5125
21.5125
21.5125
21.5125
