0.1219375
0.1219375
0.1219375
0.1219375
0.226375
0.245875
0.273
0.23175
0.197625
0.2858125
0.3750625
0.44575
0.465625
0.35375
0.217125
0.1504375
0.1113125
0.12975
0.1971875
0.26025
0.2701875
0.2528125
0.1858125
0.0965
0.0896875
0.11225
0.1515625
0.164875
0.16825
0.1711875
0.16625
0.2423125
0.2975
0.3693125
0.4374375
0.442625
0.4454375
0.3974375
0.3718125
0.337875
0.324
0.350125
0.3908125
0.466875
0.5075625
0.5329375
0.51525
0.4545
0.4138125
0.373125
0.350125
0.377875
0.4185625
0.4415625
0.48225
0.479875
0.446875
0.4339375
0.3865625
0.3578125
0.3350625
0.32525
0.3243125
0.3391875
0.388
0.4038125
0.452125
0.466
0.45525
0.4621875
0.4445
0.4445
0.4445
0.4621875
0.4621875
0.479875
0.4721875
0.4468125
0.4400625
0.348625
0.2409375
0.108625
-0.04075
-0.0714375
-0.018125
0.0844375
0.21925
0.2914375
0.2844375
0.2375
0.21625
0.1993125
0.280625
0.3671875
0.3539375
0.3801875
0.288
0.206625
0.1915625
0.086625
0.0628125
0.005875
-0.09175
-0.092125
-0.108375
-0.09225
-0.0035
0.06175
0.15275
0.275375
0.341625
0.334125
0.21625
0.092125
-0.015875
-0.026625
0.049
0.074625
0.0969375
0.079
0.0510625
0.0109375
-0.0064375
-0.0333125
-0.0031875
0.081
0.171875
0.2831875
0.31125
0.3048125
0.236625
0.1158125
-0.0195
-0.133125
-0.1755
-0.1454375
-0.076125
0.029
0.0738125
0.087875
0.156625
0.185125
0.236875
0.298125
0.29525
0.292375
0.2406875
0.1785625
0.136875
0.1119375
0.171375
0.2240625
0.2478125
0.2285625
0.171875
0.122875
0.1141875
0.1426875
0.17775
0.2128125
0.227
0.23025
0.247875
0.2579375
0.2833125
0.29775
0.309875
0.3055
0.2690625
0.2128125
0.0970625
0.03775
-0.02425
0.0015
0.048625
0.0550625
0.0841875
0.0563125
0.11825
0.1960625
0.28825
0.3804375
0.3903125
0.392625
0.3773125
0.362
0.3605625
0.359125
0.3400625
0.295625
0.2516875
0.20775
0.1990625
0.2165
0.2525625
0.314
0.373125
0.4408125
0.4908125
0.4891875
0.446
0.3418125
0.220875
0.0854375
-0.0416875
-0.050125
-0.0418125
0.07425
0.2195
0.2648125
0.3015
0.255875
0.2319375
0.2585625
0.3191875
0.3936875
0.409875
0.42375
0.41225
0.403625
0.44575
0.45725
0.4938125
0.5289375
0.5386875
0.5536875
0.50325
0.468125
0.4176875
0.4120625
0.4375
0.457
0.47425
0.422
0.4036875
0.3513125
0.349375
0.39225
0.4355625
0.4859375
0.4464375
0.3868125
0.2516875
0.14175
0.1305
0.1640625
0.2566875
0.367125
0.3841875
0.330875
0.2856875
0.18225
0.172125
0.2085625
0.2533125
0.330875
0.3675625
0.384
0.3503125
0.3054375
0.2844375
0.230375
0.184625
0.1696875
0.130125
0.184625
0.272625
0.350375
0.428125
0.444875
0.4195
0.400125
0.38075
0.38
0.4550625
0.4478125
0.3735625
0.269125
0.0724375
-0.0055625
0.0250625
0.0974375
0.203
0.2475625
0.2505
0.221625
0.22675
0.2658125
0.3149375
0.375875
0.396125
0.4168125
0.3985625
0.3801875
0.3354375
0.2151875
0.14175
0.0921875
0.126
0.235625
0.3289375
0.37225
0.3638125
0.3146875
0.2631875
0.247125
0.2665
0.29975
0.33375
0.373
0.3715625
0.3883125
0.4050625
0.3911875
0.3911875
0.3415
0.2925625
0.27425
0.257375
0.306375
0.37925
0.461875
0.49425
0.4936875
0.4531875
0.387625
0.424
0.460375
0.50275
0.4871875
0.4199375
0.337375
0.2625
0.2784375
0.2929375
0.301875
0.3133125
0.2765625
0.2830625
0.3313125
0.3786875
0.4313125
0.442125
0.421125
0.400125
0.39925
0.398375
0.4346875
0.471
0.4871875
0.463
0.3555625
0.2581875
0.2213125
0.240125
0.398
0.53575
0.573375
0.5956875
0.4955625
0.4055
0.364375
0.3079375
0.2818125
0.26575
0.300875
0.309625
0.2968125
0.2530625
0.1091875
0.038625
0.0313125
0.06575
0.1745
0.286375
0.3766875
0.4614375
0.50625
0.532
0.5476875
0.5226875
0.495375
0.3703125
0.24525
0.196
0.1710625
0.2598125
0.3385
0.3088125
0.2986875
0.267
0.245375
0.29925
0.269875
0.229
0.188125
0.145
0.1905
0.2288125
0.27575
0.3324375
0.366125
0.4084375
0.4335
0.3830625
0.28375
0.1945
0.1239375
0.15425
0.2564375
0.3309375
0.3853125
0.38925
0.3615625
0.3598125
0.368875
0.285875
0.17125
0.057625
-0.0575
-0.0389375
0.0515
0.1225625
0.2044375
0.2700625
0.2875625
0.307625
0.317625
0.3273125
0.3025
0.281875
0.2511875
0.0785
-0.000125
-0.0141875
-0.02575
0.146125
0.25625
0.2546875
0.2783125
0.2354375
0.2126875
0.2908125
0.299625
0.3084375
0.297125
0.1849375
0.176125
0.1673125
0.178625
0.2908125
0.309625
0.3284375
0.327125
0.235
0.2161875
0.2074375
0.2591875
0.34125
0.3916875
0.422
0.3615
0.3110625
0.2706875
0.2908125
0.34125
0.3916875
0.422
0.3521875
0.2924375
0.2318125
0.18125
0.179625
0.1880625
0.19825
0.2185
0.2395
0.20875
0.177125
0.125375
0.073625
0.10525
0.136875
0.188625
0.240375
0.2395
0.23775
0.215875
0.194
0.1839375
0.175625
0.1874375
0.19925
0.22025
0.26575
0.2723125
0.30425
0.3246875
0.295125
0.338625
0.2765625
0.2326875
0.2118125
0.1314375
0.1544375
0.145375
0.1474375
0.153875
0.1326875
0.142125
0.114625
0.1075625
0.17575
0.211875
0.3043125
0.3886875
0.3775625
0.3753125
0.334875
0.272125
0.192375
0.128375
0.0736875
-0.004125
-0.007875
-0.0469375
-0.078125
-0.001875
0.049875
0.148625
0.2395
0.2669375
0.270375
0.221875
0.123125
0.024375
-0.016
0.007625
0.123125
0.188375
0.211375
0.20275
0.18725
0.256125
0.248625
0.2223125
0.16125
0.0989375
0.1115
0.1870625
0.18475
0.0925625
0.0375
-0.0785
-0.07275
0.0316875
0.0971875
0.13475
0.13775
0.0701875
0.0671875
0.155
0.2320625
0.40725
0.4808125
0.50825
0.5789375
0.5646875
0.5908125
0.6169375
0.54325
0.4505
0.340125
0.2196875
0.174875
0.21525
0.290875
0.427
0.5361875
0.54525
0.485
0.29225
0.1166875
-0.0099375
-0.0620625
-0.008
0.0220625
0.053625
0.062375
0.079875
0.129625
0.13475
0.1673125
0.141625
0.0998125
0.1341875
0.1136875
0.1193125
0.10875
0.021875
-0.010125
-0.051125
-0.0583125
0.0145
0.076625
0.147
0.2150625
0.273625
0.27925
0.26075
0.1655
0.0285
-0.0803125
-0.12475
-0.0369375
0.062875
0.1786875
0.24475
0.2153125
0.21
0.24225
0.31025
0.41825
0.4636875
0.3971875
0.2715625
0.1556875
0.113875
0.134
0.1396875
0.0623125
-0.0395625
-0.090875
-0.0393125
0.0785625
0.143875
0.0981875
-0.0113125
-0.137375
-0.2258125
-0.249375
-0.2564375
-0.2376875
-0.17625
-0.06
0.015625
0.063625
0.076
0.0260625
0.03925
0.020875
0.009125
0.03775
0.03725
0.0651875
0.11275
0.1106875
0.0954375
0.198625
0.239375
0.256625
0.29625
0.1809375
0.1018125
0.0280625
-0.0640625
-0.1065
-0.145625
-0.07475
0.010375
0.051625
0.0539375
-0.0275
-0.1335625
-0.1634375
-0.1561875
-0.1411875
-0.0808125
-0.06075
-0.0321875
-0.001125
0.01925
0.0664375
0.092125
0.104625
0.0561875
-0.0541875
-0.1108125
-0.1881875
-0.210125
-0.1466875
-0.089875
0.0415
0.150375
0.1630625
0.1154375
0.015625
-0.0729375
-0.0715625
-0.0555625
-0.0263125
0.02175
0.053375
0.08425
0.1118125
0.1205625
0.1015
0.09325
0.12725
0.169875
0.2094375
0.2523125
0.199375
0.1545625
0.09825
0.0045
-0.016875
-0.0911875
-0.111875
-0.0481875
-0.0349375
-0.01075
0.0281875
0.033625
0.09475
0.2163125
0.2259375
0.2188125
0.2038125
0.122875
0.1485625
0.0940625
-0.016875
-0.0400625
-0.08675
-0.0300625
0.0876875
0.1238125
0.1103125
0.106
0.142125
0.202875
0.30475
0.398875
0.3265
0.2610625
0.176625
0.0105625
0.0045625
-0.0476875
-0.134
-0.1316875
-0.1765
-0.2051875
-0.177375
-0.1735
-0.159625
-0.033
0.13275
0.2515
0.3171875
0.2269375
0.059375
-0.0920625
-0.1895
-0.1385
-0.0738125
0.0789375
0.168375
0.1145
0.0734375
-0.0425625
-0.0691875
-0.0425625
-0.0159375
0.046125
0.08025
0.0980625
0.146625
0.1698125
0.151625
0.1820625
0.18175
0.1244375
0.0986875
0.0258125
-0.0208125
0.0136875
0.01475
0.08025
0.1041875
0.068375
0.0879375
0.100625
0.1533125
0.253125
0.2591875
0.164125
0.002125
-0.171375
-0.1998125
-0.161875
-0.1058125
0.00725
0.01475
0.043875
0.1179375
0.068
0.0118125
-0.0483125
-0.1259375
-0.0941875
-0.0408125
0.0125625
0.1205625
0.1861875
0.292625
0.314375
0.196125
0.0583125
-0.1103125
-0.1616875
-0.0893125
0.0468125
0.1861875
0.2250625
0.1805625
0.091875
-0.024125
-0.05825
-0.0183125
-0.0585625
-0.044
-0.041
-0.078625
0.0288125
0.1140625
0.150375
0.1949375
0.1653125
0.108625
0.100375
0.058
0.016625
0.055
0.0299375
0.049
0.065125
-0.020375
-0.018875
-0.0505625
-0.0953125
-0.10975
-0.1748125
-0.1114375
0.028
0.135875
0.217125
0.1010625
-0.07625
-0.1449375
-0.1278125
-0.020125
0.0986875
0.082
0.0026875
-0.073625
-0.1515625
-0.1539375
-0.211
-0.217875
-0.2443125
-0.242625
-0.1188125
-0.0643125
-0.0030625
-0.01925
-0.0733125
-0.1338125
-0.193
-0.174375
-0.183875
-0.1123125
-0.02775
-0.0028125
-0.0223125
-0.07375
-0.0859375
-0.0170625
0.153
0.23675
0.2698125
0.2281875
0.1108125
0.033875
0.0030625
-0.049375
-0.04475
-0.02375
-0.0635625
-0.0640625
-0.06025
-0.0168125
0.075875
0.164125
0.2445625
0.279875
0.2905625
0.3056875
0.2036875
0.1224375
0.0411875
-0.004875
0.0639375
0.067125
0.0703125
0.0399375
0.0403125
0.158
0.1955
0.231375
0.2136875
0.115
0.1196875
0.1128125
0.016375
-0.0868125
-0.2246875
-0.3818125
-0.3859375
-0.3475625
-0.2538125
-0.06225
0.0384375
0.133125
0.1918125
0.158125
0.1793125
0.2221875
0.22975
0.255125
0.225625
0.10175
0.0341875
-0.0258125
-0.0811875
-0.049875
-0.0070625
0.03575
0.168375
0.2873125
0.2838125
0.25625
0.1288125
-0.0101875
-0.067125
-0.11
-0.113375
-0.1275
-0.07525
0.028625
0.095125
0.2328125
0.278
0.2823125
0.38375
0.3743125
0.40775
0.4650625
0.4024375
0.3979375
0.3860625
0.2925625
0.2968125
0.2864375
0.2003125
0.1711875
0.07325
0.01625
0.015625
0.015
0.0021875
-0.111
-0.1718125
-0.1505625
-0.0639375
0.1460625
0.3129375
0.3056875
0.2874375
0.1451875
-0.007125
0.009
-0.01
0.048
0.162375
0.1733125
0.2018125
0.197125
0.0705
-0.002
-0.058375
-0.011375
0.112
0.112
0.112
0.112
