7.6375
7.6375
7.6375
7.6375
7.45
6.96875
6.30625
5.9625
5.775
6.1625
6.31875
6.5875
6.90625
6.275
5.59375
4.76875
3.81875
3.675
4.325
5.46875
6.89375
8.1875
8.55625
8.26875
7.53125
6.21875
5.73125
5.51875
5.3875
5.8375
5.3125
4.83125
4.85625
4.69375
5.24375
5.7625
5.73125
5.90625
5.78125
5.65
5.5375
5.21875
5.05
5.0375
5.375
5.21875
5.23125
4.9125
4.425
4.5875
4.725
5.225
5.7
6.01875
5.88125
5.19375
4.75625
4.09375
3.74375
3.9
3.59375
3.7375
3.88125
4.05625
4.4625
4.525
4.9
4.86875
4.8
5.30625
5.1875
5.35625
6.0125
5.9625
6.5375
7.05
6.90625
6.925
6.65
6.275
6.10625
6.13125
5.91875
5.7375
5.3125
4.6125
4.58125
4.78125
5.18125
5.69375
5.55
5.23125
4.99375
4.86875
4.75625
4.8375
4.84375
4.68125
4.775
4.4375
4.23125
4.25
4.54375
5.3375
5.98125
6.9125
7.16875
7.175
7.4625
6.95
6.7125
6.5
6.29375
6.65625
7.14375
7.54375
7.48125
7.14375
6.56875
5.925
5.40625
5.33125
5.55
5.85
6.25625
5.8125
5.4625
5.43125
5.4875
6.3875
7.25625
7.54375
7.59375
7.225
6.1125
5.40625
5.04375
4.6375
4.94375
5.14375
4.90625
4.95
4.80625
4.59375
4.825
5.15625
5.58125
6.16875
6.40625
6.125
6.18125
6.16875
6.25
6.6375
6.3625
6.1375
5.93125
5.7375
6.08125
6.1375
6.3875
6.275
5.55625
5.225
4.6625
4.50625
4.63125
4.7625
4.8875
5.31875
5.96875
6.225
6.71875
6.58125
6.5125
6.91875
7.16875
7.7
8.0
7.7625
7.68125
7.73125
7.5125
8.075
8.6625
8.50625
8.68125
7.9125
6.56875
5.85625
5.05625
4.925
5.58125
6.6625
8.0
8.89375
9.39375
9.19375
8.58125
8.25
7.35625
6.38125
5.3125
4.1875
4.1875
4.56875
5.26875
6.11875
6.15625
5.9875
5.7875
5.48125
5.275
5.2375
5.5875
5.5375
5.76875
6.4
6.38125
6.88125
7.2875
7.2375
7.41875
7.5
7.775
7.4875
7.25625
7.06875
6.4
6.29375
6.175
5.84375
6.0125
6.34375
6.85625
7.54375
7.7125
7.6625
6.9125
6.3625
5.85625
5.6125
5.95625
5.61875
6.0
6.025
6.01875
6.5
6.15
5.95625
5.6375
5.13125
5.03125
5.1125
5.475
6.4
7.04375
7.30625
7.2625
6.76875
6.475
6.59375
6.50625
6.08125
5.7625
4.99375
4.875
4.98125
4.99375
5.0875
4.5375
4.2125
3.95
4.4
5.175
5.7625
6.35625
5.93125
5.46875
5.15625
4.8125
5.38125
6.175
6.9625
7.7375
7.825
7.4625
7.3
7.0875
6.94375
7.06875
6.925
6.76875
6.9375
6.98125
6.5125
6.35
5.91875
5.88125
6.86875
7.38125
8.13125
8.75
8.40625
7.98125
7.4
6.14375
5.60625
5.5125
5.28125
6.0375
6.4375
6.75
7.20625
7.16875
7.2375
7.09375
6.9
6.5
6.125
5.90625
5.675
5.65
5.39375
4.9625
4.8375
4.58125
4.45
4.64375
4.55
4.925
5.41875
5.75
6.3375
6.5875
6.78125
7.19375
7.28125
7.1
6.8375
6.2
5.78125
5.3375
4.89375
4.49375
3.91875
3.8625
4.1125
4.5875
5.075
5.49375
6.025
6.38125
6.6625
6.56875
5.93125
5.575
5.75
6.3375
6.775
7.175
7.0375
6.9125
7.25625
7.025
6.8875
6.3375
5.91875
5.725
5.59375
5.66875
5.19375
5.05
4.825
4.24375
4.25
4.09375
4.1
5.025
5.63125
6.6375
7.73125
7.85
7.88125
7.24375
6.66875
6.4625
6.59375
7.05625
7.10625
7.25625
7.0375
6.625
6.36875
5.89375
5.41875
5.075
4.5625
4.3625
4.475
4.69375
5.1125
5.39375
5.3625
5.1875
5.16875
5.35625
6.19375
6.825
7.125
6.99375
6.03125
5.575
5.275
5.58125
6.10625
6.1375
6.59375
6.2625
6.1125
6.21875
5.73125
5.8
6.01875
6.66875
7.34375
7.6875
7.5875
7.03125
6.56875
6.21875
6.30625
6.39375
6.60625
6.99375
6.81875
6.30625
5.6125
4.65625
4.28125
4.1875
4.275
4.575
4.75625
5.3875
6.35
7.24375
8.2625
8.8875
8.55625
8.40625
7.4625
6.2875
6.2375
5.78125
6.05
6.21875
5.2625
4.59375
3.95625
3.75625
4.34375
5.2625
6.0125
6.7
7.23125
7.03125
6.575
6.09375
5.8125
5.86875
6.56875
7.15
7.0625
7.3125
6.65625
6.34375
6.41875
5.75625
5.85
5.3875
5.35
5.6625
5.60625
6.425
6.6
6.875
7.4125
6.89375
6.8375
6.79375
6.28125
6.75625
6.6625
6.84375
7.65
7.73125
8.28125
8.49375
8.175
7.75625
7.01875
5.94375
5.00625
4.55
4.425
4.58125
4.8875
5.45625
6.13125
6.8625
7.525
7.29375
6.31875
5.53125
4.74375
4.6875
5.28125
5.89375
6.58125
6.85625
6.75
5.875
5.03125
4.74375
4.84375
5.73125
6.35
6.36875
6.175
5.8625
5.6125
5.775
5.95625
5.8625
5.88125
5.4875
5.19375
5.2
5.425
6.0625
6.70625
7.03125
7.375
7.5125
7.6625
8.275
8.2375
8.2
7.84375
7.05625
6.8875
6.325
6.0625
6.0875
6.075
6.5125
6.9
6.88125
6.11875
5.15625
4.23125
3.79375
4.03125
4.6875
5.225
5.55
5.8
5.98125
6.175
6.2375
6.275
5.85625
5.6
5.66875
6.125
6.6875
7.24375
7.475
7.125
6.85625
6.3125
5.7875
5.35625
4.88125
4.5625
4.40625
4.3375
4.75625
5.6
6.23125
6.8625
6.84375
6.1625
5.8125
5.31875
5.14375
5.13125
4.78125
4.75625
4.625
4.6875
5.06875
4.9375
5.31875
5.825
6.34375
7.34375
7.4875
7.21875
6.76875
6.16875
5.875
5.54375
4.9375
4.74375
4.64375
5.1625
6.5375
7.25
7.975
7.80625
6.86875
6.225
5.55625
5.60625
5.675
5.425
5.11875
4.45625
4.10625
4.2625
4.5375
5.34375
5.88125
6.20625
6.59375
6.18125
5.925
5.88125
5.91875
6.35625
6.7
6.8125
6.44375
6.075
5.85625
5.6375
5.8625
6.25625
6.5
6.2875
5.91875
5.40625
4.90625
4.74375
4.91875
4.78125
4.875
4.875
4.875
4.875
