1.09125
1.09125
1.09125
1.09125
1.0925
1.03375
0.970625
0.95375
0.975625
1.00875
1.06625
1.086875
1.090625
1.114375
1.065
1.04625
0.961875
0.883125
0.860625
0.8275
0.890625
0.98125
1.081875
1.165
1.176875
1.139375
1.07
1.021875
1.0225
1.02625
1.020625
1.018125
0.98125
0.955
0.94875
0.935
0.9275
0.915625
0.92875
0.96375
0.991875
1.043125
1.06125
1.03625
1.005
0.93125
0.890625
0.888125
0.9025
0.94875
0.97125
0.98625
1.00125
0.986875
0.958125
0.913125
0.901875
0.9175
0.94625
0.99625
0.995625
1.016875
1.02875
1.024375
1.06125
1.084375
1.113125
1.12875
1.10625
1.03875
1.0175
1.033125
1.0425
1.080625
1.03125
0.975625
0.948125
0.90875
0.928125
0.904375
0.864375
0.858125
0.839375
0.860625
0.875625
0.874375
0.909375
0.960625
1.040625
1.109375
1.125625
1.109375
1.064375
1.015
0.9475
0.874375
0.85
0.84875
0.93
1.0075
1.028125
1.03
0.9425
0.86375
0.83
0.82375
0.875625
0.956875
0.998125
1.00875
0.983125
0.931875
0.895625
0.865
0.85125
0.859375
0.86
0.87375
0.910625
0.911875
0.953125
1.006875
1.068125
1.163125
1.231875
1.253125
1.196875
1.12375
1.01
0.92875
0.919375
0.87375
0.878125
0.8775
0.8425
0.89
0.958125
1.04875
1.15375
1.185625
1.18375
1.175625
1.173125
1.190625
1.18125
1.105
1.04625
1.028125
1.035
1.0925
1.126875
1.079375
1.01875
0.979375
0.89375
0.894375
0.9075
0.890625
0.923125
0.901875
0.888125
0.871875
0.871875
0.8775
0.87125
0.923125
0.938125
1.00125
1.095
1.11625
1.156875
1.123125
1.041875
0.9875
0.955625
0.946875
0.96875
0.988125
0.936875
0.945625
0.9475
0.935
0.959375
0.88875
0.818125
0.763125
0.734375
0.765625
0.796875
0.84375
0.874375
0.90375
0.94875
0.978125
1.004375
1.02
1.02
1.02
1.02
0.999375
0.97875
0.9375
0.89625
0.89625
0.89625
0.916875
0.9375
0.93625
0.935
0.954375
0.97375
0.975
0.97625
0.956875
0.916875
0.916875
0.894375
0.871875
0.880625
0.884375
0.910625
0.914375
0.901875
0.858125
0.82125
0.81375
0.824375
0.835
0.83875
0.835625
0.8125
0.8175
0.8225
0.825
0.845625
0.85375
0.861875
0.88
0.871875
0.85125
0.82375
0.78375
0.759375
0.7475
0.761875
0.78125
0.800625
0.835625
0.83875
0.841875
0.860625
0.85375
0.875
0.911875
0.910625
0.929375
0.91
0.865
0.8425
0.791875
0.7875
0.780625
0.78625
0.826875
0.82125
0.849375
0.875
0.900625
0.995625
1.0675
1.108125
1.09375
0.984375
0.908125
0.853125
0.8375
0.920625
0.923125
0.924375
0.9275
0.84875
0.8525
0.88125
0.919375
0.98875
0.9975
0.98125
0.936875
0.874375
0.839375
0.795625
0.768125
0.7575
0.746875
0.73375
0.7375
0.749375
0.75875
0.8
0.804375
0.814375
0.8225
0.81125
0.819375
0.815
0.815
0.819375
0.828125
0.81875
0.810625
0.77875
0.760625
0.780625
0.799375
0.845625
0.87375
0.90125
0.94875
0.995
1.038125
1.045
1.034375
1.045625
1.07875
1.124375
1.16625
1.145625
1.0875
1.02125
0.984375
0.97375
0.976875
1.005
0.96875
0.934375
0.91
0.873125
0.89875
0.948125
1.01125
1.05625
1.056875
1.039375
0.9875
0.971875
0.974375
0.976875
0.974375
0.95375
0.945
0.93625
0.965625
0.998125
0.984375
0.989375
0.95875
0.90375
0.895
0.866875
0.875
0.924375
0.95
0.955625
0.945
0.9125
0.904375
0.92125
0.934375
0.946875
0.95375
0.983125
1.0175
1.06
1.090625
1.04625
0.995625
0.954375
0.954375
1.009375
1.0625
1.065
0.9875
0.91875
0.840625
0.82
0.840625
0.823125
0.870625
0.879375
0.88625
0.92
0.87375
0.856875
0.866875
0.869375
0.928125
0.974375
1.02375
1.081875
1.065
1.048125
0.964375
0.91875
0.959375
0.9825
1.051875
1.04625
0.96875
0.955
0.946875
0.950625
1.00625
0.96875
0.9025
0.875
0.81375
0.8025
0.805
0.775625
0.755
0.73375
0.72375
0.7675
0.825
0.875
0.923125
0.88875
0.863125
0.845
0.8325
0.86125
0.851875
0.855
0.826875
0.8425
0.9
0.9425
1.008125
1.001875
0.956875
0.899375
0.836875
0.781875
0.753125
0.770625
0.795625
0.84375
0.885
0.9
0.91
0.92
0.9425
0.921875
0.90125
0.89375
0.86125
0.874375
0.9
0.91
0.9325
0.945
0.9325
0.8975
0.8625
0.8275
0.805
0.8275
0.85
0.85
0.8625
0.831875
0.816875
0.83125
0.825625
0.843125
0.841875
0.83125
0.81625
0.794375
0.763125
0.749375
0.764375
0.803125
0.87
0.921875
0.9625
0.97125
0.95625
0.94125
0.9
0.87625
0.84625
0.80125
0.823125
0.835
0.86125
0.905
0.854375
0.80875
0.784375
0.773125
0.811875
0.86625
0.885
0.88
0.878125
0.84
0.830625
0.815
0.806875
0.84
0.856875
0.910625
0.939375
0.925
0.9
0.8525
0.8175
0.82625
0.864375
0.88
0.91125
0.906875
0.884375
0.88875
0.855
0.840625
0.806875
0.77625
0.790625
0.795
0.840625
0.87375
0.861875
0.855
0.806875
0.77625
0.7875
0.804375
0.86125
0.90875
0.936875
0.969375
0.980625
0.96625
0.95625
0.915625
0.908125
0.96125
0.993125
1.058125
1.048125
0.97375
0.931875
0.90375
0.916875
0.966875
0.998125
1.000625
1.020625
1.0075
0.9975
0.974375
0.93625
0.943125
0.95
0.951875
0.95375
0.933125
0.9125
0.93
0.97625
1.019375
1.065625
1.094375
1.084375
1.07
1.031875
0.99375
0.929375
0.88
0.871875
0.86375
0.9125
0.94125
0.926875
0.93375
0.909375
0.91
0.97375
0.995
1.015
1.024375
0.9525
0.923125
0.925
0.923125
0.98125
0.991875
0.983125
0.979375
0.95625
0.9675
0.97875
0.964375
0.95
0.924375
0.9175
0.934375
0.933125
0.93
0.889375
0.86875
0.884375
0.913125
0.948125
0.94125
0.91625
0.88
0.86875
0.895625
0.9225
0.9525
0.9525
0.938125
0.92375
0.9125
0.939375
0.940625
0.941875
0.9175
0.85
0.8275
0.806875
0.83125
0.8975
0.923125
0.9325
0.89875
0.833125
0.821875
0.8375
0.87625
0.941875
0.930625
0.91
0.889375
0.855625
0.885
0.900625
0.92625
0.935
0.89875
0.865625
0.823125
0.789375
0.800625
0.815
0.810625
0.8325
0.82625
0.865
0.935
0.973125
1.0225
1.01
0.96125
0.93
0.875
0.844375
0.855
0.853125
0.869375
0.8825
0.871875
0.864375
0.859375
0.83875
0.814375
0.79625
0.788125
0.790625
0.80875
0.845625
0.851875
0.895625
0.931875
0.931875
0.999375
1.006875
1.011875
1.048125
1.006875
1.0075
0.99
0.93875
0.893125
0.835625
0.8025
0.805625
0.85375
0.8925
0.943125
0.96
0.93625
0.909375
0.841875
0.785
0.741875
0.70875
0.75
0.81375
0.904375
1.010625
1.06375
1.08
1.058125
0.998125
0.896875
0.83625
0.79125
0.79125
0.8375
0.855625
0.888125
0.875625
0.858125
0.835
0.788125
0.811875
0.845625
0.89
0.93875
0.895625
0.84
0.793125
0.77875
0.805625
0.8425
0.865625
0.849375
0.85625
0.8475
0.86
0.9
0.89875
0.906875
0.888125
0.8225
0.798125
0.789375
0.789375
0.789375
0.789375
