-0.1625
-0.1625
-0.1625
-0.1625
-0.184375
-0.26875
-0.290625
-0.234375
-0.1875
-0.078125
-0.009375
0.04375
0.128125
0.225
0.30625
0.30625
0.28125
0.20625
0.075
0.003125
-0.13125
-0.303125
-0.41875
-0.528125
-0.6
-0.559375
-0.45
-0.3375
-0.13125
0.01875
0.0625
0.146875
0.11875
0.046875
0.0375
-0.05
-0.078125
-0.05625
-0.053125
0.009375
0.028125
0.015625
0.00625
-0.065625
-0.115625
-0.09375
-0.046875
-3.46944695195e-18
0.0375
-0.003125
-0.1
-0.1125
-0.075
0.0125
0.128125
0.16875
0.10625
-0.03125
-0.190625
-0.296875
-0.28125
-0.18125
-0.040625
0.015625
-0.0375
-0.1
-0.2125
-0.25
-0.203125
-0.16875
-0.103125
-0.08125
-0.128125
-0.225
-0.309375
-0.3625
-0.334375
-0.23125
-0.096875
0.01875
0.090625
0.10625
0.090625
0.134375
0.15625
0.165625
0.10625
-0.0625
-0.221875
-0.3125
-0.328125
-0.215625
-0.115625
-0.084375
-0.05
-0.121875
-0.128125
-0.10625
-0.115625
-0.075
-0.078125
-0.00625
0.0625
0.14375
0.225
0.1875
0.1625
0.053125
-0.075
-0.134375
-0.184375
-0.13125
-0.03125
0.028125
0.09375
0.0625
0.009375
-0.01875
-0.059375
-0.0125
-0.046875
-0.065625
-0.115625
-0.221875
-0.2125
-0.2125
-0.20625
-0.178125
-0.1625
-0.196875
-0.20625
-0.19375
-0.278125
-0.26875
-0.2625
-0.28125
-0.15625
-0.125
-0.053125
-0.015625
-0.059375
-0.04375
-0.059375
0.025
0.084375
0.084375
0.084375
0.084375
