4.86375
4.86375
4.86375
4.86375
5.701875
6.49125
6.946875
7.51
7.53125
7.57875
7.5475
6.7425
6.36125
5.82
5.89
6.49875
6.79
7.344375
6.83
6.289375
5.67375
4.888125
4.79125
4.644375
4.7525
4.88
4.995
5.285
5.27625
5.13625
5.143125
4.99375
4.888125
4.935
4.64375
4.65125
5.176875
5.779375
6.439375
6.319375
5.689375
4.769375
3.7925
3.460625
3.3125
3.43125
3.914375
4.084375
4.19625
4.324375
4.45125
4.933125
5.67
6.211875
6.2375
5.898125
5.165
4.8075
4.89125
5.5925
6.651875
7.155
7.315625
6.53875
5.67
5.31125
4.98625
5.526875
5.9125
5.7775
5.92375
5.795625
5.483125
5.435
5.745
5.46375
5.52125
5.5825
4.69125
4.44125
4.28375
4.6325
5.91125
6.899375
7.555625
7.620625
6.836875
6.174375
5.91125
5.423125
5.261875
5.026875
4.3525
3.959375
3.7775
4.249375
5.001875
6.289375
7.1425
6.9775
7.06125
6.55375
6.5625
7.023125
6.68875
6.279375
5.49875
5.17
5.28375
5.4125
5.700625
5.09625
4.671875
4.865
5.2625
6.089375
6.876875
7.2125
7.0525
7.14375
6.99875
6.368125
5.9975
5.3125
4.97
5.446875
6.0325
6.873125
7.02875
6.561875
5.965625
5.294375
5.438125
5.9275
6.75
7.466875
7.829375
8.18875
7.964375
7.634375
6.97125
6.148125
5.550625
5.164375
5.2725
5.486875
5.90375
5.774375
5.588125
5.373125
5.294375
6.096875
6.781875
7.576875
7.799375
7.28875
6.79125
5.979375
5.74
5.98
6.071875
6.528125
6.131875
5.654375
5.286875
4.9875
5.528125
5.551875
6.0925
6.2325
6.239375
6.60375
6.21
6.399375
6.159375
6.15875
6.505
6.00875
5.805625
5.244375
4.8275
5.05375
5.381875
6.004375
5.929375
5.615
5.524375
5.349375
5.853125
6.854375
7.233125
7.655
8.17625
7.769375
7.735625
7.38125
6.455
6.21125
5.80625
6.093125
6.659375
7.030625
7.33875
6.62875
5.911875
5.001875
4.18625
4.0175
4.141875
4.733125
5.4075
6.021875
6.02
5.5725
5.543125
5.958125
6.746875
7.650625
7.7725
7.15
6.329375
5.71375
5.465625
5.3925
5.7025
5.705
5.750625
6.17875
6.125
6.39
6.506875
6.345625
6.4375
6.37625
6.661875
6.616875
6.585
6.62125
5.941875
5.550625
5.161875
4.431875
4.08875
3.855625
4.043125
4.97625
6.060625
7.0525
6.99125
5.999375
4.8375
3.925
3.96
4.89875
6.065
6.766875
7.2125
6.765625
5.885625
5.6975
5.20625
5.59625
6.385625
6.430625
6.865625
6.5675
6.119375
5.976875
5.9525
6.220625
6.76625
7.099375
6.688125
6.283125
5.836875
5.583125
5.973125
6.19125
5.905
5.825
5.46875
5.44375
5.724375
5.8125
5.894375
5.99125
5.889375
5.595
5.426875
5.18375
5.26125
5.605625
5.905
5.819375
5.5175
5.518125
5.411875
5.4125
5.339375
4.47125
4.24375
4.348125
4.8875
6.0375
6.316875
6.729375
6.861875
6.795
7.446875
7.80625
8.3
8.594375
8.355625
8.01125
7.5325
7.253125
7.043125
6.660625
5.965
5.215625
4.46875
4.38375
4.611875
5.06625
5.778125
5.61875
5.924375
6.35
6.4625
7.2575
7.20375
6.416875
6.275
5.900625
6.141875
6.880625
6.64625
6.67375
6.62125
6.79
7.718125
8.5275
9.033125
9.260625
8.93875
8.359375
7.643125
6.545
5.82625
5.11875
4.704375
4.7075
4.698125
4.505
4.74375
5.119375
5.23125
5.848125
5.816875
5.5625
5.653125
5.7875
6.345625
6.718125
6.745625
6.194375
5.43125
5.03
5.114375
5.640625
5.701875
5.666875
5.470625
5.281875
6.023125
7.14625
7.6525
8.168125
7.88875
6.7125
6.0825
5.6275
5.5025
6.0625
6.925
6.941875
7.0025
6.664375
5.50625
5.015625
4.38375
4.150625
4.50375
5.115
5.7425
6.456875
6.87125
6.648125
6.97125
7.008125
7.63125
8.62375
8.6725
8.72125
7.86875
6.765625
6.3275
5.603125
5.529375
5.655625
5.558125
5.649375
5.6225
5.67375
5.880625
6.56875
7.189375
7.5475
7.89375
7.576875
7.179375
7.361875
7.54375
7.873125
8.283125
7.845625
6.73625
6.17
5.455625
5.18
5.825
5.906875
6.298125
6.753125
6.629375
6.53
6.165
5.895625
6.075
6.66125
7.324375
7.420625
6.8875
5.634375
4.82
4.419375
4.58875
5.639375
5.98625
6.45875
6.931875
6.85875
7.040625
7.063125
6.994375
7.136875
7.210625
7.031875
6.71125
5.799375
4.86375
4.285
3.486875
3.1725
3.075625
3.315
3.966875
4.65625
5.249375
5.071875
5.10375
5.086875
5.080625
5.734375
5.69375
6.13125
7.0525
7.158125
7.623125
7.623125
6.696875
6.175625
5.640625
4.95375
4.711875
4.63125
4.606875
4.88625
5.111875
5.17625
5.341875
4.90375
4.708125
5.159375
5.31875
6.381875
7.544375
7.704375
7.988125
7.43625
6.591875
6.155
5.915
6.4425
6.505
6.909375
6.981875
6.340625
6.343125
5.773125
5.430625
5.455625
5.588125
6.39125
7.12625
7.7325
7.565
6.706875
6.126875
5.691875
6.231875
6.845
6.719375
6.58375
5.473125
4.61375
4.340625
4.030625
4.24375
4.37375
4.539375
4.525625
4.71625
5.271875
5.561875
6.196875
6.698125
6.731875
6.9675
7.030625
6.800625
6.71125
6.480625
6.08875
5.6975
5.59875
5.58125
5.835625
6.755
7.381875
8.26375
8.924375
8.67
8.13625
7.204375
6.53125
6.51875
6.959375
7.399375
7.498125
7.09875
6.351875
5.539375
4.940625
4.821875
4.59
4.5025
4.573125
4.386875
4.774375
5.189375
5.60625
6.124375
6.355625
6.561875
6.281875
5.944375
5.59375
5.4925
6.108125
6.565
6.84875
6.679375
5.6875
4.901875
4.295625
3.9225
3.93125
3.926875
4.12875
4.7625
5.714375
6.6925
7.140625
6.940625
6.118125
5.005625
4.840625
4.6475
4.98125
5.63875
5.679375
6.26
6.660625
7.4525
7.80375
7.595625
7.3675
6.38125
6.27625
6.63
6.990625
7.91
8.236875
8.29
8.336875
8.104375
8.07
8.06625
8.36125
8.2725
7.764375
7.34375
6.219375
5.47875
5.149375
5.0625
5.798125
6.4525
7.40375
7.789375
7.4775
7.26
6.53375
5.90125
5.555
5.6475
6.0875
6.741875
7.6825
7.730625
7.418125
7.0275
6.350625
6.17125
6.191875
6.7475
7.010625
7.189375
7.341875
6.5725
6.095625
5.951875
5.6775
6.06375
6.256875
5.96375
5.684375
5.3925
5.291875
5.274375
5.953125
5.968125
6.03625
6.293125
5.771875
5.5375
5.688125
5.65625
5.43125
5.576875
4.9025
4.416875
4.4675
4.444375
4.7775
4.754375
4.799375
4.425625
4.05
4.041875
3.834375
3.863125
3.87625
3.73125
3.39375
3.271875
3.215625
3.5425
4.26125
5.115
6.26125
6.738125
6.854375
6.670625
5.995625
5.658125
5.436875
4.881875
4.555625
4.426875
4.36375
4.6325
5.13
5.60875
6.148125
6.965
7.5025
7.813125
8.274375
8.3925
8.05875
7.30625
6.261875
5.099375
4.735
5.16
5.645
6.780625
7.345625
7.4675
7.3225
6.23375
5.133125
4.0975
3.595625
3.610625
4.141875
4.808125
4.8025
4.92
5.04375
5.029375
5.571875
5.79625
5.269375
4.775
4.1825
4.183125
4.7025
5.2325
5.968125
5.975
5.773125
5.611875
5.06375
4.995
5.6475
6.573125
7.42
8.185625
7.97375
7.23
6.690625
5.634375
4.855625
4.30875
3.95875
3.979375
4.399375
4.819375
5.0575
5.57625
5.956875
6.42875
6.730625
7.004375
6.89125
6.568125
6.68625
6.486875
6.574375
6.755625
6.525
6.4
6.63125
6.94
7.369375
7.904375
7.615
7.364375
6.941875
6.308125
6.555625
6.3875
6.426875
6.225625
5.304375
4.913125
4.363125
4.12375
3.978125
3.88625
4.025625
4.395625
5.310625
5.630625
5.849375
5.700625
4.861875
4.28
4.163125
4.3
4.924375
6.19375
6.84625
7.3225
7.485
6.869375
6.278125
5.775
5.585625
5.5275
5.390625
5.46
5.268125
4.904375
4.780625
4.45125
4.1225
4.485625
5.266875
6.054375
7.103125
7.353125
6.710625
6.255
5.535625
5.153125
5.21125
4.709375
4.75
4.864375
5.035625
5.441875
5.1325
4.921875
4.88625
5.221875
5.904375
6.258125
6.239375
5.754375
5.41375
5.41375
5.41375
5.41375
