0.0408562464375
0.0408562464375
0.0408562464375
0.0408562464375
0.038755503875
0.0379730488125
0.04086551875
0.0352858
0.0299269863125
0.027831322625
0.0269158464375
0.03389965775
0.0444557089375
0.050092378875
0.0494743363125
0.04470501875
0.039341575
0.03677733125
0.04356533125
0.05069979375
0.06424205
0.078184125
0.08475095
0.08971385625
0.08186835
0.06836585625
0.053143
0.0385927375
0.036018925
0.03558441875
0.0393375125
0.04240126875
0.04071398125
0.04204306875
0.0417798875
0.0421204050625
0.036953778875
0.0299493214375
0.0232680128125
0.0189703878125
0.0200136690625
0.0255921940625
0.0379491526875
0.051632322625
0.0662155738125
0.0776252125
0.0772818875
0.0703030125
0.061606475
0.04743664375
0.04261905625
0.04634615
0.048832675
0.05980005
0.0632146
0.0571141375
0.05029309375
0.04094171875
0.0356233875
0.03902281875
0.04521025
0.0449699375
0.04815180625
0.04589654375
0.04230564375
0.04317553125
0.04248421875
0.04682869375
0.05158435625
0.0570078375
0.054253475
0.0421401875
0.0305401625
0.02106031875
0.01857233125
0.02802475625
0.0408993625
0.05533003125
0.06789745
0.07185570625
0.06912415625
0.061417225
0.0610497125
0.06016014375
0.06135711875
0.06158986875
0.0484129050625
0.038223172625
0.0306761526875
0.02895499525
0.0350936901875
0.041042566375
0.0496079738125
0.05104838125
0.05742728125
0.06561441875
0.06340653125
0.0622634125
0.0492636375
0.03226863125
0.022099425
0.014435125
0.0130948625
0.0150558625
0.0178697125
0.0206763875
0.02321925625
0.02948905625
0.0327118375
0.0366930125
0.0398162550625
0.038765341375
0.0421302589375
0.043971214
0.0481958526875
0.051466041375
0.0485719488125
0.04737505
0.0431266488125
0.039832697625
0.0450104589375
0.04832497025
0.0537593589375
0.053587916375
0.0456031800625
0.0424926875
0.0427590875
0.04817785625
0.05257365625
0.0484900925625
0.042524722625
0.0403412964375
0.04169947025
0.0491439026875
0.049370516375
0.0445719300625
0.0437159625
0.0451161875
0.05166878125
0.05683089375
0.0535136425625
0.042561216375
0.030035514
0.019188161625
0.013471680375
0.011584667875
0.01538289525
0.024083766375
0.0324543175625
0.0463010375
0.0580534375
0.0635892375
0.07254004375
0.07436798125
0.0749793
0.08008178125
0.0769687050625
0.071005041375
0.0580726026875
0.0406490015
0.0286200776875
0.021088441375
0.0197007925625
0.02524108125
0.03360225
0.04342505
0.05391566875
0.05357994375
0.048006775
0.0401781625
0.03075010625
0.02720223125
0.02532673125
0.02331341875
0.02316335625
0.02724811875
0.02965303125
0.03537355625
0.0394946375
0.03568085625
0.03488554375
0.03170624375
0.0291947625
0.03090375625
0.029708025
0.02612830625
0.027045875
0.02744300625
0.02836805
0.03168425625
0.0260058875
0.02152295
0.0179572875
0.01438445
0.01504509375
0.0138424875
0.01503104375
0.01714405
0.0195280375
0.023775275
0.02575226875
0.02613699375
0.026771175
0.0258059125
0.02249298125
0.02065289375
0.01829236875
0.0219188625
0.03227656875
0.041024225
0.05400670625
0.0621472125
0.062754775
0.0641673625
0.05790171875
0.0515064125
0.04668513125
0.04186385
0.0442695625
0.04085154375
0.0380372238125
0.036684535125
0.0340887089375
0.037762864
0.0484720839375
0.056925860125
0.0581115925625
0.056778075
0.04618215
0.04150864375
0.0468179375
0.05478429375
0.063602
0.0652018875
0.05668176875
0.0462984
0.03814895625
0.03165930625
0.03165930625
0.03165930625
0.03165930625
