5.605625
5.605625
5.605625
5.605625
5.2525
4.84375
4.51
4.3225
4.22625
4.575
4.738125
5.6475
6.72875
6.890625
7.429375
7.02125
6.269375
6.03875
5.511875
5.365625
5.669375
6.155
6.695
7.1775
7.07625
6.67
6.239375
5.99625
6.018125
6.029375
6.024375
5.4925
5.166875
4.88
4.738125
4.9425
5.2675
5.645
5.84
6.275
6.318125
6.311875
6.293125
6.24625
5.945625
5.8875
5.955625
5.245625
5.208125
5.118125
5.01875
5.573125
5.96625
6.370625
6.9275
7.42375
7.768125
7.668125
7.305
6.930625
6.12
5.483125
4.886875
4.431875
4.519375
4.671875
5.321875
5.528125
5.8525
6.230625
5.95625
6.535
6.61125
6.86625
7.393125
6.80875
6.475
5.808125
5.233125
5.181875
5.239375
5.480625
5.464375
6.035625
6.471875
6.825
7.11
6.211875
5.45875
4.945
4.2675
4.35875
4.545625
4.33875
4.645625
4.935625
4.599375
4.95875
5.130625
5.391875
6.196875
6.103125
5.90625
5.13875
4.495625
4.463125
4.899375
6.13375
6.785
6.996875
6.60125
5.601875
5.07125
4.79625
5.0875
5.24625
5.463125
5.94875
6.06125
6.6825
7.13125
7.341875
7.71875
7.604375
7.281875
6.4525
5.14375
4.288125
3.67625
3.811875
4.506875
5.2025
6.021875
6.728125
7.1
6.905
6.7375
6.501875
6.414375
6.75625
6.730625
6.49375
6.21
5.848125
5.516875
5.110625
4.76
4.519375
4.424375
4.33125
4.42875
4.616875
4.83875
5.425
5.939375
6.008125
6.0475
5.888125
5.2675
4.97
4.6475
4.151875
4.26375
4.19625
4.11125
4.405
4.344375
4.828125
5.833125
6.931875
8.11125
8.87625
8.87
8.298125
7.55375
6.47375
5.526875
4.686875
4.019375
3.76375
4.119375
4.813125
5.971875
6.899375
6.80875
6.626875
5.700625
5.008125
4.881875
4.74125
4.88
5.01625
5.266875
5.323125
5.275
5.269375
5.13625
5.271875
5.74375
5.7725
5.843125
5.52
4.830625
5.0825
5.305625
5.92
6.47625
5.93
5.714375
5.15875
4.78875
4.97875
4.731875
4.701875
4.834375
5.01125
5.354375
5.888125
6.1175
6.06875
5.8325
5.265
5.173125
5.251875
5.445
5.695625
5.44125
5.32375
5.3
5.219375
5.3675
5.33
5.144375
5.323125
5.319375
5.53125
6.09
6.799375
8.051875
8.813125
9.143125
8.64875
7.46375
7.056875
6.95375
7.266875
7.521875
6.833125
5.42625
4.04375
3.150625
2.92875
3.403125
4.05
4.59875
5.135625
5.5425
5.62875
5.860625
5.738125
5.765625
5.945625
5.92625
5.874375
5.6725
5.33625
4.881875
4.5025
4.30375
4.521875
4.621875
5.029375
5.361875
5.535
6.29875
7.115
7.539375
7.83625
7.525625
6.814375
6.235
5.8075
5.6575
5.6225
6.076875
6.093125
6.060625
6.085
5.439375
4.93
4.62375
4.346875
4.461875
4.684375
4.8625
4.9575
5.1675
5.515
5.59375
5.979375
6.11875
6.254375
6.331875
6.21625
6.05
5.70125
5.55875
5.22875
4.949375
4.993125
5.000625
5.03125
5.055625
5.0
5.070625
5.1775
5.779375
5.818125
5.844375
6.17875
5.958125
6.348125
6.49875
6.1425
5.7675
5.075
4.67875
4.5875
4.69625
5.253125
5.675
6.063125
6.276875
5.72
5.136875
4.506875
4.115
4.1525
4.209375
4.495
4.965
5.331875
5.5425
5.41875
4.7175
4.545
4.47125
4.6025
5.079375
5.081875
5.41125
5.915625
6.180625
6.3875
6.045
5.470625
5.23375
5.445
5.975
6.505
6.99875
7.1625
7.243125
7.37
7.205625
6.829375
6.505
5.775
5.2175
4.643125
4.2275
4.63625
4.94375
5.76875
6.42125
6.27875
6.651875
6.7825
6.99375
7.413125
7.464375
7.245
6.720625
6.35875
5.72625
5.648125
5.938125
6.493125
7.2725
7.310625
7.045625
6.014375
5.10125
4.626875
4.1975
4.465
4.82625
5.25125
6.145
6.84
7.030625
6.981875
6.498125
6.1175
5.87
5.91875
6.010625
6.008125
6.324375
6.455
6.488125
6.250625
5.705625
5.063125
4.690625
4.431875
4.378125
4.513125
4.63125
4.889375
5.3225
6.0075
6.49375
7.069375
7.459375
7.319375
7.446875
7.6425
7.8975
8.414375
8.43875
7.89625
6.864375
5.6225
4.66125
4.181875
4.47
4.955
5.465
6.256875
6.665
7.196875
8.013125
8.159375
8.15375
8.2925
7.915
7.67375
7.3525
6.27375
5.325
4.810625
4.80625
5.244375
5.79125
5.639375
4.985
4.355
3.630625
3.886875
4.26125
4.826875
5.61
5.415625
5.658125
5.848125
6.1925
7.066875
7.610625
7.95375
7.753125
7.43375
6.9275
6.54125
6.389375
5.96375
5.805625
5.5275
5.299375
5.805625
5.9575
6.169375
6.20125
5.66625
5.43875
5.27125
5.673125
6.2875
7.32
8.33875
8.8025
8.881875
8.073125
6.94
5.91
5.10125
4.885625
5.331875
5.705
6.135
6.30375
6.08875
6.01375
5.9275
5.84375
5.319375
5.025
4.6275
4.525
5.198125
5.611875
6.41375
6.8275
6.86
6.714375
6.5875
6.850625
7.019375
7.69625
7.64
7.529375
7.64
7.090625
6.970625
6.531875
5.931875
5.608125
5.595625
5.939375
6.1775
6.441875
6.174375
5.775
6.040625
6.4525
7.06875
7.744375
7.61125
7.2
7.075625
6.845625
6.835
6.970625
6.70625
5.963125
5.36
4.7475
4.184375
4.1675
4.045
4.220625
4.419375
4.81
5.6125
6.199375
6.8275
6.936875
6.38375
5.53875
4.906875
4.84
5.28625
5.911875
6.538125
6.8125
6.781875
7.134375
6.839375
6.636875
6.8125
6.196875
6.278125
6.313125
5.829375
5.885
5.598125
5.005625
4.79125
4.506875
4.4725
5.049375
5.314375
5.665625
6.01375
6.161875
6.883125
7.74125
8.131875
7.93125
7.02
5.645
4.92375
4.7625
4.801875
5.045625
5.00875
4.76375
4.80375
4.796875
4.438125
4.54625
4.580625
4.845
5.53375
5.535
5.30625
5.14625
4.59375
4.52125
4.665
4.3975
4.818125
5.06625
5.371875
5.720625
5.514375
5.356875
5.068125
5.073125
5.21875
5.464375
5.903125
6.094375
6.166875
6.035625
5.823125
5.680625
5.656875
6.115
6.05625
6.224375
6.3675
6.084375
6.471875
6.579375
6.855625
6.89375
6.440625
6.255
6.00625
5.9925
6.158125
6.090625
6.154375
6.30125
6.644375
6.640625
5.939375
5.170625
4.065
3.411875
3.244375
3.110625
3.17
3.17
3.17
3.244375
3.368125
3.56625
3.83875
4.036875
4.185625
4.185625
4.036875
3.915625
3.794375
4.1275
4.454375
5.1375
5.873125
6.041875
6.8575
7.0775
7.523125
8.155625
7.785625
7.428125
6.605625
5.664375
5.11
4.755
4.879375
5.428125
6.128125
6.909375
6.986875
6.585
6.05375
5.47875
5.72625
6.015625
6.36
6.673125
6.16375
5.76125
5.609375
5.631875
6.184375
6.7125
6.5825
5.99375
5.299375
4.75625
4.593125
4.799375
4.9925
5.08375
5.330625
5.77875
6.054375
6.22625
6.5725
6.13875
6.329375
6.670625
6.681875
7.284375
7.02375
7.05125
6.78625
6.695625
7.321875
7.613125
8.078125
8.370625
7.896875
7.06375
6.468125
5.28125
4.82875
4.98875
4.91125
5.653125
6.308125
6.376875
6.564375
6.418125
6.085
6.3375
6.59
6.994375
7.211875
7.176875
7.0675
6.395
6.201875
6.00875
6.22375
6.96875
7.12875
7.145
6.49375
5.72375
4.9725
4.39
4.626875
4.82625
5.38
6.0275
5.753125
5.55375
5.6075
5.35625
5.698125
5.88375
5.595
5.819375
5.6
5.618125
6.069375
6.19375
6.84125
7.25125
6.985
6.459375
5.921875
5.503125
5.415625
5.893125
5.959375
6.436875
7.019375
7.109375
7.466875
7.001875
6.456875
6.239375
5.716875
5.724375
5.691875
5.378125
5.31375
4.944375
4.680625
4.37125
3.9625
3.8075
3.438125
3.73375
4.48375
5.425625
6.749375
7.1425
6.775625
5.860625
4.865
4.206875
4.121875
4.30125
4.349375
4.666875
4.978125
5.48625
6.000625
6.47875
6.875625
6.98125
7.27375
7.45375
7.528125
7.72125
7.503125
7.235
6.400625
5.685
5.1125
4.5025
4.873125
5.00625
5.14625
5.293125
4.76625
4.358125
4.404375
4.718125
5.7025
6.686875
7.245
7.9025
7.81875
8.040625
7.975
7.205625
7.09625
6.786875
7.004375
7.633125
7.466875
6.81125
6.149375
5.56875
5.625625
6.009375
5.900625
5.748125
5.279375
4.978125
4.9825
4.858125
4.93
4.8375
4.745
5.1275
5.389375
6.08875
6.815625
7.006875
7.718125
7.83375
8.2
8.30375
7.519375
6.946875
6.09625
6.074375
6.713125
7.078125
7.443125
7.109375
6.379375
5.94375
5.128125
4.621875
4.565625
4.57
5.02875
5.4625
5.618125
5.665
6.04875
6.4075
6.435625
6.46625
5.98
5.849375
6.193125
6.5575
6.98125
6.694375
6.0775
5.521875
4.7125
4.283125
4.22625
4.085
4.311875
4.91875
5.301875
5.83125
6.265
5.988125
5.78625
5.346875
5.194375
5.596875
5.818125
6.276875
6.216875
5.9325
5.7425
5.109375
4.935
4.68
4.54875
4.975
5.41375
6.12
7.163125
8.026875
8.399375
8.585
8.359375
7.958125
7.704375
7.404375
6.9525
6.638125
6.455625
6.00625
5.476875
4.956875
4.281875
4.385
4.5375
4.78375
5.2725
4.83125
4.755
4.746875
4.84375
5.486875
5.9475
5.839375
5.44125
5.19375
5.0
5.383125
5.83625
5.916875
5.98125
5.731875
5.51
5.31
5.0725
5.213125
5.553125
5.986875
6.420625
6.335625
5.851875
5.6775
5.795625
6.47875
7.3075
7.67375
7.33625
6.79875
6.4875
6.57875
7.4925
8.14875
8.925
9.1175
8.4875
7.595
5.958125
4.734375
4.2275
4.260625
4.918125
5.933125
6.748125
7.311875
7.57125
7.089375
6.35
6.090625
6.044375
6.221875
6.266875
5.733125
5.16875
4.66125
4.463125
4.541875
4.465625
4.48375
4.504375
4.704375
4.9275
5.334375
5.885625
6.145
6.514375
6.866875
6.966875
6.955
6.966875
6.355625
5.68125
5.27
4.71125
4.763125
5.01125
5.168125
5.686875
6.1125
6.433125
6.71625
6.83875
6.74875
7.041875
7.550625
7.6475
7.62625
7.274375
6.410625
5.823125
5.60375
5.10625
5.016875
4.9325
4.704375
4.851875
5.04375
5.619375
6.07625
6.61625
7.0
6.644375
6.713125
6.228125
5.95875
5.98875
5.435
5.45375
5.035
5.263125
5.716875
5.79875
6.399375
6.10375
6.296875
6.9625
7.36875
8.1425
8.19375
7.885
7.435625
6.83
6.504375
6.039375
6.0075
6.213125
6.3875
6.88
6.7875
6.4575
6.215625
6.1475
6.371875
7.020625
7.4575
7.309375
7.12375
6.445625
6.1575
6.3025
6.5225
6.935625
6.920625
6.624375
6.43125
6.134375
6.155625
6.3175
6.05
5.778125
5.528125
5.159375
5.08375
5.265625
5.0475
5.029375
4.9575
4.64875
5.010625
5.62125
6.383125
7.345
7.74375
7.52625
7.154375
6.66375
6.325
6.26625
6.69625
7.266875
7.50375
7.628125
7.02375
6.019375
5.541875
5.48875
5.535
5.815625
5.74375
4.993125
4.435625
4.046875
3.976875
4.46625
5.03
5.7425
6.176875
6.3875
6.723125
6.614375
6.743125
6.946875
6.684375
6.433125
6.063125
5.536875
5.315625
5.04875
4.781875
5.045
5.225
5.50375
5.78875
5.37
5.189375
5.37
5.419375
5.67
5.7275
5.318125
5.339375
5.399375
5.64625
6.08625
6.04
6.19
6.046875
6.28375
6.835625
7.324375
7.565
7.20125
6.643125
5.805
5.735625
5.928125
5.98125
6.159375
5.969375
5.598125
5.27125
5.068125
4.594375
4.48875
4.9525
5.473125
6.09625
6.376875
5.98375
5.403125
5.10375
4.84125
5.0975
5.56
6.00375
6.395
6.2425
6.145625
5.780625
5.6425
5.81375
5.6175
5.340625
5.316875
5.57375
5.89875
6.626875
6.821875
6.405625
6.226875
6.145625
6.25125
6.5075
6.37125
5.456875
4.3475
3.471875
3.284375
3.656875
4.300625
5.20125
5.509375
6.0025
6.544375
6.33625
6.484375
6.2325
5.811875
6.16
6.189375
6.359375
6.491875
5.99625
5.64125
5.28625
5.318125
6.00375
6.651875
7.2625
7.261875
6.835
6.483125
6.0875
6.11625
6.343125
6.208125
6.129375
5.658125
4.62375
4.425
4.535625
5.274375
6.356875
6.548125
6.395
5.806875
5.613125
6.285
6.6625
6.96125
6.62
5.58125
5.3575
5.415
5.920625
6.43875
6.45
6.376875
6.0875
6.11625
6.343125
6.673125
7.059375
7.053125
6.48375
5.77375
5.419375
5.33875
5.595
5.85125
5.430625
5.57625
6.17625
6.635625
7.74125
8.280625
7.979375
7.81875
7.058125
6.191875
6.073125
6.14125
6.66875
6.99625
7.164375
6.95875
6.475
6.415625
6.380625
6.673125
7.059375
7.053125
6.895
6.59625
6.606875
7.165
7.57125
7.836875
7.758125
7.48625
7.106875
7.00875
6.89
6.49125
6.14625
5.8125
5.41125
5.184375
5.21375
4.879375
5.028125
5.159375
5.654375
6.42125
6.48
6.7675
6.4625
5.838125
5.681875
5.19125
4.7725
4.588125
4.28125
4.233125
4.7275
5.390625
6.05625
6.455625
6.12625
5.653125
5.535625
5.766875
6.43125
6.909375
6.676875
6.438125
5.799375
5.533125
5.8025
5.579375
5.734375
5.709375
5.4475
5.690625
5.815
5.808125
6.188125
6.101875
5.829375
5.681875
5.1825
5.42875
6.0475
6.785
7.309375
7.249375
6.965625
6.563125
6.42
6.195625
5.9275
5.51125
5.21375
5.29
5.753125
6.51875
7.021875
6.958125
6.5425
5.96625
5.55875
5.686875
5.601875
5.71
6.204375
6.461875
7.00625
7.004375
6.155
5.361875
4.4375
4.045
4.313125
4.890625
5.61875
6.030625
6.324375
6.33375
6.444375
7.135
7.41375
7.3925
7.036875
6.139375
5.62875
5.590625
5.765625
6.0
6.018125
5.93125
5.976875
5.928125
6.068125
6.140625
6.240625
6.48125
6.9275
7.098125
6.895
6.691875
5.97
5.71875
5.795
6.011875
6.606875
6.969375
7.13125
7.011875
6.78
6.623125
6.171875
5.82375
5.755625
5.53125
5.786875
6.12375
5.881875
5.705
5.364375
4.97375
4.680625
4.495
4.385625
4.123125
4.250625
4.324375
4.416875
4.790625
4.825625
5.16625
5.36875
5.5675
5.88125
5.70875
5.870625
5.640625
5.46375
5.42375
5.05
4.970625
4.82875
4.515625
4.096875
3.6575
3.32375
3.36625
3.794375
4.395
4.903125
5.25
5.19125
5.146875
5.284375
5.7
6.8075
7.83375
8.5175
8.588125
7.6875
6.2975
5.146875
4.62
4.95875
5.77875
6.676875
7.15875
6.93
6.449375
5.82375
5.03875
4.728125
4.72625
4.59375
5.1625
5.774375
6.039375
6.7325
7.163125
7.406875
7.834375
7.664375
7.130625
6.41
5.893125
5.743125
5.605625
5.53625
5.234375
5.010625
4.91
4.85375
4.679375
4.200625
3.820625
3.535625
3.74
4.128125
4.47125
4.92875
4.638125
4.393125
4.658125
4.90625
5.69875
6.251875
6.03125
5.904375
5.804375
6.069375
6.576875
6.720625
6.575625
6.195625
6.0375
5.97125
5.983125
6.48375
6.493125
6.6225
6.65375
5.8375
5.3475
4.565625
4.14125
4.0875
4.18625
4.74875
5.224375
6.1925
6.98875
7.599375
8.38375
8.504375
8.445
7.959375
6.615
5.401875
4.574375
4.333125
4.813125
5.66625
6.49375
7.394375
8.14
7.97625
7.279375
6.303125
5.52625
5.70375
6.294375
6.433125
6.148125
5.364375
4.526875
4.263125
4.219375
4.39375
4.686875
4.723125
4.76375
4.83875
4.795
5.199375
5.633125
6.1625
6.5325
6.44875
6.416875
6.198125
6.15
6.535
7.16875
7.443125
7.66125
7.435
6.773125
6.83
6.800625
6.623125
6.445
6.013125
6.043125
6.613125
7.049375
7.0875
6.869375
6.1825
5.7
5.41875
4.9825
5.215625
5.641875
6.39125
7.1025
6.8875
6.739375
6.231875
5.961875
6.198125
6.21
6.29875
6.26875
6.299375
6.105625
6.2925
6.66625
7.236875
7.92125
7.864375
7.39625
6.344375
5.738125
5.84875
6.18375
6.95625
7.2875
6.8525
6.46125
5.7525
5.15
5.281875
5.550625
5.984375
6.478125
6.71125
6.539375
6.87375
6.97
6.891875
6.91625
5.969375
5.094375
4.35625
4.191875
4.7125
5.489375
6.319375
6.26125
5.72375
4.84375
3.96
3.94875
4.331875
5.05625
5.955
6.0875
6.27125
6.019375
5.339375
5.319375
4.979375
5.131875
5.468125
5.090625
4.871875
4.39375
3.90125
3.68875
3.443125
3.38625
3.55
4.153125
5.098125
6.1325
6.978125
7.534375
7.464375
7.275625
7.239375
7.110625
7.47375
7.519375
7.620625
7.48375
6.989375
6.433125
5.65
5.295
5.25375
5.641875
5.7875
5.63
5.561875
5.05125
4.70375
4.9675
4.82625
5.483125
6.448125
6.96125
7.500625
7.223125
6.695
5.68125
4.85125
4.6325
4.64125
5.515625
6.4925
7.0575
7.30375
6.989375
6.610625
6.2575
6.050625
6.09875
5.80375
5.881875
5.98625
6.1225
6.87
6.839375
6.7825
6.28875
6.28875
6.28875
6.28875
