0.0606703747073
0.0606703747073
0.0606703747073
0.0606703747073
0.0599385245902
0.0596457845434
0.0593530444966
0.0590603044497
0.0583284543326
0.0583284543326
0.0593530444966
0.0603776346605
0.0616217798596
0.0624268149884
0.0611826697893
0.0592798594848
0.0573770491803
0.0556937939109
0.0687939110069
0.0687939110069
0.0698185011708
0.0717213114753
0.0608167447306
0.0636709601873
0.0644759953161
0.0635245901639
0.0606703747072
0.0578161592505
0.0559865339578
0.055913348946
0.057450234192
0.0604508196721
0.0781615925059
0.0955796252928
0.112631733021
0.127781030445
0.113509953162
0.0971896955503
0.0658665105386
0.0341774004684
0.0171984777518
0.00168325526932
0.000878220140515
0.00212236533958
0.00387880562061
0.00563524590165
0.00739168618268
0.0201990632318
0.0322014051522
0.0579625292739
0.0980679156907
0.12587822014
0.153761709602
0.15412763466
0.125805035129
0.0842359484776
0.0573038641686
0.0441305620609
0.0596457845434
0.0884074941452
0.103044496487
0.118486533958
0.11899882904
0.11899882904
0.103995901639
0.102093091335
0.100775761124
0.0999707259952
0.11387587822
0.112924473068
0.0982142857141
0.0837236533956
0.0839432084308
0.0718676814987
0.07406323185
0.0758196721311
0.0481557377049
0.0334455503513
0.0179303278688
0.0163934426229
0.0295667447306
0.0430327868852
0.0567915690865
0.0430327868852
0.0297862997657
0.0163202576112
0.0170521077284
0.0458870023419
0.0736973067916
0.101946721312
0.101580796253
0.0872365339578
0.0734045667447
0.0593530444965
0.059718969555
0.0450087822014
0.0305181498829
0.0158079625293
0.0154420374707
0.0300058548009
0.0441305620608
0.0584748243559
0.0441305620608
0.0293471896955
0.0147833723653
0.000219555035129
0.0
0.0
0.00102459016394
0.00307377049181
0.0198331381733
0.0365925058548
0.0513026932084
0.0777224824356
0.0757464871194
0.08818793911
0.101653981265
0.0888466042154
0.089724824356
0.0617681498829
0.0338114754099
0.0191744730679
0.00351288056207
0.002268735363
0.00102459016394
0.000219555035129
0.000439110070258
0.015368852459
0.0305181498829
0.0457406323185
0.0611826697892
0.0474238875878
0.0332259953162
0.0182230679157
0.00300058548009
0.00204918032787
0.00182962529274
0.00263466042155
0.00322014051522
0.0187353629977
0.0332259953162
0.0466920374707
0.0608899297424
0.0465456674473
0.0327137002342
0.019394028103
0.00504976580795
0.00468384074941
0.00534250585481
0.00651346604217
0.0081967213115
0.0224677985948
0.0361533957845
0.0490339578454
0.0624268149882
0.0640368852458
0.063744145199
0.0635245901639
0.0760392271662
0.0728922716627
0.0712090163933
0.0697453161591
0.0423009367681
0.0295667447306
0.0170521077283
0.00453747072601
0.0037324355972
0.017637587822
0.0455210772834
0.0734045667448
0.116730093677
0.130635245902
0.115925058548
0.101214871195
0.0576697892273
0.0288348946136
0.0144174473068
0.0137587822014
0.0419350117096
0.0701112412178
0.0982874707259
0.0989461358314
0.0845286885246
0.0701112412178
0.070038056206
0.0984338407493
0.113729508197
0.129025175644
0.115632318501
0.072819086651
0.0575234192037
0.0424473067915
0.0417154566744
0.0556937939109
0.0421545667446
0.0281762295081
0.0147101873536
0.0159543325527
0.0314695550351
0.0609631147541
0.089944379391
0.0903834894613
0.0897980093675
0.0619145199062
0.0337382903981
0.0185158079625
0.00380562060889
0.00263466042154
0.0159543325527
0.0301522248244
0.0587675644029
0.0880415690868
0.0887002341922
0.0893588992975
0.0611826697893
0.0324941451991
0.0184426229508
0.00439110070258
0.00475702576114
0.00497658079626
0.00475702576114
0.00475702576114
0.00475702576114
0.0184426229508
0.0323477751756
0.0595725995316
0.0867974238875
0.0856264637001
0.0982142857141
0.0835040983605
0.0831381733019
0.097482435597
0.0843091334893
0.084894613583
0.0567915690866
0.0286885245901
0.0145638173302
0.0148565573771
0.029493559719
0.0451551522249
0.0614022248244
0.0488144028104
0.0362265807963
0.0353483606558
0.0326405152224
0.0458138173301
0.0589871194378
0.0458870023418
0.0340310304449
0.0200526932084
0.0207845433255
0.0357142857143
0.0502049180328
0.0650614754098
0.0504976580796
0.0343969555035
0.0322745901639
0.0302985948477
0.0430327868852
0.0566451990631
0.0427400468383
0.043325526932
0.0576697892271
0.0720140515222
0.100336651054
0.113363583138
0.0988729508195
0.084382318501
0.0699648711942
0.0436182669788
0.0312499999999
0.018881733021
0.0200526932084
0.0475702576112
0.0746487119437
0.101727166276
0.100629391101
0.0719408665104
0.0434718969554
0.0150029274004
0.00234192037471
0.0038056206089
0.00673302107729
0.00966042154568
0.00966042154568
0.00944086651055
0.00629391100703
0.0174912177986
0.0301522248243
0.0430327868852
0.0573770491803
0.0430327868852
0.0424473067915
0.0418618266978
0.0559865339578
0.0991656908664
0.115046838407
0.131147540984
0.132538056206
0.119218384075
0.119218384075
0.133489461358
0.133050351288
0.117901053864
0.11731557377
0.0875292740046
0.0724531615924
0.0720872365339
0.0430327868852
0.0286885245901
0.0143442622951
0.0
0.0
0.0
0.0
0.0
0.0
0.000878220140513
0.00175644028103
0.00285421545667
0.00395199063231
0.00380562060889
0.00365925058548
0.00329332552693
0.0173448477752
0.0314695550352
0.0458138173303
0.0601580796254
0.0603776346605
0.0608899297424
0.0756733021077
0.0902371194379
0.0908225995316
0.0911885245901
0.0623536299766
0.0337382903981
0.0177839578454
0.00204918032787
0.00102459016394
0.000219555035129
0.0141978922716
0.0281762295081
0.0421545667446
0.055913348946
0.0421545667446
0.0283957845433
0.0156615925058
0.00270784543326
0.00351288056207
0.00431791569088
0.0168325526932
0.0439841920374
0.0848946135831
0.125805035129
0.141247072599
0.142271662763
0.11599824356
0.089724824356
0.0761855971898
0.0482289227167
0.0335919203748
0.0191744730679
0.0184426229508
0.0326405152225
0.0470579625293
0.0615485948478
0.0481557377049
0.0337382903981
0.0201990632318
0.00607435597189
0.0061475409836
0.0214432084309
0.0349824355972
0.0485948477752
0.0616949648712
0.0453747072599
0.0304449648712
0.0294935597189
0.0290544496487
0.0580357142856
0.0870169789226
0.0884806791568
0.089944379391
0.0625
0.033518735363
0.0188085480094
0.00431791569087
0.00351288056206
0.00373243559719
0.00292740046839
0.0154420374707
0.0422277517564
0.0700380562059
0.0983606557375
0.114095433255
0.117022833724
0.117901053864
0.118779274005
0.103995901639
0.0737704918033
0.0445696721311
0.015881147541
0.00190281030445
0.00219555035129
0.0169057377049
0.0308108899298
0.0447160421546
0.0588407494146
0.0585480093678
0.0583284543326
0.0581088992975
0.0578893442624
0.0432523419204
0.0293471896956
0.0154420374707
0.0015368852459
0.00204918032787
0.00175644028103
0.0161738875878
0.0305913348946
0.0450087822014
0.0594994145199
0.0445696721311
0.0296399297424
0.0152224824356
0.00102459016394
0.0015368852459
0.00204918032787
0.0015368852459
0.0147833723653
0.0417886416861
0.069013466042
0.0967505854799
0.110728922716
0.0971896955501
0.0976288056204
0.0980679156908
0.0847482435597
0.0998975409836
0.0878951990633
0.0769174473068
0.0796984777518
0.0535714285714
0.0526932084309
0.0497658079625
0.0483021077283
0.0607435597189
0.0471311475409
0.0345433255269
0.019906323185
0.00622072599531
0.00629391100701
0.00783079625291
0.00907494145198
0.00900175644027
0.0103922716628
0.0235655737705
0.0376170960187
0.0531323185012
0.0657201405152
0.0508635831382
0.0360070257611
0.0195403981265
0.0188817330211
0.0463261124122
0.0875292740046
0.129317915691
0.142418032787
0.127195550351
0.0844555035128
0.0556937939109
0.0414959016393
0.0417154566744
0.0556937939109
0.0568647540983
0.072306791569
0.102459016393
0.133635831382
0.149151053864
0.135465456674
0.0923594847775
0.0472043325527
0.0169789227166
0.0014637002342
0.00212236533958
0.0038056206089
0.00556206088994
0.0083430913349
0.00819672131149
0.0082699063232
0.0212968384075
0.0322745901639
0.0594262295081
0.0998975409834
0.113583138173
0.128293325527
0.113583138173
0.0853337236533
0.0718676814987
0.0584016393441
0.0601580796252
0.0481557377048
0.0334455503512
0.032494145199
0.0452283372365
0.0717213114753
0.0996779859483
0.100117096019
0.0716481264636
0.0431791569086
0.0157347775176
0.002268735363
0.00351288056207
0.00475702576114
0.0182962529274
0.0458138173302
0.0880415690866
0.130781615925
0.159616510539
0.159836065574
0.130635245902
0.115120023419
0.0864314988289
0.0723799765807
0.0730386416861
0.0447892271663
0.0302985948478
0.0162470725995
0.00365925058548
0.00600117096018
0.00834309133489
0.0091481264637
0.00702576112412
0.00446428571429
0.00190281030445
0.00168325526932
0.00329332552694
0.0194672131147
0.0356411007025
0.048887587822
0.0628659250585
0.0481557377049
0.0334455503513
0.0349092505855
0.0338114754098
0.0470579625293
0.0608167447307
0.0461797423887
0.034031030445
0.0221018735363
0.00914812646372
0.00885538641688
0.00651346604217
0.0174912177986
0.0289812646369
0.0414959016393
0.0687939110069
0.0825526932083
0.0963114754096
0.110070257611
0.0963114754096
0.0687939110069
0.0550351288055
0.0412763466041
0.0550351288055
0.0963114754096
0.110289812646
0.124268149883
0.110728922716
0.0834309133488
0.0694525761123
0.0554742388758
0.0552546838406
0.0412763466041
0.0275175644028
0.0139783372365
0.0147833723653
0.0295667447306
0.044350117096
0.059718969555
0.0463992974238
0.0341042154566
0.0220286885246
0.00812353629978
0.0223214285714
0.0340310304449
0.0600117096018
0.0880415690865
0.0885538641685
0.0900907494144
0.0624268149883
0.0327137002342
0.0167593676815
0.0147833723653
0.0412763466041
0.0687939110069
0.0963114754096
0.0966774004682
0.069525761124
0.0432523419203
0.0177839578454
0.00534250585479
0.0076844262295
0.00863583138173
0.00797716627635
0.00768442622952
0.00534250585481
0.00314695550352
0.00175644028103
0.000731850117096
0.00175644028103
0.00402517564403
0.00629391100703
0.00783079625293
0.00731850117096
0.0194672131148
0.0318354800937
0.0445696721312
0.0586943793912
0.044862412178
0.0316159250586
0.0327137002342
0.0330796252927
0.047862997658
0.0611826697892
0.0458138173302
0.0451551522248
0.0455210772833
0.0461797423887
0.0611826697892
0.047862997658
0.0462529274004
0.0593530444964
0.087163348946
0.128586065574
0.143515807962
0.129757025761
0.0869437939109
0.0444964871194
0.0166861826698
0.00322014051522
0.00475702576112
0.00629391100702
0.00644028103045
0.00709894613584
0.0060743559719
0.00504976580797
0.00417154566745
0.00263466042155
0.00212236533958
0.0159543325527
0.0306645199063
0.0451551522248
0.0743559718969
0.075087822014
0.0747950819672
0.0748682669789
0.0599385245902
0.0589139344263
0.0731118266979
0.101068501171
0.115120023419
0.129391100703
0.114241803279
0.0715749414519
0.0439110070257
0.0309572599531
0.0337382903981
0.0502781030445
0.0649882903981
0.0513026932084
0.0355679156909
0.0198331381733
0.00534250585482
0.0037324355972
0.00336651053865
0.0030005854801
0.0159543325527
0.0298594847775
0.043325526932
0.057669789227
0.0590603044495
0.0599385245901
0.0620608899296
0.0627927400468
0.0485948477751
0.034762880562
0.0203454332553
0.00607435597191
0.00651346604216
0.00695257611242
0.0198331381733
0.0339578454332
0.0473507025761
0.0607435597189
0.0469115925058
0.0313231850117
0.0164666276346
0.00161007025761
0.0154420374707
0.0301522248243
0.0446428571428
0.0591334894613
0.0453015222482
0.0319818501171
0.0180035128805
0.00402517564403
0.00365925058548
0.00263466042155
0.00263466042155
0.0169789227166
0.0325673302107
0.0479361826697
0.0622804449648
0.0484484777517
0.0472775175644
0.0464724824356
0.0608899297424
0.0886270491804
0.0884074941452
0.0881879391101
0.0585480093677
0.0304449648712
0.0305181498829
0.0305913348946
0.0461797423887
0.0741364168617
0.074575526932
0.0750146370024
0.073843676815
0.04537470726
0.0308840749415
0.016393442623
0.016393442623
0.016393442623
0.016393442623
