1.040625
1.040625
1.040625
1.040625
0.951875
0.918125
0.823125
0.74
0.6775
0.668125
0.6925
0.741875
0.8075
0.766875
0.76625
0.740625
0.74875
0.81
0.844375
0.92625
0.940625
0.955
0.903125
0.815
0.776875
0.791875
0.86
0.92625
0.990625
0.98375
0.989375
0.98375
0.933125
0.899375
0.89375
0.9025
0.975625
1.07125
1.079375
1.0875
1.028125
0.905
0.85625
0.79125
0.785625
0.84375
0.880625
0.986875
1.041875
1.058125
1.06
0.989375
0.944375
0.9375
0.906875
0.87
0.845625
0.77625
0.77375
0.78875
0.81875
0.91375
0.970625
1.035625
1.033125
0.936875
0.845625
0.789375
0.789375
0.789375
0.789375
