0.103375758566
0.103375758566
0.103375758566
0.103375758566
0.08779799486
0.0640352375788
0.0513422535263
0.0293373363094
0.0203608156489
0.016132993263
0.011095074241
0.0102594444733
0.00769707863832
0.00668109211239
0.0110862537046
0.0156545952209
0.0218104011766
0.0249096591373
0.0182552607536
0.0118596754785
0.016476994184
0.0227825171397
0.0338755023064
0.0448101820559
0.0361005986823
0.0272714738281
0.0184233151847
0.00965268441421
0.00766922431274
0.00713488550015
0.00866153466192
0.0101494198872
0.0135820012776
0.0141163400902
0.0106449947634
0.00713488550015
0.00366354017337
0.00362477623692
0.0075529325034
0.0133050828573
0.0190959971477
0.0209199912352
0.0295311559916
0.0453647152545
0.0688965137526
0.0942922308715
0.100485408047
0.086936599841
0.0579335154387
0.0309159802122
0.0140279026064
0.00787418572521
0.0142449342266
0.0218301313238
0.0345249723314
0.0500837022484
0.0579917774031
0.0628193962668
0.0580326304139
0.0475180867421
0.0486176362448
0.0556443541139
0.078212625066
0.105608514882
0.113360141574
0.107314128085
0.0797993931472
0.0483571983005
0.0386622681592
0.0387811132817
0.0603686798536
0.0887271687379
0.0983415534544
0.101066170736
0.0871292589264
0.0635779624004
0.04503324878
0.036381463132
0.0336568458504
0.0464737816518
0.0650184952722
0.0736702809202
0.0792416102772
0.0633442181848
0.0417190482734
0.0299868063344
0.0244154769775
0.0343857007034
0.0500837022484
0.0558887758209
0.0586133931025
0.0517236256676
0.0391060804136
0.0344381596833
0.0356974073194
0.0446277362233
0.0562826824087
0.0668777715054
0.0608113315111
0.0538243060559
0.0578501845813
0.0579894562093
0.0717269774714
0.0785747312986
0.0655412281158
0.0515871394722
0.0319052730095
0.0190358782283
0.0182545643955
0.0232010283817
0.0308721096495
0.036677183222
0.0345946081453
0.0315914476078
0.04362196295
0.0646601029496
0.0953126276657
0.122078545484
0.1190556548
0.0980175148
0.0673649900839
0.035791879907
0.020979181677
0.0182545643955
0.0251443318304
0.0426152611992
0.0563541751776
0.067012632865
0.0680567058359
0.0553929688253
0.0495417034962
0.0388832458088
0.0333673929837
0.0338420771156
0.0245631049031
0.0204267375528
0.0204267375528
0.0187000014856
0.0217804577765
0.0241703589123
0.0172227937517
0.0139656946126
0.0106501013897
0.00768965081818
0.00963365062505
0.00763046037629
0.00568576421128
0.00370230410982
0.00164131613546
0.00354724836403
0.00549194452904
0.00751416856695
0.00957515654131
0.00766922431274
0.00572452814773
0.00370230410982
0.0016800800719
0.00164131613546
0.00156378826256
0.00156378826256
0.00156378826256
0.00156378826256
0.00160255219901
0.00160255219901
0.00160255219901
0.00160255219901
0.00937831930711
0.0171540864152
0.0248490759791
0.0373709880485
0.0392070523438
0.0424922379279
0.0459974726842
0.0446757849349
0.0462641778517
0.0497812506963
0.0579662442713
0.0661512378462
0.0693897674349
0.069250495807
0.0614605694167
0.0488437205208
0.0412541131554
0.0288375832844
0.0172422917796
0.0104351588439
0.00358601230047
0.00152502432611
0.00148626038967
0.00152502432612
0.00148626038967
0.00148626038967
0.00152502432612
0.00148626038967
0.00148626038967
0.00148626038967
0.00140873251677
0.00136996858032
0.00136996858033
0.00140873251677
0.00148626038967
0.00156378826256
0.00358601230047
0.00556947240194
0.00759169643985
0.00965268441421
0.0125736746912
0.016943786257
0.0212751338865
0.0284513366362
0.0308407735332
0.0302124263717
0.0344110017158
0.0328620690936
0.0321192870778
0.0330844394595
0.0244154769775
0.0234175957632
0.0266373236821
0.0297177799731
0.048339789347
0.0680817747291
0.079796839834
0.102246265664
0.103226970044
0.0923533376911
0.0865654409526
0.0596442352688
0.0541917510344
0.0546664351663
0.054982117523
0.0653028415126
0.0541351139057
0.0381016998567
0.022088015955
0.00650700257746
0.0016800800719
0.00171884400835
0.00171884400835
0.0016800800719
0.00160255219901
0.00156378826256
0.00156378826256
0.00152502432611
0.00152502432612
0.00144749645322
0.00136996858032
0.00136996858033
0.00136996858032
0.00140873251677
0.00148626038967
0.00148626038967
0.00148626038967
0.00148626038967
0.00140873251677
0.00140873251677
0.00140873251677
0.00140873251677
0.00148626038967
0.00152502432611
0.00160255219901
0.00171884400835
0.00179637188125
0.00187389975414
0.00191266369059
0.00191266369059
0.00191266369059
0.00191266369059
0.00179312220993
0.0124276716012
0.0230819511398
0.0337362306784
0.0494565156839
0.0435490774648
0.0393486451656
0.0351679430138
0.0211593063159
0.0181635735985
0.0117143687467
0.00522570360026
0.00512217835682
0.00968657384368
0.0159777053978
0.0226107487985
0.0263107317146
0.0252035222723
0.0289035051883
0.031839583225
0.036185322256
0.0405310612869
0.0352624156014
0.0305747647238
0.0262290256928
0.0170760943036
0.0234647159973
0.0296943359158
0.0370260586501
0.0520288626522
0.0455432150577
0.0389577561298
0.032085165529
0.0223486860186
0.0281932198857
0.0416387349679
0.0514186208023
0.0730897503509
0.0924689331422
0.107758868817
0.126968604461
0.119867376271
0.11764413685
0.10162975659
0.0898394848064
0.0924689331422
0.0729302843369
0.0654189012025
0.0497571102808
0.0336206352272
0.0322195626499
0.0419815752921
0.0494713713242
0.0604390120256
0.073172849089
0.0660774238834
0.0657529209902
0.0595028745663
0.0605139865852
0.0681878532856
0.0767414524359
0.0882759286632
0.0804038320124
0.0655061780894
0.0577130020278
0.0546685242407
0.0724219428949
0.108368878548
0.119554247228
0.131859591916
0.122957349457
0.100245164489
0.09413183638
0.0727863703214
0.0651877103001
0.0528145867531
0.0369294969879
0.0362621537707
0.0315194906001
0.0378995238767
0.0567406539453
0.0622683448588
0.0745486206538
0.0802211540604
0.0663886959719
0.0648225865155
0.0502791467663
0.0389735402476
0.049229967169
0.0497937851429
0.0577392315177
0.070589128271
0.0706476223548
0.0755330389441
0.0951538580098
0.107965687185
0.107749119803
0.122307415193
0.107355445335
0.102217250741
0.115722884743
0.101425259417
0.102218179218
0.0843865363332
0.0613145663267
0.0495442568094
0.0518582549078
0.0649263438783
0.0699020549064
0.0764652303738
0.0538535530978
0.0329883420363
0.0198404039991
0.00691251513418
0.0107034888471
0.0110212602782
0.0113390317094
0.0116147895327
0.00788880924615
0.00583107094311
0.00858052499833
0.0112366670628
0.0188689843941
0.0413734225167
0.0690186085465
0.10159981319
0.128378961814
0.12592476361
0.11352262514
0.0912925521247
0.0751832350385
0.0731582255681
0.0671124441985
0.0690162873527
0.0647088480194
0.0606783271064
0.0499144872205
0.0480387305113
0.0488149377177
0.0496884029444
0.072070049915
0.075147488654
0.0785076487978
0.0817902810687
0.0683916541013
0.059871015903
0.0513701078519
0.0506837308455
0.0510430516456
0.0638852884593
0.087481616145
0.0975486336524
0.112571399921
0.102832599217
0.0733320829836
0.0476213798662
0.0238001285013
0.0148509979276
0.0149094920114
0.0246489890736
0.0352682185858
0.049085821034
0.0688939604393
0.0732478236485
0.0772932002019
0.0748248427158
0.0615125641577
0.0559372887713
0.0452920618885
0.0378452079418
0.0371950415586
0.0365448751755
0.0336224921822
0.033680986266
0.0343311526491
0.0349813190323
0.0404189476264
0.0400703043178
0.0301469687066
0.0219700993099
0.0166965791174
0.0142672176871
0.0262923942835
0.0347858745143
0.0392585828461
0.0436964732709
0.0349659991531
0.0357965222945
0.038001192165
0.0550898209152
0.079225129801
0.0911242655742
0.103686566416
0.0883910598757
0.0685258191029
0.049864117315
0.0291651037295
0.0200702021852
0.0146070404593
0.0127031973052
0.0101512768423
0.0119780563623
0.0130400025255
0.0152237816518
0.0209780210802
0.0205209780211
0.0208833163731
0.0200583640969
0.0185853345119
0.0220664288526
0.026766149938
0.0309918832495
0.031196844662
0.0299710222166
0.0251531523669
0.0217094292463
0.0359241879536
0.0586431043832
0.0980808833907
0.135481350601
0.14368723492
0.147143260367
0.123052750522
0.101155536697
0.0953063604424
0.0754884720231
0.0693621452287
0.0586660842018
0.0443582456231
0.0380550438613
0.0427429268582
0.0510295887216
0.0612997106864
0.0813836079151
0.0821632969123
0.0822986225108
0.0824536782566
0.0688110938208
0.0581031947055
0.0550793755431
0.0597530992579
0.0655467989808
0.0836892497158
0.0869883624627
0.0751553807129
0.0684650038253
0.04347224595
0.026435611941
0.0182380839195
0.00936973089007
0.0125945654354
0.0150093033447
0.0159997567389
0.0205824896568
0.0263474065766
0.0397899041068
0.0592229385942
0.0721225088947
0.0847135925394
0.0874275323294
0.0783973920922
0.0800057472757
0.0717172284574
0.0610979989452
0.0590757749073
0.0423494845093
0.0329850923649
0.0333520731046
0.0408235317056
0.0559725709171
0.07310507023
0.0815611792407
0.0656496278662
0.0490672514837
0.028463406844
0.0106540474192
0.0146462686345
0.0189541722065
0.0271010982031
0.0362096947908
0.0350263501919
0.041599738912
0.0445710990945
0.0624264181565
0.078364895379
0.0936042290293
0.111021306702
0.100580576993
0.0948472283089
0.0672466092001
0.0406935448529
0.027405870949
0.0142377385259
0.0163087076336
0.020035848517
0.0214879873578
0.0250431277808
0.0281556165462
0.0232411850344
0.0224027698341
0.0174976230975
0.0151868746704
0.0327169944811
0.0535875442884
0.0871561847745
0.115299498994
0.115520012404
0.11777505218
0.100525100461
0.0861193075043
0.0829566809529
0.0604898461698
0.0476938011127
0.0349174862028
0.0239651653804
0.0249040882722
0.0368340959229
0.0487838337208
0.0606948075823
0.0717056224885
0.0634122291631
0.0550406116067
0.0484154602649
0.0426904678784
0.0477706326274
0.0528935073424
0.0593503721338
0.0637692287695
0.0617788050866
0.0706128044478
0.0744230440692
0.0802870759642
0.0813766443336
0.0609034829048
0.0423736249248
0.0256132129779
0.0186823604127
0.0244890588209
0.0274318683196
0.0285894476673
0.0330874570115
0.0353650123673
0.0478486247391
0.0693398617682
0.078051998455
0.0926165610678
0.0928321999718
0.0752695834478
0.0651463930505
0.0420458723603
0.0255582006848
0.0206846221839
0.0157920098939
0.0230882183631
0.035644019862
0.0405491665986
0.0454148530406
0.045453616977
0.0372488932548
0.0338316317435
0.0303953364431
0.0238785848517
0.0192905131881
0.0224591748434
0.0256666004352
0.031954482318
0.0400466281409
0.0326844977678
0.0361152222032
0.0406830994808
0.0593155542268
0.0856067879135
0.0920680629731
0.0993354886392
0.0774280615618
0.0554983510239
0.0409084873987
0.0212948640337
0.0164166431452
0.0134852074961
0.0139777648203
0.0231662104747
0.0341208524909
0.0432094868119
0.0487703707967
0.0431003907033
0.0356839443953
0.0282674980873
0.0226520660481
0.0226520660481
0.0226520660481
0.0282674980873
0.0356839443953
0.0431003907033
0.0487158227424
0.0431003907033
0.0356839443953
0.0282674980873
0.0226520660481
0.0226520660481
0.0226520660481
0.0208510517793
0.0208510517793
0.0208510517793
0.0264664838185
0.0356839443953
0.0431003907033
0.0487158227424
0.0431003907033
0.0338829301265
0.0246654695496
0.0190500375105
0.0246654695496
0.0338829301265
0.0431003907033
0.0487158227424
0.0431003907033
0.0356839443953
0.0338829301265
0.0338829301265
0.0394983621656
0.0451137942048
0.0376973478968
0.0320819158576
0.0264664838185
0.0208510517793
0.024453080317
0.0244688644348
0.022835904597
0.019476208692
0.0124494908229
0.00756894874061
0.00598589456952
0.00612957646569
0.00827853768504
0.0126279906261
0.0136019635442
0.0219181045688
0.0300752438182
0.0300752438182
0.0300752438182
0.0300752438182
