0.3175
0.3175
0.3175
0.3175
0.3225
0.31625
0.291875
0.25875
0.225625
0.21625
0.231875
0.2625
0.293125
0.30125
0.3025
0.27875
0.233125
0.191875
0.150625
0.134375
0.149375
0.178125
0.1975
0.185
0.163125
0.148125
0.151875
0.194375
0.249375
0.288125
0.3175
0.331875
0.32125
0.301875
0.271875
0.240625
0.218125
0.19625
0.208125
0.21375
0.223125
0.270625
0.29625
0.304375
0.333125
0.3175
0.286875
0.27875
0.22375
0.208125
0.199375
0.2075
0.268125
0.28625
0.31125
0.29875
0.24125
0.1975
0.160625
0.135
0.120625
0.121875
0.11625
0.144375
0.215625
0.28875
0.36
0.38125
0.340625
0.26125
0.205625
0.17375
0.190625
0.23625
0.23625
0.243125
0.205
0.1875
0.21
0.22375
0.28625
0.3075
0.290625
0.294375
0.23625
0.206875
0.206875
0.19375
0.22375
0.245
0.271875
0.281875
0.30875
0.334375
0.325
0.30625
0.263125
0.230625
0.243125
0.28375
0.3075
0.3225
0.304375
0.276875
0.2775
0.274375
0.29875
0.319375
0.30125
0.26375
0.21125
0.166875
0.160625
0.189375
0.19625
0.200625
0.216875
0.234375
0.2575
0.2875
0.289375
0.26
0.258125
0.251875
0.25125
0.256875
0.24875
0.231875
0.1975
0.210625
0.231875
0.26875
0.34625
0.35375
0.341875
0.335
0.299375
0.3
0.311875
0.289375
0.251875
0.204375
0.168125
0.16875
0.191875
0.255
0.3125
0.353125
0.39375
0.376875
0.354375
0.3275
0.31875
0.34875
0.355
0.37
0.3475
0.320625
0.3275
0.31125
0.308125
0.28625
0.25125
0.239375
0.236875
0.2275
0.2175
0.211875
0.210625
0.229375
0.251875
0.256875
0.24
0.206875
0.17375
0.1375
0.11375
0.128125
0.14625
0.17875
0.21375
0.228125
0.23875
0.251875
0.276875
0.27625
0.26625
0.264375
0.23125
0.215625
0.22125
0.205
0.228125
0.25375
0.255625
0.26625
0.22125
0.175625
0.168125
0.16125
0.224375
0.279375
0.308125
0.33625
0.30125
0.296875
0.275
0.2525
0.245625
0.195
0.175
0.17
0.175625
0.20875
0.21875
0.186875
0.191875
0.2175
0.253125
0.32
0.314375
0.258125
0.1975
0.1625
0.171875
0.23
0.31125
0.366875
0.428125
0.459375
0.471875
0.44375
0.4
0.37125
0.339375
0.35125
0.35
0.30625
0.254375
0.210625
0.203125
0.238125
0.29875
0.355625
0.384375
0.3975
0.37875
0.32625
0.27875
0.258125
0.278125
0.316875
0.344375
0.360625
0.34375
0.35125
0.37375
0.3775
0.375
0.33125
0.273125
0.20375
0.154375
0.11875
0.1075
0.11125
0.12375
0.170625
0.224375
0.31
0.370625
0.40375
0.411875
0.389375
0.391875
0.4
0.41375
0.43625
0.45625
0.4375
0.413125
0.37875
0.31125
0.285625
0.280625
0.29625
0.3525
0.414375
0.4475
0.459375
0.435
0.38
0.34625
0.289375
0.253125
0.259375
0.255
0.300625
0.344375
0.3325
0.30625
0.2375
0.18875
0.17625
0.1725
0.218125
0.2375
0.25
0.27875
0.283125
0.269375
0.251875
0.22875
0.180625
0.17
0.163125
0.180625
0.22
0.26375
0.325
0.35625
0.401875
0.426875
0.434375
0.41625
0.39125
0.37875
0.34875
0.38125
0.40875
0.423125
0.458125
0.43625
0.411875
0.36875
0.319375
0.305
0.264375
0.26625
0.264375
0.26
0.305625
0.328125
0.36125
0.36125
0.3175
0.28
0.24875
0.243125
0.274375
0.29375
0.316875
0.3375
0.34125
0.340625
0.32625
0.315
0.27625
0.269375
0.235
0.215625
0.2375
0.22375
0.250625
0.241875
0.206875
0.205625
0.181875
0.20125
0.235625
0.2625
0.29875
0.300625
0.305
0.290625
0.28125
0.265625
0.273125
0.293125
0.308125
0.365625
0.38
0.38375
0.40625
0.396875
0.39125
0.37875
0.33375
0.2775
0.235625
0.200625
0.1725
0.17375
0.19125
0.2425
0.304375
0.340625
0.34875
0.31375
0.275
0.266875
0.246875
0.24375
0.23375
0.211875
0.23
0.265
0.330625
0.37125
0.38
0.344375
0.285
0.23125
0.188125
0.195625
0.18625
0.1975
0.2125
0.194375
0.206875
0.22875
0.239375
0.28375
0.313125
0.31375
0.35
0.33625
0.301875
0.273125
0.218125
0.191875
0.19
0.214375
0.21125
0.19375
0.180625
0.1525
0.1625
0.196875
0.24125
0.25375
0.255625
0.23125
0.193125
0.195625
0.198125
0.2275
0.236875
0.243125
0.263125
0.27875
0.308125
0.3175
0.28875
0.229375
0.173125
0.124375
0.110625
0.129375
0.148125
0.16
0.17375
0.176875
0.18
0.214375
0.23625
0.258125
0.283125
0.263125
0.230625
0.200625
0.176875
0.20375
0.243125
0.294375
0.314375
0.3125
0.310625
0.2775
0.2925
0.279375
0.26625
0.260625
0.223125
0.225
0.253125
0.289375
0.34625
0.38625
0.363125
0.363125
0.321875
0.275
0.27375
0.251875
0.27875
0.3025
0.345625
0.375
0.385625
0.419375
0.39875
0.413125
0.41
0.398125
0.425
0.41
0.39625
0.356875
0.30375
0.278125
0.263125
0.278125
0.283125
0.271875
0.264375
0.245625
0.260625
0.280625
0.301875
0.324375
0.304375
0.2875
0.266875
0.235
0.21875
0.219375
0.230625
0.253125
0.294375
0.314375
0.311875
0.309375
0.2925
0.2675
0.26625
0.2775
0.28875
0.3125
0.31375
0.29
0.25375
0.2175
0.1925
0.196875
0.21375
0.241875
0.286875
0.298125
0.311875
0.303125
0.25375
0.22125
0.19625
0.1825
0.199375
0.21875
0.228125
0.2375
0.24
0.230625
0.22125
0.211875
0.2025
0.22625
0.2375
0.26
0.285
0.269375
0.26625
0.240625
0.21
0.19625
0.195
0.205
0.2175
0.246875
0.25125
0.266875
0.280625
0.2775
0.286875
0.27375
0.264375
0.238125
0.211875
0.196875
0.18
0.18
0.18
0.18
0.18
0.19125
0.205625
0.218125
0.241875
0.243125
0.260625
0.281875
0.280625
0.290625
0.25875
0.225
0.2025
0.18
0.18
0.18
0.18
0.18
0.19125
0.21375
0.23625
0.25875
0.256875
0.245
0.25
0.26625
0.286875
0.283125
0.24375
0.184375
0.144375
0.155
0.1975
0.24625
0.295625
0.323125
0.316875
0.325625
0.3025
0.241875
0.21125
0.181875
0.175625
0.21375
0.233125
0.2325
0.225625
0.216875
0.226875
0.24
0.284375
0.300625
0.313125
0.334375
0.32375
0.35125
0.358125
0.336875
0.31
0.23875
0.218125
0.223125
0.246875
0.304375
0.3225
0.354375
0.369375
0.37125
0.37125
0.330625
0.293125
0.25875
0.20375
0.19875
0.2175
0.229375
0.276875
0.2925
0.270625
0.27625
0.275
0.260625
0.286875
0.27875
0.265625
0.26625
0.245
0.228125
0.216875
0.208125
0.181875
0.1675
0.158125
0.160625
0.180625
0.221875
0.241875
0.269375
0.296875
0.29625
0.3275
0.315625
0.30375
0.274375
0.221875
0.2175
0.20375
0.211875
0.224375
0.2025
0.199375
0.19625
0.193125
0.205625
0.223125
0.27625
0.316875
0.36375
0.375625
0.315
0.279375
0.2125
0.16625
0.184375
0.19
0.253125
0.323125
0.365625
0.385
0.333125
0.2825
0.21125
0.190625
0.22625
0.255
0.308125
0.30625
0.29875
0.294375
0.279375
0.315
0.335625
0.335
0.360625
0.34875
0.30875
0.3025
0.2575
0.24125
0.271875
0.28
0.33125
0.35375
0.360625
0.37875
0.35625
0.366875
0.37125
0.366875
0.36875
0.355
0.344375
0.323125
0.32625
0.30625
0.2675
0.2425
0.19
0.16
0.1675
0.20125
0.2625
0.308125
0.338125
0.315625
0.265625
0.239375
0.183125
0.1425
0.12625
0.113125
0.13375
0.175625
0.22375
0.246875
0.263125
0.26875
0.23875
0.206875
0.195
0.196875
0.23625
0.31625
0.37625
0.41125
0.4
0.370625
0.32125
0.27
0.27375
0.241875
0.23
0.23125
0.201875
0.201875
0.205
0.235625
0.25875
0.295625
0.343125
0.3575
0.375625
0.376875
0.3475
0.310625
0.2875
0.256875
0.23625
0.2475
0.265625
0.2925
0.333125
0.33125
0.315625
0.28125
0.2525
0.280625
0.318125
0.389375
0.448125
0.45
0.43
0.38375
0.35125
0.330625
0.31125
0.301875
0.250625
0.21125
0.1975
0.170625
0.166875
0.19875
0.21625
0.2575
0.336875
0.376875
0.416875
0.45875
0.46125
0.45625
0.430625
0.378125
0.325625
0.269375
0.24
0.229375
0.201875
0.1825
0.165625
0.154375
0.188125
0.2375
0.278125
0.31625
0.309375
0.3125
0.2975
0.2575
0.268125
0.24125
0.251875
0.294375
0.309375
0.345
0.3625
0.339375
0.301875
0.265625
0.2125
0.184375
0.15875
0.12
0.101875
0.1125
0.16125
0.22625
0.28125
0.30875
0.315625
0.3075
0.32875
0.359375
0.374375
0.4075
0.384375
0.32375
0.260625
0.18125
0.16
0.171875
0.2075
0.276875
0.3025
0.3225
0.318125
0.28375
0.266875
0.268125
0.30125
0.31875
0.3275
0.31125
0.270625
0.253125
0.27625
0.296875
0.32875
0.351875
0.323125
0.324375
0.32
0.334375
0.364375
0.374375
0.356875
0.315
0.29625
0.248125
0.2275
0.225625
0.205
0.220625
0.26375
0.29
0.2925
0.2775
0.218125
0.18375
0.2025
0.231875
0.27125
0.271875
0.21875
0.193125
0.195
0.243125
0.334375
0.371875
0.375
0.35125
0.30875
0.29125
0.3
0.2875
0.260625
0.245625
0.20875
0.213125
0.2275
0.221875
0.239375
0.2425
0.264375
0.303125
0.31375
0.295
0.2525
0.216875
0.18625
0.19125
0.215
0.231875
0.265
0.29125
0.318125
0.34
0.355
0.363125
0.35875
0.340625
0.3225
0.306875
0.27375
0.23125
0.191875
0.16125
0.153125
0.175
0.201875
0.235625
0.284375
0.34375
0.38625
0.415
0.42625
0.4
0.369375
0.341875
0.320625
0.305
0.325625
0.32125
0.275
0.240625
0.183125
0.149375
0.15375
0.1675
0.19125
0.213125
0.2325
0.248125
0.221875
0.18625
0.1575
0.13
0.15625
0.21375
0.2575
0.281875
0.284375
0.26375
0.269375
0.285625
0.2925
0.289375
0.265625
0.23625
0.224375
0.22375
0.213125
0.219375
0.21875
0.218125
0.219375
0.21375
0.194375
0.175
0.165
0.1625
0.161875
0.150625
0.14875
0.1175
0.12125
0.144375
0.175
0.258125
0.305625
0.34625
0.37
0.325
0.278125
0.21875
0.135625
0.090625
0.06
0.050625
0.071875
0.114375
0.19125
0.255625
0.313125
0.3325
0.288125
0.236875
0.18375
0.15375
0.16625
0.224375
0.28625
0.32625
0.365625
0.368125
0.371875
0.38875
0.3825
0.339375
0.28625
0.228125
0.1625
0.1425
0.159375
0.1775
0.225
0.26375
0.249375
0.260625
0.23625
0.203125
0.1925
0.16125
0.153125
0.15375
0.141875
0.11625
0.10125
0.108125
0.13875
0.181875
0.23125
0.240625
0.261875
0.28625
0.279375
0.295625
0.28375
0.268125
0.28125
0.28125
0.28125
0.28125
