1.066875
1.066875
1.066875
1.066875
1.0625
1.074375
1.059375
1.075
1.00875
0.95875
0.9275
0.89375
0.94875
0.9875
1.005
1.013125
0.96375
0.911875
0.8775
0.835625
0.8475
0.87875
0.885625
0.91125
0.900625
0.89375
0.941875
0.98
1.03125
1.06625
1.0475
1.06875
1.099375
1.143125
1.18
1.139375
1.06625
0.978125
0.93625
0.930625
1.00625
1.085
1.128125
1.179375
1.13125
1.0775
1.04875
1.005
1.00125
1.01375
0.991875
0.976875
0.9425
0.90125
0.909375
0.96
1.049375
1.17625
1.258125
1.26125
1.2475
1.155
1.091875
1.043125
0.989375
0.975625
0.9475
0.94375
0.9425
0.94125
0.92375
0.926875
0.908125
0.88125
0.873125
0.8325
0.843125
0.86875
0.905
0.950625
0.95
0.94625
0.9475
0.9375
0.955
0.946875
0.915625
0.92
0.89375
0.91125
0.93625
0.938125
1.01875
1.065
1.135625
1.195
1.154375
1.13625
1.076875
1.029375
1.0025
0.966875
0.92
0.8625
0.8875
0.91
0.960625
1.059375
1.048125
1.038125
1.05125
1.028125
1.08
1.130625
1.13625
1.1275
1.063125
0.980625
0.979375
1.00125
1.064375
1.17
1.17625
1.171875
1.1525
1.08875
1.055
0.9925
0.913125
0.865625
0.81625
0.785
0.8325
0.88
0.981875
1.105625
1.1325
1.14875
1.104375
1.0825
1.094375
1.10375
1.13125
1.08125
1.03625
1.018125
0.97875
0.994375
1.000625
0.976875
0.991875
1.0225
1.069375
1.105625
1.128125
1.08625
1.03875
0.995
0.985
1.05
1.1125
1.17875
1.1675
1.1025
1.015625
0.95875
0.931875
0.95875
1.028125
1.11375
1.19875
1.20625
1.191875
1.1025
1.034375
1.0075
0.9625
0.960625
0.958125
0.993125
1.069375
1.134375
1.21
1.215
1.1875
1.14125
1.055
0.9925
0.940625
0.935
0.9875
1.05625
1.134375
1.215
1.195
1.14
1.055625
0.92375
0.874375
0.870625
0.895625
0.96125
1.0075
1.03375
1.06
1.0575
1.0725
1.068125
1.04625
1.00875
0.915
0.86375
0.83875
0.86125
0.95875
1.036875
1.09
1.12375
1.10125
1.07375
1.035
0.97375
0.923125
0.8775
0.869375
0.90375
0.935
0.96125
0.95
0.91375
0.9
0.88875
0.955
1.02625
1.08625
1.124375
1.043125
0.941875
0.88875
0.869375
0.93125
1.033125
1.049375
1.0625
1.0575
1.0275
1.01375
0.9925
0.96875
0.970625
1.0125
1.055625
1.086875
1.076875
1.048125
1.054375
1.071875
1.0975
1.10375
1.0325
0.961875
0.891875
0.863125
0.914375
0.98375
1.07625
1.184375
1.21375
1.2075
1.236875
1.22875
1.258125
1.29375
1.231875
1.1325
1.034375
0.9475
0.91125
0.889375
0.858125
0.82875
0.80625
0.818125
0.839375
0.855625
0.86625
0.865
0.863125
0.87625
0.886875
0.889375
0.905
0.9
0.8925
0.904375
0.90125
0.928125
0.9475
0.985
1.065
1.12125
1.2375
1.285625
1.24375
1.244375
1.15625
1.125
1.14375
1.0825
1.06125
1.031875
1.0125
1.025
1.058125
1.065625
1.103125
1.14875
1.138125
1.154375
1.06875
0.983125
0.981875
0.9675
1.036875
1.095625
1.055
0.99625
0.923125
0.87
0.876875
0.915625
0.938125
0.96875
0.9775
0.984375
1.04125
1.05375
1.108125
1.153125
1.10875
1.101875
1.08375
1.07375
1.110625
1.1475
1.133125
1.10125
1.059375
0.98375
0.934375
0.895625
0.88875
0.924375
1.003125
1.083125
1.1425
1.174375
1.109375
1.041875
0.9825
0.92125
0.92875
0.9325
0.944375
0.985625
1.0275
1.065
1.08625
1.10875
1.12375
1.1575
1.175
1.131875
1.12375
1.083125
1.04125
1.04
0.98
1.0025
1.054375
1.126875
1.18125
1.125625
1.06375
0.978125
0.960625
1.004375
1.02625
1.0425
1.03
1.0275
1.04
1.07
1.094375
1.08
1.07625
1.061875
1.031875
0.991875
0.95
0.89
0.890625
0.929375
0.9325
0.974375
0.936875
0.93625
1.024375
1.083125
1.24125
1.31125
1.288125
1.264375
1.14125
1.058125
0.98125
0.91375
0.876875
0.82125
0.810625
0.823125
0.861875
0.9175
0.945
0.953125
0.9275
0.905
0.9025
0.895
0.9125
0.988125
1.04375
1.08125
1.1025
1.043125
1.00375
1.024375
1.08125
1.1325
1.17875
1.169375
1.115625
1.096875
1.064375
1.035625
1.021875
0.990625
0.958125
0.92625
0.896875
0.906875
0.938125
0.9825
1.023125
0.99125
0.935
0.899375
0.858125
0.889375
0.943125
0.97375
1.00125
0.989375
0.988125
0.990625
1.031875
1.0825
1.099375
1.1125
1.09
1.049375
0.9925
0.935625
0.8675
0.835625
0.8575
0.861875
0.905
0.909375
0.868125
0.904375
0.92125
0.983125
1.075
1.070625
1.086875
1.055625
1.015625
1.010625
0.964375
0.95375
0.993125
1.075
1.158125
1.238125
1.228125
1.138125
1.0675
0.99375
0.980625
1.015
1.07125
1.11375
1.123125
1.108125
1.05
0.998125
0.951875
0.933125
0.944375
0.960625
0.9725
0.953125
0.925
0.880625
0.8975
0.945
1.00375
1.06625
1.04125
1.0075
0.940625
0.8825
0.840625
0.845625
0.883125
0.920625
0.99
0.97375
0.959375
0.945
0.90625
0.90125
0.88375
0.864375
0.88875
0.918125
0.92625
0.9475
0.933125
0.89875
0.904375
0.898125
0.895
0.931875
0.930625
0.94
0.951875
0.918125
0.925625
0.924375
0.90125
0.926875
0.935625
0.93375
0.976875
0.983125
0.995625
1.00625
0.9825
0.97125
0.92
0.899375
0.89
0.8825
0.90375
0.905625
0.895625
0.899375
0.931875
0.966875
1.016875
1.035625
1.006875
0.95375
0.9175
0.92375
0.956875
1.023125
1.0925
1.11625
1.11375
1.089375
1.01875
0.975
0.949375
0.951875
0.97625
0.983125
1.024375
1.04125
1.040625
1.090625
1.089375
1.09375
1.125625
1.075
1.03375
0.98125
0.9375
0.92625
0.925
0.956875
0.9625
0.97875
0.97125
0.963125
0.98375
1.011875
1.0825
1.114375
1.128125
1.13
1.0875
1.045
0.9875
0.97375
1.01125
1.064375
1.104375
1.063125
0.966875
0.895625
0.871875
0.928125
1.02125
1.095
1.185
1.1975
1.209375
1.21625
1.148125
1.11375
1.0725
1.02375
0.99125
0.955625
0.955
0.975625
1.03625
1.114375
1.1175
1.089375
1.04125
0.99875
0.999375
1.0575
1.11
1.119375
1.123125
1.073125
1.0175
0.986875
0.938125
0.943125
0.98125
1.03875
1.105625
1.0975
1.06875
1.006875
1.0125
1.054375
1.13625
1.231875
1.2275
1.21375
1.10125
0.98
0.94125
0.9225
0.98125
1.11125
1.150625
1.161875
1.1625
1.053125
1.010625
0.99625
0.964375
0.999375
0.99875
1.00625
1.031875
1.034375
1.085625
1.11125
1.1125
1.118125
1.08
1.058125
1.050625
1.044375
1.04625
1.031875
1.030625
1.068125
1.148125
1.214375
1.290625
1.26625
1.166875
1.11375
1.004375
0.959375
0.9575
0.920625
0.90875
0.91375
0.905
0.905625
0.925625
0.946875
0.975
0.993125
1.050625
1.0475
1.048125
1.079375
1.02125
1.03
1.0375
1.026875
1.035625
1.01
0.983125
0.93625
0.9225
0.935
0.92625
0.93625
0.941875
0.92875
0.9475
0.9875
1.0275
1.0675
1.095
1.0975
1.0825
1.05125
1.01
0.9925
0.99375
1.0275
1.095
1.114375
1.1175
1.093125
1.049375
1.05125
1.06
1.093125
1.12375
1.13125
1.13625
1.11
1.08375
1.061875
1.024375
1.0025
0.978125
0.95625
0.971875
1.014375
1.061875
1.106875
1.1725
1.190625
1.2025
1.204375
1.118125
1.09375
1.0525
1.03125
1.046875
0.974375
0.943125
0.885
0.8475
0.85
0.84125
0.860625
0.880625
0.92875
0.966875
1.003125
1.010625
0.998125
0.98125
0.93875
0.925625
0.93375
0.935
0.9725
1.01
1.00875
1.006875
0.9875
0.946875
0.9275
0.945
0.9625
1.023125
1.0775
1.129375
1.185625
1.16625
1.13
1.055625
0.9675
0.94125
0.97625
1.01125
1.073125
1.15625
1.16125
1.18125
1.171875
1.0825
1.04125
1.013125
0.979375
1.025625
1.068125
1.095
1.136875
1.08
1.02
0.9725
0.935625
0.97625
0.99125
0.97125
0.949375
0.886875
0.865625
0.88125
0.87375
0.889375
0.866875
0.849375
0.855625
0.8625
0.908125
0.930625
0.935
0.946875
0.9375
0.935625
0.935
0.925
0.90625
0.8775
0.866875
0.855625
0.864375
0.933125
1.001875
1.08125
1.13125
1.09375
1.0375
0.951875
0.913125
0.890625
0.86625
0.880625
0.899375
0.960625
1.055
1.109375
1.0725
1.030625
0.968125
0.946875
1.023125
1.05625
1.086875
1.12125
1.076875
1.046875
1.00875
0.93
0.894375
0.931875
0.9775
1.03
1.101875
1.05125
1.01125
0.96125
0.86625
0.845625
0.823125
0.843125
0.885
0.92625
0.97125
0.99875
1.030625
1.048125
1.05625
1.090625
1.121875
1.136875
1.129375
1.03125
0.941875
0.88875
0.8375
0.844375
0.8525
0.846875
0.91875
1.010625
1.1
1.223125
1.228125
1.234375
1.225625
1.138125
1.12
1.060625
0.99875
1.019375
1.0175
1.035
1.050625
0.993125
1.01
1.031875
1.078125
1.155625
1.13875
1.09375
1.064375
1.04875
1.06625
1.121875
1.130625
1.108125
1.075625
1.01875
0.970625
0.92875
0.905625
0.910625
0.935625
1.021875
1.07125
1.095
1.116875
1.04
1.01125
1.0025
0.956875
0.97125
0.984375
0.973125
1.01125
1.04
1.036875
1.05625
1.05625
1.055
1.05
1.035
1.02
1.02125
1.03875
1.048125
1.04375
0.9825
0.90875
0.8525
0.809375
0.806875
0.845
0.875
0.91625
0.969375
0.986875
1.02125
1.0225
1.0125
1.02875
1.0075
1.02625
1.044375
1.04375
1.06125
1.068125
1.086875
1.086875
1.06875
1.036875
0.9825
0.936875
0.93125
0.908125
0.91125
0.974375
1.018125
1.104375
1.1675
1.148125
1.12625
1.08875
1.06
1.06375
1.1075
1.124375
1.129375
1.105
1.041875
1.02125
1.010625
1.05125
1.051875
1.033125
1.0275
0.979375
0.97875
0.95875
0.905
0.871875
0.8225
0.80375
0.815625
0.850625
0.895625
0.94625
0.999375
1.066875
1.114375
1.128125
1.148125
1.093125
1.083125
1.09125
1.100625
1.135625
1.1175
1.105
1.014375
0.924375
0.88875
0.855
0.879375
0.916875
0.926875
0.94125
0.983125
1.041875
1.100625
1.115625
1.08625
1.078125
1.060625
1.08375
1.1125
1.06125
1.023125
0.955625
0.929375
0.983125
1.033125
1.161875
1.29375
1.335625
1.366875
1.289375
1.1475
1.08625
1.023125
1.05875
1.118125
1.13375
1.185
1.1375
1.079375
1.035
0.955
0.97375
1.020625
1.0575
1.125
1.093125
1.06125
1.0475
1.01
1.035
1.050625
1.041875
1.028125
0.99125
0.9625
0.948125
0.930625
0.933125
0.920625
0.95875
1.035
1.108125
1.165
1.110625
1.030625
0.918125
0.851875
0.8775
0.88375
0.9425
0.979375
0.959375
1.0
1.014375
1.015625
1.06375
1.071875
1.080625
1.100625
1.08
1.02875
0.95875
0.89
0.86
0.870625
0.949375
1.055625
1.14375
1.203125
1.163125
1.11625
1.070625
1.07
1.10875
1.078125
1.070625
1.031875
1.02125
1.0575
1.065625
1.07875
1.0825
1.104375
1.109375
1.0925
1.040625
0.964375
0.886875
0.850625
0.85125
0.83875
0.878125
0.87875
0.916875
0.99625
1.01875
1.071875
1.036875
0.959375
0.93
0.8975
0.905
0.936875
0.925625
0.884375
0.845625
0.805
0.805625
0.85
0.929375
1.035
1.1025
1.15625
1.135
1.06
1.0625
1.08875
1.14875
1.24625
1.24625
1.15375
1.06875
1.0
0.993125
1.0675
1.154375
1.1875
1.18125
1.156875
1.075625
1.00875
0.929375
0.835625
0.804375
0.826875
0.889375
0.96375
1.01875
1.010625
1.040625
1.08
1.104375
1.154375
1.106875
1.06875
1.055625
1.014375
1.031875
1.030625
1.054375
1.105625
1.14375
1.164375
1.12625
1.084375
1.02625
0.984375
0.924375
0.874375
0.851875
0.811875
0.831875
0.83375
0.845
0.90125
0.936875
1.00125
1.038125
1.04375
1.050625
1.02625
1.0125
0.980625
0.925625
0.881875
0.8575
0.878125
0.93125
0.993125
1.01375
1.05125
1.086875
1.155
1.268125
1.3025
1.31
1.23625
1.11625
1.02625
0.994375
1.005
1.0375
1.08
1.051875
1.00875
1.003125
1.02625
1.081875
1.150625
1.140625
1.085625
1.0275
0.996875
1.01625
1.0575
1.109375
1.116875
1.08875
1.046875
1.014375
0.998125
1.030625
1.063125
1.039375
1.015625
0.988125
0.979375
1.026875
1.06375
1.043125
0.98875
0.92375
0.85875
0.850625
0.8675
0.88875
0.92
0.9375
0.971875
0.975625
1.000625
1.019375
1.01125
0.996875
0.94125
0.87875
0.853125
0.898125
0.983125
1.086875
1.133125
1.099375
1.04875
1.02875
1.048125
1.109375
1.168125
1.128125
1.05625
0.985
0.891875
0.91625
0.988125
1.04625
1.126875
1.14875
1.136875
1.10875
1.0975
1.0475
1.02375
1.03875
1.03625
1.07
1.06625
1.0475
1.009375
0.9775
0.954375
0.9275
0.959375
0.975
1.009375
1.02625
0.963125
0.9625
0.954375
0.9825
1.073125
1.07375
1.06375
1.03625
0.986875
0.9675
0.975
0.98625
1.005
1.03375
1.045
1.05
1.02125
1.00375
0.95625
0.93
0.939375
0.9375
0.995
1.055
1.1175
1.186875
1.200625
1.14375
1.096875
1.0375
1.025625
1.0725
1.065
1.085
1.08125
1.108125
1.16625
1.180625
1.189375
1.118125
1.03875
0.9975
0.963125
0.95
0.944375
0.94375
0.95375
1.00125
1.11125
1.150625
1.16125
1.16125
1.05125
1.00125
0.980625
0.9425
0.97125
0.99625
1.028125
1.071875
1.0925
1.138125
1.178125
1.20625
1.229375
1.180625
1.09375
1.0025
0.9325
0.90125
0.905
0.965
1.001875
1.08125
1.1425
1.141875
1.165
1.106875
1.07
1.075625
1.05
1.0725
1.0725
1.005625
0.99625
0.970625
0.956875
0.996875
0.980625
0.975
0.9575
0.979375
1.0225
1.063125
1.134375
1.095625
1.03
0.9425
0.835625
0.79125
0.774375
0.80625
0.82
0.85875
0.903125
0.915625
0.965625
0.999375
1.015625
1.036875
1.04
0.994375
0.966875
0.91625
0.863125
0.9075
0.954375
1.036875
1.145
1.1525
1.126875
1.0775
0.97
0.92375
0.93625
0.979375
1.065625
1.09375
1.046875
0.988125
0.91
0.889375
0.916875
0.91
0.90375
0.868125
0.87
0.918125
0.97625
1.056875
1.049375
1.000625
0.96
0.944375
0.96875
1.018125
1.10875
1.103125
1.09625
1.095
1.00375
1.03
1.05875
1.080625
1.12375
1.066875
0.999375
0.928125
0.87375
0.843125
0.811875
0.79125
0.77375
0.7825
0.801875
0.82125
0.84
0.86
0.898125
0.928125
0.968125
0.98875
0.989375
0.98
0.986875
1.015
1.053125
1.101875
1.096875
1.085625
1.0825
1.05625
1.044375
1.009375
0.92375
0.8625
0.853125
0.86125
0.91125
0.976875
0.965625
0.96375
0.945
0.88875
0.880625
0.863125
0.866875
0.88875
0.910625
0.95125
0.985
1.023125
1.055625
1.053125
1.038125
1.018125
0.988125
0.961875
0.949375
0.949375
0.954375
0.963125
0.9375
0.91125
0.89
0.89875
0.961875
1.0225
1.060625
1.07625
1.035625
0.98
0.954375
0.908125
0.90375
0.906875
0.89625
0.928125
0.9475
0.969375
0.99875
0.988125
0.96625
0.938125
0.886875
0.864375
0.854375
0.856875
0.865
0.855
0.903125
0.959375
1.0475
1.14375
1.159375
1.14125
1.083125
1.0475
1.014375
0.99875
1.023125
1.025625
1.028125
1.040625
1.021875
1.003125
1.020625
1.01
1.059375
1.14625
1.206875
1.29125
1.28875
1.189375
1.11625
1.029375
0.9675
0.986875
1.02125
1.04125
1.1025
1.16375
1.130625
1.14
1.12625
1.056875
1.0525
1.01
0.929375
0.88375
0.85375
0.85875
0.906875
0.94125
0.938125
0.92625
0.90875
0.914375
0.965625
1.040625
1.11125
1.17125
1.215
1.22625
1.23
1.235625
1.20375
1.133125
1.068125
1.049375
1.08625
1.168125
1.231875
1.198125
1.1225
1.02375
0.95375
0.933125
0.958125
1.0175
1.0675
1.116875
1.084375
1.045
1.00625
0.98625
1.016875
1.018125
1.028125
1.00375
0.98875
0.99125
0.965625
0.965625
0.9525
0.940625
0.985
1.01875
1.0625
1.10625
1.09625
1.0875
1.055625
1.02375
1.013125
1.0425
1.098125
1.155
1.2075
1.16125
1.1225
1.085
1.0375
1.045625
0.99625
0.941875
0.896875
0.884375
0.950625
1.0
1.053125
1.09375
1.073125
1.083125
1.085625
1.028125
1.0125
1.001875
0.986875
1.04125
1.0375
0.9875
0.955
0.89125
0.875625
0.919375
0.955
0.9725
1.008125
1.025625
1.048125
1.09375
1.095
1.056875
0.984375
0.9725
0.974375
1.015
1.106875
1.07625
1.02625
0.971875
0.88375
0.86
0.900625
0.919375
0.956875
1.00125
0.974375
0.961875
0.949375
0.945625
0.970625
1.030625
1.0525
1.04
1.038125
0.980625
0.975
0.99375
1.001875
1.02125
1.026875
1.023125
1.016875
1.028125
1.021875
0.9975
0.983125
0.963125
0.95375
0.965625
0.953125
0.929375
0.88375
0.845625
0.87375
0.9125
0.99125
1.078125
1.065625
1.061875
1.08
1.063125
1.098125
1.12375
1.06
1.021875
0.981875
0.931875
0.92875
0.896875
0.88125
0.885625
0.940625
1.040625
1.12375
1.175
1.136875
1.061875
0.96125
0.906875
0.900625
0.8975
0.946875
0.9775
0.9725
0.99625
1.005
0.990625
1.015
1.000625
0.95625
0.918125
0.916875
0.935625
0.96375
1.014375
0.975625
0.945625
0.925
0.88375
0.90375
0.915625
0.939375
0.99375
0.99
0.98375
0.9425
0.8775
0.87
0.865
0.895625
0.92875
0.94125
0.9525
0.95
0.94875
0.9525
1.004375
1.106875
1.206875
1.28125
1.24875
1.126875
0.984375
0.883125
0.85125
0.849375
0.89375
0.90875
0.96125
1.03375
1.060625
1.098125
1.0475
0.965
0.914375
0.87375
0.891875
0.934375
0.975625
1.0075
0.9925
0.975625
0.955625
0.9525
1.026875
1.09875
1.138125
1.13875
1.040625
0.989375
0.973125
0.99625
1.080625
1.135625
1.194375
1.216875
1.20625
1.13875
1.064375
1.005
0.993125
1.0425
1.06875
1.1
1.1
1.039375
0.985
0.945625
0.91125
0.941875
0.995
1.0025
0.998125
0.969375
0.9375
0.93375
0.95125
0.945625
0.935625
0.925
0.92375
0.96625
0.980625
1.008125
1.016875
1.013125
1.058125
1.128125
1.198125
1.291875
1.339375
1.28875
1.219375
1.08625
1.034375
1.07125
1.1075
1.191875
1.158125
1.1075
1.103125
1.05
1.064375
1.056875
1.015
1.0325
1.030625
1.023125
1.030625
0.97375
0.946875
0.9225
0.890625
0.955
1.0
1.079375
1.175625
1.213125
1.24375
1.27375
1.240625
1.145625
1.068125
0.959375
0.899375
0.924375
0.9175
0.954375
1.01625
1.09375
1.1925
1.2175
1.205625
1.1175
1.03875
1.005
0.980625
0.981875
0.97375
0.93875
0.9075
0.87875
0.878125
0.899375
0.914375
0.96
0.939375
0.941875
0.965625
0.968125
1.030625
1.0725
1.079375
1.08375
1.088125
1.09
1.145625
1.184375
1.179375
1.165625
1.05375
0.97125
0.909375
0.888125
0.92875
0.948125
0.958125
0.919375
0.9
0.9525
1.04375
1.150625
1.275625
1.320625
1.309375
1.281875
1.178125
1.0975
1.056875
1.061875
1.083125
1.0575
0.998125
0.9025
0.845625
0.849375
0.934375
1.0375
1.11625
1.21875
1.240625
1.245
1.245
1.20375
1.18375
1.164375
1.165625
1.105
1.015625
0.921875
0.808125
0.79875
0.8525
0.93125
1.049375
1.106875
1.105625
1.12
1.1
1.103125
1.13875
1.106875
1.09875
1.05875
1.0425
1.08875
1.09625
1.140625
1.13375
1.09125
1.109375
1.126875
1.133125
1.164375
1.10625
1.02875
0.993125
0.9825
1.01
1.05875
1.074375
1.0025
0.965
0.91625
0.889375
0.9225
0.93
0.93625
0.963125
0.98125
1.004375
1.01875
1.03125
1.04375
1.030625
1.0375
0.988125
0.925
0.913125
0.915625
0.973125
1.054375
1.14
1.179375
1.226875
1.251875
1.206875
1.205625
1.194375
1.211875
1.264375
1.310625
1.291875
1.2275
1.1575
1.021875
0.985
0.9875
1.005
1.090625
1.076875
1.06125
1.08
1.075
1.13
1.175625
1.131875
1.0925
1.043125
1.001875
1.0075
1.014375
1.029375
1.028125
1.03625
1.050625
1.073125
1.095625
1.135625
1.14
1.09375
1.055625
0.991875
0.96
0.980625
1.0175
1.01125
1.021875
1.00625
0.956875
0.96
0.9625
0.954375
0.975625
1.036875
1.04125
1.083125
1.118125
1.06625
1.05125
1.02
0.97875
0.975
0.993125
1.00625
1.003125
0.99625
1.00875
1.005
1.031875
1.071875
1.071875
1.111875
1.14375
1.158125
1.1325
1.085625
1.02625
0.965
0.94375
0.92
0.934375
0.95875
0.975
0.974375
0.92
0.8675
0.8125
0.83625
0.94625
1.0625
1.210625
1.25125
1.195
1.120625
1.02375
1.001875
1.015
1.048125
1.089375
1.105625
1.123125
1.11
1.080625
1.03
0.981875
0.965625
0.94125
0.925625
0.899375
0.87
0.86875
0.895
0.948125
1.01875
1.068125
1.100625
1.1475
1.1225
1.125625
1.12125
1.02625
0.99125
0.98
0.97625
1.05
1.118125
1.129375
1.143125
1.140625
1.13
1.08875
1.020625
0.94625
0.879375
0.85875
0.874375
0.915625
0.943125
0.99125
1.029375
1.00625
1.006875
0.98
0.958125
0.994375
1.034375
1.070625
1.0825
1.094375
1.0475
1.02
1.0475
1.028125
1.08375
1.139375
1.13875
1.18375
1.15375
1.11625
1.089375
1.026875
0.99
0.953125
0.9225
0.92125
0.931875
0.948125
0.995
1.010625
1.038125
1.090625
1.07625
1.090625
1.115
1.0675
1.1175
1.17125
1.170625
1.21
1.14875
1.0625
1.0075
0.933125
0.90375
0.896875
0.900625
0.9675
1.00875
1.018125
1.058125
1.008125
1.018125
1.073125
1.02625
1.026875
0.960625
0.91
0.943125
0.97625
1.050625
1.04625
0.998125
0.96
0.906875
0.89375
0.905625
0.89375
0.875
0.846875
0.874375
0.935
1.0225
1.13625
1.14125
1.106875
1.049375
0.958125
0.95125
0.989375
1.01125
1.05
1.02
0.964375
0.929375
0.911875
0.94625
0.98
1.015
1.0025
0.944375
0.85625
0.8075
0.813125
0.8675
0.9925
1.059375
1.089375
1.123125
1.078125
1.03125
1.046875
1.015
1.03125
1.069375
1.025
0.9925
0.961875
0.94125
0.97
1.0225
1.03875
1.054375
1.019375
0.969375
0.946875
0.91875
0.954375
1.0
1.05125
1.080625
1.040625
0.97625
0.89375
0.829375
0.813125
0.83125
0.8575
0.87125
0.864375
0.831875
0.801875
0.8025
0.835625
0.916875
1.01625
1.09625
1.158125
1.13
1.0825
1.025625
0.965
1.004375
1.034375
1.06125
1.079375
1.0475
1.035625
1.03875
1.069375
1.06
1.03875
1.02625
0.98875
0.9925
1.005625
0.996875
1.00375
1.010625
0.99125
1.009375
1.05125
1.129375
1.22625
1.278125
1.2375
1.1275
1.01625
0.923125
0.95125
0.993125
1.05375
1.124375
1.101875
1.11
1.1
1.071875
1.07625
1.065625
1.054375
1.099375
1.139375
1.2025
1.25875
1.229375
1.205
1.13
1.0625
1.02
0.975
0.95
0.9275
0.919375
0.9325
0.965
0.97375
0.980625
0.95125
0.925
0.92
0.963125
1.043125
1.148125
1.273125
1.3
1.289375
1.2025
1.084375
1.005625
0.934375
0.87875
0.846875
0.845
0.861875
0.96375
1.053125
1.11625
1.17125
1.124375
1.05625
1.001875
0.94875
0.975625
1.0325
1.07375
1.1125
1.07375
1.028125
1.0025
0.959375
0.959375
0.968125
0.955
0.96
0.94125
0.916875
0.9125
0.91875
0.9775
1.014375
1.041875
1.07125
1.02125
0.978125
0.925
0.8975
0.915
0.951875
1.000625
0.971875
0.9825
0.985625
1.003125
1.041875
1.003125
0.960625
0.895
0.866875
0.88625
0.925625
1.010625
1.079375
1.15125
1.1775
1.115625
1.05125
0.979375
0.954375
1.028125
1.12
1.200625
1.261875
1.211875
1.125625
1.06875
1.001875
1.043125
1.09875
1.115
1.14125
1.086875
1.04
1.009375
0.99125
1.0075
1.02
1.00375
0.99125
0.996875
1.0
1.055
1.055625
1.03
0.988125
0.919375
0.915625
0.944375
1.013125
1.076875
1.085625
1.035625
0.94125
0.846875
0.779375
0.75625
0.775625
0.84125
0.908125
0.956875
1.0275
1.023125
1.080625
1.1325
1.11125
1.166875
1.123125
1.1225
1.12625
1.05125
0.990625
0.87375
0.84375
0.871875
0.98375
1.16625
1.24125
1.3375
1.331875
1.258125
1.240625
1.150625
1.084375
1.045
0.989375
0.966875
0.95875
0.948125
0.934375
0.914375
0.94375
0.970625
1.030625
1.13375
1.165
1.20125
1.213125
1.168125
1.15125
1.129375
1.101875
1.071875
1.01625
0.970625
0.920625
0.89625
0.9075
0.90375
0.914375
0.90875
0.9075
0.91625
0.949375
1.00625
1.03875
1.0475
1.014375
0.95875
0.9025
0.878125
0.8675
0.878125
0.9075
0.9125
0.948125
0.994375
1.0175
1.0775
1.08
1.04125
1.015
0.955
0.925625
0.956875
0.988125
1.0175
1.093125
1.1075
1.130625
1.195625
1.1725
1.154375
1.108125
1.003125
0.94625
0.91125
0.896875
0.915
0.935625
0.9825
1.055
1.1225
1.160625
1.1075
0.999375
0.91625
0.854375
0.849375
0.9175
0.9625
0.994375
1.050625
1.018125
1.0075
1.023125
1.019375
1.056875
1.048125
1.040625
1.00875
1.02
1.03625
0.990625
0.98875
0.935625
0.901875
0.93625
0.925625
0.898125
0.8925
0.86125
0.8925
0.9625
1.008125
1.05625
1.0275
0.985625
0.938125
0.8825
0.86125
0.850625
0.864375
0.901875
0.971875
1.055
1.11375
1.13
1.111875
1.0325
0.96
0.93625
0.955
1.050625
1.156875
1.22
1.1975
1.096875
0.97875
0.940625
0.94875
1.059375
1.16875
1.169375
1.180625
1.08875
1.015625
1.005
0.968125
0.96375
0.99
1.00125
1.05125
1.144375
1.1475
1.171875
1.15375
1.095625
1.09875
1.066875
1.055625
1.010625
0.934375
0.861875
0.83
0.859375
0.935625
1.034375
1.051875
1.0475
0.989375
0.92875
0.97
1.05
1.15375
1.2425
1.2225
1.115625
1.0525
1.015625
1.01625
1.073125
1.071875
1.01375
0.976875
0.931875
0.943125
1.011875
1.078125
1.146875
1.176875
1.19
1.185
1.165
1.1075
1.035625
1.008125
1.043125
1.103125
1.165
1.16
1.055
0.964375
0.88125
0.82
0.82625
0.83875
0.86625
0.913125
0.935
0.95125
0.966875
0.98625
0.99375
0.99875
1.008125
1.005
1.04875
1.13
1.168125
1.184375
1.173125
1.124375
1.109375
1.175625
1.214375
1.205
1.169375
1.025
0.9275
0.878125
0.86875
0.918125
0.94
0.97
0.980625
0.984375
1.005625
1.02125
1.074375
1.1225
1.15875
1.19125
1.145
1.14125
1.1425
1.14625
1.1975
1.148125
1.0975
1.043125
0.97375
1.01
1.020625
1.054375
1.076875
1.010625
0.989375
0.9475
0.96375
1.041875
1.081875
1.14125
1.143125
1.13625
1.205625
1.205625
1.2025
1.183125
1.0725
1.024375
0.994375
0.97125
0.973125
0.950625
0.943125
0.936875
0.94625
0.9675
0.9775
1.0025
1.003125
1.00375
1.020625
1.00125
1.005
1.018125
1.009375
1.020625
1.045
1.06
1.068125
1.08
1.0325
1.00375
0.975625
0.96
1.003125
0.989375
1.00625
0.988125
0.991875
1.093125
1.1575
1.241875
1.26375
1.17625
1.1275
1.07625
1.02625
1.07625
1.1025
1.108125
1.13375
1.109375
1.0875
1.10125
1.12375
1.10875
1.075
1.038125
1.009375
1.005625
1.03125
1.04375
1.005625
0.97125
0.924375
0.870625
0.8625
0.884375
0.899375
0.91375
0.92125
0.883125
0.875
0.89625
0.9075
1.005
1.11875
1.205
1.28375
1.263125
1.1675
1.09625
1.0475
1.0325
1.05125
1.035625
1.01
0.989375
0.97625
0.983125
0.9925
0.99125
0.98375
0.99
0.99125
1.01375
1.030625
1.0025
0.984375
0.951875
0.916875
0.91375
0.935625
0.95
0.99375
1.035
0.985
0.955
0.905
0.8525
0.89625
0.97
1.0475
1.14125
1.18125
1.1425
1.1
1.033125
0.98
0.963125
0.939375
0.94375
0.94125
0.9425
0.95
0.94125
0.941875
0.96
0.99
1.0
1.018125
0.9975
0.968125
0.956875
0.92
0.89625
0.86
0.83375
0.84375
0.85875
0.89625
0.91375
0.893125
0.884375
0.87125
0.879375
0.96625
1.050625
1.12125
1.19125
1.17
1.13625
1.098125
1.09
1.108125
1.12875
1.173125
1.116875
1.055625
1.02125
0.953125
0.986875
1.039375
1.035
1.095
1.093125
1.085625
1.12125
1.11
1.118125
1.16125
1.199375
1.2125
1.20875
1.14625
1.094375
1.07125
1.088125
1.099375
1.07125
1.05125
1.009375
1.005
1.02375
1.024375
1.02125
0.983125
0.94625
0.931875
0.901875
0.920625
0.943125
0.92875
0.935625
0.896875
0.853125
0.845625
0.85625
0.906875
0.9575
0.99625
1.0325
1.05125
1.0625
1.104375
1.11125
1.12375
1.123125
1.11125
1.12375
1.100625
1.12125
1.06375
0.99125
0.970625
0.905
0.916875
0.939375
0.92625
0.954375
0.96375
0.969375
0.99875
1.01125
1.0225
1.07375
1.1025
1.105625
1.0925
0.981875
0.9
0.87
0.86625
0.94
0.99125
0.995625
0.9825
0.950625
0.94
0.935625
0.94875
0.98625
1.0075
1.086875
1.1575
1.198125
1.2225
1.16625
1.11
1.04875
1.04125
1.08625
1.149375
1.193125
1.13875
1.039375
0.934375
0.88375
0.914375
1.015
1.085
1.10625
1.08625
0.99875
0.90625
0.850625
0.860625
0.8975
0.980625
1.063125
1.0575
1.03875
0.97375
0.893125
0.864375
0.894375
0.968125
1.0275
1.078125
1.04875
0.99875
0.985
0.971875
0.961875
0.9425
0.884375
0.835
0.813125
0.8125
0.83375
0.853125
0.914375
0.95125
1.00625
1.0475
1.030625
1.055
1.0425
1.075
1.12375
1.133125
1.16875
1.115625
1.06625
1.021875
0.970625
0.969375
0.9425
0.92125
0.886875
0.9025
0.951875
0.989375
1.0575
1.015
0.979375
0.965
0.92125
0.94875
0.94125
0.925625
0.97
1.021875
1.10125
1.16875
1.1275
1.0625
1.0275
0.99375
1.04
1.0975
1.0775
1.088125
1.075
1.050625
1.041875
1.016875
0.984375
0.945
0.97125
0.985
1.02125
1.088125
1.065
1.07375
1.059375
1.02625
1.05125
1.0175
1.0425
1.0525
1.041875
1.094375
1.06125
1.054375
1.083125
1.045
1.031875
1.008125
0.949375
0.950625
0.965
0.979375
1.041875
1.08
1.145625
1.21125
1.198125
1.1875
1.121875
1.044375
1.004375
0.95625
0.924375
0.91375
0.904375
0.890625
0.8875
0.865
0.845
0.860625
0.8975
0.935625
0.989375
1.041875
1.073125
1.11
1.109375
1.04375
0.978125
0.9375
0.915
0.954375
0.981875
0.9775
0.964375
0.935
0.91875
0.94125
0.98625
1.0275
1.115625
1.146875
1.165625
1.1925
1.13125
1.098125
1.043125
0.9975
0.98375
0.97
1.0
0.970625
0.9975
1.03375
1.025
1.076875
1.021875
0.9575
0.936875
0.90125
0.945625
0.99
1.01375
1.041875
1.03625
1.030625
1.02625
1.008125
1.03125
1.094375
1.145625
1.18375
1.165
1.0475
0.94
0.87
0.84
0.8775
0.925625
0.936875
0.915
0.87375
0.814375
0.7975
0.823125
0.870625
0.924375
0.9525
0.959375
1.004375
1.05125
1.100625
1.138125
1.08625
1.044375
1.005
0.994375
1.02625
1.05625
1.08375
1.086875
1.064375
1.028125
0.98125
0.944375
0.97
0.979375
0.986875
0.98125
0.9575
0.97375
1.025625
1.0775
1.08875
1.081875
1.049375
1.024375
1.01875
1.054375
1.09125
1.134375
1.138125
1.060625
0.986875
0.93125
0.93375
0.97875
1.02125
1.02125
1.005
0.9825
0.966875
0.99375
0.99375
0.99875
0.97875
0.925
0.92
0.91375
0.938125
0.993125
1.011875
1.033125
1.02
0.980625
0.94375
0.8825
0.84375
0.853125
0.930625
1.089375
1.25625
1.36375
1.3625
1.263125
1.144375
1.025625
1.006875
1.028125
1.080625
1.15125
1.134375
1.11625
1.08
1.069375
1.074375
1.079375
1.079375
1.01125
0.9625
0.91125
0.870625
0.894375
0.94375
0.995625
1.03125
1.04375
1.030625
1.02
1.009375
1.02125
1.039375
1.031875
1.043125
1.015625
0.96125
0.9425
0.93125
0.92
0.9425
0.960625
0.98
1.039375
1.079375
1.11875
1.1
1.05875
1.065625
1.0975
1.175
1.2425
1.2575
1.191875
1.11
1.04125
0.9575
0.921875
0.936875
0.960625
1.01375
1.075
1.055
1.03
1.025625
1.013125
1.040625
1.056875
1.040625
1.024375
1.009375
1.005
1.0
0.985625
0.948125
0.900625
0.87375
0.8575
0.88625
0.9575
1.02125
1.094375
1.131875
1.091875
1.058125
1.01
0.965625
0.9425
0.903125
0.85875
0.844375
0.87
0.914375
0.9675
0.998125
1.00625
1.00375
1.03
1.05875
1.08625
1.11375
1.09375
1.06
1.01125
0.94125
0.910625
0.910625
0.965625
1.08125
1.135
1.143125
1.086875
1.010625
0.98625
0.988125
1.025
1.005
0.97625
0.959375
0.941875
0.959375
0.985625
1.01125
1.024375
1.04125
1.035625
1.044375
1.058125
1.069375
1.141875
1.1575
1.160625
1.14625
1.0425
0.980625
0.949375
0.945625
0.981875
1.00875
0.999375
0.98125
0.9875
1.0325
1.09625
1.161875
1.159375
1.080625
1.010625
0.9375
0.935625
0.96875
0.984375
1.01875
1.009375
1.0025
1.011875
0.9875
1.00625
1.004375
0.984375
1.02875
1.018125
1.028125
1.06625
1.035
1.020625
1.035
1.04375
1.075625
1.13125
1.15125
1.13
1.066875
1.0075
0.95375
0.938125
0.971875
1.02125
1.070625
1.099375
1.11
1.03
0.9925
0.97625
0.99
1.071875
1.0725
1.05375
1.01
0.96625
0.97
0.9925
1.01875
1.038125
1.0325
1.008125
0.975625
0.936875
0.906875
0.895625
0.883125
0.86625
0.875625
0.86625
0.8875
0.925
0.938125
0.97125
0.96
0.95
0.9575
0.934375
0.9575
0.963125
0.955625
1.01125
1.019375
1.0275
1.038125
0.98125
0.99125
1.0175
1.04625
1.089375
1.070625
1.08375
1.091875
1.12125
1.1675
1.124375
1.065
0.993125
0.905625
0.879375
0.893125
0.9
0.944375
0.976875
0.985625
1.029375
1.05625
1.081875
1.15
1.17375
1.195
1.1975
1.1275
1.08125
1.0225
0.98375
0.9725
0.928125
0.8875
0.868125
0.8325
0.845625
0.89375
0.91
0.96875
0.984375
0.965
0.95625
0.905
0.89625
0.87875
0.859375
0.870625
0.858125
0.9025
0.96125
1.040625
1.125
1.139375
1.14125
1.070625
0.985
0.9425
0.905625
0.925
0.966875
0.98375
0.968125
0.928125
0.859375
0.794375
0.75625
0.72875
0.74125
0.7625
0.82125
0.90125
0.95625
1.0325
1.07125
1.065625
1.065
1.041875
0.98125
0.963125
0.924375
0.904375
0.9325
0.923125
0.96
0.960625
0.99875
1.076875
1.1
1.15
1.111875
1.030625
0.979375
0.89
0.839375
0.819375
0.824375
0.87125
0.90125
0.921875
0.91
0.8775
0.86375
0.840625
0.8125
0.8025
0.81875
0.84125
0.861875
0.874375
0.851875
0.854375
0.88
0.915
0.93625
0.925625
0.93875
0.94125
0.979375
1.0775
1.14125
1.2025
1.265625
1.24
1.1925
1.15
1.084375
1.0575
1.05
1.015625
1.0075
0.99
0.9775
1.00125
0.9875
0.99375
1.015625
1.038125
1.081875
1.120625
1.120625
1.085
1.02375
0.95
0.878125
0.841875
0.848125
0.86125
0.9325
0.999375
1.038125
1.075625
1.071875
1.06
1.056875
1.05625
1.059375
1.065
1.08875
1.100625
1.081875
1.048125
0.988125
0.988125
1.033125
1.101875
1.1975
1.224375
1.20625
1.175625
1.131875
1.0775
1.1125
1.13
1.1175
1.1225
1.0075
0.9325
0.881875
0.865625
0.91875
0.938125
0.96
0.96
0.959375
0.973125
0.983125
1.00125
1.01
1.015
1.02125
0.989375
0.965625
0.95375
0.959375
1.0075
1.020625
1.015625
0.95375
0.87875
0.83
0.7975
0.849375
0.951875
1.073125
1.165625
1.169375
1.07375
0.940625
0.869375
0.841875
0.891875
1.0025
1.05375
1.125625
1.13
1.050625
1.026875
0.960625
0.935625
0.966875
0.923125
0.924375
0.94375
0.96
0.990625
1.035625
1.059375
1.0725
1.12
1.10875
1.08875
1.0475
0.99625
0.9875
0.98875
1.03125
1.080625
1.06875
1.069375
1.029375
0.98375
0.9575
0.8975
0.87875
0.834375
0.823125
0.851875
0.84
0.874375
0.904375
0.915625
1.005625
1.11
1.230625
1.331875
1.336875
1.271875
1.160625
1.078125
1.049375
1.025
1.02
1.005625
0.94625
0.915
0.89375
0.8725
0.88875
0.944375
0.985
1.01375
1.025625
0.979375
0.921875
0.905625
0.906875
0.926875
0.97625
0.9875
0.98125
0.9775
0.951875
0.93875
0.923125
0.88375
0.853125
0.808125
0.7825
0.799375
0.8325
0.884375
0.9275
0.946875
0.963125
0.97
0.988125
1.00875
0.996875
0.9875
0.973125
0.94875
0.968125
1.010625
1.046875
1.110625
1.1525
1.148125
1.13875
1.103125
1.065
1.0275
0.9925
0.945625
0.9025
0.901875
0.89375
0.9525
0.99875
1.02125
1.044375
0.975
0.935
0.921875
0.93625
1.02125
1.08125
1.100625
1.084375
1.04
0.99125
0.95875
0.96125
0.97
1.0025
1.045625
1.0625
1.083125
1.109375
1.10875
1.15125
1.18
1.15125
1.135
1.06125
1.019375
1.038125
1.043125
1.0725
1.06125
1.0075
0.97125
0.93375
0.885625
0.858125
0.83
0.798125
0.814375
0.875
0.96375
1.0575
1.151875
1.178125
1.16875
1.198125
1.17125
1.176875
1.190625
1.126875
1.099375
1.074375
1.056875
1.055625
1.05125
1.0075
0.93875
0.91
0.8825
0.875
0.91375
0.935
1.005625
1.10625
1.159375
1.2125
1.200625
1.165
1.148125
1.1675
1.196875
1.23
1.264375
1.2225
1.2075
1.19
1.17
1.211875
1.171875
1.135625
1.140625
1.079375
1.09
1.094375
0.999375
0.95625
0.91125
0.8725
0.9025
0.97375
1.035625
1.09625
1.135625
1.085
1.055
1.0225
1.044375
1.126875
1.166875
1.209375
1.2075
1.183125
1.1625
1.140625
1.141875
1.12875
1.145
1.1575
1.11625
1.12875
1.119375
1.115
1.138125
1.07375
1.018125
0.96125
0.888125
0.87375
0.863125
0.8525
0.880625
0.8825
0.92
0.9975
1.0575
1.16125
1.19875
1.155
1.115
1.019375
0.943125
0.949375
0.939375
0.999375
1.090625
1.090625
1.120625
1.09
1.0375
1.035
1.0475
1.0625
1.07375
1.103125
1.06125
1.058125
1.068125
1.051875
1.091875
1.106875
1.123125
1.171875
1.183125
1.198125
1.2025
1.139375
1.089375
1.080625
1.053125
1.0775
1.098125
1.016875
0.955625
0.898125
0.86
0.893125
0.92375
0.979375
1.0175
1.045
1.054375
0.985
0.924375
0.855
0.826875
0.820625
0.81375
0.853125
0.868125
0.9025
0.959375
0.939375
0.93
0.921875
0.88
0.89
0.875625
0.869375
0.865625
0.8575
0.86375
0.860625
0.893125
0.92
0.936875
0.96375
0.935
0.90375
0.898125
0.8825
0.920625
0.9375
0.956875
0.97625
0.96875
0.993125
0.995625
0.9775
0.95375
0.919375
0.87875
0.881875
0.893125
0.920625
0.976875
0.986875
0.98625
0.96375
0.918125
0.91875
0.939375
0.955
0.9675
0.93375
0.89
0.855625
0.83875
0.846875
0.85625
0.8575
0.850625
0.860625
0.881875
0.93375
0.985625
0.998125
0.995
0.968125
0.94375
0.959375
0.9825
1.0325
1.08
1.108125
1.154375
1.153125
1.149375
1.155
1.133125
1.1575
1.183125
1.1725
1.13875
1.036875
0.9375
0.863125
0.83
0.8625
0.93375
1.00875
1.059375
1.089375
1.02
0.97
0.96
0.958125
1.025625
1.050625
1.06875
1.078125
1.076875
1.105625
1.113125
1.10375
1.08625
1.07
1.01625
0.98
0.97125
0.95125
1.00625
1.0525
1.059375
1.05875
0.9725
0.895
0.8575
0.82
0.8375
0.87625
0.899375
0.94
0.95625
0.940625
0.9175
0.896875
0.92
0.961875
1.033125
1.094375
1.120625
1.14125
1.114375
1.075625
1.046875
1.003125
0.959375
0.934375
0.926875
0.940625
0.996875
1.045
1.0475
1.04125
1.020625
0.990625
0.995625
0.991875
0.995
1.019375
1.034375
1.05875
1.049375
1.0175
0.990625
0.964375
0.96125
0.966875
0.965
0.948125
0.905625
0.8775
0.835625
0.85375
0.915625
0.96375
1.048125
1.063125
1.036875
1.010625
0.94625
0.90375
0.905
0.8975
0.920625
0.945
0.93375
0.95
1.003125
1.04625
1.101875
1.140625
1.09375
1.048125
1.004375
0.9325
0.885625
0.86875
0.858125
0.894375
0.96125
0.985625
1.009375
1.00375
0.961875
0.95
0.925625
0.901875
0.896875
0.894375
0.896875
0.926875
0.98625
1.051875
1.135625
1.205
1.21375
1.18625
1.111875
1.03375
0.9975
0.971875
0.985625
0.996875
0.97375
0.95875
0.9225
0.88875
0.891875
0.91125
0.92875
0.938125
0.940625
0.9
0.916875
0.940625
0.983125
1.061875
1.049375
1.0875
1.056875
1.02875
1.07
1.024375
1.03125
1.0425
1.019375
1.023125
1.028125
0.998125
1.01375
1.046875
1.0925
1.156875
1.2025
1.245
1.2425
1.2425
1.189375
1.12
1.07
1.023125
1.019375
1.038125
1.049375
1.028125
0.995625
0.955625
0.943125
0.98375
1.0275
1.06875
1.063125
1.02375
0.986875
0.9375
0.940625
0.99125
1.044375
1.10125
1.14125
1.1025
1.04875
1.025
0.9875
1.011875
1.049375
1.0425
1.045625
0.993125
0.97
0.97
1.005
1.0725
1.108125
1.14375
1.08125
1.029375
0.94125
0.864375
0.90875
0.9425
1.03625
1.130625
1.1325
1.113125
1.071875
1.01625
0.986875
0.99875
1.008125
1.011875
1.043125
1.055625
1.071875
1.106875
1.103125
1.095625
1.085625
1.04375
1.01375
0.98625
0.95
0.95625
0.965
0.97375
1.005
1.01375
1.02625
1.018125
0.985
0.991875
0.986875
1.0025
1.0325
0.963125
0.904375
0.8675
0.8275
0.846875
0.915625
0.96375
1.0625
1.184375
1.2075
1.229375
1.14125
1.010625
0.929375
0.825
0.803125
0.8225
0.8325
0.876875
0.8775
0.83875
0.828125
0.805625
0.824375
0.87125
0.901875
0.943125
0.9675
0.9825
1.0325
1.1125
1.18875
1.255
1.24375
1.16
1.056875
0.973125
0.9075
0.866875
0.8575
0.869375
0.904375
0.936875
0.948125
0.915625
0.881875
0.85875
0.856875
0.863125
0.89
0.905
0.909375
0.906875
0.885
0.8975
0.944375
1.015
1.081875
1.125625
1.09125
1.04375
1.0
0.95625
0.978125
1.0025
1.015625
1.034375
1.036875
1.038125
1.059375
1.075
1.058125
1.063125
1.058125
1.04375
1.083125
1.08375
1.083125
1.10125
1.124375
1.155625
1.18125
1.17
1.126875
1.074375
1.035625
1.05125
1.029375
1.0475
1.0625
1.033125
1.04
1.00375
0.969375
0.9625
0.974375
1.0275
1.056875
1.07875
1.063125
1.006875
0.9975
0.964375
0.9925
1.061875
1.07375
1.115625
1.068125
0.99875
0.958125
0.92
0.938125
0.9475
0.969375
1.01875
1.05
1.14125
1.21875
1.2175
1.23875
1.160625
1.0825
1.025625
0.94375
0.920625
0.9175
0.959375
1.02375
1.058125
1.045625
1.02375
0.973125
1.00375
1.053125
1.06375
1.114375
1.045
0.99375
0.964375
0.935625
0.9775
1.020625
1.10125
1.116875
1.119375
1.111875
1.008125
0.986875
1.0175
1.050625
1.151875
1.174375
1.114375
1.039375
0.963125
0.936875
0.96
0.9975
1.00875
1.03625
1.030625
1.039375
1.088125
1.09
1.108125
1.103125
1.07375
1.065625
1.0575
1.045
1.015625
0.975
0.92875
0.894375
0.889375
0.8825
0.88125
0.913125
0.944375
0.99
1.014375
0.97125
0.9375
0.960625
1.005
1.073125
1.1225
1.0625
1.0025
0.974375
0.951875
0.970625
1.015625
1.028125
1.018125
1.038125
1.01625
1.020625
1.034375
1.025625
1.0325
1.02375
1.025
1.004375
0.991875
0.953125
0.890625
0.875625
0.85125
0.85
0.87
0.861875
0.848125
0.840625
0.833125
0.80875
0.8075
0.8025
0.81875
0.869375
0.885625
0.90125
0.895625
0.865625
0.844375
0.865625
0.87625
0.906875
0.985
0.9825
1.00125
1.02
0.984375
0.996875
0.986875
0.96875
0.964375
0.969375
0.994375
1.016875
1.041875
1.021875
0.975625
0.91125
0.865625
0.868125
0.9
0.95125
1.005
1.025
1.05
1.094375
1.07875
1.125625
1.150625
1.155
1.204375
1.17125
1.13125
1.085625
1.03375
0.996875
0.96375
0.945625
0.92
0.903125
0.91625
0.92125
0.9325
0.96125
0.986875
1.003125
1.003125
0.985
0.91875
0.879375
0.868125
0.8775
0.925
0.948125
0.96875
1.005
1.053125
1.096875
1.135
1.1175
1.0625
1.01875
0.97
0.96
1.00625
1.065
1.12625
1.2175
1.209375
1.22625
1.243125
1.17
1.168125
1.109375
1.040625
1.0125
0.98375
0.99375
1.02375
1.10125
1.1875
1.214375
1.239375
1.231875
1.176875
1.161875
1.1225
1.06125
1.04
1.02125
1.016875
1.02875
1.02
1.005
1.001875
0.990625
0.986875
1.028125
1.059375
1.090625
1.13625
1.140625
1.16375
1.21125
1.225
1.19875
1.126875
1.033125
0.978125
0.95375
0.983125
1.016875
1.034375
1.05
1.01875
0.96875
0.93625
0.96
0.98625
1.031875
1.03
0.950625
0.898125
0.846875
0.825
0.835625
0.854375
0.8725
0.918125
0.973125
0.983125
1.0325
1.01625
0.98
0.98125
0.913125
0.90875
0.915
0.901875
0.91875
0.883125
0.8475
0.864375
0.889375
0.94
1.04
1.0625
1.05875
1.0775
1.014375
0.98625
0.97375
0.918125
0.86875
0.830625
0.856875
0.904375
0.9775
1.044375
1.028125
1.033125
1.056875
1.0575
1.063125
1.02625
0.97125
0.92375
0.88875
0.875
0.843125
0.82
0.7825
0.75375
0.76125
0.780625
0.818125
0.864375
0.8925
0.910625
0.929375
0.90375
0.8575
0.811875
0.791875
0.799375
0.87375
0.945
0.96375
0.98125
0.946875
0.905
0.89875
0.91125
0.935
0.98875
1.023125
1.03125
0.990625
0.928125
0.87625
0.823125
0.834375
0.828125
0.82125
0.823125
0.781875
0.759375
0.754375
0.759375
0.78625
0.821875
0.8225
0.814375
0.81625
0.8
0.82
0.829375
0.836875
0.874375
0.9175
0.980625
1.0175
1.0325
0.976875
0.91125
0.864375
0.8
0.795625
0.78125
0.78375
0.82375
0.83875
0.864375
0.87625
0.869375
0.895625
0.930625
0.94
0.93
0.87625
0.80375
0.75375
0.72375
0.715625
0.716875
0.7175
0.7175
0.718125
0.718125
0.715
0.729375
0.77
0.811875
0.86
0.9
0.895625
0.88875
0.888125
0.894375
0.908125
0.925625
0.924375
0.863125
0.82125
0.7775
0.761875
0.849375
0.929375
1.026875
1.08625
1.026875
0.951875
0.860625
0.78875
0.785625
0.80875
0.80875
0.818125
0.80625
0.79
0.798125
0.805625
0.836875
0.86375
0.91
0.929375
0.945625
0.954375
0.92
0.904375
0.88
0.841875
0.825
0.818125
0.79375
0.7975
0.800625
0.781875
0.79
0.78625
0.805
0.845
0.86625
0.87875
0.865625
0.859375
0.859375
0.87
0.888125
0.889375
0.89625
0.9025
0.905
0.880625
0.89375
0.90625
0.8975
0.913125
0.849375
0.845625
0.8625
0.883125
0.9825
0.98375
0.995625
1.005
0.956875
0.9275
0.89625
0.928125
0.955
1.001875
1.02125
0.92
0.854375
0.8075
0.78125
0.8325
0.85875
0.846875
0.83375
0.801875
0.78125
0.799375
0.8175
0.825625
0.838125
0.811875
0.80375
0.79375
0.79
0.815625
0.805625
0.81
0.8225
0.815
0.821875
0.826875
0.7875
0.768125
0.755
0.74125
0.754375
0.745
0.730625
0.735
0.739375
0.785625
0.853125
0.883125
0.930625
0.920625
0.87375
0.845625
0.793125
0.78
0.804375
0.82875
0.86
0.870625
0.84125
0.833125
0.82375
0.82375
0.870625
0.875
0.898125
0.920625
0.910625
0.91875
0.8825
0.85625
0.835625
0.83
0.849375
0.871875
0.873125
0.851875
0.834375
0.783125
0.7625
0.7525
0.749375
0.7675
0.76625
0.76625
0.76625
0.776875
0.798125
0.828125
0.831875
0.814375
0.79625
0.801875
0.824375
0.884375
0.95375
0.956875
0.960625
0.91
0.861875
0.835
0.818125
0.82875
0.816875
0.8275
0.84
0.873125
0.904375
0.91375
0.89
0.845625
0.824375
0.81375
0.824375
0.83625
0.85
0.885
0.92875
1.00875
1.055
1.05875
1.0625
0.969375
0.915
0.881875
0.833125
0.84375
0.819375
0.795
0.77625
0.7675
0.77625
0.781875
0.78875
0.774375
0.770625
0.7725
0.78625
0.8225
0.875
0.946875
0.98375
1.02125
0.994375
0.924375
0.879375
0.80125
0.781875
0.78375
0.783125
0.8125
0.79875
0.811875
0.82625
0.823125
0.86375
0.909375
0.9525
1.004375
1.02375
0.97125
0.9225
0.895
0.885
0.89625
0.925625
0.923125
0.905
0.925625
0.915625
0.926875
0.965
0.9725
1.04
1.075625
1.063125
1.095
1.04
1.003125
1.02625
0.99375
0.988125
1.031875
1.01875
1.025
1.041875
0.97875
0.953125
0.921875
0.878125
0.85875
0.835625
0.81
0.82
0.84875
0.870625
0.903125
0.89125
0.880625
0.861875
0.851875
0.8725
0.873125
0.883125
0.875
0.85875
0.838125
0.826875
0.83625
0.83375
0.8575
0.869375
0.859375
0.86875
0.853125
0.85625
0.89625
0.929375
0.999375
1.033125
1.025
1.013125
0.976875
0.958125
0.964375
0.990625
1.016875
1.044375
1.039375
1.01625
0.993125
0.96125
0.993125
1.015625
1.038125
1.078125
1.038125
0.999375
0.960625
0.90625
0.8925
0.874375
0.835
0.813125
0.799375
0.844375
0.92
0.963125
1.008125
0.960625
0.894375
0.871875
0.876875
0.95125
1.0525
1.131875
1.1325
1.11125
1.081875
1.09
1.11875
1.151875
1.148125
1.056875
1.005625
0.9325
0.8875
0.905
0.89125
0.88125
0.88125
0.86875
0.87875
0.90125
0.92375
0.935625
0.935625
0.99625
1.025
1.053125
1.070625
0.968125
0.8975
0.87625
0.855
0.91375
0.9775
0.983125
1.020625
1.026875
1.0
0.975
0.918125
0.901875
0.89375
0.915
0.9575
0.9575
1.006875
1.03375
1.0875
1.1375
1.116875
1.125625
1.038125
0.9775
0.96
0.928125
0.96375
0.978125
0.97625
0.94875
0.9125
0.885625
0.8625
0.86125
0.8725
0.875625
0.86125
0.8475
0.8
0.788125
0.79375
0.798125
0.850625
0.869375
0.93125
0.99375
1.029375
1.05375
0.991875
0.951875
0.885
0.836875
0.869375
0.87625
0.920625
0.975625
0.955
0.979375
0.9825
0.985625
1.04625
1.024375
1.01125
0.96625
0.883125
0.85
0.838125
0.85625
0.9025
0.940625
0.96875
0.99
0.990625
0.9825
0.9475
0.9375
0.94
0.931875
0.975
0.95375
0.990625
1.04625
1.05125
1.115
1.0875
1.11875
1.158125
1.181875
1.210625
1.121875
1.02375
0.914375
0.83125
0.805
0.81875
0.84375
0.869375
0.91625
0.930625
0.9325
0.9525
0.935625
0.945625
0.9425
0.900625
0.87625
0.82625
0.794375
0.78625
0.799375
0.813125
0.851875
0.8875
0.889375
0.918125
0.92875
0.959375
1.020625
1.0475
1.063125
1.06
1.049375
1.063125
1.10625
1.12625
1.125
1.123125
1.0925
1.105625
1.100625
1.099375
1.085
1.045
1.035
1.035
1.031875
1.015
1.01625
0.95875
0.9475
0.95375
0.940625
0.94375
0.9225
0.9225
0.9225
0.94375
0.986875
1.00875
1.033125
1.055625
1.034375
0.991875
0.934375
0.89
0.843125
0.815625
0.791875
0.7475
0.730625
0.735
0.806875
0.89875
0.998125
1.060625
1.04875
1.036875
1.025
1.039375
1.065625
1.07875
1.08625
1.095
1.095
1.089375
1.050625
1.001875
0.9475
0.911875
0.9275
0.943125
0.988125
1.00125
0.97
0.93875
0.8975
0.89625
0.9425
0.98875
1.0125
0.996875
0.955625
0.916875
0.91
0.93625
0.9525
0.96375
0.97125
0.965
0.95
0.958125
0.963125
0.986875
1.03875
1.048125
1.05375
1.03375
0.99125
0.979375
0.9675
0.9625
1.031875
1.0925
1.13
1.190625
1.156875
1.1075
1.091875
1.03625
1.024375
1.03875
1.05125
1.06
1.0375
1.009375
0.97625
0.984375
1.01625
1.038125
1.061875
1.065
1.04125
1.01
0.96375
0.9225
0.9275
0.975625
1.036875
1.099375
1.1375
1.124375
1.096875
1.064375
1.0125
0.961875
0.92
0.860625
0.83125
0.865
0.950625
1.044375
1.116875
1.1225
1.04625
0.9975
0.985
0.994375
1.019375
1.04625
1.0275
1.0
0.996875
0.946875
0.976875
1.034375
1.074375
1.1275
1.07375
0.995
0.943125
0.926875
0.966875
0.995625
1.03875
1.050625
1.056875
1.108125
1.079375
1.109375
1.135625
1.118125
1.175625
1.134375
1.074375
1.031875
0.98375
0.993125
1.04125
1.099375
1.0975
1.068125
1.03875
1.000625
0.98125
1.004375
1.00875
1.000625
1.011875
1.018125
0.995625
0.985
0.984375
0.9475
0.956875
0.975
0.99625
1.033125
1.04625
1.04875
1.055
1.06625
1.085
1.105
1.08875
1.075625
1.0575
1.048125
1.051875
1.044375
1.060625
1.060625
1.056875
1.04625
1.036875
1.026875
1.024375
1.06875
1.070625
1.080625
1.1075
1.0675
1.0325
1.008125
0.978125
0.97875
0.995625
0.9775
0.95875
0.941875
0.9125
0.910625
0.901875
0.895
0.913125
0.946875
0.971875
1.003125
1.059375
1.136875
1.2125
1.260625
1.221875
1.105625
1.0
0.933125
0.94375
0.989375
1.025
1.031875
0.990625
0.933125
0.90625
0.938125
0.99125
1.07375
1.124375
1.125625
1.128125
1.12
1.1225
1.0875
1.025625
0.96375
0.888125
0.855
0.886875
0.966875
1.09
1.219375
1.329375
1.39125
1.41625
1.391875
1.284375
1.11625
0.945625
0.8225
0.785625
0.810625
0.845625
0.88875
0.905
0.92
0.9525
0.95875
1.0075
1.055
1.085
1.14375
1.12125
1.11125
1.073125
0.986875
0.924375
0.884375
0.8725
0.879375
0.93
0.925
0.930625
0.985
1.03
1.075625
1.101875
1.086875
1.01
0.991875
0.980625
0.973125
1.051875
1.081875
1.141875
1.179375
1.1575
1.12
1.086875
1.0525
1.025625
1.045
0.97125
0.9225
0.900625
0.859375
0.889375
0.915625
0.909375
0.903125
0.89875
0.916875
0.961875
1.025625
1.055625
1.06125
1.09375
1.096875
1.131875
1.159375
1.09
1.024375
0.935625
0.935625
0.935625
0.935625
