1.099375
1.099375
1.099375
1.099375
1.174375
1.18625
1.12875
1.0675
1.005625
0.975625
0.979375
0.9675
0.983125
1.036875
1.09125
1.149375
1.135
1.054375
0.9675
0.890625
0.863125
0.85875
0.8475
0.858125
0.884375
0.923125
0.98875
1.03
1.030625
1.0175
1.003125
1.025
1.05125
1.088125
1.1
1.033125
1.006875
0.965
0.9225
0.93875
0.904375
0.88375
0.865
0.838125
0.866875
0.8925
0.944375
0.979375
0.95
0.94
0.905625
0.885625
0.9175
0.92875
0.93625
0.929375
0.915625
0.926875
0.95125
1.000625
1.010625
0.98
0.940625
0.91875
0.935625
0.966875
1.02875
1.041875
1.075
1.1125
1.124375
1.141875
1.128125
1.1
1.059375
1.0575
1.024375
1.02
1.044375
0.998125
0.970625
0.96
0.918125
0.940625
0.985
0.954375
0.97375
0.983125
0.990625
1.073125
1.0925
1.07125
1.03625
0.93875
0.869375
0.84125
0.82125
0.845
0.871875
0.868125
0.853125
0.81375
0.80375
0.8325
0.8825
0.979375
1.029375
1.068125
1.0925
1.039375
0.988125
0.9075
0.84125
0.855625
0.900625
0.9825
1.02875
1.03
1.026875
1.036875
1.090625
1.155625
1.204375
1.224375
1.21875
1.183125
1.126875
1.04375
0.9525
0.915
0.90125
0.906875
0.928125
0.888125
0.8525
0.824375
0.808125
0.858125
0.9325
1.014375
1.111875
1.145625
1.124375
1.125
1.053125
1.0425
1.06875
1.063125
1.133125
1.134375
1.11375
1.0525
0.95875
0.93875
0.96875
1.041875
1.09625
1.103125
1.050625
0.995625
0.955
0.945
0.986875
1.034375
1.075
1.06125
0.974375
0.914375
0.865625
0.850625
0.8875
0.88
0.88375
0.9375
1.019375
1.134375
1.225625
1.26875
1.2425
1.175625
1.124375
1.026875
0.9575
0.931875
0.9
0.960625
1.009375
1.013125
1.04875
0.995
0.98125
0.995
0.96375
0.989375
1.005625
1.046875
1.10875
1.175625
1.2175
1.183125
1.144375
1.060625
0.968125
0.924375
0.8925
0.875625
0.9125
0.95875
0.98875
1.031875
1.005
0.954375
0.89875
0.841875
0.85625
0.89375
0.935
0.9875
0.985625
0.979375
0.98625
0.961875
0.95
0.931875
0.890625
0.87875
0.86375
0.8325
0.828125
0.856875
0.904375
1.003125
1.090625
1.10125
1.095
1.035
0.99375
0.984375
1.010625
1.048125
1.0525
1.065
1.02875
0.991875
0.99875
0.9825
0.993125
1.01375
0.961875
0.9375
0.906875
0.88625
0.915
0.96875
1.036875
1.09875
1.145625
1.124375
1.050625
0.9675
0.93625
0.948125
1.00625
1.044375
1.00625
0.964375
0.93
0.924375
0.95625
0.959375
0.946875
0.934375
0.94875
0.989375
1.013125
1.03
1.015625
0.9925
0.995625
1.011875
0.975
0.933125
0.870625
0.828125
0.846875
0.891875
0.949375
0.946875
0.935
0.89875
0.87875
0.870625
0.91
0.964375
0.995
1.05375
1.06625
1.07125
1.073125
1.06375
1.025
0.998125
0.991875
0.985625
0.99
0.964375
0.924375
0.8875
0.87125
0.8625
0.850625
0.835625
0.821875
0.819375
0.818125
0.804375
0.7825
0.76
0.7475
0.758125
0.788125
0.8175
0.84
0.858125
0.895625
0.93375
0.975625
1.01125
0.965
0.9625
0.955
0.930625
0.985
0.951875
0.925
0.9275
0.871875
0.876875
0.86875
0.83875
0.86625
0.876875
0.904375
0.953125
0.97625
0.98375
0.99375
0.99375
0.974375
0.981875
0.971875
0.96
0.945625
0.916875
0.911875
0.900625
0.905
0.946875
0.95625
0.97375
0.991875
0.9425
0.926875
0.91375
0.914375
0.954375
0.989375
1.031875
1.0525
1.066875
1.086875
1.0675
1.054375
1.025625
0.95
0.913125
0.908125
0.916875
0.938125
0.945
0.894375
0.844375
0.855
0.86875
0.94
1.045625
1.06375
1.075625
1.030625
0.938125
0.8925
0.853125
0.865625
0.89625
0.9375
0.97375
0.97875
1.005625
1.005
1.028125
1.085625
1.074375
1.08875
1.0675
0.97875
0.933125
0.86375
0.82625
0.82625
0.82625
0.844375
0.83375
0.829375
0.821875
0.83
0.85375
0.880625
0.91375
0.895
0.880625
0.86
0.834375
0.846875
0.85625
0.865625
0.865625
0.865625
0.865625
