156.11875
156.11875
156.11875
156.11875
154.225
149.3375
147.3625
147.725
144.49375
142.01875
144.28125
147.26875
156.25625
165.29375
164.6
164.79375
155.1125
145.5125
140.90625
131.7
131.46875
135.06875
138.66875
148.24375
149.75
139.85625
133.13125
125.20625
120.625
124.15
126.0125
119.88125
116.6125
113.34375
105.95625
104.775
103.5375
104.2
105.4125
111.025
114.06875
117.29375
120.9375
121.9875
124.05
123.5625
128.425
128.1875
129.6125
136.05625
145.58125
158.9375
172.6375
180.025
176.76875
174.2625
169.2625
161.625
157.7
149.18125
143.46875
146.55625
149.59375
160.7125
166.9375
170.56875
168.09375
159.0375
150.475
135.5125
134.95625
136.54375
147.8
163.46875
173.41875
179.90625
171.825
162.49375
146.91875
141.45
146.13125
153.85625
165.4375
161.44375
156.25
149.9125
145.04375
157.3625
164.49375
175.28125
180.2
172.66875
167.5375
158.28125
153.7
154.4
154.29375
147.98125
141.11875
128.1
119.69375
122.23125
129.44375
142.7625
151.65625
154.525
146.7875
134.86875
123.38125
114.15
112.55625
119.975
132.98125
140.34375
144.84375
140.38125
125.21875
121.19375
120.03125
124.38125
139.0125
145.7125
152.35625
156.24375
160.23125
163.03125
159.75
154.68125
141.175
136.8375
143.50625
149.625
161.74375
161.66875
153.80625
149.1125
145.4875
148.08125
153.65
161.6375
163.6625
165.15
169.34375
165.55625
165.01875
165.76875
159.89375
157.31875
155.28125
146.9625
136.99375
126.55625
111.875
100.54375
90.95625
89.56875
92.14375
106.85625
126.96875
136.38125
147.34375
141.3
131.0
125.1
120.325
121.16875
123.4
128.4375
127.41875
130.525
133.4375
133.65
136.80625
135.7625
137.65
141.25625
149.81875
160.31875
164.58125
165.73125
158.70625
149.1
144.28125
142.0375
144.80625
149.29375
150.81875
150.71875
148.9875
147.6875
146.4375
144.0375
140.16875
134.39375
134.7875
135.8375
139.8625
144.60625
144.275
145.60625
142.85625
140.5125
135.71875
125.28125
121.8375
120.9
127.3
145.15
156.79375
167.14375
175.375
175.68125
175.00625
173.34375
160.65625
152.2375
149.73125
151.4375
163.54375
170.975
168.64375
157.94375
147.7
137.21875
138.1875
140.525
140.93125
143.375
139.70625
140.14375
140.5875
142.75
147.5125
154.225
164.45625
172.54375
179.225
180.9125
170.15
160.025
150.00625
138.74375
138.9875
137.0875
135.29375
141.21875
146.05625
155.96875
169.025
174.1
176.0625
172.0625
163.3875
159.11875
152.43125
149.74375
146.65625
141.79375
143.80625
142.70625
144.91875
146.38125
143.19375
138.6625
131.05
120.825
116.85625
116.3125
120.71875
133.8125
140.34375
150.6875
151.25625
148.73125
143.31875
131.85
127.05625
114.33125
111.275
112.525
116.325
132.7625
137.56875
139.725
138.35
130.83125
136.25
142.33125
148.4875
152.68125
150.76875
148.19375
146.45
146.49375
145.81875
144.85625
148.30625
157.54375
164.425
170.28125
169.7375
156.61875
144.9375
134.525
125.91875
122.29375
123.28125
129.41875
135.89375
147.0875
156.79375
157.13125
154.00625
146.24375
135.0125
132.96875
134.24375
142.21875
153.575
158.53125
162.91875
157.78125
151.3875
146.8
145.75
147.38125
143.9375
137.70625
127.16875
120.5625
124.9
135.15
144.525
154.45
156.38125
152.53125
151.35
144.75
135.51875
131.2625
124.01875
120.88125
126.5625
128.4375
137.64375
148.8
155.55625
165.625
168.875
164.325
157.18125
149.68125
143.175
141.4125
142.24375
140.1375
139.5875
139.95
138.50625
133.5375
127.95
116.44375
112.95
116.5125
117.05625
132.90625
137.775
140.3875
145.65625
131.8375
124.275
118.74375
118.125
130.16875
140.73125
145.75
139.8125
134.33125
127.36875
124.1125
137.65
142.4875
148.9875
153.84375
144.0125
135.125
130.65
134.1375
137.41875
147.3375
146.2
136.40625
139.60625
139.20625
143.625
148.3
141.99375
135.88125
133.3125
134.63125
133.9375
133.58125
135.74375
138.3625
146.38125
149.325
143.175
136.85625
126.73125
126.08125
134.7625
139.60625
150.16875
153.0625
153.10625
156.68125
156.5125
162.20625
164.2875
164.58125
168.025
168.39375
172.33125
172.86875
171.28125
166.675
158.5625
152.85
150.94375
155.16875
158.8
166.025
163.56875
151.84375
142.18125
126.95625
118.9
122.49375
126.3625
136.50625
146.925
149.975
155.2875
155.3625
151.9125
153.11875
150.8
149.21875
151.20625
148.29375
148.575
151.35
152.54375
158.93125
160.2625
157.38125
149.275
137.9
136.63125
141.725
154.7875
169.99375
169.625
162.1
153.4125
134.8125
126.8875
127.34375
123.2375
133.55625
139.7125
143.20625
150.425
148.3375
149.7625
144.35625
133.5625
124.06875
117.91875
117.78125
122.0625
132.6875
132.33125
131.425
132.325
127.08125
131.49375
134.61875
138.86875
146.1125
146.2
146.93125
142.075
132.90625
127.7
124.425
130.31875
137.15
146.6375
149.45625
145.7625
150.35625
153.54375
164.91875
169.3125
169.71875
163.94375
154.18125
158.38125
156.15
156.95
161.5375
155.2875
151.89375
154.95625
151.51875
151.9375
153.5
151.75625
155.0875
159.84375
165.8875
172.4375
174.0375
170.9625
163.29375
147.18125
139.0125
135.91875
137.6125
145.48125
143.53125
135.01875
126.85
125.35625
131.83125
145.125
153.6625
153.06875
146.29375
139.775
136.1875
140.45625
148.3625
153.9125
161.10625
156.64375
154.2125
155.99375
161.275
177.15
188.58125
189.30625
176.29375
159.24375
143.7125
132.35625
131.4
124.19375
117.45625
116.11875
109.26875
113.3625
122.00625
126.8625
141.725
147.1125
143.59375
138.71875
126.59375
122.11875
123.10625
125.91875
124.33125
121.31875
117.2
115.025
118.2
118.29375
115.475
107.6375
104.6125
104.79375
107.8875
117.64375
121.2875
121.8125
126.7375
129.8125
136.025
142.44375
141.49375
136.15
126.70625
116.69375
111.13125
110.2875
114.91875
121.675
126.95
126.7125
125.025
127.81875
132.4375
142.40625
149.1875
151.23125
151.1125
154.34375
160.425
166.3625
172.975
174.59375
171.5375
168.43125
160.25
149.1375
138.10625
120.96875
108.56875
101.7125
98.28125
107.7875
119.375
123.93125
130.0375
124.5125
116.4375
117.18125
120.51875
132.01875
145.18125
151.35
148.34375
140.86875
135.825
135.825
135.825
135.825
