128.0125
128.0125
128.0125
128.0125
122.625
127.5375
135.69375
144.81875
155.8125
157.61875
151.01875
139.5625
125.64375
119.5
116.3875
117.1625
119.94375
117.86875
122.76875
128.71875
139.9125
145.86875
142.18125
134.98125
118.96875
110.64375
104.04375
103.975
111.95625
122.91875
140.3875
150.025
155.75625
151.08125
139.5
132.7875
122.91875
120.475
117.10625
114.225
113.275
112.55
119.65625
122.1625
129.91875
137.11875
131.20625
132.23125
129.6625
126.4875
132.93125
131.81875
126.46875
122.86875
119.61875
121.33125
129.86875
130.35625
127.30625
122.5875
109.8875
107.85
109.35
109.475
114.44375
114.3875
115.31875
120.8125
126.30625
128.2375
124.75625
121.25625
123.15
131.08125
141.66875
143.6625
137.725
124.55
111.375
104.71875
96.2625
100.8875
108.03125
118.175
138.8625
148.03125
155.08125
158.75
155.8125
153.1875
152.15625
150.225
147.76875
152.3875
153.01875
154.30625
154.1625
147.29375
143.0875
139.125
136.4125
137.40625
132.3375
120.5625
109.95625
96.14375
92.45
101.40625
112.3375
125.96875
128.66875
125.59375
123.16875
117.475
119.46875
122.2375
116.1125
116.0
114.8
107.59375
106.59375
101.74375
99.50625
99.9125
106.525
115.85625
123.10625
136.85625
138.19375
136.0125
131.98125
123.4875
128.075
131.925
137.7625
143.8625
138.9375
137.98125
136.34375
131.75625
131.11875
128.6125
122.5875
121.5375
123.04375
127.20625
134.50625
135.19375
134.96875
132.35
132.75
137.475
137.71875
139.69375
135.73125
138.4875
142.86875
137.05625
137.08125
125.70625
117.15625
122.75
125.025
134.40625
140.50625
138.00625
133.3875
130.50625
128.075
133.2125
140.30625
136.41875
142.15
137.29375
131.75625
131.93125
118.89375
117.20625
118.46875
120.8375
131.90625
133.98125
132.64375
132.3125
124.70625
121.74375
125.33125
130.66875
138.18125
140.34375
131.3375
117.96875
104.1375
97.03125
99.5375
106.4875
121.25625
130.31875
135.33125
136.5375
125.85625
118.18125
115.06875
108.9
111.9625
123.25625
130.63125
141.33125
151.78125
149.7
142.95
142.95
142.95
142.95
