4.14375
4.14375
4.14375
4.14375
4.4
4.44375
4.2625
4.44375
4.4125
4.275
3.9125
3.1875
2.5875
2.13125
1.95
1.95625
2.2375
2.7
3.3125
3.9125
4.10625
4.11875
3.90625
3.70625
3.69375
3.79375
3.69375
3.54375
3.33125
2.7125
2.54375
2.81875
3.15625
3.96875
4.66875
4.55625
4.625
4.25
3.6125
3.64375
3.49375
3.60625
3.93125
3.75
3.59375
3.88125
4.05
4.475
4.8
4.68125
4.41875
4.19375
4.10625
3.775
3.65
3.8375
3.8875
3.98125
4.475
4.2125
4.1125
4.65625
4.6375
5.41875
5.9
5.49375
5.0
3.85625
3.1
3.23125
3.60625
4.3
4.6375
4.125
3.60625
2.8375
2.15625
2.21875
2.5375
2.9875
3.71875
4.025
3.875
3.7875
3.54375
3.54375
3.95625
4.50625
4.86875
4.825
4.575
4.025
3.5875
3.46875
3.10625
2.93125
3.075
3.15
3.61875
4.4125
4.6375
4.68125
4.575
3.925
3.8125
3.88125
4.01875
4.3375
4.40625
4.8375
4.98125
4.90625
4.625
3.98125
3.59375
3.4625
3.71875
3.79375
3.83125
3.83125
3.6125
3.575
3.68125
3.9375
4.09375
4.025
3.78125
3.41875
3.55
3.90625
4.1375
4.1625
3.43125
3.10625
2.98125
3.16875
3.8
3.95625
4.18125
4.13125
4.14375
4.04375
3.68125
3.45625
3.0125
2.93125
3.21875
3.68125
4.25625
4.5625
4.43125
3.95
3.475
2.8
2.38125
2.375
2.50625
3.0125
3.63125
3.725
3.44375
3.06875
2.35625
1.98125
1.925
1.825
1.9125
1.9
1.79375
1.75
1.91875
2.54375
3.35625
4.2
4.8
4.6375
4.06875
3.5625
3.11875
2.94375
2.95625
2.93125
2.84375
3.10625
3.4875
3.98125
4.325
4.36875
4.69375
4.4375
4.40625
4.5125
4.25625
4.61875
5.04375
5.3
5.30625
5.025
4.53125
3.93125
3.41875
2.975
2.8375
2.88125
3.43125
4.0875
4.3375
4.725
4.65625
4.40625
4.3625
3.9875
3.54375
3.2125
2.84375
2.70625
2.75
2.575
2.39375
2.525
2.76875
3.4875
4.44375
4.975
5.43125
5.6625
5.7
5.6625
5.4375
4.7
4.2125
4.08125
4.34375
5.25
5.6875
5.69375
5.50625
5.00625
4.54375
4.3
3.66875
3.325
3.41875
3.375
3.7125
4.05625
3.84375
3.7625
3.81875
3.29375
3.15
3.19375
2.875
3.175
3.39375
3.43125
3.65
3.43125
3.2125
2.925
2.81875
2.93125
3.1875
3.1875
3.1875
3.1875
