0.108125
0.108125
0.108125
0.108125
0.1775
0.175625
0.12125
0.0725
-0.0025
-0.05
-0.068125
-0.094375
-0.08375
-0.075625
-0.086875
-0.09625
-0.113125
-0.1425
-0.12875
-0.115
-0.101875
-0.06875
-0.071875
-0.073125
-0.101875
-0.110625
-0.09875
-0.068125
0.01375
0.06
0.1
0.121875
0.110625
0.115625
0.120625
0.085625
0.05125
0.000625
-0.06375
-0.0825
-0.094375
-0.098125
-0.055
-0.028125
0.013125
0.054375
0.0525
0.06875
0.064375
0.068125
0.060625
0.04125
0.028125
-0.016875
-0.04
-0.0425
-0.043125
-0.004375
0.056875
0.080625
0.100625
0.105
0.086875
0.0875
0.09
0.075625
-0.001875
-0.079375
-0.150625
-0.208125
-0.17375
-0.11
-0.031875
0.0775
0.155625
0.179375
0.174375
0.10625
0.0375
-0.00625
-0.06875
-0.08875
-0.078125
-0.08
-0.02
0.03625
0.025
0.03875
-0.01
-0.059375
-0.056875
-0.069375
-0.05875
-0.0575
-0.0725
-0.086875
-0.09
-0.0825
-0.07125
-0.05875
-0.03625
-0.030625
-0.026875
-0.0175
-0.051875
-0.06625
-0.086875
-0.09
-0.03125
0.02
0.0775
0.09
0.040625
-0.008125
-0.061875
-0.0975
-0.114375
-0.14
-0.15375
-0.13625
-0.09625
-0.035625
0.008125
0.004375
-0.015625
-0.04875
-0.0575
-0.083125
-0.0925
-0.085625
-0.095
-0.03125
0.00375
0.0225
0.03875
0.019375
0.014375
0.01
0.001875
0.008125
0.011875
-0.0225
-0.03625
-0.08125
-0.12375
-0.106875
-0.138125
-0.135625
-0.130625
-0.121875
-0.044375
0.024375
0.113125
0.176875
0.205625
0.22625
0.20375
0.15375
0.1325
0.08625
0.08625
0.08625
0.08625
