0.26
0.26
0.26
0.26
0.3125
0.29125
0.31875
0.260625
0.13
0.033125
-0.04
-0.023125
0.065
0.145625
0.21
0.185625
0.14
0.1375
0.0875
0.125
0.18375
0.15875
0.160625
0.11875
0.06625
0.10125
0.145
0.18875
0.24125
0.213125
0.229375
0.204375
0.170625
0.15
0.04125
-0.035
-0.07
-0.020625
0.07875
0.225
0.33
0.330625
0.32125
0.27375
0.22625
0.21625
0.239375
0.233125
0.18625
0.16
0.11625
0.0925
0.109375
0.111875
0.041875
0.031875
0.0625
0.08375
0.18625
0.193125
0.109375
0.03625
-0.061875
-0.115
-0.068125
-0.0225
0.071875
0.199375
0.231875
0.2825
0.28875
0.261875
0.285
0.271875
0.246875
0.19
0.124375
0.076875
0.009375
-0.02625
-0.058125
-0.09
-0.086875
-0.09
-0.094375
-0.105
-0.12875
-0.1525
-0.18625
-0.214375
-0.225625
-0.225
-0.2075
-0.18875
-0.174375
-0.165
-0.166875
-0.119375
-0.08375
-0.04875
0.0225
0.0025
0.030625
0.073125
0.05
0.0725
0.018125
-0.05875
-0.051875
-0.063125
-0.03625
-0.018125
-0.0975
-0.173125
-0.2425
-0.279375
-0.2425
-0.1775
-0.115625
-0.024375
0.0775
0.191875
0.34375
0.408125
0.393125
0.3475
0.22125
0.14
0.095625
0.063125
0.073125
0.076875
0.138125
0.1475
0.146875
0.181875
0.1225
0.093125
0.075
-0.006875
-0.041875
-0.061875
-0.088125
-0.03875
0.004375
0.0375
0.076875
0.03
-0.02
-0.065
-0.11875
-0.1275
-0.08
-0.033125
0.06375
0.1375
0.135625
0.145
0.069375
0.03
0.000625
-0.043125
-0.01875
-0.00875
0.058125
0.1275
0.145
0.16125
0.085625
-0.004375
-0.079375
-0.110625
-0.09125
-0.039375
0.021875
-0.01125
-0.035
-0.075625
-0.116875
-0.100625
-0.064375
-0.028125
0.001875
0.025
-0.013125
-0.05125
-0.073125
-0.09125
-0.0775
-0.070625
-0.07875
-0.090625
-0.1
-0.095625
-0.09125
-0.090625
-0.09125
-0.09875
-0.095
-0.08625
-0.08875
-0.0875
-0.0925
-0.068125
0.01625
0.136875
0.30125
0.396875
0.40125
0.321875
0.19875
0.16375
0.155
0.19125
0.1875
0.093125
0.029375
-0.043125
-0.07625
-0.08875
-0.116875
-0.1275
-0.146875
-0.14625
-0.155625
-0.18
-0.18875
-0.18125
-0.1575
-0.12375
-0.0525
0.046875
0.134375
0.256875
0.291875
0.2325
0.216875
0.100625
0.015625
-0.019375
-0.136875
-0.176875
-0.189375
-0.2025
-0.16
-0.14125
-0.131875
-0.111875
-0.09375
-0.061875
-0.035625
0.009375
0.080625
0.13875
0.196875
0.198125
0.128125
0.05375
-0.035
-0.111875
-0.16125
-0.189375
-0.19
-0.118125
-0.045
0.0275
0.08
0.03125
-0.020625
-0.08
-0.08875
-0.0475
0.0525
0.1425
0.13875
0.12625
0.033125
-0.048125
-0.073125
-0.050625
-0.013125
0.016875
0.084375
0.064375
0.11
0.2025
0.2075
0.25625
0.226875
0.15375
0.118125
0.114375
0.1375
0.12375
0.1225
0.0575
0.013125
-0.0075
-0.02625
-0.03
-0.0675
-0.079375
-0.06375
-0.0075
0.068125
0.11875
0.09
0.03
-0.04625
-0.10375
-0.115
-0.130625
-0.119375
-0.070625
-0.03375
0.034375
0.12375
0.128125
0.180625
0.250625
0.235
0.301875
0.341875
0.284375
0.2825
0.20375
0.0775
0.011875
-0.065
-0.070625
-0.045625
0.0025
0.10625
0.14875
0.186875
0.19875
0.116875
0.050625
0.003125
-0.03625
0.011875
0.045
0.059375
0.030625
-0.085625
-0.16625
-0.2375
-0.2325
-0.180625
-0.139375
-0.093125
-0.091875
-0.09
-0.0825
-0.071875
-0.054375
-0.048125
-0.0475
-0.058125
-0.06625
-0.058125
-0.055625
-0.05
-0.0425
-0.053125
-0.058125
-0.079375
-0.11375
-0.144375
-0.18125
-0.20625
-0.178125
-0.14375
-0.086875
-0.025625
-0.0525
-0.08625
-0.17
-0.266875
-0.32
-0.35125
-0.310625
-0.183125
-0.011875
0.134375
0.24125
0.274375
0.2225
0.179375
0.174375
0.119375
0.12125
0.133125
0.0675
0.04125
-0.025
-0.085
-0.099375
-0.0825
0.00875
0.074375
0.130625
0.145625
0.085
0.033125
-0.01
0.028125
0.091875
0.181875
0.25875
0.2375
0.198125
0.11
0.063125
0.04625
0.0475
0.051875
-0.014375
-0.028125
-0.041875
-0.015625
0.04875
-0.005625
-0.06625
-0.12125
-0.16625
-0.06375
0.05125
0.1175
0.17
0.113125
0.09375
0.13375
0.170625
0.235
0.211875
0.1025
0.010625
-0.07375
-0.070625
-0.01125
0.0775
0.21125
0.264375
0.300625
0.253125
0.124375
0.069375
0.038125
0.094375
0.2125
0.29375
0.345625
0.30375
0.188125
0.060625
-0.045625
-0.093125
-0.043125
0.030625
0.119375
0.240625
0.325
0.356875
0.3625
0.283125
0.191875
0.131875
0.07875
0.10125
0.08
0.068125
0.088125
0.044375
0.0475
0.056875
0.005625
-0.030625
-0.073125
-0.13875
-0.17875
-0.185
-0.144375
-0.02625
0.08875
0.230625
0.27875
0.22375
0.18125
0.05125
-0.0225
-0.06125
-0.106875
-0.105
-0.10125
-0.076875
-0.043125
-0.016875
-0.000625
0.0025
0.020625
0.04625
0.06125
0.113125
0.153125
0.18875
0.245625
0.25375
0.189375
0.12125
0.035625
-0.07625
-0.111875
-0.13875
-0.1425
-0.108125
-0.088125
-0.0575
-0.055625
-0.044375
0.009375
0.036875
0.088125
0.128125
0.074375
0.02875
-0.03
-0.08
-0.07375
-0.06125
-0.0375
-0.035625
-0.046875
-0.074375
-0.1225
-0.140625
-0.136875
-0.12
-0.0825
-0.068125
-0.083125
-0.088125
-0.101875
-0.124375
-0.108125
-0.1125
-0.121875
-0.114375
-0.143125
-0.151875
-0.148125
-0.144375
-0.14125
-0.14875
-0.1925
-0.21125
-0.20875
-0.20625
-0.140625
-0.10125
-0.071875
-0.0375
-0.045625
-0.07625
-0.08875
-0.10625
-0.09
-0.04
-0.016875
-0.00125
-0.02875
-0.055625
-0.0875
-0.105625
-0.110625
-0.08625
-0.033125
0.0225
0.09
0.075
0.033125
-0.01625
-0.028125
0.00125
0.04375
0.086875
0.08625
0.080625
0.0825
0.08
0.051875
0.039375
0.018125
-0.003125
-0.016875
-0.025
-0.02375
-0.018125
0.009375
0.011875
-0.008125
-0.02625
-0.081875
-0.141875
-0.188125
-0.23125
-0.223125
-0.200625
-0.170625
-0.110625
-0.02375
0.10125
0.263125
0.348125
0.365
0.295
0.14
0.02625
-0.04
-0.0375
-0.0025
0.033125
0.02
-0.0125
0.01375
0.068125
0.134375
0.16625
0.104375
-0.024375
-0.130625
-0.179375
-0.183125
-0.134375
-0.104375
-0.093125
-0.085
-0.11625
-0.14875
-0.18125
-0.193125
-0.159375
-0.104375
-0.055
-0.0425
-0.054375
-0.03875
-0.021875
0.006875
0.026875
-0.021875
-0.075
-0.10875
-0.11875
-0.055625
0.01125
0.05125
0.075
0.00625
-0.06875
-0.13
-0.196875
-0.2075
-0.2225
-0.228125
-0.188125
-0.17125
-0.10875
-0.05
-0.0375
0.0025
-0.011875
-0.04
-0.07
-0.11125
-0.131875
-0.145625
-0.14
-0.120625
-0.1325
-0.1425
-0.155625
-0.185625
-0.15625
-0.126875
-0.100625
-0.079375
-0.08
-0.08125
-0.091875
-0.08625
-0.091875
-0.10375
-0.068125
-0.009375
0.05125
0.130625
0.14125
0.088125
0.039375
-0.02
-0.0475
-0.00875
0.030625
0.063125
0.095
0.063125
0.015
-0.0275
-0.070625
-0.06625
-0.039375
-0.018125
-0.016875
-0.050625
-0.07875
-0.1175
-0.10125
-0.06375
-0.065625
0.00875
0.02875
0.0425
0.080625
-0.0025
-0.033125
-0.02875
-0.035
0.039375
0.04875
-0.005625
-0.03875
-0.088125
-0.105625
-0.088125
-0.06875
-0.076875
-0.0975
-0.12125
-0.16375
-0.178125
-0.1675
-0.153125
-0.133125
-0.10625
-0.093125
-0.0825
-0.070625
-0.085625
-0.115
-0.154375
-0.195625
-0.160625
-0.089375
0.035
0.18
0.264375
0.33125
0.30375
0.24125
0.153125
0.048125
-0.0175
-0.063125
-0.1075
-0.131875
-0.12875
-0.14375
-0.134375
-0.13125
-0.1425
-0.139375
-0.12625
-0.06875
0.015625
0.111875
0.1775
0.138125
0.0375
-0.07375
-0.144375
-0.1375
-0.09875
-0.086875
-0.099375
-0.135
-0.1775
-0.17125
-0.159375
-0.09125
-0.003125
0.048125
0.141875
0.141875
0.105625
0.0825
-0.026875
-0.026875
-0.026875
-0.026875
