0.59125
0.59125
0.59125
0.59125
0.419375
0.598125
0.814375
1.093125
1.23625
1.05375
0.905625
0.67125
0.5675
0.61125
0.595625
0.660625
0.680625
0.685625
0.759375
0.739375
0.74625
0.866875
0.94875
1.0975
1.19875
1.11
1.0125
0.891875
0.930625
1.086875
1.23125
1.36875
1.314375
1.244375
1.23375
1.169375
1.0525
0.96125
0.90125
0.87625
0.9925
1.109375
1.10625
1.09875
1.079375
0.931875
0.805
0.701875
0.578125
0.596875
0.63625
0.84875
1.046875
1.211875
1.394375
1.403125
1.37875
1.34
1.273125
1.0375
0.8825
0.69875
0.556875
0.5975
0.60125
0.623125
0.60375
0.619375
0.783125
0.94
1.115625
1.263125
1.091875
0.99125
0.873125
0.69375
0.7775
0.811875
1.0325
1.42
1.748125
2.051875
2.031875
1.8
1.595
1.378125
1.47125
1.56125
1.459375
1.40375
1.193125
1.13375
1.17125
1.29
1.268125
1.21
1.365
1.32625
1.483125
1.530625
1.318125
1.21875
1.15
1.181875
1.385
1.608125
1.57125
1.611875
1.434375
1.19625
1.22125
1.121875
1.13625
1.143125
1.146875
1.110625
1.089375
1.1825
1.049375
1.008125
1.125625
1.096875
1.198125
1.235
0.950625
0.776875
0.59125
0.456875
0.655
0.745625
0.8775
1.165
1.16
1.33
1.524375
1.55375
1.695
1.78
1.7825
1.640625
1.5025
1.201875
1.091875
1.214375
1.33
1.506875
1.42625
1.228125
1.16
1.288125
1.454375
1.65
1.789375
1.61125
1.56375
1.545625
1.33875
1.299375
1.22375
1.089375
1.05125
1.176875
1.210625
1.22375
1.273125
0.98375
0.775625
0.646875
0.630625
0.806875
0.9625
1.04
0.955
1.008125
1.12125
1.331875
1.69875
1.906875
2.06
2.270625
2.20125
1.9825
1.684375
1.12875
0.835
0.7375
0.884375
1.2075
1.528125
1.83125
1.843125
1.79
1.4825
1.22625
1.04875
0.92625
0.966875
0.8025
0.733125
0.63375
0.62875
0.701875
0.741875
0.8225
0.82125
0.98625
1.09375
1.230625
1.284375
1.27625
1.325625
1.239375
1.328125
1.360625
1.368125
1.44875
1.35125
1.08875
0.988125
0.9625
1.01125
1.235
1.133125
1.07
0.9875
0.9175
1.110625
1.1975
1.47375
1.86
2.076875
2.158125
1.900625
1.345625
0.901875
0.578125
0.51625
0.629375
0.849375
1.23625
1.620625
1.99875
2.06375
1.979375
1.6975
1.4775
1.455625
1.344375
1.305625
1.135625
1.00875
0.9
0.830625
0.80375
0.71125
0.69875
0.75875
1.01625
1.27375
1.553125
1.6875
1.503125
1.230625
1.0375
0.916875
0.92
1.099375
1.166875
1.234375
1.3325
1.349375
1.2
1.046875
0.953125
0.8525
0.915625
0.97125
0.876875
0.725625
0.745625
0.76875
0.903125
1.0975
1.123125
1.275
1.531875
1.861875
2.036875
2.005625
1.7125
1.40125
1.259375
1.195
1.228125
1.20125
1.149375
1.094375
1.166875
1.066875
0.984375
0.99875
0.85875
0.89875
0.901875
0.85125
0.968125
1.074375
1.273125
1.49875
1.438125
1.558125
1.615625
1.490625
1.545625
1.24875
0.9125
0.66
0.39625
0.485
0.6525
0.87625
1.12875
1.1175
1.0275
0.92375
0.796875
0.843125
1.08
1.471875
1.88875
2.079375
1.9525
1.49625
1.085
0.869375
0.874375
1.063125
1.131875
1.090625
0.951875
0.8175
0.695
0.6825
0.7275
0.75875
0.80375
0.735
0.680625
0.7775
1.0675
1.560625
1.970625
2.055625
1.88625
1.5725
1.324375
1.249375
1.176875
0.953125
0.721875
0.496875
0.35
0.36125
0.52
0.70125
0.9825
1.235
1.18125
1.095625
0.819375
0.625
0.684375
0.835625
1.105625
1.421875
1.55125
1.4825
1.541875
1.409375
1.453125
1.6875
1.601875
1.601875
1.395625
1.05375
0.898125
0.676875
0.6625
0.84375
1.073125
1.519375
1.83
1.864375
1.7675
1.345
0.933125
0.648125
0.494375
0.523125
0.630625
0.73625
0.86375
1.005
1.23
1.620625
1.770625
1.874375
1.678125
1.32875
1.139375
1.086875
1.275625
1.291875
1.294375
1.085625
0.760625
0.60125
0.44875
0.49375
0.59125
0.69375
0.861875
0.81875
0.756875
0.70375
0.614375
0.67375
0.788125
0.973125
1.10625
1.180625
1.17625
1.011875
0.813125
0.640625
0.498125
0.516875
0.576875
0.64375
0.7525
0.86625
1.00625
1.12125
1.258125
1.135625
1.010625
0.9
0.66875
0.785
1.025625
1.27
1.565
1.6075
1.46125
1.318125
1.270625
1.225625
1.141875
1.02125
0.79375
0.711875
0.75
0.880625
1.149375
1.434375
1.820625
2.09
2.111875
1.874375
1.359375
0.929375
0.596875
0.611875
0.796875
1.086875
1.58875
1.91875
2.23625
2.251875
2.09375
1.875625
1.641875
1.59625
1.5525
1.490625
1.461875
1.386875
1.139375
0.98875
0.92625
0.924375
1.135625
1.286875
1.2475
1.21875
1.10875
1.189375
1.341875
1.378125
1.618125
1.555625
1.585625
1.67125
1.440625
1.514375
1.390625
1.280625
1.32875
1.089375
1.07375
1.075625
1.129375
1.305625
1.2375
1.1675
0.973125
0.790625
0.794375
0.80625
0.890625
1.12125
1.376875
1.546875
1.699375
1.53875
1.130625
0.958125
0.7825
0.78375
0.97125
0.81125
0.748125
0.83
0.96
1.4375
1.76625
1.775
1.67125
1.278125
0.928125
0.756875
0.620625
0.546875
0.53375
0.658125
0.86
1.198125
1.5075
1.533125
1.403125
1.106875
0.9275
0.839375
0.924375
1.135
1.08375
1.07875
0.9975
0.864375
0.85125
0.89
0.826875
0.773125
0.741875
0.633125
0.660625
0.655
0.6425
0.614375
0.591875
0.6025
0.671875
0.810625
0.819375
0.828125
0.695
0.495625
0.379375
0.258125
0.22
0.21
0.2
0.195
0.185
0.185
0.185
0.185
0.19
0.22625
0.2625
0.4725
0.7775
1.043125
1.345
1.299375
1.125625
1.005
0.848125
1.03875
1.241875
1.30625
1.370625
1.120625
1.02375
1.015625
0.98875
1.116875
0.98
0.885
0.874375
0.843125
0.944375
1.138125
1.219375
1.383125
1.524375
1.403125
1.335
1.1025
0.92125
0.861875
0.75375
0.751875
0.67875
0.74625
0.8925
1.06125
1.3625
1.42125
1.425
1.305
1.033125
0.820625
0.645625
0.59625
0.616875
0.755625
0.881875
1.00625
1.143125
1.17
1.260625
1.26375
1.18375
1.138125
0.94625
0.93375
1.158125
1.3475
1.619375
1.6075
1.28875
1.0525
0.761875
0.64125
0.64125
0.56625
0.5475
0.4875
0.415
0.456875
0.656875
0.901875
1.175
1.30875
1.140625
0.9275
0.701875
0.600625
0.596875
0.685
0.829375
0.835625
0.909375
0.848125
0.710625
0.645625
0.563125
0.6975
0.883125
1.04625
1.20375
1.04125
0.853125
0.735
0.585625
0.64125
0.684375
0.65125
0.639375
0.5575
0.51
0.51375
0.5025
0.565
0.5675
0.594375
0.6875
0.788125
0.93875
0.954375
0.89375
0.698125
0.52625
0.48375
0.45125
0.54625
0.5675
0.594375
0.6875
0.715625
0.82625
0.824375
0.74625
0.689375
0.5575
0.51
0.51375
0.5025
0.565
0.58625
0.631875
0.74375
0.790625
0.870625
0.838125
0.74
0.666875
0.595
0.6075
0.65
0.67
0.684375
0.64375
0.638125
0.7025
0.735625
0.829375
0.810625
0.715625
0.645625
0.563125
0.565
0.618125
0.65375
0.73125
0.75375
0.800625
0.9075
0.888125
0.929375
0.87375
0.746875
0.6925
0.589375
0.53625
0.534375
0.51
0.5525
0.556875
0.545
0.603125
0.59
0.65625
0.706875
0.68125
0.688125
0.63125
0.58375
0.565
0.52
0.540625
0.523125
0.575
0.7375
0.81375
0.9575
0.9625
0.8325
0.785
0.6975
0.69875
0.746875
0.6975
0.701875
0.648125
0.64125
0.74
0.75625
0.84125
0.81
0.725
0.675625
0.59625
0.74125
1.025
1.3125
1.611875
1.62375
1.376875
1.11125
0.84
0.665
0.656875
0.785
0.8925
1.030625
1.08125
0.904375
0.766875
0.676875
0.76625
0.999375
1.149375
1.26375
1.076875
0.848125
0.765625
0.651875
0.73125
0.808125
0.738125
0.693125
0.613125
0.5625
0.5825
0.58
0.6575
0.68
0.67875
0.788125
0.7625
0.7975
0.815
0.6975
0.645625
0.569375
0.698125
0.87375
1.068125
1.280625
1.183125
1.085625
0.928125
0.793125
0.75625
0.719375
0.77125
0.7525
0.794375
0.833125
0.818125
0.813125
0.795625
0.916875
1.044375
1.15375
1.2575
1.056875
0.876875
0.734375
0.560625
0.55
0.630625
0.76
0.925
1.129375
1.053125
0.969375
0.90375
0.90375
0.90375
0.90375
