-0.50875
-0.50875
-0.50875
-0.50875
-0.60875
-0.57875
-0.5075
-0.4
-0.37875
-0.3075
-0.12375
0.06875
0.42625
0.6125
0.48875
0.31625
-0.131875
-0.485
-0.663125
-0.7925
-0.75875
-0.70625
-0.600625
-0.54375
-0.374375
-0.23875
-0.13375
-0.019375
-0.19625
-0.23625
-0.3125
-0.240625
0.01625
0.038125
0.034375
-0.20375
-0.37375
-0.43375
-0.44875
-0.2175
-0.21625
-0.1575
-0.00625
-0.109375
0.084375
0.180625
0.25
0.36125
0.2075
0.14375
-0.101875
-0.305
-0.40125
-0.49625
-0.378125
-0.170625
0.036875
0.059375
-0.11375
-0.229375
-0.238125
0.078125
0.45875
0.57625
0.434375
-0.023125
-0.291875
-0.30625
-0.168125
0.22875
0.47125
0.600625
0.76625
0.64125
0.39625
0.033125
-0.4025
-0.541875
-0.544375
-0.42375
-0.2475
-0.220625
-0.2275
-0.2275
-0.085625
-0.069375
-0.03625
-0.046875
-0.36
-0.49875
-0.613125
-0.675625
-0.596875
-0.586875
-0.66
-0.773125
-0.89125
-0.975
-0.8475
-0.7
-0.5425
-0.33375
-0.37875
-0.40125
-0.44875
-0.604375
-0.67375
-0.674375
-0.635
-0.49875
-0.1875
0.051875
0.231875
0.371875
0.155625
-0.190625
-0.44625
-0.581875
-0.388125
-0.08375
0.1575
0.17
0.06875
-0.055625
-0.161875
-0.00875
0.03125
0.126875
0.205
-0.0125
-0.0425
-0.114375
-0.175
-0.083125
-0.195625
-0.295
-0.434375
-0.645625
-0.655
-0.694375
-0.6425
-0.48625
-0.50875
-0.4825
-0.42
-0.3975
-0.2875
-0.19625
-0.28375
-0.37125
-0.51
-0.66375
-0.77375
-0.88375
-0.80375
-0.594375
-0.28625
0.029375
0.269375
0.34625
0.480625
0.61125
0.524375
0.5275
0.32625
0.12125
0.02875
-0.21
-0.3775
-0.539375
-0.600625
-0.5775
-0.411875
-0.303125
-0.2775
-0.22375
-0.39875
-0.483125
-0.51875
-0.478125
-0.31
-0.13375
0.005
0.063125
0.0875
0.011875
-0.061875
-0.236875
-0.284375
-0.274375
-0.1475
0.07
0.01875
0.075625
-0.054375
-0.176875
-0.0025
-0.0575
0.10625
0.279375
0.22625
0.405625
0.245625
0.055625
-0.050625
-0.2925
-0.3325
-0.358125
-0.28875
-0.29875
-0.150625
0.115
0.215
0.41875
0.35375
0.019375
-0.26
-0.403125
-0.344375
-0.044375
0.286875
0.429375
0.40625
0.24875
0.0225
-0.2475
-0.349375
-0.40125
-0.371875
-0.241875
-0.299375
-0.355625
-0.368125
-0.39
-0.24375
0.005625
0.139375
0.2675
0.23
-0.0325
-0.235625
-0.345625
-0.273125
-0.058125
0.24625
0.33
0.27625
0.2725
0.015
-0.075
-0.053125
-0.084375
0.07625
0.2025
0.105
-0.028125
-0.106875
-0.225625
-0.135
-0.036875
-0.106875
-0.096875
-0.189375
-0.37375
-0.39
-0.421875
-0.4025
-0.279375
-0.408125
-0.465625
-0.363125
-0.171875
0.335625
0.6125
0.614375
0.42375
-0.043125
-0.335625
-0.518125
-0.44
-0.226875
-0.0775
0.084375
-0.0775
-0.174375
-0.246875
-0.21625
-0.03875
-0.025
-0.045625
-0.295
-0.506875
-0.64875
-0.710625
-0.555625
-0.325
-0.1025
0.08
0.08
0.08
0.08
