8.265
8.265
8.265
8.265
8.639375
8.7375
9.12875
8.978125
8.734375
7.90625
6.499375
5.685625
4.996875
4.64875
4.78
5.03375
5.56125
6.84375
8.045
8.966875
9.975625
10.3675
10.65375
10.788125
10.30625
9.545
8.678125
7.785
7.2725
7.106875
6.86625
6.8475
6.440625
5.56125
4.60375
3.3225
2.559375
2.353125
2.950625
3.90875
4.6575
5.5675
5.49625
5.26375
5.11375
4.315
3.92375
3.886875
3.995625
4.64125
5.488125
6.201875
6.491875
6.574375
6.340625
5.825625
5.535
5.1025
5.144375
5.4075
6.106875
6.95875
7.293125
7.1925
6.089375
5.131875
4.2175
3.93125
4.39375
4.840625
5.58125
5.904375
6.323125
6.466875
6.335625
6.348125
5.621875
5.32875
5.135625
4.9425
5.34
5.233125
5.481875
6.06125
6.84125
7.939375
8.706875
9.14375
8.919375
8.694375
8.19125
7.41
7.18375
6.386875
5.840625
5.744375
5.42375
5.649375
6.101875
6.028125
5.6
4.98875
4.0975
3.743125
3.82375
4.108125
4.435625
4.671875
5.10125
5.37625
5.55375
5.49625
4.940625
4.594375
4.383125
4.286875
4.55875
4.660625
4.79125
5.20375
5.279375
5.249375
5.243125
4.909375
4.775625
4.605625
4.474375
4.491875
4.495625
5.06875
5.7375
6.25125
6.978125
7.00625
6.516875
5.989375
5.2425
4.92375
5.22
5.594375
6.16875
6.599375
6.41875
6.294375
5.471875
4.649375
4.145
3.76875
4.228125
4.6875
5.5375
6.095625
6.335625
6.575625
6.09875
5.826875
5.394375
4.81375
4.7225
4.665625
4.718125
4.894375
4.91
4.975
5.278125
5.965
6.658125
6.95125
7.238125
6.86
6.6225
6.615
6.19625
6.494375
6.3925
6.215625
6.14125
5.655625
5.429375
5.3875
5.353125
4.935
4.491875
4.14125
4.00625
4.2025
4.395
4.428125
4.339375
4.5875
5.1775
5.74125
6.599375
7.325
7.44875
7.466875
7.3175
6.6325
6.240625
6.273125
6.093125
6.680625
7.26375
7.3675
7.68375
7.175625
6.72
6.28125
5.40125
4.9375
4.593125
4.35625
4.43
4.528125
4.33625
4.393125
4.609375
4.825625
4.945
4.871875
4.541875
4.19125
4.034375
4.15
4.351875
4.595
5.21375
5.116875
5.078125
4.9175
4.4025
4.308125
4.215625
4.790625
5.09875
5.490625
5.858125
5.659375
5.77
5.755625
6.03
5.738125
5.388125
5.535625
5.266875
5.838125
6.876875
7.475
8.09625
8.524375
8.500625
8.184375
8.204375
7.915
7.295625
7.26125
6.735625
6.443125
6.426875
5.653125
5.398125
5.13875
4.829375
5.01375
4.804375
4.465
4.280625
4.50375
4.661875
5.064375
5.64
5.29375
5.353125
5.644375
5.923125
6.7325
7.13625
7.299375
6.785625
6.23125
5.91875
5.015
4.829375
4.610625
4.785625
5.72
6.16125
6.816875
6.6
5.869375
5.39
4.56375
4.330625
4.459375
4.576875
5.144375
5.3825
5.4175
5.428125
5.301875
5.47
6.130625
7.12875
7.975
8.75
8.56875
7.89625
6.944375
5.941875
6.029375
6.05875
6.360625
6.45625
5.7275
5.50875
5.1425
5.18875
5.2275
5.073125
5.18375
5.215625
5.716875
6.056875
6.2325
5.991875
5.465
5.01875
4.904375
5.054375
5.411875
5.625625
5.666875
6.1975
7.008125
7.85375
8.26375
7.723125
6.313125
5.45125
4.919375
4.975
5.85
5.9125
6.199375
6.61625
6.571875
6.943125
6.57875
5.750625
4.8775
4.111875
4.144375
4.4625
4.788125
4.705
4.22875
3.588125
3.5775
3.905625
4.77625
5.911875
6.2825
6.9325
6.866875
6.65375
6.62625
5.88
5.21375
4.38375
3.823125
3.64625
4.1475
4.9625
5.593125
6.1525
5.78125
5.2025
4.881875
4.99
5.79
6.485
6.870625
6.528125
6.1575
6.3225
6.40875
7.293125
7.581875
7.03
6.98375
6.199375
5.70375
6.023125
5.99625
6.158125
6.42875
6.2775
6.08
6.151875
6.395625
6.55
6.9025
7.295
7.340625
7.568125
7.26
6.299375
5.72875
5.10375
5.034375
5.55375
5.76375
6.0325
5.900625
5.529375
5.06625
4.6925
4.77625
5.055625
5.6425
5.924375
5.9775
5.913125
5.75125
6.254375
6.490625
6.591875
6.8425
6.328125
6.148125
6.091875
5.7425
5.554375
5.32625
5.435625
5.71125
6.139375
6.771875
6.96375
7.095625
7.478125
7.32875
7.145625
6.9025
6.103125
5.84375
5.72125
5.325625
5.3125
4.8875
4.473125
4.45125
4.1525
3.921875
3.971875
3.99625
4.16625
4.9275
5.354375
5.71375
6.03375
5.586875
5.050625
4.4675
3.929375
3.738125
3.81
4.19875
4.6875
5.028125
5.20875
5.046875
4.96375
4.9675
4.9975
5.118125
4.959375
4.669375
4.60625
4.626875
5.22125
5.886875
6.459375
7.3475
7.305
7.329375
6.8675
5.543125
5.17625
4.7625
4.928125
5.58625
5.381875
5.366875
5.055
4.915
5.13125
5.110625
5.10625
4.811875
4.62625
4.549375
4.55375
4.75375
4.7375
4.798125
4.85875
4.684375
5.11
5.231875
5.35375
6.055625
6.2925
6.82375
7.540625
7.27625
6.7325
6.09375
5.2625
5.369375
5.59875
5.9325
6.094375
6.015
6.52875
6.731875
7.426875
7.49125
6.553125
5.895625
4.625
3.87125
3.970625
4.023125
4.3625
4.720625
4.52625
4.53625
4.559375
4.909375
5.790625
6.3125
7.19375
7.20375
7.2275
7.274375
6.63125
6.579375
5.783125
5.369375
5.7225
5.919375
6.635
6.794375
6.305625
5.921875
5.459375
5.65875
5.898125
5.98125
6.525625
6.200625
5.945625
6.0025
5.5175
5.551875
5.7375
5.7825
5.553125
5.305625
5.004375
4.555
4.759375
5.105
5.27875
5.441875
5.1025
4.420625
4.531875
4.83875
5.815
7.33625
8.08875
8.564375
8.49375
8.169375
7.663125
7.48875
7.085
6.283125
5.835625
5.085
5.11
5.33625
5.714375
6.520625
6.674375
6.8175
6.794375
6.153125
5.48375
5.018125
4.726875
4.87125
5.428125
6.16125
6.6675
6.976875
7.11375
7.078125
6.856875
6.5925
6.22375
5.2975
4.986875
5.43125
5.9275
6.841875
6.80625
5.941875
5.286875
4.710625
5.055
5.3375
5.463125
5.984375
6.08375
6.501875
7.0475
6.6875
6.195625
5.620625
4.584375
4.3725
4.398125
4.455
5.33125
5.741875
6.069375
6.453125
6.139375
6.038125
6.0025
6.35375
6.6925
6.59
6.548125
5.790625
5.20625
5.291875
5.68
6.190625
6.788125
6.7725
5.75625
5.040625
4.44875
4.306875
4.92
5.389375
5.526875
5.5525
5.4825
5.425625
6.00625
6.34875
6.755
7.04375
6.381875
5.898125
5.173125
4.93625
5.183125
5.480625
6.085625
6.155
6.434375
6.6125
6.425
6.24875
6.14375
5.9675
6.1775
6.66875
6.594375
6.988125
6.995625
6.684375
6.945625
6.4
6.121875
6.059375
5.710625
6.05875
6.45125
6.946875
7.4425
7.701875
7.649375
7.315625
6.981875
6.648125
6.581875
6.65625
6.730625
6.805
6.92375
7.0425
6.86875
6.5375
6.05
5.5625
5.508125
6.09875
6.764375
7.43
7.955
7.505
6.98
6.455
5.645625
5.81125
6.014375
6.09875
6.61125
6.424375
6.2375
6.169375
6.144375
6.064375
5.984375
5.904375
5.59125
5.7375
5.8025
5.98625
6.21625
6.54
7.144375
7.51125
7.578125
7.0725
6.286875
5.73875
5.790625
6.203125
6.605
6.769375
6.33375
5.743125
5.6275
5.55625
5.906875
6.630625
6.505625
6.940625
7.09625
6.47375
6.501875
5.608125
4.894375
4.740625
4.680625
5.493125
6.283125
7.1175
7.38
7.20625
7.4975
7.521875
7.645625
7.3175
6.524375
5.99
5.750625
6.03125
5.928125
5.765
5.431875
4.926875
4.724375
4.464375
4.5125
4.66625
4.925625
5.478125
6.0025
6.55875
6.98625
6.915625
6.1925
5.50375
4.976875
4.388125
4.46875
4.379375
4.72
5.379375
5.585625
6.049375
5.641875
5.085
5.036875
4.870625
5.03125
5.84125
6.1075
6.33625
6.850625
6.43625
6.4
6.09
5.763125
5.82
5.59875
5.65125
5.026875
4.334375
4.04125
3.748125
3.94875
4.56375
4.87125
5.36125
5.875
5.861875
5.811875
5.670625
5.568125
5.9325
6.32
6.525
6.825625
6.375
6.19125
6.19
5.72375
5.908125
5.700625
5.206875
5.045
4.87125
4.978125
5.7675
6.368125
6.900625
7.44
7.013125
7.080625
6.65875
6.020625
6.34
5.839375
5.67
6.100625
5.66875
5.97125
6.276875
5.63875
5.6625
5.24
5.3525
6.4225
6.868125
7.62125
7.59625
6.65625
6.0625
5.178125
4.495
4.248125
3.886875
4.166875
4.48125
4.901875
6.003125
6.0525
6.1475
6.18
5.434375
5.52875
5.65
5.908125
6.26
6.17875
6.134375
6.015
6.064375
6.18
6.626875
6.51625
6.250625
6.158125
5.298125
4.958125
4.7225
4.488125
4.809375
5.340625
5.776875
6.075
5.868125
5.19625
4.714375
4.29375
4.299375
4.454375
4.44625
4.590625
4.988125
5.316875
5.700625
5.741875
5.101875
4.525625
3.86125
3.741875
4.014375
4.808125
5.781875
6.065625
6.2925
6.040625
5.756875
5.754375
5.670625
5.203125
4.745625
4.37125
4.26375
4.45875
4.688125
5.12375
5.1675
5.37375
5.501875
5.49625
5.79875
5.918125
6.30375
6.68875
7.355625
8.22625
8.365625
7.833125
6.505625
5.354375
4.670625
5.119375
6.060625
6.55
7.07625
6.930625
6.555
6.19625
6.063125
6.035625
6.148125
6.368125
6.085625
5.423125
4.711875
4.243125
3.78375
3.910625
4.64
4.983125
6.08625
6.645625
6.174375
5.765
4.59875
4.003125
3.893125
3.965
4.18125
4.083125
4.086875
4.154375
4.23875
4.76375
5.091875
5.47125
5.8475
5.68375
5.8075
5.6
5.389375
5.54
5.319375
5.3325
5.7375
5.7375
5.940625
5.980625
5.79125
5.72
5.613125
6.08
5.97625
5.974375
6.33
5.9275
5.969375
6.02
5.365
4.79
4.42875
3.8825
3.72
3.799375
3.685625
4.076875
4.591875
5.22125
5.576875
5.435625
5.43875
5.180625
5.321875
6.100625
6.375
6.651875
6.86
6.310625
5.6975
5.288125
4.821875
4.475625
4.50875
4.44
4.755
5.7075
6.454375
7.10625
6.909375
5.955
5.258125
4.855625
5.2775
5.8325
6.561875
6.88375
6.8
6.8625
6.489375
6.346875
6.0725
5.996875
5.853125
5.66625
5.9875
5.9375
5.929375
5.99125
5.27125
4.909375
4.65
4.160625
4.16375
4.286875
4.415
5.010625
5.684375
5.78625
5.96625
5.91
5.5625
5.668125
5.851875
5.6475
5.64
5.085625
4.2425
3.868125
3.630625
3.86125
4.405625
4.974375
5.381875
5.599375
5.474375
5.083125
4.530625
4.168125
3.839375
3.85
4.4625
5.258125
6.370625
7.014375
6.925
6.096875
5.119375
4.728125
4.456875
4.6675
4.83375
4.5475
4.619375
4.9225
5.308125
5.681875
5.9975
5.90125
5.77875
5.99875
5.755625
5.911875
6.013125
5.703125
6.004375
5.660625
5.469375
5.4275
5.11
5.403125
5.44625
5.445625
5.205
4.705
4.3575
4.396875
4.91625
5.51375
6.4675
7.115625
7.28375
7.431875
6.916875
6.12375
5.536875
4.89625
4.335625
3.95125
3.634375
3.640625
4.325
5.266875
6.626875
7.38
7.088125
6.586875
5.34125
4.4075
4.326875
4.231875
4.234375
4.359375
4.184375
4.3175
4.92125
5.59625
6.031875
5.873125
5.171875
4.590625
4.5275
4.933125
5.700625
5.89625
5.665
5.335
5.014375
4.81625
5.114375
5.540625
5.69
6.220625
6.41625
6.468125
6.865
6.784375
6.479375
5.979375
5.58625
5.5
5.81625
6.43125
6.200625
5.841875
4.97125
4.16875
4.49875
5.09625
6.06125
7.06625
7.019375
6.779375
6.52125
5.765
5.59625
5.279375
5.096875
5.486875
5.775
6.21125
6.49125
5.999375
5.5075
5.16375
4.633125
4.861875
5.188125
5.36625
6.07125
6.421875
6.520625
6.6325
6.2325
5.72
5.8025
5.7675
5.775625
6.07875
5.729375
5.41625
5.49125
5.23125
4.93
4.663125
3.87625
3.460625
3.2775
3.23
3.928125
4.966875
6.046875
7.11625
7.60125
7.22375
6.854375
6.3025
5.578125
5.135625
4.716875
4.389375
4.43125
4.84875
5.11875
5.320625
5.72375
5.58625
5.743125
6.1275
5.835625
6.0775
5.963125
5.53
5.585
5.14875
5.305625
5.6375
6.144375
6.928125
6.82375
6.523125
5.559375
4.48625
3.880625
4.0725
4.7525
5.49375
6.17
5.95
5.46875
5.089375
4.83375
5.136875
5.649375
5.949375
6.145625
5.621875
5.429375
5.213125
5.083125
5.541875
5.405
5.678125
5.841875
5.870625
5.993125
5.738125
5.48625
5.116875
4.730625
4.825625
4.990625
5.17875
5.583125
5.60375
5.685
5.87625
6.37
6.39875
6.289375
6.146875
5.620625
5.8725
6.291875
6.876875
7.131875
6.77375
6.17
5.0675
4.24125
3.783125
3.63875
4.1625
4.83125
5.33
5.830625
6.18125
6.6275
7.36875
7.7425
7.74875
7.461875
6.863125
6.41375
6.44375
6.355625
6.505
6.638125
6.47875
6.528125
6.539375
6.77625
7.013125
7.231875
7.13
6.580625
5.579375
4.611875
4.124375
3.92125
4.329375
4.735625
4.82125
5.084375
5.150625
5.2275
5.398125
5.234375
4.973125
5.181875
5.191875
5.460625
6.1175
5.84375
6.220625
6.605
6.948125
7.73
7.595
7.22375
6.155
5.45875
5.560625
5.726875
6.75875
7.536875
7.8625
8.160625
8.184375
7.62375
6.9975
6.5875
5.606875
5.58375
5.499375
5.22625
5.499375
4.91
5.065
5.445625
5.849375
6.915
7.134375
6.92875
6.44625
5.339375
4.72875
4.4525
4.34875
5.043125
5.57625
6.119375
6.784375
6.9975
7.025
6.768125
6.174375
5.144375
4.4725
4.095625
4.266875
4.87
5.209375
5.365625
4.964375
4.5225
4.34375
4.425
4.600625
5.20125
5.841875
6.20625
6.82625
6.788125
6.538125
6.28375
5.879375
6.03125
5.718125
5.886875
6.265625
6.179375
6.5825
6.3275
5.67875
5.223125
4.71875
4.54625
4.590625
4.45
4.415
4.22
4.054375
4.5325
4.8725
5.46875
6.026875
5.575
5.054375
4.205
3.4125
3.245
3.66375
4.285625
4.74875
5.596875
5.878125
6.191875
6.656875
6.111875
5.399375
4.561875
3.899375
3.760625
4.169375
4.6125
4.76375
5.061875
4.84625
4.71375
4.928125
5.02125
5.365625
6.096875
6.165
6.513125
7.01125
6.92125
7.13375
6.92125
6.826875
6.57125
6.383125
6.149375
5.2
4.588125
4.13875
3.875625
3.91875
3.966875
4.19625
4.46375
4.986875
5.346875
5.0975
4.765
4.261875
4.225625
4.364375
4.70375
5.24375
5.176875
5.161875
4.85625
4.445625
4.30875
4.276875
4.393125
4.2525
4.18625
4.0675
3.935625
4.203125
4.3425
4.535625
5.180625
5.819375
6.646875
7.265
7.43125
7.064375
6.406875
5.905
4.938125
4.281875
4.266875
4.525625
5.421875
6.4575
6.728125
6.553125
6.010625
5.283125
4.62875
4.2375
4.06375
3.94875
4.085
4.03875
3.818125
3.621875
3.35625
3.086875
3.480625
3.974375
4.471875
5.064375
4.95875
5.029375
5.27625
5.79
6.318125
6.233125
5.84375
5.015625
4.825
4.924375
5.32125
5.78625
5.45625
5.178125
4.645
4.5975
4.7225
5.1075
5.594375
5.5125
5.59
5.126875
4.64375
4.3475
4.12375
4.4475
4.795625
5.0
5.105
4.711875
4.29625
3.975
3.8225
4.038125
4.658125
5.3725
6.235625
6.968125
7.145
7.231875
6.6425
6.033125
5.389375
4.835625
5.049375
5.12
5.55625
5.951875
5.485
5.274375
5.130625
5.41875
6.4525
7.38
8.18875
8.07375
7.57375
6.918125
5.678125
5.13375
4.5725
4.36625
5.011875
5.576875
6.30125
6.82
7.07125
6.881875
6.6725
6.761875
6.361875
6.35625
6.39875
5.765
5.43375
5.1125
5.1225
5.51625
6.0725
6.44625
5.97125
5.415
4.7775
4.04875
4.038125
4.19
4.260625
4.974375
5.181875
5.308125
5.980625
5.8125
5.8975
5.82125
5.068125
4.888125
4.72125
4.98125
5.3725
5.398125
5.5325
5.680625
5.736875
5.99
6.345625
6.038125
5.903125
6.07875
5.98375
6.19125
6.4525
6.073125
5.605625
5.391875
5.070625
4.980625
4.84625
4.5525
4.485
4.685
5.145
5.4875
5.670625
5.660625
5.623125
5.60875
5.395625
5.09125
4.5775
4.61
5.000625
5.4825
6.5
7.0525
7.239375
7.48
7.166875
6.368125
6.248125
6.118125
6.44125
7.63
7.868125
7.7825
7.265625
6.03375
5.266875
4.85875
4.424375
4.325
4.306875
4.31375
4.3925
4.46
4.44625
4.7125
5.1375
5.560625
5.881875
5.6075
5.199375
4.939375
5.266875
5.5325
5.960625
6.29125
5.6575
5.33125
5.3075
5.53875
6.44125
7.469375
7.73
7.405625
7.175
6.6125
6.331875
6.63625
6.16875
5.955
6.03625
5.339375
5.28375
5.238125
5.14
5.5725
5.9675
6.09875
6.029375
5.971875
5.624375
5.449375
5.54625
5.529375
5.603125
5.93
5.765625
5.993125
6.615
6.865625
7.395625
7.255625
6.46875
5.8
5.080625
4.985
5.325
5.783125
6.621875
7.03125
7.510625
7.7975
7.26875
7.0675
6.694375
6.681875
7.204375
7.49375
7.995
7.930625
7.8125
7.41375
6.3625
5.54
5.010625
5.0075
5.449375
6.271875
6.9575
7.339375
7.823125
7.49125
7.0075
6.524375
5.985625
6.125625
6.11375
6.693125
7.221875
7.5575
7.785625
7.1425
6.77875
6.27125
5.969375
5.818125
5.10125
4.52375
4.465
4.79125
5.249375
6.046875
5.914375
5.8025
5.719375
5.255
5.720625
6.026875
6.584375
6.95625
6.3775
5.785625
5.50875
5.230625
5.438125
5.925
5.50625
5.55375
6.086875
6.048125
6.474375
6.945625
6.46625
6.188125
6.095625
5.55125
5.644375
6.106875
6.5575
7.16875
7.48875
7.30625
6.725625
6.17125
5.735625
5.6425
6.10375
6.390625
6.983125
7.669375
7.92
8.286875
8.16125
7.33625
6.443125
5.750625
5.15375
5.239375
5.290625
5.410625
5.72625
5.674375
6.10625
6.419375
6.52375
6.98625
7.385
7.678125
8.166875
8.419375
8.308125
7.904375
7.701875
7.668125
7.65875
7.823125
7.589375
7.119375
6.904375
6.835625
6.4925
6.5975
6.396875
6.5525
7.088125
6.82875
6.971875
6.445
5.918125
5.835625
5.1825
5.101875
5.295
5.701875
6.614375
7.135
7.59375
7.865625
7.978125
7.836875
7.271875
6.986875
6.610625
6.6225
6.5725
5.784375
4.98375
3.97375
3.258125
3.005625
3.344375
4.20125
5.061875
5.940625
5.715
5.10125
4.61125
4.119375
4.39625
4.841875
5.139375
5.793125
6.480625
6.82125
6.966875
6.516875
5.675
5.06625
4.8475
4.7225
5.289375
5.8025
6.029375
6.2525
5.66
5.450625
5.22875
5.035625
5.5025
5.7875
6.2525
7.14375
7.26875
6.830625
6.241875
5.148125
4.775
5.0725
5.49375
6.19125
6.42625
6.55375
6.603125
6.210625
6.174375
5.55
4.9675
5.06
4.83375
5.200625
6.00625
6.3175
6.95625
7.611875
7.249375
7.09625
6.71
6.255625
6.654375
6.94375
6.995
6.556875
5.78125
5.015625
4.684375
4.684375
5.065
5.98
6.73875
7.880625
8.206875
8.045625
8.183125
7.803125
8.2425
8.53
8.525
8.72
8.28125
7.85375
6.974375
6.06875
5.763125
5.405
5.514375
5.441875
4.89125
4.8075
4.760625
5.0125
5.666875
6.0475
6.323125
6.495
6.39625
6.2975
6.408125
6.461875
6.2775
5.864375
5.24375
5.015
5.214375
5.790625
6.468125
6.91625
7.183125
7.115625
6.79125
6.149375
5.389375
4.964375
5.079375
5.46625
6.215
6.865625
6.84875
6.63125
6.035
5.25625
5.19125
5.094375
5.185625
5.82
5.85
6.305625
6.74125
6.381875
6.47125
6.3075
6.103125
6.049375
5.43625
5.035
4.885
5.255
6.108125
6.456875
6.58625
6.653125
6.864375
7.660625
8.550625
9.321875
9.416875
9.11375
8.45625
7.256875
6.673125
5.821875
5.518125
5.935
6.271875
7.18125
7.48375
7.2425
6.283125
5.11125
4.665625
4.506875
5.20125
5.915
5.97625
6.06375
5.85125
5.62625
5.779375
6.20875
6.458125
6.520625
6.373125
5.895625
5.8175
6.088125
6.381875
6.291875
6.275
6.326875
6.42
6.815625
6.6525
6.370625
6.1425
6.30875
6.5975
6.295
5.9525
5.169375
4.87375
5.44375
6.491875
7.468125
7.94
7.72625
6.66375
5.986875
5.470625
5.185625
5.45625
5.55375
5.805
6.61625
7.026875
7.598125
8.075
7.60125
7.31125
6.953125
6.5025
6.7025
7.15375
7.05875
6.71
6.003125
5.039375
4.85125
5.1225
5.73875
6.735625
7.038125
7.021875
6.833125
5.984375
5.96
6.135625
6.15
6.359375
5.61625
4.8325
4.21
4.1875
4.988125
5.759375
6.97125
7.334375
7.408125
7.335
6.35625
5.693125
4.98375
4.63125
4.7725
4.88875
5.110625
5.295625
5.601875
5.929375
5.68625
5.305625
4.575625
4.123125
4.308125
4.443125
5.05125
5.29875
5.225625
5.0475
4.37125
3.930625
3.695
3.703125
3.93125
4.3525
4.814375
5.124375
5.7275
5.885
5.8475
5.89625
5.59625
5.521875
5.59875
5.571875
5.486875
5.385625
5.176875
5.144375
5.23
5.105625
4.95375
5.08375
5.2575
6.06875
7.13375
7.33625
7.78125
7.27375
6.606875
6.445625
5.705625
5.461875
4.996875
4.51625
4.515
4.531875
4.914375
5.574375
5.6675
5.749375
6.00375
6.12125
7.104375
8.029375
8.18375
8.034375
6.95875
6.404375
6.290625
6.096875
6.67875
6.57
6.75
7.058125
7.136875
7.639375
7.62125
8.0425
7.74125
6.661875
6.0925
4.955625
4.76625
5.26875
5.446875
5.78875
5.75625
5.933125
6.02875
6.179375
6.32
5.614375
5.315625
5.054375
5.01875
6.11125
6.631875
7.27625
7.668125
7.29125
7.2875
7.141875
7.369375
7.44875
7.2075
7.140625
6.48875
6.436875
6.640625
6.385625
6.250625
5.526875
4.84
4.198125
3.86375
4.153125
4.44375
5.173125
5.805
5.915
6.015
5.86875
5.5125
5.01875
4.20125
3.259375
2.803125
2.904375
3.440625
4.375
4.581875
4.555625
4.401875
4.06875
4.305
4.54125
4.681875
4.6625
4.434375
3.973125
3.92625
4.1425
4.436875
5.1975
5.33375
5.30625
5.243125
4.946875
4.825
4.56
4.30625
4.10625
4.285625
4.771875
5.258125
5.728125
5.750625
5.609375
5.6275
5.415
5.465625
5.6575
5.5175
6.05625
6.690625
7.05
7.716875
7.61875
7.146875
6.82875
6.265
5.84875
5.446875
5.099375
4.85125
4.85375
5.20125
5.281875
5.533125
5.74625
5.4625
5.5775
5.414375
5.09
5.706875
6.056875
6.644375
7.12625
6.99125
6.873125
6.443125
6.348125
5.869375
5.77125
6.24625
6.461875
7.165625
7.246875
6.56625
6.436875
6.04625
5.948125
6.27875
5.87625
5.683125
5.330625
5.0925
5.439375
5.7875
6.295
6.441875
5.9125
5.2075
4.46875
4.115625
4.09375
4.43375
4.909375
5.16125
5.45
5.326875
5.049375
5.03375
5.03375
5.205625
5.249375
4.881875
4.4
4.009375
3.95125
3.920625
4.29125
4.3775
4.325
4.5975
4.45125
4.69125
4.929375
5.288125
5.910625
6.24875
6.564375
6.1825
5.66875
5.1425
4.614375
4.61625
4.4325
4.3525
4.458125
4.2725
4.45125
4.500625
4.518125
4.96125
5.06
5.52125
5.66375
5.38125
5.264375
4.914375
4.631875
4.453125
4.39625
4.27125
4.26125
4.330625
4.315625
4.409375
4.655625
5.045
5.24875
5.344375
5.27
4.91625
4.715
5.06
5.418125
6.206875
7.4275
8.169375
8.91125
8.886875
7.985625
6.619375
5.545625
5.01125
4.791875
5.21
4.85
4.746875
5.043125
5.173125
5.8225
5.8475
5.56125
4.98875
4.504375
4.338125
4.155625
4.526875
4.654375
5.011875
5.355
5.251875
5.105625
4.468125
4.245
4.248125
4.9275
6.2225
6.984375
7.8175
7.9525
7.263125
6.588125
5.744375
4.8925
4.921875
5.29625
5.8925
6.685625
6.601875
6.35875
5.9375
5.61625
5.7025
5.76875
5.50125
5.075
4.656875
4.245625
4.65375
5.4075
6.388125
7.549375
8.119375
8.273125
8.048125
7.46875
6.808125
6.554375
6.51375
6.774375
7.130625
6.721875
6.205
5.560625
4.905625
4.756875
4.861875
5.11875
5.51125
5.860625
6.036875
5.76875
5.62625
5.541875
5.3125
5.1825
4.97375
4.695625
4.481875
4.380625
3.95875
3.615625
3.35375
3.26
3.57875
4.000625
4.421875
4.904375
5.20125
5.490625
5.835
5.92
5.926875
5.48
5.01875
4.5425
4.13
4.34375
4.5475
4.9575
5.320625
5.035
4.580625
4.1475
3.83375
3.878125
4.075
4.113125
4.163125
4.363125
4.535625
4.92625
5.26
5.33
5.305
5.105625
4.673125
4.61
4.90875
5.183125
5.89625
6.285
6.466875
6.575625
6.56
6.301875
5.68375
5.51125
5.308125
5.6225
6.39625
6.940625
7.38375
7.193125
7.03
6.43125
5.801875
6.194375
6.505625
7.03625
7.675625
7.368125
6.675625
6.241875
6.05875
6.243125
6.545625
6.51375
5.925625
5.2625
4.90875
5.22
6.193125
7.081875
7.674375
7.3025
6.06125
4.941875
3.959375
3.618125
4.09625
4.69625
5.31875
5.785625
5.63
5.39
5.13875
4.776875
4.70375
4.599375
4.456875
4.425
4.50375
4.45125
4.915625
5.534375
5.98875
6.53875
6.169375
5.49125
4.684375
3.906875
3.718125
4.124375
5.279375
6.875
8.174375
8.88125
8.58125
7.4
6.37125
5.205625
4.304375
4.284375
4.13
4.29375
4.866875
4.55875
4.468125
4.31875
3.99
4.5425
5.000625
5.545
5.981875
5.52625
5.1225
4.661875
4.30875
4.75375
5.301875
5.8225
6.51375
6.52375
6.46625
6.56125
6.05875
5.89125
5.643125
5.26375
5.27125
5.335625
5.16
4.899375
4.638125
4.41125
4.38875
4.629375
4.8975
4.88125
5.23625
5.525625
5.774375
6.49
6.87
6.956875
7.455
7.59875
7.6825
7.780625
7.015625
6.15875
5.468125
4.84875
4.51625
4.82125
4.64
4.685625
5.226875
5.303125
5.7575
6.08625
6.15875
5.8475
5.560625
5.27375
4.740625
4.975
5.21125
5.595625
6.38375
6.404375
6.37625
6.213125
5.40375
5.361875
5.3575
5.208125
5.8275
5.91125
6.14125
6.47375
6.19875
6.015625
5.51375
5.33
5.37875
5.406875
6.04625
6.165
6.46
6.97625
6.748125
6.751875
6.49375
5.863125
5.200625
4.591875
4.07375
3.891875
4.65125
5.303125
6.270625
6.9725
6.67375
6.52
5.7775
5.344375
5.67875
5.884375
6.37875
6.53875
5.874375
5.298125
4.950625
5.11625
6.01125
6.67
6.928125
6.71875
6.08625
5.774375
5.9125
6.19125
6.890625
7.32
7.290625
7.113125
6.20875
5.611875
5.33
5.344375
5.695
5.729375
5.629375
5.2375
5.03
5.01875
4.775625
4.63375
4.665
4.6975
5.19375
5.725625
5.8325
5.929375
5.38
5.030625
4.79625
4.474375
4.6925
4.44375
4.6925
4.874375
5.07875
5.635625
5.26625
5.155625
4.805625
4.480625
4.834375
4.85375
5.19625
5.378125
5.180625
5.36875
4.998125
4.684375
4.743125
4.43
4.481875
4.48875
4.16125
4.0175
3.835625
3.74375
3.8
3.845
4.17875
4.62875
5.07875
5.585625
5.571875
5.524375
5.765625
6.181875
6.934375
7.275
7.038125
6.3375
5.36
4.95125
4.806875
4.866875
5.115
4.61375
4.11625
3.605625
3.30375
3.978125
4.775
5.62375
5.9725
5.475
4.98
4.42875
4.640625
5.01125
5.45125
6.129375
6.040625
6.745
6.929375
6.829375
6.83625
5.93375
5.38875
4.935
4.65375
4.57375
4.47125
4.473125
4.475
4.621875
4.744375
4.7625
5.2325
5.97875
6.8075
7.450625
7.154375
5.961875
4.870625
3.813125
3.438125
3.903125
4.5125
5.506875
6.13375
6.29375
5.675625
4.771875
4.29375
4.0425
4.550625
5.335625
5.59375
6.27
6.77875
6.9825
7.534375
7.341875
6.765
6.109375
5.33875
5.153125
5.4175
5.963125
6.6175
6.514375
6.15875
5.559375
5.275625
5.510625
5.735
6.054375
5.66
5.293125
5.0175
4.968125
5.473125
6.075
6.595625
6.90375
6.628125
5.9425
5.35125
5.065625
5.604375
6.306875
6.881875
6.780625
5.726875
4.98125
4.91625
5.15375
5.925625
6.4575
6.423125
6.52375
6.606875
6.6225
6.35875
5.9875
5.5575
5.144375
4.90625
4.894375
4.96875
4.95875
5.106875
5.08875
5.245625
5.59125
6.1075
6.61125
6.755625
6.965
6.489375
5.871875
5.209375
4.26875
3.903125
3.846875
4.1225
4.716875
5.31875
5.74625
5.923125
6.233125
6.599375
6.94125
7.3175
7.40125
7.353125
7.220625
7.255625
6.825625
6.243125
5.769375
5.515
5.91125
6.14
6.695
6.6275
6.27
6.671875
6.50125
6.531875
7.050625
6.75375
6.686875
6.8025
6.3225
6.0375
6.070625
5.84
5.5925
5.56125
4.914375
4.61875
4.5275
4.286875
4.364375
4.219375
4.1525
4.140625
4.413125
4.61875
4.889375
5.345625
5.738125
6.24125
6.351875
6.303125
5.763125
5.046875
4.840625
4.516875
4.340625
4.516875
4.786875
5.265625
6.135625
6.805
6.733125
6.730625
6.236875
5.84875
5.990625
5.498125
5.62125
5.754375
6.06125
7.115625
7.680625
8.154375
8.12375
7.755625
7.158125
6.388125
5.60125
4.78375
4.25625
4.214375
4.39
4.90625
5.660625
5.813125
6.42875
6.6575
6.520625
6.96125
6.51375
6.0325
6.036875
5.439375
5.421875
5.565625
5.26875
5.75
6.100625
6.508125
6.881875
6.406875
5.868125
5.36375
5.181875
5.281875
5.2975
5.026875
4.395625
4.351875
4.75625
5.459375
6.68875
7.04875
7.035625
7.3025
7.1825
7.44625
7.83
7.83
7.89
7.95
7.718125
7.1025
6.246875
5.33875
4.48
4.38875
4.524375
5.14875
6.521875
7.1
8.004375
8.0075
6.9925
6.47
5.35
4.719375
4.7
4.643125
4.841875
5.456875
5.925625
6.185
6.645625
6.18
5.694375
5.415
4.969375
5.08375
5.005625
5.01875
4.981875
4.83
4.91125
4.75625
4.59125
4.91875
5.2125
5.50875
5.7775
5.4425
5.266875
5.67875
6.171875
6.50375
6.863125
6.406875
6.20375
6.44875
6.6125
6.97125
6.848125
6.53625
5.7075
5.026875
4.56375
4.538125
4.849375
5.32
5.974375
6.033125
6.359375
6.3275
6.11
5.905
5.5875
5.435
5.301875
5.395625
5.16875
5.448125
5.62375
5.771875
6.3325
6.12125
5.950625
5.83375
5.53125
5.589375
5.8525
5.926875
5.923125
5.7775
5.48375
5.349375
5.249375
5.216875
5.146875
5.200625
5.31125
5.421875
5.57
5.57
5.465625
5.256875
5.22625
5.03625
5.165625
5.216875
4.955625
4.921875
4.619375
4.773125
5.06125
5.335
5.605625
5.743125
5.755625
5.660625
5.598125
5.163125
5.264375
5.3625
5.95
6.866875
7.0425
7.236875
6.96625
6.419375
5.96625
5.413125
4.754375
4.274375
4.145
4.49125
4.58375
5.035625
5.36
5.185625
5.62375
5.7025
5.794375
6.076875
5.86625
5.3775
4.913125
4.61875
4.605
4.960625
5.16625
5.1725
5.549375
5.848125
6.50875
7.275625
7.22
7.019375
6.425
5.365
4.74375
4.099375
4.1
4.439375
5.135
6.4
6.965625
7.585625
7.37
6.561875
5.7125
4.8975
4.52125
4.360625
4.588125
4.83875
5.2375
5.405625
5.30375
4.9625
4.52375
4.3525
4.78125
5.346875
5.726875
5.95625
5.44125
4.90375
4.6625
4.533125
4.521875
5.03
5.065625
5.225
5.52125
4.948125
5.02375
4.953125
5.079375
5.82125
6.379375
7.051875
7.514375
7.513125
7.24375
6.70625
6.050625
5.724375
5.475
5.2475
5.2775
5.20375
5.23125
5.405
5.755
6.07375
6.62125
7.2325
7.391875
7.91875
7.87375
7.59375
7.301875
6.11375
5.29875
4.68
4.27125
4.783125
5.274375
5.631875
5.95375
5.6925
5.236875
5.3275
5.395625
5.840625
6.3225
5.903125
5.38625
4.908125
4.459375
4.73125
5.75125
6.538125
7.393125
7.675
6.888125
6.006875
5.285
4.840625
4.97
5.5325
5.77625
6.153125
6.2975
5.670625
5.3625
4.97625
5.14125
5.88
6.4725
6.855625
6.34625
5.660625
4.77625
4.125625
3.9425
4.02625
4.376875
4.5575
4.673125
4.8825
4.983125
5.20625
5.580625
5.19
5.1325
5.519375
5.895625
6.831875
7.131875
6.674375
5.9325
5.14375
4.656875
4.37125
4.5525
4.604375
4.870625
5.200625
5.085
5.556875
5.83
6.05625
6.62625
6.424375
6.31625
6.384375
6.051875
6.08
5.774375
5.31
5.235625
5.29875
5.615
6.13625
6.339375
6.330625
6.321875
6.07375
6.266875
5.89375
5.498125
5.125625
4.209375
3.94
3.796875
3.961875
4.41375
4.886875
5.22875
5.25
5.521875
5.45875
5.72875
5.93125
5.63125
5.71625
5.321875
5.51625
5.985625
6.2825
6.580625
6.438125
6.245
6.093125
6.129375
5.88625
5.5925
5.413125
5.361875
5.38375
5.78625
6.171875
6.254375
6.645
6.6
6.35625
6.39375
6.50125
6.40875
6.396875
6.1525
5.655625
5.39
4.929375
4.7275
4.458125
4.45625
4.844375
5.225
5.9825
6.546875
6.7975
6.571875
5.999375
5.2675
4.773125
4.809375
4.91
5.621875
6.0425
6.149375
6.31
5.72625
5.34375
5.050625
4.700625
4.524375
4.469375
4.2675
4.28375
4.678125
4.756875
5.62875
6.15375
6.27875
6.6375
6.379375
6.771875
7.5975
8.286875
8.696875
8.641875
7.829375
7.05125
6.39125
5.245625
4.46375
3.90875
3.47
3.5375
3.993125
4.218125
4.821875
5.658125
6.200625
6.726875
7.07125
6.886875
6.559375
6.285625
5.86
5.8675
5.895
5.81875
5.35875
4.5925
4.081875
4.1625
4.626875
5.25375
5.759375
5.625625
5.59625
5.688125
5.919375
5.989375
6.0225
6.250625
6.21625
6.96
7.3625
7.435
7.65375
6.955625
6.7375
6.233125
5.60625
5.418125
5.303125
5.760625
6.68625
7.649375
8.18125
7.948125
7.155
6.394375
5.4725
5.22875
5.080625
4.693125
4.871875
4.97875
5.12
5.72375
5.834375
5.48375
5.165625
4.748125
4.405625
4.59
4.93375
4.91
5.284375
5.270625
4.964375
4.75375
4.31
4.08375
4.09125
4.0075
4.028125
4.49125
5.1375
6.091875
6.941875
6.861875
6.381875
5.751875
5.0175
5.06125
5.08625
5.121875
5.166875
4.758125
4.549375
4.38125
4.786875
5.241875
5.7375
6.44625
6.21125
6.0675
5.893125
5.53875
6.114375
6.69
7.201875
7.513125
7.029375
6.7175
6.16625
5.9425
6.08625
5.94
6.59125
6.75
6.7275
6.7125
5.76875
5.076875
4.965
4.939375
5.240625
6.060625
5.8275
5.631875
5.493125
4.603125
4.535625
4.614375
4.5675
5.093125
5.440625
5.304375
5.53
5.176875
5.028125
5.528125
5.656875
5.986875
5.749375
5.374375
5.306875
5.5625
6.200625
6.465
6.556875
6.23875
5.930625
5.61625
5.308125
5.215625
5.1575
5.394375
5.91125
6.1975
6.199375
5.86625
5.246875
4.820625
4.506875
4.713125
4.535625
4.37875
4.38125
3.860625
3.72375
3.5525
3.79
4.5
5.59375
7.18
7.793125
8.059375
7.454375
5.905625
4.916875
4.068125
4.194375
4.81
5.310625
5.7075
5.233125
4.8825
5.024375
5.285625
5.8625
6.131875
5.949375
5.77875
6.0225
6.8775
7.2675
7.5325
7.07125
6.158125
5.73875
5.35375
5.834375
5.93125
6.105625
6.513125
6.05125
6.356875
6.734375
7.19875
8.325
8.65625
8.681875
8.315625
7.565
7.3575
7.556875
7.53125
7.35875
6.893125
5.660625
4.73
4.5175
4.80125
5.67625
6.66125
6.895
6.899375
6.71875
6.548125
6.95
6.835
6.97375
6.873125
6.2
5.938125
5.36
5.21875
5.08375
5.148125
5.40875
5.14875
5.735
6.04125
6.399375
7.080625
6.629375
6.065625
5.384375
4.904375
5.091875
5.628125
6.364375
6.521875
6.750625
6.86125
6.890625
7.2
7.1775
7.198125
6.820625
6.449375
6.305625
5.856875
5.663125
5.296875
4.760625
4.605625
4.330625
4.693125
5.5375
6.225
7.116875
7.25125
6.7275
5.995625
5.365
4.854375
5.005625
5.746875
6.420625
7.439375
7.508125
6.916875
6.073125
5.063125
5.185625
5.40375
5.7125
6.30125
5.85875
5.8725
6.14625
5.84125
6.025625
5.68375
5.2375
5.08375
4.9625
5.17375
5.23
5.11375
5.031875
5.123125
5.1225
5.31875
5.436875
5.13
5.18125
5.436875
5.506875
5.920625
5.9425
5.506875
5.403125
4.955625
4.72125
4.944375
4.835625
4.8175
4.835
4.835625
5.09
5.604375
6.5125
6.74375
7.171875
7.255625
6.45125
6.365
6.10625
6.0
6.356875
6.6725
6.730625
6.700625
6.77
6.1625
5.37125
4.761875
4.371875
4.528125
5.1775
5.901875
6.190625
6.495625
6.5325
6.531875
6.256875
5.884375
5.776875
5.48375
5.76375
5.94625
5.781875
5.85875
5.549375
5.280625
5.683125
5.725
6.034375
6.389375
5.78
5.3575
4.806875
4.23375
4.631875
5.3225
6.095625
7.388125
8.195
8.2575
8.3975
7.721875
6.560625
5.838125
4.7225
3.980625
4.21
4.476875
5.435625
6.15125
5.9975
5.9675
5.5325
5.4525
5.81
5.82625
5.8425
5.649375
5.29625
5.621875
5.775625
6.036875
6.355
6.1875
6.009375
6.1075
6.356875
6.120625
6.1925
5.934375
5.5175
5.63125
5.574375
5.0525
4.74875
4.62875
4.93375
5.785
6.318125
6.34875
5.619375
4.80875
4.1125
3.710625
3.790625
3.789375
4.309375
4.788125
5.396875
6.2725
6.0525
5.898125
5.66375
5.523125
6.28625
6.959375
7.150625
6.67875
5.798125
5.011875
4.885625
5.2475
6.03125
6.635625
6.424375
6.004375
5.330625
5.066875
5.286875
5.715625
6.051875
5.95375
6.193125
6.2775
6.348125
6.63
6.728125
6.741875
6.5625
6.23125
5.2625
4.60125
4.193125
3.873125
4.140625
4.144375
4.613125
5.08875
5.38125
5.708125
5.0825
4.456875
4.225625
4.199375
5.0425
5.885625
6.461875
7.1825
7.52125
7.961875
8.25
8.03375
7.458125
6.7125
5.955
5.2375
4.8925
4.78125
5.118125
5.545625
6.028125
6.179375
5.84875
5.680625
5.363125
5.663125
5.974375
6.1025
6.393125
5.79125
5.1575
5.005625
5.15625
5.90875
6.915
7.16125
6.55875
6.074375
5.440625
5.28875
5.96125
5.889375
6.058125
6.04375
5.15875
4.82
4.1025
3.93125
4.43625
5.24375
6.278125
6.741875
7.10875
6.60625
6.255625
5.65125
4.8975
4.73125
4.685
5.0225
5.44125
5.93
5.914375
5.985
6.190625
6.330625
6.615
6.65375
6.50375
5.969375
5.451875
5.150625
4.821875
4.943125
5.339375
5.9325
6.86
7.3625
7.260625
6.98625
6.286875
5.921875
6.13
5.7675
5.630625
5.33125
4.851875
4.91875
4.81
5.2475
5.95125
6.516875
7.11125
7.240625
6.798125
6.40125
6.430625
6.019375
5.728125
5.459375
4.776875
4.591875
4.608125
4.948125
5.509375
6.0675
6.568125
6.273125
5.524375
4.56625
3.89
3.96125
4.426875
5.048125
5.17625
5.145
5.08625
4.946875
5.213125
5.018125
4.715625
4.908125
4.780625
5.320625
5.833125
5.790625
6.2375
6.223125
6.603125
7.0325
6.84875
6.63125
5.86875
5.369375
5.08
5.240625
5.565
5.929375
6.81375
7.1775
7.73125
7.6325
6.87
6.2825
5.75125
5.615625
5.691875
6.11375
6.179375
6.445625
6.438125
5.91
5.438125
5.140625
5.150625
5.290625
5.51875
4.938125
4.29
3.764375
3.54625
3.820625
4.50875
5.155625
5.174375
5.260625
4.6075
4.18125
4.39625
4.62125
5.185
5.255625
4.833125
4.50625
4.47375
5.015
5.96875
6.735625
7.110625
6.9925
6.655
6.3175
5.9425
6.0475
6.458125
6.974375
7.748125
7.995
7.46375
6.675
5.6825
4.929375
5.1475
5.376875
5.7825
6.296875
5.941875
5.555
5.12125
4.51125
4.66875
4.978125
5.17875
5.47375
4.8975
4.3625
3.99
4.05625
4.6325
5.44125
5.98625
5.600625
5.27375
4.575625
4.520625
5.423125
6.5225
7.68625
8.2025
7.85625
6.8725
5.86125
4.841875
4.125
4.2325
4.55625
4.99625
5.69
5.91875
5.856875
6.05625
5.991875
5.9275
6.120625
6.05
6.168125
5.845625
5.699375
5.65875
5.328125
5.54875
5.213125
5.0075
5.089375
4.824375
4.67625
4.66
4.446875
4.550625
5.068125
4.915625
4.865
4.835625
4.84625
5.240625
5.66875
6.37875
6.4125
6.724375
7.3025
7.39125
7.806875
7.609375
6.984375
6.11875
5.59875
5.854375
6.029375
6.6725
6.71375
6.314375
6.145625
5.74875
5.644375
5.075
4.655625
4.4925
4.543125
5.14
5.41625
5.616875
5.6375
5.668125
5.72125
5.446875
5.286875
4.8875
5.18
5.754375
5.874375
6.30375
5.836875
5.498125
5.6725
5.813125
6.161875
6.196875
6.12625
6.08
6.22375
6.855
7.511875
7.551875
7.615
6.83625
5.764375
5.1575
4.315625
4.16125
4.334375
4.820625
5.421875
6.075625
6.3
6.033125
5.9675
5.779375
5.990625
6.14375
5.980625
5.433125
4.893125
4.67
4.590625
4.708125
4.919375
5.095
5.140625
5.626875
5.57125
5.470625
5.63
5.249375
5.0925
5.08375
5.38125
5.666875
6.2025
6.4175
5.579375
4.960625
4.27875
4.234375
5.271875
6.2825
6.9725
7.1975
6.644375
6.1025
6.2525
6.190625
6.46625
6.70625
6.015625
5.263125
4.360625
3.46875
3.150625
3.15125
3.738125
4.525
4.98375
5.68625
6.03375
6.4875
7.685625
8.595
9.39875
9.424375
8.93875
7.988125
6.65375
6.185
5.491875
5.775
6.533125
6.551875
6.55875
6.16
5.67
5.620625
5.9625
5.919375
6.063125
6.2975
6.3475
6.545
6.19625
5.435625
5.145
4.911875
5.066875
5.428125
5.34875
5.445625
5.56625
5.87625
5.72125
5.7425
6.095
6.13625
6.955625
7.116875
6.615
6.461875
5.855
5.628125
5.474375
5.208125
5.269375
5.604375
6.2475
6.556875
6.785
6.48625
6.004375
5.910625
5.605625
5.635
5.99875
6.5575
7.3275
7.959375
8.444375
8.163125
7.624375
7.290625
6.95625
7.494375
7.925
8.394375
8.293125
7.30375
6.544375
5.424375
4.74875
4.511875
4.415
4.77125
5.193125
5.6525
6.051875
5.96
6.111875
6.24375
6.125625
6.0475
5.391875
5.168125
5.33
5.5825
6.271875
6.313125
6.00875
5.866875
5.433125
4.97125
4.736875
4.34
4.523125
4.9125
5.338125
5.98
6.185625
6.580625
6.714375
6.750625
6.786875
6.705
7.004375
7.073125
6.70125
6.4325
6.15125
6.108125
6.5625
6.540625
6.306875
6.028125
5.53125
5.37
5.056875
4.7325
4.9025
5.17625
5.46125
5.916875
6.25125
6.400625
6.599375
6.445625
5.928125
5.47125
5.2775
5.35125
5.72875
6.160625
6.34
6.52625
6.455
6.801875
7.03625
7.07875
7.053125
6.29625
5.925625
5.64125
5.358125
5.354375
4.9625
5.06
5.398125
5.53
5.90375
5.533125
5.3725
5.751875
6.08875
6.49875
6.44375
5.914375
5.5375
5.400625
5.6375
5.82
5.673125
5.560625
4.901875
4.71375
4.685
4.506875
4.866875
4.675625
4.57875
4.698125
4.595
4.814375
4.925
4.938125
4.995
5.34
5.83125
6.285
7.06875
7.1375
7.274375
7.23875
6.385625
5.933125
4.95875
4.621875
4.9675
5.651875
6.675625
6.948125
7.025625
6.465625
6.231875
6.278125
6.050625
6.02
5.198125
4.21
3.678125
3.3625
4.07375
5.316875
6.29625
6.983125
6.72
5.819375
5.465
5.290625
5.55375
6.01375
5.796875
5.63875
5.756875
6.135
6.553125
6.821875
6.760625
6.514375
6.44
6.420625
6.40125
6.195
6.0425
6.081875
6.12125
6.455625
6.73625
6.659375
6.2525
5.641875
5.255625
5.513125
6.100625
6.891875
7.3525
6.9075
6.580625
6.124375
5.834375
5.960625
5.74
5.74625
5.514375
5.388125
5.93125
6.194375
6.48
6.589375
5.770625
4.839375
4.165625
3.773125
4.025625
4.664375
5.20125
5.558125
6.0875
6.3325
6.395
6.2725
5.355
4.34625
4.08625
4.08625
4.804375
6.27125
6.605625
6.95
7.253125
6.99
7.394375
7.61625
7.346875
6.785
6.294375
5.7125
5.5375
5.9475
6.06625
6.64125
6.8
6.20125
6.026875
5.87125
6.233125
7.525
8.233125
8.18375
7.7875
6.474375
5.37125
5.198125
5.180625
5.601875
6.078125
5.803125
5.318125
4.9275
4.5275
4.31625
4.301875
4.26
4.44875
4.65375
4.89125
4.94
4.595
4.4125
4.45125
4.878125
5.625625
6.383125
6.35125
5.7925
5.045
4.013125
4.109375
4.524375
5.27125
6.410625
6.4475
6.668125
6.71625
6.639375
7.06875
7.18875
7.203125
6.89
6.72875
6.395625
5.783125
5.42375
4.800625
4.645
4.718125
4.79125
4.874375
4.860625
4.81625
4.9575
5.433125
5.516875
5.681875
5.648125
5.286875
5.533125
6.085
6.55875
6.9525
7.164375
7.024375
6.894375
7.066875
7.0875
6.9225
6.863125
6.618125
5.908125
5.34875
5.205625
4.944375
5.229375
5.595625
4.97625
4.705625
4.7375
4.769375
5.56125
6.04125
5.75375
5.651875
5.179375
4.771875
4.92
4.71
4.689375
4.895
4.98875
5.4275
5.991875
6.67625
6.835625
6.65
6.5975
5.973125
6.138125
6.821875
7.00125
7.409375
7.455625
6.85
6.5625
6.190625
6.080625
6.408125
6.629375
7.345
7.73
7.7975
7.678125
7.153125
6.794375
6.980625
7.434375
8.08625
8.378125
8.264375
7.898125
7.228125
6.98
6.824375
6.894375
6.81625
6.61625
6.091875
5.46
5.29375
4.9125
5.0875
5.248125
5.064375
5.48875
5.740625
6.1825
6.975625
7.248125
6.95
6.395
5.519375
4.563125
4.206875
4.01
4.1225
4.638125
4.7825
5.19125
5.239375
5.00125
5.125
5.111875
5.625
6.613125
7.91625
9.0675
9.57875
9.265625
8.046875
6.54875
5.723125
5.395
5.996875
6.705625
6.830625
6.8175
6.339375
6.193125
6.13625
6.625625
6.629375
6.30125
6.4675
5.683125
5.48625
5.543125
5.05375
5.243125
5.60875
5.789375
5.961875
5.748125
4.816875
4.476875
4.33375
4.404375
4.971875
4.6
4.246875
4.008125
4.09375
4.753125
5.391875
5.680625
5.2075
4.456875
3.84125
3.574375
4.0675
4.790625
5.37875
5.80375
5.624375
5.398125
5.39625
5.6525
5.998125
6.37
6.1375
5.67625
5.43125
4.976875
4.93625
4.6425
4.35875
4.43
4.535625
5.25375
5.789375
6.411875
6.885
6.61875
6.375625
5.634375
4.9875
4.74125
4.803125
4.803125
4.858125
5.3575
5.36375
5.68875
5.864375
5.575
5.67375
5.784375
6.44125
7.098125
7.56625
7.9775
7.471875
6.555
5.635
4.76875
4.395
4.46
4.916875
5.23875
5.495
5.5625
4.935625
4.315625
3.669375
3.729375
4.28375
5.014375
6.004375
6.00875
5.915625
5.639375
4.889375
4.535
4.051875
4.115
4.536875
5.00375
5.945625
6.0925
6.31875
6.59
6.04125
5.666875
4.91375
4.09125
4.14125
4.44875
5.064375
5.876875
5.960625
5.874375
5.618125
5.481875
5.600625
5.75375
6.140625
5.749375
5.395625
5.349375
5.04
5.59625
5.996875
6.335625
6.690625
6.285625
5.976875
5.45625
5.27
5.565625
6.000625
6.051875
6.061875
5.86625
5.84375
6.29625
6.325
6.945
7.371875
7.58875
8.229375
8.09
7.763125
7.525625
6.665
5.9375
5.129375
4.79125
4.82375
5.1375
5.66125
5.308125
4.961875
4.338125
3.98625
4.02125
4.29625
5.2125
6.066875
6.970625
7.56375
7.385
6.88875
6.548125
6.259375
6.078125
5.696875
5.004375
4.321875
3.899375
3.708125
4.158125
4.799375
5.6375
6.93
7.585
7.935625
7.961875
7.434375
7.210625
7.335625
7.2225
7.15125
6.77625
6.116875
5.7375
5.49
5.25375
5.4925
5.74
6.246875
6.9075
6.9725
7.004375
6.545
5.86625
5.61125
5.744375
6.3875
7.510625
8.091875
7.93375
7.138125
5.735625
4.5525
3.9425
4.156875
4.919375
6.08125
6.856875
7.1675
7.300625
6.85625
6.654375
5.835625
4.83125
4.01125
3.29875
3.379375
3.563125
4.290625
4.86125
5.484375
6.173125
6.235625
6.2475
5.756875
5.231875
4.700625
4.2575
4.57375
5.3825
6.43375
7.4475
7.975625
7.7325
7.435625
6.96625
6.496875
6.32
6.1475
6.6125
6.636875
6.501875
6.3425
5.718125
5.6825
5.965625
6.445625
6.925625
7.444375
7.884375
8.151875
8.089375
7.379375
6.389375
5.25125
4.6675
4.623125
4.7375
4.955
4.568125
4.59
4.720625
5.051875
6.143125
6.26125
6.23
5.885625
4.801875
4.20375
3.768125
3.698125
3.966875
4.235625
4.423125
4.216875
4.051875
3.886875
3.82625
3.95125
4.30875
5.04625
5.473125
6.259375
7.004375
6.858125
7.02
6.4875
5.743125
5.834375
6.101875
7.145
7.97625
8.310625
8.08875
7.0425
5.94125
5.4775
5.210625
5.605625
6.3625
6.654375
7.2
7.136875
6.876875
6.616875
6.093125
6.184375
6.58375
6.983125
7.3925
7.376875
7.148125
6.454375
5.86625
5.499375
5.041875
5.02875
4.966875
4.930625
4.991875
5.1075
5.14625
4.9725
4.696875
4.273125
4.516875
4.593125
4.964375
5.910625
5.67375
6.090625
6.314375
5.890625
6.134375
5.618125
5.108125
4.591875
4.105625
3.9975
3.876875
3.99875
4.085
4.374375
4.476875
4.860625
5.095
5.414375
5.971875
5.974375
6.16125
5.596875
5.044375
4.6625
4.18
4.175625
4.033125
4.035625
3.978125
3.948125
4.185
4.330625
5.0175
5.61
6.29625
6.834375
6.805625
7.295625
7.1225
7.245625
7.686875
7.38375
7.383125
7.08625
6.01125
5.03
4.154375
3.58125
3.848125
4.300625
4.839375
5.51
5.869375
6.588125
7.040625
6.914375
6.589375
5.523125
4.619375
3.916875
3.551875
3.72625
4.093125
4.829375
5.545625
6.2825
6.715625
6.524375
6.635625
6.720625
7.29375
8.2
8.3925
7.9475
6.966875
6.171875
5.653125
5.640625
5.82625
6.02625
6.66375
7.26
7.915625
8.004375
7.709375
7.46875
6.7925
6.7025
6.1475
5.680625
5.421875
4.69125
4.45
4.086875
4.01125
4.294375
4.52875
4.6075
4.595
4.47625
4.463125
4.655
4.600625
4.5725
4.381875
4.578125
4.865
5.206875
5.8025
5.961875
6.28375
6.45625
6.643125
6.83
6.854375
6.94625
6.491875
5.65375
4.87625
4.379375
4.323125
4.704375
5.591875
5.879375
6.058125
5.968125
5.113125
4.695625
4.251875
3.95125
3.72375
3.380625
3.104375
3.516875
4.2375
5.0375
5.996875
5.874375
5.7475
5.319375
4.998125
5.16625
5.111875
5.801875
5.82875
6.12
6.56375
6.15
6.21125
5.85625
5.751875
5.980625
6.410625
6.7825
6.689375
7.074375
6.68125
6.47375
6.361875
5.2975
4.76375
4.209375
3.56375
3.606875
3.89375
4.199375
5.041875
5.585625
5.9925
6.88875
7.190625
7.521875
7.37125
6.6275
6.12375
5.8475
6.23125
6.82625
7.580625
8.25625
7.985
7.224375
6.3175
5.10125
4.65375
4.59
4.580625
5.02875
5.46
5.834375
5.969375
5.635625
5.031875
4.633125
4.79
5.359375
6.043125
6.40625
6.17375
5.6075
5.06
4.938125
4.91
5.1
5.29375
5.44625
5.480625
5.549375
5.636875
5.0475
4.974375
4.485625
4.44125
4.943125
4.999375
5.509375
5.224375
4.75625
4.440625
4.196875
4.148125
4.303125
4.65
4.59625
4.75875
4.99125
5.03875
5.30625
5.4925
5.42625
5.19375
4.969375
4.643125
4.69
4.88875
4.878125
5.349375
5.063125
4.899375
5.0475
4.92125
5.284375
5.65
5.80375
5.41125
5.1425
5.04875
5.45
6.44
7.08875
7.3525
6.875
6.249375
5.850625
5.198125
4.8725
4.839375
4.894375
5.28625
6.156875
6.249375
6.22
6.215
5.245625
4.7825
4.356875
4.415
4.95875
5.84125
6.97875
7.165625
7.271875
6.63875
5.50125
4.853125
4.851875
5.610625
6.328125
7.025625
7.156875
6.908125
6.891875
6.866875
6.841875
6.710625
6.87375
7.098125
7.216875
7.36125
7.003125
6.679375
6.101875
5.745625
5.72875
5.620625
5.89625
5.97125
6.265625
6.8525
7.37
7.9475
7.81125
7.0525
6.545
6.14375
6.024375
6.18125
5.845
5.215625
4.84375
4.909375
5.535625
6.155625
6.464375
6.1775
5.46875
5.055
4.8175
4.386875
4.2525
4.11375
4.419375
5.363125
6.12125
6.603125
6.62
6.301875
6.199375
6.46125
6.57125
6.7025
6.52125
5.948125
5.226875
4.8225
4.559375
4.551875
4.9125
4.879375
4.8325
4.88
4.7575
4.99375
5.4175
5.60625
6.09625
6.230625
5.849375
5.559375
5.35625
5.3075
5.741875
6.0725
6.01125
5.979375
5.88
6.22
6.335
6.39125
6.473125
5.9875
5.93875
6.36
6.295
6.380625
6.204375
5.1225
4.5225
4.13875
4.116875
4.56
5.179375
5.7075
6.30875
6.91
6.87375
7.08
6.623125
6.525625
7.2525
7.205625
7.820625
7.889375
7.04125
6.7275
5.789375
5.225
5.1125
4.92875
5.213125
4.799375
4.3725
3.9475
3.243125
3.666875
4.463125
5.439375
6.676875
6.91375
6.566875
6.1
5.501875
5.230625
5.51375
5.84
6.453125
7.284375
7.320625
7.051875
6.235
5.53625
5.38375
5.78625
6.918125
7.478125
7.875625
7.5625
6.191875
4.954375
3.798125
3.5075
4.450625
5.564375
6.706875
7.258125
6.706875
6.479375
6.223125
5.794375
5.953125
5.396875
5.065
5.01125
5.0875
5.699375
6.019375
6.258125
5.980625
5.8775
5.7375
5.76
6.216875
5.865
5.70875
5.39
5.2075
5.5175
5.645
6.0325
5.84125
5.821875
6.2775
6.840625
7.503125
7.794375
7.59625
6.728125
6.155
5.66625
5.005
4.7275
4.439375
4.333125
4.736875
5.113125
5.47875
6.0975
6.14875
6.255
6.1625
5.504375
5.339375
5.25125
5.159375
5.1975
4.9225
4.8225
4.844375
4.96625
5.443125
5.175625
5.148125
5.32375
5.100625
5.3425
5.1725
4.70375
4.640625
4.65875
4.82125
5.465
5.69625
6.078125
6.43375
5.92
5.6125
4.784375
4.263125
4.26125
4.2
4.868125
5.343125
5.750625
6.610625
7.03
7.261875
7.5275
7.259375
6.885625
6.813125
6.76125
6.85
6.82
6.429375
6.153125
5.68375
5.616875
6.029375
6.253125
6.589375
6.45875
6.035625
5.609375
5.389375
5.686875
5.5325
5.77
5.88625
5.440625
5.43375
4.8675
4.733125
5.025
5.33
5.724375
5.470625
5.47
5.44875
5.59125
6.051875
6.16625
6.30125
6.84375
6.9
6.678125
6.83625
6.558125
7.145625
7.82875
7.620625
7.260625
5.97875
5.159375
4.9825
4.66875
5.121875
5.58125
6.01125
6.878125
7.52
7.875625
8.220625
8.165
7.51625
6.655625
5.555625
4.923125
4.881875
4.880625
5.468125
5.95875
6.62375
7.3925
7.235
6.70625
5.59375
4.59
4.265
4.5525
5.173125
5.878125
6.2175
6.09125
6.109375
5.82375
6.07
6.14875
5.988125
5.985625
5.345625
4.979375
4.495
4.516875
5.200625
5.884375
6.7825
7.195
7.22375
7.2975
7.338125
6.9425
6.081875
5.324375
4.681875
4.7
5.264375
5.76125
6.198125
6.1575
5.983125
5.55625
5.20625
5.190625
5.19875
5.483125
5.68625
5.861875
6.20125
6.61
6.694375
6.64375
6.6825
6.2125
5.939375
5.946875
5.370625
5.290625
5.756875
5.770625
6.123125
6.59375
6.306875
6.738125
7.675625
7.893125
8.403125
8.011875
6.59
5.665625
4.928125
5.063125
6.288125
7.388125
7.941875
7.95375
7.036875
6.31
5.97125
5.391875
5.14375
4.618125
4.5
4.79625
5.429375
6.424375
6.690625
7.060625
7.08625
7.079375
7.171875
6.81875
6.45125
5.449375
4.7425
4.465
4.548125
5.274375
5.87125
6.6425
6.675625
6.52625
6.270625
5.685
5.673125
5.715
6.15625
6.21375
6.014375
5.655
5.309375
5.519375
5.8775
6.16125
5.781875
5.03125
4.44
4.494375
4.98625
5.603125
6.22125
6.23375
6.0575
6.44125
6.373125
6.354375
6.45
5.780625
5.6675
5.54375
5.36
5.27
4.901875
5.12125
5.60375
6.29625
6.65375
6.24625
5.760625
5.239375
4.9275
4.7225
4.2275
3.629375
3.723125
3.875
4.191875
5.08375
5.1975
5.699375
6.428125
6.65
6.81
6.69625
6.655625
6.348125
6.588125
7.120625
7.08125
7.5275
7.475625
6.7475
6.16375
5.235
4.52625
4.0975
4.045625
4.145625
4.398125
4.776875
5.13875
5.56625
5.851875
6.2875
6.025625
5.9475
5.604375
4.9025
4.8925
4.481875
4.595625
4.88875
4.87125
4.944375
4.73875
4.459375
4.375625
4.401875
4.44125
4.74375
5.2475
6.15875
6.876875
7.310625
7.34625
6.945625
6.606875
6.40375
6.30625
5.74375
5.65
5.688125
5.68
6.218125
6.2575
6.03375
5.79625
5.4775
5.760625
6.0375
6.134375
6.07
5.565
5.199375
5.141875
5.57875
5.449375
5.295625
4.9925
4.568125
4.98375
5.36375
6.29
6.711875
6.940625
7.173125
6.5
5.933125
5.205
4.653125
4.59875
5.0575
5.889375
6.350625
6.67375
6.33625
5.220625
4.5725
4.086875
4.420625
5.289375
5.98625
6.985625
7.01375
7.045
6.766875
5.825625
5.855625
6.216875
6.81125
7.499375
7.21625
6.0975
5.19875
4.51
4.306875
4.901875
5.484375
6.483125
7.515625
8.155625
8.58375
8.1875
8.209375
8.429375
8.184375
8.22125
7.47625
6.249375
5.800625
5.49875
5.473125
5.895625
6.156875
6.534375
7.07
7.21375
6.765
5.969375
5.34875
5.10375
5.634375
6.53625
6.69375
7.0275
6.695625
5.97875
5.726875
4.861875
4.484375
4.455
4.425625
5.171875
5.748125
6.175625
6.6275
6.426875
6.42625
6.290625
6.24125
6.615625
6.525
6.54875
6.68625
6.611875
6.71375
7.321875
7.705625
7.653125
7.751875
7.365
6.5175
6.25
6.039375
5.2625
5.12875
4.76
4.615
4.985625
5.2275
5.399375
5.24125
5.31
5.19
5.564375
5.555
5.598125
5.8575
5.995625
6.90125
7.4975
7.9175
7.741875
6.8525
5.850625
5.210625
5.338125
5.660625
6.51
6.920625
6.56375
6.70125
6.364375
6.0975
6.4925
6.148125
5.749375
5.501875
4.670625
4.24
4.108125
4.363125
4.87
5.35625
5.73875
5.579375
5.47375
5.38125
5.220625
4.80625
4.75125
5.135
6.03875
7.32625
8.0675
8.356875
7.7425
7.160625
6.84625
6.239375
6.24375
6.469375
6.82625
7.768125
8.459375
8.978125
9.073125
8.464375
7.785625
6.565
5.6625
5.14625
4.9525
5.479375
6.005625
6.609375
6.970625
6.711875
6.135625
5.785
5.596875
5.79125
5.9575
5.5675
5.04375
4.435
4.081875
4.390625
4.97625
5.78625
6.57625
6.6525
6.436875
5.9975
5.5175
5.2325
5.0825
4.91625
4.896875
5.198125
5.203125
5.54
6.053125
6.380625
7.3775
7.765625
7.68875
7.405625
6.19625
5.4675
4.7775
4.29375
4.675625
5.088125
5.64875
6.589375
6.871875
7.079375
7.435
6.97125
6.89
6.373125
5.616875
5.515
5.204375
5.08875
4.983125
4.9925
5.0025
5.32
6.18375
6.565625
7.098125
7.47125
6.943125
6.71875
6.504375
6.070625
6.06875
5.429375
4.786875
4.54375
4.64
5.221875
6.08
6.551875
6.5825
6.613125
5.84875
5.433125
5.049375
4.82125
5.035625
5.040625
5.126875
5.3875
5.721875
5.9275
5.940625
5.183125
4.53125
4.34875
4.37625
4.844375
5.435
5.80625
6.12875
6.599375
6.63875
6.25625
5.898125
5.405
4.728125
4.641875
4.915
4.8375
5.290625
5.45375
4.979375
5.075625
4.804375
4.485
4.535
4.248125
4.13375
4.141875
3.88625
4.221875
4.581875
4.92125
5.68625
5.96375
6.1925
6.434375
6.15625
5.4375
4.878125
4.478125
4.206875
4.33125
4.37125
4.06625
4.22375
4.528125
4.625
4.8675
5.078125
5.085
5.685
6.406875
6.4
6.875
6.428125
5.9775
6.399375
6.335
6.79
6.960625
6.40875
5.63
4.885625
4.49
4.188125
4.380625
4.505
4.80375
5.22875
5.465
5.54
5.285
5.31125
5.3925
5.85
5.821875
5.61625
5.4875
5.194375
5.58
5.735
6.065
6.2125
6.35375
6.7625
6.78625
7.353125
7.455
7.415
7.2025
6.24875
5.956875
5.775
5.769375
5.938125
5.2375
4.546875
4.06
3.648125
3.77125
3.74
3.990625
4.451875
4.91625
5.968125
6.356875
6.94625
7.483125
6.968125
6.546875
5.489375
4.249375
3.8625
3.685625
3.760625
4.096875
3.97375
3.801875
3.81875
4.0925
4.579375
5.07
5.755625
6.2575
6.74625
7.74125
8.11375
7.923125
7.936875
7.08125
6.65875
6.7725
6.51375
6.743125
6.498125
6.030625
5.53125
4.728125
4.5325
4.7125
5.424375
6.37375
6.93125
7.31625
6.96875
6.73125
6.45625
5.79625
5.523125
5.010625
4.69875
4.73375
4.755
4.78625
4.776875
4.80625
5.08875
5.811875
6.966875
7.680625
7.969375
7.89875
7.1125
6.809375
6.57625
6.15625
5.965
5.4325
5.20125
4.883125
4.505
4.340625
3.98375
4.02625
4.134375
4.4075
4.953125
5.43
6.145
6.95375
7.099375
7.135625
6.991875
6.356875
6.105625
5.906875
5.974375
6.029375
5.9825
5.960625
5.248125
4.90375
4.8675
4.925
5.699375
6.23875
6.639375
6.83
6.355625
6.076875
5.4775
4.969375
4.8
4.52625
4.678125
4.83
5.03625
5.056875
4.745625
4.60625
4.5925
5.0175
5.613125
5.76125
5.65875
5.05
4.870625
4.96875
5.130625
6.010625
5.97125
6.031875
6.20125
5.905625
6.1025
6.095625
5.90125
5.555
5.27625
5.20125
5.18125
5.185625
5.386875
5.43375
5.726875
6.275
6.49875
6.88125
6.920625
6.519375
5.875625
5.17625
4.773125
5.0425
5.57625
6.233125
6.8225
6.6725
6.57125
5.936875
5.43375
5.355625
5.208125
5.3975
5.163125
5.038125
5.164375
5.255625
5.386875
5.198125
4.803125
4.444375
4.31125
4.795625
5.3475
6.103125
6.75125
6.51125
6.031875
5.648125
5.236875
5.698125
6.715
7.11875
7.856875
7.67125
6.718125
6.540625
6.21625
6.483125
7.0525
6.895
6.191875
5.151875
4.2175
3.289375
2.858125
2.984375
3.526875
4.63625
5.96375
6.929375
7.175
6.948125
6.216875
5.523125
4.9025
4.491875
4.464375
4.4875
4.76625
5.020625
5.406875
5.638125
5.815625
6.0225
5.79125
5.76875
5.750625
5.703125
5.666875
5.59375
5.749375
5.85125
5.900625
5.60875
4.814375
4.155
4.06875
4.63625
5.579375
6.495
6.856875
6.508125
6.0575
5.499375
5.115
5.056875
5.230625
5.841875
6.246875
6.713125
6.715625
6.334375
6.204375
6.121875
6.443125
6.485
6.470625
6.63125
6.68
6.995
7.389375
7.504375
7.431875
7.559375
7.896875
7.6175
7.593125
7.10375
6.030625
5.750625
5.03
4.56
4.5275
4.5475
4.880625
5.1875
5.349375
5.215
5.105
5.13
5.460625
5.68625
6.035625
6.581875
6.290625
6.183125
5.9275
5.499375
5.709375
5.88375
6.245
5.955625
5.56
5.213125
4.34875
4.295
4.27875
4.21375
4.915625
5.2475
5.611875
6.36
6.184375
6.01125
6.059375
5.748125
6.2
6.75375
6.65625
6.17875
5.196875
4.54875
4.7525
5.33625
6.48375
7.2375
7.22625
7.26
6.519375
5.83875
5.29
4.8575
5.30375
5.81
6.759375
7.361875
7.630625
7.885625
7.71125
7.7
7.290625
6.529375
5.921875
5.6725
5.678125
5.96
6.508125
6.48875
6.506875
6.783125
6.315
5.976875
5.483125
4.693125
4.449375
4.409375
5.010625
5.49375
5.79375
6.089375
5.434375
5.1375
5.044375
5.034375
5.475625
5.55125
5.423125
4.734375
4.25875
4.078125
3.9975
4.39875
4.44375
4.770625
5.135
5.215
5.4025
5.100625
4.83125
5.310625
6.325
7.550625
8.626875
8.671875
8.019375
6.93125
6.005625
5.62625
5.378125
5.349375
5.158125
4.703125
4.29125
4.21875
4.206875
4.503125
4.755625
4.99125
5.245625
5.43125
6.109375
6.110625
6.60125
7.139375
6.72125
6.7925
6.08375
5.55
5.7225
5.9275
6.28125
6.07625
5.814375
5.4275
5.184375
5.014375
4.453125
3.946875
3.876875
4.115
5.054375
6.36625
7.241875
8.399375
9.18875
9.724375
10.108125
9.6225
8.91
7.60625
6.04
5.339375
5.105625
5.4025
6.29625
6.915625
7.24875
7.871875
8.15125
8.325
8.16875
7.216875
6.64125
5.681875
5.230625
5.80625
6.496875
7.6625
8.418125
8.121875
7.030625
5.729375
4.831875
4.75375
5.45375
6.243125
6.66125
6.4325
5.936875
5.631875
5.55375
5.974375
6.070625
6.285
6.75
6.84375
7.033125
6.376875
5.33625
4.94625
4.819375
5.373125
5.804375
5.55875
5.718125
6.109375
6.60375
7.03625
6.690625
5.774375
5.338125
5.2775
5.69625
6.4575
6.624375
6.608125
6.405
6.14375
6.1225
6.206875
6.396875
6.399375
6.47
6.664375
6.460625
6.558125
6.819375
6.84125
7.064375
7.11375
6.790625
6.490625
6.665625
6.460625
6.236875
6.068125
5.515625
5.445
5.77375
6.580625
6.935625
7.086875
6.77375
5.450625
4.545625
3.77625
3.455625
4.225
5.13
5.988125
6.50375
6.090625
5.47375
4.89875
4.306875
3.996875
3.78875
3.988125
4.346875
5.14125
6.315625
7.05375
7.771875
7.8225
7.493125
6.69875
6.184375
6.203125
5.76125
6.0975
5.9175
5.545
5.815625
5.484375
5.76875
5.84
5.626875
5.598125
5.185625
5.135
5.23125
5.646875
5.67875
5.44875
5.048125
4.7625
5.244375
6.163125
7.48125
8.004375
7.7325
7.235625
6.605625
6.75375
7.724375
8.178125
8.259375
7.849375
6.9225
6.353125
6.015625
5.700625
5.596875
5.56
5.695
5.905
5.521875
5.19375
4.69375
4.22375
4.623125
5.2325
5.7675
6.58625
7.023125
6.8225
6.59875
6.141875
5.460625
5.125
4.805625
4.5775
4.90375
5.235
5.626875
5.755
5.40125
5.058125
4.735625
4.563125
4.694375
5.20375
5.7625
6.214375
6.103125
5.2525
4.49625
4.380625
4.70375
5.52125
6.035625
5.865
5.61
5.064375
4.689375
4.488125
4.3325
4.36625
4.829375
5.106875
5.46375
5.77375
5.098125
4.689375
4.30375
4.184375
4.77125
5.330625
5.62625
5.880625
5.905625
5.823125
5.941875
5.38375
5.015625
4.62
4.631875
5.19
5.5725
6.395625
6.7825
7.02
7.695
8.010625
7.83875
7.803125
7.0975
5.93125
5.288125
4.668125
4.620625
5.114375
5.58375
5.968125
5.786875
5.55875
5.215
5.15125
5.31625
5.41375
6.055
6.02625
5.8925
5.948125
5.67
5.7075
6.174375
6.71
6.8475
7.06875
6.816875
6.15375
6.075625
6.13875
6.8125
7.525
7.615
7.615625
7.205
7.096875
7.163125
7.094375
6.585
5.82375
5.1375
4.333125
4.198125
4.258125
4.859375
5.659375
6.05875
6.435
6.004375
5.72
5.425
4.83125
4.651875
4.12
4.0575
4.37625
4.626875
5.55625
6.0375
6.17625
6.36875
5.92375
5.750625
5.661875
5.849375
5.875625
5.6425
5.790625
5.31625
5.134375
5.115
4.61625
4.261875
4.201875
4.38125
5.245625
6.419375
7.06625
7.22
6.888125
6.674375
6.899375
7.52375
7.93625
7.58375
7.0325
6.178125
5.2025
4.814375
4.266875
4.0875
4.574375
4.8575
5.341875
5.81375
5.9525
6.295
6.60875
6.55875
6.284375
5.999375
6.150625
6.165
6.399375
6.729375
6.186875
5.90875
5.639375
5.183125
5.134375
5.089375
5.19
4.83
4.58
4.730625
4.4725
4.94875
5.2625
5.301875
5.6575
5.648125
5.64
5.52625
5.45875
5.4825
5.83875
5.81125
5.59875
5.4775
5.39625
5.641875
6.14125
6.458125
6.4825
6.620625
6.599375
6.9475
6.84375
6.62625
6.26375
5.288125
4.75125
4.4325
4.191875
4.396875
4.594375
4.91
5.63875
6.10125
6.50375
6.161875
5.1825
4.558125
4.095
4.096875
4.468125
4.92625
5.6375
6.708125
7.515
7.469375
6.949375
5.96375
5.136875
5.001875
4.97
4.92625
4.923125
4.79875
4.711875
4.92125
5.119375
5.456875
6.124375
6.300625
6.51375
6.410625
5.6475
5.37
5.42375
6.009375
6.814375
7.29875
6.9475
6.3425
5.82375
5.89375
6.426875
6.41375
6.4025
5.950625
5.635625
5.818125
6.510625
6.766875
6.726875
6.54875
5.338125
4.559375
4.039375
3.78625
4.00625
4.519375
4.786875
4.855625
5.40125
5.42625
5.615
5.62375
4.9875
4.501875
4.42375
4.640625
5.165625
6.13125
6.660625
7.471875
8.3125
8.606875
8.749375
8.0225
7.198125
6.523125
5.71125
5.765
6.105
6.326875
7.1725
7.74375
7.749375
7.955625
7.3875
6.71375
6.12
5.485625
5.62375
5.378125
5.399375
5.366875
5.213125
5.72125
6.189375
6.751875
6.616875
5.898125
5.32375
4.57875
4.653125
5.00375
5.115
5.4775
5.658125
6.096875
6.395
6.55625
6.565625
6.27875
6.246875
6.22625
5.639375
4.934375
4.5175
4.26625
4.661875
5.243125
5.21125
5.3
5.641875
5.98375
6.55125
6.5025
5.979375
5.62875
5.555
5.655625
6.08375
6.631875
6.7025
6.978125
6.88
6.38375
6.169375
5.958125
6.22625
6.42625
6.65
7.053125
6.87125
6.70625
6.431875
5.636875
5.134375
4.9325
4.683125
4.95125
5.046875
5.079375
5.275625
4.9675
4.81125
4.4025
4.42
4.908125
5.5725
6.35625
6.109375
5.57625
4.8875
4.475625
4.536875
4.9675
5.728125
6.18375
7.04875
7.44875
7.05375
6.54625
5.650625
4.798125
4.875625
5.248125
5.895625
7.0175
7.674375
8.176875
8.075
7.6425
6.82625
6.115
5.983125
5.390625
5.273125
5.275
5.151875
5.489375
5.9225
6.395625
7.00625
7.799375
7.96625
7.92125
7.55875
7.01375
7.3475
7.2975
6.973125
6.7025
6.098125
5.825
6.13125
6.1475
5.90625
5.941875
6.064375
6.578125
6.955
6.87875
6.1325
5.201875
4.895
5.2575
5.95125
6.785
7.389375
7.27375
7.20625
6.8725
5.866875
4.955
4.104375
3.60875
3.758125
4.093125
4.29
4.57375
4.8825
5.2725
5.74375
5.4925
5.415625
5.2575
5.564375
6.291875
6.381875
6.75
6.323125
6.03375
6.08125
5.804375
5.746875
5.5675
5.68625
6.003125
6.765625
7.57875
7.71125
7.125625
5.899375
4.46125
3.7525
3.896875
4.428125
5.23125
5.723125
5.7425
5.444375
4.820625
4.18375
3.8675
4.074375
4.761875
5.2925
5.9125
6.08875
5.9925
6.105625
5.71625
5.708125
5.993125
6.50375
7.13125
7.640625
7.39875
6.49875
5.73875
4.4925
3.690625
3.318125
3.533125
4.508125
5.696875
7.166875
8.070625
8.594375
9.065625
9.311875
9.27875
9.245625
8.75875
7.680625
6.7775
5.98
5.960625
6.52875
7.479375
8.324375
8.704375
9.260625
9.099375
8.938125
8.29125
6.926875
6.44125
5.571875
5.34375
5.77
5.8625
6.3925
6.65625
6.57
5.9375
5.11625
4.4625
4.196875
4.533125
5.058125
5.424375
5.365625
5.145625
4.899375
4.856875
5.158125
5.27375
5.64
6.288125
6.696875
7.650625
8.048125
7.495625
6.804375
5.529375
4.63
4.375625
4.429375
4.65375
4.579375
4.58375
4.43375
4.25625
4.281875
4.06875
3.90375
4.073125
4.285625
4.525625
4.99875
5.100625
5.133125
5.354375
5.08
4.78875
4.550625
4.07125
4.231875
4.886875
5.50875
6.261875
6.455
6.101875
6.19375
6.18625
6.365625
6.458125
5.830625
5.351875
4.95375
5.395625
5.955625
6.3875
6.79875
6.2075
6.1125
6.384375
6.311875
6.646875
6.31625
5.538125
5.069375
4.98875
5.3825
5.904375
6.8125
6.988125
6.90125
6.820625
6.176875
6.0925
6.0525
5.975
5.715625
5.283125
5.026875
4.808125
4.94375
4.89375
4.714375
4.42875
4.375625
4.495
5.053125
6.15375
7.00125
8.008125
8.13875
7.288125
6.16375
4.686875
3.928125
3.714375
4.26
5.484375
6.561875
8.184375
8.9375
8.76875
8.163125
6.57625
5.291875
4.88
4.783125
5.118125
5.89375
6.233125
6.599375
6.974375
7.095625
6.833125
6.61625
6.83125
6.504375
6.56125
6.65875
6.214375
6.190625
6.264375
6.08625
5.833125
5.606875
5.29
5.023125
4.786875
4.515
4.050625
3.756875
3.561875
3.42
3.38375
3.2725
3.248125
3.065
3.041875
3.05
3.181875
3.57375
4.13875
4.65875
4.87125
5.10375
5.00875
4.9875
5.11875
5.106875
5.015
4.843125
4.6625
4.26875
4.029375
4.131875
4.214375
4.709375
5.315
5.323125
5.335
5.03625
4.670625
4.74625
4.8875
5.365
5.805625
6.36875
7.035
7.32875
7.43
6.965625
6.234375
5.60625
5.33625
5.2025
5.59875
5.97875
5.99125
6.2975
6.086875
6.101875
6.69375
6.99375
7.225625
7.21125
6.48
5.90125
5.335
4.9775
4.955
5.2125
5.593125
5.711875
5.830625
5.338125
4.88375
4.4525
4.175625
4.4925
5.1825
6.255
7.459375
8.0425
7.946875
7.226875
5.755625
4.764375
4.384375
4.32375
4.728125
5.03625
4.865
4.869375
4.898125
5.203125
5.520625
5.554375
5.725
5.311875
5.06
5.024375
4.895
5.0975
5.304375
5.328125
5.284375
5.41125
5.505
5.569375
5.380625
4.45625
3.92
3.666875
3.695625
4.56625
4.6975
4.93
5.18625
4.9125
5.225
5.344375
5.354375
5.5975
5.44875
4.913125
4.43875
4.170625
4.260625
4.87
5.425625
5.660625
5.56375
5.274375
5.368125
5.394375
5.739375
5.885
5.363125
5.43
5.19375
5.6425
6.69875
6.878125
7.358125
7.3525
6.84875
6.925
6.79375
6.450625
6.280625
6.0475
5.75875
5.681875
5.991875
6.28125
6.96125
7.308125
6.98375
6.645625
6.175
6.141875
6.548125
6.7275
6.755
6.906875
6.87375
6.855625
6.396875
5.51
4.5525
3.77625
3.669375
3.606875
3.746875
3.74125
3.566875
3.82125
4.12625
4.64
5.245625
5.43375
5.693125
5.9775
5.8175
5.785625
5.58125
5.364375
5.453125
5.679375
5.868125
5.928125
5.76875
5.40625
5.08125
4.844375
5.19375
5.570625
6.125625
6.473125
6.21625
6.02625
5.3225
4.828125
4.888125
4.950625
5.4525
5.820625
5.5725
5.465625
5.63875
6.2525
6.998125
7.714375
7.94125
7.621875
7.411875
7.074375
6.460625
6.220625
6.405625
6.45625
6.94
6.93125
6.211875
5.76125
5.259375
5.038125
5.29125
5.125625
4.985
5.013125
4.8975
5.06625
5.469375
5.915625
6.361875
6.833125
6.745
6.139375
5.53375
4.984375
4.894375
5.359375
5.824375
6.245625
6.314375
6.265
6.4025
6.309375
6.789375
7.163125
7.163125
7.430625
6.938125
6.339375
5.80875
5.509375
5.745625
5.97
6.394375
6.2075
5.73
5.54875
5.28625
5.329375
5.693125
5.545
5.575
5.72375
5.50125
6.098125
6.2325
6.540625
7.088125
6.998125
7.15
7.009375
6.93375
7.01
7.1425
7.123125
6.99125
6.445
6.0575
5.821875
5.4825
5.683125
5.71125
5.739375
6.24875
6.79375
7.30125
7.630625
7.470625
7.323125
7.4375
7.62375
7.809375
7.490625
6.723125
6.0125
5.33375
5.31625
5.4125
5.75125
5.985625
5.53
5.295625
4.749375
4.554375
4.7475
4.74875
5.128125
5.335
5.513125
6.078125
6.38375
6.689375
6.96625
6.9375
6.90875
6.88
6.90875
6.9375
6.825625
6.71375
6.573125
6.101875
5.911875
5.721875
5.5275
5.994375
6.18
6.2175
6.41375
5.944375
5.62875
5.609375
5.338125
5.563125
5.56875
5.42625
5.553125
5.18125
5.20875
5.088125
4.795625
5.07375
5.12125
5.545625
5.770625
5.660625
5.588125
4.9325
4.45125
4.14625
3.84125
4.045625
4.275
4.735625
5.374375
5.976875
6.579375
6.570625
6.243125
5.759375
5.60625
5.705
5.825625
6.02125
5.526875
5.271875
5.135625
4.924375
5.12625
4.93625
4.72125
4.40875
4.16125
4.194375
4.583125
5.279375
5.684375
6.42625
6.5025
6.23375
6.31
5.6825
5.365625
5.25
5.25
5.25
5.25
