0.39
0.39
0.39
0.39
0.3825
0.37125
0.36
0.365
0.3925
0.429375
0.46125
0.471875
0.4625
0.435
0.3975
0.365
0.34625
0.344375
0.365
0.39
0.42125
0.446875
0.459375
0.47
0.469375
0.451875
0.435625
0.43375
0.42125
0.42375
0.4225
0.405625
0.414375
0.43
0.44625
0.4675
0.471875
0.46125
0.45875
0.44125
0.419375
0.408125
0.378125
0.365625
0.360625
0.356875
0.370625
0.379375
0.3925
0.393125
0.389375
0.393125
0.39875
0.425
0.45125
0.46875
0.470625
0.4575
0.444375
0.43125
0.425
0.42375
0.43
0.4375
0.445
0.45
0.45
0.45
0.45
