4.9125
4.9125
4.9125
4.9125
5.66875
6.7125
7.65
7.79375
7.61875
6.59375
5.5625
5.31875
5.20625
5.99375
6.78125
7.175
7.675
7.54375
7.6
7.25625
7.2625
7.38125
6.95625
6.99375
6.38125
5.525
5.0125
4.375
4.2375
4.975
5.84375
7.175
7.8625
7.7375
7.76875
7.00625
6.63125
6.525
6.09375
6.45
6.81875
6.8375
6.8875
6.54375
6.19375
6.34375
6.2
5.875
5.55
5.0
5.325
5.51875
5.6125
5.8125
5.26875
5.13125
5.09375
5.40625
5.74375
6.3875
7.29375
7.56875
7.94375
7.7375
6.925
6.575
6.28125
6.35
6.775
6.71875
6.85
6.4
5.9375
5.74375
5.3875
5.43125
5.625
5.45625
4.95
4.44375
3.7875
3.7125
3.99375
4.28125
4.40625
4.4
4.8
5.5875
6.93125
8.19375
9.00625
9.175
8.95
8.5125
7.86875
7.33125
6.74375
6.2875
6.24375
6.24375
6.34375
6.45625
5.9625
5.5
4.775
4.25
4.1875
4.50625
4.9375
5.28125
5.9
6.20625
6.625
6.83125
6.3
5.8125
5.79375
6.33125
7.26875
7.9125
7.7375
6.69375
6.05
5.88125
6.20625
7.10625
7.26875
7.20625
7.16875
7.11875
7.74375
8.2
8.075
7.68125
6.55625
5.75
5.35
5.325
5.85625
5.99375
6.2875
6.55
6.30625
6.55
6.40625
5.6875
5.55
4.925
4.5
4.46875
4.2
4.09375
4.1
4.25
4.4875
4.86875
5.10625
5.05
4.7625
4.5875
4.65
4.925
5.2875
5.8125
5.96875
6.0625
6.2625
5.725
5.43125
5.29375
5.10625
5.31875
5.475
5.3875
5.25
5.175
5.1
4.96875
4.8875
5.08125
5.675
6.4875
7.48125
7.74375
7.2125
6.69375
5.925
5.53125
5.5125
5.40625
5.19375
4.9625
4.825
4.75625
4.98125
5.28125
5.39375
5.05625
4.6
4.18125
3.93125
4.44375
4.95625
5.48125
6.34375
7.00625
7.83125
8.81875
9.18125
8.8
7.975
6.9
5.8875
5.60625
6.11875
6.18125
6.8125
7.41875
7.2625
7.75625
7.4
6.75
6.15
5.2
4.69375
4.3375
4.45
4.90625
5.575
6.15
6.24375
6.1
5.75
5.59375
5.64375
5.7375
5.63125
5.48125
5.53125
5.6
6.1375
6.725
6.93125
6.7875
6.325
5.80625
5.475
6.0375
6.7
7.09375
7.7
7.5125
7.225
7.55625
7.45625
7.36875
7.5625
7.15
7.35625
7.81875
7.65
7.7125
7.14375
6.6125
6.7
6.7375
7.00625
7.2
6.9625
6.55625
6.2
5.7875
5.58125
5.575
5.30625
5.25625
5.11875
4.96875
4.93125
4.3875
4.25
4.25
4.45
5.3625
5.69375
5.98125
6.225
6.075
6.25
6.3125
6.40625
6.30625
6.20625
5.85625
5.26875
5.35
5.44375
5.9
6.4125
6.08125
5.76875
5.425
5.175
5.1375
5.0125
4.83125
4.74375
5.01875
5.025
5.1625
5.26875
5.09375
5.225
4.9375
4.74375
4.875
5.38125
6.10625
6.85625
7.25
6.83125
6.48125
5.5
4.81875
4.73125
4.86875
5.7
6.4125
6.95625
7.05
6.76875
6.3875
5.98125
6.1125
6.3
6.43125
6.5375
6.375
6.51875
6.70625
6.64375
6.5625
6.1625
6.04375
6.68125
7.29375
7.76875
7.79375
6.775
5.425
4.45625
3.73125
3.79375
4.43125
4.76875
5.15625
5.425
5.325
5.58125
5.7
5.7625
6.34375
6.75
7.1875
7.2625
6.53125
5.65625
4.88125
4.4625
4.53125
4.64375
4.64375
4.7125
4.70625
4.9125
5.18125
5.46875
5.84375
6.31875
7.2375
7.89375
8.4625
8.33125
7.54375
6.73125
6.16875
5.94375
5.7375
5.78125
5.39375
5.45
5.525
5.90625
6.38125
6.24375
6.5
6.01875
5.49375
5.49375
5.60625
5.99375
6.68125
6.88125
6.74375
6.5875
6.2625
6.44375
6.39375
6.45625
6.54375
6.35
6.21875
6.05625
6.075
5.98125
5.88125
6.025
5.69375
5.55625
5.71875
5.44375
5.5
5.26875
4.88125
4.81875
4.44375
4.40625
4.675
4.68125
4.99375
5.39375
5.51875
5.96875
6.1875
6.05625
5.73125
5.2125
5.44375
5.95625
6.55
7.35
7.18125
6.7
6.28125
5.45
5.175
5.2625
5.69375
6.5375
7.45
8.21875
8.78125
8.8
8.38125
7.7625
6.78125
6.29375
6.21875
6.3
6.775
7.09375
6.75625
6.25
5.69375
5.06875
4.94375
5.56875
5.98125
6.3125
6.59375
5.80625
5.30625
4.875
4.6375
5.11875
5.49375
6.09375
6.5
6.6125
6.51875
6.225
5.93125
5.65
5.9375
6.275
6.25625
6.20625
5.75625
5.375
5.575
6.09375
6.15625
6.2625
6.25
5.84375
6.0125
5.8125
5.4875
5.3375
5.40625
5.89375
6.65
7.79375
8.6
9.1375
9.19375
8.45
7.45625
6.84375
6.35625
6.10625
6.01875
5.43125
5.0375
4.8875
4.68125
4.9375
5.175
5.60625
6.2625
6.6875
6.8125
6.45625
6.01875
5.3625
4.8375
4.7
4.55
4.45625
4.79375
4.6875
4.66875
5.0375
5.00625
5.55
5.94375
5.95625
5.89375
5.3625
4.75625
4.30625
4.14375
4.225
4.625
5.3375
5.6625
5.7
5.5625
5.04375
5.05625
5.2375
5.825
6.5
7.09375
8.2
8.725
9.23125
9.53125
8.95
8.39375
7.66875
6.7625
6.1625
6.05625
6.125
6.35
6.95625
7.01875
7.13125
7.1375
6.725
6.49375
6.14375
6.0125
5.95
5.58125
5.225
4.63125
4.00625
4.09375
4.45
5.10625
6.35
7.05625
7.54375
8.13125
7.775
7.9125
7.94375
7.3875
7.5
7.04375
6.63125
6.48125
6.1125
5.80625
5.69375
5.50625
5.55
5.825
6.2375
6.86875
6.86875
6.58125
6.025
5.7125
5.8
6.675
7.15
7.24375
7.50625
6.75625
6.40625
5.88125
5.41875
5.4625
5.4125
5.89375
6.14375
6.16875
6.26875
6.05625
5.44375
5.5625
6.2125
6.6625
7.5125
7.55
7.075
7.03125
7.18125
7.26875
6.79375
6.13125
5.23125
4.9375
5.76875
6.41875
7.09375
7.74375
7.41875
7.25
7.1
6.475
6.275
5.96875
5.93125
5.96875
6.1625
6.58125
6.48125
6.85
7.075
7.175
7.56875
7.625
7.525
7.66875
7.6375
7.20625
6.90625
6.21875
5.81875
5.70625
5.68125
5.94375
5.775
5.71875
5.43125
5.0375
4.975
5.0875
5.53125
5.925
6.325
6.4375
6.3375
5.95625
5.45
5.09375
4.43125
4.1375
4.05625
4.11875
4.7375
5.40625
5.775
5.74375
5.825
6.13125
6.59375
7.475
7.61875
6.94375
6.45
5.5125
4.8625
4.99375
4.89375
5.13125
5.8125
6.125
6.33125
6.44375
6.15625
6.1875
6.31875
6.45625
6.575
6.19375
5.975
5.9375
6.05625
6.675
7.51875
7.81875
7.90625
7.49375
6.34375
5.90625
5.63125
5.45625
5.56875
5.35
5.05625
5.3125
5.63125
5.70625
5.775
4.93125
4.1875
3.8125
3.6
4.01875
4.66875
4.925
5.49375
5.84375
5.9125
6.225
5.7875
5.54375
5.53125
5.675
6.0125
6.31875
5.88125
5.35625
5.45625
5.375
6.31875
7.4625
7.725
8.35625
8.025
7.24375
7.2625
6.8375
7.10625
7.3375
6.71875
6.18125
5.09375
4.2125
3.83125
3.84375
4.3375
5.025
5.6625
5.9125
5.93125
5.76875
5.60625
5.475
5.34375
5.2125
5.06875
5.23125
5.3375
5.275
5.14375
4.78125
5.09375
5.79375
6.66875
7.725
7.88125
7.5875
7.2
6.63125
6.4875
6.80625
7.525
7.84375
7.925
7.5625
6.35
5.425
4.7125
4.35625
4.40625
5.08125
5.825
6.225
7.1625
7.19375
6.9
6.775
5.675
5.13125
4.60625
4.34375
4.64375
4.6125
5.33125
5.73125
6.05
6.6
6.08125
5.425
4.65625
3.89375
3.625
3.74375
4.0875
4.3625
4.61875
4.7125
4.8625
5.075
5.3625
5.8
6.3
6.53125
6.93125
7.43125
7.46875
7.94375
8.175
7.75625
7.59375
7.175
6.81875
7.05625
7.0625
6.84375
6.29375
5.35625
4.475
3.7375
3.325
3.325
4.0375
5.16875
6.5125
7.55
8.025
7.94375
7.6125
7.40625
6.96875
6.8125
6.63125
6.30625
6.2125
6.1375
6.1125
6.19375
6.16875
6.15
6.3125
6.60625
7.34375
7.79375
7.5875
7.04375
5.76875
5.28125
5.4625
5.76875
6.4125
6.1
5.30625
4.6375
4.075
4.05
4.3875
4.95
5.525
6.025
6.41875
6.51875
6.5
6.1125
5.7375
5.14375
4.55
4.7375
5.10625
5.91875
6.9
6.9875
7.09375
6.9125
6.95625
7.43125
7.3
7.34375
6.65625
5.78125
5.25625
4.33125
3.85625
3.90625
4.25
5.05625
6.14375
6.5875
6.6
6.625
5.8625
5.36875
5.275
5.0875
5.53125
6.16875
6.4375
6.40625
6.25625
6.26875
6.375
6.91875
7.15
6.79375
6.5
5.79375
5.525
5.75625
5.9875
6.3875
6.53125
6.19375
5.84375
5.58125
5.23125
4.85
4.5
4.0875
3.9875
4.23125
4.4375
4.61875
4.5875
4.49375
4.83125
5.475
6.3875
7.46875
7.8
7.70625
7.4
6.90625
6.59375
6.375
6.3375
6.50625
6.925
7.80625
8.325
8.14375
8.0875
7.06875
6.01875
5.775
5.24375
5.44375
5.85625
5.8
6.0625
6.1
6.1375
6.4625
6.08125
5.75625
5.825
5.475
6.0375
6.6375
6.39375
6.41875
5.75625
5.2625
5.4625
5.79375
6.3375
6.63125
6.8875
7.03125
7.2625
7.3875
6.89375
6.8
6.41875
6.1875
6.78125
6.70625
6.75625
6.95625
6.5625
6.2125
5.8875
5.45625
4.825
4.68125
4.775
4.63125
5.09375
5.13125
5.2125
5.39375
5.20625
5.575
5.5
6.0125
6.75
6.69375
6.88125
6.0625
5.06875
4.60625
4.0375
4.08125
4.3125
4.16875
4.2125
4.16875
4.43125
5.05
5.6375
6.6125
7.1875
7.81875
8.275
7.8375
7.16875
6.5625
6.51875
7.4625
8.86875
9.65
9.58125
8.5375
6.7
5.15625
4.0125
3.625
3.9625
4.6875
5.8125
6.46875
7.025
7.5
7.325
7.2625
7.26875
6.61875
6.06875
5.9
5.55625
5.775
6.3375
6.36875
6.69375
7.0625
7.19375
7.56875
7.4875
7.25
6.74375
6.44375
6.04375
5.59375
5.7875
5.38125
5.39375
5.6875
5.88125
7.01875
8.10625
8.5625
8.7875
7.9375
7.025
6.4625
5.44375
5.26875
5.43125
5.8625
6.86875
7.725
7.84375
7.58125
7.1375
6.1125
5.61875
5.5
5.6625
6.625
7.725
8.5625
9.1125
9.2625
8.9375
8.33125
7.55
6.5375
5.54375
5.19375
5.13125
5.35
5.9
5.9375
5.8875
5.96875
5.7625
5.75
5.9375
5.94375
6.075
6.175
6.20625
5.96875
5.7625
5.6875
5.56875
5.5875
5.8125
6.1375
6.44375
6.86875
6.85625
6.5875
6.225
5.8875
5.9625
5.875
5.9
6.13125
5.8125
5.9625
6.275
6.09375
6.3375
6.25
5.75
5.58125
5.4375
5.38125
5.53125
5.775
5.925
6.4125
6.65
6.65
6.8
6.6125
6.925
7.2625
7.49375
7.51875
7.01875
6.58125
5.73125
5.1125
4.85
4.7375
5.05625
5.1375
5.2
5.13125
5.1125
5.7
6.38125
7.025
7.95625
8.2625
8.34375
8.35625
7.575
6.85625
6.20625
5.98125
6.3375
7.05625
7.625
7.29375
6.7125
5.65
4.7375
4.95
5.3125
6.05625
6.6875
6.19375
5.39375
4.66875
4.56875
5.19375
6.1875
7.0625
7.24375
7.2625
7.38125
7.425
7.58125
7.7375
7.25
6.7875
6.64375
6.65
7.2625
7.66875
7.3125
6.65625
5.63125
5.04375
5.3
5.76875
6.73125
7.64375
8.00625
8.24375
7.69375
6.69375
6.10625
5.64375
5.9
6.5125
6.90625
7.575
7.675
7.53125
7.15
7.15
7.15
7.15
