0.89625
0.89625
0.89625
0.89625
0.918125
1.10875
1.2825
1.323125
1.390625
1.376875
1.28625
1.2525
1.203125
1.235
1.263125
1.33
1.355
1.339375
1.24
1.1075
1.021875
0.870625
0.890625
0.926875
0.935625
1.075625
0.965
0.844375
0.77375
0.723125
0.83625
1.074375
1.296875
1.30125
1.346875
1.33125
1.406875
1.59625
1.793125
1.8075
1.711875
1.65375
1.458125
1.36375
1.265625
1.106875
1.206875
1.3475
1.378125
1.47
1.241875
1.048125
0.93375
0.843125
0.97625
1.004375
1.209375
1.309375
1.249375
1.386875
1.30125
1.325
1.45125
1.2925
1.175625
1.001875
0.79
0.70625
0.60625
0.525
0.555625
0.62
0.761875
0.84625
0.84875
0.835
0.805625
0.858125
0.85625
0.905
0.945
0.923125
0.90625
0.74
0.554375
0.400625
0.351875
0.494375
0.65625
0.810625
0.8425
0.77875
0.758125
0.74125
0.865
0.98875
1.1025
1.22
1.21
1.143125
0.953125
0.924375
0.99625
1.105625
1.361875
1.301875
1.266875
1.28
1.221875
1.36
1.340625
1.25375
1.1425
1.01375
0.96375
0.94375
0.9625
0.858125
0.691875
0.5725
0.485625
0.51375
0.62875
0.715
0.815625
0.973125
1.109375
1.188125
1.131875
0.999375
0.830625
0.828125
0.946875
1.144375
1.3675
1.39625
1.358125
1.075
0.8175
0.683125
0.650625
0.835
1.133125
1.325625
1.4775
1.694375
1.77875
1.96
2.1925
2.16875
1.99375
1.886875
1.589375
1.399375
1.345625
1.045
0.799375
0.62
0.448125
0.38375
0.409375
0.37375
0.350625
0.379375
0.378125
0.438125
0.661875
0.91
1.201875
1.510625
1.6525
1.711875
1.645
1.5575
1.46625
1.43
1.52625
1.649375
1.600625
1.4975
1.298125
0.98625
0.943125
0.961875
1.17875
1.508125
1.68875
1.823125
1.65125
1.290625
0.941875
0.639375
0.506875
0.5275
0.764375
1.050625
1.299375
1.465625
1.30625
1.074375
0.95625
0.9
1.0675
1.2575
1.268125
1.366875
1.471875
1.49875
1.599375
1.556875
1.309375
1.229375
1.175625
1.3175
1.543125
1.656875
1.811875
1.66
1.568125
1.325
0.9375
0.8825
0.835
0.92125
1.145625
1.125
1.036875
1.05625
1.140625
1.20875
1.361875
1.391875
1.194375
1.099375
0.933125
0.7375
0.65375
0.593125
0.55
0.575
0.585625
0.70125
0.843125
1.03625
1.20125
1.061875
0.884375
0.5875
0.346875
0.308125
0.298125
0.525
0.7575
0.976875
1.24375
1.1625
1.09125
0.941875
0.68125
0.6525
0.615
0.809375
1.070625
1.310625
1.615625
1.66125
1.708125
1.796875
1.74375
1.693125
1.6325
1.3525
1.040625
0.848125
0.675
0.63875
0.66875
0.683125
0.68125
0.65375
0.645625
0.588125
0.49375
0.43375
0.48875
0.6275
0.7975
1.019375
1.12875
1.26875
1.40625
1.513125
1.62
1.555625
1.558125
1.475625
1.3375
1.219375
1.0
0.871875
0.91125
1.1675
1.440625
1.68125
1.81
1.646875
1.52875
1.381875
1.06125
0.853125
0.6
0.365
0.336875
0.5075
0.78875
1.09625
1.35625
1.331875
1.305
1.246875
1.206875
1.26625
1.24
1.214375
1.195625
1.23875
1.115625
1.0225
0.915
0.726875
0.73875
0.721875
0.7675
0.958125
1.12125
1.3475
1.426875
1.228125
1.149375
0.963125
0.903125
1.010625
0.913125
0.89625
0.8325
0.85375
0.95375
1.03125
1.0875
1.024375
0.96125
0.993125
1.09375
1.339375
1.665625
1.846875
1.984375
1.88375
1.52625
1.239375
0.92375
0.691875
0.641875
0.656875
0.764375
0.931875
1.09375
0.995625
0.81875
0.635
0.45125
0.475625
0.576875
0.653125
0.9
1.08
1.225625
1.36625
1.2225
1.229375
1.10125
0.9925
1.053125
0.97375
1.043125
1.15125
1.13375
1.09125
1.059375
1.03875
1.063125
1.135
1.245625
1.391875
1.658125
1.924375
2.019375
1.9225
1.654375
1.33875
1.039375
0.77875
0.558125
0.446875
0.56
0.763125
0.9975
1.155625
1.160625
1.15
1.261875
1.408125
1.41
1.398125
1.24625
1.180625
1.271875
1.3525
1.39875
1.1725
0.9725
0.784375
0.653125
0.699375
0.616875
0.540625
0.425625
0.31
0.370625
0.604375
0.88625
1.30375
1.64
1.658125
1.699375
1.5925
1.471875
1.47125
1.491875
1.514375
1.629375
1.76375
1.749375
1.56125
1.20875
0.894375
0.675
0.62875
0.58875
0.658125
0.7325
0.84125
1.175625
1.365625
1.568125
1.71125
1.534375
1.2475
1.038125
0.885
1.06375
1.41
1.585
1.7325
1.54625
1.360625
1.239375
1.106875
1.31375
1.309375
1.375625
1.435625
1.2375
1.243125
1.16
1.134375
1.281875
1.321875
1.366875
1.424375
1.29
1.210625
1.185
0.98625
0.94375
0.9
0.806875
0.830625
0.709375
0.600625
0.645
0.713125
0.90125
1.1625
1.29125
1.379375
1.56875
1.636875
1.55
1.494375
1.20625
1.085
1.195
1.271875
1.386875
1.220625
0.888125
0.75125
0.72125
0.889375
1.1425
1.105625
0.996875
0.87125
0.83875
0.953125
1.18375
1.47375
1.61
1.68
1.7525
1.660625
1.653125
1.624375
1.35875
1.081875
0.745
0.543125
0.47
0.486875
0.578125
0.595625
0.683125
0.80375
0.975625
1.140625
1.229375
1.285
1.200625
1.196875
1.225625
1.304375
1.550625
1.714375
1.860625
1.96375
1.87625
1.635625
1.405
1.12
0.82375
0.67125
0.516875
0.361875
0.465625
0.620625
0.789375
1.06875
1.100625
1.0675
1.01875
1.02125
1.1025
1.25375
1.4175
1.325
1.17875
0.925
0.66625
0.57875
0.55125
0.619375
0.7775
0.933125
1.096875
1.194375
1.2825
1.30375
1.27125
1.275625
1.1975
1.200625
1.39625
1.626875
1.803125
1.858125
1.606875
1.33125
1.089375
0.943125
0.975
0.96
0.910625
0.823125
0.668125
0.52125
0.4225
0.38875
0.391875
0.41375
0.415
0.42125
0.495625
0.62375
0.869375
1.155625
1.346875
1.5375
1.725625
1.658125
1.64125
1.576875
1.2525
1.13625
1.128125
1.19875
1.485625
1.746875
1.77
1.545625
1.2375
0.861875
0.53625
0.379375
0.36
0.4325
0.589375
0.76375
0.92125
0.9975
1.058125
1.17375
1.104375
1.24625
1.374375
1.396875
1.553125
1.39625
1.27125
1.179375
1.13875
1.235625
1.2825
1.27625
1.079375
1.040625
1.009375
1.14
1.35375
1.2475
1.15875
0.93875
0.831875
0.93
1.196875
1.479375
1.56875
1.621875
1.50625
1.356875
1.375
1.374375
1.2225
1.125625
0.94375
0.79625
0.8
0.903125
1.049375
1.164375
1.430625
1.58125
1.695
1.975625
1.993125
1.95625
1.90625
1.593125
1.4475
1.263125
1.129375
1.045
0.816875
0.77875
0.7
0.7175
0.91125
0.94
0.991875
1.1525
1.283125
1.474375
1.84
2.06125
2.0575
2.0325
1.6925
1.2425
0.998125
0.83875
0.78625
0.83125
0.789375
0.67875
0.77625
1.014375
1.3425
1.636875
1.630625
1.324375
0.968125
0.834375
0.784375
1.08375
1.453125
1.5075
1.640625
1.598125
1.46625
1.441875
1.34
1.124375
1.0425
1.04125
1.110625
1.29375
1.285
1.210625
1.0825
0.891875
0.786875
0.675625
0.65125
0.69875
0.74625
0.90125
0.92625
1.106875
1.373125
1.473125
1.7025
1.688125
1.509375
1.5825
1.554375
1.5775
1.584375
1.278125
1.0075
0.72625
0.635
0.658125
0.68875
0.795625
0.8075
0.888125
1.11625
1.35625
1.563125
1.698125
1.59625
1.415
1.37875
1.375625
1.38875
1.516875
1.406875
1.310625
1.27
1.031875
0.8725
0.728125
0.63375
0.594375
0.77625
0.900625
0.995
1.316875
1.35875
1.584375
1.77875
1.68875
1.725625
1.52875
1.4225
1.45625
1.555
1.670625
1.665625
1.55375
1.220625
0.925
0.825
0.971875
1.39
1.83125
2.005625
2.01375
1.7175
1.4225
1.38
1.1825
1.26625
1.380625
1.2025
1.168125
0.965625
0.699375
0.63
0.62625
0.66375
0.736875
0.75
0.764375
0.840625
0.954375
1.11125
1.153125
1.22625
1.219375
1.175625
1.195
0.96125
0.8275
0.835
0.950625
1.270625
1.636875
1.77625
1.629375
1.441875
0.974375
0.7825
0.833125
0.9375
1.389375
1.528125
1.705
1.844375
1.724375
1.895
1.880625
1.7925
1.8775
1.649375
1.4275
1.369375
1.08625
0.989375
1.004375
1.0025
1.1075
1.195
1.243125
1.08
0.969375
0.85875
0.78125
0.96875
1.143125
1.383125
1.6125
1.630625
1.775625
1.940625
2.083125
2.216875
2.070625
1.83875
1.489375
1.23875
1.19125
1.003125
1.020625
1.075625
0.9925
1.105
1.04625
0.88
0.789375
0.563125
0.414375
0.356875
0.2975
0.310625
0.329375
0.27375
0.229375
0.281875
0.34
0.44
0.52875
0.44
0.345625
0.299375
0.264375
0.32375
0.551875
0.71375
0.90625
1.0875
0.93125
0.763125
0.516875
0.371875
0.39
0.44375
0.539375
0.47375
0.436875
0.394375
0.385625
0.586875
0.7475
0.998125
1.355625
1.483125
1.623125
1.600625
1.351875
1.13
0.918125
0.755625
0.62
0.513125
0.395625
0.306875
0.246875
0.275625
0.315625
0.35
0.414375
0.36125
0.385625
0.41
0.44
0.576875
0.630625
0.853125
1.07
1.220625
1.31625
1.110625
0.9475
0.868125
0.905625
1.03375
1.07125
0.953125
0.6775
0.451875
0.313125
0.32125
0.425
0.518125
0.5675
0.520625
0.569375
0.733125
0.86875
1.109375
1.254375
1.286875
1.375
1.356875
1.33875
1.225625
1.075
0.93625
0.71
0.594375
0.548125
0.57
0.705
0.80875
0.884375
1.03625
1.176875
1.319375
1.376875
1.31875
1.20625
1.10375
1.035625
0.81625
0.648125
0.47875
0.35125
0.52625
0.69375
0.865625
1.0925
1.0825
1.09375
1.28
1.386875
1.490625
1.544375
1.26875
0.930625
0.77
0.7
0.775
0.905625
0.900625
0.741875
0.76
0.881875
1.014375
1.235
1.121875
0.853125
0.645
0.47
0.453125
0.59
0.714375
0.860625
1.05375
1.103125
1.16125
1.114375
1.0325
0.985625
0.97375
0.98125
1.061875
1.15125
1.096875
1.10375
1.005
0.926875
0.936875
1.05375
1.119375
1.119375
1.119375
1.119375
