-0.645
-0.645
-0.645
-0.645
-0.39375
0.005625
0.366875
0.38125
0.169375
-0.1425
-0.359375
-0.448125
-0.475625
-0.445625
-0.374375
-0.261875
-0.12375
-0.03
-0.2475
-0.511875
-0.641875
-0.68125
-0.38
-0.05625
0.015625
0.02125
-0.210625
-0.4425
-0.590625
-0.62
-0.52625
-0.31625
-0.0375
0.19375
0.37625
0.335625
0.2775
0.00625
-0.21625
-0.383125
-0.57625
-0.51875
-0.39
-0.05
0.30875
0.435
0.330625
-0.029375
-0.404375
-0.57625
-0.586875
-0.501875
-0.4175
-0.26
-0.021875
0.191875
0.39125
0.34375
0.036875
-0.28
-0.461875
-0.586875
-0.406875
0.00375
0.185625
0.385625
0.433125
0.139375
-0.016875
-0.096875
-0.133125
-0.075625
-0.046875
-0.101875
-0.200625
-0.21375
-0.223125
-0.139375
-0.200625
-0.33625
-0.504375
-0.780625
-0.963125
-1.065625
-1.099375
-1.019375
-0.84875
-0.710625
-0.601875
-0.5425
-0.42875
-0.313125
-0.2075
-0.13375
-0.134375
-0.0625
0.03125
0.16625
0.180625
0.014375
-0.174375
-0.27875
-0.33875
-0.194375
-0.048125
-0.003125
0.15
0.099375
0.069375
-0.0675
-0.306875
-0.335625
-0.405625
-0.26
-0.023125
-0.053125
-0.093125
-0.39625
-0.728125
-0.7725
-0.7825
-0.505
-0.29
-0.299375
-0.266875
-0.455
-0.540625
-0.5825
-0.66625
-0.6625
-0.704375
-0.65125
-0.598125
-0.545
-0.461875
-0.42625
-0.386875
-0.3475
-0.278125
-0.21625
-0.20375
-0.2025
-0.419375
-0.53
-0.53625
-0.52
-0.316875
-0.3
-0.2675
-0.139375
0.074375
0.371875
0.520625
0.455625
0.175
-0.098125
-0.296875
-0.28
-0.093125
0.08375
0.2475
0.1825
-0.048125
-0.159375
-0.2575
-0.1175
0.108125
0.220625
0.321875
0.333125
0.308125
0.17625
0.17375
-0.00125
-0.083125
-0.045
-0.125
-0.05125
-0.0325
-0.04
-0.14125
-0.255625
-0.275
-0.1725
0.02375
0.20125
0.205625
-0.0075
-0.23375
-0.415
-0.546875
-0.57625
-0.61875
-0.585625
-0.504375
-0.414375
-0.271875
-0.30875
-0.36125
-0.41625
-0.390625
-0.296875
-0.085
0.218125
0.401875
0.589375
0.65875
0.555
0.3425
0.1375
-0.200625
-0.449375
-0.455625
-0.44875
-0.195
0.145
0.269375
0.37125
0.271875
-0.028125
-0.14625
-0.268125
-0.208125
-0.04125
-0.053125
0.06375
0.100625
0.13375
0.36875
0.408125
0.318125
0.235625
0.023125
-0.116875
-0.04125
0.118125
0.209375
0.286875
0.278125
0.094375
-0.013125
0.038125
-0.03375
-0.029375
-0.0025
-0.22
-0.24125
-0.266875
-0.3075
-0.243125
-0.365
-0.448125
-0.415
-0.378125
-0.23125
-0.1075
-0.21625
-0.330625
-0.45625
-0.469375
-0.35125
-0.221875
-0.138125
-0.27
-0.424375
-0.48625
-0.463125
-0.235625
0.003125
0.055
0.086875
0.0175
-0.0275
0.00125
-0.02875
-0.078125
-0.16875
-0.23875
-0.134375
-0.125
-0.10625
-0.100625
-0.2975
-0.364375
-0.318125
-0.165625
0.100625
0.35125
0.415
0.298125
0.04375
-0.18625
-0.25375
-0.1575
0.046875
0.219375
0.21
0.03125
-0.223125
-0.501875
-0.6775
-0.791875
-0.693125
-0.429375
-0.055625
0.344375
0.471875
0.359375
-0.025625
-0.37875
-0.604375
-0.726875
-0.638125
-0.58125
-0.56
-0.53125
-0.58
-0.546875
-0.465
-0.386875
-0.250625
-0.31
-0.388125
-0.453125
-0.555625
-0.521875
-0.47875
-0.473125
-0.473125
-0.498125
-0.555625
-0.58375
-0.595625
-0.585625
-0.4625
-0.389375
-0.360625
-0.415625
-0.651875
-0.843125
-0.995
-1.0375
-0.99875
-0.935
-0.831875
-0.616875
-0.2825
0.0075
0.258125
0.174375
-0.135625
-0.375
-0.6025
-0.62
-0.521875
-0.486875
-0.428125
-0.41375
-0.424375
-0.428125
-0.515
-0.595
-0.519375
-0.365625
-0.070625
0.236875
0.300625
0.33625
0.145
-0.06125
-0.164375
-0.41375
-0.53
-0.673125
-0.690625
-0.599375
-0.46625
-0.279375
-0.344375
-0.32125
-0.3625
-0.29
-0.060625
-0.0625
-0.06125
-0.2125
-0.37
-0.258125
0.025625
0.235
0.3875
0.25375
-0.051875
-0.251875
-0.41125
-0.265625
-0.199375
-0.176875
-0.021875
-0.019375
0.2
0.483125
0.516875
0.4325
0.071875
-0.285
-0.51625
-0.530625
-0.3225
-0.185625
0.04875
0.070625
0.00375
-0.044375
-0.293125
-0.428125
-0.53875
-0.48625
-0.24625
-0.025625
0.2025
0.149375
-0.115625
-0.36125
-0.614375
-0.73625
-0.774375
-0.766875
-0.7425
-0.721875
-0.625
-0.57375
-0.546875
-0.50125
-0.40625
-0.2025
-0.023125
0.135625
0.111875
-0.133125
-0.314375
-0.46375
-0.5125
-0.445
-0.41875
-0.455
-0.5175
-0.476875
-0.426875
-0.2225
0.00375
0.0125
0.030625
-0.1475
-0.37
-0.4725
-0.5025
-0.450625
-0.300625
-0.169375
-0.12
0.030625
0.1225
0.20125
0.286875
0.17
0.03625
-0.075
-0.29375
-0.40375
-0.53875
-0.540625
-0.439375
-0.264375
-0.001875
0.129375
0.235625
0.1625
0.034375
-0.116875
-0.110625
0.091875
0.32625
0.494375
0.3925
0.094375
-0.265625
-0.541875
-0.65125
-0.67
-0.629375
-0.629375
-0.629375
-0.629375
