-0.04625
-0.04625
-0.04625
-0.04625
-0.0325
-0.0425
-0.0725
-0.071875
-0.0475
0.01
0.090625
0.1225
0.0925
0.038125
0.00625
-0.00125
0.03875
0.06375
0.03
0.010625
-0.018125
0.00875
0.0625
0.101875
0.131875
0.07125
0.0275
0.0075
0.046875
0.150625
0.22875
0.259375
0.204375
0.15875
0.085
0.026875
0.014375
-0.05
-0.046875
-0.031875
-0.061875
-0.049375
-0.06625
-0.08375
-0.043125
-0.003125
0.036875
0.110625
0.14875
0.185
0.228125
0.184375
0.1625
0.091875
0.001875
-6.93889390391e-18
0.029375
0.120625
0.218125
0.245
0.1875
0.0725
-0.025
-0.10625
-0.111875
-0.06625
-0.031875
0.041875
0.053125
0.034375
0.04875
0.036875
0.053125
0.056875
0.0275
0.001875
-0.013125
0.019375
0.051875
0.08
0.10125
0.12375
0.1325
0.1325
0.116875
0.043125
-0.03375
-0.041875
-0.029375
0.06125
0.199375
0.255625
0.308125
0.275
0.1825
0.09125
-0.011875
-0.045625
-0.06
-7.3725747729e-18
0.084375
0.115
0.154375
0.118125
0.0625
0.02375
-0.00875
-0.035
-0.054375
-0.07125
-0.04875
0.038125
0.16
0.32625
0.39125
0.375625
0.286875
0.12625
0.0375
-0.020625
-0.0575
-0.01625
0.014375
0.055
0.148125
0.14625
0.175
0.189375
0.13375
0.16625
0.163125
0.1775
0.226875
0.2125
0.148125
0.086875
0.05125
0.02875
0.065625
0.074375
0.0225
-0.0025
-0.021875
-0.01875
0.06
0.1225
0.154375
0.176875
0.12
0.05875
0.01375
-0.030625
-0.05375
-0.070625
-0.09125
-0.065
0.01375
0.13625
0.261875
0.34375
0.35875
0.33
0.305
0.2375
0.201875
0.154375
0.143125
0.216875
0.325
0.415625
0.41625
0.318125
0.170625
0.04375
0.005
0.07875
0.135
0.209375
0.21375
0.161875
0.13625
0.10625
0.108125
0.11
0.159375
0.199375
0.2325
0.265625
0.216875
0.16875
0.134375
0.064375
0.019375
0.021875
0.0175
0.041875
0.103125
0.070625
0.031875
0.006875
0.006875
0.006875
0.006875
