0.475
0.475
0.475
0.475
0.55
0.63125
0.75625
0.8375
0.86875
0.96875
0.98125
0.98125
0.99375
0.9125
0.94375
1.86875
2.75625
3.7
4.525
3.55625
2.70625
1.80625
0.94375
0.99375
1.8
2.5875
3.375
4.20625
3.2875
2.3875
1.50625
0.6
0.66875
0.8
0.91875
1.86875
2.6875
3.4125
4.16875
3.16875
2.31875
1.525
0.68125
0.8
0.8375
0.9375
1.0625
1.13125
1.19375
1.175
1.15625
1.08125
1.00625
0.94375
0.9625
1.03125
1.10625
1.2
1.20625
1.29375
1.3625
1.4125
1.4625
1.38125
1.34375
1.2625
2.0375
2.84375
3.55
4.2625
3.24375
2.3
1.50625
1.66875
2.7125
3.7375
4.6375
3.7
2.7375
1.66875
0.675
0.66875
0.675
0.7875
0.90625
0.925
0.96875
1.01875
1.0375
1.96875
2.9125
3.8125
4.6375
3.725
2.81875
1.8625
1.05
1.10625
1.14375
1.2625
1.3
1.25625
1.125
0.94375
0.7125
0.6125
0.64375
0.6875
0.875
0.93125
0.91875
0.925
0.80625
0.75625
0.71875
0.66875
0.70625
0.75
0.74375
0.74375
0.61875
0.5625
0.55625
0.63125
0.85625
0.9875
2.0375
3.00625
3.8625
4.75625
3.8125
2.79375
1.86875
0.85
0.75
0.74375
0.69375
0.78125
0.88125
1.00625
1.06875
1.05
1.075
1.05625
1.10625
1.1625
1.10625
0.98125
0.84375
0.69375
0.6625
0.70625
0.79375
0.89375
0.8625
0.825
0.74375
0.7375
1.7125
2.68125
3.64375
5.4
6.24375
7.10625
7.9125
7.00625
5.2625
3.5
1.86875
1.05625
1.025
1.0625
0.975
0.9625
1.04375
1.03125
1.0875
1.09375
1.0625
1.0875
1.13125
1.1625
1.16875
1.1
0.96875
0.875
0.8375
0.91875
0.99375
1.09375
1.11875
0.99375
0.93125
1.675
2.475
3.39375
4.33125
3.58125
2.79375
1.9375
0.975
0.7875
0.6125
0.525
0.50625
0.6
0.7125
1.625
2.51875
3.4
4.30625
3.51875
2.8125
2.0
1.13125
1.9375
2.68125
3.53125
4.39375
3.55
2.6875
1.8375
1.0125
1.075
1.09375
0.99375
0.88125
0.68125
0.6125
0.6375
0.6875
0.81875
0.79375
0.725
0.61875
0.56875
0.66875
0.8625
1.09375
1.175
1.2
1.09375
0.9125
0.85
0.7625
0.74375
0.84375
0.9375
1.05
1.14375
1.1125
0.98125
0.84375
0.71875
0.6375
0.69375
0.675
0.71875
0.78125
0.775
0.84375
0.8
0.75625
0.66875
0.63125
0.65625
0.74375
0.91875
1.0625
1.20625
1.2625
1.275
1.2625
1.2
1.11875
1.00625
0.875
0.78125
0.76875
0.7875
0.79375
0.8625
0.85625
0.8125
0.84375
0.81875
0.86875
1.03125
1.2
1.375
1.50625
1.56875
1.5125
1.4
1.26875
1.05
0.9
0.7625
0.65
0.66875
0.73125
0.88125
1.875
2.80625
3.6625
4.46875
3.54375
2.675
1.84375
1.00625
1.09375
1.05625
1.03125
1.85625
2.6375
3.5
4.4
3.56875
2.725
1.90625
1.0125
1.025
0.9875
0.9
0.8625
0.80625
1.725
2.75
3.7
4.64375
3.79375
2.81875
1.95
1.05
1.0625
1.15
1.11875
1.09375
1.00625
0.8875
0.85
0.825
0.79375
1.6125
2.4625
3.33125
4.31875
3.6
2.81875
2.0875
1.2625
2.15
3.0125
3.8375
4.6125
3.68125
2.76875
1.75625
0.8125
0.65625
0.5125
0.5
0.475
0.55625
0.71875
0.83125
1.025
1.125
1.08125
1.06875
0.90625
0.83125
0.81875
0.76875
0.79375
0.75
0.78125
0.8125
0.84375
1.81875
2.73125
3.65625
4.5875
3.75625
2.84375
1.8875
0.91875
0.7375
0.69375
0.71875
0.825
1.06875
1.26875
1.375
1.33125
1.1375
0.86875
0.65625
0.575
0.64375
0.78125
0.99375
1.0875
1.0875
1.1
1.0125
1.0375
1.05625
1.05625
1.05625
0.98125
0.9
0.75
0.6625
0.6125
1.50625
2.46875
3.4375
4.41875
3.60625
2.78125
1.85
0.9125
0.88125
0.91875
1.025
1.95
2.8
3.53125
4.2625
3.275
2.3875
1.54375
0.69375
0.7375
0.70625
0.6875
0.68125
1.53125
2.45
3.43125
4.4
3.61875
2.79375
1.90625
1.05
1.0375
1.8625
2.675
3.44375
4.31875
3.50625
2.65625
1.81875
0.9125
1.70625
3.46875
5.2875
7.04375
7.06875
5.26875
3.45
1.7375
0.93125
1.05625
1.09375
1.075
0.96875
0.8
0.66875
0.59375
0.59375
0.66875
0.79375
0.83125
0.9125
0.91875
0.89375
0.95625
0.95625
1.0
1.08125
1.04375
0.975
0.96875
0.9125
0.99375
2.00625
2.95
4.7625
6.525
6.5375
6.48125
4.71875
2.8625
1.8625
0.9375
0.875
0.93125
0.93125
0.91875
0.8875
0.78125
0.79375
0.8875
0.9125
1.04375
1.1125
1.025
1.05
0.94375
0.85
0.90625
0.96875
1.1125
1.1625
1.1
0.9125
0.71875
0.675
0.73125
0.95
1.19375
2.21875
3.1875
4.00625
4.725
4.59375
4.4625
4.46875
4.6
3.85
3.04375
2.1125
1.04375
0.88125
0.75
0.73125
0.79375
0.83125
0.9
0.9125
0.9375
0.90625
0.8625
0.80625
0.75625
0.75625
0.76875
0.775
0.74375
0.71875
0.74375
0.7625
0.7625
0.7625
0.68125
0.66875
1.6
2.54375
3.5
4.34375
3.39375
2.43125
1.53125
0.78125
0.9375
1.10625
1.21875
1.20625
1.1875
1.18125
1.125
1.075
0.9625
0.8125
0.70625
0.71875
0.75
0.75625
0.775
0.7125
0.675
0.74375
0.88125
1.01875
1.15625
1.18125
1.075
0.9625
0.9
0.90625
1.0375
1.125
1.1125
1.05
0.8625
0.775
0.725
0.7125
0.83125
0.85
0.91875
1.01875
1.0125
1.1
1.18125
1.14375
1.14375
1.06875
0.95625
0.95
0.9125
0.875
0.80625
0.675
0.65
0.65625
0.7
0.80625
0.7625
0.725
0.73125
0.75
0.91875
1.09375
1.20625
1.26875
1.2125
1.15625
1.09375
0.975
0.9125
0.8
0.8
0.8
0.8
