0.8335625
0.8335625
0.8335625
0.8335625
0.795125
0.79525
0.8191875
0.925875
1.069
1.137875
1.2081875
1.1025
0.9963125
0.959125
0.90175
0.932375
0.9511875
0.922875
0.874625
0.826375
0.7823125
0.7635
0.797125
0.8255
0.8090625
0.812
0.7945
0.763375
0.7975
0.8295625
0.857625
0.9516875
1.0559375
1.1233125
1.1505625
1.1075625
1.02975
0.94875
0.936375
0.92425
0.8773125
0.8396875
0.7575
0.7159375
0.7330625
0.7759375
0.8431875
0.8979375
0.9288125
0.945125
0.9370625
0.897375
0.933625
0.9799375
1.0384375
1.1266875
1.0551875
0.995
0.9119375
0.8366875
0.8169375
0.771875
0.7726875
0.774125
0.828
0.8869375
0.922875
0.947
0.947
1.035
1.098875
1.1748125
1.2455
1.128375
1.0585625
0.9688125
0.89375
0.9039375
0.86775
0.8394375
0.7745
0.7546875
0.7769375
0.78975
0.8409375
0.834375
0.8140625
0.772
0.694125
0.6611875
0.6274375
0.6613125
0.7683125
0.8398125
0.914875
0.9416875
0.8715
0.8420625
0.7775
0.7124375
0.712
0.7765625
0.8571875
0.9624375
1.0760625
0.993375
0.9364375
0.8910625
0.905
1.05175
1.19575
1.3038125
1.256
1.1795
1.0911875
1.027
0.9959375
0.95725
0.9184375
0.8605625
0.8766875
0.8900625
0.9035625
0.9310625
0.9994375
1.084625
1.1699375
1.2309375
1.1400625
1.0480625
0.9789375
0.909375
0.86725
0.8318125
0.838375
0.889875
1.0305
1.1826875
1.176625
1.10275
0.9599375
0.8815625
0.9016875
0.998875
1.1366875
1.1026875
1.0634375
0.961375
0.8588125
0.84425
0.833875
0.87625
0.9068125
1.025375
1.1354375
1.2039375
1.2954375
1.1879375
1.079625
1.0015625
0.8571875
0.858875
0.8468125
0.804625
0.8490625
0.823375
0.8300625
0.8466875
0.7960625
0.8076875
0.8163125
0.8139375
0.840625
0.8358125
0.7841875
0.808125
0.798625
0.8815625
1.06025
1.15125
1.29375
1.2721875
1.1440625
1.1374375
1.1085625
1.1435625
1.2728125
1.225
1.1804375
1.13275
1.0148125
0.976375
0.91775
0.9775
1.0453125
1.1175625
1.1811875
1.053625
0.919875
0.786
0.72525
0.7295
0.755
0.7846875
0.7274375
0.732125
0.86125
0.982
1.1434375
1.25
1.144125
1.0424375
0.962625
0.89875
0.90575
0.886375
0.8276875
0.7731875
0.8409375
0.9844375
1.1581875
1.31175
1.2491875
1.20225
1.114
1.065625
1.15125
1.060875
1.0351875
0.937125
0.828125
0.8581875
0.8419375
0.9226875
0.991375
1.0039375
0.98375
0.903
0.8981875
0.9565
1.091875
1.2393125
1.2228125
1.1361875
0.989
0.8418125
0.7585
0.7374375
0.7645
0.7685625
0.8250625
0.8476875
0.8293125
0.8339375
0.7889375
0.7651875
0.7985625
0.8779375
0.97275
1.0409375
1.045875
0.993875
0.970625
0.9594375
0.9715
0.9824375
0.9756875
0.9689375
0.974125
0.991375
0.998375
1.005375
0.964125
0.9270625
0.879875
0.8096875
0.7756875
0.7161875
0.69125
0.7165
0.742875
0.8075625
0.836875
0.8348125
0.8181875
0.7846875
0.779
0.7775
0.825875
0.874125
0.874125
0.874125
0.841875
0.8216875
0.962375
1.0789375
1.187
1.3589375
1.3414375
1.3491875
1.35075
1.188375
1.0721875
0.9820625
0.9078125
0.9445625
0.9906875
1.0284375
1.05425
1.03825
1.0128125
0.9214375
0.836625
0.770625
0.747625
0.795875
0.9439375
1.10375
1.2445
1.384125
1.340125
1.2683125
1.16
0.9885625
0.91975
0.8519375
0.8178125
0.8045
0.7129375
0.651625
0.6120625
0.6164375
0.7015
0.7755625
0.8299375
0.854375
0.89575
0.8923125
0.8845625
0.9113125
0.964875
1.0955
1.2166875
1.3008125
1.2318125
1.1384375
1.0639375
0.987875
0.963625
0.91525
0.842625
0.7794375
0.877
0.981375
1.096
1.1955625
1.1706875
1.141125
1.1206875
1.158625
1.1033125
1.073
1.13675
1.113875
1.1936875
1.2745
1.172875
1.157875
1.1140625
1.03825
1.03025
0.9559375
0.895875
0.8399375
0.775375
0.722
0.699125
0.787875
1.0256875
1.2668125
1.4775
1.5163125
1.330875
1.1863125
1.0238125
0.9295
0.9265
0.891125
0.8653125
0.8083125
0.78
0.7516875
0.768
0.82525
0.8623125
0.850875
0.7905
0.7573125
0.7293125
0.786125
0.871875
0.996625
1.111125
1.1894375
1.26825
1.186875
1.1335625
1.0921875
1.0274375
1.03575
0.982875
0.9218125
0.8724375
0.838125
0.82075
0.8065625
0.8016875
0.835
0.8895625
0.9139375
0.9365625
0.9100625
0.909375
0.9319375
0.939375
0.95775
0.9245
0.979125
1.0436875
1.1841875
1.375125
1.4780625
1.5584375
1.4869375
1.397375
1.2196875
1.0595
0.979125
0.8974375
0.886875
0.8816875
0.8541875
0.8043125
0.8115625
0.8
0.8253125
0.88475
0.893125
0.9540625
0.9926875
0.9903125
0.9868125
0.9350625
0.8793125
0.8946875
0.8946875
0.8946875
0.8946875
