-0.16875
-0.16875
-0.16875
-0.16875
-0.51875
-0.25
-0.90625
-0.6375
0.5125
0.93125
1.99375
2.59375
1.99375
2.08125
2.0625
1.8375
2.9375
3.29375
2.85625
2.56875
1.13125
0.06875
-0.3
-0.35
-1.11022302463e-16
0.34375
1.2
1.5875
1.4375
1.31875
0.63125
0.28125
0.8375
1.11875
1.45625
1.475
1.0
0.9875
0.6125
0.35625
0.15625
-0.03125
0.2875
0.675
1.5
1.5
1.3
1.35625
0.7
1.29375
1.56875
1.45625
1.91875
1.8125
2.225
2.65625
2.34375
1.975
1.43125
1.05625
0.8625
0.54375
0.45625
0.575
1.35625
2.675
3.0
2.85625
1.9
0.10625
-0.69375
-1.34375
-1.60625
-1.46875
-1.3875
-1.33125
-0.85625
-0.30625
-0.19375
-0.025
-0.15625
-0.66875
-0.425
0.29375
0.81875
2.00625
2.5625
2.125
2.175
1.525
1.1
1.41875
1.2875
2.2125
3.3125
4.55625
5.6875
5.5625
5.15
4.3125
3.925
4.4125
4.9
5.55
5.2875
4.6375
3.5625
2.25
1.91875
1.80625
2.0875
2.23125
2.44375
2.35
2.45625
2.85
2.0375
1.4
0.45625
-0.675
-1.1625
-1.20625
-1.41875
-1.1875
-0.1125
0.225
0.86875
1.58125
1.5
1.2625
0.73125
-0.0375
-0.75
-0.9375
-0.23125
-0.0625
0.075
0.13125
-0.44375
-0.65
-0.5125
-0.0125
0.6875
1.36875
1.1125
0.36875
-0.65625
-1.26875
-0.61875
0.28125
1.28125
2.31875
2.43125
1.9375
1.325
-0.05625
-0.93125
-0.84375
-0.5375
0.33125
1.31875
1.56875
1.38125
0.5375
-1.03125
-2.34375
-2.9
-2.13125
-0.73125
0.925
1.80625
1.46875
1.03125
0.175
0.375
0.975
1.51875
2.59375
2.675
2.85
3.03125
2.35625
2.0875
1.65625
0.80625
0.3625
-0.4375
-1.075
-0.64375
0.51875
2.09375
3.3875
3.73125
3.1375
2.20625
1.5625
0.71875
0.1625
-0.1875
-0.325
0.39375
1.1125
1.61875
1.55625
1.0625
0.43125
0.175
0.2
0.3
0.15625
-0.05625
-0.6
-1.41875
-1.13125
-0.9875
-0.6
0.3875
-0.075
-0.86875
-1.75
-2.70625
-2.8625
-2.28125
-1.3
-0.7625
0.01875
0.55625
1.5875
2.28125
2.525
2.63125
1.60625
1.3
1.38125
1.29375
1.275
1.375
1.05625
0.63125
1.1125
1.33125
1.875
3.0125
3.30625
3.51875
3.775
3.7375
4.05
4.28125
3.9875
4.05625
3.93125
3.51875
3.4125
1.89375
0.65625
-0.15
-1.2625
-0.6125
-0.575
-0.55625
0.16875
-0.525
-1.0125
-1.54375
-3.0875
-3.40625
-2.80625
-2.01875
0.28125
1.65625
1.86875
1.28125
-0.91875
-2.275
-2.78125
-2.6375
-1.6125
-1.10625
-0.95625
-0.525
0.05625
0.3625
0.01875
-1.0375
-2.1375
-2.4625
-1.5125
0.225
1.7
2.2875
1.975
1.39375
0.48125
0.2
0.54375
0.28125
0.35
0.4875
-0.18125
-0.14375
0.30625
0.63125
1.5875
2.51875
2.23125
1.68125
0.8375
-0.2875
-0.25625
0.19375
1.24375
2.375
3.06875
3.31875
2.5
1.45625
0.5
-0.54375
-0.56875
-0.00625
1.01875
2.0375
2.6125
2.38125
1.31875
0.1875
-1.10625
-1.875
-2.79375
-2.425
-1.9875
-1.63125
-0.24375
-0.275
0.25
0.88125
1.16875
2.06875
2.13125
2.475
2.48125
1.5875
1.075
-0.11875
-1.0875
-0.29375
0.6
1.8125
2.825
2.26875
1.6625
1.375
1.125
1.675
2.16875
1.375
1.05
0.33125
-0.18125
0.30625
-0.25
-0.89375
-2.20625
-3.05625
-3.28125
-2.91875
-2.0
-1.95625
-1.2875
-0.85
-0.45625
0.55625
1.06875
0.8
0.48125
0.15625
-0.275
-0.01875
0.2375
0.125
-0.49375
-0.38125
-0.26875
0.0125
1.35
1.63125
1.54375
0.9375
-0.1375
-0.925
-0.575
0.64375
2.23125
3.71875
3.63125
2.56875
0.80625
-0.8125
-1.10625
-0.43125
0.81875
1.825
2.2
2.09375
1.35625
0.9625
0.79375
0.55
0.58125
0.46875
-0.0125
0.46875
1.00625
0.975
1.74375
1.3625
1.41875
2.04375
2.125
2.60625
2.2375
2.4125
1.81875
1.05625
0.175
-1.25
-1.425
-1.5125
-0.89375
-0.65625
-1.2625
-1.86875
-2.11875
-1.725
-0.60625
0.7
1.35
1.85625
1.8875
1.3125
0.875
0.29375
-0.54375
-0.63125
-1.025
-1.39375
-0.625
-0.125
0.68125
1.39375
1.05
0.40625
-0.2375
-0.53125
-0.65
-0.825
-0.65625
-0.85625
-1.0
0.0625
0.78125
1.5875
2.61875
2.84375
2.9125
3.35
3.45625
3.08125
2.95
2.475
2.53125
2.84375
3.1125
2.89375
1.93125
1.36875
0.75
0.7875
1.1125
1.01875
0.90625
0.6125
0.3
-0.13125
-0.61875
-1.33125
-1.575
-1.5375
-1.25625
-1.1125
-1.775
-2.1625
-2.60625
-2.45625
-1.9
-1.24375
-1.05
-0.8125
0.23125
0.525
1.75
2.2875
1.60625
0.73125
-1.6
-2.95
-3.6875
-3.25625
-1.7
-0.44375
-0.03125
-0.525
-0.525
-1.05
-0.375
0.79375
0.425
0.325
-0.13125
-0.88125
-0.1
0.95
1.39375
1.8625
1.2875
0.3125
0.43125
1.01875
2.24375
3.6
4.3875
4.73125
4.3875
3.9875
2.5375
1.4625
0.79375
0.075
1.00625
1.275
1.91875
2.775
3.2375
4.46875
4.8625
5.08125
4.5875
3.38125
2.94375
2.5875
2.43125
2.76875
2.075
1.48125
1.41875
0.425
0.15625
-0.48125
-1.425
-0.8375
0.03125
1.275
2.31875
2.10625
1.7
1.51875
1.5375
1.9125
2.025
1.225
0.51875
0.45
0.94375
2.1125
3.29375
3.93125
3.6
3.41875
3.475
2.8
2.925
2.275
0.83125
0.425
-0.49375
-0.0875
0.875
1.95625
3.8375
4.625
5.65
5.825
4.9125
4.575
3.8125
3.9
4.7875
4.9625
4.95625
4.125
2.78125
1.94375
1.63125
2.11875
3.40625
4.95625
5.78125
5.91875
4.96875
3.25
2.5375
2.31875
2.84375
4.21875
4.50625
4.66875
4.63125
4.16875
4.25
3.8
3.40625
2.5875
2.3125
2.525
2.96875
3.8375
3.7125
3.61875
2.89375
2.25
1.85625
1.3375
0.9625
0.85
1.04375
1.40625
2.5125
2.85
3.175
3.33125
2.6
2.06875
1.89375
1.83125
1.43125
1.825
1.425
1.175
2.24375
2.48125
2.95
2.84375
2.03125
1.375
1.2875
1.5625
2.075
3.14375
3.75625
4.54375
4.99375
4.025
2.6
0.90625
-0.6125
-0.35
0.74375
1.98125
3.2375
3.4375
3.34375
3.125
3.01875
3.55625
3.66875
4.2875
4.7125
4.39375
4.7625
4.41875
4.05
4.36875
3.8
3.51875
3.4
2.13125
1.525
1.20625
0.80625
1.675
2.4
2.38125
1.9375
0.9875
0.5125
0.40625
1.4125
2.50625
2.60625
3.05
2.8875
3.025
3.8
3.6375
3.10625
1.78125
0.46875
0.075
0.175
0.40625
0.875
1.8375
2.25
3.20625
3.36875
2.45625
1.85625
1.41875
1.425
1.83125
2.3125
2.5625
2.85
2.94375
3.40625
3.7125
4.4125
5.13125
4.9875
4.19375
2.325
0.9625
0.075
0.2
1.625
2.275
3.325
3.95625
3.85625
4.4
4.51875
4.625
4.55
3.7
2.30625
1.2375
0.04375
-0.36875
0.15
0.28125
1.53125
2.60625
2.90625
3.16875
2.4125
1.6375
1.39375
1.61875
1.875
2.1625
2.3625
2.3375
3.03125
3.36875
3.56875
3.04375
1.7375
0.4625
-0.30625
0.30625
1.29375
2.9875
3.9125
3.68125
3.35
2.825
2.9875
3.45625
4.06875
4.3125
4.2125
4.775
4.98125
4.9375
4.0875
2.15
0.725
0.04375
0.975
2.45
3.6125
3.81875
2.79375
1.76875
0.8
0.91875
1.8875
2.85625
3.625
3.4
2.1
0.575
-0.975
-2.16875
-2.0625
-1.30625
0.44375
2.83125
4.56875
6.225
6.6875
6.0625
4.89375
3.3
2.55625
2.9
3.90625
4.91875
5.21875
4.63125
4.35
3.75625
3.7375
4.40625
4.10625
4.7375
4.5375
3.9125
4.375
3.75
4.13125
4.33125
3.44375
3.64375
3.4625
3.8875
5.1125
5.25
5.30625
4.25
2.8
2.4375
1.53125
1.7625
2.2125
1.775
2.1375
2.53125
3.1875
4.13125
5.10625
5.1375
4.48125
3.9375
2.5625
1.85
1.28125
1.0
1.51875
2.34375
3.4625
4.2375
5.04375
4.88125
5.075
4.725
3.54375
2.90625
1.81875
1.81875
2.90625
3.99375
4.5375
4.25
2.39375
0.625
-0.7875
-2.35625
-2.1625
-2.33125
-2.125
-1.0875
-0.95625
-0.55
-0.33125
-0.56875
-1.20625
-1.56875
-1.93125
-2.26875
-1.74375
-1.0375
-0.8125
-0.7375
-0.6375
-1.5375
-1.275
-1.19375
-1.9875
-1.69375
-1.81875
-1.0
0.6125
1.68125
2.15625
1.975
1.74375
0.4875
-0.99375
-2.8125
-4.275
-4.03125
-2.2625
0.4875
2.15
2.93125
1.71875
0.3625
-0.93125
-2.025
-1.525
-1.4375
-0.3
0.8375
1.13125
1.0125
0.2375
-0.5375
-0.7625
-0.1625
1.06875
2.3
2.74375
2.23125
0.63125
-0.7125
-1.6
-1.85625
-1.48125
-1.075
-0.04375
0.8125
2.0375
2.00625
1.13125
0.6
-0.93125
-1.49375
-1.50625
-1.94375
-1.75
-1.13125
-0.73125
-0.675
-0.79375
-1.3375
-2.5625
-2.4625
-2.1875
-1.825
-0.26875
0.0875
-0.2125
-1.1125
-2.66875
-3.8375
-4.4375
-4.525
-3.98125
-2.89375
-1.2375
0.84375
1.99375
1.86875
1.0875
-0.11875
-1.575
-1.65
-1.55
-1.3625
0.03125
0.3125
-0.00625
-0.6875
-1.89375
-2.6375
-2.70625
-2.41875
-2.21875
-1.93125
-1.45625
-0.95625
-0.925
-1.49375
-2.5
-3.6125
-3.69375
-2.375
-0.88125
1.15625
2.66875
2.83125
2.3375
0.49375
-1.3
-2.63125
-2.78125
-1.4
-0.10625
1.275
2.0
1.5375
0.60625
-0.925
-2.5
-3.6125
-4.26875
-3.73125
-3.01875
-1.7625
0.11875
1.0625
1.35
0.3625
-1.15
-2.40625
-2.71875
-1.65
-0.66875
0.85625
2.2
2.43125
2.1375
0.33125
-1.75625
-3.38125
-4.4375
-3.7125
-2.8125
-1.825
-0.26875
0.0875
-0.2125
-1.1125
-2.66875
-3.8375
-4.4375
-4.58125
-4.175
-3.68125
-2.61875
-0.475
0.74375
1.6
1.6125
0.1875
-0.775
-1.5375
-1.375
-0.84375
-0.225
0.81875
0.75
0.15625
-1.0375
-2.66875
-3.8375
-4.4375
-3.84375
-3.075
-2.21875
-0.79375
-0.30625
-0.475
-1.24375
-2.66875
-3.8375
-4.4375
-3.7125
-2.8125
-1.825
-0.26875
0.0875
-0.2125
-1.1125
-2.66875
-3.8375
-4.4375
-3.7125
-2.8125
-1.825
-0.26875
0.0875
-0.2125
-1.1125
-2.66875
-3.8375
-4.4375
-3.7125
-2.8125
-1.825
-0.26875
0.0875
-0.2125
-1.1125
-2.66875
-3.8375
-4.4375
-3.84375
-3.075
-2.21875
-0.79375
-0.30625
-0.475
-1.24375
-2.5375
-3.575
-3.825
-2.675
-1.6125
-0.4625
0.81875
0.75
0.73125
0.1125
-0.94375
-1.5375
-2.7125
-2.4875
-1.63125
-0.6875
1.4
2.1375
1.30625
-0.125
-2.08125
-3.575
-3.825
-2.75
-1.7625
-0.6875
0.51875
0.525
0.74375
0.6
0.01875
-0.175
-0.33125
0.0625
0.63125
1.2875
1.275
1.05625
0.2375
-0.75625
-1.2875
-2.525
-2.7375
-2.775
-3.0
-2.10625
-2.2375
-3.025
-3.8625
-5.05
-5.3
-4.925
-3.63125
-2.45625
-1.50625
-0.6125
-1.1375
-2.3
-3.73125
-4.7375
-3.98125
-1.91875
0.625
2.94375
4.15625
4.4875
4.40625
4.46875
3.9625
3.7875
2.5875
0.075
-2.025
-4.3875
-4.7
-3.80625
-2.25
-0.9875
-1.48125
-1.48125
-1.3625
-0.39375
2.0375
3.325
3.6125
3.475
2.60625
2.21875
2.74375
3.26875
3.3375
3.1375
2.025
0.65
-0.2375
-0.8375
-1.06875
-0.23125
1.0
1.79375
2.7625
2.58125
1.51875
0.64375
0.1375
-0.225
0.325
1.4625
1.6875
2.1125
2.08125
1.625
1.625
1.76875
1.45625
1.14375
1.2875
1.23125
1.54375
2.0125
1.48125
0.91875
0.01875
-1.19375
-1.775
-1.725
-1.30625
-1.2125
-1.1625
-2.2
-2.7
-2.71875
-3.3375
-2.95
-2.5
-1.025
1.24375
2.4
2.28125
0.725
-0.88125
-1.5625
-1.5125
-1.36875
-1.4125
-1.81875
-1.95
-1.4875
-1.025
-0.3875
-0.1125
-0.1125
-0.025
-0.1125
-0.1125
-0.2
0.08125
0.45
0.90625
1.5375
1.16875
0.8
0.34375
-0.03125
0.1375
0.85
1.475
1.675
1.9625
1.41875
0.9625
0.85
0.65
0.48125
0.4
0.14375
-0.2
-0.76875
-1.9375
-3.44375
-4.60625
-4.80625
-4.25625
-2.3125
-0.88125
0.6125
2.6
3.21875
3.90625
3.31875
1.5875
0.1125
-0.9875
-0.70625
-0.05625
0.825
1.51875
1.3
1.125
0.8625
0.6
0.54375
0.94375
1.8
2.65625
3.5125
2.94375
0.95
-1.04375
-3.06875
-3.55625
-3.075
-3.01875
-3.3
-3.83125
-3.68125
-2.86875
-1.20625
-0.2375
-0.20625
0.31875
0.41875
0.89375
1.625
1.16875
0.7125
0.7125
0.7125
1.625
2.05625
2.03125
2.20625
1.925
2.80625
3.60625
3.81875
3.61875
2.5375
1.5375
1.65625
2.25625
3.14375
3.56875
3.2625
2.5
1.81875
1.6
0.8375
0.54375
0.025
-0.75625
-0.45
-0.225
-0.05625
1.18125
1.41875
1.28125
1.3
-0.1375
-1.3125
-1.4875
-1.8375
-1.43125
-1.43125
-1.43125
-1.43125
