-0.2625
-0.2625
-0.2625
-0.2625
-0.20625
-0.19375
-0.25625
-0.265625
-0.271875
-0.215625
-0.075
-0.034375
-0.015625
-0.028125
-0.075
-0.071875
-0.109375
-0.12125
-0.158125
-0.17
-0.1225
-0.085625
-0.033125
0.01
0.028125
0.003125
0.015625
-0.025
-0.065625
-0.034375
-0.05
-0.028125
0.01875
0.03125
0.053125
0.10625
0.109375
0.05625
0.053125
0.009375
-0.03125
0.00625
-0.009375
-0.018125
0.016875
0.018125
0.02875
0.013125
-0.024375
-0.05375
-0.095625
-0.068125
-0.025
-0.00625
0.059375
0.075
0.04375
0.00625
-0.06875
-0.15
-0.209375
-0.18125
-0.146875
-0.13125
-0.13125
-0.190625
-0.28125
-0.278125
-0.225
-0.171875
-0.090625
-0.103125
-0.140625
-0.178125
-0.21875
-0.221875
-0.21875
-0.20625
-0.140625
-0.0375
0.09375
0.2
0.2625
0.234375
0.134375
0.05
-0.05625
-0.08125
-0.046875
0.003125
0.071875
0.059375
0.025
-0.065625
-0.153125
-0.1625
-0.146875
-0.065625
0.01875
0.10625
0.146875
0.178125
0.19375
0.16875
0.146875
0.090625
0.06875
0.08125
0.146875
0.25
0.303125
0.309375
0.265625
0.184375
0.109375
0.078125
0.059375
0.04375
0.04375
-2.60208521397e-18
-0.090625
-0.146875
-0.175
-0.18125
-0.1125
-0.065625
-0.0625
-0.0625
-0.065
-0.114375
-0.15125
-0.16
-0.18875
-0.139375
-0.036875
-0.009375
-0.034375
-0.040625
-0.12125
-0.126875
-0.0575
-0.044375
0.008125
0.05125
0.0975
0.146875
0.125
0.069375
-0.039375
-0.148125
-0.169375
-0.191875
-0.189375
-0.18375
-0.165625
-0.0875
-0.009375
0.0875
0.14375
0.090625
0.06875
0.01875
-0.1
-0.084375
-0.111875
-0.11125
-0.016875
-0.025625
-0.045
-0.08
-0.165
-0.2125
-0.2375
-0.33125
-0.371875
-0.415625
-0.41875
-0.278125
-0.11875
0.0875
0.25625
0.3
0.296875
0.240625
0.18125
0.146875
0.0375
-0.121875
-0.296875
-0.371875
-0.31875
-0.13125
0.084375
0.178125
0.234375
0.20625
0.16875
0.215625
0.228125
0.21875
0.20625
0.115625
0.059375
0.028125
0.003125
0.046875
0.075
0.13125
0.10625
0.025
-0.06875
-0.20625
-0.2
-0.115625
-0.00625
0.125
0.11875
0.0375
-0.074375
-0.164375
-0.185625
-0.206875
-0.198125
-0.208125
-0.218125
-0.159375
-0.1375
-0.121875
-0.08125
-0.153125
-0.184375
-0.203125
-0.24375
-0.15
-0.09375
-0.053125
-0.04375
-0.115625
-0.125
-0.1125
-0.046875
0.0125
0.0125
-0.021875
-0.040625
-0.03125
-0.01875
0.028125
0.01875
0.01875
0.075
0.103125
0.165625
0.23125
0.23125
0.240625
0.1625
0.025
-0.109375
-0.265625
-0.353125
-0.380625
-0.364375
-0.348125
-0.2975
-0.31375
-0.34875
-0.305625
-0.25625
-0.084375
0.059375
0.125
0.125
2.94902990916e-17
-0.075
-0.078125
-0.046875
0.075
0.184375
0.2375
0.269375
0.245
0.2175
0.20875
0.19875
0.1825
0.11
0.00625
-0.090625
-0.165625
-0.153125
-0.11875
-0.05875
0.023125
0.055
0.08375
0.105
0.054375
-0.04625
-0.140625
-0.25625
-0.253125
-0.165625
-0.084375
-0.015625
-0.05625
-0.096875
-0.184375
-0.225
-0.2
-0.18125
-0.1125
-0.09375
-0.153125
-0.246875
-0.271875
-0.23125
-0.0875
0.06875
0.153125
0.196875
0.20625
0.234375
0.2475
0.245
0.195625
0.093125
0.03625
0.010625
0.050625
0.125
0.165625
0.175
0.13125
0.115625
0.10625
0.11875
0.128125
0.115625
0.0625
-0.003125
-0.075
-0.178125
-0.24375
-0.33125
-0.343125
-0.2925
-0.198125
-0.100625
-0.050625
-0.06625
-0.138125
-0.125625
-0.135625
-0.095
-0.035625
-0.095
-0.106875
-0.1575
-0.214375
-0.1525
-0.1375
-0.10625
-0.121875
-0.196875
-0.225
-0.275
-0.2
-0.11875
-0.065625
0.0125
-0.009375
-0.034375
-0.078125
-0.121875
-0.140625
-0.23125
-0.328125
-0.375
-0.421875
-0.4
-0.315625
-0.30625
-0.28125
-0.196875
-0.115625
-0.009375
0.04375
0.003125
-0.084375
-0.16875
-0.16875
-0.16875
-0.16875
