-0.01875
-0.01875
-0.01875
-0.01875
-0.0175
-0.03625
-0.063125
-0.07375
-0.07
-0.07625
-0.070625
-0.065
-0.065625
-0.05375
-0.05125
-0.045625
-0.029375
-0.015
-0.02
0.00125
0.01125
0.028125
0.08875
0.10375
0.099375
0.085
0.045625
0.00625
-0.0125
-0.0475
-0.070625
-0.074375
-0.0725
-0.048125
-0.026875
-0.005625
0.005625
0.015625
0.009375
-1.73472347598e-18
-0.01125
-0.036875
-0.01875
0.010625
0.046875
0.108125
0.106875
0.093125
0.09375
0.064375
0.065625
0.055
0.023125
0.00875
-0.003125
0.00125
0.005625
-0.01875
-0.046875
-0.084375
-0.106875
-0.084375
-0.06875
-0.044375
-0.04625
-0.06125
-0.059375
-0.06375
-0.045625
-0.04125
-0.05375
-0.058125
-0.0575
-0.036875
-0.006875
0.02125
0.026875
0.00875
-0.0075
-0.015625
-0.01875
-0.008125
-0.004375
-0.025
-0.039375
-0.0475
-0.051875
-0.064375
-0.0775
-0.105
-0.13625
-0.1275
-0.115
-0.1
-0.08375
-0.084375
-0.091875
-0.09875
-0.101875
-0.10625
-0.105625
-0.096875
-0.09
-0.076875
-0.066875
-0.068125
-0.066875
-0.061875
-0.045625
-0.0175
0.005
0.00125
-0.020625
-0.0525
-0.075
-0.07
-0.0475
-0.020625
0.000625
0.005
-0.004375
-0.01125
-0.00875
-0.0075
-0.00375
-0.01125
-0.0425
-0.0675
-0.0825
-0.08125
-0.066875
-0.0475
-0.0375
-0.03875
-0.0425
-0.046875
-0.03875
-0.025
-0.005
0.006875
-0.008125
-0.029375
-0.055625
-0.0775
-0.080625
-0.07625
-0.07
-0.059375
-0.051875
-0.055625
-0.056875
-0.063125
-0.068125
-0.0475
-0.025625
-0.0025
0.020625
0.015
0.001875
-0.006875
-0.013125
-0.00875
0.0025
-0.000625
-0.0075
-0.0175
-0.030625
-0.034375
-0.04125
-0.03125
-0.026875
-0.0225
-2.92734586571e-18
-0.005625
0.026875
0.059375
0.06375
0.080625
0.065
0.065
0.074375
0.084375
0.06125
0.006875
-0.04125
-0.08875
-0.1025
-0.10375
-0.089375
-0.07375
-0.04125
0.006875
0.02
0.045
0.033125
0.015
0.02
-0.018125
-0.03625
-0.071875
-0.113125
-0.105625
-0.09125
-0.039375
0.005
0.030625
0.05375
0.0175
0.006875
-0.003125
-0.03125
-0.026875
-0.056875
-0.06875
-0.048125
-0.019375
0.0275
0.0725
0.086875
0.08625
0.088125
0.04
-0.00375
-0.03625
-0.080625
-0.07375
-0.059375
-0.049375
-0.0275
-0.028125
-0.02625
-0.014375
0.0075
0.02625
0.05625
0.081875
0.108125
0.1375
0.13375
0.115
0.05125
-0.00625
-0.044375
-0.0625
-0.046875
-0.014375
0.050625
0.0875
0.130625
0.1375
0.07875
0.04
-0.021875
-0.0625
-0.0675
-0.056875
-0.036875
-0.041875
-0.050625
-0.094375
-0.10125
-0.034375
0.01125
0.07375
0.073125
-0.011875
-0.048125
-0.08
-0.084375
-0.05
-0.060625
-0.045625
-0.03
-0.025
0.00875
-0.02
-0.045625
-0.0625
-0.086875
-0.078125
-0.0625
-0.05125
-0.04625
-0.024375
-0.02
-0.014375
-0.0025
-0.020625
-0.025625
-0.0375
-0.056875
-0.060625
-0.066875
-0.058125
-0.044375
-0.036875
-0.035625
-0.04875
-0.061875
-0.061875
-0.051875
-0.04
-0.029375
-0.039375
-0.059375
-0.0775
-0.088125
-0.07
-0.03875
-0.001875
0.02
0.006875
-0.018125
-0.04625
-0.06625
-0.06875
-0.071875
-0.085625
-0.095625
-0.1075
-0.113125
-0.109375
-0.111875
-0.110625
-0.105
-0.09875
-0.089375
-0.074375
-0.071875
-0.06625
-0.058125
-0.061875
-0.056875
-0.055625
-0.0575
-0.055
-0.054375
-0.0575
-0.04625
-0.031875
-0.018125
-0.000625
-0.016875
-0.025
-0.03
-0.01625
0.025
0.055
0.078125
0.064375
0.04375
0.011875
-0.015625
-0.025
-0.025625
-0.018125
-0.015
-0.01125
-0.035
-0.05625
-0.07
-0.08625
-0.085
-0.0825
-0.079375
-0.0725
-0.059375
-0.050625
-0.054375
-0.0525
-0.0575
-0.046875
-0.02125
-0.011875
8.67361737988e-19
-0.005
-0.02
-0.01375
-0.01875
-0.0175
-0.01
-0.02
-0.01125
-0.008125
-0.01125
-0.008125
-0.004375
0.008125
0.02375
0.03625
0.02125
-0.0025
-0.026875
-0.051875
-0.056875
-0.0575
-0.056875
-0.054375
-0.05375
-0.053125
-0.053125
-0.051875
-0.05125
-0.050625
-0.05
-0.05
-0.045625
-0.0425
-0.03125
-0.016875
-0.006875
0.00875
0.0225
0.02625
0.03
0.025625
0.000625
-0.005625
-0.019375
-0.024375
-0.019375
-0.034375
-0.04375
-0.0625
-0.075625
-0.080625
-0.07875
-0.07375
-0.0625
-0.048125
-0.0425
-0.03125
-0.031875
-0.0425
-0.045625
-0.0575
-0.07
-0.0675
-0.054375
-0.0325
0.0025
0.029375
0.02625
0.03
0.018125
0.001875
-0.000625
-0.024375
-0.024375
-0.024375
-0.024375
