-0.56875
-0.56875
-0.56875
-0.56875
-0.573125
-0.49875
-0.3925
-0.29875
-0.325
-0.2275
-0.1825
-0.140625
-0.040625
-0.201875
-0.311875
-0.428125
-0.556875
-0.435625
-0.210625
0.04875
0.44625
0.6075
0.6025
0.695
0.49875
0.38875
0.2375
-0.15
-0.359375
-0.508125
-0.443125
-0.278125
-0.01625
0.22
0.28375
0.37875
0.29875
0.22625
0.1325
0.01
0.003125
-0.025
0.00125
0.188125
0.18125
0.181875
0.195625
0.049375
0.04125
0.0075
-0.045625
-0.235
-0.45875
-0.54625
-0.563125
-0.328125
-0.07
0.0075
0.12375
0.05375
0.139375
0.4275
0.615
0.898125
0.885
0.57875
0.1425
-0.1825
-0.349375
-0.33
-0.185
-0.29625
-0.4
-0.4775
-0.515625
-0.40875
-0.341875
-0.395
-0.37125
-0.31625
-0.22125
0.01625
0.036875
0.095
0.254375
0.29375
0.5875
0.785625
0.7275
0.718125
0.4325
0.049375
-0.2175
-0.37125
-0.2675
-0.030625
0.2375
0.266875
0.0225
-0.255625
-0.405
-0.42125
-0.215
-0.00125
0.043125
0.085
0.026875
0.088125
0.059375
0.008125
0.106875
0.108125
0.244375
0.435625
0.37375
0.15
-0.1075
-0.413125
-0.584375
-0.58
-0.57625
-0.43
-0.310625
-0.153125
0.050625
-0.0125
-0.0325
-0.199375
-0.31625
-0.175625
-0.05375
0.2325
0.4825
0.45875
0.435
0.21875
-0.1475
-0.3525
-0.57625
-0.675
-0.674375
-0.65125
-0.511875
-0.511875
-0.511875
-0.511875
