0.7675
0.7675
0.7675
0.7675
0.706875
0.736875
0.765
0.840625
0.97875
0.994375
0.975
0.908125
0.835
0.900625
0.959375
1.115
1.19625
1.224375
1.261875
1.153125
1.071875
0.949375
0.813125
0.823125
0.901875
1.046875
1.24
1.326875
1.298125
1.1575
0.961875
0.771875
0.67
0.67
0.73625
0.866875
0.9425
1.0375
1.09375
1.088125
1.11
1.07625
0.99125
0.963125
0.995625
0.990625
1.11
1.141875
1.113125
1.185625
1.13625
1.154375
1.123125
1.023125
0.965625
0.92375
0.925625
0.94125
1.018125
1.0275
1.0425
0.984375
0.83125
0.7675
0.68625
0.7275
0.799375
0.8125
0.891875
0.9375
0.993125
1.09125
1.13125
1.16375
1.21125
1.165
1.12125
1.083125
1.0625
1.13
1.21125
1.204375
1.123125
1.0075
0.885
0.824375
0.8125
0.80625
0.833125
0.945625
1.035
1.15
1.190625
1.125
1.05125
0.92875
0.8475
0.79125
0.77125
0.768125
0.784375
0.816875
0.825
0.8675
0.879375
0.855625
0.86125
0.84
0.790625
0.788125
0.7625
0.685625
0.67125
0.6375
0.620625
0.70625
0.7575
0.816875
0.88125
0.843125
0.84375
0.796875
0.745
0.795625
0.818125
0.891875
0.943125
0.8925
0.8525
0.82
0.75875
0.748125
0.690625
0.655
0.66
0.7375
0.863125
0.9525
1.04125
1.00875
1.014375
0.96875
0.9625
1.05875
1.064375
1.13375
1.156875
1.104375
1.079375
1.005625
0.93875
0.8375
0.805
0.8175
0.848125
1.013125
1.128125
1.236875
1.3325
1.29625
1.176875
1.04375
0.87375
0.7825
0.8425
0.94875
1.1025
1.23125
1.22625
1.120625
1.00875
0.880625
0.813125
0.859375
0.925
0.9975
1.135625
1.185
1.17875
1.23625
1.15
1.0875
1.07375
0.928125
0.911875
0.9675
1.00125
1.1125
1.1775
1.155625
1.100625
1.045
0.92875
0.800625
0.66625
0.619375
0.628125
0.69625
0.87625
0.9225
1.04125
1.11875
1.050625
1.0225
0.86125
0.759375
0.80375
0.9
1.09375
1.275625
1.32375
1.2725
1.168125
1.031875
0.995
1.02875
1.06375
1.10875
1.09375
1.054375
1.063125
1.021875
1.00375
1.035
1.06
1.14625
1.230625
1.27375
1.211875
1.114375
1.016875
0.846875
0.779375
0.71375
0.61625
0.64
0.67125
0.725625
0.83
0.885625
0.853125
0.8625
0.859375
0.8725
0.97375
1.001875
1.04
1.02
0.9925
0.963125
0.910625
0.954375
0.9175
0.92875
0.9475
0.83375
0.81625
0.7575
0.74
0.824375
0.901875
1.04375
1.120625
1.228125
1.26125
1.28125
1.275625
1.1375
1.06
0.88875
0.84
0.893125
0.9075
0.96125
0.86875
0.72875
0.615625
0.591875
0.714375
0.91
1.09875
1.18625
1.160625
1.04875
0.914375
0.81
0.76875
0.825
0.885
0.999375
1.058125
1.0325
1.07625
1.01625
1.004375
0.979375
0.851875
0.761875
0.695
0.730625
0.835625
0.996875
1.114375
1.12125
1.17
1.15875
1.08
1.03125
0.856875
0.735
0.74125
0.8175
0.959375
1.09375
1.12875
1.085
1.106875
1.08125
1.099375
1.11
1.055
1.014375
1.048125
1.160625
1.281875
1.4125
1.438125
1.36875
1.276875
1.176875
1.090625
1.106875
1.129375
1.19375
1.31375
1.329375
1.2875
1.18625
0.968125
0.788125
0.759375
0.794375
0.985625
1.225
1.324375
1.385625
1.330625
1.245625
1.254375
1.185
1.114375
1.031875
0.84875
0.7675
0.7375
0.66125
0.63375
0.631875
0.67875
0.789375
0.929375
0.946875
0.83125
0.74
0.653125
0.7125
0.9
1.019375
1.155
1.184375
1.18
1.221875
1.165625
1.12625
1.02625
0.91
0.90875
0.9
0.96375
1.07
1.048125
1.068125
1.005
0.85125
0.78875
0.768125
0.773125
0.881875
0.984375
1.021875
1.15625
1.23125
1.3375
1.44875
1.453125
1.4675
1.378125
1.28875
1.280625
1.27625
1.398125
1.49625
1.546875
1.575
1.5325
1.5375
1.4875
1.39625
1.276875
1.116875
0.98
0.8925
0.854375
0.85
0.85
0.85
0.85
