0.17125
0.17125
0.17125
0.17125
0.119375
0.115
0.166875
0.239375
0.265625
0.25625
0.21125
0.17625
0.15125
0.165
0.19125
0.213125
0.254375
0.26
0.276875
0.285
0.295
0.31
0.32875
0.35375
0.38
0.38875
0.37625
0.364375
0.3125
0.2825
0.231875
0.169375
0.145625
0.13375
0.155
0.190625
0.218125
0.229375
0.2575
0.271875
0.2775
0.28875
0.265625
0.284375
0.284375
0.276875
0.280625
0.231875
0.2075
0.19875
0.181875
0.186875
0.2
0.194375
0.184375
0.155625
0.120625
0.11875
0.15875
0.248125
0.348125
0.40375
0.4325
0.405625
0.348125
0.313125
0.27
0.2525
0.251875
0.25125
0.241875
0.243125
0.246875
0.238125
0.258125
0.264375
0.268125
0.29625
0.31
0.318125
0.340625
0.36875
0.373125
0.374375
0.366875
0.3175
0.315625
0.313125
0.2825
0.265
0.206875
0.163125
0.15875
0.185625
0.229375
0.2725
0.281875
0.2475
0.213125
0.174375
0.141875
0.143125
0.135
0.144375
0.195
0.230625
0.285
0.2925
0.249375
0.2325
0.20625
0.23
0.29375
0.305
0.33875
0.353125
0.325625
0.356875
0.365625
0.380625
0.4125
0.383125
0.33125
0.254375
0.200625
0.210625
0.245625
0.308125
0.35375
0.361875
0.3775
0.3875
0.374375
0.36125
0.325625
0.285625
0.29375
0.31875
0.35875
0.385
0.368125
0.32
0.26625
0.223125
0.219375
0.22375
0.234375
0.259375
0.265625
0.2925
0.304375
0.299375
0.290625
0.27625
0.28125
0.284375
0.27375
0.255625
0.234375
0.245
0.256875
0.273125
0.2825
0.245
0.2325
0.23875
0.236875
0.28
0.298125
0.303125
0.3275
0.31
0.325
0.325625
0.319375
0.341875
0.3225
0.29625
0.26125
0.195
0.17875
0.1925
0.22
0.27875
0.283125
0.273125
0.246875
0.22375
0.2175
0.19875
0.19875
0.17375
0.17875
0.21875
0.249375
0.290625
0.3
0.264375
0.24
0.225
0.24375
0.275625
0.3075
0.329375
0.295625
0.27
0.221875
0.1625
0.13625
0.121875
0.13
0.179375
0.239375
0.278125
0.28625
0.25
0.215625
0.215
0.233125
0.285
0.30125
0.304375
0.3225
0.306875
0.314375
0.289375
0.2225
0.161875
0.1025
0.055
0.048125
0.051875
0.054375
0.078125
0.103125
0.155625
0.21375
0.28125
0.315625
0.318125
0.324375
0.28375
0.263125
0.22375
0.169375
0.15125
0.123125
0.1425
0.1675
0.18
0.2275
0.249375
0.264375
0.3
0.281875
0.243125
0.20875
0.16
0.149375
0.17
0.200625
0.19875
0.179375
0.14
0.12125
0.14125
0.191875
0.280625
0.304375
0.33125
0.310625
0.235
0.1975
0.155
0.1325
0.148125
0.17
0.17
0.17
0.17
