1.030625
1.030625
1.030625
1.030625
1.01875
0.999375
0.993125
0.985625
0.97625
0.969375
0.956875
0.960625
0.96
0.979375
0.995
0.99875
0.995
0.94375
0.874375
0.833125
0.803125
0.80125
0.81625
0.815
0.82375
0.86
0.925625
0.974375
1.015
1.005
0.943125
0.929375
0.9175
0.954375
1.024375
1.0525
1.088125
1.07625
1.025625
1.000625
0.93375
0.88875
0.87875
0.81125
0.79875
0.811875
0.845625
0.928125
0.986875
0.995
0.981875
0.96625
0.9775
1.02625
1.035625
1.084375
1.073125
1.034375
1.049375
0.973125
0.94
0.929375
0.885625
0.904375
0.891875
0.9175
0.9575
0.99125
1.075625
1.086875
1.0975
1.080625
1.018125
0.981875
0.92625
0.90125
0.878125
0.85875
0.855625
0.845625
0.86875
0.8975
0.941875
0.989375
1.01625
1.028125
1.025625
1.00375
1.004375
1.01125
1.00625
1.03625
1.008125
0.98625
1.01125
0.9925
1.01375
1.01625
0.960625
0.9275
0.90375
0.895
0.89
0.864375
0.8125
0.77125
0.785
0.819375
0.879375
0.93625
0.92875
0.93
0.90875
0.851875
0.8525
0.8325
0.83625
0.886875
0.890625
0.90375
0.896875
0.870625
0.853125
0.865
0.89375
0.910625
0.93625
0.915
0.8825
0.871875
0.878125
0.9025
0.919375
0.916875
0.895
0.8775
0.8775
0.929375
0.983125
1.041875
1.111875
1.109375
1.096875
1.051875
0.96
0.930625
0.921875
0.93625
0.978125
0.9725
0.990625
1.00875
1.035
1.061875
1.024375
0.985625
0.929375
0.871875
0.83125
0.791875
0.761875
0.744375
0.75375
0.763125
0.773125
0.7975
0.819375
0.834375
0.879375
0.91875
0.928125
0.96375
0.935625
0.88
0.89
0.911875
0.979375
1.104375
1.158125
1.165625
1.15
1.07125
1.04375
1.015
1.01375
1.04
1.00375
0.98375
0.928125
0.88375
0.880625
0.863125
0.87875
0.8875
0.909375
0.96
0.994375
1.010625
0.990625
0.95625
0.925625
0.918125
0.9275
0.968125
1.023125
1.06875
1.105
1.07875
1.005625
0.930625
0.89625
0.893125
0.923125
0.959375
0.935625
0.911875
0.920625
0.925
0.97875
1.018125
0.985
0.935
0.86
0.794375
0.799375
0.835625
0.878125
0.925625
0.944375
0.935625
0.926875
0.94
0.9225
0.93375
0.980625
1.01125
1.0875
1.13125
1.12875
1.12875
1.07375
1.05
0.994375
0.933125
0.9125
0.89375
0.9225
0.93
0.95125
0.92875
0.946875
0.9725
0.96375
0.991875
0.92875
0.919375
0.968125
0.995
1.113125
1.18875
1.1775
1.181875
1.125625
1.01875
0.970625
0.92875
0.886875
0.926875
0.9675
0.99875
1.045
1.0525
1.016875
0.97125
0.913125
0.891875
0.90875
0.935625
1.009375
1.00875
1.023125
1.080625
1.099375
1.208125
1.254375
1.26
1.2825
1.22625
1.209375
1.14375
1.021875
0.930625
0.846875
0.8025
0.803125
0.79875
0.819375
0.855
0.8975
0.9475
0.934375
0.926875
0.914375
0.9025
0.916875
0.90375
0.87625
0.860625
0.83625
0.853125
0.896875
0.919375
0.951875
0.96375
0.96
0.9625
0.98125
1.00125
1.025
1.06875
1.085625
1.050625
1.0225
0.989375
0.9775
1.038125
1.07375
1.085625
1.0925
1.0425
1.000625
0.985
0.948125
0.9675
0.999375
0.985625
0.986875
0.948125
0.8875
0.85625
0.8725
0.885
0.911875
0.955
0.929375
0.935
0.985625
1.009375
1.0525
1.06375
1.03125
1.01125
0.97875
0.955
0.885625
0.814375
0.77375
0.7625
0.81375
0.885625
0.945
0.98
0.9925
0.97875
0.94625
0.904375
0.894375
0.899375
0.92125
0.954375
0.925625
0.91625
0.950625
0.98875
1.0625
1.06875
0.9875
0.900625
0.81375
0.7575
0.745
0.7275
0.726875
0.755625
0.80125
0.87375
0.925
0.9425
0.97
0.978125
0.995
1.02875
0.993125
0.9575
0.90375
0.86375
0.863125
0.848125
0.843125
0.798125
0.773125
0.7625
0.76875
0.81625
0.83125
0.879375
0.945625
0.99625
1.075625
1.10125
1.0525
1.001875
0.92375
0.85625
0.841875
0.81625
0.806875
0.805
0.799375
0.80375
0.81875
0.838125
0.835
0.85
0.8525
0.85125
0.879375
0.92
0.96875
1.0225
1.093125
1.131875
1.185625
1.26375
1.268125
1.224375
1.12625
0.97
0.97
0.97
0.97
