1.190625
1.190625
1.190625
1.190625
1.256875
1.28125
1.255
1.139375
1.081875
1.06875
1.106875
1.15375
1.135625
1.11
1.0825
1.089375
1.12875
1.138125
1.0825
1.0525
1.076875
1.15875
1.283125
1.3875
1.4325
1.355
1.243125
1.0525
0.845
0.764375
0.76625
0.899375
1.003125
1.078125
1.10375
0.98625
1.006875
0.98875
0.921875
0.983125
0.94375
0.948125
1.051875
1.11875
1.191875
1.26
1.275625
1.261875
1.19
1.08875
1.018125
1.000625
1.105
1.2725
1.389375
1.394375
1.343125
1.1925
1.056875
0.983125
0.909375
0.87875
0.818125
0.7825
0.741875
0.749375
0.830625
0.899375
0.978125
0.983125
0.966875
1.025
1.0875
1.2075
1.265
1.234375
1.161875
1.10125
1.109375
1.109375
1.16
1.136875
1.0525
0.93875
0.806875
0.691875
0.639375
0.71125
0.771875
0.880625
0.9425
0.870625
0.843125
0.83375
0.84875
0.963125
1.0225
1.025625
1.076875
1.05625
1.03
1.018125
0.94
0.900625
0.91625
0.88125
0.855625
0.851875
0.79375
0.809375
0.874375
0.911875
1.003125
1.125625
1.165625
1.166875
1.139375
1.019375
0.968125
0.983125
0.975
1.043125
1.045
1.019375
1.006875
0.929375
0.929375
0.954375
1.0025
1.026875
1.034375
0.964375
0.9325
0.963125
0.976875
1.0625
1.065625
1.1175
1.09875
1.0525
1.08625
1.004375
1.0075
0.995625
0.850625
0.76625
0.67
0.645625
0.74
0.883125
1.030625
1.104375
1.130625
1.075625
0.9975
0.94375
0.8875
0.825
0.7575
0.679375
0.69625
0.80625
0.93875
1.101875
1.1875
1.135625
1.125625
1.064375
0.9375
0.8875
0.74125
0.645
0.68
0.745625
0.87875
1.015
1.02
0.98875
0.961875
0.898125
0.91125
0.919375
0.87
0.825
0.79625
0.831875
0.935
1.06875
1.201875
1.25625
1.281875
1.305625
1.254375
1.2125
1.13875
1.0475
0.975
0.919375
0.863125
0.758125
0.71375
0.68375
0.696875
0.79
0.86
0.915
0.988125
1.07125
1.106875
1.126875
1.08
0.991875
1.020625
1.065
1.126875
1.128125
1.01375
0.931875
0.90625
0.946875
0.985625
0.975625
0.878125
0.756875
0.715625
0.650625
0.654375
0.68875
0.66125
0.67375
0.624375
0.55
0.5575
0.598125
0.69125
0.83
0.90375
0.989375
1.123125
1.190625
1.263125
1.2125
1.02875
0.918125
0.8075
0.793125
0.890625
0.9575
1.024375
1.104375
1.178125
1.21125
1.17125
1.050625
0.910625
0.815625
0.83375
0.988125
1.06625
1.15
1.171875
1.07625
1.03125
0.915625
0.86
0.835
0.81
0.923125
0.941875
0.93625
0.9425
0.793125
0.718125
0.675
0.6875
0.76875
0.81375
0.811875
0.71625
0.641875
0.65875
0.733125
0.84
0.959375
0.945
0.894375
0.894375
0.894375
0.894375
