0.4125
0.4125
0.4125
0.4125
0.375
0.2375
0.1375
0.06875
0.03125
0.1
0.09375
0.0625
-0.0625
-0.1875
-0.26875
-0.3625
-0.45625
-0.44375
-0.475
-0.48125
-0.4125
-0.55625
-0.63125
-0.71875
-0.78125
-0.65625
-0.55
-0.5
-0.36875
-0.4
-0.5875
-0.6
-0.825
-0.8625
-0.625
-0.625
-0.4125
-0.28125
-0.28125
-0.00625
0.175
0.275
0.35
0.26875
0.1625
0.0375
-0.025
-0.05625
-0.1375
-0.0125
-0.06875
-0.225
-0.25
-0.4125
-0.3375
-0.18125
-0.0875
0.0125
0.075
0.1625
0.175
0.18125
0.08125
-0.00625
0.04375
-0.04375
-0.0375
-0.2
-0.48125
-0.53125
-0.61875
-0.46875
-0.275
-0.1125
0.025
0.04375
0.05
-0.0375
-0.16875
-0.3125
-0.40625
-0.475
-0.40625
-0.28125
-0.15625
0.01875
0.04375
0.08125
0.1
0.05625
0.0875
0.0625
0.03125
0.05
0.09375
0.15
0.20625
0.175
0.025
-0.18125
-0.40625
-0.6375
-0.7
-0.65
-0.63125
-0.4
-0.24375
-0.18125
-0.1
-0.225
-0.28125
-0.325
-0.41875
-0.44375
-0.55
-0.55625
-0.41875
-0.28125
-0.1625
-0.19375
-0.29375
-0.3625
-0.5
-0.4875
-0.4
-0.4125
-0.18125
-0.08125
-0.10625
-0.1125
-0.325
-0.425
-0.425
-0.38125
-0.38125
-0.38125
-0.38125
