1.0235
1.0235
1.0235
1.0235
0.9874375
0.91225
0.8726875
0.85225
0.8276875
0.841375
0.8863125
0.950375
1.0609375
1.178
1.249375
1.30275
1.2618125
1.1550625
1.104375
1.0525625
1.068625
1.138125
1.1449375
1.15175
1.14325
1.1036875
1.0749375
1.0450625
1.0124375
1.0243125
1.051
1.0788125
1.13
1.1278125
1.1404375
1.1541875
1.125375
1.1435
1.1468125
1.147875
1.1605625
1.151875
1.15075
1.131625
1.0986875
1.0744375
1.0606875
1.0851875
1.1299375
1.167125
1.1415
1.097875
1.05425
1.0286875
1.067
1.1041875
1.161625
1.15625
1.157375
1.1585
1.1271875
1.160875
1.1241875
1.112
1.1230625
1.113875
1.1696875
1.1608125
1.1665
1.1966875
1.186375
1.21975
1.18275
1.12125
1.10025
1.0676875
1.100125
1.1069375
1.07
1.085875
1.0815
1.0916875
1.148875
1.14325
1.1216875
1.1074375
1.076125
1.0564375
1.0560625
1.0765625
1.0639375
1.056625
1.0585
1.0420625
1.060375
1.0574375
1.0419375
1.027625
1.00175
1.0091875
0.9924375
1.0001875
1.006875
1.0140625
1.069625
1.06025
1.063125
1.0556875
1.0190625
1.0153125
0.9961875
0.9759375
0.9454375
0.9454375
0.9454375
0.9454375
