0.01523297375
0.01523297375
0.01523297375
0.01523297375
0.024446805625
0.03856946875
0.05343235375
0.070282145
0.065266155
0.050150040625
0.03592024375
0.022586503125
0.01963535625
0.022450145625
0.02382345125
0.022304050625
0.02277155625
0.02433965
0.026589525
0.03351448125
0.035550086875
0.03754673625
0.040400485625
0.038082428125
0.040478409375
0.037673363125
0.02929717875
0.023229314375
0.01397655
0.009827415625
0.01543751375
0.021446941875
0.03709870625
0.04993568125
0.05134792375
0.052516673125
0.03673829125
0.022810464375
0.014580394375
0.006408761875
0.010918268125
0.01635305
0.021758613125
0.028021276875
0.03197562125
0.034702753125
0.039270698125
0.04295232375
0.039582365625
0.03335866375
0.02923874875
0.02601489
0.027807004375
0.032462605625
0.02747585
0.020696981875
0.0145998975
0.017025076875
0.03388455125
0.050539488125
0.067067804375
0.0686748575
0.052896490625
0.049701905
0.051435641875
0.0603572975
0.077742779375
0.0758142925
0.067048493125
0.05956834375
0.05651978125
0.060328025
0.061798730625
0.0665809675
0.066016079375
0.06642516625
0.074898766875
0.07715839875
0.078229780625
0.07662273125
0.07267814375
0.058721049375
0.0470820175
0.039319404375
0.0276024475
0.026910920625
0.02564475125
0.023394869375
0.0203073725
0.02713497375
0.038559735
0.05725033375
0.08996619375
0.1029687325
0.11921462875
0.11964320375
0.108500945
0.10556933125
0.08980068625
0.09265445875
0.09615104375
0.101770895
0.11126718375
0.10385520125
0.08925525
0.0753273375
0.059061886875
0.0478806175
0.040790076875
0.0296380625
0.026550561875
0.023424105
0.023609159375
0.029170555
0.0270375475
0.028060215
0.02829396875
0.0227423125
0.02106707375
0.01623616
0.01319735625
0.0130512575
0.01783348125
0.02328774375
0.026326550625
0.0322580625
0.031352261875
0.03225805875
0.037799975625
0.038131125
0.037936330625
0.03693313125
0.029024449375
0.03414758
0.043712035625
0.052175905
0.065918719375
0.057649651875
0.054425796875
0.052205134375
0.0463710225
0.055867299375
0.047237858125
0.041092053125
0.0371766525
0.02556684875
0.02438833875
0.0207261925
0.01869058375
0.019976229375
0.024174060625
0.025888255625
0.023492276875
0.021417710625
0.015593339375
0.012612975625
0.021904729375
0.0418615425
0.061672261875
0.08421985
0.0965504075
0.0888072725
0.0836743875
0.08327504375
0.0809277
0.0892746375
0.09790403125
0.08721945625
0.0755025375
0.06575305
0.05294528125
0.05217586625
0.051153195
0.04175433
0.03592020875
0.0331930675
0.033017745
0.03741037375
0.04821178375
0.0519031725
0.05538028625
0.0594320425
0.04501718625
0.03749808
0.02996923125
0.0264629
0.03181002625
0.03004713125
0.02955040625
0.0234922825
0.02994001875
0.03968953
0.054435535
0.068227045625
0.06034757
0.056850983125
0.0428549375
0.031722378125
0.03128408125
0.02282022875
0.018914588125
0.015281658125
0.013577203125
0.01628485625
0.019391835625
0.021281350625
0.017473110625
0.02152483125
0.0366019825
0.05430886375
0.07949587375
0.098361853125
0.09631652
0.0906382625
0.0882033625
0.0818724625
0.086255325
0.091738775625
0.07847316375
0.064175208125
0.0490201525
0.034819595625
0.0326573925
0.028118668125
0.02336566875
0.02012232625
0.0216806825
0.0300373875
0.038248
0.04157900125
0.03441054375
0.024018226875
0.0142005525
0.007635954375
0.005629568125
0.016674470625
0.027719373125
0.042066050625
0.057006849375
0.05341286
0.050822063125
0.04145240125
0.032092479375
0.02886862
0.025440230625
0.024242240625
0.027027809375
0.028956284375
0.02871279125
0.029141343125
0.022450138125
0.022557276875
0.034897564375
0.048075470625
0.072161876875
0.085524814375
0.077645315
0.070515776875
0.0468968775
0.031186659375
0.02784594125
0.0211352675
0.03376775375
0.042601735
0.0578444975
0.085924285
0.0927129125
0.10476100625
0.10284225625
0.08346006875
0.07594092875
0.0639902025
0.0553510075
0.049302618125
0.041179665
0.034439755625
0.02686223125
0.024232501875
0.02267414
0.023531240625
0.02960884625
0.03566697
0.04963376
0.0550587825
0.05645154625
0.05514639875
0.03823820125
0.02740761125
0.02039500875
0.01498946625
0.01584656875
0.02727132125
0.04002068
0.0540654275
0.07181127875
0.0698243525
0.0629091075
0.055789325
0.04406264125
0.04211468875
0.0376441425
0.0314788775
0.0274368775
0.018982770625
0.0153011425
0.011220189375
0.01023647625
0.013031786875
0.01491156
0.018612665
0.018242555
0.028459574375
0.0503253575
0.075161764375
0.098478770625
0.1000079125
0.1000079125
0.1000079125
0.1000079125
