0.0725
0.0725
0.0725
0.0725
0.159375
0.163125
0.124375
0.07625
-0.009375
-0.055625
-0.044375
0.0075
0.060625
0.113125
0.14875
0.09875
0.07625
0.05375
-0.024375
-0.0125
0.026875
0.104375
0.2575
0.325
0.354375
0.3175
0.21625
0.155
0.045
-0.046875
-0.1225
-0.1975
-0.213125
-0.16875
-0.073125
0.01375
0.1
0.08625
0.018125
-0.04125
-0.120625
-0.125625
-0.078125
-0.024375
0.045
0.055
-0.000625
-0.0925
-0.20625
-0.224375
-0.215625
-0.146875
-0.00125
0.043125
0.0925
0.12
0.036875
-0.00875
-0.059375
-0.12625
-0.12875
-0.09625
-0.03875
0.020625
0.06
0.035625
-0.02125
-0.066875
-0.10625
-0.130625
-0.1525
-0.17125
-0.195
-0.185
-0.144375
-0.115625
-0.0825
-0.0725
-0.086875
-0.130625
-0.18
-0.23375
-0.275625
-0.2225
-0.156875
-0.045625
0.058125
0.05125
0.040625
-0.053125
-0.145
-0.168125
-0.165625
-0.09125
-0.02375
0.0525
0.07625
0.07625
0.076875
0.02
-0.05125
-0.084375
-0.10375
-0.10375
-0.035625
-0.03875
-0.05625
-0.05
-0.090625
-0.09375
-0.063125
-0.06125
-0.031875
-0.01
-0.0475
-0.070625
-0.09125
-0.076875
-0.00125
0.08375
0.151875
0.139375
0.0675
-0.016875
-0.106875
-0.138125
-0.125625
-0.091875
-0.010625
0.070625
0.136875
0.16
0.09625
0.0025
-0.09125
-0.154375
-0.16875
-0.143125
-0.136875
-0.131875
-0.11125
-0.110625
-0.090625
-0.075
-0.090625
-0.10625
-0.121875
-0.140625
-0.128125
-0.115625
-0.11875
-0.115625
-0.128125
-0.135625
-0.111875
-0.11125
-0.110625
-0.124375
-0.169375
-0.17875
-0.188125
-0.216875
-0.195
-0.18875
-0.163125
-0.085
-0.053125
0.011875
0.038125
0.05375
0.05375
0.05375
0.05375
