-1.29625
-1.29625
-1.29625
-1.29625
-1.35125
-1.330625
-1.099375
-1.048125
-1.038125
-1.081875
-1.03875
-0.9275
-0.84125
-0.649375
-0.570625
-0.518125
-0.33
-0.25375
-0.22875
-0.29625
-0.461875
-0.613125
-0.721875
-0.6625
-0.5075
-0.46625
-0.49
-0.611875
-0.874375
-0.8425
-0.715
-0.64
-0.551875
-0.6625
-0.788125
-0.8325
-0.750625
-0.5875
-0.478125
-0.520625
-0.6225
-0.815625
-1.099375
-1.128125
-1.193125
-1.164375
-0.84375
-0.59875
-0.335625
-0.140625
-0.284375
-0.4825
-0.699375
-0.87375
-0.87375
-0.87375
-0.87375
