0.4125
0.4125
0.4125
0.4125
0.388125
0.43
0.481875
0.524375
0.554375
0.504375
0.478125
0.47375
0.48
0.525625
0.53375
0.514375
0.505
0.488125
0.466875
0.47375
0.469375
0.48375
0.535625
0.5675
0.59625
0.589375
0.545625
0.53375
0.5325
0.56125
0.619375
0.62375
0.605625
0.57125
0.535625
0.53375
0.541875
0.553125
0.53875
0.515
0.53125
0.541875
0.57375
0.6025
0.58625
0.575625
0.5675
0.54875
0.525
0.47125
0.4025
0.36625
0.35625
0.410625
0.466875
0.490625
0.5
0.475
0.45
0.455
0.473125
0.4825
0.50625
0.52
0.520625
0.546875
0.5575
0.580625
0.625625
0.67375
0.7275
0.713125
0.67
0.560625
0.456875
0.44375
0.435625
0.489375
0.53625
0.53
0.53125
0.510625
0.4825
0.483125
0.47125
0.480625
0.513125
0.533125
0.574375
0.6225
0.6325
0.640625
0.645
0.60375
0.621875
0.625
0.633125
0.661875
0.643125
0.63
0.571875
0.48125
0.388125
0.318125
0.32625
0.401875
0.49
0.56875
0.5725
0.564375
0.575
0.5825
0.613125
0.62375
0.576875
0.52875
0.499375
0.456875
0.490625
0.523125
0.534375
0.554375
0.5375
0.513125
0.515625
0.530625
0.538125
0.5675
0.571875
0.541875
0.526875
0.500625
0.48875
0.52125
0.55
0.53625
0.518125
0.495625
0.476875
0.533125
0.579375
0.598125
0.59375
0.55625
0.526875
0.506875
0.520625
0.52125
0.528125
0.55
0.54875
0.57625
0.5975
0.601875
0.601875
0.585
0.568125
0.56375
0.58875
0.61375
0.63875
0.646875
0.628125
0.5925
0.556875
0.5425
0.544375
0.58
0.615625
0.634375
0.643125
0.635
0.621875
0.620625
0.615
0.594375
0.581875
0.558125
0.54625
0.549375
0.545
0.54625
0.53625
0.53625
0.545
0.55375
0.569375
0.575
0.571875
0.56625
0.56375
0.56
0.558125
0.56125
0.55
0.54625
0.545
0.5475
0.5725
0.550625
0.520625
0.484375
0.423125
0.443125
0.488125
0.533125
0.595
0.605625
0.599375
0.593125
0.5825
0.576875
0.57125
0.565625
0.525625
0.506875
0.471875
0.435
0.456875
0.45875
0.4925
0.525
0.543125
0.54625
0.528125
0.511875
0.475
0.475625
0.473125
0.463125
0.474375
0.473125
0.489375
0.523125
0.54625
0.558125
0.5625
0.559375
0.55625
0.56
0.5625
0.558125
0.545
0.529375
0.51875
0.524375
0.5475
0.578125
0.593125
0.5975
0.599375
0.584375
0.585625
0.586875
0.581875
0.5975
0.595625
0.5875
0.573125
0.556875
0.56875
0.56875
0.556875
0.524375
0.474375
0.46875
0.500625
0.539375
0.575
0.558125
0.526875
0.50125
0.48
0.485
0.506875
0.539375
0.585625
0.655625
0.675625
0.67
0.638125
0.5725
0.535
0.526875
0.53125
0.55
0.56875
0.56875
0.55875
0.535625
0.535625
0.535625
0.535625
