-3.01875
-3.01875
-3.01875
-3.01875
-3.80875
-5.379375
-5.483125
-5.174375
-4.483125
-3.061875
-2.958125
-3.388125
-4.200625
-4.474375
-4.899375
-5.590625
-5.899375
-7.2875
-7.403125
-6.5925
-5.973125
-4.81125
-4.38125
-4.0775
-4.505625
-4.4375
-4.60125
-5.79875
-5.764375
-6.72625
-7.224375
-6.5125
-6.26
-4.970625
-4.215
-3.60375
-2.841875
-3.159375
-3.064375
-3.574375
-5.005625
-5.355625
-5.856875
-6.6275
-5.891875
-5.696875
-5.46125
-4.185
-3.73125
-3.08625
-2.51125
-2.93625
-3.50625
-4.9975
-6.116875
-5.924375
-5.540625
-3.623125
-2.19875
-1.8575
-1.90625
-3.465625
-5.22375
-7.0925
-7.91625
-7.759375
-7.264375
-6.4475
-6.66125
-6.90625
-6.275625
-5.25375
-3.85625
-3.314375
-4.368125
-5.3775
-6.386875
-6.41375
-5.446875
-4.73875
-4.301875
-3.675625
-3.103125
-2.838125
-1.779375
-2.2075
-2.6125
-3.4
-4.659375
-4.5625
-4.610625
-4.2425
-4.655
-5.310625
-6.290625
-7.11375
-6.403125
-6.4925
-6.653125
-6.665
-7.554375
-7.096875
-6.068125
-5.188125
-4.188125
-3.729375
-3.49375
-3.25
-3.215625
-3.44625
-4.045
-4.380625
-4.668125
-5.229375
-4.69125
-4.354375
-3.9025
-3.1725
-3.42625
-3.709375
-3.760625
-3.44
-2.611875
-1.633125
-1.61625
-2.203125
-2.9275
-4.075
-4.064375
-3.45
-3.068125
-2.954375
-3.6
-4.5475
-5.96
-6.140625
-5.99
-6.4725
-6.5225
-7.42125
-8.32
-7.761875
-6.51625
-5.290625
-4.161875
-3.97375
-3.935
-4.07875
-3.5125
-2.903125
-3.240625
-3.266875
-3.789375
-4.47
-4.425
-3.744375
-3.100625
-2.56625
-1.9625
-2.334375
-3.12
-2.91125
-3.346875
-3.32375
-2.713125
-2.835625
-2.771875
-2.58125
-2.564375
-2.4675
-1.928125
-2.033125
-2.93125
-3.749375
-5.01125
-5.315
-4.574375
-4.725625
-4.190625
-4.970625
-5.589375
-4.664375
-4.278125
-3.13625
-2.728125
-3.685
-5.009375
-5.935625
-6.930625
-6.585625
-5.525
-5.395
-4.955
-6.025625
-6.964375
-6.7475
-6.09
-4.258125
-3.608125
-3.45625
-3.75125
-4.24875
-3.541875
-2.871875
-2.153125
-1.771875
-1.470625
-1.56125
-2.38375
-2.6025
-3.84875
-4.783125
-4.64625
-5.319375
-5.26125
-4.8975
-4.724375
-4.105625
-2.766875
-1.858125
-1.721875
-1.540625
-2.903125
-4.66375
-5.261875
-6.59
-6.51875
-5.46875
-5.633125
-4.641875
-4.278125
-4.063125
-2.88375
-2.245
-1.6525
-1.511875
-1.5175
-1.56375
-1.8175
-2.164375
-3.309375
-4.373125
-5.16125
-6.09375
-5.73375
-5.85625
-6.129375
-5.63875
-6.41
-6.466875
-5.960625
-5.645
-4.230625
-2.681875
-1.691875
-1.623125
-2.526875
-4.075
-5.68
-5.75125
-5.42625
-5.404375
-5.20125
-6.6075
-7.89375
-8.024375
-7.843125
-6.124375
-4.08375
-2.54125
-1.390625
-1.3325
-1.65625
-2.016875
-2.48875
-2.8725
-3.64625
-4.811875
-6.168125
-6.545
-6.52375
-6.2125
-4.9
-4.949375
-4.793125
-4.478125
-4.82875
-4.57625
-4.759375
-4.91625
-5.66
-6.3
-6.43875
-7.42
-7.135
-6.574375
-5.99125
-4.14625
-3.5075
-3.6725
-4.7125
-6.284375
-6.71
-6.28875
-4.6475
-2.983125
-1.70125
-0.7325
-0.29375
-0.304375
-1.2775
-2.1975
-3.656875
-4.35875
-4.439375
-4.79875
-4.42375
-4.464375
-3.924375
-3.49
-3.37375
-3.27
-3.9275
-4.259375
-4.6125
-5.03625
-4.379375
-3.82625
-4.021875
-4.71375
-6.19125
-6.91
-6.854375
-6.02875
-5.438125
-5.67875
-5.54625
-4.9975
-3.9125
-2.6525
-1.403125
-0.726875
-0.343125
-0.126875
-0.904375
-2.263125
-3.640625
-5.4175
-6.50125
-6.37625
-6.39625
-5.266875
-3.98375
-3.300625
-2.235
-1.8025
-1.415625
-1.01375
-1.535
-2.01
-2.76375
-4.2575
-4.920625
-6.249375
-7.3975
-7.99875
-8.3675
-7.4975
-6.275
-4.401875
-2.86
-1.793125
-1.14875
-0.7725
-0.45375
-0.72375
-1.068125
-1.598125
-1.828125
-1.410625
-1.395625
-1.59
-2.641875
-3.8
-4.75375
-6.00875
-5.916875
-6.085
-5.920625
-4.630625
-3.95625
-3.583125
-3.278125
-3.714375
-4.964375
-5.801875
-6.00375
-6.485
-5.738125
-4.56
-4.3575
-3.245625
-3.345625
-3.57125
-3.50625
-3.99125
-3.18
-2.6225
-1.901875
-1.255625
-1.29875
-1.341875
-1.236875
-1.365
-1.588125
-2.3925
-3.5675
-4.816875
-5.53625
-5.284375
-5.38
-4.711875
-4.404375
-4.34625
-3.82375
-3.683125
-3.49625
-3.980625
-4.516875
-5.495
-6.7975
-6.7975
-6.844375
-5.7425
-4.860625
-5.673125
-5.90875
-6.845
-6.3625
-4.0275
-2.64875
-1.35625
-1.175
-2.075625
-1.998125
-2.570625
-3.6825
-5.27
-7.75875
-9.36875
-9.879375
-9.135
-7.715625
-6.095625
-4.410625
-3.325625
-2.788125
-2.294375
-2.30875
-3.005625
-3.0275
-3.479375
-4.216875
-4.35125
-4.655
-5.015625
-4.61125
-3.775625
-3.90375
-4.191875
-5.29125
-7.149375
-7.660625
-7.1775
-6.04625
-4.475625
-3.323125
-2.8575
-2.44375
-2.24875
-2.214375
-2.001875
-2.626875
-2.663125
-2.805625
-3.64375
-3.56375
-3.803125
-4.74875
-4.97375
-5.094375
-5.134375
-4.0275
-3.531875
-3.84625
-4.58375
-5.21625
-4.77375
-3.838125
-3.011875
-3.079375
-4.353125
-5.434375
-5.410625
-4.96875
-3.74
-2.903125
-3.2525
-3.3
-3.931875
-4.53375
-5.114375
-6.188125
-6.3525
-6.465
-5.775
-5.063125
-4.69875
-4.488125
-4.25625
-3.448125
-2.83125
-1.730625
-1.0525
-0.8275
-1.18375
-1.81125
-2.99
-4.239375
-4.32625
-4.843125
-4.374375
-3.97375
-4.154375
-3.5325
-3.720625
-3.348125
-3.705625
-4.378125
-4.675
-5.42125
-4.7075
-3.749375
-2.72125
-1.42875
-1.59625
-2.795625
-4.135
-5.90625
-6.578125
-5.71625
-4.843125
-3.678125
-2.32375
-2.14875
-2.1875
-2.203125
-3.0925
-3.9375
-3.876875
-3.96375
-3.53875
-2.730625
-3.12875
-3.685
-5.248125
-6.201875
-5.893125
-5.48
-4.16
-4.313125
-6.001875
-7.435625
-9.065
-9.2675
-8.526875
-7.873125
-6.3425
-5.541875
-4.125
-2.366875
-1.433125
-0.0725
0.134375
-0.23125
-0.476875
-1.6875
-2.39875
-2.97
-3.990625
-4.358125
-4.784375
-5.7425
-5.976875
-5.9975
-5.9075
-5.183125
-5.48625
-6.276875
-7.240625
-7.675
-7.526875
-6.83125
-5.739375
-5.038125
-3.76375
-2.763125
-2.17625
-2.60375
-3.835
-4.7575
-5.960625
-5.660625
-5.033125
-4.59
-4.1575
-5.08375
-5.789375
-6.619375
-6.26625
-5.330625
-4.486875
-3.643125
-4.42125
-4.733125
-4.941875
-5.224375
-4.6
-4.28625
-4.124375
-4.1425
-3.578125
-3.5025
-4.22
-4.43
-5.291875
-5.573125
-5.08125
-5.034375
-5.3425
-5.22
-4.584375
-3.52
-2.5075
-2.378125
-3.403125
-5.0725
-5.729375
-6.355625
-5.62875
-4.49375
-4.573125
-3.925
-4.193125
-4.4625
-3.569375
-3.1325
-2.899375
-2.60875
-3.5325
-4.339375
-5.129375
-5.976875
-5.675
-5.49
-4.97375
-4.2725
-3.970625
-4.25
-4.0875
-4.62625
-5.6425
-5.855625
-7.05125
-7.02375
-7.005
-7.421875
-6.52
-6.39875
-5.759375
-4.6925
-4.45
-4.06
-3.2375
-2.223125
-1.1625
-0.133125
0.013125
-0.925625
-2.4975
-4.58875
-6.126875
-6.711875
-6.611875
-5.865625
-5.32
-5.321875
-4.794375
-4.82625
-5.1
-5.048125
-5.4975
-5.60875
-5.639375
-5.71375
-5.99875
-5.5525
-4.810625
-3.735625
-2.71125
-2.3325
-2.213125
-2.394375
-2.1625
-1.970625
-1.87375
-1.62625
-1.494375
-1.31375
-1.333125
-1.7975
-3.0675
-5.0775
-5.941875
-6.931875
-7.2325
-6.445625
-6.48125
-5.865
-4.675625
-4.26625
-4.44375
-5.16625
-6.27125
-6.978125
-7.14875
-6.41375
-6.633125
-6.589375
-6.020625
-6.27625
-5.14875
-3.990625
-3.531875
-2.8075
-2.980625
-4.036875
-4.16875
-4.211875
-3.976875
-2.579375
-1.86875
-2.0975
-2.048125
-2.58
-3.315625
-3.12625
-3.515
-4.135625
-4.90875
-5.249375
-5.395625
-5.65125
-5.126875
-5.11
-4.98875
-3.879375
-2.96875
-2.786875
-2.87625
-3.736875
-5.37
-6.4
-7.105625
-8.209375
-8.104375
-7.314375
-5.92125
-4.01375
-3.353125
-3.4425
-4.3775
-4.914375
-4.25875
-3.67125
-2.585625
-1.508125
-1.2575
-0.570625
-0.381875
-1.12625
-1.595
-2.455625
-3.316875
-3.26625
-3.735625
-4.105
-4.725
-5.631875
-5.94375
-6.1
-5.135
-4.89875
-4.485625
-4.070625
-4.635
-4.59625
-4.663125
-4.773125
-4.283125
-3.225
-2.14375
-1.441875
-1.08625
-1.32125
-2.380625
-3.634375
-5.14375
-6.504375
-6.959375
-6.10875
-4.95625
-3.570625
-2.82875
-2.96625
-2.755625
-3.16
-2.415
-1.85
-1.679375
-1.7175
-3.16125
-4.329375
-6.024375
-6.57
-6.20875
-5.754375
-4.345
-3.56875
-3.403125
-3.189375
-3.3575
-3.451875
-3.155
-2.95125
-2.47625
-2.781875
-3.155625
-3.635625
-5.048125
-5.074375
-4.51125
-4.72375
-4.42375
-4.775625
-5.9625
-6.17875
-5.47
-4.8625
-3.63125
-2.566875
-2.325
-1.963125
-2.720625
-3.47
-4.405
-6.065625
-6.460625
-6.8475
-6.770625
-5.3075
-4.603125
-3.915
-3.65
-4.21625
-4.75375
-4.51125
-3.84
-3.295625
-2.32375
-2.9475
-4.214375
-5.16
-6.593125
-6.62
-5.835625
-4.94
-3.1375
-1.786875
-1.46125
-1.26625
-1.51375
-1.78125
-1.0475
-0.17375
0.31875
0.150625
-0.325
-1.41375
-2.6725
-2.941875
-3.75
-4.536875
-4.79375
-6.15125
-7.044375
-6.829375
-6.51875
-5.59875
-4.214375
-4.3425
-5.04125
-4.98125
-5.99875
-5.67
-5.53375
-6.48
-6.274375
-7.148125
-6.79375
-6.12125
-5.598125
-3.615625
-2.246875
-1.034375
-1.139375
-2.239375
-3.525625
-4.21625
-3.609375
-3.405
-3.53625
-3.811875
-4.729375
-4.92625
-4.358125
-4.706875
-4.73125
-4.8825
-5.346875
-5.131875
-4.3875
-3.876875
-3.818125
-3.7075
-4.178125
-4.224375
-4.13875
-3.4075
-3.249375
-4.319375
-5.055625
-6.965
-7.77875
-6.861875
-5.351875
-3.3675
-1.855
-1.2325
-1.924375
-2.254375
-2.555
-3.356875
-2.8425
-3.049375
-3.648125
-3.6575
-4.1975
-4.375625
-4.74
-4.730625
-5.616875
-6.33625
-5.78125
-5.21875
-3.6725
-2.684375
-2.445
-3.1525
-4.345
-5.199375
-6.515625
-6.86875
-6.2425
-5.663125
-5.01875
-5.459375
-7.261875
-8.350625
-8.34
-7.746875
-5.9175
-4.58625
-4.17625
-3.5725
-3.47625
-3.496875
-3.865
-4.33
-5.174375
-6.379375
-6.675
-6.970625
-6.6825
-6.405
-5.948125
-5.43125
-5.1925
-4.5825
-5.34625
-5.596875
-5.695625
-4.9825
-3.445625
-3.055
-3.6475
-5.713125
-7.399375
-8.24125
-7.61875
-6.114375
-5.0375
-4.231875
-4.36125
-4.541875
-4.674375
-4.621875
-4.0825
-4.154375
-4.65625
-5.799375
-6.82
-7.125
-6.849375
-6.1175
-5.81
-5.416875
-4.519375
-3.24
-1.80125
-1.451875
-1.83125
-2.761875
-4.210625
-4.780625
-5.858125
-6.6375
-6.773125
-6.39625
-5.43
-4.286875
-2.93
-2.314375
-1.494375
-1.245
-2.149375
-3.606875
-5.275625
-6.84875
-6.995
-5.82875
-4.11375
-2.229375
-1.265
-1.659375
-2.91125
-3.7225
-4.379375
-4.084375
-3.365
-3.0925
-2.98875
-2.796875
-2.721875
-2.765
-2.249375
-2.7275
-3.77875
-4.575
-5.158125
-4.591875
-3.23875
-2.2875
-2.07
-2.885
-3.508125
-4.25
-4.89125
-4.1925
-4.136875
-3.743125
-3.134375
-3.79375
-3.950625
-4.00375
-4.24625
-3.6
-3.409375
-2.689375
-1.983125
-2.485
-2.870625
-4.02875
-5.058125
-5.0525
-5.51125
-5.5875
-5.229375
-4.766875
-3.1525
-2.08875
-1.486875
-2.064375
-3.868125
-5.52625
-7.123125
-7.18625
-6.4875
-5.635
-5.0875
-5.22375
-5.044375
-4.28875
-3.070625
-2.52625
-2.44625
-2.719375
-3.18375
-3.0125
-3.08375
-3.72375
-4.723125
-5.274375
-5.955625
-6.17375
-6.403125
-6.971875
-6.6275
-5.9925
-4.37375
-3.601875
-3.133125
-2.985
-3.6925
-3.13125
-2.85375
-2.86875
-2.3325
-2.725
-3.303125
-3.998125
-4.905
-5.47375
-5.939375
-5.37625
-5.589375
-5.07125
-4.0175
-4.04375
-3.33875
-3.41
-3.934375
-4.026875
-3.821875
-3.469375
-3.70375
-4.149375
-5.014375
-5.85625
-5.66375
-4.685625
-3.6375
-3.318125
-3.21875
-3.64625
-3.58125
-2.20625
-1.3225
-0.891875
-1.070625
-2.169375
-2.5975
-2.449375
-2.6175
-2.255625
-2.835625
-3.754375
-4.24125
-5.4275
-5.3775
-5.370625
-5.193125
-4.411875
-4.285625
-4.006875
-4.066875
-4.03125
-4.7025
-5.04125
-4.900625
-5.09875
-4.07375
-3.2625
-3.34375
-3.711875
-5.060625
-6.12
-5.89
-5.571875
-4.94
-5.061875
-5.884375
-5.610625
-4.68625
-2.996875
-1.585
-1.1075
-0.898125
-0.8575
-1.084375
-1.861875
-2.825
-4.095625
-4.730625
-4.75625
-5.23375
-5.668125
-6.199375
-6.7775
-6.781875
-6.66625
-6.550625
-6.185625
-5.72375
-5.65625
-4.881875
-3.7275
-3.103125
-2.461875
-3.33125
-4.680625
-5.765
-6.245625
-5.551875
-4.718125
-3.884375
-2.88875
-1.824375
-1.7225
-2.16125
-3.061875
-4.59875
-5.355625
-4.649375
-3.77125
-2.579375
-1.181875
-0.8975
-0.901875
-1.59625
-2.33625
-3.1175
-4.381875
-4.45375
-5.075625
-5.806875
-5.520625
-6.63
-6.975625
-6.406875
-6.036875
-4.52
-3.92375
-3.784375
-4.068125
-4.554375
-3.698125
-3.265625
-3.0025
-3.075625
-4.143125
-5.44375
-5.63625
-5.30125
-4.65875
-2.74375
-1.41875
-0.453125
0.395625
-0.2175
-1.49875
-3.081875
-5.395
-6.829375
-7.71125
-8.22125
-7.8525
-7.2425
-6.57625
-5.865
-4.675
-4.265
-3.9125
-3.511875
-3.785
-3.72
-3.353125
-3.121875
-3.57625
-3.97875
-4.683125
-5.849375
-6.185
-6.46875
-7.385625
-8.140625
-8.5525
-8.355
-7.251875
-5.545
-4.08875
-3.424375
-3.253125
-3.413125
-3.684375
-3.728125
-3.271875
-3.146875
-3.763125
-5.095625
-6.359375
-6.775625
-6.25125
-4.725625
-4.175625
-4.21625
-4.234375
-4.363125
-3.91625
-3.4575
-3.300625
-3.611875
-3.429375
-3.511875
-3.955
-4.20125
-5.279375
-5.44875
-5.47
-5.9475
-5.45375
-5.350625
-4.461875
-3.125
-3.099375
-3.375
-4.415
-5.1675
-4.46
-3.721875
-3.1825
-2.540625
-2.82
-3.25125
-3.344375
-4.63125
-5.489375
-6.615625
-6.86625
-5.499375
-5.049375
-4.099375
-4.895625
-7.204375
-8.5025
-8.878125
-8.2325
-6.05625
-3.829375
-2.906875
-1.809375
-2.085625
-2.82375
-3.71875
-5.109375
-5.590625
-6.721875
-7.2175
-7.270625
-7.985
-7.54125
-7.54125
-7.54125
-7.54125
