0.326625
0.326625
0.326625
0.326625
0.2491875
0.2345
0.1931875
0.204375
0.23375
0.2224375
0.2535
0.2254375
0.185875
0.143
0.1075625
0.1125
0.12
0.143625
0.15225
0.17875
0.21275
0.2145
0.22375
0.183
0.14225
0.1505
0.191625
0.291375
0.424
0.507
0.500125
0.433125
0.308625
0.18475
0.106375
-0.021
-0.099125
-0.152875
-0.15125
-0.00725
0.112125
0.2301875
0.2848125
0.235375
0.1605625
0.0965
0.0794375
0.17
0.2859375
0.3841875
0.455
0.428875
0.428125
0.410625
0.409875
0.426625
0.392625
0.335125
0.23625
0.18075
0.119
0.13775
0.180375
0.178875
0.266
0.312875
0.3529375
0.41175
0.3881875
0.324375
0.2440625
0.12825
0.0464375
0.045125
0.10025
0.1829375
0.27375
0.2840625
0.286625
0.2768125
0.224
0.2684375
0.255375
0.3045625
0.380875
0.356
0.364
0.2626875
0.1705625
0.1515
0.1653125
0.225875
0.25875
0.2526875
0.180875
0.173875
0.1504375
0.1456875
0.1820625
0.1225625
0.107125
0.0744375
0.03275
0.0416875
0.0799375
0.1615625
0.2123125
0.254
0.2573125
0.183625
0.223625
0.265125
0.2895
0.356125
0.298875
0.2655
0.248375
0.264125
0.323125
0.3398125
0.3323125
0.2751875
0.18775
0.16075
0.157875
0.17175
0.2419375
0.208125
0.187125
0.1466875
0.0701875
0.06575
0.0485
0.029875
0.0285
0.0249375
0.0393125
0.1161875
0.157
0.1891875
0.1968125
0.1526875
0.14725
0.0915625
0.058625
0.0365
0.0031875
0.020125
0.0048125
-0.0308125
-0.090625
-0.09875
-0.1020625
-0.0745
0.0174375
0.05625
0.1176875
0.1678125
0.1698125
0.164625
0.1633125
0.2199375
0.2923125
0.3733125
0.4314375
0.345125
0.2423125
0.132
0.021875
-0.0205
-0.0618125
-0.095625
-0.16925
-0.1606875
-0.128375
-0.0960625
0.073125
0.138625
0.22975
0.328375
0.2710625
0.311
0.2934375
0.277
0.34775
0.3865625
0.3955
0.351125
0.29675
0.13525
0.0401875
0.060625
0.038625
0.1556875
0.2765625
0.26025
0.2755625
0.233875
0.158125
0.189
0.185
0.124
0.047
-0.0688125
-0.0328125
0.0925625
0.2325
0.411375
0.3868125
0.3183125
0.3061875
0.20325
0.215375
0.2310625
0.216875
0.1983125
0.147875
0.11675
0.0699375
0.158125
0.158125
0.158125
0.158125
