152.35625
152.35625
152.35625
152.35625
148.69375
138.73125
140.275
143.30625
151.3125
164.05
162.5125
159.4875
150.5
142.99375
142.65625
144.08125
147.125
148.6875
148.95625
144.2125
144.325
146.11875
149.2875
154.225
153.08125
154.25625
152.1
152.90625
159.5375
155.00625
150.64375
150.48125
147.94375
155.5375
165.36875
163.8375
162.71875
160.39375
160.1375
165.5625
170.0375
168.01875
163.2875
155.3875
145.16875
142.9875
136.725
135.075
139.825
140.95
148.475
156.81875
163.5125
172.26875
178.70625
185.59375
186.19375
178.63125
169.58125
155.10625
144.4875
140.54375
139.575
142.60625
143.70625
144.29375
141.90625
135.10625
125.53125
119.91875
115.6875
114.4
117.81875
116.99375
117.86875
121.9125
134.01875
143.75
151.8875
155.53125
148.4
145.6125
142.825
143.36875
145.98125
145.475
145.30625
140.00625
135.35
132.6375
127.65625
130.7125
135.3625
143.825
155.48125
159.15625
161.2375
159.91875
154.88125
152.9875
149.60625
143.73125
143.4375
146.60625
148.09375
153.23125
150.25
140.6625
135.93125
127.55
126.5
128.7
129.39375
133.4
139.15
145.4375
153.38125
160.03125
160.85625
160.60625
157.875
153.26875
150.40625
145.16875
142.50625
142.0625
136.94375
139.1375
138.1125
135.18125
140.09375
140.60625
141.86875
148.58125
153.6125
158.98125
164.8875
160.55
150.325
139.425
130.35
133.6
147.4125
157.1625
161.9625
160.6
149.825
148.04375
156.36875
163.26875
173.41875
179.11875
173.98125
167.14375
163.6
157.25625
153.48125
152.65
143.75
135.425
124.68125
114.11875
111.3
116.725
127.3
139.89375
149.51875
150.26875
154.59375
153.19375
152.13125
153.24375
146.04375
142.55
140.1875
139.85
144.4875
155.54375
163.6625
170.63125
175.91875
168.36875
162.2875
155.53125
142.28125
141.86875
139.63125
138.06875
146.33125
144.925
146.83125
146.575
145.00625
146.6875
146.88125
149.4375
151.2625
158.76875
166.6125
170.46875
172.7
169.25
158.825
153.28125
146.48125
132.51875
127.09375
120.6125
117.31875
121.5625
125.51875
125.39375
122.1875
116.54375
105.775
98.7125
92.03125
89.475
92.33125
98.7
110.53125
121.40625
130.125
136.63125
137.01875
138.125
144.14375
152.1125
161.84375
169.75
173.0
169.64375
164.8
158.13125
149.975
142.1125
134.90625
131.03125
130.13125
130.65
136.08125
140.325
143.1
152.225
154.01875
155.15625
154.76875
149.675
147.83125
144.00625
144.9375
141.1625
138.875
141.5625
134.58125
137.11875
138.3625
135.125
139.99375
141.73125
144.84375
144.96875
145.425
143.05625
135.86875
141.55625
144.6875
143.6125
144.68125
129.625
118.35625
115.76875
116.55
127.0375
129.91875
128.0375
124.24375
120.86875
121.65625
123.875
123.13125
124.725
123.0
122.70625
123.21875
117.525
120.15625
119.925
121.5
122.09375
117.875
119.4875
127.2625
142.375
158.64375
170.5125
173.50625
171.99375
168.0625
162.64375
159.4
152.81875
144.4375
137.54375
132.675
132.5875
141.98125
154.625
161.38125
166.66875
159.375
145.58125
140.60625
134.10625
135.2
140.7
139.44375
142.94375
147.03125
150.29375
155.425
155.2125
152.44375
149.34375
145.1
143.61875
145.96875
148.65625
159.1625
167.175
167.49375
164.54375
155.34375
147.96875
144.99375
141.24375
137.80625
135.85625
130.2
133.0625
127.325
115.44375
109.16875
96.975
93.1125
93.90625
90.9
85.29375
79.6875
74.08125
74.08125
84.0875
99.44375
117.96875
133.89375
143.51875
149.08125
148.5625
143.76875
140.7375
136.08125
137.7875
147.3375
148.9625
149.4375
147.4125
136.29375
129.4375
125.89375
119.80625
122.5375
133.80625
142.9125
154.25625
160.86875
159.01875
155.1875
151.33125
143.48125
138.94375
139.04375
134.45625
136.53125
137.1375
134.475
142.04375
146.38125
147.7125
150.94375
141.59375
131.69375
127.41875
122.19375
121.74375
127.39375
132.5
132.95
138.75
135.49375
125.7875
127.15625
124.44375
126.13125
131.8
124.63125
119.31875
114.00625
109.06875
110.55
105.7375
105.6625
108.89375
115.29375
128.40625
133.475
128.6
120.55625
113.525
108.36875
117.9125
128.94375
135.95625
147.85
147.325
145.65
149.4375
149.2375
149.6875
146.86875
136.3375
121.53125
110.43125
103.36875
96.85625
98.4875
102.01875
104.44375
112.5875
120.5625
132.84375
145.125
156.31875
161.36875
154.00625
141.83125
129.3
116.2375
109.38125
107.3375
102.35625
104.59375
106.83125
113.88125
117.40625
115.41875
116.34375
111.35
112.79375
117.85
118.69375
121.75
126.575
132.1875
142.225
147.9875
152.3
152.53125
146.33125
143.55625
135.76875
135.15
140.80625
149.0125
159.16875
159.45
157.1
153.20625
151.9125
150.15625
146.775
144.225
141.8625
147.325
156.7875
159.60625
159.34375
155.9125
149.76875
150.9625
155.3625
158.4625
156.83125
149.625
137.81875
125.7
123.0875
126.05
134.6375
146.26875
146.6625
137.96875
126.96875
119.26875
116.3875
119.80625
118.2375
107.58125
104.86875
105.8625
109.86875
118.23125
113.99375
108.64375
110.2875
108.225
117.275
122.24375
121.325
129.4625
127.975
127.975
123.7
112.05625
110.575
109.63125
118.3125
129.3875
135.1125
141.25
144.0625
142.79375
139.6875
135.65
127.80625
125.3125
127.78125
130.40625
138.00625
143.9625
148.2625
152.53125
154.14375
158.925
160.43125
160.50625
155.5875
150.79375
147.80625
145.56875
152.03125
151.8
149.25
150.4875
148.9875
146.18125
145.04375
132.59375
119.15625
112.325
106.51875
115.075
121.05625
129.20625
139.575
140.85625
145.8375
142.68125
132.53125
123.55625
116.76875
118.45
124.53125
133.8375
136.45
131.875
127.3
122.30625
117.90625
120.84375
125.2125
125.58125
130.5625
129.25
123.175
121.9875
121.5875
116.6125
121.60625
125.35
126.5
133.96875
131.86875
127.45625
123.04375
123.98125
126.04375
134.31875
142.59375
146.80625
155.7375
157.225
158.7125
157.0875
156.06875
157.7625
159.45625
158.1625
148.725
135.58125
124.2
117.63125
115.3125
119.86875
122.6625
130.26875
136.81875
141.6875
146.55625
148.1
157.2375
160.23125
156.80625
153.65625
141.09375
137.84375
145.3375
151.06875
163.3
166.21875
162.175
150.06875
129.98125
116.41875
102.1625
97.86875
100.94375
98.6375
105.9625
109.4875
104.40625
108.1875
102.88125
102.5625
116.31875
121.275
131.80625
140.975
140.23125
149.1
148.88125
145.83125
141.99375
128.6375
127.88125
128.23125
132.28125
140.33125
137.68125
136.03125
130.3625
125.01875
126.9875
128.0625
136.45
142.9
141.625
140.78125
135.5375
130.61875
135.8625
136.8625
133.20625
133.55
129.49375
133.46875
145.80625
151.5375
154.83125
151.34375
143.6125
137.83125
136.83125
138.2875
139.45
145.0375
145.54375
148.50625
154.95625
158.1375
161.6
161.45
156.81875
151.80625
149.7875
154.60625
158.08125
162.4125
167.01875
163.78125
168.70625
171.8125
171.39375
169.61875
162.70625
158.4375
151.53125
149.63125
143.025
135.59375
136.0125
132.625
135.95625
138.95625
139.125
142.44375
148.44375
151.65625
156.6125
157.825
149.75625
145.775
137.7375
134.69375
139.35
144.3875
149.83125
154.5625
154.8375
153.2375
155.6375
153.21875
153.775
154.8625
150.525
151.71875
151.44375
152.3
156.81875
163.38125
174.1
179.95
185.1875
184.49375
177.19375
176.91875
175.96875
176.825
178.6875
174.5625
172.80625
172.8125
172.95625
169.49375
162.30625
150.64375
141.4125
142.9625
144.38125
147.975
143.93125
135.075
128.04375
124.84375
131.65
138.45625
140.45
135.85625
130.20625
123.45
126.31875
131.18125
133.91875
135.95625
136.43125
140.99375
138.925
141.575
139.2125
127.7625
127.31875
124.5
117.14375
116.0875
111.5875
106.55
109.45625
115.69375
114.7
112.0625
109.46875
106.18125
112.19375
118.04375
122.20625
125.825
122.78125
122.73125
119.35
113.91875
115.525
117.5625
122.93125
124.9625
125.55
121.7125
121.58125
125.9
123.8875
130.84375
135.09375
137.56875
148.53125
145.26875
139.63125
135.23125
121.99375
123.11875
130.35
137.29375
152.10625
157.83125
152.40625
143.68125
134.21875
124.03125
123.96875
127.25
125.725
134.35
139.26875
144.8125
151.1875
149.1
145.64375
141.83125
139.925
141.33125
148.23125
151.0375
149.49375
148.26875
141.45
137.825
142.5625
143.6875
144.45625
147.16875
147.03125
150.4625
152.55
154.43125
152.7
149.20625
152.05
151.93125
152.13125
152.33125
146.19375
146.26875
149.31875
152.36875
163.24375
166.675
167.66875
165.95
163.76875
160.59375
154.91875
149.9375
136.90625
127.58125
121.45
122.3375
123.775
128.275
136.2
139.125
143.66875
145.15
144.95
143.05625
144.29375
148.8875
151.99375
154.96875
158.7625
157.4375
154.625
153.6375
151.675
148.6875
147.1875
144.85625
141.2375
143.19375
140.3375
139.14375
137.6125
126.99375
123.0875
115.4375
103.46875
102.6125
99.85625
104.75
112.65625
112.58125
116.90625
116.49375
124.3625
138.56875
150.1375
159.88125
161.05625
160.21875
154.90625
153.24375
155.10625
156.14375
156.1875
151.1
140.01875
128.275
120.49375
118.9875
124.6875
131.24375
138.975
143.7375
149.05
155.675
162.8875
170.11875
171.9
169.48125
161.59375
152.18125
145.53125
139.25625
142.8625
147.14375
152.18125
160.0375
159.76875
161.05625
157.66875
154.9375
153.5625
150.0875
153.1125
154.65
153.55625
158.56875
155.6
154.39375
158.175
153.975
159.50625
160.025
161.2375
166.2375
164.54375
167.925
165.34375
164.98125
165.975
166.8375
174.2
177.01875
178.6875
175.68125
167.6625
160.4625
156.575
155.13125
153.13125
148.65
139.4125
133.9625
134.9125
137.4125
139.1375
131.45
119.725
116.2
119.46875
130.33125
138.39375
140.49375
139.75
134.24375
130.125
123.7375
121.8375
126.975
137.60625
149.16875
153.90625
156.58125
147.025
136.6625
128.725
121.85625
129.5875
140.93125
153.70625
159.4125
156.8375
150.39375
140.61875
139.825
139.81875
143.31875
143.5375
134.13125
123.6625
111.99375
105.43125
106.85625
112.40625
122.4875
135.225
141.9875
151.04375
150.925
149.38125
149.39375
143.625
144.85
144.925
149.34375
150.45
145.99375
142.625
134.61875
131.35
129.3625
119.7875
113.6625
109.61875
111.91875
128.975
145.79375
159.88125
164.65625
156.64375
142.74375
132.4625
128.525
125.8125
130.4125
129.45
128.28125
131.5625
130.825
132.68125
129.8875
126.76875
129.1125
131.45625
140.1375
149.75625
151.76875
158.18125
164.675
164.99375
171.8125
172.425
165.43125
163.35
154.76875
146.50625
143.70625
139.24375
139.1875
142.44375
139.78125
137.95
135.29375
129.525
136.63125
141.4
144.24375
144.925
134.1875
126.04375
116.6875
115.375
114.6125
116.50625
127.4125
132.58125
146.71875
159.43125
164.325
168.34375
164.45625
154.68125
143.73125
139.575
137.14375
140.91875
148.5875
150.0125
145.15625
141.0875
134.80625
125.25625
125.51875
118.7875
111.35625
113.4
113.23125
118.89375
129.16875
131.58125
131.5875
130.5375
128.275
127.525
127.88125
127.4875
122.53125
123.5875
127.575
139.1
156.58125
168.175
175.0125
172.3
164.2625
159.5375
153.725
150.525
149.0125
149.53125
154.575
154.76875
156.2625
151.46875
141.55
138.51875
134.8375
125.525
119.725
105.69375
91.3875
88.475
91.8625
109.55
125.45
138.01875
146.05
140.93125
141.04375
142.53125
134.19375
135.225
129.91875
118.53125
121.175
116.01875
115.71875
122.025
119.90625
121.0375
120.85625
124.98125
131.75625
137.05
140.1625
130.8625
125.99375
129.76875
139.75
157.55
165.90625
158.50625
145.1125
130.10625
122.9
125.9
129.3
132.51875
129.775
128.4
128.21875
126.7875
128.53125
125.6125
125.15
127.30625
130.9125
138.025
142.0625
145.53125
148.30625
150.68125
150.225
151.4125
150.05625
145.5125
146.03125
143.13125
142.46875
139.16875
130.74375
124.9625
121.25
124.74375
138.05
149.5375
152.15
150.95625
140.86875
126.7875
121.675
121.91875
129.1125
143.69375
154.09375
153.975
147.75625
137.28125
126.49375
121.6125
112.15625
100.38125
93.4625
85.15625
86.875
100.2125
109.275
123.49375
132.2
132.75625
132.35625
132.99375
133.5375
127.9625
126.5125
112.45
103.61875
102.5625
102.375
110.25
111.4625
111.25625
105.1875
103.93125
109.7125
118.0875
131.9875
138.1625
144.9875
150.8625
151.55
156.3375
152.21875
139.83125
130.0375
124.03125
125.03125
132.4625
144.25
146.33125
150.48125
157.4375
156.7875
157.5375
144.9125
132.8375
127.2625
128.725
143.69375
150.575
148.04375
141.80625
130.9125
124.50625
125.875
125.4375
125.0
121.71875
121.41875
122.66875
119.51875
123.1625
120.40625
122.23125
128.45625
133.56875
139.0
140.63125
142.2625
141.6375
141.66875
140.98125
140.29375
135.9625
131.8125
128.05
129.025
134.7875
142.575
145.31875
144.79375
139.875
133.58125
138.55625
137.9375
139.975
143.625
135.88125
130.18125
123.09375
111.78125
102.35625
97.925
101.4375
109.20625
124.76875
139.24375
144.45
149.15625
146.09375
137.65625
134.20625
126.63125
124.45625
122.74375
115.5625
115.9125
113.45625
120.58125
129.25625
128.83125
130.7125
123.11875
122.13125
127.53125
129.25625
136.76875
136.76875
134.2875
130.13125
123.15
122.425
121.15
128.2
130.6125
130.525
136.18125
132.2125
133.15625
126.85
112.6375
106.75
100.60625
102.6625
107.075
110.43125
118.525
125.90625
136.88125
142.94375
141.3375
142.09375
135.6
128.05
119.725
101.2125
87.35625
80.525
81.10625
93.03125
105.2125
112.26875
115.61875
111.45625
113.2
116.55625
122.50625
137.425
140.01875
148.775
153.9875
149.68125
151.28125
142.3625
130.6875
123.98125
120.7
124.70625
135.48125
143.675
145.53125
144.45625
143.71875
143.4125
152.69375
158.85
156.5875
153.1375
137.10625
124.39375
120.25
125.2375
134.4875
141.7375
142.50625
132.0125
129.71875
132.68125
142.93125
157.0375
162.25
164.9625
158.9625
152.9625
147.49375
138.10625
134.71875
128.4
126.48125
128.18125
130.95
136.45625
137.54375
137.70625
127.09375
119.65625
114.04375
110.35
121.35625
122.8875
133.525
139.06875
136.15
141.625
129.4
127.05625
123.36875
123.94375
133.625
132.05625
135.525
128.28125
126.94375
131.725
133.025
139.06875
135.59375
131.975
131.58125
130.8
134.9875
136.03125
135.28125
131.2125
125.5125
119.71875
112.675
115.44375
120.0375
128.79375
143.4
151.725
153.46875
155.11875
147.93125
138.1125
134.44375
127.525
128.475
131.6625
132.475
137.95
139.975
145.68125
148.68125
146.475
146.98125
139.1875
135.1
128.41875
119.025
114.88125
118.8
127.11875
129.01875
133.575
125.7125
124.0125
130.79375
134.6625
145.48125
142.075
136.60625
126.325
112.5
111.55
110.40625
114.075
116.85625
113.99375
109.7125
113.49375
115.6
122.61875
131.25
127.4625
129.0875
122.275
119.88125
118.1375
117.3
117.1125
108.0875
107.58125
106.05625
111.325
127.175
138.2125
145.78125
147.175
134.34375
121.5125
105.55
96.1875
98.59375
100.89375
114.64375
126.71875
134.7125
144.40625
142.725
135.5
129.025
118.3625
110.5375
115.26875
119.43125
128.78125
143.54375
143.775
144.66875
141.375
132.7
132.95625
135.08125
140.39375
149.9125
154.75625
157.58125
158.8125
160.025
160.8375
160.6625
155.83125
148.68125
145.18125
141.19375
145.03125
150.63125
155.83125
162.725
163.28125
155.65625
144.5125
127.48125
115.68125
112.3625
105.16875
109.625
114.28125
115.06875
125.15625
124.54375
121.66875
120.6
119.16875
120.2375
118.66875
118.7125
111.13125
110.2625
112.40625
109.425
113.1625
113.76875
115.10625
124.76875
134.9625
140.6875
143.58125
138.75
126.66875
119.96875
113.55
111.85
115.0625
115.68125
120.9125
124.3375
128.69375
134.85625
134.9375
139.375
143.24375
142.0125
149.85625
148.9875
145.4375
144.35
137.1
138.5625
144.15
150.29375
150.275
145.9
144.0875
140.4875
144.85625
147.13125
138.35
133.69375
127.0375
118.15
115.69375
112.81875
110.33125
115.875
121.41875
123.675
122.03125
114.6625
109.1
104.9875
106.48125
112.9625
118.74375
126.01875
135.4625
135.6375
129.89375
122.85
110.58125
108.31875
114.575
120.83125
128.24375
133.59375
135.2375
138.0375
144.0875
146.475
146.8
141.9
131.9875
126.73125
121.89375
125.525
126.51875
124.25625
134.13125
137.2875
144.84375
153.96875
153.96875
153.96875
153.96875
