-2.6625
-2.6625
-2.6625
-2.6625
-2.625
-2.4
-2.4
-2.69375
-2.9875
-3.09375
-3.3875
-2.90625
-2.6125
-2.04375
-1.2875
-1.4375
-1.2125
-1.9125
-2.6125
-2.4625
-2.6875
-2.35625
-2.025
-1.8625
-1.325
-0.975
-0.625
-0.7875
-1.325
-1.30625
-1.2875
-0.75625
0.15
0.13125
0.1125
-0.41875
-1.325
-2.25
-3.175
-3.75
-3.75
-3.26875
-2.7875
-2.49375
-3.0125
-2.89375
-2.45625
-1.66875
0.025
0.7375
0.8125
0.50625
-0.45
-0.9
-0.7125
-0.55625
-0.175
-0.35625
-0.86875
-1.225
-2.20625
-1.9
-1.15625
-0.86875
0.225
0.1125
-1.39375
-1.39375
-1.39375
-1.39375
