4.40625
4.40625
4.40625
4.40625
3.875
3.26875
2.85
2.96875
3.76875
4.54375
5.30625
5.5625
5.05625
4.39375
3.7375
2.96875
2.74375
2.85
2.95625
3.46875
3.98125
4.3125
4.60625
4.6375
4.0875
3.5375
3.18125
3.18125
3.575
3.9375
4.20625
4.28125
4.36875
4.4875
4.65625
4.48125
4.3375
4.04375
3.34375
2.9375
2.49375
2.40625
2.5625
2.9
3.2
3.00625
3.11875
2.86875
2.69375
3.0
2.99375
3.175
3.28125
3.3
3.375
3.39375
3.69375
3.66875
3.85625
4.1375
4.0875
4.36875
4.225
4.33125
4.65
5.10625
5.625
5.55625
5.08125
3.95625
3.1625
2.80625
2.9125
3.40625
3.6875
3.825
3.6375
3.625
3.7
3.78125
4.15625
4.475
4.49375
4.50625
4.18125
3.49375
3.45
3.36875
3.4625
3.9625
3.70625
3.4875
3.50625
3.375
3.8125
4.28125
4.4625
4.675
4.60625
4.5125
4.36875
4.23125
4.15625
3.875
3.81875
3.65625
3.3625
3.43125
3.6375
4.09375
4.6875
4.95625
4.6125
3.8
2.9
2.2125
2.06875
2.20625
2.5125
2.73125
2.5875
2.66875
2.675
2.71875
2.94375
2.73125
2.50625
2.325
2.29375
2.63125
2.925
3.125
3.1375
2.8
2.70625
2.85625
3.15
3.9
4.53125
4.96875
5.19375
5.10625
4.8375
4.425
4.0125
3.75
3.4375
3.2125
3.2
2.85
2.8125
3.0
3.175
3.8125
4.13125
4.3375
4.35625
4.14375
4.325
4.56875
4.74375
4.725
4.4125
3.86875
3.5375
3.4125
3.34375
3.35625
3.43125
3.86875
4.40625
4.825
5.2375
5.21875
5.2625
5.575
5.5625
5.50625
5.29375
4.84375
4.61875
4.325
3.85
3.49375
3.41875
3.70625
4.175
4.5625
4.73125
4.6875
4.64375
4.7625
4.8125
4.925
4.85625
4.8875
4.85
4.6
4.49375
4.03125
3.70625
3.76875
3.86875
4.14375
3.9875
3.36875
2.70625
2.4
2.6375
3.54375
4.725
5.36875
6.0125
5.8875
5.5875
5.2875
4.6875
4.8
4.83125
5.00625
5.0625
4.4
3.58125
3.04375
3.03125
3.38125
3.9125
4.175
3.85625
3.9
4.125
4.19375
4.55625
4.19375
3.475
3.3
3.4875
4.24375
5.375
5.9625
5.7875
5.38125
4.775
4.16875
4.18125
4.0
3.61875
3.41875
3.025
3.0
3.53125
4.0625
4.56875
5.03125
4.89375
4.7625
4.5375
3.99375
3.575
3.4375
3.24375
3.25625
3.56875
3.3
3.18125
3.275
3.00625
3.0375
3.10625
2.7625
2.9625
3.2625
3.525
4.175
4.1
3.75625
3.55625
3.14375
3.2375
3.7625
4.15
4.41875
4.69375
4.48125
4.11875
3.90625
3.25
3.05625
3.0
2.90625
3.2875
3.33125
3.38125
3.50625
3.41875
3.41875
3.6
3.89375
4.2875
4.69375
4.7375
4.48125
3.9375
3.3875
3.01875
2.8
2.7625
2.6875
2.7625
2.9875
3.25
3.55
3.725
3.55625
3.425
3.35625
3.2375
3.5375
4.01875
4.2125
4.4625
4.41875
3.9375
3.9125
3.675
3.4
3.525
3.53125
3.9625
4.49375
4.84375
5.00625
4.8625
4.90625
5.0125
5.3375
5.54375
5.39375
4.94375
3.9875
3.175
2.49375
2.225
2.525
3.10625
3.73125
4.0
3.85625
3.2625
2.70625
2.33125
2.45625
2.7375
3.2
4.025
4.21875
4.71875
4.7
4.10625
3.89375
3.5125
3.46875
3.45
3.5375
3.39375
3.55
4.15
4.45
4.74375
4.40625
3.6
2.94375
2.5875
2.525
2.625
2.90625
3.09375
3.4625
3.8875
4.16875
4.36875
4.3875
4.64375
4.825
5.03125
5.2375
5.175
5.175
5.175
4.95
4.56875
4.1625
3.725
3.5625
3.5375
3.45
3.425
3.49375
3.86875
4.275
4.43125
4.25
3.5875
2.84375
2.6
2.54375
2.9125
3.4
3.3625
3.5
3.36875
3.40625
3.86875
4.21875
4.49375
4.375
4.0375
3.46875
3.39375
3.9375
4.525
5.43125
5.61875
5.2625
4.75
4.19375
4.18125
4.26875
4.50625
4.58125
4.3
3.85
3.3625
2.75625
2.6125
3.08125
3.83125
5.05625
5.8125
5.95625
5.8
5.35
4.91875
4.84375
4.68125
4.51875
4.7125
4.425
4.41875
4.11875
3.625
3.51875
3.3125
3.40625
3.50625
3.50625
3.2875
3.20625
3.08125
3.34375
3.75
4.15625
4.69375
4.75
5.1
5.0125
4.80625
4.59375
3.86875
3.4375
3.0
2.93125
3.1125
3.5
3.76875
3.89375
4.075
4.0625
4.20625
4.09375
3.925
3.44375
2.86875
2.54375
2.18125
2.375
2.8875
3.3
3.75625
3.9625
4.00625
3.93125
3.9
3.8625
3.75625
3.80625
3.76875
3.73125
3.43125
3.3
3.4
3.5
4.0875
4.43125
4.625
4.7875
4.55
4.45
4.3125
4.0125
3.8875
3.875
3.6875
3.69375
3.69375
3.15
2.73125
2.5625
2.5125
2.83125
3.4625
3.64375
3.5625
3.3875
2.95
2.88125
3.1125
3.625
4.09375
4.4625
4.7875
4.80625
4.64375
4.125
3.5
3.35
3.76875
4.7
5.375
5.275
4.6875
3.9375
3.44375
3.59375
3.7375
3.6875
3.81875
3.78125
3.89375
4.3875
4.55625
4.375
4.4125
4.05625
4.0625
4.61875
4.7
5.0
5.08125
4.68125
4.6875
4.54375
4.4
4.68125
4.91875
5.19375
5.43125
5.25625
4.9375
4.8375
4.775
5.2125
5.86875
5.86875
5.86875
5.86875
