0.454375
0.454375
0.454375
0.454375
0.466875
0.48
0.479375
0.476875
0.47375
0.46125
0.45
0.445625
0.445625
0.453125
0.4625
0.46875
0.464375
0.4525
0.451875
0.441875
0.44875
0.453125
0.44625
0.45625
0.45875
0.4725
0.481875
0.47625
0.465625
0.439375
0.425625
0.423125
0.426875
0.455
0.474375
0.48375
0.491875
0.48625
0.484375
0.488125
0.4775
0.455
0.42375
0.40125
0.4025
0.4125
0.42625
0.428125
0.4075
0.398125
0.391875
0.39375
0.420625
0.434375
0.45625
0.470625
0.4675
0.46875
0.458125
0.44625
0.44
0.440625
0.44625
0.46
0.475
0.483125
0.48875
0.484375
0.4775
0.470625
0.46625
0.4675
0.466875
0.466875
0.464375
0.465
0.47125
0.47375
0.47875
0.483125
0.469375
0.453125
0.42625
0.389375
0.38125
0.389375
0.419375
0.46625
0.49
0.49375
0.47625
0.44
0.410625
0.398125
0.403125
0.41625
0.441875
0.4525
0.45625
0.45625
0.45625
0.45625
