135.225
135.225
135.225
135.225
127.3375
123.9875
128.3125
133.05
137.475
139.33125
133.06875
128.3625
124.0375
124.03125
130.70625
139.9875
145.90625
143.70625
141.3
134.5125
131.23125
134.63125
135.25
136.26875
136.8875
137.19375
140.1
144.66875
146.05
147.66875
149.8125
149.40625
149.275
145.19375
143.14375
141.275
142.71875
148.8375
146.90625
151.58125
152.60625
151.6125
152.49375
148.775
148.0375
143.43125
143.48125
143.425
140.225
141.46875
140.375
137.8
139.53125
141.7375
145.6875
151.49375
154.98125
157.1
151.3125
149.55
141.4875
133.425
133.1375
120.34375
120.4875
123.34375
122.975
137.35
140.35
134.475
130.2125
119.3125
117.55
126.6875
140.225
151.83125
160.8
160.29375
155.3875
149.35
138.19375
132.9625
126.24375
125.75625
125.81875
125.3125
125.1875
120.7875
121.0
118.53125
117.16875
118.01875
119.675
123.65
129.26875
133.78125
133.34375
136.1
136.675
139.075
146.15
149.775
155.44375
158.0
158.2
156.5625
152.45
146.175
141.725
140.4125
141.35625
148.6625
150.86875
153.6
152.1125
144.8
142.60625
135.28125
131.99375
131.3625
127.08125
129.4125
130.6375
137.1125
142.24375
139.33125
134.9375
125.55
123.9875
128.96875
140.1625
151.35625
158.0875
165.60625
162.23125
160.28125
154.975
142.675
136.5375
126.2625
120.63125
127.99375
136.96875
146.6375
151.9125
141.6125
126.1875
115.76875
109.69375
113.3875
126.5625
135.24375
147.26875
156.50625
158.5125
161.19375
154.50625
147.81875
144.325
141.6625
144.0625
143.86875
143.16875
141.81875
144.08125
151.725
156.375
164.64375
167.06875
166.85
168.00625
164.70625
162.21875
157.7625
153.51875
152.25
149.9125
152.69375
155.45625
150.43125
148.075
138.3
127.01875
123.9375
119.93125
124.13125
131.6625
142.03125
157.075
163.68125
165.53125
162.5
150.475
141.0
141.24375
141.10625
150.1125
165.51875
169.94375
175.225
173.8625
169.475
167.6875
160.9125
151.90625
143.7625
140.6125
140.475
149.31875
148.56875
142.28125
141.61875
134.70625
134.95625
136.725
132.43125
125.025
120.925
113.99375
111.95
120.93125
124.675
133.95
142.35
141.625
140.025
136.34375
127.60625
126.225
132.06875
137.6375
146.15
147.4
144.55
146.375
149.03125
153.8625
157.70625
155.3625
155.025
153.74375
150.49375
149.35
138.9125
131.4375
126.6
122.9125
131.2125
139.85625
153.23125
167.525
177.4375
185.1875
186.78125
183.55625
176.375
167.2125
154.7375
138.53125
130.0875
123.3125
126.0125
136.30625
137.05
139.09375
135.1125
132.8625
140.11875
149.0625
162.00625
171.59375
175.025
173.13125
163.79375
156.4125
151.88125
148.90625
153.96875
151.10625
145.075
143.3875
136.56875
142.075
147.81875
150.65
155.30625
156.23125
159.2
165.41875
168.46875
166.65625
162.2875
154.66875
154.89375
157.59375
160.88125
161.45625
154.36875
141.03125
133.525
126.46875
120.96875
125.125
123.39375
124.81875
136.26875
145.2375
157.2
167.61875
165.5875
164.33125
161.55
161.4375
161.875
157.31875
149.8125
136.58125
125.225
114.20625
106.3375
105.88125
110.30625
123.80625
141.675
155.8375
167.51875
173.08125
174.09375
174.4625
171.525
167.075
157.89375
146.29375
134.95
118.4375
111.3875
107.65625
107.61875
118.2
117.8875
121.3875
125.1125
122.775
126.6
123.9
118.825
117.9125
119.9125
127.15625
136.7625
150.8
159.0125
162.95
162.13125
152.36875
147.325
147.2875
148.375
145.73125
141.0875
127.925
116.56875
112.80625
107.625
106.0125
108.8
114.8875
124.66875
140.28125
151.83125
154.29375
152.3375
144.3875
132.975
128.85
127.0625
124.0625
122.575
119.625
116.93125
115.14375
119.3875
115.95625
115.075
122.39375
122.4875
134.95
139.9
135.58125
132.45625
117.00625
106.2625
97.05625
89.4625
92.76875
97.975
109.03125
118.1875
124.03125
132.375
131.88125
139.925
141.99375
133.3625
129.15
116.475
106.7375
105.2
101.7625
97.2375
97.13125
93.225
93.11875
95.925
94.73125
95.4375
94.24375
97.45
100.2375
108.99375
122.16875
129.99375
142.88125
147.5375
147.75625
147.28125
138.00625
130.8
118.95625
111.35
110.99375
112.66875
119.25625
118.85
120.6125
115.1875
109.25
109.51875
104.45625
109.45
123.55
135.84375
148.20625
155.8625
146.075
136.09375
129.7625
120.625
120.08125
122.51875
118.43125
123.35625
129.7125
126.98125
126.41875
117.84375
108.4875
105.43125
109.625
114.03125
115.45
118.76875
115.09375
110.20625
109.525
106.94375
110.40625
122.88125
136.275
154.06875
163.0625
164.04375
160.75
148.4
138.3875
123.88125
112.36875
107.575
106.90625
112.5375
112.24375
112.5
113.2875
120.39375
134.0
142.38125
147.21875
142.93125
132.58125
126.4875
119.7
120.3125
131.225
139.125
148.66875
148.84375
136.38125
123.20625
110.03125
103.00625
107.00625
121.68125
136.63125
149.20625
156.075
150.35
143.88125
140.05625
138.875
138.90625
140.6
143.3625
141.03125
143.13125
144.0375
137.875
133.2625
125.3625
116.4625
113.5625
116.26875
120.61875
128.5625
133.21875
132.10625
130.99375
124.69375
121.68125
124.4375
127.19375
130.48125
128.41875
121.28125
116.40625
118.26875
130.3
141.61875
150.05625
152.85
144.40625
140.125
137.4125
130.31875
126.56875
122.10625
118.5
122.14375
131.2875
140.20625
141.1125
144.51875
139.53125
134.96875
140.0625
138.1625
140.84375
135.5375
124.7625
112.875
100.73125
96.69375
95.05
103.08125
110.85625
115.25625
122.06875
125.05
131.99375
140.88125
144.0
141.58125
134.8125
132.1875
134.38125
137.16875
139.6
136.68125
131.925
129.975
125.31875
126.75625
129.1625
136.1625
150.38125
150.60625
145.1875
132.3875
116.26875
111.0625
114.85625
121.4375
127.825
132.15
129.8875
127.625
125.3625
123.1
123.1
123.1
123.1
123.1
123.1
123.1
125.69375
128.2875
130.88125
129.76875
125.1125
120.45625
116.8
120.55625
123.425
124.23125
119.33125
117.5125
117.725
120.0
128.88125
120.48125
114.15
109.88125
106.51875
115.55
121.7
125.7875
127.06875
130.85
135.25
141.29375
147.98125
143.96875
145.1
145.55625
145.36875
156.83125
156.3625
150.50625
143.00625
130.15625
126.88125
129.83125
132.3625
132.63125
134.1125
133.16875
134.2875
138.2875
127.79375
120.8
122.65625
126.15625
142.05
150.99375
145.94375
136.36875
128.34375
132.98125
145.475
160.23125
170.89375
166.175
152.58125
139.9875
129.3
132.1875
143.31875
150.64375
156.70625
151.7875
144.7875
144.04375
141.0375
142.225
143.1375
140.6
140.325
135.39375
132.38125
129.36875
126.1625
125.96875
129.275
132.58125
137.275
149.93125
150.65625
150.0125
148.81875
140.3375
140.2875
141.60625
147.425
154.2125
154.00625
156.1375
147.3375
133.1875
129.09375
121.69375
120.725
128.8125
132.8375
134.38125
135.28125
130.66875
126.3625
128.3125
126.8125
125.21875
121.725
114.425
112.65625
114.6875
118.6375
119.88125
119.04375
119.75625
119.5
128.3
133.11875
133.84375
132.95625
127.6875
130.10625
138.95625
148.225
152.10625
153.28125
141.88125
131.675
134.48125
136.93125
147.16875
155.79375
151.63125
145.18125
138.375
131.28125
123.98125
119.96875
109.9625
108.175
112.59375
115.9875
130.08125
135.05
145.0
153.7125
157.075
163.4375
157.225
152.775
151.08125
149.19375
152.36875
153.25625
145.18125
137.38125
131.675
121.7625
118.05625
116.5875
112.10625
116.4875
122.48125
119.46875
120.8875
118.9875
116.66875
131.3375
147.21875
161.1
173.7875
171.80625
159.0375
149.88125
136.01875
125.3625
123.1375
119.38125
124.3125
131.1625
132.91875
132.31875
125.65625
116.45
108.79375
111.8125
121.3125
133.05
152.65625
156.88125
150.40625
139.8375
122.14375
112.88125
114.625
123.26875
136.3625
146.16875
154.625
157.79375
153.075
148.19375
135.6
124.41875
116.21875
109.825
109.43125
111.725
120.03125
131.7875
136.55
139.66875
137.4375
129.49375
130.4125
126.3875
117.9625
112.41875
103.55625
101.08125
107.6625
113.625
115.6875
111.98125
100.8625
92.53125
92.6125
102.89375
123.375
139.925
153.3625
155.7125
149.78125
143.35
133.00625
129.3375
126.45625
126.8625
127.50625
125.175
121.78125
117.3625
115.025
114.2
117.5
119.5625
128.05625
138.8625
149.25
158.8875
160.4
162.8375
168.775
175.1875
179.9875
176.40625
162.5375
154.5375
146.5125
142.39375
144.70625
137.06875
137.46875
137.95
138.6125
143.0625
140.0
137.36875
128.49375
122.8875
124.50625
126.23125
134.75
143.175
142.7625
141.35
137.91875
132.83125
132.1625
130.6875
127.56875
124.1375
125.125
127.91875
132.35625
132.1
126.45625
120.8125
115.16875
114.2
112.55625
110.65625
110.4
114.8
119.0375
125.4
131.06875
132.41875
137.1875
141.28125
146.1875
147.825
146.2375
138.75
125.14375
114.46875
109.80625
111.75
120.6625
132.3625
137.06875
143.325
148.75625
146.80625
151.80625
151.7125
149.83125
155.35
152.15625
146.9
138.8875
123.3625
111.81875
105.88125
105.4125
120.14375
135.625
153.60625
167.1125
159.63125
153.41875
140.2125
128.76875
133.16875
141.06875
151.8375
160.0125
161.19375
148.38125
136.01875
128.84375
125.575
129.5125
133.9875
135.8875
133.2625
136.2625
137.38125
137.5125
136.2
132.275
127.325
117.99375
114.26875
111.8875
113.4125
120.2875
127.34375
131.6875
127.8
131.975
138.15
141.6125
152.6875
154.275
150.35625
145.44375
138.8875
129.01875
117.45
111.275
109.75625
111.075
113.65
111.20625
102.61875
99.44375
101.2
110.99375
117.4625
123.54375
126.5625
126.46875
136.0
142.0875
146.98125
148.79375
147.28125
143.475
140.68125
134.5625
126.975
121.80625
121.55
132.6
142.125
149.975
149.84375
143.3625
139.875
144.71875
148.0
149.3125
149.1375
142.5
147.3125
155.45625
157.3
152.68125
141.425
128.6625
130.2625
145.0125
159.425
175.58125
178.94375
170.99375
162.43125
145.9625
136.24375
131.15
129.71875
140.6125
150.10625
159.6
164.61875
158.5
148.88125
135.55625
119.59375
105.51875
94.56875
91.30625
94.05625
101.5375
109.425
113.05625
116.375
124.46875
129.83125
138.4
144.5625
138.14375
135.2375
129.0625
121.93125
120.9625
118.74375
121.05625
127.3
136.35
148.00625
146.61875
143.3625
140.7
132.65625
133.71875
137.5875
131.85
126.64375
120.925
111.43125
110.225
111.08125
116.85
124.875
133.475
145.78125
153.45
157.175
153.50625
145.4875
135.1125
130.05
135.93125
144.3875
157.5
169.38125
170.4625
164.875
157.30625
146.8875
143.51875
153.48125
159.8
169.0125
175.76875
169.75625
170.01875
165.51875
163.1125
160.20625
149.93125
140.0375
125.3375
125.3375
125.3375
125.3375
