0.91625
0.91625
0.91625
0.91625
0.91125
0.92625
0.93375
0.945
0.958125
0.95
0.945625
0.973125
0.98625
1.010625
1.023125
0.955
0.89875
0.8425
0.794375
0.8225
0.845
0.879375
0.918125
0.909375
0.930625
0.9425
0.945625
0.949375
0.923125
0.875625
0.829375
0.818125
0.80375
0.82625
0.841875
0.844375
0.87
0.8825
0.934375
0.981875
1.01
1.03375
0.9925
0.9825
0.961875
0.961875
1.02125
0.99625
0.995
0.95
0.893125
0.89625
0.89125
0.90625
0.88375
0.883125
0.87625
0.88
0.915625
0.918125
0.963125
0.99625
1.006875
0.990625
0.91
0.838125
0.835625
0.869375
0.9525
1.045625
1.054375
1.0725
1.095625
1.085625
1.091875
1.088125
1.036875
1.004375
1.00375
0.99875
0.984375
0.966875
0.90875
0.836875
0.818125
0.81
0.833125
0.88375
0.890625
0.86625
0.8625
0.840625
0.86
0.925
0.945625
0.958125
0.9675
0.943125
0.943125
0.970625
0.96375
0.978125
0.973125
0.93125
0.9175
0.894375
0.873125
0.893125
0.880625
0.8725
0.866875
0.829375
0.819375
0.788125
0.770625
0.770625
0.770625
0.770625
