0.0310940157767
0.0310940157767
0.0310940157767
0.0310940157767
0.056022012345
0.0974130759346
0.132307350199
0.152372213639
0.15830147108
0.136544921599
0.115045560392
0.083598258919
0.0591890491647
0.0533247851503
0.0496538171567
0.0588408700947
0.0704426609421
0.0685539055477
0.0646278383556
0.0520381474272
0.036443206887
0.0284657280377
0.0198789358162
0.0150076785091
0.0178244471845
0.023763917878
0.0343334738428
0.0547325891894
0.0635575358948
0.0682421692204
0.0691430245339
0.0573989445066
0.0524515520429
0.0517217687125
0.0606627751079
0.078935444815
0.0905356108268
0.0990553205476
0.0988043994979
0.088696761099
0.0846697219767
0.0835527635205
0.0765086366979
0.0802213861797
0.0811533454901
0.0862130837337
0.0923343039018
0.0857151876638
0.0804669684838
0.0681808897043
0.0618154799486
0.0676388909522
0.0783864824815
0.0742396697591
0.0728485783152
0.0621587845115
0.0435228479748
0.041647323385
0.0314893150807
0.0362020348513
0.0442322047999
0.0485953527843
0.0569555964911
0.0440432596246
0.0396645596417
0.0400250410387
0.0557546108194
0.0824228063791
0.104341143067
0.13119178446
0.136110162001
0.140898552689
0.131718231213
0.105896807151
0.0796984212168
0.0547007888344
0.0365706404266
0.0272111227893
0.039719107696
0.057812117003
0.078985582601
0.0981953182449
0.0930044325516
0.0751022253748
0.0583371710403
0.04353584666
0.0415925432113
0.0439130406524
0.0422127661944
0.0482297647608
0.0435451314351
0.0405675040295
0.0512275865525
0.0463788448253
0.0511226685929
0.0558862225078
0.0468785978504
0.0489936696402
0.0476589832056
0.0462047552904
0.0403527936031
0.029639555742
0.0282143427493
0.0269736646636
0.0345720925654
0.0419739153524
0.0357459202697
0.0343344023204
0.0405062245133
0.0591391434981
0.0819615851711
0.0968220999934
0.102674990158
0.101814291497
0.104555621374
0.123405804099
0.133218883004
0.124181779186
0.111477653403
0.0708507268122
0.0376416392456
0.0340913733297
0.0325266565896
0.0479593456833
0.0668970374139
0.0562304555482
0.0453247907212
0.0320791304251
0.0152864538844
0.013149098634
0.0186127245987
0.0245503383372
0.033573514993
0.0576106373812
0.0685214088346
0.0772117262997
0.0830534747343
0.0591064146655
0.0390872787438
0.0318056937956
0.0304531341687
0.0439949787936
0.0700079013437
0.089287504921
0.100251663832
0.126110226994
0.130782790112
0.119543337617
0.113981989393
0.0804978403613
0.0619503413083
0.0527326486121
0.0495180273195
0.0579075180682
0.067719436377
0.0845975328496
0.0845975328496
0.085660871729
0.0848178141411
0.0894179560125
0.101159714846
0.113656325903
0.109340762391
0.0831860149002
0.0590168165848
0.0340440209762
0.0247060904411
0.0351298754355
0.0483177380059
0.0727239302082
0.0914431976024
0.0932843685239
0.100112392204
0.0852581446049
0.0712251353721
0.0692802070877
0.0564477192878
0.0623454084929
0.0850789484434
0.100921328243
0.122797883442
0.129026342764
0.105988494307
0.0934821342356
0.0682208142376
0.0556325160255
0.0679288080576
0.0735043155634
0.102576339422
0.121939970214
0.122101061064
0.114405607261
0.0780571050813
0.0465552555541
0.0235870429105
0.0134218389054
0.0211541996895
0.0365841033506
0.0503849932035
0.0576890937316
0.0592041369243
0.0451453624404
0.0350555972338
0.0380144229698
0.0456448833461
0.0760262926264
0.104067706438
0.108719610931
0.120256408352
0.116898801521
0.126806585134
0.147705453506
0.15390652274
0.145687871855
0.109988143342
0.0749515798973
0.0483771605672
0.0378507788069
0.052208987291
0.0653799051467
0.0704004152152
0.0721313294313
0.0559528407698
0.0426229211388
0.037988889838
0.0454480461119
0.0599917179805
0.0712450976387
0.0794180210059
0.0664049443285
0.0616553175765
0.0617748590571
0.0570872081795
0.0779285109449
0.0804674327226
0.0774417566052
0.0939784054699
0.0829487888939
0.0840123598928
0.0874129088087
0.0661103848354
0.0663698943021
0.0628651237846
0.0668489887023
0.0807807938854
0.0780714964829
0.0774652006625
0.0642162906952
0.0568945490942
0.0653137511235
0.0737329531528
0.0872935994474
0.0989478492747
0.0919387724785
0.0849296956822
0.0781576127729
0.0554735142503
0.0439432161718
0.0354160786309
0.0271259349768
0.0298268760817
0.0321668715507
0.0286200874254
0.0302147475655
0.0455009693305
0.0712191002681
0.0997013087819
0.115798323541
0.104290308923
0.0863711570316
0.0764280912731
0.0748831046802
0.0892067273766
0.0954888062749
0.0939143405209
0.0909485512036
0.0858570126049
0.0743543367327
0.0568611239034
0.039604904961
0.0234937309197
0.0252292875234
0.0331923749711
0.0389350084305
0.0523206367126
0.0504998922965
0.0467808755913
0.0464944402765
0.0327371888671
0.0285725029525
0.0305738362462
0.0297746492212
0.0404825483365
0.0476626971157
0.0532481857548
0.0618338173794
0.0572840454135
0.0547634610669
0.0464227153881
0.0346867595391
0.0317239877738
0.0329635052626
0.0340326471265
0.036848255205
0.0364715254514
0.026860854645
0.0293382647869
0.0346992939857
0.0496528886793
0.0721215804173
0.0765750228405
0.0772446872515
0.0622662557843
0.0523723993344
0.0517231614288
0.0577276255487
0.0765350983072
0.0914928711495
0.109057112509
0.113452989326
0.111352076818
0.105230392412
0.099175326267
0.103096518952
0.110118362314
0.103381561551
0.10077253972
0.0927184614755
0.0811707544437
0.0871923953977
0.0714210441287
0.0605167720179
0.0515558033559
0.0359406684295
0.0368074021942
0.0354536819704
0.0340999617467
0.0334867023449
0.0313837007628
0.0297546869545
0.0300689765949
0.0324862678175
0.0375100275572
0.0402745693721
0.0510437480038
0.0618129266354
0.069738642863
0.0796058055842
0.0721120635227
0.0667213230433
0.0563841185777
0.0461276916563
0.0506971937695
0.054063853256
0.0673234407148
0.0954774324254
0.101324055367
0.106270519353
0.106270519353
0.0764817108498
0.0615873065981
0.0455557495042
0.0394721326757
0.0631773243506
0.0887485237207
0.116594028775
0.119597189313
0.0962076799946
0.0740326192722
0.0555737898224
0.0541123662063
0.0756474737983
0.0912586626951
0.0946346069568
0.101285987789
0.089401243417
0.0801229675626
0.0926462723483
0.0924489708754
0.0914329843495
0.0903566467848
0.0599661848487
0.0442600591254
0.0513048823062
0.0620248516293
0.102533629456
0.128218799441
0.124115160924
0.116633721189
0.0814664745337
0.0537806676125
0.0428552726381
0.0269834136776
0.0217999558045
0.0166164979313
0.009567032363
0.0223584350326
0.0421993032705
0.0669866354946
0.0933040986712
0.0928359138819
0.0874212651063
0.0722529599863
0.0537270480357
0.049035683248
0.0443443184604
0.0492673383892
0.0549238555586
0.0555566129883
0.0533459080139
0.0415208183229
0.0304542947656
0.0255486837903
0.0215030751175
0.0221903806015
0.0235155501415
0.0169530710322
0.0197359502782
0.0246311158814
0.0287821067526
0.0409971570018
0.0409971570018
0.0409971570018
0.0409971570018
