146.04375
146.04375
146.04375
146.04375
145.3875
145.30625
146.99375
142.79375
129.3125
114.875
103.29375
102.31875
111.35
128.90625
140.38125
144.18125
142.85625
133.6
137.15625
137.1875
141.74375
145.1125
136.25
134.44375
124.9125
120.69375
124.725
131.31875
150.83125
167.6875
176.29375
175.275
162.75
147.29375
136.6875
133.71875
135.74375
138.89375
139.7
131.9
119.5375
111.89375
108.75
113.475
119.48125
122.46875
121.3125
119.86875
118.46875
116.45
114.96875
115.0
122.975
138.1875
156.6375
173.43125
177.625
166.7125
150.775
129.24375
122.34375
122.1375
125.8125
135.93125
129.3875
131.04375
125.98125
114.2
117.3875
109.875
109.35625
117.65625
114.58125
120.64375
127.125
126.38125
131.5625
130.075
129.45625
129.775
132.11875
138.325
138.66875
144.05
146.55625
145.2
149.70625
152.53125
150.025
146.3875
136.26875
118.3625
111.86875
110.775
116.1125
131.2625
138.23125
143.5875
141.99375
136.8875
132.05625
121.79375
113.7
106.075
99.83125
108.7875
121.2875
132.85
139.8125
125.7875
112.45625
100.0625
97.1875
104.80625
111.45625
119.95625
118.83125
124.00625
122.4625
115.63125
117.125
110.83125
114.7
126.26875
134.79375
143.50625
150.7
151.06875
151.69375
156.425
151.65625
151.11875
153.25625
149.78125
152.5125
149.8125
141.575
139.26875
141.38125
148.6125
157.3625
162.65
159.1
148.73125
133.63125
114.46875
101.80625
96.00625
97.45625
103.05
104.225
106.31875
108.125
113.35625
122.6125
122.78125
125.8875
127.3125
131.825
149.13125
162.15625
167.39375
163.08125
149.7625
129.74375
120.8375
113.375
109.79375
117.0625
114.70625
121.98125
129.175
129.6125
139.56875
138.825
134.1375
132.5125
124.5625
123.81875
125.45625
127.0125
132.45
135.08125
137.79375
140.83125
136.25625
133.6125
131.35625
126.51875
128.93125
131.10625
135.7
139.1
141.7875
134.45
128.675
134.3
141.61875
159.16875
163.69375
157.2375
146.6375
135.75
135.58125
133.025
127.025
120.7125
115.31875
121.8625
137.81875
155.76875
164.63125
160.65
150.9625
134.6875
128.69375
123.56875
122.375
125.9625
121.5875
128.325
129.2
126.26875
132.66875
132.76875
138.39375
142.35625
139.6
136.5125
132.59375
136.16875
140.8375
145.21875
146.075
144.6125
141.61875
138.70625
137.575
134.25
135.64375
139.4
141.525
147.2625
150.625
150.23125
148.3875
140.7
127.125
110.775
100.65625
96.65
101.50625
115.775
126.76875
135.2125
140.14375
140.475
140.1875
134.9125
130.83125
132.325
134.075
146.94375
153.9125
151.00625
145.05625
129.8875
127.53125
123.06875
127.46875
135.575
127.46875
131.9625
125.75625
115.8125
122.08125
122.05
135.475
152.9875
157.8
158.2125
147.225
133.83125
128.15625
129.6875
136.01875
144.5625
147.325
148.89375
150.7
149.91875
153.1625
151.9875
147.325
142.7125
141.875
146.65
148.75
153.46875
142.55
127.31875
118.5875
111.55
118.51875
123.825
129.36875
132.38125
131.88125
136.2375
138.29375
133.68125
131.85625
131.50625
135.3125
148.95
161.60625
164.60625
156.26875
140.90625
123.69375
118.94375
118.025
127.25625
134.76875
130.34375
135.55
127.48125
121.175
125.65
121.50625
132.10625
139.91875
142.0875
148.5625
146.93125
150.89375
155.4125
155.4875
153.75625
145.9875
136.6875
130.3125
127.55
131.23125
142.88125
158.1875
169.9
176.80625
176.125
169.5125
163.075
155.16875
145.1375
130.6125
112.99375
99.88125
93.2
99.3125
114.8375
130.5375
145.49375
149.10625
144.95
138.175
127.125
127.34375
128.98125
132.61875
134.06875
127.675
127.7375
128.4125
136.58125
147.64375
152.4125
154.0625
154.05
148.44375
144.31875
140.4
131.74375
129.53125
125.8875
124.7375
125.375
120.90625
124.075
127.64375
134.71875
151.5625
155.99375
154.43125
153.4
138.40625
129.61875
123.33125
112.13125
109.10625
110.48125
119.10625
134.13125
146.76875
155.00625
154.44375
143.38125
138.0625
132.9375
137.425
154.75
167.525
178.425
183.1625
178.23125
173.3
167.1375
156.61875
147.86875
132.95625
127.1625
123.91875
125.31875
139.04375
146.51875
157.4125
164.95
161.96875
154.675
148.575
141.18125
134.4375
131.85625
126.45
117.71875
118.99375
118.85
114.06875
117.1875
115.8125
120.45
131.80625
140.96875
142.11875
137.275
134.76875
131.09375
139.7875
148.45625
146.51875
145.9625
139.24375
135.0375
141.4375
147.26875
149.85
149.45625
143.06875
137.09375
131.45625
130.8125
132.40625
130.08125
135.06875
138.825
141.9375
148.39375
148.9625
146.16875
141.73125
136.54375
138.525
143.675
153.0625
162.825
161.225
158.33125
150.05625
145.0875
145.8
141.46875
141.225
137.35625
132.00625
133.84375
131.46875
124.99375
120.18125
113.75625
113.15625
116.975
123.4
124.39375
122.475
122.16875
116.2875
118.44375
122.10625
126.94375
135.0375
142.9625
146.575
147.06875
149.43125
148.63125
149.025
150.08125
146.4625
138.25
133.73125
127.39375
126.05
129.3
132.7875
139.5875
143.39375
147.2
146.09375
141.23125
135.75625
135.01875
138.51875
145.88125
155.48125
159.05625
160.9875
157.8625
153.13125
144.3375
135.00625
131.5875
125.68125
130.475
134.325
132.6
131.8125
126.625
123.1
123.6625
128.43125
129.28125
129.76875
126.04375
119.33125
117.06875
122.15
133.05625
146.09375
159.33125
156.8125
151.38125
146.15
139.38125
144.11875
144.04375
142.43125
135.68125
124.29375
124.35625
122.9875
130.9375
142.23125
142.15
143.35625
134.26875
125.175
127.025
130.01875
142.49375
152.3875
151.675
144.96875
134.75
123.6625
119.5875
123.53125
125.60625
134.1125
135.5875
132.4125
134.275
128.25
129.45
133.6125
136.1125
140.8
142.7875
143.29375
142.6125
144.14375
140.75625
134.2
125.5
114.2125
109.6375
113.225
113.825
116.55625
115.4875
109.10625
112.35
115.775
126.45
135.9375
140.50625
144.24375
138.925
134.28125
129.85
125.41875
127.03125
130.2
135.0875
139.86875
144.3
143.3
133.8375
127.8375
120.51875
122.71875
138.19375
145.7625
150.8375
152.60625
147.4
145.13125
143.20625
136.7875
130.70625
127.85
126.475
131.39375
131.65625
131.60625
132.93125
126.2125
127.31875
122.3125
117.8625
117.89375
116.58125
121.98125
123.51875
123.66875
120.16875
114.5125
110.89375
112.25
110.61875
111.30625
111.8875
105.80625
112.6
113.625
113.16875
116.04375
106.30625
103.3625
103.38125
108.2125
114.08125
115.675
112.875
100.45
93.18125
90.0125
93.825
110.78125
129.8
144.425
153.825
151.375
147.93125
147.45
149.95
151.15625
146.4
141.9875
132.44375
134.35
134.69375
134.6375
134.55625
126.0125
128.775
126.8625
136.34375
146.54375
143.75625
144.21875
128.55625
115.10625
114.7875
114.46875
128.5125
138.28125
139.5875
142.71875
138.0625
139.74375
146.76875
151.96875
160.48125
169.075
169.15
162.5875
152.375
135.6625
125.96875
127.725
131.84375
141.0375
147.675
152.75
156.75
157.6375
154.25
145.51875
137.8625
132.78125
137.325
146.05625
152.88125
157.13125
156.56875
152.34375
150.31875
149.04375
142.95625
131.94375
120.1
108.79375
107.1125
117.89375
123.8625
129.83125
126.175
115.39375
114.2375
113.08125
121.55
126.3625
124.88125
126.65
123.60625
130.1875
139.73125
142.775
145.81875
145.875
144.45
141.4625
138.475
127.025
117.4
117.4
117.4
124.0375
127.025
120.3875
113.75
111.925
111.81875
121.3375
126.04375
125.9375
129.29375
127.8375
137.83125
147.825
151.2125
149.7875
139.9
133.2625
131.7
141.5875
153.3
158.5125
163.325
156.50625
144.875
138.31875
127.0875
124.01875
132.4
132.31875
135.4875
135.4875
127.025
125.2
121.89375
119.125
113.36875
112.425
109.63125
105.7625
111.51875
112.4625
121.55
129.875
133.3875
132.0875
129.225
124.15
119.075
123.625
123.5
131.7
139.9
138.475
131.8375
120.3875
108.83125
106.9
111.60625
111.5
111.60625
106.79375
106.79375
116.41875
121.125
127.86875
124.9875
117.29375
122.475
123.9
134.95
146.0
145.7375
147.3
144.05
135.9875
131.175
121.55
111.925
111.925
111.925
121.55
126.3625
126.3625
121.55
111.925
111.925
111.925
121.55
126.3625
126.3625
121.55
111.925
111.925
111.925
121.55
126.3625
126.3625
121.55
113.75
110.7625
107.775
114.4125
117.4
120.3875
123.375
121.55
116.7375
116.7375
111.925
107.1125
111.925
111.925
116.7375
121.55
121.55
116.7375
116.7375
111.925
107.1125
107.1125
102.3
107.1125
111.925
121.55
126.3625
126.3625
121.55
111.925
107.1125
102.3
107.1125
111.925
116.7375
121.55
116.7375
111.925
107.1125
102.3
107.1125
111.925
121.55
126.3625
126.3625
121.55
111.925
107.1125
102.3
107.1125
111.925
116.7375
121.55
116.7375
111.925
107.1125
102.3
107.1125
111.925
121.55
126.3625
126.3625
121.55
113.75
110.7625
107.775
114.4125
117.4
120.3875
123.375
121.55
116.7375
116.7375
111.925
107.1125
107.1125
102.3
107.1125
111.925
121.55
126.3625
126.3625
121.55
111.925
107.1125
102.3
105.63125
104.15
107.48125
106.0
102.66875
104.15
100.81875
107.1125
111.925
121.55
126.3625
126.3625
129.88125
128.5875
132.10625
135.625
132.10625
128.5875
129.88125
126.3625
126.3625
121.55
111.925
107.1125
102.3
107.1125
111.925
116.7375
121.55
116.7375
111.925
107.1125
102.3
107.1125
107.1125
111.925
111.925
107.1125
107.1125
102.3
107.1125
111.925
121.55
126.3625
126.3625
121.55
111.925
107.1125
102.3
107.1125
111.925
121.55
126.3625
126.3625
126.3625
121.55
121.55
121.55
121.55
121.55
121.55
121.55
116.7375
111.925
111.925
111.925
116.7375
121.55
116.7375
111.925
107.1125
102.3
107.1125
111.925
121.55
131.175
131.175
131.175
126.25625
121.3375
121.23125
121.125
121.125
121.125
121.125
121.125
121.23125
116.525
116.63125
111.925
107.1125
107.1125
102.3
107.1125
111.925
121.55
126.3625
126.3625
126.3625
121.55
121.55
121.55
121.55
124.8
132.8625
142.75
152.6375
151.2125
144.975
130.275
115.575
113.75
111.09375
123.1375
138.43125
148.08125
162.64375
165.89375
162.64375
161.05625
152.1375
146.46875
144.05
140.8
135.9875
133.0
135.69375
138.925
151.78125
159.6875
151.41875
142.075
127.91875
118.1875
122.93125
128.2125
136.74375
144.5125
147.65
145.975
137.8
128.55
127.1125
137.125
152.2125
167.73125
167.49375
160.61875
151.6
144.61875
144.33125
139.30625
132.9875
124.7375
128.88125
135.8625
146.3875
156.24375
151.75
152.66875
155.5125
158.40625
165.15625
171.51875
165.43125
159.31875
150.08125
135.0625
130.25
126.725
122.8125
121.55625
115.175
109.4375
112.025
115.98125
131.5125
141.01875
147.5375
153.83125
147.70625
149.125
147.43125
140.0
139.85625
140.2625
142.90625
154.54375
163.25
164.51875
158.5375
145.5625
127.85
110.2375
100.825
96.9375
102.525
120.2
142.40625
159.025
168.25
165.96875
155.225
146.8625
143.14375
148.6125
156.1125
164.99375
172.21875
169.8
169.8
169.8
169.8
