126.3875
126.3875
126.3875
126.3875
139.5875
140.99375
126.39375
115.26875
107.74375
106.925
115.43125
121.075
124.23125
124.0
126.83125
127.925
133.775
144.3375
151.0
157.00625
157.11875
149.425
140.4
129.2375
116.05625
109.7625
102.78125
99.2625
100.5125
101.95
107.7
113.5125
118.48125
117.88125
117.1125
121.125
124.775
130.6625
130.41875
121.73125
116.83125
117.7
123.81875
140.91875
153.1625
155.95625
155.8375
141.51875
123.44375
108.6125
97.29375
92.79375
94.2625
103.15625
108.575
115.5875
123.5125
125.875
132.10625
138.1875
140.41875
139.23125
135.6125
127.4125
121.2375
120.75625
123.225
127.0625
131.93125
130.38125
126.35
122.66875
115.26875
111.63125
101.9125
95.03125
89.4625
89.9125
101.1875
112.8125
128.88125
137.05625
140.35
138.6875
130.1625
118.60625
103.65
91.88125
82.15625
77.4
74.5625
74.9125
80.2
86.125
100.70625
112.1
121.3375
134.01875
138.675
145.025
147.85625
141.6375
131.3625
122.7125
120.36875
122.93125
130.85625
128.68125
118.66875
108.65625
102.51875
103.1625
104.30625
105.45
98.58125
92.16875
91.46875
95.55625
105.68125
119.68125
135.50625
148.5375
154.33125
151.4625
139.55
120.73125
113.11875
112.84375
121.2875
132.8375
133.21875
127.19375
114.125
104.66875
104.78125
116.91875
131.06875
146.33125
155.54375
149.3125
147.85
142.14375
137.21875
137.24375
131.08125
123.2375
118.775
116.18125
115.78125
118.69375
113.0125
107.7875
107.70625
105.1375
113.23125
120.4125
122.68125
132.0125
136.31875
147.8625
157.0125
157.81875
154.4125
137.9
120.15625
107.74375
99.96875
99.83125
102.61875
103.4375
103.25
100.4375
98.2625
96.51875
97.28125
102.3625
108.8125
116.29375
121.40625
121.91875
124.725
121.2875
119.20625
123.63125
124.3375
134.80625
144.25
143.76875
140.3875
129.425
118.59375
111.00625
104.73125
101.5
96.6
98.375
106.58125
113.79375
121.35625
119.16875
112.375
112.55625
122.35625
136.9375
151.28125
157.04375
148.93125
142.75
133.20625
121.39375
114.60625
107.54375
103.9625
104.96875
106.16875
103.075
99.13125
95.125
90.15625
87.58125
85.4
88.9125
95.325
101.65
108.49375
105.19375
105.25625
107.75
110.18125
115.75625
111.58125
103.33125
95.08125
88.1375
86.1
86.1
86.0375
86.43125
90.2875
94.08125
102.725
110.51875
115.9125
119.95
114.4125
110.5125
101.025
96.24375
96.70625
96.71875
103.025
104.175
104.86875
104.5375
99.25
97.7
100.48125
103.49375
116.01875
125.56875
130.90625
135.48125
130.925
128.48125
122.78125
118.60625
117.00625
113.9375
112.69375
108.81875
105.175
101.14375
98.425
97.6375
97.08125
101.825
106.1125
110.73125
113.01875
109.4125
106.71875
105.04375
110.25625
113.90625
118.5125
124.74375
121.85625
121.58125
118.48125
108.74375
107.66875
108.23125
110.20625
114.5375
111.05625
105.0875
99.11875
97.79375
99.1
101.65
108.53125
108.6125
111.1875
112.28125
104.31875
103.15625
99.55625
97.4375
101.85
99.85625
102.1375
104.41875
104.79375
106.3
100.84375
98.575
95.09375
99.69375
111.25625
118.31875
131.025
132.8
124.8875
118.2875
104.3375
96.81875
101.83125
104.96875
111.225
118.53125
119.5125
125.8875
128.875
128.04375
125.76875
121.3375
125.075
131.31875
135.54375
133.525
129.94375
122.1125
118.85
122.34375
122.51875
128.1875
131.64375
134.5375
135.55625
133.8875
134.0875
133.075
129.09375
125.23125
121.6125
120.93125
123.6125
121.33125
118.14375
112.76875
115.08125
122.63125
128.975
137.4
136.1375
138.8125
142.59375
134.75625
130.4
121.3125
116.36875
124.6375
134.51875
140.475
144.1625
138.8625
130.1375
126.98125
115.625
110.5375
111.9125
110.7375
117.53125
124.1125
125.19375
126.1625
128.29375
123.95
114.13125
111.9375
106.55625
110.9375
127.85
135.6375
141.05
146.80625
145.03125
149.2125
155.14375
150.08125
147.26875
141.3
141.03125
148.4
155.24375
162.20625
163.925
159.44375
149.775
137.41875
125.49375
123.2
130.6
144.04375
152.88125
149.24375
136.25
113.025
94.4625
84.49375
78.51875
82.60625
88.525
93.7875
101.275
103.86875
102.925
104.84375
103.225
101.83125
100.7875
91.73125
83.025
77.98125
77.54375
81.55625
88.8625
95.09375
101.275
107.7875
114.06875
119.24375
118.475
117.3125
114.50625
111.1375
110.34375
110.4
110.225
109.7625
108.96875
108.11875
105.69375
103.725
99.59375
93.025
88.2
83.70625
83.8125
87.20625
92.53125
98.375
102.34375
103.875
102.125
101.23125
101.65
102.8625
106.9
107.91875
105.91875
102.6125
96.48125
95.45625
100.98125
109.9125
121.56875
127.125
127.45625
124.35
122.6875
124.73125
121.2125
121.73125
117.06875
109.63125
111.325
105.4375
101.975
101.04375
96.2625
96.3625
94.425
92.73125
91.35625
91.4
92.0
90.5875
90.0625
89.8875
93.375
98.875
107.43125
117.2375
128.8875
141.225
145.11875
142.975
134.11875
121.975
116.38125
116.425
121.84375
131.89375
138.925
139.40625
130.99375
116.7375
105.10625
98.71875
101.0625
102.69375
103.0125
101.0125
95.8375
101.35625
105.16875
107.80625
110.6375
101.84375
95.45625
94.4375
94.98125
99.975
104.26875
103.60625
102.5
101.85625
104.8375
111.6875
117.875
122.2875
119.14375
112.5625
109.11875
106.9875
111.79375
117.63125
117.19375
121.20625
119.20625
117.81875
124.58125
128.76875
137.60625
143.95625
140.38125
132.5375
127.73125
133.30625
146.83125
164.11875
168.525
159.71875
149.75
133.1125
124.675
120.24375
108.925
107.2375
111.75625
118.3875
133.16875
143.35625
147.3375
154.1
156.28125
155.50625
150.00625
141.64375
132.36875
123.5875
121.2375
115.9875
113.75625
116.43125
116.7375
119.46875
119.76875
117.8875
120.35
120.26875
124.05625
133.8625
138.6625
146.51875
151.48125
143.70625
135.89375
124.2625
120.80625
124.76875
128.45
133.11875
128.5
124.1875
122.83125
123.30625
123.8125
127.0
127.86875
129.71875
128.99375
119.125
114.40625
107.6
111.56875
124.45625
133.08125
143.14375
144.8875
148.39375
151.75625
160.025
165.5
159.98125
151.30625
133.34375
122.0375
115.68125
113.50625
118.45625
124.575
129.86875
136.91875
138.025
136.09375
141.10625
137.79375
138.65
138.0625
126.875
125.0125
118.3875
118.3875
118.3875
118.3875
