0.038791675
0.038791675
0.038791675
0.038791675
0.03942078125
0.0439690375
0.0555308375
0.06627445625
0.06611586875
0.0584593125
0.04845393125
0.0417498125
0.04668893125
0.0582225
0.06776180625
0.077170475
0.07445868125
0.0659425125
0.0511195488125
0.034041141375
0.0254069526875
0.02238970775
0.0291186776875
0.040988091375
0.0520321488125
0.06054888125
0.06953625625
0.0726276375
0.07117315625
0.07032131875
0.06542975625
0.0610299375
0.06260458125
0.06035349375
0.05775771875
0.061648475
0.0641923875
0.0720175375
0.07685889375
0.07596165
0.0687964
0.05935716875
0.0588284875
0.06155395625
0.0735346625
0.08800894375
0.09485975
0.0994339125
0.0975810375
0.0924382
0.0865362
0.0785165875
0.0732739
0.0635368
0.058118975
0.05465973125
0.0463935125
0.044908125
0.0471362
0.0465052875
0.0535333125
0.0621353625
0.06241996875
0.07101725625
0.0766069875
0.07439996875
0.07679931875
0.07034150625
0.06353900625
0.06708060625
0.066992125
0.07402864375
0.0805879375
0.0799238375
0.082616
0.07946901875
0.07404539375
0.0672511625
0.0627225375
0.0630947625
0.0659310625
0.0764297375
0.08389275625
0.08708486875
0.0863823375
0.07640080625
0.06404216875
0.0485691375
0.03903724375
0.03556156875
0.03457674375
0.04311410625
0.0478752
0.0535848
0.0560887988125
0.049070610125
0.0486996089375
0.047250639
0.0534302714375
0.070431228875
0.0762742863125
0.08116576875
0.079961875
0.07269775
0.075450525
0.077508175
0.0795060375
0.0815039
0.076498525
0.06654605
0.0591718625
0.0521452375
0.04895181875
0.0542585125
0.0578352875
0.0602397125
0.0610565125
0.0611046375
0.060967425
0.0608330875
0.06450355625
0.06311304375
0.06621951875
0.07144704375
0.073663575
0.07565235
0.0715133125
0.06132019375
0.0474482625
0.0415569
0.04205745625
0.0520679
0.06549335
0.0686615875
0.06402859375
0.05107815625
0.0377973988125
0.031211353875
0.0326163589375
0.041146364
0.0548356401875
0.070044085125
0.0804385300625
0.08121024375
0.07344579375
0.06079665
0.05108359375
0.0513733875
0.0565895875
0.06588185
0.06792789375
0.06849649375
0.06965205
0.0685309625
0.07636795
0.07705740625
0.07846788125
0.07987835625
0.0766692875
0.08038815625
0.0778481375
0.07319050625
0.06665721875
0.05769091875
0.05302340625
0.04679469375
0.04750943125
0.04635345
0.04940838125
0.061461325
0.069713775
0.08224155625
0.088614775
0.087869375
0.0813520875
0.068675
0.0576383
0.04557281875
0.044444225
0.05331848125
0.05825729375
0.0698300125
0.07185044375
0.0641344
0.06284435625
0.05939530625
0.05842741875
0.0587517875
0.0580304875
0.0556624875
0.05460994375
0.0559485625
0.0536251125
0.04582549375
0.043591725
0.0461047
0.0530520375
0.064807725
0.0647032125
0.056809125
0.0427552375
0.03551315625
0.040261875
0.05029183125
0.06519603125
0.07149106875
0.06900408125
0.062798225
0.054992925
0.0496528
0.0511879375
0.05566965
0.061487
0.0641273
0.06309135625
0.05661110625
0.0485314125
0.04683421875
0.03908396875
0.04088774375
0.049683375
0.05688554375
0.076193825
0.08672008125
0.09153366875
0.08991783125
0.0809498
0.0727968
0.0586540125
0.054623325
0.0473944875
0.043854925
0.04691745625
0.03958048125
0.03754581875
0.0339694125
0.0277077
0.02559544375
0.02399331875
0.02405655
0.02677684375
0.03686031875
0.04930488125
0.06258390625
0.0800599125
0.0907805625
0.0926963625
0.088353275
0.07888158125
0.06500250625
0.05926303125
0.0567535125
0.05196735
0.0545734625
0.05118135
0.052525825
0.05329498125
0.0474913625
0.04930259375
0.04923201875
0.05462338125
0.06952601875
0.080625825
0.08751880625
0.0918018125
0.0888686
0.0847630375
0.0827750875
0.08330576875
0.08154139375
0.07513318125
0.06728008125
0.0516136875
0.0398827375
0.0376573625
0.040439375
0.0533334875
0.06698599375
0.0744839375
0.0740845875
0.06682639375
0.06410446875
0.06302293125
0.07061098125
0.0776304625
0.07329505
0.070600025
0.057509975
0.0470536625
0.047418675
0.04410189375
0.04685251875
0.054684225
0.05300091875
0.05335901875
0.059763
0.05854350625
0.0676537625
0.07560640625
0.07620685625
0.0767159625
0.0721264625
0.06707615625
0.064624125
0.0632563175625
0.061411285125
0.0643617214375
0.060884414
0.0595341589375
0.054507660125
0.0459030925625
0.045438125
0.04437185625
0.05018085
0.05682028125
0.06291389375
0.07254193125
0.0773305625
0.07902404375
0.075815575
0.06553825625
0.05468414375
0.04913309375
0.0430031875
0.04434315
0.05093595
0.05700903125
0.0654061625
0.0669940625
0.06251065
0.0501132
0.0394488125
0.03413098125
0.03012336875
0.03414610625
0.04058316875
0.04497688125
0.0571562625
0.06854660625
0.0734454875
0.0800041625
0.0761678125
0.0725269625
0.074957425
0.07302203125
0.07723759375
0.07553505
0.06776119375
0.064540625
0.05768773125
0.0598675
0.065082925
0.06272704375
0.06604489375
0.0624901875
0.05816543125
0.06443
0.063751725
0.06220383125
0.0604706
0.0483141
0.042805375
0.045388725
0.04919126875
0.05891623125
0.06298948125
0.05828164375
0.0578072875
0.0573114125
0.0574314625
0.05884376875
0.0557587875
0.04940378125
0.04596695
0.0513219
0.05284738125
0.05687059375
0.0549121738125
0.040903735125
0.0358533714375
0.03252844525
0.0403946214375
0.056921041375
0.0632140113125
0.069998725
0.06803986875
0.05928658125
0.054689925
0.04488885625
0.0357037125
0.03028780625
0.026768325
0.03134091875
0.03619435625
0.04278040625
0.0530458625
0.05772925
0.0662424125
0.07207026875
0.07374773125
0.07590241875
0.0717409625
0.06777380625
0.0620302875
0.0524292
0.051826125
0.05577220625
0.0565201375
0.06334281875
0.0640243875
0.0565446550625
0.059358635125
0.0560199901875
0.05514995775
0.0656595589375
0.064319678875
0.0669152425625
0.06222188125
0.0488799
0.04764403125
0.0464081625
0.050980575
0.05243859375
0.04204713125
0.0355911125
0.03362041875
0.0403818375
0.0536075
0.0589551
0.05803933125
0.05312414375
0.05266974375
0.0561579625
0.05755095625
0.0560985625
0.0428632050625
0.033570466375
0.0333041401875
0.03862635775
0.0559581526875
0.069375728875
0.071296972625
0.067788703875
0.0605719151875
0.0532983265
0.0551799839375
0.064290572625
0.0693176863125
0.07138596875
0.06809215
0.05946224375
0.0548811
0.0561153875
0.06068905
0.0623923625
0.0579695125
0.04719868125
0.0354724625
0.03242990625
0.0322385675625
0.039274222625
0.0514147214375
0.05276739525
0.0603197714375
0.061149303875
0.0517691488125
0.0473274863125
0.039989466375
0.0402946964375
0.0441552565625
0.0534104940625
0.0615025690625
0.0641451128125
0.0691951026875
0.066697353875
0.0579259550625
0.05162316875
0.0481412625
0.0476941125
0.05277958125
0.0558707875
0.05740079375
0.05871721875
0.0616027375
0.05954115625
0.05168571875
0.04418615625
0.03408319375
0.03456955625
0.04240840625
0.05309219375
0.06602230625
0.0685529125
0.063844775
0.0531384125
0.040535625
0.0360533125
0.032899575
0.03531928125
0.03944559375
0.0421682625
0.0478164375
0.0473368
0.046264825
0.041940475
0.03597633125
0.034509175
0.0313502113125
0.026654585125
0.0284830026875
0.0344608765
0.0435140151875
0.059739728875
0.0708668363125
0.071092675
0.06907741875
0.0622765625
0.049869875
0.04395119375
0.04095801875
0.035715525
0.0356016375
0.038601875
0.0393681875
0.04602585625
0.05201570625
0.053381375
0.05830954375
0.0566021625
0.0592414125
0.0627275375
0.06053355
0.06853094375
0.0691707125
0.07139406875
0.0757634375
0.072900225
0.0798598125
0.08055603125
0.083660625
0.08841479375
0.08062435625
0.0759595488125
0.062713978875
0.0422358276875
0.02910650775
0.0220396839375
0.024795660125
0.0377430175625
0.0511707625
0.0600617625
0.06511491875
0.0626009
0.0602453125
0.0600073375
0.05707643125
0.05965455
0.0630824125
0.0585962375
0.0554362738125
0.049591003875
0.0358327901875
0.031578214
0.0358513089375
0.040582510125
0.0501220613125
0.055926
0.04858403125
0.041743825
0.0355714375
0.02942745
0.0339247375
0.04421845
0.0545121625
0.06086325625
0.05891135625
0.046034425
0.034619125
0.02741025
0.02543568125
0.02858971875
0.0294883125
0.03158473125
0.03082395
0.03008693125
0.03527233125
0.04333089375
0.0566237625
0.0728801
0.08191861875
0.0805621125
0.07063880625
0.05378565
0.03611951875
0.024777425
0.0199218625
0.02073435625
0.0294404375
0.038384475
0.04782025625
0.05758875
0.06027663125
0.06170435625
0.0572360875
0.0529863125
0.04685473125
0.04242975625
0.04391751875
0.0431286375
0.05271856875
0.06434751875
0.0747864125
0.0815490625
0.07943874375
0.0721240125
0.06416643125
0.0630841125
0.06078815625
0.0637450375
0.06614186875
0.06533968125
0.0679525
0.0638374
0.062157975
0.05867913125
0.061524325
0.07096396875
0.074450725
0.0794949125
0.07717973125
0.06825515
0.0630068125
0.05576415
0.0453233375
0.0385897375
0.03023771875
0.026358325
0.0267195875
0.03060063125
0.035334525
0.03807409375
0.041326925
0.04124740625
0.045876075
0.046742975
0.048044825
0.05124845625
0.05050946875
0.056997475
0.0642225
0.0688810875
0.07052868125
0.065566875
0.0578613125
0.045313775
0.03485278125
0.0301961625
0.0265514375
0.031904725
0.04423551875
0.0557533375
0.06680885
0.07025010625
0.06407580625
0.0491579363125
0.035005635125
0.0287526214375
0.02962460775
0.0377450776875
0.048249535125
0.0508191300625
0.0445315625
0.0384154375
0.0284629625
0.0249792375
0.029995625
0.0358648625
0.04251864375
0.0477185625
0.05180224375
0.052147325
0.05539415
0.0601157375
0.06047146875
0.06744466875
0.07141165
0.06775515625
0.06865195
0.06267435
0.05746904375
0.0603558125
0.0609659375
0.06252456875
0.0617636363125
0.060480647625
0.0591976589375
0.0623589015
0.0722174214375
0.074158360125
0.0709944550625
0.06110770625
0.04478509375
0.03322330625
0.02607478125
0.02263346875
0.0220226
0.025782125
0.03394044375
0.04279034375
0.0523412375
0.0580542875
0.0554949800625
0.053672691375
0.0464132714375
0.040290389
0.0402584026875
0.042474060125
0.0495780113125
0.05344109375
0.05591563125
0.05243728125
0.047868425
0.04556293125
0.04811163125
0.05312440625
0.05754484375
0.0604229375
0.0522494
0.0399245875
0.0286148
0.01884735625
0.01514731875
0.0163593375
0.0164567925625
0.015606035125
0.0203239339375
0.02406985775
0.0302232276875
0.042078728875
0.0467464113125
0.0499121050625
0.052298335125
0.0475535401875
0.0417550015
0.0390079651875
0.034697066375
0.0303792863125
0.03348218125
0.04018793125
0.04771125625
0.063201575
0.073459725
0.073484425
0.07279378125
0.0626625625
0.0474255625
0.0402806375
0.035947475
0.03932945
0.05226545
0.06385460625
0.07332358125
0.0727578550625
0.070657885125
0.0652771401875
0.0614550265
0.0681877589375
0.066339728875
0.0685972613125
0.067851275
0.061327975
0.064627475
0.0615517375
0.0599208875
0.06084725
0.0552210125
0.05100710625
0.044559275
0.0389952375
0.0412963875
0.04610244375
0.05287861875
0.055973
0.0489711375
0.04753793125
0.05015211875
0.05604708125
0.07167450625
0.0817261
0.08670825
0.0900500125
0.0855651375
0.0749031300625
0.065413235125
0.0506041401875
0.04055269525
0.0433327401875
0.049425547625
0.0643573363125
0.0747195
0.07795008125
0.074782625
0.0666957875
0.0670961125
0.0679736625
0.06966624375
0.072099875
0.06265671875
0.05239165
0.0509183625
0.04864199375
0.0591668625
0.07181278125
0.0710489863125
0.073867003875
0.0676601964375
0.05410119525
0.0545460339375
0.056546935125
0.0609300550625
0.07514264375
0.07832950625
0.0765409875
0.07786065
0.0716274875
0.06798953125
0.06338735
0.05305278125
0.04725301875
0.04365190625
0.04539943125
0.05253178125
0.05986560625
0.06824554375
0.068888825
0.06653625
0.0675586
0.06719420625
0.0769573625
0.08719774375
0.0864489738125
0.081299766375
0.0678081964375
0.053494714
0.0464297151875
0.047306753875
0.0535686175625
0.06195153125
0.07580055
0.08409151875
0.0832094988125
0.075733678875
0.0561445714375
0.03669013275
0.0247479839375
0.018640216375
0.0241613363125
0.03020319375
0.0351304875
0.04218379375
0.0380854375
0.0374164375
0.0425799
0.04507763125
0.0579051125
0.06669251875
0.0643210875
0.06356164375
0.05405275625
0.04762855625
0.05284759375
0.054655225
0.0596999875
0.060704675
0.05517190625
0.05143855625
0.0508404125
0.05300380625
0.0548225125
0.05416291875
0.048742525
0.04885475
0.051088025
0.06055454375
0.07798805625
0.08753593125
0.09369545625
0.08904698125
0.07677409375
0.0620252738125
0.050155741375
0.0503923214375
0.054711714
0.0702506089375
0.084180953875
0.0883819988125
0.091366425
0.08560728125
0.07844943125
0.074309275
0.0623424113125
0.050219178875
0.0446479214375
0.04407000775
0.0574959339375
0.071705810125
0.0768259488125
0.07761129375
0.06591855
0.05936625
0.0618466125
0.05853055
0.06069065625
0.0577270625
0.04620803125
0.040485425
0.03476281875
0.03037135625
0.0299077125
0.02944406875
0.03201981875
0.03339415625
0.03416300625
0.03466805
0.0284264875
0.02597285
0.02844561875
0.0351248125
0.0452474125
0.04961945
0.046981075
0.03884145
0.03192101875
0.02827838125
0.0302851125
0.03752671875
0.0445829875
0.05613654375
0.06759875625
0.07025611875
0.07137338125
0.06399783125
0.0519860375
0.04666895625
0.04143034375
0.041147125
0.039970525
0.03867270625
0.04030039375
0.039242775
0.04584753125
0.04707195625
0.04962495625
0.0594864
0.0651736875
0.077286975
0.08356111875
0.07866925
0.0672471
0.05333439375
0.03964018125
0.0324843625
0.03743465625
0.03988721875
0.0429363
0.044840175
0.03860178125
0.03840271875
0.0433441
0.0532927375
0.061623375
0.06363638125
0.05898334375
0.04488525
0.03981356875
0.03925008125
0.04547953125
0.0563366
0.05705703125
0.0583086625
0.0517590625
0.0436599488125
0.043154303875
0.0380081901875
0.03847602025
0.0471477214375
0.055909585125
0.0710723613125
0.08318811875
0.08656030625
0.084629525
0.07226714375
0.06064178125
0.04963234375
0.04087225
0.04328104375
0.0455234863125
0.0461473589375
0.0441304628125
0.0386516104375
0.0410326104375
0.0531598253125
0.0735676464375
0.086021972625
0.085998210125
0.0732598589375
0.0526039265
0.0431674964375
0.039207235125
0.0473674363125
0.056547925
0.0581476375
0.06522351875
0.06124776875
0.0586031625
0.058950425
0.05299673125
0.05227089375
0.0492748125
0.0517786625
0.05082958125
0.0477446300625
0.047050841375
0.0368570776875
0.03056737025
0.0267712026875
0.029020916375
0.0364520488125
0.0427310925625
0.048416010125
0.0419876401875
0.0356211515
0.0353455589375
0.041130197625
0.0577361613125
0.06862534375
0.0727038
0.0649256
0.05159623125
0.04808335
0.04906163125
0.0558363375
0.05969390625
0.0587095
0.05246388125
0.04833844375
0.0476635875
0.04071508125
0.03832455
0.03142985
0.02478460625
0.02539741875
0.0280303875
0.03331115
0.040983075
0.04546793125
0.0463902875
0.053192825
0.056952825
0.06374355
0.0684450625
0.0608586
0.0539306875
0.0481757875
0.04147070625
0.0462288125
0.0495252875
0.04682368125
0.05181285
0.04616361875
0.0417193875
0.0461141375
0.04633473125
0.051874525
0.0593892125
0.062061925
0.0621398
0.0613597425625
0.058091372625
0.0522281651875
0.05060018275
0.0543668776875
0.061890853875
0.0715324425625
0.07325999375
0.06746356875
0.055806125
0.04578906875
0.0415684375
0.04044848125
0.045894575
0.0435231488125
0.046948147625
0.0552511026875
0.06068370775
0.0728875714375
0.073498585125
0.0691181988125
0.05834006875
0.0478994375
0.04406025625
0.03511623125
0.03200466875
0.0330900875
0.0317075238125
0.036858403875
0.0454598651875
0.04763358275
0.0568254776875
0.068265016375
0.0767874175625
0.08211166875
0.07904504375
0.06719733125
0.0507538375
0.04412683125
0.04259363125
0.04547369375
0.05121125
0.0484305875
0.043591775
0.04312335625
0.04917898125
0.0595912375
0.0726277
0.082803825
0.08788134375
0.08825965
0.0798697625
0.0723081
0.05820898125
0.05405925625
0.05605351875
0.05393590625
0.05864409375
0.0499425675625
0.041742803875
0.0384733901875
0.033672839
0.0400099339375
0.045845266375
0.0467502488125
0.05091853125
0.05299249375
0.05906198125
0.0660380125
0.0719896
0.0712721625
0.06179810625
0.0570817
0.05298121875
0.05255296875
0.05714961875
0.05854725
0.0518026125
0.04627716875
0.04663190625
0.0423352625
0.04434830625
0.0458409125
0.03875275625
0.04179215
0.0445749125
0.0478709375
0.05135815625
0.0423672863125
0.033376416375
0.0241289151875
0.01778554525
0.0190382214375
0.020290897625
0.0273399988125
0.0313465625
0.034766175
0.0381857875
0.03001255
0.02980630625
0.03208344375
0.03410395
0.0440410625
0.0428121625
0.03909270625
0.039593725
0.0373160125
0.0453824
0.0570112875
0.0607053125
0.0650578875
0.06594850625
0.0574802
0.05695393125
0.06076245625
0.0572116125
0.06316440625
0.06511778125
0.05667613125
0.0552501
0.0496874375
0.04661835
0.052107225
0.0580693125
0.06187460625
0.0623899375
0.0581736125
0.0525286875
0.05457481875
0.0526283
0.05905969375
0.0631071
0.05996045
0.0672734625
0.06204186875
0.0609197
0.05817953125
0.04434473125
0.04084599375
0.040304175
0.04926599375
0.06272483125
0.06831278125
0.0683935875
0.06267796875
0.0573236113125
0.055904697625
0.0553105714375
0.048663389
0.0479655526875
0.053668335125
0.0537952863125
0.0607336875
0.0613393625
0.04940043125
0.04303015625
0.04119615
0.03681986875
0.04070775625
0.05066305
0.0516474375
0.056819425
0.05749441875
0.0498325375
0.04743393125
0.04721946875
0.051872375
0.05578390625
0.05490295625
0.051329075
0.046709525
0.04541125625
0.0490506
0.0533493875
0.052524475
0.05032746875
0.044164375
0.0324217125
0.02885515
0.031940425
0.03699581875
0.050783325
0.06137268125
0.06555711875
0.07558836875
0.0779413875
0.076718625
0.0776169125
0.07132020625
0.06847408125
0.06970401875
0.06915759375
0.07265993125
0.0787957125
0.0839568625
0.08401223125
0.081630825
0.08054885
0.07461828125
0.08033095
0.0834194125
0.08074241875
0.0804708125
0.069147575
0.0560708300625
0.044653878875
0.0343535839375
0.0319184765
0.0400382151875
0.050628778875
0.0662183925625
0.0773755875
0.07770426875
0.071363925
0.05970781875
0.0528093625
0.05212839375
0.0611798875
0.068062625
0.068547325
0.07102841875
0.064069875
0.06164090625
0.06003414375
0.049736275
0.04311659375
0.03639945625
0.03583554375
0.0394757875
0.04508779375
0.04909588125
0.04555114375
0.04293085625
0.0403950125
0.0351662375
0.0346620875
0.04021099375
0.04663694375
0.05876681875
0.07071853125
0.0761399625
0.07572225
0.07343008125
0.07340351875
0.0692265625
0.07008539375
0.0646114988125
0.057401085125
0.0532687765
0.043955967875
0.044563524125
0.038075517875
0.0337383265
0.038904772625
0.0415952863125
0.05220240625
0.06614366875
0.07217089375
0.07563168125
0.0739941738125
0.064478603875
0.0591982589375
0.04881930775
0.0457961839375
0.047647303875
0.0460816738125
0.0494905738125
0.050798403875
0.0541856026875
0.058081864
0.0695813464375
0.078804185125
0.0866564175625
0.0973879375
0.09471691875
0.0920459
0.08322031875
0.072305525
0.07384440625
0.07170704375
0.07695764375
0.07641181875
0.06753629375
0.0609084125
0.0484195125
0.0408691050625
0.031811753875
0.0241830026875
0.02097008275
0.0194730276875
0.024143547625
0.0281224863125
0.03387184375
0.04455969375
0.0544221875
0.0702954625
0.08344694375
0.085005575
0.081828525
0.0716918875
0.061078025
0.0620570125
0.0693901
0.07918205
0.083177575
0.07532361875
0.06035716875
0.039818325
0.0271960875
0.0216885625
0.02010930625
0.0296845875
0.04081593125
0.05008059375
0.0654126625
0.07043405
0.07048005625
0.0771275125
0.0764156
0.0810586375
0.08829995
0.08461623125
0.0835307875
0.08311806875
0.079317
0.07997671875
0.07327706875
0.0593549625
0.04604878125
0.03920684375
0.040150575
0.04550756875
0.050103925
0.0466272125
0.0414250625
0.0360565613125
0.032921985125
0.0285442714375
0.027202214
0.0296962026875
0.035709972625
0.0510399488125
0.0609571625
0.06945489375
0.0731469875
0.07104265625
0.0696970125
0.06663370625
0.06312409375
0.05355425
0.0442431300625
0.035250072625
0.0289490464375
0.03476848275
0.0481247464375
0.062140453875
0.0790538613125
0.08557224375
0.08509158125
0.08509158125
0.0759148125
0.069354575
0.06263874375
0.054623775
0.05642529375
0.06070346875
0.063901
0.06709853125
0.06457928125
0.060799875
0.0567590550625
0.049041991375
0.0403081089375
0.032075989
0.0305411464375
0.034241178875
0.0398038613125
0.0460343625
0.04886465625
0.05013631875
0.05178164375
0.0527829125
0.0536285875
0.051600475
0.0486407375
0.04496565625
0.0409458875
0.04431408125
0.05467413125
0.0710449625
0.08693856875
0.09511898125
0.09290436875
0.08584778125
0.07749205625
0.07373495
0.072594375
0.06518015
0.0568017
0.04721108125
0.0387374238125
0.038180372625
0.0376527589375
0.037727789
0.0399298714375
0.039353222625
0.0431306800625
0.04308240625
0.0466369875
0.0530673
0.0597545375
0.0716946125
0.073377475
0.07284315625
0.06543444375
0.0574489375
0.05763143125
0.0599315375
0.0688491125
0.07054329375
0.07128729375
0.0632593238125
0.050727185125
0.0447334401875
0.03535134525
0.0334815401875
0.036379710125
0.0397510925625
0.04572075
0.0530664
0.055644075
0.05690689375
0.05253578125
0.04949324375
0.05121868125
0.05591565
0.06429080625
0.0633070375
0.05851068125
0.0498071375
0.04307535625
0.0458188125
0.053796575
0.0638953875
0.0763552875
0.085164775
0.08779145
0.087001375
0.07673863125
0.0664190875
0.06167566875
0.05683268125
0.05859114375
0.05669919375
0.046289025
0.0363706
0.0253438875
0.01866380625
0.02309935
0.0286662050625
0.039830985125
0.0533389401875
0.054997414
0.0618151589375
0.057541816375
0.0510759550625
0.05706376875
0.05829900625
0.06533066875
0.0667827625
0.05896804375
0.04755716875
0.036837875
0.03482229375
0.03306293125
0.0411473875
0.05316788125
0.06124575625
0.07176755
0.0762291125
0.07154888125
0.06686865
0.06513050625
0.0575959375
0.05377051875
0.04978606875
0.0394911625
0.04031188125
0.04405780625
0.04815019375
0.05971245
0.0597783738125
0.060101222625
0.0618486276875
0.05925957025
0.0695020026875
0.076548853875
0.0801842988125
0.0824046
0.07831810625
0.07206285625
0.065548875
0.06008100625
0.0539180125
0.05584709375
0.0581160625
0.0596055675625
0.055382403875
0.0464019589375
0.04310362025
0.0436743589375
0.051236953875
0.0576271988125
0.0600536
0.06449523125
0.0670807875
0.07131591875
0.0771630375
0.07639871875
0.08213468125
0.08458068125
0.083615275
0.08755071875
0.08125895
0.075873725
0.0679102050625
0.056974916375
0.0558196151875
0.05514424525
0.058846589
0.0581415515
0.04651148275
0.04071505775
0.0364681464375
0.037396328875
0.0438643050625
0.04330069375
0.04023935625
0.03503960625
0.03115814375
0.0251756113125
0.026194347625
0.0306496089375
0.03535837025
0.0475367026875
0.053184753875
0.0614493363125
0.0677402125
0.07320259375
0.076056925
0.0687800375
0.06120183125
0.04832460625
0.039576525
0.04242129375
0.05186815625
0.0626324125
0.07487143125
0.07620918125
0.0664285375
0.0586227875
0.0439636125
0.03723748125
0.036124725
0.03449870625
0.036550875
0.03577484375
0.0347244
0.03998364375
0.05089089375
0.0582783625
0.0684130125
0.07249460625
0.065788375
0.06329350625
0.05940815625
0.0518465625
0.05457868125
0.05738926875
0.0581902875
0.0612151875
0.05736569375
0.05499173125
0.05337944375
0.05324328125
0.05704285625
0.0606860625
0.06435766875
0.067050125
0.0703015625
0.06894515625
0.06364613125
0.06102793125
0.05049569375
0.0389476625
0.0322976375
0.023922175
0.0266623375
0.03851275625
0.05451263125
0.07117105625
0.08168836875
0.08131065
0.07069948125
0.06310600625
0.05551596875
0.05391295
0.06291470625
0.06694108125
0.07034104375
0.0721415625
0.062321925
0.0551005625
0.04775798125
0.041347025
0.04188508125
0.03599539375
0.03471120625
0.03435864375
0.03320105625
0.04018306875
0.04108629375
0.04185170625
0.04231385625
0.041882625
0.0435591625
0.0435591625
0.0435591625
0.0435591625
