-0.630625
-0.630625
-0.630625
-0.630625
-0.64
-0.643125
-0.551875
-0.423125
-0.32
-0.2425
-0.316875
-0.501875
-0.7125
-0.86875
-0.851875
-0.72875
-0.55125
-0.440625
-0.410625
-0.42
-0.46125
-0.42625
-0.366875
-0.310625
-0.248125
-0.22375
-0.23875
-0.2825
-0.329375
-0.414375
-0.463125
-0.564375
-0.6325
-0.62125
-0.75625
-0.67625
-0.68875
-0.721875
-0.626875
-0.715625
-0.700625
-0.84
-0.9075
-1.00875
-1.210625
-1.206875
-1.21875
-1.036875
-0.736875
-0.4525
-0.280625
-0.274375
-0.3825
-0.59375
-0.686875
-0.74625
-0.801875
-0.76375
-0.92125
-1.0175
-1.025625
-1.065625
-0.890625
-0.826875
-0.915625
-1.034375
-1.315625
-1.44375
-1.348125
-1.281875
-1.07
-0.988125
-0.965625
-0.84875
-0.74
-0.471875
-0.2475
-0.096875
-0.01625
-0.189375
-0.355
-0.48625
-0.710625
-0.7275
-0.87
-1.079375
-1.098125
-1.125
-0.9925
-0.835625
-0.776875
-0.788125
-0.78625
-0.715625
-0.635625
-0.541875
-0.5325
-0.545625
-0.484375
-0.460625
-0.414375
-0.3325
-0.310625
-0.320625
-0.3675
-0.565625
-0.861875
-1.13
-1.316875
-1.4025
-1.389375
-1.224375
-1.150625
-0.999375
-0.89
-0.928125
-0.916875
-1.03875
-1.0775
-1.001875
-0.905625
-0.726875
-0.62875
-0.584375
-0.58625
-0.6125
-0.5825
-0.62875
-0.651875
-0.633125
-0.668125
-0.650625
-0.6625
-0.765625
-0.8125
-0.859375
-0.824375
-0.7425
-0.66375
-0.5825
-0.579375
-0.603125
-0.635
-0.625
-0.56375
-0.409375
-0.294375
-0.245
-0.2075
-0.25
-0.27125
-0.2575
-0.268125
-0.265
-0.248125
-0.284375
-0.33875
-0.379375
-0.4475
-0.436875
-0.424375
-0.4625
-0.51
-0.663125
-0.715625
-0.73375
-0.740625
-0.615
-0.65875
-0.7
-0.76875
-0.91125
-0.958125
-1.1275
-1.2575
-1.3725
-1.399375
-1.18125
-0.94125
-0.70125
-0.598125
-0.585625
-0.53625
-0.48875
-0.431875
-0.376875
-0.380625
-0.451875
-0.461875
-0.516875
-0.556875
-0.473125
-0.433125
-0.425
-0.446875
-0.54375
-0.57
-0.57625
-0.5525
-0.571875
-0.600625
-0.54375
-0.67125
-0.774375
-0.916875
-1.088125
-0.935625
-0.67375
-0.478125
-0.3275
-0.411875
-0.570625
-0.685
-0.88
-0.90625
-0.905625
-0.883125
-0.83875
-0.94875
-1.10375
-1.219375
-1.076875
-0.84125
-0.649375
-0.455625
-0.46875
-0.535625
-0.55875
-0.608125
-0.69125
-0.65875
-0.5525
-0.630625
-0.684375
-0.88625
-1.139375
-1.11
-0.960625
-0.725625
-0.66
-0.725
-0.870625
-1.0425
-0.898125
-0.6775
-0.56
-0.480625
-0.555625
-0.689375
-0.80125
-0.8925
-1.064375
-1.285
-1.431875
-1.505625
-1.410625
-1.25
-0.99375
-0.7825
-0.708125
-0.650625
-0.6
-0.5525
-0.42125
-0.264375
-0.275
-0.366875
-0.490625
-0.62625
-0.78875
-0.973125
-1.1575
-1.411875
-1.435625
-1.258125
-1.05375
-0.825
-0.733125
-0.683125
-0.693125
-0.583125
-0.451875
-0.4025
-0.32625
-0.42625
-0.545
-0.723125
-0.88
-0.874375
-0.824375
-0.675
-0.54375
-0.465625
-0.419375
-0.368125
-0.324375
-0.29625
-0.3
-0.3575
-0.444375
-0.589375
-0.705625
-0.7425
-0.754375
-0.688125
-0.621875
-0.6825
-0.675
-0.71875
-0.885
-0.925625
-1.07875
-1.233125
-1.265
-1.3675
-1.3575
-1.254375
-0.981875
-0.7
-0.474375
-0.344375
-0.401875
-0.375625
-0.445
-0.4925
-0.550625
-0.778125
-0.86125
-0.939375
-0.98875
-0.865
-0.79
-0.7125
-0.609375
-0.61
-0.581875
-0.55375
-0.574375
-0.51875
-0.495
-0.445625
-0.373125
-0.400625
-0.425
-0.500625
-0.57625
-0.575625
-0.600625
-0.574375
-0.548125
-0.576875
-0.554375
-0.631875
-0.711875
-0.760625
-0.858125
-0.80375
-0.7
-0.628125
-0.49625
-0.418125
-0.386875
-0.27375
-0.184375
-0.145625
-0.125
-0.1825
-0.27375
-0.316875
-0.3975
-0.45
-0.466875
-0.52625
-0.47125
-0.47
-0.530625
-0.55625
-0.633125
-0.65875
-0.68625
-0.705
-0.768125
-0.791875
-0.745
-0.735625
-0.740625
-0.73625
-0.695
-0.734375
-0.700625
-0.723125
-0.796875
-0.72625
-0.621875
-0.495
-0.431875
-0.385625
-0.54625
-0.76875
-0.88625
-1.035625
-0.96
-0.8375
-0.75625
-0.706875
-0.73125
-0.7825
-0.83375
-0.87
-0.818125
-0.68375
-0.575
-0.48125
-0.483125
-0.5375
-0.563125
-0.535
-0.558125
-0.569375
-0.59125
-0.56125
-0.416875
-0.30875
-0.266875
-0.29875
-0.46375
-0.59375
-0.679375
-0.82125
-0.885625
-0.97125
-1.10875
-1.229375
-1.35
-1.455625
-1.318125
-1.09
-0.76625
-0.45
-0.39875
-0.45
-0.611875
-0.861875
-0.994375
-0.98
-0.999375
-0.879375
-0.715
-0.693125
-0.576875
-0.4825
-0.49375
-0.485
-0.50375
-0.70625
-0.840625
-0.889375
-1.051875
-0.90875
-0.78375
-0.71
-0.540625
-0.489375
-0.536875
-0.68
-0.74875
-0.873125
-0.909375
-0.80625
-0.76375
-0.709375
-0.60375
-0.56125
-0.543125
-0.49625
-0.4775
-0.398125
-0.275
-0.17
-0.088125
-0.0475
-0.099375
-0.15125
-0.203125
-0.27
-0.254375
-0.256875
-0.245625
-0.240625
-0.284375
-0.33625
-0.415625
-0.48125
-0.52125
-0.5375
-0.54
-0.565625
-0.618125
-0.6425
-0.6925
-0.74875
-0.7225
-0.745
-0.695
-0.58875
-0.57625
-0.57
-0.655
-0.766875
-0.784375
-0.743125
-0.63125
-0.49375
-0.456875
-0.449375
-0.50625
-0.5675
-0.56125
-0.569375
-0.57875
-0.705
-0.833125
-0.873125
-0.87375
-0.77875
-0.72
-0.7575
-0.795
-0.755
-0.6925
-0.618125
-0.469375
-0.374375
-0.353125
-0.303125
-0.401875
-0.5375
-0.62875
-0.811875
-0.825
-0.87375
-0.799375
-0.746875
-0.79
-0.82375
-1.06
-1.126875
-1.20125
-1.196875
-1.09125
-0.97125
-0.883125
-0.79625
-0.62875
-0.563125
-0.41125
-0.286875
-0.301875
-0.45125
-0.70375
-0.9775
-1.1925
-1.0975
-0.985625
-0.863125
-0.674375
-0.625
-0.45875
-0.31875
-0.25875
-0.2575
-0.379375
-0.415625
-0.490625
-0.52625
-0.470625
-0.474375
-0.408125
-0.49625
-0.619375
-0.765
-0.893125
-0.7475
-0.700625
-0.62375
-0.6075
-0.6075
-0.6075
-0.6075
