-0.193125
-0.193125
-0.193125
-0.193125
-0.0725
0.13125
0.270625
0.29625
0.216875
0.086875
-0.025625
-0.015625
0.05125
0.07
0.07875
-0.035
-0.091875
-0.03375
0.024375
0.1875
0.26
0.21625
0.1275
-0.0575
-0.175
-0.215625
-0.1775
-0.041875
0.12
0.245
0.339375
0.394375
0.329375
0.34
0.355625
0.3075
0.285625
0.156875
-0.0475
-0.198125
-0.329375
-0.41125
-0.36625
-0.32125
-0.261875
-0.154375
-0.108125
-0.07625
-0.02
-0.053125
-0.119375
-0.17125
-0.2125
-0.11125
0.0675
0.303125
0.50375
0.554375
0.505625
0.343125
0.178125
0.0025
-0.056875
0.0575
0.166875
0.3925
0.505
0.451875
0.371875
0.1925
0.06125
-0.080625
-0.146875
-0.135625
-0.0625
0.094375
0.210625
0.256875
0.19625
0.14375
0.081875
0.065
0.084375
-0.005625
-0.10375
-0.25625
-0.33625
-0.244375
-0.110625
0.07875
0.175625
0.09375
-0.038125
-0.1575
-0.243125
-0.229375
-0.215
-0.229375
-0.26625
-0.26625
-0.191875
-0.1225
0.038125
0.14625
0.204375
0.2875
0.258125
0.18375
0.160625
0.113125
0.144375
0.18625
0.06875
0.014375
-0.075625
-0.051875
0.094375
0.175625
0.269375
0.28375
0.249375
0.28625
0.301875
0.26375
0.339375
0.246875
0.171875
0.193125
0.090625
0.11125
0.126875
0.051875
-0.01375
-0.095
-0.258125
-0.298125
-0.283125
-0.225
-0.0575
-0.00875
0.079375
0.17625
0.248125
0.32375
0.280625
0.1375
0.0825
0.05625
0.14875
0.28
0.259375
0.326875
0.3325
0.358125
0.4525
0.4275
0.363125
0.229375
0.02625
-0.156875
-0.3075
-0.384375
-0.3425
-0.210625
-0.015625
0.165
0.2325
0.28125
0.208125
0.120625
0.1125
0.006875
-0.03
-0.02125
-0.0775
-0.1525
-0.195625
-0.31
-0.345625
-0.290625
-0.268125
-0.140625
-0.078125
-0.005625
0.090625
0.115
0.15125
0.154375
0.135
0.12125
0.120625
0.12125
0.095625
0.08
0.079375
0.043125
0.0225
-0.06375
-0.120625
-0.143125
-0.15625
-0.064375
0.0425
0.209375
0.37125
0.446875
0.40375
0.33375
0.283125
0.32
0.428125
0.409375
0.4
0.33125
0.20625
0.22
0.176875
0.085625
0.01625
-0.1575
-0.298125
-0.3475
-0.315625
-0.21
-0.105
0.050625
0.13
0.23
0.29625
0.161875
0.0625
-0.12125
-0.19125
-0.060625
-0.003125
0.128125
0.195625
0.084375
0.086875
0.08875
0.015
0.115625
0.089375
-0.00875
-0.046875
-0.2325
-0.3375
-0.345
-0.259375
-0.09125
0.1225
0.29375
0.33875
0.423125
0.416875
0.455625
0.511875
0.435
0.3925
0.17
-0.036875
-0.129375
-0.178125
-0.064375
0.049375
0.144375
0.115625
0.018125
-0.089375
-0.185
-0.121875
0.046875
0.225625
0.331875
0.29125
0.17625
0.063125
0.03875
0.105
0.131875
0.165
0.1425
0.0875
0.084375
0.038125
0.014375
0.050625
0.11375
0.179375
0.2825
0.338125
0.330625
0.355
0.270625
0.130625
-0.015
-0.091875
-0.1
-0.005625
0.1775
0.2925
0.35625
0.3725
0.34375
0.30375
0.35125
0.346875
0.32875
0.333125
0.34125
0.44
0.54375
0.628125
0.570625
0.400625
0.18375
-0.06625
-0.17875
-0.2
-0.160625
-0.075
-0.10125
-0.039375
0.00625
0.023125
0.095625
0.01125
-0.073125
-0.068125
0.028125
0.173125
0.27875
0.276875
0.150625
0.014375
0.03375
0.095
0.23625
0.318125
0.206875
0.071875
-0.099375
-0.19
-0.126875
0.076875
0.24875
0.4775
0.569375
0.428125
0.364375
0.28125
0.269375
0.39625
0.43375
0.32875
0.168125
0.03
-0.0625
-0.0275
0.068125
0.11875
0.203125
0.25375
0.305
0.405
0.469375
0.465625
0.388125
0.213125
0.039375
-0.055
-0.024375
0.04375
0.123125
0.224375
0.24625
0.24625
0.190625
0.0775
-0.024375
-0.04875
0.015625
0.160625
0.306875
0.40875
0.421875
0.430625
0.44
0.396875
0.393125
0.28875
0.190625
0.129375
0.054375
-0.01625
-0.139375
-0.19
-0.20625
-0.201875
-0.11875
-0.08125
-0.016875
0.095
0.114375
0.078125
-0.035
-0.13
-0.143125
-0.126875
-0.031875
-0.04375
-0.04625
-0.041875
-0.12625
-0.10625
-0.175625
-0.21375
-0.165625
-0.188125
-0.14625
-0.150625
-0.23875
-0.2475
-0.25875
-0.224375
-0.171875
-0.1675
-0.115
-0.099375
-0.036875
-0.008125
-0.033125
0.03125
0.058125
0.16375
0.215625
0.165625
0.189375
0.114375
0.07875
0.036875
-0.0925
-0.15875
-0.186875
-0.196875
-0.160625
-0.134375
-0.166875
-0.13625
-0.125
-0.113125
0.003125
0.074375
0.10875
0.134375
0.089375
0.049375
0.051875
0.11375
0.14375
0.10625
0.099375
-6.93889390391e-18
-0.03
0.0475
0.055625
0.150625
0.2175
0.188125
0.2375
0.206875
0.156875
0.18625
0.111875
0.099375
0.158125
0.154375
0.20125
0.161875
0.01375
-0.123125
-0.2625
-0.354375
-0.4
-0.390625
-0.35
-0.2625
-0.18
-0.1325
-0.045625
-0.00875
0.094375
0.23375
0.269375
0.368125
0.305625
0.2125
0.208125
0.166875
0.279375
0.320625
0.273125
0.211875
0.0425
0.006875
0.0075
0.001875
0.05875
0.003125
0.056875
0.095625
0.1825
0.313125
0.313125
0.313125
0.313125
