0.491875
0.491875
0.491875
0.491875
0.52875
0.558125
0.565625
0.563125
0.551875
0.541875
0.549375
0.556875
0.554375
0.530625
0.525
0.51375
0.51875
0.540625
0.555625
0.581875
0.575625
0.5825
0.550625
0.518125
0.515625
0.48125
0.484375
0.4775
0.48125
0.504375
0.5075
0.514375
0.489375
0.47
0.47875
0.50625
0.559375
0.59125
0.6025
0.57
0.531875
0.52375
0.51
0.496875
0.463125
0.37875
0.295
0.2725
0.2825
0.3625
0.455625
0.51625
0.5625
0.57625
0.59
0.59625
0.584375
0.555
0.53625
0.5175
0.529375
0.57125
0.579375
0.600625
0.593125
0.5725
0.559375
0.539375
0.525625
0.51875
0.545625
0.5725
0.63125
0.654375
0.64125
0.609375
0.53625
0.49375
0.451875
0.449375
0.46625
0.480625
0.51875
0.518125
0.515625
0.519375
0.51625
0.529375
0.55375
0.555625
0.551875
0.555
0.54125
0.55625
0.58
0.5825
0.583125
0.551875
0.4825
0.445625
0.418125
0.42625
0.478125
0.51
0.54
0.55375
0.521875
0.499375
0.486875
0.464375
0.5125
0.529375
0.541875
0.56875
0.5525
0.56
0.55625
0.5375
0.524375
0.52125
0.51375
0.499375
0.48
0.434375
0.4225
0.444375
0.47875
0.536875
0.5475
0.54
0.513125
0.4775
0.481875
0.48625
0.495625
0.50625
0.494375
0.48375
0.48875
0.505
0.5275
0.553125
0.56875
0.571875
0.556875
0.5375
0.508125
0.48
0.485625
0.503125
0.53
0.570625
0.599375
0.59
0.581875
0.5375
0.489375
0.47375
0.4675
0.480625
0.474375
0.461875
0.4675
0.4775
0.529375
0.579375
0.53875
0.473125
0.34625
0.22125
0.190625
0.2225
0.3275
0.436875
0.516875
0.555
0.56
0.578125
0.59375
0.60125
0.594375
0.55875
0.51875
0.504375
0.505
0.511875
0.535625
0.538125
0.553125
0.56
0.541875
0.550625
0.538125
0.55625
0.599375
0.593125
0.59625
0.57625
0.54125
0.536875
0.53
0.536875
0.541875
0.5575
0.563125
0.558125
0.5575
0.571875
0.614375
0.66
0.7
0.7025
0.684375
0.659375
0.64
0.60375
0.56875
0.54625
0.518125
0.53375
0.554375
0.570625
0.584375
0.576875
0.539375
0.498125
0.49125
0.478125
0.509375
0.53375
0.52375
0.5525
0.546875
0.55375
0.56875
0.52875
0.525625
0.51875
0.518125
0.583125
0.606875
0.61125
0.603125
0.51875
0.47125
0.426875
0.39
0.4075
0.4225
0.478125
0.53125
0.563125
0.555625
0.538125
0.523125
0.509375
0.546875
0.571875
0.608125
0.651875
0.645625
0.613125
0.52
0.413125
0.33125
0.291875
0.34875
0.424375
0.523125
0.60375
0.6225
0.63875
0.62375
0.60875
0.596875
0.580625
0.565625
0.57875
0.613125
0.641875
0.6825
0.656875
0.620625
0.571875
0.518125
0.478125
0.44375
0.433125
0.399375
0.414375
0.435625
0.449375
0.515625
0.573125
0.59125
0.60375
0.59
0.54625
0.545625
0.55
0.52875
0.49625
0.431875
0.383125
0.360625
0.4025
0.475625
0.535
0.594375
0.610625
0.613125
0.60625
0.581875
0.561875
0.535
0.51875
0.5325
0.56
0.593125
0.631875
0.646875
0.648125
0.615
0.566875
0.50625
0.42
0.410625
0.408125
0.47125
0.57625
0.628125
0.67625
0.65625
0.599375
0.56125
0.5375
0.51125
0.519375
0.50375
0.460625
0.449375
0.444375
0.47875
0.55625
0.643125
0.70625
0.729375
0.713125
0.679375
0.64
0.60125
0.57125
0.5375
0.513125
0.526875
0.5425
0.56125
0.58
0.5675
0.568125
0.57
0.571875
0.600625
0.615
0.620625
0.62625
0.5975
0.558125
0.5375
0.478125
0.45125
0.43875
0.39875
0.44
0.446875
0.4775
0.525625
0.5275
0.543125
0.526875
0.5325
0.5375
0.555625
0.5775
0.563125
0.543125
0.515625
0.50875
0.515
0.525
0.521875
0.490625
0.476875
0.49375
0.54125
0.585
0.62
0.6225
0.598125
0.605
0.596875
0.5925
0.624375
0.62625
0.629375
0.64125
0.596875
0.581875
0.573125
0.564375
0.588125
0.581875
0.58
0.570625
0.518125
0.47125
0.416875
0.364375
0.385
0.424375
0.455625
0.489375
0.495
0.5
0.51625
0.52
0.515625
0.498125
0.508125
0.5475
0.58875
0.604375
0.565
0.499375
0.435
0.42625
0.463125
0.498125
0.530625
0.54625
0.54375
0.56125
0.589375
0.59875
0.59125
0.58
0.545625
0.52125
0.5225
0.5175
0.52625
0.526875
0.53625
0.5475
0.55875
0.591875
0.58
0.5475
0.50625
0.445625
0.4125
0.42625
0.461875
0.514375
0.578125
0.600625
0.61125
0.6175
0.62875
0.655
0.675625
0.685625
0.661875
0.63625
0.618125
0.58125
0.551875
0.5225
0.499375
0.525
0.560625
0.598125
0.616875
0.59125
0.58125
0.56125
0.550625
0.551875
0.521875
0.5
0.47125
0.47875
0.511875
0.5425
0.58
0.579375
0.575
0.593125
0.619375
0.65625
0.6625
0.62875
0.589375
0.529375
0.51625
0.523125
0.515
0.539375
0.543125
0.539375
0.5525
0.548125
0.535625
0.530625
0.52125
0.515
0.50625
0.5075
0.49875
0.494375
0.505
0.50125
0.5075
0.5175
0.5075
0.50625
0.52125
0.528125
0.546875
0.566875
0.578125
0.593125
0.618125
0.621875
0.57
0.510625
0.41875
0.35875
0.389375
0.41625
0.491875
0.55875
0.583125
0.60875
0.628125
0.62375
0.61125
0.61125
0.58625
0.58625
0.608125
0.635
0.66875
0.693125
0.69
0.6625
0.635
0.60375
0.5925
0.59
0.5925
0.599375
0.61125
0.631875
0.645625
0.648125
0.6175
0.568125
0.51625
0.48125
0.47375
0.47875
0.47625
0.47375
0.465625
0.46125
0.4625
0.446875
0.425625
0.378125
0.34625
0.32375
0.3025
0.34
0.385
0.4575
0.544375
0.586875
0.6125
0.603125
0.590625
0.588125
0.559375
0.53125
0.478125
0.400625
0.3575
0.315625
0.303125
0.333125
0.354375
0.4125
0.46375
0.503125
0.545
0.535625
0.520625
0.515625
0.50875
0.51
0.505625
0.4925
0.478125
0.5
0.496875
0.46375
0.44625
0.401875
0.4075
0.444375
0.428125
0.41625
0.406875
0.354375
0.403125
0.451875
0.44125
0.48125
0.42625
0.379375
0.43375
0.48125
0.566875
0.644375
0.62125
0.58875
0.515
0.42875
0.380625
0.323125
0.34125
0.3825
0.441875
0.535
0.58375
0.62125
0.64625
0.630625
0.62375
0.61625
0.589375
0.58875
0.54375
0.485625
0.446875
0.4025
0.440625
0.493125
0.5
0.46375
0.390625
0.3175
0.323125
0.40625
0.4675
0.504375
0.515625
0.48125
0.465625
0.50625
0.5225
0.548125
0.575625
0.57375
0.566875
0.563125
0.55875
0.5575
0.59625
0.63
0.64125
0.645625
0.6025
0.560625
0.55625
0.556875
0.5925
0.618125
0.6125
0.599375
0.56375
0.540625
0.5225
0.50375
0.495625
0.47875
0.463125
0.451875
0.4575
0.473125
0.504375
0.525625
0.5425
0.5525
0.568125
0.595
0.61
0.611875
0.581875
0.525
0.468125
0.449375
0.459375
0.535
0.590625
0.590625
0.543125
0.458125
0.40125
0.39
0.414375
0.418125
0.40375
0.39375
0.435625
0.51
0.594375
0.62875
0.589375
0.559375
0.5475
0.591875
0.6625
0.695
0.685
0.61
0.544375
0.493125
0.46625
0.5225
0.56875
0.589375
0.610625
0.585625
0.539375
0.530625
0.536875
0.531875
0.544375
0.545
0.52875
0.54625
0.5475
0.514375
0.48625
0.4375
0.4225
0.4675
0.505
0.528125
0.53875
0.521875
0.5
0.518125
0.53875
0.585625
0.659375
0.695625
0.700625
0.649375
0.56625
0.496875
0.469375
0.509375
0.553125
0.585
0.59875
0.549375
0.51125
0.486875
0.455625
0.4275
0.404375
0.39375
0.393125
0.45125
0.495
0.524375
0.53625
0.50375
0.48125
0.455625
0.46
0.49
0.535
0.5875
0.6025
0.5975
0.555625
0.505
0.4925
0.4875
0.498125
0.4775
0.430625
0.381875
0.34375
0.38125
0.43875
0.4975
0.541875
0.540625
0.525
0.503125
0.52125
0.535
0.563125
0.588125
0.55875
0.53875
0.486875
0.4525
0.439375
0.4375
0.439375
0.426875
0.439375
0.45875
0.530625
0.603125
0.6425
0.6525
0.62375
0.598125
0.573125
0.53625
0.498125
0.448125
0.425
0.44375
0.468125
0.505
0.50125
0.475
0.44875
0.449375
0.4825
0.51375
0.5725
0.551875
0.525625
0.5175
0.46875
0.471875
0.453125
0.416875
0.39375
0.395
0.415625
0.434375
0.45
0.433125
0.441875
0.465625
0.49125
0.5325
0.53
0.53
0.535625
0.54875
0.55875
0.570625
0.57375
0.5575
0.58
0.563125
0.555
0.56875
0.563125
0.5925
0.619375
0.60125
0.565625
0.530625
0.4875
0.479375
0.51125
0.5375
0.535625
0.534375
0.49375
0.44875
0.46375
0.469375
0.52
0.531875
0.516875
0.49875
0.439375
0.459375
0.490625
0.531875
0.5775
0.5775
0.56875
0.54
0.538125
0.55375
0.568125
0.611875
0.605625
0.580625
0.554375
0.5125
0.525
0.563125
0.584375
0.5825
0.559375
0.5025
0.495625
0.535
0.56875
0.63125
0.661875
0.666875
0.670625
0.661875
0.640625
0.6225
0.604375
0.568125
0.53875
0.514375
0.53375
0.54125
0.5725
0.598125
0.585625
0.635
0.65875
0.6675
0.639375
0.573125
0.505625
0.46375
0.471875
0.4925
0.538125
0.5875
0.619375
0.613125
0.594375
0.55375
0.50875
0.538125
0.56
0.58875
0.630625
0.62625
0.6075
0.59125
0.57625
0.550625
0.543125
0.535
0.52625
0.5375
0.543125
0.541875
0.520625
0.511875
0.500625
0.509375
0.543125
0.540625
0.578125
0.578125
0.54875
0.555625
0.525
0.525625
0.57
0.590625
0.613125
0.62625
0.6225
0.60625
0.59375
0.5775
0.54
0.530625
0.530625
0.541875
0.566875
0.5775
0.554375
0.53
0.49375
0.4725
0.475625
0.480625
0.5175
0.5375
0.53375
0.521875
0.488125
0.466875
0.51
0.551875
0.5975
0.620625
0.586875
0.55625
0.506875
0.48375
0.486875
0.49
0.51
0.51
0.49125
0.48875
0.4925
0.520625
0.55625
0.558125
0.538125
0.516875
0.513125
0.516875
0.544375
0.523125
0.479375
0.46125
0.449375
0.49125
0.535
0.563125
0.580625
0.58
0.578125
0.584375
0.584375
0.598125
0.64125
0.66
0.666875
0.611875
0.52375
0.46
0.409375
0.429375
0.454375
0.47
0.494375
0.50375
0.505625
0.5
0.495625
0.4925
0.54125
0.604375
0.648125
0.683125
0.654375
0.624375
0.599375
0.558125
0.525625
0.484375
0.440625
0.425
0.435
0.438125
0.456875
0.46125
0.459375
0.47875
0.505625
0.53875
0.57125
0.598125
0.611875
0.62625
0.636875
0.62875
0.61375
0.594375
0.556875
0.545
0.526875
0.509375
0.52625
0.530625
0.57375
0.62375
0.64125
0.641875
0.563125
0.453125
0.375
0.29875
0.31
0.359375
0.391875
0.440625
0.448125
0.4425
0.42375
0.435
0.44625
0.45875
0.485
0.485625
0.499375
0.5025
0.516875
0.50875
0.501875
0.51125
0.518125
0.569375
0.605625
0.59125
0.52625
0.433125
0.34375
0.3375
0.408125
0.464375
0.515
0.508125
0.466875
0.46
0.45375
0.46625
0.468125
0.448125
0.461875
0.464375
0.479375
0.49125
0.473125
0.49625
0.534375
0.5475
0.541875
0.45625
0.345625
0.315
0.315
0.401875
0.494375
0.506875
0.486875
0.428125
0.37
0.3675
0.44125
0.510625
0.551875
0.529375
0.403125
0.246875
0.145
0.115
0.136875
0.216875
0.248125
0.231875
0.24
0.2325
0.29
0.38125
0.42375
0.460625
0.41625
0.3675
0.385625
0.396875
0.4875
0.541875
0.51125
0.47875
0.403125
0.35625
0.38625
0.433125
0.48875
0.530625
0.555625
0.58375
0.56875
0.576875
0.56375
0.540625
0.588125
0.611875
0.6075
0.595625
0.568125
0.535
0.551875
0.5725
0.52875
0.505
0.42875
0.3525
0.324375
0.328125
0.400625
0.456875
0.565
0.615
0.628125
0.655625
0.618125
0.598125
0.596875
0.593125
0.56375
0.526875
0.464375
0.419375
0.4475
0.479375
0.524375
0.5575
0.561875
0.566875
0.565625
0.575
0.555
0.540625
0.505
0.43
0.386875
0.368125
0.39125
0.44125
0.490625
0.503125
0.495
0.498125
0.461875
0.446875
0.4025
0.365
0.39125
0.394375
0.46125
0.4825
0.46375
0.435
0.3425
0.3025
0.28125
0.323125
0.42875
0.504375
0.535
0.530625
0.47875
0.4325
0.444375
0.4525
0.495625
0.536875
0.55625
0.575625
0.56375
0.54875
0.54875
0.5225
0.514375
0.491875
0.441875
0.4425
0.44125
0.46875
0.509375
0.50125
0.470625
0.439375
0.403125
0.375
0.384375
0.389375
0.38125
0.43
0.4625
0.481875
0.535
0.506875
0.4725
0.4575
0.430625
0.444375
0.46
0.46
0.413125
0.406875
0.41
0.430625
0.5175
0.5475
0.5625
0.55125
0.505
0.450625
0.41
0.365
0.343125
0.38
0.3675
0.3925
0.408125
0.385
0.404375
0.403125
0.41125
0.441875
0.524375
0.57375
0.595625
0.585625
0.5125
0.5125
0.491875
0.480625
0.480625
0.42875
0.4275
0.425
0.398125
0.35875
0.316875
0.28
0.29
0.341875
0.374375
0.38375
0.35625
0.29625
0.2575
0.2425
0.24125
0.29625
0.338125
0.431875
0.5425
0.611875
0.63625
0.573125
0.48375
0.380625
0.35875
0.38
0.38125
0.398125
0.3375
0.288125
0.293125
0.273125
0.321875
0.309375
0.248125
0.25
0.191875
0.215
0.2625
0.275
0.36
0.39125
0.456875
0.500625
0.48375
0.474375
0.43875
0.439375
0.47625
0.520625
0.530625
0.504375
0.4175
0.35
0.335
0.31375
0.35125
0.37625
0.37125
0.390625
0.3775
0.3575
0.3025
0.26375
0.28375
0.309375
0.421875
0.544375
0.624375
0.693125
0.7
0.680625
0.643125
0.585
0.54875
0.5125
0.47
0.48
0.481875
0.44125
0.425
0.34
0.255
0.236875
0.253125
0.311875
0.368125
0.4275
0.460625
0.53375
0.60125
0.589375
0.543125
0.433125
0.339375
0.33625
0.381875
0.45125
0.506875
0.525
0.53
0.55875
0.5825
0.595
0.55
0.48375
0.43875
0.37375
0.356875
0.335
0.30375
0.3425
0.429375
0.5175
0.56875
0.575625
0.52875
0.486875
0.480625
0.443125
0.36875
0.26625
0.188125
0.188125
0.26625
0.3825
0.47375
0.514375
0.48375
0.431875
0.386875
0.355625
0.39875
0.465
0.5375
0.564375
0.545625
0.47125
0.380625
0.354375
0.303125
0.32625
0.338125
0.325625
0.36125
0.3625
0.39375
0.439375
0.478125
0.518125
0.520625
0.47
0.41875
0.3625
0.336875
0.35
0.35875
0.37125
0.386875
0.4425
0.479375
0.51
0.52375
0.49625
0.4825
0.48125
0.49
0.509375
0.545625
0.568125
0.5875
0.58375
0.548125
0.525625
0.50875
0.51375
0.5525
0.595625
0.619375
0.63125
0.625
0.61125
0.6425
0.673125
0.696875
0.699375
0.630625
0.571875
0.523125
0.49375
0.51375
0.530625
0.5375
0.55375
0.565
0.53125
0.524375
0.473125
0.4
0.393125
0.338125
0.34125
0.336875
0.30875
0.309375
0.305
0.348125
0.391875
0.410625
0.410625
0.363125
0.290625
0.266875
0.2325
0.24625
0.308125
0.36375
0.398125
0.38375
0.37
0.325625
0.353125
0.430625
0.498125
0.58875
0.62375
0.641875
0.6175
0.57625
0.56625
0.54875
0.550625
0.56
0.561875
0.5625
0.580625
0.59625
0.6075
0.6175
0.614375
0.616875
0.60625
0.588125
0.56875
0.545
0.518125
0.51
0.5075
0.500625
0.5
0.48375
0.46875
0.46625
0.480625
0.50625
0.539375
0.551875
0.555
0.54125
0.524375
0.525625
0.508125
0.4775
0.40125
0.28375
0.208125
0.19125
0.244375
0.3575
0.428125
0.4725
0.50875
0.52625
0.58
0.63125
0.65125
0.67
0.658125
0.626875
0.5625
0.459375
0.37875
0.325625
0.315
0.373125
0.38125
0.3275
0.308125
0.254375
0.275
0.369375
0.41875
0.468125
0.483125
0.470625
0.48375
0.496875
0.491875
0.50375
0.478125
0.44375
0.4275
0.391875
0.3925
0.401875
0.43375
0.47125
0.513125
0.569375
0.59875
0.6075
0.55
0.478125
0.415
0.355
0.385625
0.40625
0.408125
0.42625
0.359375
0.315
0.299375
0.3225
0.404375
0.465625
0.47375
0.443125
0.414375
0.38375
0.391875
0.395625
0.3825
0.37875
0.399375
0.43
0.42375
0.394375
0.31625
0.216875
0.19375
0.24625
0.3475
0.48
0.53125
0.504375
0.460625
0.40125
0.445
0.52375
0.601875
0.68
0.649375
0.6
0.5475
0.4975
0.49375
0.499375
0.483125
0.44
0.4125
0.361875
0.336875
0.356875
0.329375
0.3775
0.418125
0.42375
0.46125
0.395
0.32125
0.2375
0.1775
0.199375
0.204375
0.23375
0.258125
0.23875
0.24375
0.2875
0.318125
0.38875
0.498125
0.5725
0.609375
0.60125
0.558125
0.4925
0.4825
0.50625
0.515625
0.5625
0.58125
0.54625
0.52875
0.47375
0.3875
0.364375
0.33
0.325
0.385625
0.431875
0.49625
0.55
0.578125
0.59625
0.586875
0.5675
0.509375
0.45125
0.396875
0.36375
0.400625
0.455
0.530625
0.559375
0.546875
0.496875
0.4
0.370625
0.346875
0.31125
0.335625
0.348125
0.373125
0.46
0.528125
0.563125
0.5775
0.56625
0.55375
0.55
0.568125
0.59
0.573125
0.54875
0.496875
0.43
0.433125
0.47375
0.528125
0.588125
0.576875
0.534375
0.483125
0.433125
0.443125
0.45625
0.495
0.521875
0.540625
0.5575
0.539375
0.553125
0.535625
0.510625
0.51375
0.470625
0.459375
0.470625
0.471875
0.521875
0.52875
0.529375
0.53
0.50375
0.4875
0.46375
0.44
0.44875
0.521875
0.57875
0.635625
0.63625
0.575
0.55125
0.5275
0.4975
0.49875
0.49
0.463125
0.509375
0.48625
0.435
0.401875
0.323125
0.330625
0.37
0.423125
0.485625
0.519375
0.549375
0.535625
0.515
0.484375
0.4275
0.439375
0.465625
0.460625
0.449375
0.40125
0.3375
0.3575
0.4425
0.485
0.49875
0.451875
0.349375
0.33
0.369375
0.42625
0.506875
0.538125
0.536875
0.514375
0.484375
0.47375
0.489375
0.53125
0.570625
0.588125
0.569375
0.558125
0.548125
0.556875
0.591875
0.6
0.5975
0.561875
0.525625
0.49875
0.4975
0.495625
0.454375
0.395
0.3
0.229375
0.206875
0.21875
0.275625
0.37125
0.474375
0.55625
0.605625
0.6175
0.581875
0.55
0.52625
0.495625
0.4725
0.45875
0.445
0.436875
0.485
0.514375
0.54125
0.574375
0.5275
0.499375
0.46
0.408125
0.448125
0.48
0.541875
0.615625
0.61
0.594375
0.568125
0.49625
0.4275
0.379375
0.285625
0.261875
0.2625
0.211875
0.20125
0.16625
0.17375
0.261875
0.390625
0.51875
0.59625
0.628125
0.604375
0.535
0.46375
0.398125
0.34625
0.37375
0.429375
0.48625
0.544375
0.559375
0.538125
0.511875
0.495625
0.48375
0.5
0.52
0.53
0.521875
0.50125
0.4875
0.49125
0.53125
0.59375
0.649375
0.67625
0.67625
0.67625
0.67625
