1.2079375
1.2079375
1.2079375
1.2079375
1.2010625
1.2153125
1.1783125
1.118375
1.095125
1.0348125
1.000125
0.97875
0.953875
0.955875
0.93875
0.9270625
0.937625
0.91875
0.918125
0.9375
0.9115625
0.904125
0.9186875
0.8986875
0.9351875
0.9940625
1.007625
1.052625
1.0486875
1.007125
0.99825
0.9510625
0.9135
0.8864375
0.8654375
0.885
0.930875
0.9904375
1.034125
1.061
1.0556875
1.033375
1.0148125
0.976375
0.95775
0.9705
0.9573125
0.956125
0.9725
0.9465625
0.9688125
0.9983125
0.978125
0.987875
0.950625
0.9084375
0.9138125
0.912125
0.9416875
1.0044375
1.032625
1.042375
1.0618125
1.021375
0.9900625
0.9920625
0.9560625
0.952375
0.958875
0.931
0.91975
0.9336875
0.93575
0.9690625
0.9996875
0.9751875
0.9578125
0.9060625
0.8839375
0.8948125
0.905
0.9485
0.9711875
0.9911875
1.0360625
1.04725
1.0275
1.0129375
0.95825
0.9418125
0.9576875
0.9486875
0.969125
0.978
0.9935
1.0315
1.0615
1.0653125
1.03925
1.0110625
0.9731875
0.945
0.9376875
0.9241875
0.911
0.9343125
0.952875
0.98875
1.012375
0.9995625
0.99625
0.9669375
0.9779375
0.9845625
0.97625
0.998375
0.972125
0.9736875
0.987
0.95375
0.968875
0.9494375
0.9228125
0.92375
0.88175
0.8839375
0.8969375
0.9555625
1.048625
1.1094375
1.155125
1.1071875
1.021625
0.9334375
0.8775
0.8930625
0.9555625
1.0689375
1.1564375
1.2235
1.239
1.187375
1.1369375
1.0674375
1.0544375
1.073875
1.0945
1.1440625
1.1584375
1.1423125
1.1238125
1.07125
1.0291875
1.0290625
1.0365625
1.0851875
1.1095625
1.1231875
1.1228125
1.087875
1.0795
1.05875
1.0711875
1.0896875
1.0845
1.067
1.0024375
0.9494375
0.91175
0.9149375
0.9205625
0.943125
0.994875
1.009
1.055625
1.067
1.027875
1.0078125
0.9531875
0.9066875
0.876875
0.843625
0.83925
0.8435625
0.8694375
0.906
0.9269375
0.9463125
0.9334375
0.9095
0.9043125
0.905375
0.950125
0.9834375
0.994875
1.0133125
0.99775
0.994
1.031125
1.0524375
1.086625
1.157125
1.1976875
1.25225
1.278
1.2214375
1.164875
1.0854375
1.05075
1.085875
1.090375
1.09875
1.0783125
1.0184375
0.99225
0.9626875
0.9640625
0.9769375
0.98675
1.0075
0.9550625
0.92875
0.9024375
0.9008125
0.9785
1.022375
1.0885625
1.1166875
1.106625
1.1004375
1.04725
0.999375
0.9399375
0.880375
0.8533125
0.857625
0.8963125
0.9629375
1.0139375
1.0150625
0.9848125
0.9343125
0.8909375
0.9006875
0.954125
0.995375
1.038
1.0485625
1.025125
1.004125
1.012375
1.0074375
1.010125
1.028125
0.9878125
0.9823125
0.961875
0.931125
0.957125
0.955625
0.9640625
1.022875
1.071375
1.172125
1.2919375
1.3405
1.3343125
1.2639375
1.1559375
1.0991875
1.075375
1.061125
1.076375
1.0289375
0.9809375
0.9435625
0.913
0.9109375
0.91775
0.9498125
0.9544375
0.98875
1.0178125
1.0019375
1.0219375
0.9973125
0.9695
0.960625
0.929375
0.9291875
0.9311875
0.9523125
0.967
0.9665625
0.968625
0.9475
0.9328125
0.93325
0.9298125
0.927
0.9006875
0.8803125
0.8871875
0.9005
0.96725
1.0018125
1.013375
1.053375
1.0634375
1.10075
1.1145625
1.1008125
1.0684375
1.0189375
0.99175
0.9611875
0.9859375
1.0415625
1.12475
1.1840625
1.1665
1.11325
1.0025
0.9431875
0.9195
0.945875
1.00975
1.036875
1.0653125
1.0314375
0.9856875
0.9439375
0.9239375
0.9256875
0.9363125
0.9796875
0.9931875
0.9953125
0.9874375
0.9511875
0.9215625
0.9039375
0.892625
0.866375
0.864875
0.8931875
0.9473125
1.0205625
1.0749375
1.0761875
1.032125
0.9848125
0.936375
0.938
0.9545
1.0041875
1.0569375
1.0698125
1.0999375
1.0725625
1.0179375
0.9758125
0.9256875
0.9218125
0.9506875
0.9915
1.0080625
0.9926875
0.9601875
0.9115625
0.89625
0.8941875
0.90925
0.9315
0.9415
0.9460625
0.9389375
0.938125
0.9103125
0.8879375
0.860875
0.8429375
0.879625
0.943875
1.0344375
1.0904375
1.085875
1.044875
0.9746875
0.922125
0.9274375
0.9685625
1.011875
1.0760625
1.0888125
1.0344375
0.9885625
0.930375
0.9239375
0.9798125
1.0473125
1.09175
1.0858125
1.039125
0.977
0.9263125
0.8945625
0.8725
0.8736875
0.907875
0.9459375
1.0205
1.056625
1.03525
1.0121875
0.9429375
0.8956875
0.8859375
0.8986875
0.91875
0.9499375
0.988375
1.006
1.0373125
1.037625
1.0116875
0.9746875
0.9405
0.9259375
0.915125
0.925125
0.970375
1.009875
1.06475
1.0888125
1.026
0.96575
0.90925
0.900375
0.9435
0.9831875
0.9914375
0.97125
0.9459375
0.9459375
0.962875
0.964125
0.95975
0.9108125
0.865625
0.854375
0.856875
0.9075
0.987375
1.0266875
1.0764375
1.0761875
1.023625
1.025875
0.98675
0.981625
0.992875
0.942875
0.907
0.859375
0.82375
0.82725
0.8620625
0.9141875
0.9520625
0.9814375
0.9731875
0.9273125
0.8975
0.86225
0.856125
0.8984375
0.9281875
0.9795
1.0185625
1.0299375
1.0660625
1.0899375
1.113375
1.11675
1.100125
1.0783125
1.0280625
1.0225625
1.02125
1.0073125
1.044625
1.0595625
1.04375
1.0558125
1.0178125
0.965
0.945875
0.8993125
0.8811875
0.869625
0.851625
0.8419375
0.8503125
0.8691875
0.8828125
0.91775
0.915625
0.9129375
0.9115625
0.8979375
0.8926875
0.904875
0.9438125
0.9830625
1.077875
1.1535625
1.2121875
1.251375
1.21925
1.1663125
1.08025
1.00525
0.93125
0.8874375
0.8894375
0.9150625
1.008625
1.0896875
1.15275
1.1921875
1.140375
1.1049375
1.0441875
0.972375
0.9918125
0.9801875
0.9934375
1.0371875
1.0096875
1.019125
1.05025
1.0453125
1.0451875
1.002875
0.915125
0.8481875
0.8304375
0.84425
0.8841875
0.9249375
0.9149375
0.8879375
0.85875
0.8529375
0.86125
0.881125
0.9234375
0.937375
0.967375
1.0104375
1.0301875
1.03175
1.041875
1.0189375
0.980375
0.9641875
0.9380625
0.952
0.9781875
1.00675
1.0005
0.9944375
0.9874375
0.9941875
1.0355625
1.0266875
1.026
0.9930625
0.9493125
0.9114375
0.8810625
0.8868125
0.9204375
0.9766875
1.004625
1.001125
0.9555625
0.90925
0.879875
0.853375
0.8601875
0.890375
0.9489375
1.038375
1.114375
1.162
1.150625
1.0938125
1.035875
0.9863125
0.9751875
1.0066875
1.025625
1.021625
1.02925
0.995625
0.9901875
1.0180625
1.0031875
1.0406875
1.0473125
1.0355
1.046125
0.99775
0.9533125
0.89425
0.833
0.806375
0.7910625
0.81275
0.8861875
0.972125
1.0604375
1.1133125
1.0688125
1.0000625
0.9289375
0.8755625
0.8825
0.8754375
0.873125
0.8886875
0.9051875
0.9661875
1.0388125
1.083
1.1176875
1.102375
1.0495625
1.0186875
0.9766875
0.9880625
1.01975
1.0235625
1.0649375
1.0555625
1.0525625
1.0759375
1.0241875
1.0119375
0.9948125
0.9731875
1.0428125
1.0699375
1.087875
1.096
1.0214375
1.002875
1.017
1.0160625
1.0659375
1.077625
1.060125
1.0613125
1.04875
1.0291875
0.996125
0.985375
0.9515
0.942875
0.9520625
0.9408125
0.9776875
1.0100625
1.05475
1.0788125
1.0736875
1.0409375
0.9871875
0.9436875
0.882
0.8595625
0.85275
0.8775
0.9493125
0.9931875
1.02625
1.0248125
0.9975
0.969375
0.9649375
0.9603125
0.9409375
0.9434375
0.91225
0.91575
0.9354375
0.98125
1.041625
1.0789375
1.1195
1.0828125
1.046125
1.017
0.980875
1.0018125
1.0220625
1.012375
0.9976875
0.968
0.9584375
1.0116875
1.074125
1.1156875
1.113625
1.0255
0.947625
0.9046875
0.8835625
0.9089375
0.92025
0.8999375
0.8835625
0.889625
0.8925625
0.92575
0.9805
0.98775
1.0220625
1.0418125
1.0213125
1.025
1.0120625
1.0066875
1.010875
1.02025
1.0004375
0.9424375
0.9166875
0.8775
0.8695625
0.9000625
0.905875
0.920625
0.9284375
0.9245625
0.9038125
0.9070625
0.927375
0.97825
1.062875
1.1059375
1.1115
1.06825
0.9858125
0.9348125
0.9135
0.9143125
0.942875
0.9458125
0.951625
0.9511875
0.939875
0.939625
0.932125
0.9293125
0.9530625
0.967875
0.95975
0.9755625
0.94675
0.9510625
0.99625
1.0045
1.0355625
1.0174375
0.99525
0.991125
1.006875
1.053875
1.046125
1.0235625
0.9656875
0.9050625
0.8730625
0.8599375
0.8629375
0.8504375
0.8638125
0.863625
0.8795625
0.9305625
0.9450625
0.966375
0.9754375
0.9614375
0.986125
1.0181875
1.031125
1.021
0.97175
0.926125
0.911
0.9309375
0.97
0.978125
0.951
0.899875
0.847875
0.85975
0.896375
0.9641875
1.052875
1.075375
1.093125
1.0755625
1.0234375
0.9661875
0.9089375
0.8678125
0.86
0.8998125
0.934875
0.988625
1.0205625
1.0369375
1.055
1.0365625
0.9976875
0.92675
0.8666875
0.829
0.814125
0.8481875
0.87825
0.920625
0.964375
0.9899375
1.0023125
0.98025
0.9688125
0.949
0.937
0.9378125
0.916
0.876
0.8408125
0.8345625
0.8505625
0.8913125
0.9279375
0.9209375
0.9155625
0.913
0.9113125
0.92975
0.9114375
0.8875
0.8725
0.8483125
0.849
0.84625
0.825625
0.8376875
0.848375
0.8675
0.8955625
0.8994375
0.9070625
0.910125
0.9355
0.940625
0.9435625
0.9410625
0.8939375
0.8661875
0.833625
0.8056875
0.8009375
0.7979375
0.8019375
0.82625
0.8688125
0.9105
0.9545625
0.969
0.9443125
0.9241875
0.8931875
0.88375
0.90325
0.91275
0.93625
0.9275
0.905625
0.91675
0.91075
0.9486875
0.9860625
0.9691875
0.96175
0.908875
0.86075
0.835375
0.809125
0.810375
0.831625
0.859875
0.9114375
0.95025
0.9490625
0.9648125
0.95725
0.9871875
1.03475
1.0423125
1.031125
0.986625
0.946875
0.947125
0.957625
0.9465
0.9516875
0.9220625
0.9094375
0.922625
0.9031875
0.939
0.96175
0.9836875
1.039
1.0134375
0.99675
0.9776875
0.91975
0.9181875
0.95275
1.01075
1.092
1.160375
1.17025
1.186
1.2135625
1.218625
1.2341875
1.195875
1.11775
1.05125
0.9699375
0.8938125
0.8660625
0.87675
0.936375
1.0255625
1.0655625
1.047375
0.983875
0.90475
0.848375
0.8243125
0.835875
0.8583125
0.883
0.90675
0.913625
0.9335625
0.9765625
1.004125
1.0305
1.024625
0.974875
0.94525
0.901125
0.874
0.8739375
0.8810625
0.903875
0.9258125
0.9415
0.9258125
0.910125
0.9391875
0.968
1.0125
1.05675
1.030625
1.02375
1.0314375
1.0541875
1.110125
1.1504375
1.174875
1.1868125
1.163625
1.1295
1.1021875
1.055
1.040125
1.021375
0.9929375
1.0229375
1.0634375
1.1268125
1.1955
1.20525
1.17975
1.1228125
1.0490625
0.9858125
0.970125
0.979875
1.021
1.072
1.087875
1.0905
1.05325
1.011375
0.9570625
0.9585625
0.98425
0.99225
1.02025
0.97575
0.9543125
0.9770625
1.0198125
1.062875
1.0904375
1.089625
1.0675
1.0735
1.0719375
1.0521875
1.042625
1.04825
1.0719375
1.1255625
1.1669375
1.1691875
1.1163125
1.0706875
1.049875
1.07325
1.1243125
1.1616875
1.153125
1.12375
1.10375
1.077625
1.074875
1.065375
1.062125
1.0525
1.0209375
0.9694375
0.9116875
0.8581875
0.83625
0.882375
0.94175
1.00825
1.083125
1.0951875
1.0964375
1.1200625
1.150125
1.1683125
1.181625
1.1725625
1.09975
1.0561875
1.0205625
0.9649375
0.95
0.9844375
0.997375
1.02725
1.056875
1.0121875
1.0209375
1.0405625
1.05475
1.08
1.0269375
0.9813125
0.942
0.9574375
1.0175625
1.0880625
1.1615625
1.194875
1.2358125
1.2278125
1.216375
1.1640625
1.1045
1.0670625
1.045125
1.0793125
1.105125
1.111875
1.1015625
1.0641875
1.008625
0.9733125
0.9466875
0.9436875
0.964625
1.0046875
1.05525
1.071625
1.10725
1.149375
1.1734375
1.219875
1.223125
1.1793125
1.089875
1.008
0.972
0.938
0.949625
0.9454375
0.901375
0.8689375
0.8334375
0.82925
0.841875
0.8739375
0.9175625
0.9270625
0.9585
0.970625
0.9899375
1.057
1.0795625
1.1289375
1.157625
1.104
1.094625
1.0515625
1.0185
1.0286875
1.0091875
1.0149375
1.022125
1.0316875
1.03425
1.01
0.97175
0.9444375
0.9316875
0.943625
0.9483125
0.9389375
0.924125
0.8969375
0.88025
0.86125
0.8688125
0.8965625
0.9331875
0.9721875
0.99125
0.995125
1.009
1.0565625
1.080625
1.1035
1.1118125
1.0619375
1.0313125
0.9995
0.9453125
0.9186875
0.897375
0.87725
0.9275
0.99775
1.072
1.126
1.132
1.1034375
1.1088125
1.1311875
1.13025
1.1393125
1.07075
1.0086875
0.967625
0.95025
0.962125
0.986
1.0121875
0.996875
1.00975
1.01125
0.9981875
1.029875
1.02075
0.9929375
0.9984375
0.96075
0.9446875
0.93825
0.8858125
0.8519375
0.8226875
0.8040625
0.83575
0.870375
0.91525
0.96925
0.9963125
1.0450625
1.077
1.1019375
1.1388125
1.1494375
1.1388125
1.0985
1.031375
0.949625
0.912625
0.8915
0.889125
0.9351875
0.943625
0.9560625
0.985375
0.9771875
0.9880625
1.005125
1.028625
1.045125
1.054
1.0556875
0.993625
0.949625
0.9246875
0.9265
0.9796875
1.048
1.1021875
1.157375
1.2130625
1.2681875
1.298
1.28525
1.2558125
1.1788125
1.1338125
1.0993125
1.0719375
1.0579375
1.077
1.083625
1.0641875
1.0850625
1.0394375
1.0594375
1.1259375
1.1896875
1.26725
1.2535625
1.21525
1.129875
1.068125
1.049625
1.0345625
1.026
1.03125
1.06125
1.069
1.092625
1.045875
1.002375
0.977625
0.979625
1.0246875
0.999375
0.9988125
0.958375
0.9180625
0.9185625
0.873625
0.83725
0.8048125
0.7879375
0.80575
0.831375
0.8555
0.8603125
0.8449375
0.837375
0.83325
0.8559375
0.892375
0.9131875
0.9299375
0.9531875
0.9660625
0.9906875
1.009625
0.9620625
0.92825
0.894375
0.862875
0.8644375
0.865
0.8578125
0.8615
0.884625
0.90825
0.934875
0.9489375
0.9404375
0.898875
0.876875
0.8565625
0.8504375
0.8693125
0.878375
0.915875
0.994875
1.071625
1.108875
1.097625
0.993625
0.8996875
0.8370625
0.7953125
0.809125
0.8315
0.9011875
0.98475
1.083125
1.189625
1.2025
1.1960625
1.1373125
1.0540625
1.0164375
0.9938125
1.0258125
1.017625
1.0255625
1.0455625
1.0275
1.0275
1.0275
1.0275
