0.36475
0.36475
0.36475
0.36475
0.337875
0.3380625
0.31675
0.2885625
0.2810625
0.248375
0.2463125
0.264375
0.2783125
0.3165
0.3239375
0.32225
0.334625
0.32775
0.32975
0.31525
0.307875
0.306
0.31925
0.344875
0.33825
0.3505
0.352125
0.35375
0.37
0.369
0.3685625
0.38375
0.4165625
0.43275
0.4508125
0.45325
0.4390625
0.449625
0.45475
0.451375
0.440625
0.43025
0.41225
0.41125
0.4175
0.40475
0.403125
0.3845
0.365
0.35275
0.343375
0.342375
0.32975
0.330875
0.335375
0.3275
0.33275
0.32225
0.294375
0.279
0.276375
0.278875
0.295875
0.3255
0.328125
0.32225
0.308625
0.282375
0.275375
0.2706875
0.275375
0.278625
0.2684375
0.267
0.2600625
0.2429375
0.2416875
0.248625
0.2500625
0.2635625
0.27725
0.2908125
0.309875
0.349625
0.373125
0.3645625
0.363375
0.3378125
0.3275
0.3603125
0.392125
0.4229375
0.447625
0.4271875
0.39725
0.3715625
0.349125
0.3565625
0.377625
0.398625
0.415375
0.4215
0.413875
0.410625
0.403125
0.400875
0.405125
0.4083125
0.402125
0.399
0.384125
0.3575
0.365625
0.36025
0.3619375
0.372125
0.3455625
0.338
0.3211875
0.305375
0.3175625
0.333625
0.3725
0.410375
0.430625
0.4191875
0.395625
0.358
0.32675
0.326875
0.33225
0.347125
0.359625
0.3590625
0.3349375
0.315375
0.2971875
0.28
0.2941875
0.326
0.358625
0.38925
0.3980625
0.38925
0.3823125
0.36425
0.3460625
0.31575
0.26125
0.2179375
0.201125
0.1909375
0.207125
0.22425
0.229
0.258
0.29575
0.3378125
0.3563125
0.3423125
0.2958125
0.241125
0.2188125
0.231375
0.2888125
0.355625
0.38975
0.39425
0.352
0.311375
0.3155
0.328125
0.3745
0.41475
0.42025
0.426875
0.40675
0.385625
0.3785
0.363875
0.3735
0.3690625
0.355
0.3524375
0.333125
0.3395
0.357625
0.362
0.380625
0.3714375
0.34625
0.3394375
0.3225
0.32675
0.3395
0.3264375
0.312125
0.3065625
0.3095
0.3348125
0.368625
0.3749375
0.36225
0.352
0.318875
0.305
0.304625
0.282875
0.296375
0.30625
0.305
0.328875
0.328
0.33575
0.36725
0.384375
0.42425
0.448375
0.448375
0.45225
0.4405
0.4349375
0.42525
0.4135625
0.388125
0.34575
0.3271875
0.309625
0.2934375
0.29325
0.2706875
0.238
0.2265625
0.2125625
0.230875
0.253375
0.263125
0.2941875
0.2805625
0.2860625
0.3079375
0.296875
0.3329375
0.338625
0.3198125
0.315625
0.279375
0.269125
0.2679375
0.2788125
0.2900625
0.279125
0.2780625
0.264625
0.2548125
0.2599375
0.26725
0.2568125
0.272
0.284625
0.2745
0.299625
0.289875
0.2825625
0.301375
0.3078125
0.321125
0.34575
0.349875
0.331375
0.340375
0.326375
0.3295
0.370625
0.38375
0.415375
0.442125
0.43975
0.4421875
0.435375
0.4119375
0.388875
0.3783125
0.366625
0.3744375
0.385875
0.36625
0.34775
0.34775
0.34775
0.34775
