-0.0213125
-0.0213125
-0.0213125
-0.0213125
-0.0535625
-0.0298125
-0.0639375
-0.1268125
-0.123125
-0.1690625
-0.1498125
-0.1295625
-0.168
-0.1568125
-0.1545
-0.0975625
-0.033625
-0.008375
-0.001125
-0.0495
-0.09125
-0.098
-0.0501875
-0.001375
0.0540625
0.0589375
-0.0176875
-0.0495625
-0.116875
-0.1123125
-0.0625625
-0.0298125
0.0605625
0.05775
0.0268125
-0.014
-0.12525
-0.1380625
-0.1031875
-0.0898125
-0.022
-0.0190625
-0.064125
-0.062875
-0.066125
-0.074375
-0.04425
-0.0323125
-0.037
0.0026875
0.003375
-0.0019375
0.02525
0.0170625
0.028
0.0513125
0.0158125
0.003375
0.012125
-0.0345625
-0.007375
0.0205
0.0179375
0.0578125
0.0751875
0.0615625
0.0845625
0.0896875
0.014625
-0.0573125
-0.1726875
-0.2235
-0.1505625
-0.0231875
0.1004375
0.1485625
0.1225
0.0593125
0.053875
0.1228125
0.166625
0.2110625
0.215125
0.117625
0.098375
0.0415
-0.06225
-0.0905625
-0.1475625
-0.16
-0.105875
-0.0613125
-0.0425
0.0088125
0.0345625
0.01875
0.0333125
-0.0100625
-0.0255625
0.0034375
-0.00325
0.0258125
0.026125
0.0358125
0.066
0.0604375
0.074625
0.0838125
0.1135
0.1610625
0.2093125
0.2231875
0.2165625
0.2171875
0.1868125
0.1908125
0.1948125
0.2015
0.259
0.289375
0.31975
0.325
0.2605
0.186125
0.1018125
0.0306875
0.0445
0.0601875
0.0480625
0.0379375
-0.02325
-0.036
0.02675
0.056875
0.074625
0.032125
-0.0775625
-0.157
-0.1983125
-0.180125
-0.1325
-0.0600625
-0.0529375
-0.0553125
-0.0576875
-0.0635625
0.017625
0.04575
0.0960625
0.11775
0.0554375
0.061875
0.0329375
-0.0135
0.0035625
-0.0153125
-0.0005625
0.0785
0.1565625
0.229125
0.291875
0.33425
0.3568125
0.3841875
0.35825
0.3100625
0.24
0.1554375
0.14475
0.0911875
0.0855
0.116375
0.1169375
0.21425
0.279375
0.26475
0.244
0.16425
0.0893125
0.1249375
0.181
0.2468125
0.3133125
0.285625
0.24275
0.201625
0.1611875
0.1948125
0.21125
0.1845625
0.1459375
0.068
-0.0053125
0.00525
-0.0145625
-0.027125
-0.0145625
-0.08075
-0.0636875
-0.0688125
-0.0865
-0.0163125
0.025875
0.1144375
0.22325
0.2610625
0.28525
0.2431875
0.160625
0.1161875
0.0383125
0.0099375
0.0196875
-0.0043125
-0.0114375
0.008625
-0.02025
-0.028
-0.0199375
-0.0706875
-0.0593125
-0.08525
-0.0726875
-0.0263125
-0.0536875
-0.0539375
-0.112375
-0.1615
-0.1563125
-0.11975
-0.032375
0.0475625
0.1290625
0.1946875
0.2299375
0.253
0.2695
0.2376875
0.1959375
0.112875
-0.005625
-0.0806875
-0.156375
-0.1900625
-0.17275
-0.148875
-0.111125
-0.031375
0.0261875
0.08075
0.1286875
0.1174375
0.0764375
0.036125
-0.0280625
-0.0750625
-0.045375
-0.0355625
0.01875
0.0750625
0.0745
0.0935625
0.1105
0.120125
0.1026875
0.0764375
0.0501875
0.02925
0.09225
0.1345625
0.15175
0.1689375
0.0971875
0.0439375
-0.0205
-0.1038125
-0.1341875
-0.182
-0.2253125
-0.2096875
-0.183875
-0.1393125
-0.02975
0.023875
0.03525
0.0660625
0.000125
-0.0816875
-0.142375
-0.2073125
-0.223875
-0.1723125
-0.1290625
-0.09575
-0.0616875
-0.0534375
-0.0074375
0.012875
0.0483125
0.0255
-0.0168125
-0.019125
-0.00625
0.102
0.2065
0.3053125
0.3730625
0.3759375
0.316625
0.2231875
0.090375
-0.018
-0.0778125
-0.13125
-0.115875
-0.1183125
-0.10375
-0.0919375
-0.13
-0.1846875
-0.2585
-0.2779375
-0.2859375
-0.26675
-0.1979375
-0.204625
-0.1629375
-0.08875
-0.04825
0.027875
0.044125
0.0430625
0.0044375
0.0071875
0.03375
0.0345625
0.060875
0.02875
-0.0003125
-0.047625
-0.052125
-0.0470625
-0.0679375
-0.0144375
-0.0046875
0.0146875
0.0370625
-0.00225
-0.0349375
-0.067625
-0.047375
-0.011
0.04875
0.1485625
0.1921875
0.2146875
0.2138125
0.178375
0.15375
0.1608125
0.1465
0.1205
0.142875
0.158
0.1703125
0.15775
0.0638125
-0.05825
-0.1160625
-0.1594375
-0.12875
-0.0305625
0.0275625
0.09275
0.118625
0.1041875
0.0496875
0.0650625
0.0571875
0.001875
-0.016
-0.11775
-0.151875
-0.095875
-0.0051875
0.112375
0.2064375
0.213
0.1875
0.175875
0.132375
0.17375
0.22575
0.263625
0.335625
0.3469375
0.347625
0.3001875
0.23925
0.1965625
0.1111875
0.112875
0.06975
0.026625
0.016
-0.0359375
-0.02125
-0.033375
0.016875
0.035375
0.024375
0.088375
0.083
0.12825
0.1993125
0.2060625
0.236625
0.2164375
0.1235625
0.0461875
-0.057
-0.126375
-0.091375
-0.055125
0.0095625
0.0905
0.088875
0.088875
0.088875
0.088875
