1.11625
1.11625
1.11625
1.11625
1.1
1.08125
1.05125
1.011875
1.00125
0.988125
0.97875
0.97875
0.970625
0.975
0.996875
1.016875
1.02375
1.025625
1.005625
0.97625
0.9575
0.93625
0.92875
0.935
0.956875
0.98375
1.0225
1.055
1.0675
1.0675
1.04375
1.023125
1.00375
1.001875
1.021875
1.034375
1.05625
1.073125
1.06375
1.05375
1.0325
0.989375
0.949375
0.9275
0.91125
0.925
0.949375
0.956875
0.97
0.965
0.966875
0.973125
0.976875
0.98125
0.98125
0.979375
0.964375
0.958125
0.94125
0.92375
0.93
0.940625
0.96125
1.003125
1.0125
1.013125
1.005
0.96
0.94375
0.93125
0.93125
0.965
0.993125
1.0125
1.03125
1.035
1.020625
1.02125
1.019375
1.0175
1.04375
1.06125
1.075625
1.075625
1.04625
1.01375
0.9725
0.96
0.9775
1.009375
1.05875
1.09375
1.11375
1.114375
1.0975
1.080625
1.055
1.029375
1.020625
0.9975
0.993125
1.00625
1.006875
1.031875
1.030625
1.015625
1.01375
1.00625
1.029375
1.045625
1.045625
1.02625
0.98625
0.975625
0.97125
0.98875
1.015625
1.011875
1.005625
0.99625
0.97875
0.9675
0.960625
0.945625
0.929375
0.9275
0.93
0.940625
0.9725
0.993125
0.99375
0.986875
0.950625
0.919375
0.9175
0.924375
0.955625
0.993125
1.013125
1.016875
1.01
0.980625
0.94625
0.928125
0.90875
0.909375
0.92875
0.95
0.9775
0.99375
1.000625
0.995
0.980625
0.975
0.9675
0.96
0.96375
0.975625
0.9775
0.988125
0.983125
0.966875
0.96125
0.956875
0.961875
0.970625
0.99
1.00875
1.03875
1.060625
1.075625
1.09
1.08375
1.07375
1.05
1.02
1.00375
1.004375
1.021875
1.036875
1.04375
1.03375
1.015
1.008125
1.0025
1.013125
1.034375
1.043125
1.055
1.058125
1.041875
1.040625
1.038125
1.03
1.039375
1.025625
1.019375
1.02125
1.01625
1.035
1.0325
1.036875
1.034375
1.020625
1.02625
1.010625
1.008125
1.0075
1.000625
1.00625
1.003125
0.99875
0.98875
0.9725
0.95875
0.954375
0.97125
1.004375
1.044375
1.07625
1.075
1.05875
1.031875
0.99
0.975625
0.97125
0.9525
0.956875
0.953125
0.94875
0.9625
0.970625
0.980625
0.98625
0.995
1.000625
0.99875
0.996875
1.00375
1.015625
1.034375
1.0425
1.031875
1.0125
0.98875
0.978125
0.989375
0.99875
1.009375
1.0175
0.995625
0.97625
0.95375
0.921875
0.923125
0.93875
0.95875
1.0025
1.016875
1.006875
0.999375
0.98125
0.975
0.995625
1.00375
1.011875
1.023125
1.011875
1.02375
1.02125
1.01125
1.02125
1.015
1.0175
1.02125
1.0
0.98125
0.963125
0.94875
0.961875
0.966875
0.980625
0.99
0.983125
0.986875
0.9675
0.959375
0.9475
0.945625
0.9725
0.975625
0.995625
0.989375
0.974375
0.9825
0.989375
1.01625
1.030625
1.044375
1.03875
1.03
1.034375
1.02875
1.035625
1.033125
1.033125
1.03875
1.03875
1.041875
1.030625
1.016875
1.01125
1.015625
1.0275
1.035
1.050625
1.059375
1.07125
1.09
1.08
1.068125
1.048125
1.013125
1.0
0.985625
0.97
0.96375
0.945625
0.93375
0.93375
0.94375
0.965625
0.984375
0.99625
0.9975
0.99625
0.996875
0.9925
0.991875
0.985625
0.97625
0.973125
0.98875
1.005625
1.024375
1.0475
1.038125
1.03125
1.020625
1.011875
1.011875
1.016875
1.0175
0.993125
0.98
0.953125
0.939375
0.949375
0.96125
0.985625
1.010625
1.03
1.03875
1.03625
1.03
1.025625
1.011875
1.00125
0.98125
0.96375
0.955
0.939375
0.9225
0.905
0.9
0.913125
0.94125
0.949375
0.960625
0.9775
0.995
1.04
1.0575
1.06125
1.04
1.0025
0.9875
0.95375
0.945625
0.950625
0.945
0.97
0.988125
0.99625
1.005625
1.01125
1.028125
1.049375
1.0775
1.09375
1.079375
1.059375
1.03125
1.0025
1.00125
0.995
0.98875
0.98125
0.954375
0.94625
0.95125
0.965625
0.99
0.98625
0.969375
0.95
0.940625
0.975
1.005625
1.03875
1.066875
1.065625
1.080625
1.086875
1.091875
1.09
1.065
1.03875
1.00875
0.993125
1.005
1.03125
1.04375
1.0475
1.035
1.00625
0.9975
0.993125
0.984375
1.003125
1.015625
1.033125
1.0525
1.035625
1.019375
0.995
0.980625
0.976875
0.9725
0.965625
0.95875
0.955
0.939375
0.939375
0.934375
0.948125
0.981875
1.000625
1.015625
1.016875
1.00875
0.994375
0.985625
0.96875
0.95
0.9475
0.9475
0.958125
0.973125
0.99
1.00625
1.0025
1.000625
0.990625
0.966875
0.95875
0.945625
0.929375
0.91375
0.9125
0.926875
0.951875
1.001875
1.0425
1.060625
1.06625
1.05375
1.025
1.001875
0.99375
0.97875
0.966875
0.95
0.92125
0.91125
0.91625
0.940625
0.96
0.96
0.95
0.929375
0.924375
0.94125
0.970625
0.9875
1.0
1.0075
1.01
1.043125
1.055625
1.050625
1.041875
1.010625
1.000625
0.99375
0.9825
0.9725
0.970625
0.9725
0.973125
0.971875
0.956875
0.949375
0.951875
0.961875
0.979375
0.99625
1.00875
1.010625
0.990625
0.970625
0.93875
0.921875
0.929375
0.92375
0.9325
0.9325
0.926875
0.944375
0.963125
0.979375
0.9975
1.006875
1.000625
0.996875
0.98875
0.978125
0.99375
1.024375
1.054375
1.066875
1.065
1.0425
1.006875
0.994375
0.969375
0.951875
0.96375
0.965
0.988125
1.008125
1.004375
1.00375
0.983125
0.951875
0.926875
0.90875
0.90625
0.92
0.94375
0.945625
0.940625
0.9425
0.93
0.94375
0.961875
0.965
0.97
0.961875
0.955
0.959375
0.970625
0.9975
1.0225
1.04125
1.0625
1.064375
1.045625
1.01625
0.97125
0.92125
0.9025
0.901875
0.915
0.946875
0.9625
0.975
0.999375
1.004375
1.016875
1.013125
0.988125
0.985625
0.9825
0.990625
1.0025
1.01
1.0025
0.999375
1.0
0.981875
0.985625
0.988125
0.993125
1.003125
0.998125
0.98125
0.950625
0.94125
0.938125
0.9575
0.998125
1.010625
1.01625
1.005
0.978125
0.968125
0.96
0.955625
0.9625
0.959375
0.97
0.993125
1.006875
1.045
1.06625
1.06125
1.0575
1.033125
1.01875
1.023125
1.03
1.029375
1.031875
1.025625
1.01
1.014375
1.005625
1.000625
1.014375
1.015
1.02125
1.03375
1.035625
1.05375
1.080625
1.100625
1.106875
1.106875
1.106875
1.106875
