0.975
0.975
0.975
0.975
0.94125
0.953125
0.946875
0.9325
0.961875
0.96875
0.960625
0.96875
0.95125
0.9425
0.95875
0.966875
0.9775
1.0025
0.991875
0.960625
0.930625
0.8775
0.858125
0.88125
0.91
0.948125
0.9775
1.02375
1.0575
1.103125
1.1575
1.123125
1.094375
1.09375
1.071875
1.09125
1.1
1.07
1.05875
1.083125
1.11625
1.111875
1.099375
1.050625
1.005625
0.996875
0.990625
0.97625
0.966875
0.936875
0.88
0.878125
0.878125
0.928125
1.023125
1.07
1.08
1.053125
0.9975
0.9525
0.95875
0.955625
0.97
0.96625
0.91625
0.90625
0.888125
0.9225
1.040625
1.174375
1.308125
1.364375
1.31875
1.203125
1.08375
1.006875
0.9725
1.003125
1.04375
1.094375
1.145
1.141875
1.1225
1.10625
1.08875
1.064375
1.041875
1.003125
0.95375
0.96625
0.974375
0.995625
1.01625
0.970625
0.974375
0.941875
0.94125
0.98
0.943125
0.96
0.95625
0.955
0.99125
0.99125
1.011875
1.005625
0.999375
0.984375
0.918125
0.869375
0.839375
0.87125
0.964375
1.0475
1.111875
1.106875
1.03125
0.9875
0.934375
0.89875
0.90375
0.884375
0.88375
0.890625
0.915625
0.945625
0.986875
1.019375
1.033125
1.05
1.065625
1.089375
1.131875
1.1525
1.11625
1.1225
1.09125
1.07625
1.120625
1.08125
1.059375
1.085625
1.064375
1.10625
1.175
1.154375
1.163125
1.173125
1.134375
1.178125
1.20625
1.190625
1.236875
1.204375
1.195625
1.2125
1.131875
1.07625
0.985625
0.896875
0.893125
0.951875
1.056875
1.13875
1.189375
1.170625
1.12875
1.095
1.0825
1.07
1.0575
1.074375
1.036875
1.03625
1.01375
0.9775
0.990625
0.958125
0.969375
0.985625
0.979375
0.99
1.000625
0.98875
0.986875
0.9975
0.95375
0.895
0.859375
0.841875
0.86375
0.938125
1.01375
1.07125
1.104375
1.11125
1.070625
1.0175
0.99125
0.9575
0.950625
0.965
0.97
0.963125
0.97
0.966875
0.980625
1.031875
1.088125
1.1225
1.113125
1.089375
1.006875
0.975625
1.030625
1.06
1.115
1.1575
1.119375
1.114375
1.170625
1.186875
1.19625
1.2425
1.17875
1.118125
1.085
0.9625
0.94
0.95875
0.98
1.05125
1.065625
1.04625
1.023125
0.99125
0.95625
0.9425
0.940625
0.911875
0.921875
0.94875
0.9575
1.015
1.054375
1.024375
1.050625
1.055
1.061875
1.113125
1.100625
1.125625
1.186875
1.265
1.333125
1.314375
1.216875
1.095
0.979375
0.90375
0.908125
0.919375
0.95125
1.01375
1.00375
0.9925
0.98
0.964375
1.01375
1.07625
1.159375
1.205
1.16875
1.10875
1.066875
1.033125
1.058125
1.144375
1.133125
1.145625
1.173125
1.13
1.166875
1.169375
1.1025
1.040625
0.955
0.900625
0.914375
0.92
0.926875
0.936875
0.913125
0.935625
0.941875
0.92375
0.924375
0.89375
0.88
0.8875
0.885625
0.9025
0.939375
0.985625
1.015625
1.056875
1.07875
1.07125
1.1
1.10625
1.103125
1.11
1.09
1.03375
0.995
0.956875
0.925
0.969375
0.9875
0.998125
1.010625
0.96625
0.95125
0.94625
0.941875
0.95625
0.948125
0.955625
0.9925
1.0375
1.10375
1.17125
1.195625
1.224375
1.23375
1.175625
1.163125
1.1175
1.1
1.14125
1.118125
1.095
1.06125
1.016875
0.988125
0.99125
0.959375
0.90625
0.856875
0.805625
0.778125
0.830625
0.906875
0.96375
1.085625
1.100625
1.105625
1.12125
1.025625
0.98875
0.979375
0.959375
0.98875
1.005
1.011875
1.03875
1.099375
1.18125
1.184375
1.16625
1.08875
0.964375
0.92
0.90625
0.959375
1.029375
1.07875
1.15
1.130625
1.143125
1.144375
1.071875
1.04875
1.045
1.04375
1.07
1.113125
1.095
1.125
1.165
1.220625
1.26
1.241875
1.21375
1.1375
1.11625
1.11875
1.1225
1.108125
1.05875
0.994375
0.975
1.00125
1.071875
1.16125
1.150625
1.13375
1.084375
1.0575
1.126875
1.2225
1.313125
1.34
1.29
1.170625
1.06875
0.96875
0.9475
0.96125
0.971875
1.015625
1.00375
0.994375
0.9775
0.97625
0.99625
1.008125
1.00625
0.985625
0.955
0.92125
0.91375
0.896875
0.89
0.9125
0.928125
0.94375
0.97125
0.981875
1.019375
1.08375
1.085
1.063125
0.97125
0.861875
0.820625
0.823125
0.895625
0.971875
1.02625
1.06
1.0775
1.09
1.08375
1.065
1.02125
0.968125
0.96
0.9525
0.949375
1.00625
1.069375
1.17125
1.28875
1.3075
1.235
1.129375
0.99
0.909375
0.905
0.884375
0.899375
0.945
0.981875
1.0575
1.140625
1.14625
1.125625
1.12875
1.099375
1.095
1.120625
1.04625
0.976875
0.97
0.94
0.995
1.078125
1.07375
1.069375
1.009375
0.951875
0.969375
1.008125
1.079375
1.119375
1.084375
1.045625
1.025
1.008125
1.01625
1.0
0.95
0.95
0.95
0.95
