0.85625
0.85625
0.85625
0.85625
0.90625
0.84375
0.8625
0.88125
0.91875
1.01875
1.0125
0.93125
0.8875
0.86875
0.9875
1.20625
1.2875
1.31875
1.275
1.13125
1.14375
1.10625
1.08125
1.13125
1.09375
1.11875
1.13125
1.04375
0.91875
0.84375
0.76875
0.8
0.91875
0.9375
0.975
1.01875
1.04375
1.19375
1.31875
1.325
1.28125
1.1625
1.0
0.975
0.94375
0.8625
0.83125
0.675
0.625
0.6125
0.68125
0.875
0.9375
1.00625
1.0
0.925
0.90625
0.8875
0.81875
0.69375
0.65
0.675
0.79375
1.05
1.2375
1.375
1.475
1.425
1.2875
1.125
0.93125
0.89375
0.94375
0.94375
0.91875
0.80625
0.75625
0.76875
0.8375
0.9125
0.85625
0.85
0.8375
0.75
0.7875
0.7875
0.83125
1.01875
1.08125
1.1375
1.1
1.0
0.9875
0.9125
0.8875
0.83125
0.7125
0.70625
0.7125
0.75625
0.9125
0.94375
0.95
0.94375
0.8625
0.925
1.0
1.08125
1.1125
1.0625
1.01875
0.9
0.875
0.7875
0.7375
0.75625
0.66875
0.71875
0.7125
0.71875
0.85
0.9125
0.95625
1.05
1.01875
0.91875
0.85625
0.73125
0.73125
0.875
1.06875
1.2
1.275
1.20625
1.0875
1.0875
1.075
1.13125
1.1125
1.05
0.9375
0.9
0.9625
0.93125
0.95625
0.83125
0.7125
0.675
0.7
0.83125
0.91875
1.075
1.1625
1.19375
1.2375
1.14375
1.025
0.91875
0.80625
0.8
0.86875
0.9875
1.08125
1.15
1.14375
1.1375
1.1875
1.225
1.31875
1.30625
1.25
1.21875
1.15625
1.2375
1.26875
1.26875
1.275
1.175
1.2
1.2125
1.20625
1.1875
1.0875
0.9625
0.85625
0.8625
0.9125
1.0625
1.225
1.30625
1.3625
1.3625
1.3625
1.3625
