0.042367975
0.042367975
0.042367975
0.042367975
0.04815340625
0.057133475
0.05573095
0.056539349375
0.05764968
0.057269829375
0.045621065625
0.045026940625
0.045718465
0.044500995625
0.054552439375
0.046069095
0.048056014375
0.05302329625
0.058399648125
0.0688212125
0.057932138125
0.044783445
0.03170293125
0.02134954875
0.0256837425
0.0306997175
0.034137849375
0.03878370625
0.0362805875
0.03178081875
0.0308847625
0.024271474375
0.019859366875
0.018544503125
0.01243767625
0.014336925625
0.01806725125
0.022274820625
0.028771234375
0.027261571875
0.0257324275
0.021943664375
0.021593033125
0.027709596875
0.039825829375
0.054844505625
0.06698995625
0.07667125
0.07056444375
0.0580196625
0.044909975
0.02912185625
0.0337093
0.04251405625
0.04977993125
0.06337664375
0.05541924375
0.05111425
0.0493221125
0.044442475
0.0524388125
0.0533251325
0.0532374775
0.05258491625
0.045124266875
0.05176680875
0.055312110625
0.05574069375
0.061058634375
0.045085415
0.037566300625
0.032248366875
0.02762195125
0.034546914375
0.0338553875
0.034994936875
0.032063273125
0.029121866875
0.026784329375
0.02353125375
0.025264929375
0.024320173125
0.031926898125
0.041111460625
0.04622481
0.055584691875
0.051834905
0.045825499375
0.0422899875
0.0356085375
0.03445925
0.034673525
0.032209368125
0.0304269925
0.028430341875
0.02307347875
0.019839883125
0.015379075
0.013801229375
0.014901815
0.0153011375
0.0276414225
0.036007895
0.0463710175
0.05831197875
0.05073443375
0.044228256875
0.042621155
0.042601635625
0.05070509125
0.059733824375
0.064457645
0.062159103125
0.0605423425
0.05927621375
0.0453483475
0.0367383875
0.02668694375
0.0159147575
0.0163043525
0.01814516625
0.0208722975
0.02486559875
0.025479199375
0.0225670125
0.031693179375
0.039027228125
0.04865012125
0.0571919025
0.043390653125
0.03167371125
0.02242092625
0.0157004775
0.02031712125
0.023735776875
0.023424106875
0.024213025
0.02452469375
0.0248363625
0.025186993125
0.02147615
0.01684976875
0.011025399375
0.00701261875
0.00591202375
0.006642505
0.01200910625
0.024914263125
0.036981800625
0.04722800125
0.056295695
0.048562350625
0.043020451875
0.041841963125
0.036709130625
0.041452386875
0.0426114125
0.040877733125
0.0481046475
0.05272131125
0.059130090625
0.06095144625
0.052916114375
0.046916389375
0.040936143125
0.043000931875
0.049604533125
0.059178758125
0.068733504375
0.074265733125
0.071226899375
0.0617890475
0.058087910625
0.05216611125
0.054562093125
0.058535918125
0.0535491675
0.048981224375
0.04102384375
0.037761020625
0.03927067875
0.042582191875
0.04536776125
0.046945605
0.04641966125
0.049916235
0.05785413375
0.0612727825
0.0675159625
0.066142656875
0.05852617125
0.050617498125
0.03875448125
0.03004714375
0.025352584375
0.02210924375
0.016538104375
0.014307698125
0.014580406875
0.018632140625
0.030728909375
0.03992323375
0.045046345
0.04536776
0.0416666575
0.04571843
0.05446475875
0.064993460625
0.0755221625
0.068558208125
0.054445278125
0.04108231
0.024602623125
0.01676212375
0.014181088125
0.019460013125
0.0273784075
0.038394045625
0.046770214375
0.03908557125
0.032355426875
0.021817038125
0.014687561875
0.014804439375
0.01334347375
0.015505696875
0.01422978625
0.013138931875
0.0137038375
0.01313893
0.0249435275
0.04839688875
0.0796322925
0.107721758125
0.113614289375
0.100952553125
0.075278545625
0.055506826875
0.049468178125
0.046672886875
0.048552658125
0.0438970575
0.034722213125
0.029560146875
0.029073143125
0.03131326875
0.036397399375
0.041520488125
0.044559326875
0.047997495
0.050646745
0.058964533125
0.053831665625
0.05436733625
0.056578244375
0.04780270875
0.049458466875
0.03971871125
0.02540127375
0.01716144125
0.009155363125
0.01085008
0.019479498125
0.025907735625
0.03271582375
0.031488616875
0.02219689625
0.01450249375
0.00699314625
0.003545274375
0.0050451975
0.009827415625
0.014784950625
0.0196937875
0.02623889875
0.025859048125
0.02503116375
0.02824527625
0.02725182
0.0309334425
0.03697209
0.0349657025
0.04151079625
0.04907856625
0.05253616125
0.060006534375
0.05590612
0.047909805625
0.0397673925
0.035666975625
0.032647653125
0.033504749375
0.039621311875
0.0382577425
0.0400498525
0.03808241875
0.03265737375
0.03412807875
0.036621454375
0.038170075
0.046906664375
0.0516304725
0.05519525625
0.07253206875
0.07605785
0.08071344375
0.085933940625
0.0685776525
0.053821909375
0.0344787425
0.01517453375
0.01287595375
0.0149602625
0.02508960625
0.035170251875
0.034244974375
0.033602146875
0.026716139375
0.019839871875
0.01825229125
0.019041214375
0.020239205625
0.032102255625
0.04755927375
0.066620029375
0.08786249
0.0912616625
0.088047541875
0.067584258125
0.057678885
0.057221105625
0.06058131375
0.074353348125
0.065928448125
0.053549204375
0.0389979925
0.0254304925
0.023102686875
0.018466561875
0.015680991875
0.011551341875
0.00994428625
0.016343306875
0.022362471875
0.02938482875
0.031790545
0.029063410625
0.03393327
0.038851829375
0.045552761875
0.051493994375
0.051688839375
0.0529842725
0.058623635625
0.06615251125
0.065110324375
0.0624903
0.05184472
0.040186208125
0.03515075875
0.027436878125
0.02465131375
0.0229079
0.02059958
0.021183965625
0.02865433375
0.04009852125
0.05267252125
0.06537313875
0.062012944375
0.061915586875
0.062948041875
0.063269494375
0.075453945625
0.06910360875
0.0553315775
0.04251403875
0.022654656875
0.0163530325
0.021505359375
0.025303866875
0.03199508625
0.0340891375
0.025644775625
0.02686222625
0.032637878125
0.041150403125
0.054786034375
0.052633565625
0.04226074625
0.031030828125
0.02956016625
0.036640985625
0.04935138
0.062850695
0.05844830375
0.048952024375
0.03718638625
0.025128555
0.0183496925
0.02070671875
0.02356047
0.026346043125
0.0348001475
0.03364111375
0.0385596875
0.051747291875
0.06125327125
0.072677981875
0.07357401875
0.05730865
0.03915376875
0.02409613125
0.01330450375
0.01340190125
0.0159537175
0.016518620625
0.01975221625
0.01961585625
0.02717388375
0.04429633125
0.060834395
0.078307475625
0.08119044375
0.06650293625
0.05495161
0.044851504375
0.03965047375
0.043341818125
0.033679999375
0.02300524875
0.014521943125
0.007236625
0.0090384775
0.009856616875
0.010908510625
0.009564429375
0.01140524625
0.016012151875
0.02156381375
0.032530775625
0.036787050625
0.037887644375
0.03681627
0.036202645625
0.03960179625
0.044306074375
0.049809015
0.041744518125
0.032783965
0.026014855
0.0200444075
0.02661874125
0.033193075
0.0464489
0.0589060625
0.0640584125
0.0692107625
0.0599872
0.05241939375
0.04905916
0.044325620625
0.039465480625
0.038189553125
0.038481724375
0.039523856875
0.057532659375
0.062607105625
0.064876505625
0.067983524375
0.04910788
0.03694291
0.0261415025
0.01632380875
0.01700559375
0.02267413
0.03387482875
0.043877539375
0.055536005
0.0597435575
0.05084144125
0.0425237125
0.0315372875
0.02688170625
0.0283231875
0.02718363125
0.02650185
0.03076788125
0.03518975375
0.0442867075
0.054708265
0.05470822875
0.0567924975
0.053704959375
0.05070507625
0.043400280625
0.03465400125
0.028410836875
0.02921923875
0.036124703125
0.0412283125
0.04880581875
0.04035172875
0.03349496375
0.03246257125
0.0289465425
0.0337677225
0.0400109025
0.0411017525
0.04028360875
0.04032256125
0.034478705
0.0293555925
0.0259272025
0.02222610375
0.0258492975
0.03142044125
0.03932912125
0.04521193
0.0474325925
0.0444522275
0.03866681625
0.03432288875
0.02844008
0.02585904625
0.022586488125
0.01995675125
0.016187464375
0.01258375375
0.00994427875
0.01435637
0.02412532375
0.0342838675
0.044832001875
0.04079002375
0.031946349375
0.0269303975
0.0231513925
0.02537205625
0.029784163125
0.026141495625
0.023521504375
0.023375406875
0.026755099375
0.0341962675
0.035744885625
0.03413782875
0.0252746575
0.018846424375
0.0249629725
0.035774076875
0.05089014875
0.062275895
0.05607168625
0.04394570875
0.03053408875
0.02288840625
0.02374550875
0.02619019375
0.03293984625
0.029832865
0.02692067875
0.02558633125
0.02002493125
0.0307484175
0.04266989125
0.05732823375
0.06889907625
0.05805871
0.0475008
0.0312938375
0.0192944475
0.018778245
0.0141031675
0.011093583125
0.01845685375
0.026375290625
0.04845534625
0.071207446875
0.07154833875
0.074996210625
0.0574743575
0.040721945
0.0469359075
0.04527041125
0.05164996875
0.06113650625
0.04965331875
0.04660475625
0.04463730625
0.046273585
0.05681201375
0.0589158175
0.0611851975
0.0489228275
0.03948498875
0.03481962875
0.030534119375
0.0294919675
0.022557265625
0.015612825
0.008493068125
0.01668422125
0.031206211875
0.04427697625
0.05733800125
0.04762744625
0.03256002875
0.018203615
0.0063308375
0.0061360425
0.008804734375
0.011853276875
0.013957064375
0.019888574375
0.025644768125
0.035248163125
0.050578551875
0.05785416625
0.07640843375
0.092625163125
0.09600486125
0.114714948125
0.110838510625
0.102442823125
0.097923573125
0.07203526625
0.059938466875
0.04957534875
0.038101899375
0.03638770625
0.03091396875
0.024719486875
0.02101838625
0.022440391875
0.02512856625
0.031439929375
0.04287439875
0.04379967375
0.043497741875
0.040585553125
0.02716417
0.020326863125
0.0145317075
0.008532021875
0.00878525625
0.0159439525
0.027505016875
0.03987447875
0.051104395625
0.04684814375
0.038374579375
0.03277424125
0.027768024375
0.03517023875
0.042007546875
0.04714039875
0.05628602875
0.057484015
0.05981181375
0.058136575625
0.048435781875
0.041968588125
0.03134252
0.023307225
0.019684038125
0.013577215
0.01062607125
0.008122955625
0.005688019375
0.008220355625
0.01368435625
0.023161135
0.034712476875
0.0437801825
0.05189339375
0.0559840875
0.0540653575
0.0500233625
0.040410229375
0.02857643375
0.023657860625
0.02140798
0.034488488125
0.05047144
0.05996771875
0.06923023875
0.064603814375
0.057815165
0.053987399375
0.04953629625
0.047676005625
0.05031548375
0.05388023625
0.062568095
0.06658089125
0.063980394375
0.059665705
0.055467921875
0.05172788875
0.051153274375
0.0550979025
0.0434588675
0.04194917625
0.04129658375
0.03641693875
0.0420075575
0.03999142625
0.0428354325
0.04278673375
0.045601521875
0.04898121625
0.045377505
0.04613720375
0.04209520625
0.04498789625
0.04645858625
0.0470234775
0.049370741875
0.03812135
0.032540489375
0.02951144125
0.029287441875
0.035939685625
0.040605023125
0.044978173125
0.04688716625
0.053179048125
0.0573671425
0.05356863625
0.05130901125
0.043030223125
0.03416705125
0.030845799375
0.02598566625
0.0227618075
0.02378447875
0.026988855625
0.0374591075
0.049429279375
0.06549013
0.077557680625
0.07509348125
0.0801678375
0.0743531875
0.0747525
0.08904075
0.090531
0.09303416625
0.08765787375
0.06903545625
0.0519713825
0.03820908375
0.0317710775
0.0282939875
0.027456366875
0.026998596875
0.01884642375
0.016304349375
0.0178334925
0.030612069375
0.047422903125
0.063999978125
0.0816581475
0.0771193825
0.072950728125
0.06552899875
0.044734626875
0.04022514125
0.03620264125
0.03223857875
0.0373324675
0.031352255
0.02430067125
0.02174885625
0.01828150375
0.020521648125
0.02543048625
0.02372603125
0.02313190875
0.0237747325
0.01850552625
0.016830288125
0.014258991875
0.01024621375
0.013713564375
0.01674262625
0.023550711875
0.0335923975
0.03557930875
0.039816103125
0.037157154375
0.029258218125
0.029423795625
0.02845956
0.039650515625
0.05528279625
0.0715578825
0.08447275625
0.0840149875
0.08133655625
0.0652854825
0.0561301525
0.047617628125
0.03508258625
0.031235385
0.02317087125
0.02317087125
0.02719338875
0.03159575625
0.0354332175
0.031215904375
0.03102110875
0.030524380625
0.0269401525
0.029862078125
0.02454417375
0.019089913125
0.02877124625
0.036942918125
0.0524194025
0.06760369375
0.06232472875
0.05607178875
0.04383864375
0.032394419375
0.0288394075
0.025284395625
0.027105725
0.027875160625
0.028517985
0.029725715625
0.02654081625
0.0298912925
0.034887785625
0.035296855
0.038842130625
0.03945571875
0.044929444375
0.055643155
0.066785409375
0.0702722575
0.063756375
0.06609395
0.06580179375
0.0748597625
0.0916511
0.08744349125
0.08461892625
0.07187933
0.0545815275
0.05033501125
0.042776981875
0.04271854625
0.042932823125
0.03834540375
0.036475373125
0.0291121175
0.0222261125
0.018203594375
0.025849319375
0.0346735575
0.046341800625
0.06031836375
0.054006983125
0.05022793875
0.04171537625
0.030709438125
0.02602462
0.019947014375
0.01710300625
0.015797879375
0.016966649375
0.019421068125
0.02095021
0.016917953125
0.01326554625
0.012905175
0.01694717125
0.0290342025
0.042874388125
0.05772749
0.0645258175
0.063084315
0.0627531475
0.05005253
0.04173480125
0.03782918
0.0336703025
0.0402251375
0.0466338725
0.053276361875
0.04881557
0.043030171875
0.036884409375
0.033904065625
0.038832388125
0.042065991875
0.047500775625
0.0462248725
0.048825386875
0.04860137
0.04474442875
0.047120925
0.04217312875
0.042874395
0.0448223425
0.05027663375
0.061925405
0.06624987625
0.0728144975
0.06332794375
0.05711393125
0.053987425
0.04646828875
0.0489616525
0.03795575375
0.03257943
0.03370926
0.032472326875
0.04662416875
0.061233760625
0.07351555375
0.088134885625
0.09505983
0.091504836875
0.080966438125
0.07030142625
0.050929095
0.037926545
0.03324174375
0.027115460625
0.029696496875
0.02824527625
0.02121318125
0.0239013375
0.030621750625
0.0417250525
0.056782691875
0.054435431875
0.044023658125
0.032219096875
0.020161298125
0.028089471875
0.040420013125
0.052789515
0.069249698125
0.06293830125
0.0576982775
0.052906281875
0.0359785925
0.030728885625
0.02314163875
0.01956717
0.02978415125
0.04016670875
0.05625676
0.06551924375
0.05954879375
0.055165925
0.0442769
0.04626385
0.05853596125
0.07057431375
0.080275128125
0.0799050175
0.076184429375
0.066717390625
0.06128260875
0.044549695
0.028303768125
0.01858347375
0.008863179375
0.010441016875
0.0129343925
0.011356555
0.01021700625
0.01021700625
0.01021700625
0.01021700625
