0.340625
0.340625
0.340625
0.340625
0.33125
0.296875
0.25625
0.296875
0.315625
0.28125
0.240625
0.11875
0.046875
0.021875
-0.01875
-0.00625
-0.009375
0.028125
0.09375
0.1125
0.084375
0.015625
-0.0375
-0.021875
0.046875
0.084375
0.09375
0.046875
-0.053125
-0.153125
-0.240625
-0.259375
-0.175
0.003125
0.14375
0.171875
0.15
0.034375
-0.0125
0.053125
0.046875
0.071875
0.03125
-0.040625
-1.38777878078e-17
0.06875
0.134375
0.140625
0.075
-0.01875
-0.096875
-0.109375
-0.084375
-0.1
-0.0375
0.028125
0.04375
0.1125
0.121875
0.059375
0.0375
0.03125
0.003125
0.06875
0.10625
0.0875
0.059375
-0.04375
-0.0875
-0.075
-0.034375
0.065625
0.096875
0.096875
0.140625
0.1125
0.109375
0.084375
-1.82145964978e-17
-0.071875
-0.128125
-0.15
-0.175
-0.153125
-0.178125
-0.19375
-0.171875
-0.1375
-0.05625
-0.009375
0.01875
-0.015625
-0.071875
-0.09375
-0.14375
-0.153125
-0.1125
-0.090625
-0.021875
0.075
0.134375
0.13125
0.121875
0.078125
0.015625
0.015625
0.021875
0.025
0.04375
0.121875
0.13125
0.090625
0.03125
-0.0875
-0.146875
-0.16875
-0.13125
-0.090625
-0.059375
0.00625
0.0375
0.065625
0.140625
0.18125
0.18125
0.175
0.096875
0.084375
0.13125
0.184375
0.275
0.284375
0.221875
0.1625
0.05625
0.0125
0.0375
0.03125
0.08125
0.0625
0.03125
0.040625
-0.003125
-0.0125
-0.075
-0.1625
-0.16875
-0.146875
-0.059375
0.05
0.059375
0.0125
-0.04375
-0.11875
-0.134375
-0.103125
-0.109375
-0.103125
-0.11875
-0.15
-0.134375
-0.15625
-0.1625
-0.19375
-0.24375
-0.265625
-0.290625
-0.271875
-0.26875
-0.240625
-0.225
-0.228125
-0.178125
-0.128125
0.003125
0.10625
0.1625
0.2
0.1
0.021875
-0.075
-0.140625
-0.06875
0.0375
0.159375
0.246875
0.209375
0.146875
0.13125
0.071875
0.090625
0.0875
0.046875
0.103125
0.146875
0.153125
0.14375
0.065625
-0.03125
-0.053125
-0.109375
-0.146875
-0.16875
-0.2
-0.14375
-0.078125
-0.059375
-0.078125
-0.103125
-0.121875
-0.078125
-0.00625
-0.00625
-0.028125
-0.08125
-0.115625
-0.13125
-0.18125
-0.203125
-0.221875
-0.175
-0.078125
-6.93889390391e-18
0.025
-0.028125
-0.0625
-0.096875
-0.125
-0.128125
-0.1875
-0.21875
-0.178125
-0.075
0.04375
0.14375
0.203125
0.1875
0.2
0.146875
0.084375
0.06875
0.065625
0.159375
0.21875
0.21875
0.1875
0.09375
0.021875
0.025
-0.015625
-0.065625
-0.0625
-0.140625
-0.121875
-0.05
-0.01875
0.03125
-0.01875
-0.090625
-0.18125
-0.1875
-0.14375
-0.053125
-0.053125
-0.053125
-0.053125
