-0.09875
-0.09875
-0.09875
-0.09875
-0.064375
-0.03375
-0.02125
-0.009375
0.02375
0.054375
0.06875
0.0725
0.0325
-0.010625
-0.041875
-0.053125
-0.046875
-0.044375
-0.039375
-0.06
-0.111875
-0.161875
-0.21
-0.266875
-0.26625
-0.25125
-0.23
-0.150625
-0.081875
-0.026875
0.01375
0.0425
0.035
0.006875
0.016875
-0.016875
0.021875
0.100625
0.138125
0.219375
0.22875
0.1675
0.1275
0.03375
-0.074375
-0.100625
-0.14
-0.143125
-0.074375
-0.0375
-0.025
-0.019375
-0.024375
-0.033125
-0.04625
-0.056875
-0.099375
-0.1325
-0.07625
-0.045
0.0025
0.048125
0.038125
0.100625
0.1275
0.154375
0.149375
0.035
-0.046875
-0.13875
-0.2325
-0.2325
-0.2125
-0.193125
-0.081875
-0.001875
0.02375
0.03375
-0.041875
-0.12375
-0.2075
-0.245
-0.27
-0.28375
-0.243125
-0.21125
-0.139375
-0.061875
-0.0075
0.030625
0.020625
-0.01625
-0.045
-0.049375
-0.025625
0.008125
0.0525
0.039375
0.014375
-0.003125
-0.02875
-0.005
0.0275
0.034375
0.005625
-0.014375
-0.043125
-0.02375
0.01625
0.0075
0.030625
0.028125
0.049375
0.111875
0.116875
0.12
0.088125
0.001875
-0.0475
-0.0725
-0.079375
-0.029375
0.009375
0.0025
-0.01125
-0.035625
-0.03875
-0.023125
0.021875
0.0575
0.0575
0.08125
0.03375
-0.024375
-0.045
-0.074375
-0.038125
0.018125
0.03875
0.01875
-0.01875
-0.056875
-0.099375
-0.119375
-0.15125
-0.166875
-0.15
-0.1175
-0.04
-0.015625
0.005
0.021875
-0.00375
0.020625
0.0675
0.1325
0.189375
0.23375
0.223125
0.1625
0.1125
-0.003125
-0.09625
-0.158125
-0.21875
-0.19
-0.13125
-0.060625
0.025
0.048125
0.04375
0.031875
0.02125
0.079375
0.114375
0.083125
0.025
-0.0575
-0.09625
-0.04625
0.02
0.083125
0.103125
0.0925
0.08
0.0325
0.009375
-0.006875
-0.025
-0.030625
-0.044375
-0.065
-0.08375
-0.078125
-0.0675
-0.03375
0.001875
0.04875
0.1175
0.153125
0.199375
0.194375
0.153125
0.10875
0.0375
-0.004375
-0.034375
-0.05125
-0.02875
-0.015625
-0.006875
0.025
0.029375
0.05
0.08875
0.074375
0.01625
-0.045625
-0.0925
-0.116875
-0.069375
-0.02625
-0.030625
-0.013125
-0.02125
-0.004375
0.03
0.0425
0.048125
-0.00125
-0.053125
-0.076875
-0.093125
-0.06
0.0075
0.026875
0.064375
0.07
0.029375
0.023125
-0.02125
-0.053125
-0.065625
-0.0775
-0.0775
-0.056875
-0.031875
-0.02125
0.008125
0.009375
0.006875
0.015
0.0275
0.034375
0.035
0.055625
0.04125
0.0325
0.03
-0.023125
-0.05625
-0.07625
-0.069375
-0.03125
0.010625
0.01125
-0.0425
-0.101875
-0.17125
-0.169375
-0.1375
-0.1075
-0.07125
-0.048125
-0.026875
-0.0025
0.021875
0.003125
-0.02125
-0.045625
-0.070625
-0.075
-0.045625
-0.014375
0.02
0.051875
0.054375
0.045
0.028125
0.01
-0.03375
-0.040625
-0.015
0.04125
0.11125
0.139375
0.1125
0.06125
0.025
0.01875
0.06625
0.08375
0.1075
0.0975
0.03375
0.0225
0.01625
0.058125
0.133125
0.185625
0.21125
0.2075
0.1975
0.174375
0.156875
0.109375
0.061875
0.008125
-0.019375
-0.0175
0.0075
0.039375
0.039375
0.045625
-0.000625
-0.024375
-0.023125
-0.04
-0.023125
-0.004375
-0.016875
-0.016875
-0.02125
-0.054375
-0.064375
-0.061875
-0.06375
-0.055625
-0.05
-0.055
-0.049375
-0.039375
-0.035625
-0.04
-0.053125
-0.046875
-0.035
-0.013125
-0.000625
-0.0225
-0.044375
-0.071875
-0.060625
-0.034375
-0.009375
0.015625
-0.005
-0.03
-0.055625
-0.080625
-0.086875
-0.096875
-0.105625
-0.1075
-0.105
-0.081875
-0.045
-0.019375
-0.0025
0.001875
-0.0225
-0.035625
-0.04
-0.044375
-0.02
-0.0025
0.025
0.0525
0.04625
0.01875
-0.03875
-0.10125
-0.139375
-0.155
-0.139375
-0.11375
-0.093125
-0.04875
-0.034375
-0.02625
-0.041875
-0.05875
-0.065625
-0.07
-0.0125
2.60208521397e-18
0.015625
0.025
-0.003125
-0.00875
-0.01
-0.00125
-0.00625
-0.01125
-0.016875
-0.005
-0.005625
0.008125
0.015
-0.028125
-0.02625
-0.03875
-0.0175
0.03125
0.0625
0.076875
0.036875
0.036875
0.036875
0.036875
