-0.550625
-0.550625
-0.550625
-0.550625
-0.556875
-0.4775
-0.425625
-0.32875
-0.26125
-0.065
0.1475
0.3575
0.3725
0.120625
-0.15375
-0.326875
-0.34875
-0.270625
-0.17625
-0.349375
-0.35875
-0.33125
-0.296875
-0.105
-0.240625
-0.351875
-0.509375
-0.684375
-0.531875
-0.443125
-0.3025
-0.178125
-0.38125
-0.52125
-0.65375
-0.75375
-0.655625
-0.580625
-0.409375
-0.22625
-0.083125
0.0425
-0.088125
-0.165
-0.10125
0.115625
0.470625
0.665
0.724375
0.634375
0.673125
0.796875
0.864375
0.806875
0.485625
0.164375
-0.190625
-0.4175
-0.380625
-0.334375
-0.198125
-0.003125
-0.10375
-0.223125
-0.33125
-0.535625
-0.53375
-0.51625
-0.506875
-0.46125
-0.349375
-0.24375
-0.173125
0.045
0.020625
-0.00375
0.02125
-0.15125
-0.165
-0.2075
-0.25625
-0.318125
-0.425
-0.474375
-0.41375
-0.28375
-0.13375
0.1225
0.2575
0.383125
0.518125
0.45625
0.351875
0.391875
0.461875
0.563125
0.616875
0.389375
0.06125
-0.15625
-0.30125
-0.3075
-0.245
-0.25
-0.2275
-0.165
-0.11
-0.20875
-0.3175
-0.47875
-0.62875
-0.6175
-0.5875
-0.5375
-0.5175
-0.39625
-0.305
-0.21875
-0.0525
-0.06375
0.054375
0.1825
0.188125
0.16
-0.111875
-0.40125
-0.616875
-0.75
-0.7575
-0.72
-0.695
-0.655
-0.615
-0.6275
-0.6625
-0.705
-0.74
-0.755
-0.71875
-0.69
-0.66375
-0.66
-0.69625
-0.66375
-0.64125
-0.57875
-0.5
-0.53125
-0.5525
-0.58
-0.56375
-0.51125
-0.47625
-0.45875
-0.55125
-0.603125
-0.635
-0.665625
-0.6275
-0.584375
-0.5375
-0.431875
-0.2
-0.00125
0.175
0.2975
0.1775
0.015
-0.14375
-0.36375
-0.41
-0.335
-0.24
-0.07625
-0.0625
-0.20625
-0.31375
-0.43625
-0.49625
-0.435
-0.38625
-0.3225
-0.21375
-0.055
-0.04
-0.04
-0.046875
-0.2675
-0.245
-0.225
-0.095
0.148125
0.1425
0.310625
0.211875
0.115625
0.11
-0.223125
-0.42
-0.6225
-0.65125
-0.3525
-0.06625
0.21375
0.21375
0.021875
-0.118125
-0.218125
-0.048125
0.11625
0.234375
0.33
0.191875
0.008125
-0.17625
-0.275625
-0.33625
-0.3225
-0.2775
-0.275
-0.2075
-0.135
0.045625
0.065625
0.045625
0.025625
-0.248125
-0.271875
-0.103125
0.0825
0.36625
0.383125
0.0725
-0.255
-0.44625
-0.52625
-0.4425
-0.229375
-0.2025
-0.128125
-0.03125
-0.2175
-0.321875
-0.46125
-0.54375
-0.375
-0.2125
0.1075
0.26375
0.2325
0.246875
-0.02625
-0.125
-0.14125
-0.2
0.01125
0.025
0.05875
0.03875
-0.26125
-0.425
-0.60125
-0.5775
-0.370625
-0.119375
0.138125
0.22125
0.240625
0.09
0.06
0.08625
0.149375
0.468125
0.5425
0.57625
0.638125
0.3775
0.225
-0.02375
-0.34375
-0.33625
-0.348125
-0.27625
-0.05875
-0.14
-0.17
-0.0425
-0.095625
-0.025
0.151875
0.21
0.345
0.545
0.499375
0.310625
0.114375
-0.135625
-0.285625
-0.285625
-0.285625
-0.285625
