3.619375
3.619375
3.619375
3.619375
3.825625
4.3975
5.4
6.201875
6.00125
5.328125
4.330625
4.020625
4.43125
5.280625
6.709375
7.453125
7.9125
7.894375
7.601875
7.145625
6.4575
5.965
4.75
4.04875
3.81125
3.6025
4.010625
4.47125
4.5725
4.521875
4.6475
4.46375
4.208125
4.509375
4.63875
4.73
4.8825
4.511875
4.573125
4.9525
5.650625
6.5175
6.33125
5.716875
4.974375
3.84375
3.495
3.336875
3.358125
4.04125
4.5325
5.055
5.345625
5.168125
4.879375
4.87125
4.735625
4.563125
4.99375
5.210625
5.423125
6.28125
6.614375
6.746875
6.981875
6.798125
6.4075
5.97125
5.388125
4.399375
3.7725
3.19375
3.078125
3.5075
3.74
4.34375
4.525625
4.360625
4.346875
4.043125
4.1875
4.316875
4.421875
4.559375
4.25625
4.534375
4.746875
5.44875
6.405625
6.876875
7.548125
7.289375
6.725
6.093125
5.594375
5.739375
5.91375
6.293125
5.94375
5.236875
4.6925
3.99625
4.020625
4.4025
4.770625
5.2475
5.155625
5.155625
5.155625
5.155625
