0.85
0.85
0.85
0.85
0.860625
0.884375
0.896875
0.896875
0.885625
0.88875
0.884375
0.889375
0.9025
0.913125
0.934375
0.936875
0.9475
0.949375
0.949375
0.95625
0.93375
0.900625
0.875625
0.855625
0.878125
0.91
0.93375
0.955
0.946875
0.93875
0.9225
0.90625
0.898125
0.89
0.89
0.89
0.89
0.89
0.89
0.898125
0.90625
0.914375
0.9225
0.914375
0.90625
0.898125
0.888125
0.873125
0.858125
0.843125
0.84125
0.8725
0.90125
0.915625
0.933125
0.930625
0.91875
0.945
0.93125
0.91875
0.925
0.903125
0.9425
0.96
1.014375
1.075
1.05625
1.063125
0.995
0.938125
0.96125
0.99625
1.045
1.094375
1.07375
1.03375
1.01375
0.944375
0.90875
0.86875
0.84125
0.87125
0.918125
0.964375
1.026875
1.045625
1.02375
1.050625
1.01
0.99125
1.010625
0.955
0.925625
0.890625
0.849375
0.846875
0.87375
0.9375
0.994375
1.049375
1.078125
1.06
1.065
1.056875
1.086875
1.11
1.095
1.096875
1.02125
1.00875
0.999375
0.978125
1.003125
0.98125
0.996875
1.003125
1.019375
1.048125
1.011875
1.01125
1.0125
0.98125
0.976875
0.9525
0.91375
0.888125
0.87375
0.8375
0.80625
0.799375
0.8125
0.856875
0.89625
0.91375
0.89
0.844375
0.799375
0.7825
0.799375
0.85
0.89
0.915625
0.91625
0.905
0.923125
0.96375
1.03625
1.06375
1.055
0.991875
0.896875
0.876875
0.9125
0.974375
1.04375
1.055625
0.9975
0.925
0.86
0.809375
0.805
0.831875
0.87125
0.92625
0.973125
1.010625
1.064375
1.09
1.10875
1.14125
1.14
1.13875
1.138125
1.095
1.0075
0.945
0.88875
0.85625
0.891875
0.94125
0.98375
1.02625
1.04625
1.0425
1.070625
1.096875
1.126875
1.12
1.045625
0.981875
0.90625
0.89
0.95
0.98
1.039375
1.071875
1.0175
0.996875
0.945625
0.891875
0.891875
0.890625
0.926875
0.959375
0.981875
1.01
0.975
0.996875
1.021875
0.989375
0.97875
0.875
0.785625
0.736875
0.72625
0.7625
0.77375
0.799375
0.815625
0.853125
0.926875
1.01
1.08875
1.125625
1.119375
1.058125
0.958125
0.91125
0.91375
0.975
1.0475
1.10125
1.105
1.069375
1.05375
0.983125
0.95875
0.938125
0.95875
1.048125
1.0875
1.14
1.14875
1.118125
1.094375
1.094375
1.053125
1.0025
1.006875
0.975
0.996875
1.043125
1.035625
1.045625
1.061875
1.11875
1.17
1.20125
1.1825
1.12
1.115
1.091875
1.1
1.094375
1.029375
0.991875
0.985625
0.993125
1.033125
1.06875
1.075625
1.070625
1.0325
0.9925
0.92625
0.85625
0.816875
0.835
0.88125
0.93625
0.984375
0.9525
0.914375
0.883125
0.851875
0.848125
0.839375
0.843125
0.86375
0.866875
0.885625
0.903125
0.891875
0.92125
0.941875
0.94875
0.976875
0.98375
0.990625
1.0
0.97875
0.93625
0.910625
0.87625
0.875625
0.90875
0.925
0.96125
0.99625
1.03
1.046875
1.043125
1.004375
0.930625
0.8525
0.78375
0.73875
0.7175
0.719375
0.719375
0.719375
0.719375
