0.91
0.91
0.91
0.91
0.92
0.9275
0.910625
0.9075
0.895
0.90125
0.9125
0.95375
1.01125
1.02625
1.039375
1.05375
1.008125
0.99125
0.98625
0.945625
0.94375
0.919375
0.876875
0.844375
0.81
0.795625
0.794375
0.808125
0.843125
0.873125
0.890625
0.879375
0.87
0.880625
0.88875
0.9325
0.91625
0.90375
0.91875
0.924375
1.0075
1.03
1.035
1.011875
0.95
0.940625
0.934375
0.971875
0.96875
0.9525
0.9175
0.851875
0.82875
0.831875
0.845625
0.85875
0.890625
0.878125
0.86875
0.8675
0.844375
0.839375
0.84875
0.86
0.853125
0.84625
0.855
0.86375
0.9025
0.94125
0.9125
0.898125
0.883125
0.845625
0.884375
0.915625
0.93375
0.99375
0.998125
0.99375
0.9925
0.971875
0.9625
0.955
0.94
0.928125
0.913125
0.916875
0.930625
0.92
0.92
0.8775
0.8525
0.84875
0.863125
0.88875
0.874375
0.860625
0.85
0.869375
0.89625
0.941875
0.9275
0.916875
0.93625
0.953125
1.006875
1.02
1.010625
0.94625
0.88375
0.819375
0.745625
0.71
0.674375
0.66
0.661875
0.66375
0.665625
0.6675
0.665625
0.66375
0.66875
0.68625
0.728125
0.774375
0.8575
0.96375
1.041875
1.135
1.153125
1.104375
1.068125
0.99
0.945
0.926875
0.890625
0.91375
0.91375
0.9075
0.901875
0.871875
0.8825
0.91625
0.98
1.004375
1.01125
1.01375
0.9875
0.97875
0.995
1.001875
1.01875
1.05
1.00625
0.990625
0.98125
0.97125
1.02625
1.025625
1.003125
0.959375
0.904375
0.88125
0.883125
0.91625
0.94375
0.965
0.97625
0.98625
0.98625
1.004375
1.05625
1.060625
1.096875
1.10625
1.045625
1.043125
1.005625
0.959375
0.95
0.93125
0.92375
0.9725
1.025
1.025
1.02
0.94625
0.8725
0.84875
0.841875
0.8875
0.911875
0.963125
1.005625
1.019375
1.066875
1.031875
1.02
1.025625
1.01
1.043125
1.044375
1.0375
1.02
0.986875
0.9275
0.846875
0.78625
0.785625
0.81625
0.866875
0.9075
0.885625
0.885625
0.910625
0.943125
0.958125
0.95375
0.91625
0.92
0.96875
0.998125
1.056875
1.030625
0.988125
0.98
0.9175
0.89625
0.88125
0.86625
0.8925
0.935625
0.965
0.993125
1.00875
0.990625
0.99
0.9275
0.881875
0.84625
0.80125
0.81125
0.82125
0.839375
0.86125
0.88375
0.909375
0.951875
0.991875
1.011875
1.000625
0.973125
0.96
0.98125
0.999375
1.018125
0.99875
0.948125
0.935625
0.896875
0.89125
0.903125
0.89875
0.9325
0.956875
0.974375
0.97
0.960625
0.92875
0.893125
0.8775
0.869375
0.90375
0.931875
0.98
0.985
0.996875
1.02875
1.031875
1.069375
1.053125
1.014375
0.995625
0.96875
0.96875
0.981875
0.9825
0.960625
0.91875
0.883125
0.84875
0.836875
0.848125
0.84125
0.81625
0.793125
0.800625
0.85625
0.97625
1.11625
1.20375
1.206875
1.136875
1.025625
0.915
0.858125
0.826875
0.84875
0.904375
0.9425
0.981875
1.0
1.009375
1.04125
1.063125
1.045625
1.01
0.94875
0.925625
0.918125
0.9575
1.0325
1.06125
1.11125
1.1
1.046875
1.0375
1.015
1.04375
1.138125
1.165625
1.17875
1.125
0.995625
0.93875
0.91875
0.956875
1.0075
1.008125
0.9825
0.950625
0.94375
0.970625
1.040625
1.086875
1.13625
1.15875
1.1325
1.14875
1.178125
1.196875
1.2025
1.140625
1.0275
0.960625
0.930625
0.9475
1.020625
1.07
1.105625
1.12375
1.085625
1.035625
0.968125
0.898125
0.855
0.85
0.914375
0.990625
1.0575
1.066875
1.014375
1.01
1.005
1.0725
1.114375
1.09125
1.08625
0.99875
0.96375
0.933125
0.88875
0.898125
0.880625
0.869375
0.869375
0.86
0.865625
0.86
0.850625
0.838125
0.838125
0.905625
0.979375
1.043125
1.085
1.048125
1.02875
1.019375
1.026875
1.078125
1.068125
1.09625
1.104375
1.07125
1.07375
1.00875
0.97875
0.974375
1.008125
1.0725
1.095625
1.11875
1.075625
1.03
0.99375
0.959375
0.930625
0.89625
0.8925
0.91
0.9625
1.045625
1.089375
1.0725
1.030625
0.928125
0.82
0.7975
0.789375
0.8575
0.968125
1.023125
1.115
1.148125
1.15875
1.138125
1.038125
0.950625
0.88375
0.868125
0.8975
0.941875
0.9475
0.940625
0.963125
0.955
0.9675
0.988125
0.960625
0.99625
1.020625
1.02625
1.036875
1.006875
0.998125
0.995
1.00125
1.005
0.980625
0.96875
0.94375
0.8975
0.911875
0.9425
0.999375
1.10375
1.120625
1.09
1.03375
0.916875
0.875
0.856875
0.861875
0.916875
0.90375
0.87625
0.838125
0.795
0.81125
0.841875
0.86125
0.864375
0.83375
0.805
0.80875
0.854375
0.92125
1.00125
1.05875
1.046875
1.036875
1.0175
0.9975
1.013125
1.00375
0.9675
0.928125
0.88875
0.85375
0.84
0.83125
0.860625
0.926875
1.013125
1.10625
1.133125
1.10375
1.033125
0.946875
0.88875
0.86875
0.8925
0.93375
0.966875
1.005625
1.011875
1.000625
0.9875
0.943125
0.9175
0.910625
0.95
1.020625
1.111875
1.1875
1.20875
1.1775
1.07875
1.016875
0.974375
0.974375
1.0225
0.99125
0.95875
0.935
0.90125
0.916875
0.946875
0.953125
0.938125
0.943125
0.918125
0.903125
0.931875
0.918125
0.89875
0.87875
0.850625
0.865
0.900625
0.961875
0.983125
0.981875
0.979375
0.935625
0.945625
0.958125
0.993125
1.061875
1.063125
1.08875
1.073125
1.000625
1.014375
0.976875
0.99625
1.093125
1.11625
1.183125
1.176875
1.09125
1.049375
0.97125
0.941875
0.99375
1.03125
1.105
1.15375
1.1225
1.069375
0.995625
0.946875
0.96
1.011875
1.06875
1.100625
1.0875
1.01875
0.929375
0.871875
0.87625
0.953125
1.06625
1.143125
1.1525
1.10625
1.02375
0.975
0.963125
0.99
1.03625
1.085
1.14125
1.139375
1.126875
1.054375
0.9475
0.896875
0.879375
0.943125
1.05375
1.12875
1.154375
1.1225
1.01375
0.943125
0.908125
0.87875
0.899375
0.893125
0.86625
0.845
0.82
0.825625
0.844375
0.874375
0.9075
0.90125
0.885
0.850625
0.828125
0.805625
0.78375
0.78125
0.758125
0.74375
0.743125
0.740625
0.745625
0.795625
0.83875
0.903125
0.973125
0.988125
1.0175
1.033125
1.043125
1.055625
1.034375
0.966875
0.886875
0.83375
0.835625
0.866875
0.93
0.98375
0.988125
0.98875
0.9575
0.921875
0.883125
0.848125
0.823125
0.8125
0.81875
0.83375
0.869375
0.891875
0.92875
0.958125
0.9975
1.025
1.039375
1.079375
1.06
1.031875
0.981875
0.885625
0.820625
0.79375
0.785625
0.82375
0.855
0.8875
0.934375
0.938125
0.94875
0.916875
0.900625
0.915625
0.96875
1.055
1.0725
1.07375
0.993125
0.89375
0.8475
0.82375
0.849375
0.87
0.885
0.880625
0.87
0.911875
0.95
0.98625
1.013125
0.9875
0.9375
0.881875
0.858125
0.8375
0.859375
0.88625
0.869375
0.870625
0.829375
0.81375
0.819375
0.8
0.82
0.81125
0.825625
0.905
0.959375
1.02
1.075
1.0575
1.04875
1.029375
0.975
0.925625
0.8825
0.851875
0.816875
0.800625
0.775
0.749375
0.765625
0.798125
0.825
0.853125
0.8425
0.8225
0.795
0.765
0.76125
0.756875
0.805
0.85625
0.93125
0.999375
0.998125
1.016875
0.98
0.948125
0.964375
0.95875
0.989375
1.013125
1.015625
1.015625
1.015
1.000625
0.99375
0.975
0.91125
0.876875
0.840625
0.8625
0.938125
1.001875
1.061875
1.04875
1.020625
1.00375
0.9825
0.993125
0.9875
0.955625
0.9375
0.8975
0.88125
0.87375
0.88875
0.930625
0.95625
1.008125
0.9925
0.969375
0.955
0.924375
0.919375
0.906875
0.86625
0.82375
0.79375
0.779375
0.8125
0.820625
0.835625
0.834375
0.7875
0.78125
0.76125
0.76625
0.808125
0.823125
0.885625
0.929375
0.943125
0.979375
0.946875
0.909375
0.885
0.848125
0.84625
0.83875
0.84
0.8625
0.873125
0.946875
1.008125
1.0075
0.99875
0.89
0.785625
0.723125
0.679375
0.703125
0.7475
0.79625
0.873125
0.926875
0.95625
1.02375
1.039375
1.08375
1.13125
1.106875
1.12625
1.085625
1.06875
1.0575
0.99375
0.965625
0.919375
0.915
0.918125
0.935
0.93375
0.908125
0.9225
0.91125
0.895
0.92
0.91625
0.945625
1.009375
1.003125
1.014375
1.00375
0.97125
0.9725
0.955
0.955
0.95625
0.940625
0.934375
0.896875
0.8725
0.88875
0.905
0.933125
0.94625
0.91875
0.898125
0.875625
0.904375
0.99125
1.088125
1.176875
1.221875
1.1775
1.090625
1.036875
0.970625
0.971875
1.034375
1.075
1.104375
1.1175
1.06125
1.01125
0.985
0.945625
0.945
0.930625
0.924375
0.938125
0.968125
1.0075
1.064375
1.126875
1.15
1.196875
1.17
1.111875
1.09
1.013125
0.984375
0.986875
0.954375
0.958125
0.96875
0.96375
0.96875
1.005
1.065625
1.1075
1.17375
1.16
1.076875
1.005625
0.90375
0.90375
0.90375
0.90375
