110.2875
110.2875
110.2875
110.2875
109.825
108.83125
109.64375
100.41875
90.9375
91.60625
92.275
100.8125
107.45
104.51875
103.39375
102.175
106.5625
112.075
112.075
108.4625
99.3375
90.11875
86.50625
87.6125
90.26875
96.46875
100.5125
96.83125
93.40625
86.69375
80.2375
80.2375
80.2375
85.5875
90.9375
94.9
102.56875
108.79375
117.08125
124.85625
127.0875
121.0875
112.83125
103.1875
93.5125
94.5125
97.54375
105.73125
118.95625
124.4125
129.175
133.55
135.29375
144.775
152.91875
151.3
148.5
141.025
130.775
133.8
139.4
144.98125
158.2625
162.25
163.96875
164.21875
158.3125
157.71875
157.8
154.55625
152.7375
147.925
139.46875
139.15625
142.7
145.63125
153.35
162.46875
163.73125
164.575
165.7625
154.15625
144.86875
141.03125
135.03125
141.075
149.3375
148.7875
147.625
144.8
139.41875
137.08125
135.05
126.3
122.875
129.9875
138.3875
154.1
164.575
159.21875
151.85
140.7375
133.15
133.84375
140.03125
144.7125
148.1375
150.2625
146.45625
148.69375
152.01875
152.43125
156.45625
157.91875
151.5375
152.46875
145.3875
136.01875
134.75625
129.1125
133.125
139.56875
144.50625
149.425
152.18125
153.65
154.9375
151.55
148.3
146.475
145.95
153.80625
158.475
160.15
163.775
163.15625
162.8125
159.1875
149.0625
140.0125
134.275
139.80625
150.075
161.09375
167.1625
163.45625
158.2625
149.95625
147.5625
149.16875
154.96875
162.4875
167.21875
169.2875
163.30625
159.025
148.44375
139.88125
131.86875
120.775
120.6875
125.33125
133.4625
141.6
146.625
145.49375
146.01875
144.69375
141.775
137.625
126.2875
122.9875
117.09375
116.19375
126.94375
130.18125
137.11875
140.2125
135.51875
138.03125
136.525
138.0125
142.475
139.56875
142.4875
145.725
151.66875
163.8875
174.68125
180.26875
174.5
162.49375
147.5125
139.2875
138.225
142.88125
146.1125
144.225
147.06875
146.93125
151.7875
156.91875
154.60625
156.68125
157.50625
160.975
163.45
153.1375
143.5
132.70625
130.275
142.86875
150.96875
159.4
163.175
157.0
150.48125
143.96875
135.96875
133.3125
137.69375
139.80625
141.68125
135.09375
124.60625
114.85625
114.2375
126.89375
140.9375
158.9625
165.725
164.025
162.74375
157.08125
153.45
154.89375
153.1125
156.325
161.9
158.0625
155.1125
151.15
149.40625
155.25625
159.75
154.875
145.10625
134.55625
130.15625
134.575
139.14375
139.08125
135.28125
127.38125
122.3
126.0125
127.90625
133.7875
135.66875
129.56875
122.04375
109.625
102.4375
98.41875
100.11875
108.15625
113.75625
123.0625
129.5625
131.7875
135.86875
132.5375
129.3125
127.19375
123.59375
125.7625
124.65625
124.65625
124.65625
129.38125
139.14375
147.8
156.99375
150.80625
144.05
137.1875
129.25
129.90625
127.9625
126.23125
130.71875
138.0125
147.075
159.28125
160.6625
162.6375
166.65625
161.00625
159.9625
150.925
138.23125
138.41875
137.84375
140.25
138.45
126.89375
119.7625
117.15625
125.25
136.53125
141.38125
143.31875
142.8875
141.36875
144.53125
147.69375
143.05625
140.80625
137.2875
133.6625
136.05
136.51875
133.96875
133.11875
131.71875
132.4125
139.46875
142.3375
144.5625
141.7125
131.70625
122.4875
111.625
104.725
104.59375
108.075
114.30625
122.0875
128.06875
130.4375
133.1875
133.9375
131.1625
133.0
128.69375
126.41875
124.34375
118.0875
118.55
118.125
122.825
133.63125
146.73125
157.93125
169.425
172.83125
169.16875
164.4375
154.5875
149.88125
144.18125
142.51875
142.8125
140.175
139.6
135.3625
134.93125
134.275
143.36875
156.71875
160.925
165.85
156.4625
144.6375
138.90625
133.825
141.15625
146.63125
148.8375
153.0625
146.4875
143.08125
141.34375
135.94375
133.26875
129.125
127.00625
124.725
124.3125
122.9125
119.1375
121.7625
126.725
131.0125
136.10625
135.4625
132.48125
133.93125
135.39375
139.14375
142.61875
142.1625
144.85625
144.61875
144.0375
142.95625
136.3125
131.45625
130.1
128.58125
130.7625
130.1375
128.725
133.51875
134.0375
140.8125
141.1375
134.74375
135.225
131.6125
132.35625
136.14375
136.225
135.95
136.78125
133.825
129.03125
126.88125
123.51875
125.28125
131.66875
135.76875
137.16875
134.7
126.65625
116.45
111.9625
107.38125
112.56875
122.175
125.7
133.025
128.225
122.00625
123.6125
131.9125
145.35625
158.60625
162.8
153.875
141.24375
128.41875
122.90625
121.3
129.81875
138.725
145.25625
153.69375
152.4625
151.0375
150.04375
144.45625
142.65625
143.46875
142.34375
142.8375
140.95625
136.4625
129.4875
128.85625
130.53125
129.4
133.15
131.29375
128.5
128.5125
125.40625
119.8
113.05
104.6875
102.66875
105.90625
110.5
116.45
113.34375
110.075
109.125
112.1375
122.35625
133.6875
144.6
148.1
144.0875
132.725
116.26875
108.5125
109.16875
117.20625
132.7625
138.5875
138.9
130.125
117.63125
111.95625
110.89375
120.1125
124.30625
124.08125
120.05
116.1625
120.65625
127.74375
138.61875
142.6125
141.0625
142.0625
141.8875
143.1
149.13125
151.63125
146.05625
141.575
132.325
123.525
123.25
124.25
126.3125
129.75625
131.1375
131.625
132.36875
133.49375
137.55
142.0375
148.83125
151.81875
150.5875
153.9625
155.5
157.01875
156.375
150.5875
143.43125
142.31875
144.65625
144.60625
143.84375
135.925
131.45625
124.975
124.64375
131.2125
133.6875
141.66875
144.9625
142.96875
141.725
140.8625
140.61875
144.05
147.375
148.2625
150.1
150.1
148.8
147.80625
144.26875
135.38125
127.79375
126.6375
128.3375
135.3875
140.825
133.6875
122.65
116.9625
112.8875
117.8625
127.49375
131.13125
136.38125
133.4
127.03125
122.56875
118.33125
125.4125
133.5875
138.2375
141.05
138.5125
136.525
136.60625
131.3375
128.825
125.7625
127.44375
136.375
138.425
142.39375
137.45625
139.2125
151.60625
160.9875
172.91875
173.825
157.725
143.71875
131.51875
121.75
122.475
117.76875
113.0625
108.35625
103.65
105.29375
113.1
112.84375
118.8875
128.1375
127.14375
134.2125
139.175
140.85625
142.6375
148.125
140.56875
127.3625
118.1375
109.60625
116.34375
123.18125
130.01875
134.84375
128.51875
126.175
134.325
137.65625
146.09375
156.43125
153.8875
147.6125
141.2375
134.575
125.9
125.46875
122.68125
114.76875
118.04375
118.76875
125.025
136.69375
136.43125
141.23125
139.13125
134.875
134.11875
128.725
128.2125
136.80625
145.2375
145.65
151.79375
143.94375
144.0625
155.575
149.43125
153.575
148.84375
142.8
151.23125
152.13125
157.03125
162.625
160.25625
154.06875
139.95625
120.41875
106.7625
97.4125
98.40625
104.825
107.44375
113.60625
116.0625
115.80625
117.45
123.86875
126.58125
121.23125
119.5875
107.16875
106.51875
117.6375
125.325
141.725
142.0
141.35625
140.1625
131.9
138.19375
139.1875
140.2625
144.05
140.2
139.5875
139.6375
139.6375
139.6375
139.6375
