-1.0375
-1.0375
-1.0375
-1.0375
-0.96125
-0.7725
-0.4875
-0.3825
-0.473125
-0.6425
-0.915
-0.9625
-0.899375
-0.79125
-0.601875
-0.464375
-0.424375
-0.444375
-0.49375
-0.619375
-0.658125
-0.673125
-0.759375
-0.71
-0.7275
-0.7025
-0.5575
-0.520625
-0.471875
-0.474375
-0.52
-0.52125
-0.48875
-0.515
-0.56
-0.56625
-0.536875
-0.345
-0.21125
-0.155
-0.220625
-0.436875
-0.533125
-0.594375
-0.516875
-0.375
-0.281875
-0.2025
-0.219375
-0.18875
-0.29375
-0.438125
-0.534375
-0.814375
-0.875
-0.870625
-0.983125
-0.9075
-0.89375
-0.943125
-0.80125
-0.64
-0.564375
-0.4
-0.325625
-0.38125
-0.316875
-0.36
-0.421875
-0.365625
-0.436875
-0.395625
-0.34125
-0.40125
-0.4075
-0.48375
-0.57375
-0.66
-0.6625
-0.674375
-0.63625
-0.448125
-0.33375
-0.151875
-0.149375
-0.3175
-0.50375
-0.790625
-0.87
-0.834375
-0.82625
-0.705625
-0.649375
-0.620625
-0.4825
-0.456875
-0.375
-0.31875
-0.373125
-0.3225
-0.49
-0.686875
-0.808125
-0.978125
-0.801875
-0.551875
-0.37125
-0.190625
-0.305
-0.5075
-0.684375
-0.898125
-0.979375
-0.935625
-0.866875
-0.71125
-0.599375
-0.620625
-0.644375
-0.72375
-0.7325
-0.65875
-0.53625
-0.415625
-0.34375
-0.369375
-0.515
-0.6825
-0.93125
-1.0175
-0.97625
-0.87625
-0.623125
-0.54625
-0.591875
-0.723125
-0.87
-0.896875
-0.80625
-0.603125
-0.44125
-0.241875
-0.148125
-0.159375
-0.256875
-0.450625
-0.558125
-0.6075
-0.593125
-0.538125
-0.610625
-0.69
-0.761875
-0.8475
-0.749375
-0.683125
-0.553125
-0.423125
-0.37375
-0.20625
-0.16125
-0.155625
-0.216875
-0.403125
-0.486875
-0.6125
-0.64375
-0.69125
-0.761875
-0.6175
-0.52875
-0.360625
-0.265625
-0.33125
-0.435
-0.575
-0.6625
-0.765625
-0.803125
-0.7825
-0.884375
-0.88
-0.909375
-0.998125
-0.85875
-0.8275
-0.728125
-0.65625
-0.673125
-0.645625
-0.715625
-0.860625
-1.049375
-1.289375
-1.46125
-1.350625
-1.18625
-1.003125
-0.85125
-0.9425
-1.07
-1.08125
-1.01875
-0.79375
-0.59875
-0.49
-0.466875
-0.61125
-0.74875
-0.88375
-0.984375
-0.9275
-0.805625
-0.695625
-0.59625
-0.646875
-0.690625
-0.64875
-0.76875
-0.755625
-0.733125
-0.79375
-0.530625
-0.353125
-0.26125
-0.224375
-0.341875
-0.47375
-0.583125
-0.576875
-0.70625
-0.778125
-0.850625
-1.030625
-0.969375
-0.905625
-0.809375
-0.649375
-0.605625
-0.6325
-0.71625
-0.795625
-0.86125
-0.814375
-0.64
-0.440625
-0.34
-0.361875
-0.471875
-0.648125
-0.6875
-0.665625
-0.6575
-0.63
-0.668125
-0.6375
-0.6675
-0.81
-0.86625
-1.01625
-0.99625
-0.67875
-0.480625
-0.299375
-0.21375
-0.355625
-0.410625
-0.42625
-0.449375
-0.5425
-0.68
-0.834375
-1.0325
-1.108125
-1.155625
-1.13
-0.98875
-0.736875
-0.558125
-0.501875
-0.515625
-0.58875
-0.609375
-0.4975
-0.475625
-0.55375
-0.579375
-0.72
-0.733125
-0.64125
-0.6075
-0.638125
-0.644375
-0.87625
-1.1025
-1.05375
-1.05375
-0.709375
-0.383125
-0.21125
-0.1425
-0.261875
-0.40375
-0.560625
-0.52625
-0.47875
-0.37875
-0.359375
-0.605
-0.86125
-1.0825
-1.166875
-1.081875
-0.9625
-0.875
-0.83375
-0.623125
-0.48875
-0.42125
-0.296875
-0.51125
-0.7
-0.846875
-1.131875
-1.125
-1.0175
-0.860625
-0.689375
-0.60875
-0.675625
-0.9025
-0.97375
-1.061875
-1.05875
-0.870625
-0.736875
-0.603125
-0.438125
-0.320625
-0.31375
-0.344375
-0.49
-0.6
-0.5625
-0.51625
-0.33
-0.23875
-0.295
-0.32375
-0.5
-0.604375
-0.635
-0.730625
-0.673125
-0.684375
-0.685625
-0.584375
-0.631875
-0.656875
-0.684375
-0.85125
-0.8925
-0.860625
-0.908125
-0.845625
-0.816875
-0.855
-0.693125
-0.543125
-0.494375
-0.473125
-0.58
-0.689375
-0.703125
-0.666875
-0.72625
-0.793125
-0.83
-0.893125
-0.7725
-0.669375
-0.620625
-0.52
-0.56375
-0.563125
-0.5325
-0.6875
-0.891875
-1.14
-1.489375
-1.5775
-1.454375
-1.258125
-0.95625
-0.785
-0.65
-0.558125
-0.503125
-0.415625
-0.410625
-0.41875
-0.498125
-0.59
-0.66125
-0.811875
-0.7475
-0.650625
-0.689375
-0.621875
-0.69375
-0.779375
-0.61625
-0.6025
-0.6275
-0.718125
-1.09125
-1.341875
-1.5625
-1.694375
-1.5025
-1.310625
-1.14125
-1.0725
-1.28625
-1.3775
-1.330625
-1.15625
-0.82875
-0.633125
-0.529375
-0.55875
-0.5325
-0.496875
-0.61375
-0.636875
-0.740625
-0.835
-0.6525
-0.508125
-0.37125
-0.181875
-0.131875
-0.069375
-0.05125
-0.156875
-0.275
-0.37875
-0.37875
-0.33375
-0.30875
-0.31
-0.38
-0.390625
-0.370625
-0.36
-0.360625
-0.510625
-0.653125
-0.773125
-0.8575
-0.691875
-0.47
-0.37625
-0.344375
-0.534375
-0.836875
-0.890625
-0.845
-0.65125
-0.3375
-0.19875
-0.125625
-0.1275
-0.32125
-0.516875
-0.82
-1.161875
-1.294375
-1.34625
-1.205625
-0.98375
-0.80375
-0.650625
-0.55
-0.5375
-0.575
-0.654375
-0.885625
-1.014375
-1.121875
-1.14375
-0.9275
-0.81875
-0.776875
-0.800625
-1.035625
-1.135625
-1.24375
-1.27125
-1.0825
-0.981875
-0.7525
-0.643125
-0.68125
-0.7625
-1.01375
-1.21625
-1.28625
-1.315625
-1.064375
-0.749375
-0.59375
-0.3675
-0.329375
-0.468125
-0.6075
-0.790625
-1.04875
-1.121875
-1.06625
-1.13625
-1.118125
-1.100625
-1.1475
-1.009375
-0.90375
-0.90875
-0.8575
-0.915625
-0.86
-0.695625
-0.626875
-0.51125
-0.558125
-0.67625
-0.693125
-0.671875
-0.485625
-0.39125
-0.418125
-0.545
-0.880625
-1.019375
-1.1825
-1.3075
-1.201875
-1.23875
-1.110625
-0.935625
-0.820625
-0.65875
-0.5525
-0.51625
-0.4925
-0.429375
-0.46625
-0.485625
-0.5975
-0.869375
-0.97125
-1.040625
-1.101875
-0.899375
-0.836875
-0.85875
-0.861875
-1.07
-1.3175
-1.495625
-1.64125
-1.725
-1.596875
-1.348125
-1.099375
-0.86
-0.8125
-0.97375
-1.080625
-1.25
-1.31
-1.281875
-1.33
-1.251875
-1.265
-1.24625
-1.1175
-0.976875
-0.726875
-0.491875
-0.3225
-0.268125
-0.33375
-0.425625
-0.57
-0.7375
-0.86625
-1.003125
-1.1025
-1.060625
-0.974375
-0.818125
-0.646875
-0.655625
-0.7725
-0.928125
-1.1775
-1.210625
-1.098125
-0.999375
-0.8175
-0.724375
-0.631875
-0.55
-0.4825
-0.45875
-0.545625
-0.598125
-0.729375
-0.76
-0.718125
-0.7
-0.52875
-0.44625
-0.375625
-0.331875
-0.31125
-0.245625
-0.204375
-0.115
-0.066875
-0.191875
-0.30625
-0.47875
-0.786875
-0.951875
-1.1575
-1.289375
-1.334375
-1.2725
-1.1675
-1.120625
-0.99125
-0.9325
-0.866875
-0.886875
-0.88375
-0.939375
-1.004375
-0.819375
-0.653125
-0.45125
-0.298125
-0.318125
-0.380625
-0.59
-0.824375
-0.99875
-1.22
-1.22625
-0.996875
-0.82
-0.596875
-0.5775
-0.77625
-0.945
-1.11625
-0.980625
-0.7325
-0.548125
-0.325625
-0.35875
-0.499375
-0.58625
-0.78875
-0.9275
-0.94125
-0.911875
-0.8375
-0.691875
-0.6425
-0.74375
-0.748125
-0.82375
-0.890625
-0.719375
-0.6225
-0.574375
-0.49875
-0.569375
-0.63
-0.6175
-0.61875
-0.6475
-0.6025
-0.571875
-0.54125
-0.38625
-0.32625
-0.288125
-0.30625
-0.54625
-0.8175
-1.13375
-1.458125
-1.639375
-1.758125
-1.73125
-1.496875
-1.198125
-0.830625
-0.51875
-0.365
-0.23
-0.358125
-0.490625
-0.70375
-0.951875
-0.941875
-1.016875
-0.915625
-0.83875
-0.79875
-0.695
-0.664375
-0.58375
-0.650625
-0.7175
-0.840625
-1.184375
-1.37625
-1.568125
-1.824375
-1.790625
-1.67
-1.655
-1.351875
-1.18625
-1.2125
-0.96375
-0.880625
-0.67
-0.405625
-0.32875
-0.313125
-0.48875
-0.67625
-0.88375
-1.01
-0.9525
-0.84125
-0.63
-0.435
-0.384375
-0.43
-0.616875
-0.87875
-1.0675
-1.081875
-0.9375
-0.66
-0.346875
-0.14375
-0.025625
-0.038125
-0.155625
-0.301875
-0.46375
-0.65
-0.78125
-0.900625
-0.995625
-0.925625
-0.8775
-0.8125
-0.7325
-0.701875
-0.644375
-0.65125
-0.670625
-0.714375
-0.87875
-0.906875
-0.993125
-1.143125
-1.005
-0.90375
-0.6975
-0.365625
-0.20875
-0.129375
-0.1025
-0.16875
-0.240625
-0.224375
-0.341875
-0.464375
-0.58875
-0.735
-0.640625
-0.56625
-0.47125
-0.42375
-0.48
-0.43625
-0.405625
-0.389375
-0.431875
-0.650625
-0.875
-1.049375
-1.2225
-1.145625
-1.070625
-0.963125
-0.69125
-0.52125
-0.505625
-0.57875
-0.75125
-0.925625
-0.79
-0.58375
-0.380625
-0.243125
-0.401875
-0.6325
-0.934375
-1.1475
-1.101875
-1.020625
-0.80625
-0.64375
-0.606875
-0.48625
-0.53625
-0.565625
-0.51375
-0.520625
-0.375
-0.2425
-0.16875
-0.18125
-0.200625
-0.225625
-0.314375
-0.260625
-0.25875
-0.25875
-0.15375
-0.153125
-0.1375
-0.165625
-0.404375
-0.6875
-1.10625
-1.451875
-1.460625
-1.3525
-1.1575
-0.9325
-1.0575
-1.229375
-1.185
-1.1925
-0.855625
-0.51125
-0.40375
-0.305625
-0.435625
-0.565625
-0.585
-0.621875
-0.710625
-0.791875
-0.90875
-0.99875
-0.826875
-0.734375
-0.660625
-0.6025
-0.73375
-0.6725
-0.613125
-0.50875
-0.304375
-0.198125
-0.061875
-0.116875
-0.239375
-0.399375
-0.596875
-0.470625
-0.333125
-0.188125
-0.075
-0.134375
-0.249375
-0.334375
-0.399375
-0.509375
-0.525
-0.651875
-0.685625
-0.5975
-0.598125
-0.564375
-0.62625
-0.754375
-0.889375
-0.88875
-0.81625
-0.864375
-0.86125
-0.95625
-1.13625
-1.195625
-1.255
-1.251875
-1.233125
-1.214375
-1.085
-0.998125
-0.876875
-0.68375
-0.744375
-0.793125
-0.778125
-0.825625
-0.658125
-0.63375
-0.79125
-0.929375
-1.146875
-1.23625
-1.119375
-1.020625
-0.924375
-0.7
-0.57875
-0.55625
-0.51375
-0.658125
-0.834375
-0.890625
-1.02125
-1.108125
-1.204375
-1.315625
-1.298125
-1.248125
-1.048125
-0.9875
-0.935
-0.838125
-0.855625
-0.645
-0.504375
-0.4875
-0.619375
-0.856875
-1.133125
-1.355
-1.253125
-1.14375
-1.03625
-0.91625
-0.935625
-0.90625
-0.74125
-0.516875
-0.458125
-0.514375
-0.66875
-0.956875
-0.968125
-0.925625
-0.8025
-0.61
-0.615625
-0.5525
-0.611875
-0.6075
-0.48
-0.434375
-0.289375
-0.215625
-0.245
-0.2825
-0.40625
-0.5
-0.49
-0.465625
-0.46
-0.555625
-0.746875
-0.87
-0.800625
-0.58875
-0.383125
-0.24125
-0.271875
-0.37375
-0.41375
-0.43875
-0.470625
-0.54375
-0.63875
-0.72625
-0.7625
-0.70125
-0.654375
-0.70125
-0.696875
-0.74875
-0.738125
-0.680625
-0.624375
-0.5825
-0.624375
-0.583125
-0.634375
-0.626875
-0.694375
-0.786875
-0.895625
-1.0975
-1.024375
-0.959375
-0.74
-0.464375
-0.399375
-0.3525
-0.38625
-0.37125
-0.25125
-0.259375
-0.37125
-0.6525
-0.975
-1.035625
-0.91875
-0.68125
-0.601875
-0.669375
-0.904375
-1.029375
-1.0525
-1.183125
-1.235
-1.435
-1.480625
-1.35125
-1.165625
-1.01375
-0.936875
-0.896875
-0.913125
-0.77375
-0.728125
-0.680625
-0.610625
-0.708125
-0.75
-0.795625
-0.974375
-0.935625
-0.95125
-1.089375
-1.015625
-1.209375
-1.39
-1.33
-1.384375
-1.305
-1.08875
-1.019375
-0.97625
-0.805
-0.719375
-0.66
-0.521875
-0.55875
-0.58875
-0.579375
-0.73
-0.850625
-0.95625
-1.009375
-0.941875
-0.80875
-0.6925
-0.634375
-0.455625
-0.318125
-0.19
-0.1125
-0.27625
-0.4475
-0.799375
-1.134375
-1.235625
-1.393125
-1.334375
-1.148125
-1.06
-0.87
-0.578125
-0.366875
-0.170625
-0.009375
-0.00625
-0.13875
-0.345
-0.618125
-0.94
-1.0
-0.93375
-0.875625
-0.859375
-1.000625
-1.194375
-1.2425
-1.01
-0.735625
-0.484375
-0.2675
-0.23875
-0.284375
-0.390625
-0.588125
-0.82125
-0.98625
-1.0675
-1.106875
-1.1
-1.060625
-0.951875
-0.838125
-0.719375
-0.645
-0.64
-0.64
-0.65
-0.654375
-0.6
-0.514375
-0.3425
-0.245625
-0.26375
-0.286875
-0.41125
-0.45875
-0.521875
-0.60875
-0.835
-1.140625
-1.290625
-1.541875
-1.59
-1.6075
-1.649375
-1.53875
-1.469375
-1.3175
-1.31375
-1.316875
-1.32
-1.364375
-1.264375
-1.265
-1.265625
-1.145625
-1.119375
-1.15
-1.180625
-1.4525
-1.624375
-1.5775
-1.571875
-1.335625
-1.223125
-1.21625
-0.98375
-0.916875
-0.731875
-0.490625
-0.505
-0.46375
-0.48625
-0.685625
-0.7425
-0.733125
-0.765
-0.533125
-0.434375
-0.450625
-0.425625
-0.55875
-0.6275
-0.655
-0.629375
-0.6525
-0.628125
-0.660625
-0.73875
-0.696875
-0.769375
-0.69375
-0.65625
-0.6525
-0.57
-0.69625
-0.801875
-1.073125
-1.378125
-1.435625
-1.44625
-1.193125
-0.913125
-0.878125
-0.8225
-0.8875
-0.90375
-0.7975
-0.74125
-0.846875
-1.00875
-1.045625
-1.2575
-1.196875
-1.1575
-1.326875
-1.208125
-1.14875
-1.175
-1.0075
-0.904375
-0.863125
-0.6825
-0.763125
-0.90625
-1.005625
-1.063125
-0.86375
-0.688125
-0.619375
-0.650625
-0.770625
-0.809375
-0.779375
-0.676875
-0.6725
-0.753125
-0.893125
-1.13625
-1.17
-1.100625
-0.895
-0.561875
-0.364375
-0.234375
-0.114375
-0.20875
-0.309375
-0.411875
-0.566875
-0.62
-0.6325
-0.624375
-0.685
-0.553125
-0.498125
-0.518125
-0.47875
-0.58
-0.605
-0.519375
-0.410625
-0.29
-0.23625
-0.23875
-0.243125
-0.285
-0.355625
-0.450625
-0.56125
-0.65125
-0.54375
-0.375625
-0.314375
-0.328125
-0.516875
-0.710625
-0.77125
-0.70625
-0.61125
-0.56375
-0.491875
-0.5425
-0.57625
-0.7375
-1.043125
-1.22375
-1.3875
-1.251875
-1.101875
-1.01375
-0.916875
-1.11625
-1.241875
-1.3675
-1.593125
-1.565
-1.375
-1.168125
-0.8125
-0.5725
-0.48125
-0.46
-0.491875
-0.44
-0.470625
-0.36625
-0.283125
-0.28125
-0.14625
-0.233125
-0.305
-0.49
-0.908125
-1.0625
-1.254375
-1.215625
-0.885
-0.714375
-0.508125
-0.39375
-0.41125
-0.35
-0.476875
-0.643125
-0.839375
-1.0675
-0.95125
-0.8
-0.560625
-0.31375
-0.280625
-0.26125
-0.238125
-0.2525
-0.3475
-0.4425
-0.610625
-0.75625
-0.615
-0.484375
-0.365
-0.36625
-0.543125
-0.755
-0.951875
-0.9
-0.869375
-0.793125
-0.654375
-0.771875
-0.81625
-0.925
-1.055625
-0.9375
-0.88625
-0.636875
-0.424375
-0.453125
-0.465
-0.663125
-0.848125
-0.791875
-0.711875
-0.5325
-0.47375
-0.6975
-1.055625
-1.63
-1.97375
-2.00125
-1.793125
-1.290625
-0.8875
-0.751875
-0.680625
-0.75375
-0.83
-0.6725
-0.55625
-0.40375
-0.26625
-0.3375
-0.42375
-0.4875
-0.52125
-0.499375
-0.51875
-0.63375
-0.85
-0.913125
-0.945
-0.985
-1.010625
-1.170625
-1.313125
-1.263125
-1.14875
-1.1275
-1.0325
-1.08375
-1.028125
-0.745
-0.55375
-0.373125
-0.341875
-0.43125
-0.543125
-0.600625
-0.610625
-0.669375
-0.62875
-0.639375
-0.67
-0.603125
-0.589375
-0.503125
-0.3225
-0.256875
-0.2025
-0.2025
-0.415625
-0.658125
-0.91625
-1.166875
-1.155625
-0.938125
-0.751875
-0.565625
-0.5075
-0.629375
-0.625
-0.63125
-0.674375
-0.648125
-0.716875
-0.80375
-0.9125
-0.98875
-1.0225
-1.0275
-0.97375
-0.920625
-0.883125
-0.81375
-0.705
-0.6925
-0.69875
-0.71625
-0.724375
-0.534375
-0.33125
-0.1725
-0.12875
-0.231875
-0.3275
-0.4025
-0.506875
-0.71875
-1.001875
-1.245625
-1.224375
-0.9725
-0.72125
-0.52125
-0.58625
-0.816875
-0.873125
-0.988125
-0.919375
-0.768125
-0.70875
-0.54875
-0.565
-0.608125
-0.7975
-0.96125
-0.92625
-0.851875
-0.539375
-0.34125
-0.27625
-0.243125
-0.358125
-0.41875
-0.449375
-0.615625
-0.705625
-0.7425
-0.794375
-0.65375
-0.589375
-0.61625
-0.701875
-0.795625
-0.813125
-0.715625
-0.493125
-0.4475
-0.485625
-0.59875
-0.77375
-0.746875
-0.610625
-0.47625
-0.328125
-0.199375
-0.1525
-0.1375
-0.25375
-0.49375
-0.691875
-0.8775
-0.829375
-0.800625
-0.929375
-1.01375
-1.255
-1.3825
-1.255625
-1.09
-0.829375
-0.5525
-0.558125
-0.605
-0.82375
-1.044375
-0.978125
-0.963125
-0.8275
-0.795
-0.843125
-0.89
-0.8725
-0.789375
-0.84625
-0.819375
-0.7875
-0.765
-0.61
-0.50375
-0.4875
-0.47125
-0.433125
-0.515625
-0.690625
-0.84
-1.2175
-1.340625
-1.240625
-1.13
-0.7275
-0.464375
-0.293125
-0.1675
-0.1175
-0.069375
-0.08625
-0.120625
-0.275625
-0.46
-0.614375
-0.794375
-0.890625
-0.913125
-0.8625
-0.855
-0.79375
-0.818125
-0.935625
-0.773125
-0.748125
-0.71375
-0.5925
-0.655625
-0.57875
-0.53625
-0.59375
-0.660625
-0.8075
-0.705625
-0.55625
-0.424375
-0.301875
-0.455625
-0.578125
-0.6525
-0.666875
-0.491875
-0.364375
-0.258125
-0.218125
-0.386875
-0.5075
-0.691875
-0.88375
-0.99625
-1.151875
-1.349375
-1.605625
-1.66625
-1.691875
-1.45
-1.016875
-0.74125
-0.550625
-0.50875
-0.49625
-0.53625
-0.44875
-0.44375
-0.625625
-0.736875
-0.985625
-1.10125
-0.975625
-0.850625
-0.7475
-0.715625
-0.860625
-1.07125
-1.145
-1.2775
-1.31125
-1.213125
-1.1975
-1.056875
-0.95875
-1.021875
-0.881875
-0.793125
-0.81125
-0.653125
-0.656875
-0.78875
-0.749375
-0.805625
-0.8725
-0.690625
-0.583125
-0.460625
-0.405
-0.495625
-0.4875
-0.55625
-0.515625
-0.485625
-0.566875
-0.58625
-0.63
-0.605625
-0.55125
-0.50625
-0.48625
-0.62625
-0.943125
-1.258125
-1.555625
-1.59875
-1.2975
-0.9325
-0.511875
-0.230625
-0.258125
-0.43
-0.646875
-0.905
-0.996875
-0.949375
-0.905
-0.830625
-0.749375
-0.803125
-0.871875
-0.955625
-1.07875
-1.005
-1.011875
-0.87625
-0.78
-0.796875
-0.676875
-0.778125
-0.818125
-0.901875
-0.995
-0.938125
-0.938125
-0.938125
-0.938125
