1.11
1.11
1.11
1.11
1.078125
1.05625
0.994375
0.96875
0.914375
0.89
0.91875
0.93
1.0075
1.068125
1.155
1.19875
1.15375
1.106875
0.975
0.915
0.9475
0.961875
1.033125
1.0775
1.07
1.114375
1.145625
1.16875
1.171875
1.144375
1.1425
1.11
1.1075
1.068125
0.943125
0.879375
0.813125
0.8175
0.90625
0.98
1.05
1.0875
1.126875
1.11375
1.1075
1.09875
1.049375
1.09875
1.13375
1.13625
1.1375
1.0375
0.959375
0.9275
0.911875
0.93
0.901875
0.880625
0.86375
0.885
0.9925
1.06125
1.10625
1.125
1.059375
1.040625
1.05375
1.06375
1.104375
1.1175
1.11125
1.065
0.994375
0.936875
0.895625
0.93125
1.018125
1.075625
1.121875
1.13125
1.101875
1.059375
0.99625
0.9125
0.829375
0.805
0.821875
0.849375
0.92625
0.96375
0.980625
1.026875
1.03625
1.065625
1.08875
1.10375
1.121875
1.14625
1.176875
1.199375
1.215625
1.17
1.10125
1.02625
0.948125
0.935625
0.9975
1.031875
1.041875
1.04125
0.9625
0.920625
0.935
0.943125
0.971875
1.0075
1.050625
1.05875
1.0475
1.01
0.908125
0.88875
0.903125
0.918125
0.99
0.9525
0.929375
0.95375
0.954375
1.066875
1.13875
1.1675
1.174375
1.1025
1.061875
1.029375
0.989375
0.955625
0.883125
0.820625
0.78625
0.77125
0.821875
0.841875
0.860625
0.879375
0.853125
0.8375
0.851875
0.858125
0.893125
0.959375
0.99625
0.99625
0.99625
0.99625
