-1.15
-1.15
-1.15
-1.15
-1.68125
-1.75625
-1.975
-2.21875
-1.90625
-1.6375
-1.4875
-0.89375
-0.71875
-0.8125
-0.66875
-1.3375
-1.925
-2.2
-2.5375
-2.3625
-2.0875
-2.05
-2.24375
-2.675
-3.0875
-3.38125
-3.16875
-2.8625
-2.05625
-1.25
-1.10625
-0.43125
-0.75625
-1.10625
-0.95
-1.5875
-1.33125
-0.525
-0.09375
0.625
0.675
0.0375
0.01875
-0.21875
-0.10625
0.3125
0.25
0.6
0.85
0.4125
0.1
-0.11875
-0.3625
-0.025
0.05
-0.44375
-1.03125
-1.45625
-1.9
-1.75625
-1.44375
-1.05
-0.4125
-0.5625
-0.7375
-1.45625
-2.2625
-2.5875
-2.9375
-2.7375
-2.24375
-1.35625
-0.25
0.48125
0.98125
1.15
1.13125
0.78125
0.2375
-0.65
-1.2625
-1.43125
-1.38125
-1.2875
-1.5375
-1.35625
-1.025
-0.0625
1.025
1.39375
1.4125
0.70625
-0.54375
-1.725
-2.5625
-3.06875
-2.89375
-2.40625
-2.25625
-1.9875
-1.975
-1.86875
-1.1125
-0.475
0.55625
1.04375
1.05
0.9375
0.2
-0.03125
-0.625
-1.125
-1.16875
-1.5875
-1.425
-1.2125
-1.00625
-0.38125
-0.3125
-0.09375
-0.08125
-0.3125
-0.03125
0.23125
0.08125
-0.2125
-0.6875
-1.48125
-1.7
-1.63125
-1.75
-1.70625
-1.9625
-1.975
-1.76875
-1.275
-0.34375
-0.28125
0.25625
0.06875
-0.175
0.0875
-0.675
-1.0
-1.4625
-1.44375
-0.85625
0.19375
0.9
0.8375
0.65
-0.3625
-0.8125
-0.6875
-0.0875
0.93125
1.3875
1.275
0.76875
0.5125
0.69375
1.15
1.39375
0.96875
0.23125
-0.65
-1.10625
-0.9875
-0.76875
0.0375
0.41875
0.5875
1.175
1.36875
1.9875
2.275
1.8875
1.13125
0.00625
-0.30625
-0.475
-0.325
-0.075
-0.66875
-0.925
-1.175
-1.36875
-1.2
-1.25
-1.35
-1.45
-1.55
-1.6
-1.3875
-1.29375
-0.9875
-0.625
-0.63125
-0.0625
0.13125
0.2625
0.49375
0.14375
-0.09375
-0.0125
0.18125
0.16875
0.20625
-0.06875
-0.24375
0.36875
0.98125
1.13125
0.96875
0.0125
-0.5625
-0.51875
-0.0125
1.16875
1.80625
2.44375
2.625
2.13125
1.94375
1.3875
1.10625
1.1625
1.075
1.08125
0.9875
1.10625
1.225
1.4
1.2375
0.9875
0.23125
-0.4
-0.76875
-1.6
-1.4
-0.7625
0.30625
2.075
2.9375
2.8
1.95
0.7125
-0.2625
-0.40625
-0.3875
-0.625
-0.76875
-1.575
-2.2125
-2.56875
-2.375
-1.68125
-0.9875
-0.3
-0.18125
-0.4
-0.61875
-0.98125
-1.275
-1.225
-1.175
-0.49375
0.1375
0.41875
0.7
-4.16333634234e-17
-0.8
-1.425
-1.55
-1.00625
-0.5
-0.01875
-0.5625
-1.44375
-2.33125
-3.0
-3.1
-2.53125
-1.6
-1.05625
-0.575
-1.09375
-2.0
-2.1875
-2.2375
-1.7875
-0.975
-1.01875
-1.325
-1.13125
-1.10625
-0.4625
0.51875
0.875
1.0375
0.43125
-0.3625
-1.2125
-1.675
-1.65625
-1.84375
-2.06875
-2.4875
-2.7125
-2.7125
-2.3
-2.05625
-1.98125
-1.43125
-0.85
0.35625
1.5375
1.8875
1.61875
0.60625
-0.6
-1.64375
-2.29375
-2.65625
-2.34375
-1.925
-1.33125
-0.7375
-0.9375
-0.84375
-1.1
-1.5875
-1.7625
-2.31875
-2.7
-2.33125
-2.15625
-1.45625
-0.5875
-0.3625
0.25
0.59375
0.6
0.375
-0.2125
-1.46875
-2.55625
-2.86875
-3.0375
-2.60625
-2.00625
-2.05
-1.7125
-1.26875
-0.70625
-0.1125
-0.0375
-0.225
-1.15625
-1.4125
-1.48125
-1.45625
-0.85625
-1.025
-1.475
-1.70625
-2.2
-2.4
-2.28125
-2.5875
-2.725
-3.04375
-3.45
-3.425
-3.03125
-2.29375
-1.36875
-0.6125
-0.66875
-0.60625
-0.84375
-1.34375
-1.4
-2.025
-2.575
-2.69375
-2.35625
-1.74375
-0.8375
-0.33125
-0.4125
-0.71875
-1.25625
-1.53125
-2.1375
-2.45
-2.99375
-3.6625
-3.89375
-4.01875
-3.9125
-3.5125
-3.03125
-2.71875
-2.40625
-2.325
-2.34375
-2.59375
-2.5875
-2.58125
-2.61875
-2.1875
-2.20625
-1.9375
-1.375
-1.0875
-0.4375
-0.59375
-0.98125
-1.46875
-2.35625
-2.49375
-2.78125
-2.79375
-2.375
-2.35625
-2.0375
-1.99375
-2.35
-2.6
-3.03125
-3.30625
-3.38125
-3.1625
-2.88125
-2.51875
-1.95625
-1.85625
-1.95625
-2.3375
-2.88125
-3.19375
-3.2
-2.79375
-2.6625
-2.35
-2.175
-2.225
-1.975
-2.025
-2.275
-2.375
-2.6
-2.70625
-2.38125
-2.375
-2.24375
-1.94375
-2.04375
-2.15
-2.31875
-2.6875
-2.9125
-2.99375
-2.9
-2.775
-2.43125
-2.1
-2.18125
-2.225
-2.4625
-2.43125
-2.08125
-1.775
-1.46875
-1.39375
-1.28125
-1.39375
-1.675
-1.66875
-1.98125
-1.825
-1.33125
-1.4125
-1.09375
-1.01875
-1.30625
-1.30625
-1.64375
-2.20625
-2.55
-2.6875
-2.7125
-2.26875
-1.85
-1.8375
-1.60625
-1.65
-1.2375
-0.8
-0.3875
-0.075
-0.7375
-1.2875
-2.15
-2.9
-2.93125
-2.66875
-2.2875
-1.88125
-1.35625
-1.23125
-1.3125
-1.36875
-2.03125
-2.55
-2.8375
-2.975
-2.825
-2.625
-2.3625
-2.45
-2.375
-1.825
-1.3625
-0.7875
-0.33125
-0.5
-0.45
-0.15625
-0.1625
-0.41875
-1.0375
-1.5
-1.63125
-0.99375
-0.25
-0.3625
-0.55
-1.35625
-1.86875
-1.6625
-1.48125
-1.26875
-1.4375
-1.94375
-2.425
-2.51875
-2.15
-1.475
-1.03125
-0.8125
-1.2625
-1.88125
-2.03125
-1.83125
-1.08125
-0.525
-0.2625
-0.275
-0.53125
-0.59375
-0.55
-1.05
-1.64375
-1.81875
-2.2375
-2.15625
-1.7375
-1.7375
-1.14375
-0.175
0.60625
0.99375
1.0625
0.38125
-0.48125
-0.95
-1.45625
-1.6125
-1.59375
-1.40625
-1.74375
-1.8625
-1.5875
-1.48125
-0.45625
0.20625
0.25625
0.25625
-0.2625
-0.44375
-0.60625
-0.64375
-0.80625
-1.30625
-1.125
-1.275
-1.05
-0.15625
-0.2
0.05
-0.20625
-1.34375
-2.025
-2.78125
-3.2
-3.38125
-3.23125
-2.7875
-2.175
-1.275
-0.70625
-0.46875
-0.4
-0.59375
-1.18125
-1.35625
-1.7
-1.925
-1.525
-1.8
-1.73125
-1.20625
-1.10625
-0.8125
-0.4125
-0.925
-1.21875
-0.8875
-1.175
-0.50625
0.53125
0.60625
1.06875
0.53125
-0.4
-0.325
-0.29375
0.25625
0.4125
-0.2875
-1.15
-2.05
-2.3875
-2.0625
-1.625
-1.16875
-0.59375
-0.85
-0.86875
-0.43125
-0.56875
-0.23125
0.225
-0.25625
-0.61875
-0.93125
-2.0375
-2.18125
-2.21875
-2.1125
-1.13125
-0.7125
-0.05
0.775
0.8125
1.0125
0.9125
0.48125
0.44375
0.0625
-0.03125
-0.50625
-0.7875
-0.66875
-0.8875
-0.675
-0.85
-1.0375
-0.725
-0.45625
0.4
1.05
1.2125
1.3625
0.7
-0.08125
-0.88125
-1.5125
-1.21875
-0.44375
0.84375
1.8125
1.9625
1.375
0.1125
-1.0
-1.4875
-1.34375
-0.66875
0.0125
-0.1
-0.10625
-0.33125
-0.60625
0.05625
0.4625
0.7
1.2
1.1625
0.95625
1.425
1.51875
1.4875
1.2625
0.29375
-0.2875
-0.83125
-1.0375
-0.675
-0.7625
-0.74375
-0.35
-0.7875
-1.16875
-1.45
-2.48125
-2.50625
-2.3625
-2.23125
-1.55
-1.43125
-0.975
-0.0875
0.46875
0.70625
0.24375
-0.9625
-2.03125
-2.50625
-2.475
-1.93125
-1.43125
-1.29375
-1.24375
-1.8125
-2.1375
-1.8375
-1.2875
-0.175
0.75625
0.79375
0.04375
-1.04375
-2.275
-2.63125
-2.16875
-1.36875
-0.0625
0.46875
0.80625
1.14375
0.95625
1.46875
1.35625
0.875
0.55
-0.64375
-1.18125
-1.175
-0.85
-0.01875
0.4625
0.2375
-0.3
-0.8125
-0.975
-0.95625
-0.9375
-0.775
-0.5875
0.21875
0.51875
0.65625
0.19375
-1.08125
-1.65625
-2.4125
-2.24375
-1.5625
-0.86875
0.175
0.65
0.85
0.46875
-0.09375
-1.06875
-1.7875
-1.9625
-1.84375
-0.89375
-0.18125
0.3625
0.1625
-0.45625
-0.95625
-1.625
-1.3375
-1.3375
-1.21875
-0.7625
-0.825
-0.21875
0.125
0.63125
0.84375
0.55
0.425
-0.3625
-0.6125
-0.525
-0.4625
0.24375
0.35
0.40625
0.4625
-0.10625
-0.34375
-1.0375
-1.25
-0.81875
0.05625
1.15
1.45
0.85625
-0.5125
-1.30625
-1.78125
-1.63125
-1.0875
-1.2875
-1.69375
-1.76875
-1.55
-0.8375
0.1
0.25
-0.10625
-1.06875
-2.05625
-2.48125
-2.35
-1.6
-0.68125
0.075
0.1375
-0.04375
-0.23125
-0.43125
0.0125
0.3125
0.1375
0.19375
-0.54375
-1.1125
-0.93125
-1.23125
-1.05
-0.75
-0.84375
-0.625
-0.2375
0.08125
0.05
0.26875
0.48125
0.64375
1.0875
1.18125
0.78125
0.38125
0.29375
-0.0875
-0.01875
0.075
-0.075
-0.03125
0.25625
0.325
0.01875
0.3375
-0.0125
0.2875
1.20625
1.1625
1.625
1.36875
0.36875
-0.125
-1.01875
-1.675
-1.75625
-1.38125
-0.525
0.1875
0.99375
1.31875
1.3625
1.55
1.3625
0.66875
-0.50625
-1.4625
-2.25625
-2.51875
-1.88125
-1.15
-0.6125
-0.08125
-0.03125
-0.53125
-0.8375
-1.18125
-1.61875
-1.4875
-0.85
-0.19375
0.925
1.43125
1.11875
0.80625
0.1625
-0.25
-0.51875
-0.61875
-0.95625
-1.3625
-1.40625
-1.39375
-0.98125
-0.23125
0.06875
-0.25
-1.0375
-2.25
-3.20625
-3.76875
-4.0
-3.74375
-2.96875
-2.025
-0.8875
-0.225
-0.1625
0.01875
-0.1875
-0.15
-0.075
-0.74375
-1.21875
-1.71875
-2.3125
-2.45
-2.41875
-1.8875
-0.95625
0.09375
0.80625
0.45625
-0.675
-1.85
-2.91875
-3.24375
-2.9875
-2.5
-1.71875
-0.78125
0.09375
0.1625
-0.23125
-1.225
-2.21875
-2.51875
-2.33125
-2.05625
-1.3
-0.9125
-0.8
-0.3625
-0.8875
-1.25625
-1.6125
-2.2875
-2.0
-1.2125
-0.19375
1.1625
1.725
1.7
1.05625
0.53125
0.15
-0.04375
0.33125
0.3
0.4375
0.0375
-0.54375
-1.34375
-1.95
-1.61875
-1.275
-0.45625
0.30625
0.5625
0.6125
0.7625
0.44375
-0.1375
-0.325
-0.93125
-1.1875
-0.99375
-1.04375
-1.10625
-0.70625
-0.31875
0.16875
1.025
1.38125
1.125
0.65
-0.175
-1.325
-1.8625
-2.0375
-1.86875
-1.325
-1.1
-1.09375
-1.25625
-1.61875
-1.8125
-2.15
-2.4875
-2.65625
-2.65625
-2.4875
-2.4875
-2.3125
-2.475
-2.46875
-2.29375
-2.46875
-2.30625
-2.3125
-1.81875
-1.03125
-0.64375
-0.425
-1.26875
-1.89375
-2.225
-2.21875
-1.10625
-0.30625
0.9125
2.275
2.73125
2.65625
1.61875
-0.04375
-1.2875
-1.54375
-1.2
-0.375
0.21875
-0.125
-0.53125
-1.275
-1.725
-1.34375
-1.025
-0.5375
-0.35
-0.74375
-1.13125
-1.6875
-1.83125
-1.8
-2.0
-2.0125
-2.2875
-2.5
-2.41875
-2.35625
-2.2375
-2.31875
-2.4625
-2.625
-3.0375
-2.825
-2.6125
-2.2125
-1.5875
-1.9375
-2.26875
-2.48125
-2.49375
-1.925
-1.39375
-1.63125
-1.8125
-2.05625
-2.1125
-1.1625
-0.53125
0.26875
0.70625
0.45
0.3
-0.06875
-0.21875
-0.35625
-0.9125
-1.5625
-1.84375
-1.75
-0.825
0.2875
0.5875
0.46875
-0.3875
-1.30625
-1.80625
-2.3
-2.56875
-2.81875
-2.54375
-1.90625
-0.9375
0.20625
0.325
0.275
-0.275
-1.2375
-1.725
-2.38125
-2.48125
-2.28125
-2.03125
-1.675
-1.69375
-1.65625
-1.64375
-1.05
-0.7
-0.56875
-0.31875
-1.04375
-1.48125
-1.8375
-2.2375
-1.7
-1.33125
-0.775
-0.3125
-0.64375
-0.7875
-1.09375
-1.55625
-1.39375
-1.29375
-1.20625
-0.94375
-1.35625
-1.24375
-1.1
-0.9375
-0.4125
-0.825
-1.2875
-1.7875
-2.40625
-2.39375
-2.04375
-1.7
-0.90625
-0.4875
-0.3625
-0.06875
-0.26875
-0.30625
-0.8625
-1.68125
-2.50625
-3.23125
-3.0
-2.53125
-1.39375
-0.18125
0.2875
0.6875
0.0875
-0.39375
-0.75625
-1.3375
-0.9375
-1.06875
-1.03125
-0.85
-1.4625
-1.75625
-2.05
-2.29375
-2.21875
-2.175
-1.7375
-1.325
-1.09375
-1.1125
-1.8
-2.4875
-2.83125
-2.9375
-2.43125
-1.73125
-1.39375
-0.81875
-1.0375
-1.1875
-0.95
-0.73125
0.1125
0.40625
0.50625
0.36875
-0.10625
0.0375
0.13125
-0.1125
0.29375
-0.13125
-0.43125
0.0625
-0.3875
-0.16875
-0.05
-0.825
-1.15625
-1.36875
-1.7875
-1.75
-1.2375
-1.275
-0.85625
-0.4375
-0.5375
-0.4
-0.65
-0.9
-1.50625
-2.1375
-2.4375
-2.5625
-2.06875
-1.50625
-1.28125
-1.40625
-1.7875
-2.325
-2.525
-2.38125
-2.1625
-1.6125
-1.06875
-0.4875
0.13125
0.55625
0.50625
-0.15
-0.91875
-1.88125
-2.55
-2.79375
-2.7875
-2.5875
-2.36875
-2.0375
-2.0375
-1.84375
-1.475
-1.44375
-1.46875
-1.74375
-2.20625
-2.40625
-2.21875
-2.1125
-1.9625
-1.7375
-1.7375
-1.6
-1.56875
-1.875
-2.14375
-2.21875
-2.4
-2.2
-2.05625
-2.10625
-1.7375
-1.475
-0.8
0.1625
0.85
1.26875
0.78125
-0.3
-1.48125
-2.275
-2.4625
-2.0375
-1.35625
-1.0625
-0.6625
-0.59375
-0.5875
-0.3875
-0.525
-1.15625
-2.01875
-2.88125
-3.575
-3.6875
-3.625
-3.4
-3.175
-3.0125
-2.85
-3.0125
-2.98125
-2.78125
-2.5625
-1.7875
-1.23125
-1.0125
-0.83125
-1.26875
-1.85
-2.2875
-2.3125
-1.825
-0.7125
0.61875
1.61875
1.875
1.19375
0.15
-1.4375
-2.375
-2.6375
-2.25
-1.35625
-0.51875
0.075
-0.29375
-0.1875
-0.38125
-0.475
-0.0875
-0.53125
-0.48125
-0.675
-0.86875
-0.725
-0.95625
-0.6375
0.1625
0.78125
0.9875
0.48125
-1.0125
-2.33125
-2.8
-2.71875
-2.13125
-1.54375
-1.2875
-1.39375
-1.5
-1.60625
-2.23125
-2.1875
-2.14375
-2.1
-1.6625
-2.03125
-2.25625
-2.025
-1.69375
-1.275
-1.18125
-2.0625
-2.95625
-3.60625
-3.5125
-2.8375
-2.01875
-1.225
-1.325
-1.4875
-1.81875
-2.15
-2.125
-2.1
-1.7875
-1.475
-1.38125
-1.35
-2.0875
-2.85
-2.9375
-2.9625
-2.0
-0.9875
-0.45625
0.1375
-0.25625
-0.48125
-1.1875
-1.78125
-1.725
-1.575
-0.825
-0.30625
0.06875
-0.15625
-0.2875
-0.025
0.5
1.3625
1.8
1.6125
1.03125
0.7125
0.825
1.05625
1.01875
0.60625
-0.425
-1.2875
-1.65625
-2.33125
-2.60625
-2.71875
-3.09375
-3.075
-2.61875
-2.15625
-1.55
-0.94375
-0.95625
-1.49375
-1.66875
-1.725
-1.41875
-0.59375
-0.075
0.20625
0.3875
0.76875
0.7
0.75
0.2625
-0.60625
-0.94375
-0.825
-0.075
0.2125
0.1625
-0.825
-2.1875
-3.06875
-3.7125
-3.68125
-3.40625
-3.19375
-2.99375
-2.65625
-2.40625
-2.09375
-1.46875
-1.675
-1.4375
-1.1375
-1.1375
-0.4625
-0.44375
-0.03125
0.1375
-0.06875
-0.1375
-1.11875
-2.125
-2.575
-2.90625
-2.5875
-1.975
-1.55
-0.79375
-0.05
0.825
1.03125
0.575
-0.0625
-0.63125
-0.7
-0.5
-0.21875
-0.2
0.15625
1.1375
1.58125
1.94375
1.8
0.7625
0.11875
-0.44375
-0.8875
-1.16875
-1.13125
-1.46875
-1.7375
-1.4625
-1.46875
-1.1
-0.95
-1.6125
-2.025
-2.4375
-2.65
-2.3875
-2.74375
-3.08125
-3.025
-2.98125
-2.0625
-1.18125
-0.54375
0.56875
1.175
1.975
2.14375
1.2875
-0.025
-1.49375
-2.31875
-2.4
-1.51875
-0.9125
-0.3
0.23125
-0.2
-0.3125
-0.46875
-0.975
-0.80625
-0.7
-1.0
-0.8125
-0.50625
0.25625
1.125
1.4625
1.38125
0.58125
-0.04375
-0.06875
0.09375
0.325
0.575
-0.025
-1.1625
-1.7125
-2.325
-2.075
-1.43125
-1.09375
-0.7125
-1.01875
-1.0625
-1.34375
-1.6625
-1.65
-2.0
-2.53125
-2.4625
-2.375
-1.9625
-1.08125
-0.86875
-0.35625
0.1875
0.9125
1.325
1.08125
0.3125
-1.23125
-1.83125
-1.59375
-1.025
0.33125
0.8375
0.34375
-0.175
-1.1625
-2.0
-1.9625
-1.70625
-1.56875
-0.8625
-0.56875
-0.6375
-0.36875
-0.71875
-0.99375
-1.1
-1.1875
-1.21875
-1.2875
-1.35625
-1.46875
-1.4125
-1.75625
-1.9375
-2.175
-1.93125
-1.2625
-0.725
-0.3625
-0.50625
-0.7375
-0.7125
-0.31875
0.0375
0.9125
1.19375
1.2625
0.975
0.29375
0.225
0.11875
0.625
0.80625
0.36875
-0.13125
-0.5375
-0.7
-0.325
0.16875
0.05625
-0.2125
-0.70625
-1.2
-1.575
-1.6375
-1.9
-2.1875
-2.2125
-2.18125
-2.14375
-2.08125
-1.70625
-1.4625
-0.65
0.38125
0.83125
1.15625
0.73125
0.26875
-0.21875
-0.78125
-0.83125
-0.98125
-0.64375
-0.16875
0.03125
-0.30625
-1.15625
-1.71875
-1.975
-1.275
-0.31875
0.2
0.7125
0.41875
0.38125
0.1375
-0.2625
-0.575
-1.3625
-1.76875
-2.58125
-2.98125
-3.2
-3.46875
-3.3
-3.49375
-3.41875
-2.8125
-2.21875
-1.2625
-0.70625
-0.68125
-0.68125
-0.7375
-0.16875
0.30625
0.78125
0.7875
0.075
-0.85625
-1.59375
-1.54375
-1.25625
-0.63125
-0.41875
-1.11875
-1.9625
-2.325
-1.9875
-1.025
0.5625
1.35625
1.15
1.0625
0.4
0.3625
0.84375
1.08125
1.1
0.5
0.41875
-0.20625
-0.49375
-0.675
-1.375
-1.4
-1.05
-0.01875
0.55625
1.2375
1.66875
1.1625
1.1125
0.5
-0.71875
-1.3125
-1.90625
-2.225
-1.70625
-1.06875
-0.45625
0.1625
0.44375
0.4375
0.48125
0.29375
-0.2875
-1.13125
-1.54375
-1.49375
-0.63125
0.75625
1.39375
2.13125
2.1375
1.7625
1.85
1.10625
0.95
0.76875
0.0875
0.1
-0.7
-1.55
-1.9
-2.6375
-2.79375
-2.78125
-2.65
-2.325
-2.0625
-1.75
-1.68125
-1.1125
-0.56875
0.125
0.73125
0.3375
0.0125
-0.20625
-0.71875
-0.23125
0.3125
0.29375
0.46875
-0.35625
-1.0625
-1.20625
-1.18125
-0.65625
-0.51875
-1.14375
-1.3125
-1.025
-0.61875
0.79375
1.74375
1.78125
1.6875
0.73125
-0.575
-1.425
-1.85625
-2.1375
-2.08125
-1.69375
-1.2375
-0.45
0.275
0.79375
0.69375
0.33125
0.1
-0.7125
-1.1875
-1.40625
-1.725
-1.41875
-1.33125
-1.51875
-1.675
-2.0
-2.19375
-1.91875
-1.80625
-1.6875
-1.325
-1.16875
-0.875
-0.5875
-0.48125
-0.95625
-1.29375
-1.6375
-1.925
-1.78125
-1.41875
-1.05
-0.7375
-0.375
-0.475
-0.74375
-1.0125
-1.30625
-1.63125
-1.66875
-1.90625
-2.16875
-1.99375
-1.71875
-0.825
0.05625
0.1375
0.11875
-0.7375
-0.99375
-0.16875
0.25
1.1125
0.9125
-0.18125
-0.81875
-1.48125
-1.475
-0.975
-0.48125
0.18125
0.50625
0.66875
0.34375
-0.15
-0.475
-0.675
-0.725
-0.75
-0.8
-1.43125
-1.69375
-2.2
-2.65625
-2.65625
-2.5875
-2.275
-1.9875
-1.24375
-1.21875
-1.21875
-0.7375
-1.05
-0.425
0.2
-0.1375
-0.25625
-1.3375
-2.41875
-2.5625
-2.5875
-1.9625
-1.3375
-1.625
-1.45625
-1.16875
-0.7625
0.1
0.05
-0.2875
-0.74375
-1.2
-0.825
-0.93125
-0.675
-0.41875
-0.74375
-0.5625
-1.05
-1.5375
-1.4875
-1.4625
-0.975
-0.31875
-0.51875
-0.2625
-0.375
-0.65
-0.20625
-0.675
-0.93125
-1.36875
-1.8375
-1.85
-1.65
-1.275
-0.89375
-0.5125
-0.55625
-0.625
-1.3625
-1.93125
-2.40625
-2.6375
-2.19375
-2.1125
-1.45625
-1.2125
-1.31875
-1.0875
-1.26875
-1.25625
-1.06875
-1.14375
-1.5875
-1.9125
-2.06875
-2.10625
-1.99375
-2.11875
-2.58125
-3.04375
-3.1375
-2.63125
-1.7875
-0.94375
-0.00625
-0.03125
-0.225
-0.41875
-1.44375
-1.81875
-2.3625
-2.90625
-2.84375
-3.0
-2.9875
-3.0
-2.9
-2.3875
-1.875
-0.8125
0.06875
0.10625
0.6
0.4
0.2125
0.48125
0.29375
0.4
0.325
0.46875
0.31875
-0.4375
-1.01875
-1.50625
-1.8875
-1.7625
-1.15625
-1.15625
-1.00625
-0.38125
-0.6
-0.6625
-0.65
-1.46875
-2.04375
-2.25625
-2.48125
-2.56875
-2.5375
-2.88125
-3.075
-2.875
-2.5
-1.95
-1.8125
-1.85625
-2.3125
-2.76875
-2.59375
-2.15
-1.2125
0.11875
0.6625
0.4375
-0.2375
-1.525
-2.2375
-2.1375
-1.725
-1.29375
-0.9875
-1.225
-1.7
-2.0125
-2.3875
-2.73125
-2.95625
-3.14375
-3.49375
-3.48125
-3.46875
-3.41875
-3.2
-3.10625
-3.0125
-2.93125
-2.875
-3.05
-3.25
-3.5375
-3.8
-3.95
-4.1125
-3.98125
-3.65625
-2.75
-1.575
-0.68125
-0.03125
-0.1875
-0.575
-0.7
-0.75625
-0.69375
-0.8625
-1.38125
-1.88125
-2.2375
-2.3625
-2.425
-2.7
-2.925
-3.15
-3.28125
-3.2375
-3.04375
-2.66875
-2.275
-1.7125
-1.525
-1.6625
-2.0375
-2.26875
-2.3375
-1.7375
-0.9375
-0.93125
-0.8875
-1.86875
-2.85
-2.89375
-2.70625
-1.84375
-0.95625
-0.98125
-1.46875
-2.36875
-3.31875
-3.35625
-2.70625
-1.75625
-0.75625
-0.66875
-0.95
-0.9625
-1.0
-0.64375
-0.85625
-1.4
-1.94375
-2.3875
-2.35
-2.64375
-2.9375
-3.24375
-3.2125
-2.85
-2.4875
-1.69375
-1.38125
-0.73125
0.09375
0.175
0.325
0.25625
-0.04375
-0.0875
-0.175
-0.66875
-0.76875
-0.78125
-0.5375
-0.175
-0.275
-0.50625
-0.99375
-1.29375
-1.68125
-1.71875
-1.325
-0.775
0.00625
0.2375
-0.05625
-0.525
-1.0125
-1.225
-1.00625
-0.98125
-0.7625
-0.525
-0.3625
-0.00625
-0.05625
-0.09375
-0.75625
-1.3
-1.75
-2.06875
-1.7125
-1.61875
-0.925
-0.26875
0.45625
1.46875
1.69375
1.45625
0.66875
-0.04375
-0.625
-0.86875
-0.5125
-0.3375
0.18125
0.7
0.75625
0.51875
0.08125
-0.475
-1.19375
-1.44375
-1.8
-1.91875
-1.2875
-0.71875
0.18125
0.8625
0.81875
0.31875
-0.56875
-1.25625
-1.36875
-1.18125
-0.46875
0.14375
0.13125
0.075
-0.1625
-0.4
0.0625
0.9375
1.3
1.5625
1.4625
0.85
0.8125
0.975
1.1375
1.11875
1.0375
0.90625
0.4625
0.51875
-0.05625
-0.7125
-0.74375
-0.78125
-0.3375
0.16875
-0.11875
-0.70625
-0.8125
-0.6375
0.0375
0.65625
0.3125
-0.65625
-1.49375
-1.65625
-1.00625
0.26875
1.68125
2.25
2.6375
2.35
1.65
1.3125
0.5375
0.125
-0.0125
-0.26875
-0.2375
-0.325
-1.04375
-1.50625
-1.99375
-1.88125
-1.125
-0.64375
-0.1375
-0.59375
-1.375
-2.01875
-2.6625
-2.34375
-1.69375
-0.5625
0.4
0.4
0.0625
-1.1
-1.925
-2.15
-1.875
-1.39375
-1.08125
-1.00625
-1.2625
-1.20625
-0.81875
-0.175
0.275
0.375
-0.1625
-0.975
-1.55625
-1.5875
-1.3875
-0.875
-0.09375
0.075
0.39375
0.84375
0.68125
0.7875
0.74375
0.05
-0.34375
-0.9375
-1.4
-1.48125
-1.60625
-1.44375
-1.0125
-0.3125
0.31875
0.88125
0.75625
0.175
-0.2875
-0.85
-1.01875
-0.9125
-0.80625
-0.63125
-0.15625
-0.2625
-0.175
-0.24375
-1.14375
-1.0875
-1.025
-0.65
0.55625
0.78125
0.53125
-0.06875
-1.1375
-1.2625
-0.75
0.41875
1.53125
1.81875
1.59375
0.7375
0.40625
0.8
1.1875
1.56875
1.7875
1.64375
1.8125
2.08125
1.875
1.1875
0.13125
-0.9875
-1.875
-1.825
-1.68125
-1.3
-0.79375
-1.2
-1.15
-0.85625
-0.3
0.8875
1.4
1.06875
0.4
-0.1625
-0.3875
0.325
0.725
0.50625
0.40625
-0.4375
-0.94375
-1.1125
-1.54375
-1.7375
-2.075
-2.35625
-1.96875
-1.16875
0.25625
1.56875
1.975
1.5375
0.325
-0.975
-1.8375
-1.8875
-1.86875
-1.68125
-1.60625
-2.19375
-2.3
-2.45625
-2.175
-1.425
-0.9875
-0.3625
-0.6
-0.63125
-0.24375
0.01875
0.68125
0.51875
-0.33125
-1.39375
-2.15
-2.425
-2.43125
-2.14375
-2.06875
-1.83125
-1.65625
-1.55
-1.5125
-1.60625
-1.58125
-1.775
-1.7
-1.68125
-1.20625
-0.5625
-0.44375
-0.46875
-1.075
-1.68125
-1.65625
-1.4625
-1.01875
-0.38125
-0.225
0.05
-0.08125
-0.4625
-0.85625
-1.4875
-2.0125
-2.5
-2.475
-2.35625
-1.73125
-1.0375
-1.04375
-1.025
-1.55
-2.31875
-2.525
-2.375
-2.13125
-1.3375
-0.91875
-1.0125
-0.81875
-1.14375
-1.29375
-1.00625
-0.725
-0.475
-0.25
-0.59375
-1.45625
-2.1
-2.2125
-1.8125
-1.09375
-0.425
-0.74375
-1.34375
-1.675
-1.95625
-1.3625
-0.55
0.34375
1.2125
1.66875
1.91875
1.375
0.95
0.30625
-0.8125
-1.475
-2.25625
-2.9375
-2.6625
-2.3625
-1.7
-0.70625
-0.5875
0.05625
0.03125
-0.20625
0.23125
-0.35625
-0.8125
-1.03125
-1.6875
-1.825
-1.33125
-1.11875
-0.74375
-0.43125
-0.575
-0.8125
-0.93125
-0.7875
-0.61875
-0.13125
0.25625
0.20625
-0.35
-0.95
-1.55625
-1.78125
-1.15
-1.11875
-1.0375
-1.1375
-1.9875
-2.33125
-2.24375
-2.25625
-1.51875
-0.80625
-1.00625
-1.0875
-1.4375
-1.8125
-1.7125
-1.6375
-1.975
-2.2875
-2.6375
-2.8
-2.33125
-1.8625
-1.4
-1.1
-1.2875
-1.45
-1.5875
-1.46875
-1.33125
-0.8875
0.0625
0.5
0.8625
0.68125
-0.5125
-1.5875
-2.41875
-2.98125
-3.0125
-2.45
-1.9125
-1.9125
-1.9125
-1.9125
