0.883125
0.883125
0.883125
0.883125
0.8925
0.91375
0.920625
0.9125
0.8975
0.861875
0.838125
0.83875
0.82875
0.865625
0.903125
0.940625
0.985625
0.98125
0.998125
0.98125
0.965625
0.951875
0.915625
0.913125
0.94
0.990625
1.03375
1.076875
1.063125
1.025625
1.0225
0.98625
0.98
0.975
0.93
0.924375
0.950625
1.013125
1.06625
1.120625
1.105625
1.031875
0.98625
0.903125
0.866875
0.87125
0.888125
0.904375
0.92625
0.976875
0.990625
1.04625
1.056875
0.995
0.975625
0.93375
0.921875
0.9725
1.000625
1.044375
1.095625
1.10625
1.105625
1.08875
1.05125
1.005625
0.97125
0.919375
0.89
0.903125
0.91625
0.935
0.91875
0.88375
0.8375
0.818125
0.841875
0.84875
0.8725
0.88
0.855625
0.8625
0.856875
0.84625
0.889375
0.90875
0.951875
1.011875
0.986875
0.976875
0.97125
0.935
0.961875
0.984375
0.96
0.978125
0.9675
0.96875
0.995625
1.025
1.06375
1.0725
1.119375
1.1175
1.125
1.16625
1.14125
1.155
1.18375
1.160625
1.1575
1.101875
0.9975
0.931875
0.8825
0.878125
0.898125
0.951875
0.9975
1.04375
1.080625
1.04
0.97875
0.9
0.835625
0.84625
0.88
0.943125
1.0325
1.05875
1.115625
1.14125
1.10625
1.07875
1.003125
0.941875
0.9125
0.924375
0.969375
1.02
1.068125
1.093125
1.06125
1.000625
0.923125
0.83625
0.836875
0.904375
0.981875
1.095625
1.114375
1.086875
1.0875
1.063125
1.104375
1.104375
1.11
1.08375
1.038125
1.03375
0.991875
0.98125
0.96125
0.93625
0.88875
0.856875
0.8425
0.879375
0.9675
1.04
1.105625
1.100625
1.105625
1.110625
1.091875
1.075625
0.995
0.89875
0.840625
0.82625
0.8575
0.92
0.9625
0.97375
0.97125
0.96875
1.00875
1.050625
1.10125
1.135625
1.129375
1.1475
1.1375
1.12875
1.08125
0.993125
0.976875
0.9625
1.001875
1.076875
1.09
1.098125
1.08875
1.0675
1.038125
1.01125
0.97625
0.9775
1.010625
1.028125
1.08125
1.066875
1.054375
1.073125
1.08375
1.159375
1.208125
1.204375
1.149375
1.014375
0.875
0.79375
0.769375
0.788125
0.860625
0.89125
0.895
0.95125
0.976875
1.035625
1.110625
1.12625
1.134375
1.139375
1.13375
1.111875
1.071875
1.046875
1.0125
0.991875
1.0
0.959375
0.94125
0.938125
0.956875
1.01375
1.05625
1.14
1.16625
1.16375
1.1425
1.03375
0.94125
0.84125
0.769375
0.759375
0.7675
0.84625
0.928125
0.991875
1.071875
1.09375
1.136875
1.195625
1.2
1.17625
1.074375
0.966875
0.930625
0.983125
1.083125
1.14875
1.173125
1.12
1.086875
1.054375
0.990625
0.936875
0.84
0.766875
0.724375
0.74
0.785
0.85375
0.936875
0.97875
1.055
1.1075
1.155625
1.1575
1.084375
1.00875
0.955
0.9575
1.003125
1.064375
1.04875
1.023125
1.015
0.983125
1.00375
1.026875
1.013125
1.01
1.005
0.99
0.945625
0.90125
0.885625
0.893125
0.943125
0.993125
1.011875
1.043125
1.088125
1.16
1.20625
1.211875
1.180625
1.08625
1.011875
0.92625
0.86625
0.835
0.825
0.8625
0.88875
0.9225
0.919375
0.905
0.89625
0.93125
1.01
1.038125
1.0775
1.036875
0.984375
0.98125
0.976875
0.99625
0.9775
0.940625
0.89375
0.88125
0.913125
0.95875
1.03
1.09625
1.13625
1.168125
1.16375
1.13625
1.125
1.09375
1.07375
1.07625
1.050625
1.064375
1.0875
1.05625
1.07
1.050625
0.995625
0.985625
0.928125
0.8825
0.851875
0.811875
0.819375
0.8525
0.9325
1.0175
1.056875
1.100625
1.0825
1.046875
1.055
1.023125
1.006875
1.0025
0.959375
0.94
0.918125
0.93625
0.976875
1.009375
1.0925
1.1075
1.1525
1.16375
1.136875
1.135625
1.09875
1.090625
1.04875
1.03375
0.970625
0.905625
0.876875
0.8525
0.9
0.9875
1.066875
1.086875
1.11
1.050625
1.01
1.000625
0.925625
0.90875
0.876875
0.88625
0.929375
0.95
0.9725
0.906875
0.840625
0.805625
0.79625
0.835
0.899375
0.970625
0.978125
1.009375
1.00625
0.9475
0.93375
0.8975
0.883125
0.8925
0.8925
0.87
0.87375
0.890625
0.95625
1.044375
1.050625
1.045625
0.9675
0.90375
0.900625
0.898125
0.900625
0.925
0.92625
0.95125
1.008125
0.985
0.9775
0.925
0.8575
0.826875
0.78625
0.77875
0.790625
0.8475
0.911875
0.965625
1.018125
0.995625
1.014375
1.035625
1.033125
1.104375
1.105
1.095
1.095625
1.02125
0.975
0.928125
0.859375
0.863125
0.843125
0.845625
0.891875
0.87375
0.885
0.915
0.923125
0.978125
1.0575
1.076875
1.076875
1.086875
1.031875
1.01
1.05375
1.029375
1.04125
1.063125
1.03625
1.0675
1.10875
1.114375
1.075625
1.02
0.944375
0.91125
0.974375
1.064375
1.15125
1.2025
1.1775
1.09625
1.024375
0.966875
0.950625
0.949375
0.96875
0.988125
0.97625
0.98625
0.969375
0.93
0.890625
0.851875
0.82125
0.86
0.935
0.99625
1.0925
1.115
1.131875
1.16125
1.11375
1.095625
1.074375
1.04625
1.090625
1.156875
1.17625
1.184375
1.145625
1.075
1.0525
1.05125
1.08125
1.101875
1.088125
1.04375
0.969375
0.93625
0.925625
0.955
0.99875
0.984375
1.006875
1.0125
1.035
1.098125
1.11
1.1125
1.0575
0.996875
0.94625
0.93375
0.96875
1.018125
1.086875
1.0975
1.10125
1.075
1.021875
0.98625
0.9675
0.95125
0.93875
0.930625
0.905625
0.93125
0.974375
1.039375
1.13125
1.171875
1.200625
1.236875
1.23375
1.2175
1.205
1.12
1.01625
0.96375
0.894375
0.8875
0.9175
0.921875
0.9575
0.965625
0.97
0.9575
0.91375
0.894375
0.865625
0.85625
0.90375
0.968125
1.033125
1.071875
1.02125
0.924375
0.856875
0.813125
0.8175
0.8175
0.795
0.774375
0.755625
0.759375
0.79125
0.831875
0.870625
0.91625
0.885
0.853125
0.819375
0.77375
0.779375
0.79
0.804375
0.821875
0.834375
0.794375
0.750625
0.70875
0.69
0.70875
0.751875
0.795
0.801875
0.810625
0.774375
0.74
0.7625
0.78125
0.8225
0.86
0.81
0.761875
0.715625
0.68375
0.69625
0.723125
0.753125
0.76
0.76875
0.74875
0.72125
0.716875
0.7125
0.724375
0.75375
0.758125
0.800625
0.851875
0.89125
0.94125
0.921875
0.879375
0.835
0.796875
0.7975
0.8125
0.825
0.830625
0.838125
0.84375
0.829375
0.815625
0.773125
0.72875
0.726875
0.726875
0.741875
0.75875
0.75875
0.75875
0.75875
