0.0770625
0.0770625
0.0770625
0.0770625
0.1156875
0.098125
0.154625
0.1606875
0.127625
0.105375
0.0660625
0.0825
0.1130625
0.1521875
0.1836875
0.1985625
0.2076875
0.2075
0.215875
0.2671875
0.3276875
0.4285625
0.52275
0.5085625
0.47425
0.3591875
0.2575
0.2716875
0.303625
0.33425
0.369125
0.288125
0.160125
0.1054375
0.02225
0.03925
0.177625
0.276875
0.4011875
0.441
0.3408125
0.2633125
0.1466875
0.089875
0.097625
0.0825
0.12975
0.1418125
0.105
0.0570625
-0.02075
-0.073375
-0.039875
0.0236875
0.078875
0.125625
0.126875
0.1235625
0.1856875
0.2486875
0.3489375
0.435875
0.4144375
0.4443125
0.3721875
0.3133125
0.3553125
0.346
0.4338125
0.5083125
0.492
0.393625
0.23375
0.08725
-0.0289375
-0.0323125
0.0191875
0.064875
0.120625
0.1565625
0.175
0.2011875
0.2265
0.1643125
0.086375
0.041625
-0.00225
0.0894375
0.1454375
0.1178125
0.101125
0.0320625
0.055125
0.111375
0.139125
0.153625
0.1283125
0.1620625
0.2713125
0.40475
0.5306875
0.5369375
0.4434375
0.37275
0.3020625
0.2878125
0.29925
0.2123125
0.117875
0.060375
0.0365625
0.0783125
0.1436875
0.1915625
0.2043125
0.208625
0.1565625
0.1491875
0.166875
0.1788125
0.27125
0.243125
0.2
0.1635
0.07725
0.089125
0.115125
0.148625
0.191625
0.1881875
0.179
0.172375
0.16575
0.1928125
0.1525
0.0911875
-0.000875
-0.1251875
-0.124
-0.1185
-0.0515
0.031625
-0.00325
-0.015375
-0.0649375
-0.1430625
-0.088
-0.05
-0.00775
0.1245
0.174875
0.175375
0.1883125
0.1245
0.1188125
0.2156875
0.353
0.4963125
0.5891875
0.5785625
0.4354375
0.3109375
0.092875
-0.0303125
-0.1063125
-0.1763125
-0.109625
-0.0860625
0.038875
0.1331875
0.14125
0.159375
0.111
0.0765
0.1359375
0.183875
0.2309375
0.2708125
0.2205625
0.163125
0.0643125
0.0245625
0.0658125
0.1156875
0.2509375
0.2939375
0.335625
0.42775
0.5271875
0.6598125
0.701625
0.652625
0.50275
0.3715625
0.2908125
0.2504375
0.2681875
0.2665625
0.2649375
0.221625
0.213375
0.1705625
0.1625
0.22775
0.1998125
0.21575
0.1621875
0.085625
0.0595
0.0765
0.129
0.1743125
0.220375
0.21575
0.1665
0.10575
0.0335
-0.015
0.032125
0.0893125
0.1773125
0.2909375
0.35425
0.36275
0.34025
0.234125
0.11725
0.066875
-0.0148125
-0.0641875
-0.0545625
-0.0034375
0.1330625
0.29
0.3468125
0.3480625
0.3061875
0.2433125
0.230875
0.2231875
0.2155
0.2265
0.2375
0.2351875
0.2833125
0.2710625
0.2588125
0.2508125
0.1419375
0.1533125
0.172375
0.1981875
0.282125
0.279875
0.25225
0.23975
0.23725
0.24475
0.2799375
0.2846875
0.246375
0.2258125
0.18525
0.1775625
0.2053125
0.2054375
0.235625
0.2481875
0.240625
0.2681875
0.300375
0.35725
0.43425
0.4936875
0.5190625
0.485
0.440875
0.39675
0.336625
0.3213125
0.277125
0.2315
0.212
0.173125
0.2073125
0.2429375
0.2761875
0.3256875
0.274
0.194875
0.10825
0.007
-0.04725
-0.056125
-0.045125
-0.0929375
-0.12075
-0.130875
-0.143875
-0.023875
0.074625
0.111375
0.09
-0.0166875
-0.069625
-0.115875
-0.101875
-0.051125
-0.033125
0.01425
0.0756875
0.06525
0.0358125
0.0226875
-0.02575
0.01575
0.07625
0.075125
0.0724375
0.0533125
0.02375
0.0320625
0.0848125
0.116375
0.1665625
0.2318125
0.3001875
0.35225
0.35375
0.296
0.194125
0.087375
-0.020625
-0.0553125
-0.1168125
-0.1326875
-0.0736875
-0.0209375
0.0356875
0.0883125
0.1096875
0.0728125
0.103875
0.116125
0.078625
0.090125
0.031875
-0.0371875
-0.0531875
-0.1255625
-0.0968125
-0.0210625
0.0190625
0.1564375
0.2100625
0.2275
0.310125
0.33575
0.378125
0.3843125
0.37275
0.281
0.149
0.054
-0.1098125
-0.17025
-0.194875
-0.20025
-0.141875
-0.1415625
-0.1555625
-0.2105
-0.3405625
-0.3615625
-0.309875
-0.2188125
-0.0534375
0.0200625
-0.001125
-0.056
-0.148375
-0.2044375
-0.20975
-0.224
-0.1655625
-0.109
-0.041625
0.0739375
0.081625
0.0558125
-0.0348125
-0.1735625
-0.1781875
-0.1660625
-0.0659375
0.0790625
0.0636875
0.0744375
0.1024375
0.0773125
0.237625
0.3054375
0.312
0.4016875
0.316875
0.3300625
0.3005
0.176375
0.1328125
0.0145
-0.034
-0.0343125
-0.0484375
0.031375
0.041875
0.0479375
0.0665
-0.02825
-0.104875
-0.1421875
-0.180875
-0.1130625
0.04525
0.1249375
0.1798125
0.2091875
0.129875
0.12225
0.10675
0.0904375
0.1744375
0.2339375
0.3383125
0.358
0.237625
0.0459375
-0.1745625
-0.29725
-0.2961875
-0.16825
-0.0683125
0.02025
0.0495
-0.0249375
-0.0516875
-0.1173125
-0.149125
-0.101375
0.0031875
0.1480625
0.258125
0.3298125
0.31625
0.297125
0.3166875
0.307875
0.3325625
0.30575
0.24125
0.2330625
0.141125
0.0961875
0.057625
-0.027375
-0.003
-0.04425
-0.0563125
-0.03325
-0.0608125
0.0136875
0.0163125
-0.0079375
-0.00875
-0.040625
0.0439375
0.14475
0.215125
0.253125
0.1793125
0.0720625
-0.019875
-0.095625
-0.0804375
-0.01225
0.02025
0.0603125
0.1091875
0.1743125
0.3268125
0.4529375
0.4365625
0.295375
0.1024375
-0.0845
-0.138625
-0.1455625
-0.168625
-0.1125
-0.0458125
0.11225
0.2946875
0.3571875
0.2514375
0.10925
-0.0835625
-0.204875
-0.15275
-0.172375
-0.139625
-0.17875
-0.25575
-0.2825625
-0.330875
-0.2704375
-0.238125
-0.216
-0.1468125
-0.1640625
-0.22575
-0.1861875
-0.1821875
-0.10725
0.0850625
0.14225
0.207
0.233375
0.195375
0.182125
0.1425
0.05725
-0.0708125
-0.1378125
-0.1418125
-0.1066875
-0.023375
0.0101875
0.024625
0.044625
0.14225
0.2603125
0.3105625
0.366375
0.2480625
0.1164375
0.019875
-0.05375
0.0063125
0.0864375
0.209
0.336
0.37825
0.322625
0.154375
-0.0468125
-0.162625
-0.1443125
-0.036625
0.026875
-0.0175
-0.1141875
-0.182125
-0.197875
-0.0714375
0.0626875
0.1486875
0.236625
0.2379375
0.17675
0.103875
0.0473125
0.0094375
0.0570625
0.1330625
0.1828125
0.26575
0.2955625
0.3519375
0.393
0.2986875
0.22075
0.0504375
-0.079875
-0.07275
-0.0150625
0.099625
0.1635
0.1904375
0.142375
0.1606875
0.164875
0.099625
0.0828125
-0.06675
-0.1805
-0.1769375
-0.1936875
-0.1485
-0.0944375
-0.0865625
-0.13275
-0.1376875
-0.065
-0.0170625
0.17525
0.33
0.310625
0.3073125
0.1480625
-0.0179375
-0.041625
-0.0651875
-0.022375
0.0038125
-0.0211875
0.0116875
0.021375
0.032
0.028375
-0.0845
-0.151
-0.1470625
-0.07
0.067875
0.2228125
0.3380625
0.355
0.299
0.2018125
0.0895
0.0175625
0.063875
0.092625
0.1869375
0.28125
0.32075
0.32075
0.32075
0.32075
