-0.1155625
-0.1155625
-0.1155625
-0.1155625
-0.080375
-0.0321875
-0.0021875
-0.0099375
-0.047
-0.087375
-0.10625
-0.0661875
-0.0161875
0.0410625
0.1465
0.194
0.2315625
0.224125
0.1623125
0.118375
0.045625
0.0163125
-0.056625
-0.1229375
-0.131625
-0.13375
-0.0831875
-0.0225
-0.0098125
-0.021625
0.010625
0.026125
0.0511875
0.0806875
0.04275
-0.04075
-0.11725
-0.193375
-0.2278125
-0.2076875
-0.13675
-0.0110625
0.0429375
0.10775
0.0976875
0.00825
-0.02025
-0.0731875
-0.0994375
-0.093625
-0.1065625
-0.1201875
-0.123875
-0.1060625
-0.0494375
-0.006375
-0.0020625
-0.0086875
-0.049125
-0.030625
0.0560625
0.142125
0.212625
0.2324375
0.2159375
0.1584375
0.1198125
0.08125
0.0365625
0.012
-0.0125625
-0.0480625
-0.1303125
-0.1589375
-0.1875625
-0.1920625
-0.1363125
-0.141125
-0.1065625
-0.0524375
-0.0163125
0.0449375
0.049625
0.032125
0.0519375
0.05725
0.087
0.08175
0.0639375
0.0500625
-0.0005
-0.00325
-0.040375
-0.063625
-0.049125
-0.001875
0.05925
0.1098125
0.14375
0.1259375
0.1114375
0.1075625
0.112
0.102125
0.1028125
0.0528125
0.0421875
0.0305625
-0.01275
0.0134375
-0.0169375
-0.0258125
0.0069375
0.01025
0.0181875
0.0688125
0.0943125
0.090375
0.089375
0.0456875
-0.0201875
-0.0344375
-0.01025
0.0033125
0.08875
0.152
0.2000625
0.2481875
0.237625
0.2504375
0.2071875
0.1980625
0.2031875
0.1318125
0.10025
0.032125
-0.0686875
-0.0991875
-0.1154375
-0.148125
-0.10675
-0.0831875
-0.098125
-0.0548125
-0.0686875
-0.06675
-0.0226875
-0.038875
-0.039875
-0.0906875
-0.1616875
-0.15925
-0.1515625
-0.05325
0.07975
0.1238125
0.162
0.0881875
0.008
0.0045
0.00225
0.0853125
0.12825
0.1480625
0.1378125
0.1035625
0.0814375
0.023875
0.0251875
0.015875
-0.013
0.0263125
0.0289375
0.057375
0.1183125
0.0929375
0.052625
-0.0475625
-0.1401875
-0.135875
-0.109375
-0.0149375
0.081875
0.1263125
0.17075
0.1580625
0.0820625
-0.0391875
-0.118
-0.149375
-0.0875
0.0385625
0.1039375
0.1315625
0.07375
0.0304375
-0.0105
0.009875
0.0591875
0.0269375
0.0316875
-0.0295625
-0.0603125
-0.0218125
-0.033875
-0.0495625
-0.109625
-0.1511875
-0.139125
-0.062125
0.0559375
0.12
0.1178125
0.0484375
-0.01625
-0.074125
-0.0435
0.0165625
0.010625
0.0199375
-0.0033125
0.015875
0.1199375
0.2166875
0.2859375
0.278625
0.1838125
0.0605
-0.0538125
-0.1234375
-0.16325
-0.145375
-0.1281875
-0.098
-0.0125
0.0365625
0.1114375
0.1293125
0.11375
0.106125
0.038625
0.0144375
-0.0263125
-0.0740625
-0.0824375
-0.0801875
-0.07725
-0.0204375
0.0585625
0.1170625
0.166875
0.118
0.043625
-0.0776875
-0.1485625
-0.15875
-0.1603125
-0.0885
-0.034
0.042375
0.08925
0.1096875
0.104375
0.06875
0.0761875
0.07375
0.0530625
0.0046875
-0.0625625
-0.0995
-0.08875
-0.02725
0.01275
0.0316875
-0.005
-0.1039375
-0.1386875
-0.201625
-0.1910625
-0.0825
-0.016625
0.10225
0.1579375
0.115625
0.052125
-0.062375
-0.1140625
-0.08325
-0.0213125
0.09425
0.1870625
0.2244375
0.212625
0.158125
0.087625
-0.0019375
-0.0335
-0.0679375
-0.148375
-0.194125
-0.2669375
-0.286375
-0.2066875
-0.1008125
-0.0045
0.0618125
0.057125
0.023625
0.0480625
0.067625
0.1276875
0.18775
0.215
0.2595
0.2413125
0.234375
0.2308125
0.207125
0.2480625
0.2565625
0.2365625
0.18625
0.134
0.112875
0.129875
0.1686875
0.17425
0.1410625
0.0535
-0.0009375
-0.0718125
-0.095
-0.0701875
-0.0933125
-0.0414375
0.01825
0.0713125
0.17725
0.1920625
0.11675
0.0130625
-0.1170625
-0.201625
-0.195875
-0.184875
-0.1503125
-0.0869375
-0.0594375
0.0370625
0.097
0.0993125
0.108
0.0075625
-0.0805
-0.13075
-0.193625
-0.16125
-0.1570625
-0.18875
-0.14175
-0.12275
-0.034875
0.107375
0.1806875
0.226875
0.1903125
0.114
0.0325625
-0.033
-0.034375
-0.020875
0.019375
0.081
0.111875
0.1825625
0.21375
0.196875
0.1720625
0.0918125
0.01275
-0.039625
-0.0248125
-0.0075625
0.031875
0.094875
0.0843125
0.052625
0.063375
0.0164375
0.003625
0.0575
0.0265
0.050125
0.04275
-0.029375
-0.016625
-0.031
-0.0150625
0.07825
0.095
0.0783125
0.032875
-0.0708125
-0.1298125
-0.1020625
-0.013
0.0973125
0.1871875
0.2105625
0.1490625
0.0656875
0.012
-0.0086875
0.0055
-0.0054375
-0.067625
-0.1463125
-0.2125
-0.2430625
-0.1995
-0.1420625
-0.0895625
0.0120625
0.0283125
0.047
0.097125
0.0588125
0.0748125
0.0575625
0.025625
0.0625625
0.0705625
0.1054375
0.087
0.040375
0.028375
-0.01075
-0.0133125
-0.000375
0.0286875
0.09875
0.20225
0.2834375
0.3288125
0.36425
0.363875
0.370375
0.3481875
0.2949375
0.243375
0.179875
0.167875
0.1863125
0.1955
0.16925
0.093125
-0.0134375
-0.1305
-0.164125
-0.1683125
-0.152
-0.1325625
-0.149875
-0.127125
-0.0938125
0.0075625
0.11225
0.11225
0.11225
0.11225
