-1.29375
-1.29375
-1.29375
-1.29375
-0.775
0.10625
0.1625
-0.29375
-1.4875
-2.65625
-2.8875
-2.6625
-2.00625
-0.91875
-0.24375
0.59375
1.65
1.79375
1.85
1.5
0.925
0.80625
0.46875
-0.14375
-0.3625
-0.4125
0.10625
1.1375
1.30625
1.33125
1.00625
0.65625
0.80625
0.7375
0.75625
0.08125
-0.475
-0.8375
-1.575
-1.28125
-0.85
-0.0875
0.95625
1.18125
0.775
-0.29375
-0.975
-1.05625
-0.74375
0.35625
1.1625
1.2
1.65625
1.39375
0.925
0.9625
0.10625
-0.68125
-1.64375
-2.45625
-2.48125
-1.83125
-0.84375
-0.06875
0.375
0.35625
0.53125
0.54375
0.39375
-0.275
-1.15625
-1.29375
-1.10625
-0.3
0.54375
0.5375
0.23125
0.1875
-0.06875
0.2625
0.5375
0.325
0.30625
-0.11875
-0.35
-0.3875
-0.425
-0.49375
-0.225
-0.35625
-0.36875
-0.4
-0.775
-0.8375
-1.1375
-1.125
-1.4375
-1.74375
-1.55625
-1.50625
-0.64375
0.2125
0.4875
0.64375
-0.1875
-1.0
-1.65625
-1.8375
-1.55
-0.99375
-0.175
0.0875
0.5875
0.4875
-0.21875
-0.9
-1.725
-2.40625
-2.175
-1.26875
-0.28125
1.05
1.6
1.31875
0.9
0.13125
-0.2375
-0.275
-0.14375
0.1375
0.45
1.05
0.98125
1.1375
0.625
-0.69375
-1.175
-1.575
-1.14375
-0.15625
0.325
0.4
0.15
0.00625
0.3625
0.5125
0.8
1.1625
1.03125
1.23125
0.80625
0.0
-0.65
-1.3
-1.46875
-1.65
-1.81875
-1.9875
-2.15625
-2.13125
-2.33125
-2.05
-1.26875
-0.5875
0.36875
0.81875
0.40625
0.1375
-0.34375
-0.775
-0.98125
-1.25
-0.9
-0.88125
-0.35
0.6375
1.0125
1.9125
2.08125
1.45625
0.825
-0.41875
-1.325
-1.5125
-1.2625
-0.2875
0.875
1.35
1.25625
0.4375
-0.71875
-1.625
-2.2375
-1.9375
-1.49375
-0.675
0.35625
0.4125
0.65625
0.29375
-0.70625
-1.13125
-1.6875
-1.79375
-1.48125
-1.46875
-1.325
-1.28125
-1.2375
-0.8125
-0.38125
-0.40625
-0.40625
-0.4125
-1.0875
-1.03125
-0.54375
-0.64375
-0.075
0.31875
-0.03125
0.46875
0.65
0.2875
0.2125
-0.51875
-1.11875
-1.0625
-0.675
0.175
1.525
2.4
2.61875
2.11875
0.675
-0.64375
-1.6375
-1.71875
-1.41875
-0.70625
-0.03125
-0.26875
0.1375
-0.25
-0.5625
-0.025
-0.55
-0.24375
0.24375
0.425
1.275
1.75
1.6125
1.025
0.1
-1.2
-2.10625
-2.75
-3.05
-2.975
-2.56875
-1.58125
-0.56875
0.6125
1.6125
1.63125
1.2125
0.45625
-0.7625
-1.3125
-1.43125
-1.38125
-0.85
-0.51875
-0.23125
0.23125
0.38125
0.59375
0.15
-0.64375
-1.29375
-1.76875
-1.2125
-0.50625
0.4625
1.0125
0.5375
0.30625
-0.1625
-0.4125
-0.1625
-0.3875
-0.74375
-0.775
-0.63125
0.00625
0.76875
0.7
0.25625
-0.26875
-1.1875
-1.60625
-1.60625
-1.7625
-1.5625
-0.88125
-0.2375
0.24375
1.075
1.44375
1.65
2.01875
1.7
0.8625
-0.21875
-1.49375
-2.25
-2.00625
-1.25
-0.10625
0.90625
1.1125
0.55
-0.375
-1.33125
-1.69375
-1.21875
-0.6
0.30625
0.60625
0.21875
0.38125
-0.03125
-0.1125
0.33125
-0.3125
-0.6625
-0.74375
-0.73125
-0.15625
0.375
0.34375
-0.2625
-0.475
-0.59375
-0.15
0.55625
0.73125
0.59375
-0.28125
-0.81875
-1.39375
-1.7125
-1.4
-1.88125
-1.875
-1.325
-0.73125
0.34375
0.79375
0.39375
-0.61875
-1.63125
-2.2125
-2.18125
-1.3
0.0375
1.2375
1.65
1.15
-0.325
-1.725
-2.14375
-1.9375
-0.69375
0.69375
1.45625
2.04375
1.65625
0.8625
-0.24375
-1.33125
-1.63125
-1.89375
-1.71875
-1.79375
-2.53125
-2.64375
-2.2375
-1.3625
0.3
1.24375
1.23125
0.81875
-0.50625
-1.2625
-1.11875
-0.86875
0.2125
0.9875
1.3
1.75625
1.63125
1.125
0.3125
-0.6
-1.35625
-1.65625
-1.43125
-0.85
-0.1625
0.63125
0.98125
0.65625
0.1
-0.61875
-1.34375
-1.4
-1.34375
-1.30625
-0.8125
-0.84375
-0.8125
-1.2375
-1.88125
-2.29375
-2.46875
-2.125
-2.125
-2.125
-2.125
