159.49375
159.49375
159.49375
159.49375
159.49375
156.1625
153.1
161.04375
161.95625
158.33125
152.6125
145.8125
142.80625
156.59375
169.8375
177.425
183.25
176.15
172.0625
165.60625
159.19375
150.6625
146.1125
147.575
149.21875
153.8
145.9625
136.33125
124.78125
112.94375
112.875
116.15
116.125
122.8125
125.6
123.4375
126.525
123.5
122.50625
123.3
121.9375
121.875
119.4375
112.29375
107.05
104.59375
105.925
113.60625
123.1875
129.65
130.15
132.7125
135.45625
132.5625
130.3625
120.75
105.075
95.36875
87.68125
83.7
90.3375
101.68125
114.50625
131.9875
138.09375
138.49375
132.6
119.45625
112.85625
110.1875
116.0375
122.41875
123.2875
122.65
119.4125
121.3
131.70625
136.33125
136.68125
132.96875
124.3375
116.35625
109.9
105.55
102.56875
107.0
114.975
118.675
116.7875
109.13125
101.38125
95.15625
95.31875
95.9
97.60625
106.925
117.1125
135.58125
152.54375
165.63125
169.15
161.0375
146.95
130.76875
126.0375
132.71875
145.14375
154.2125
157.3625
149.7375
139.91875
135.3875
134.89375
143.1125
156.6875
165.20625
164.15625
155.39375
136.1125
124.55
119.625
116.68125
122.8125
122.2125
129.71875
136.9125
141.19375
145.15625
134.80625
134.99375
140.8625
153.78125
175.81875
178.5125
165.03125
145.15
125.60625
123.19375
135.98125
152.3375
161.0875
167.05625
174.10625
179.4375
188.75
191.81875
186.66875
176.88125
174.63125
169.75
165.875
163.08125
150.69375
148.56875
145.9375
146.81875
148.0375
137.58125
130.65
130.01875
131.48125
142.18125
153.09375
153.30625
151.0625
146.11875
139.36875
143.18125
147.58125
152.4125
152.84375
145.35
139.725
138.70625
148.875
159.31875
169.7625
166.2125
150.0875
138.7
127.3125
123.13125
128.09375
128.04375
131.7
143.3
147.4625
151.9
153.91875
147.04375
144.975
144.93125
140.29375
140.84375
139.94375
139.475
143.6875
145.30625
150.30625
151.35
150.29375
146.26875
141.05625
141.8
147.35
156.51875
159.625
158.16875
150.5375
146.3375
149.1875
153.7375
158.11875
154.0625
146.2875
137.10625
128.125
124.60625
121.35
122.2
131.53125
141.24375
154.55
160.375
156.53125
148.88125
137.15
131.78125
129.55625
130.375
132.575
134.4625
135.08125
136.90625
137.8375
134.5875
131.28125
125.725
121.16875
122.225
128.78125
133.04375
136.6875
132.81875
126.975
128.14375
134.90625
152.34375
163.60625
165.875
159.8125
148.13125
144.65625
148.58125
157.45625
159.6625
156.275
148.575
138.95
140.99375
144.16875
150.675
156.35625
157.6375
158.925
155.45625
154.63125
152.525
152.84375
158.6875
160.075
163.8875
163.84375
158.41875
154.53125
140.4875
126.6125
118.3125
116.0375
129.93125
142.35625
152.33125
154.73125
142.5625
133.45625
122.08125
112.075
111.7
117.74375
127.33125
142.6
154.7
157.66875
157.4125
155.18125
151.46875
153.18125
157.15
157.2625
160.3375
159.275
157.03125
160.74375
162.86875
162.86875
166.65625
160.4625
154.48125
148.9625
136.94375
134.1125
130.06875
132.625
138.43125
137.54375
138.7625
136.46875
132.45
133.55
133.75625
134.15625
139.5125
142.70625
145.6875
149.475
145.6125
146.28125
148.9875
150.69375
154.91875
149.1625
137.925
130.04375
128.76875
131.90625
139.2125
143.1625
137.7
136.91875
135.51875
129.14375
132.2875
129.0
126.7125
134.41875
137.85
148.95625
160.65625
161.13125
166.2125
162.6625
151.21875
149.43125
133.90625
120.38125
117.8625
111.25
119.39375
130.80625
140.86875
150.575
152.35625
153.375
142.975
137.93125
131.8625
127.825
137.2
140.475
151.0875
157.98125
160.14375
164.03125
160.65625
161.94375
162.94375
157.6625
155.7125
145.9625
135.9
138.4375
138.36875
142.325
143.65
138.69375
142.2375
146.80625
152.18125
155.925
144.30625
136.3875
128.375
120.975
122.68125
119.76875
118.75625
123.1
125.2875
119.68125
124.56875
123.35625
127.75
146.84375
148.4625
149.4875
147.9125
137.875
137.60625
141.99375
148.525
155.4
159.4875
159.6625
150.16875
143.6375
136.775
132.15
133.94375
136.08125
137.93125
135.6875
138.1
135.38125
132.6375
137.74375
135.225
138.98125
141.7625
138.65625
135.1875
125.78125
121.20625
115.20625
116.24375
116.91875
114.38125
116.36875
114.275
117.4125
117.7625
114.63125
112.25
107.96875
104.8625
106.79375
110.94375
113.19375
121.79375
125.74375
124.13125
130.71875
130.74375
133.73125
142.65625
140.625
137.25
129.225
113.575
106.2875
107.1625
116.05625
132.775
145.25
150.8
146.65
139.33125
129.38125
118.3
114.13125
110.5
113.20625
123.63125
131.61875
137.23125
141.18125
135.81875
133.8
131.75
123.775
123.625
120.84375
119.93125
126.24375
129.3875
129.06875
130.4375
129.0
129.24375
133.08125
137.25
141.525
141.1375
139.63125
134.4625
130.675
129.44375
127.175
127.65625
123.4375
124.61875
132.14375
138.45625
152.95625
159.76875
158.95625
157.25
148.80625
141.43125
139.04375
137.28125
137.28125
139.925
141.69375
148.6125
155.53125
162.7125
163.9
158.50625
154.875
154.50625
163.98125
168.9625
167.825
151.66875
131.9875
123.41875
125.99375
147.16875
160.66875
168.25
165.04375
149.33125
139.56875
135.5375
130.65625
131.81875
134.925
128.40625
133.425
136.8
141.79375
151.7875
151.7875
151.7875
151.7875
