-0.084375
-0.084375
-0.084375
-0.084375
-0.096875
-0.136875
-0.139375
-0.1075
-0.0725
-0.016875
-0.014375
0.031875
0.046875
-0.021875
-0.028125
-0.096875
-0.1275
-0.06125
-0.073125
-0.04125
-0.004375
0.004375
0.094375
0.159375
0.215625
0.29375
0.31875
0.31875
0.3
0.228125
0.153125
0.1125
0.065625
0.090625
0.109375
0.125
0.15625
0.0875
0.053125
-0.053125
-0.209375
-0.29375
-0.390625
-0.396875
-0.303125
-0.184375
-0.09375
0.00625
0.034375
0.00625
0.05
0.028125
0.028125
0.031875
-0.020625
-0.02
-0.019375
-0.00125
0.035625
0.02875
-0.00625
-0.034375
-0.08125
-0.08125
-0.025
0.01875
0.034375
0.025
0.0125
-0.015625
0.040625
0.09375
0.14375
0.21875
0.23125
0.246875
0.225
0.19375
0.146875
0.078125
-0.00625
-0.08125
-0.1
-0.075
-0.046875
-0.06875
-0.140625
-0.215625
-0.1875
-0.09375
0.025
0.10625
0.0375
-0.059375
-0.134375
-0.20625
-0.153125
-0.071875
0.00625
0.11875
0.17875
0.18875
0.170625
0.10875
0.051875
0.02
-0.0025
1.12757025938e-17
1.38777878078e-17
0.025
0.01875
0.05
0.08125
0.078125
0.10625
0.08125
0.040625
-0.028125
-0.096875
-0.15
-0.1625
-0.10625
-0.030625
0.060625
0.1425
0.199375
0.2425
0.23875
0.169375
0.078125
-0.00625
-0.01875
0.028125
0.090625
0.140625
0.15
0.15
0.165625
0.14375
0.1125
0.10625
0.071875
0.121875
0.14375
0.134375
0.15
0.11875
0.125
0.1375
0.1375
0.1125
0.11875
0.121875
0.125
0.178125
0.20625
0.246875
0.25
0.203125
0.1375
0.06875
0.084375
0.109375
0.11875
0.075
-0.0625
-0.159375
-0.19375
-0.134375
-0.028125
0.046875
0.028125
-0.075
-0.146875
-0.215625
-0.196875
-0.115625
-0.1
-0.078125
-0.1125
-0.171875
-0.15625
-0.146875
-0.08125
8.67361737988e-18
0.003125
-0.0125
-0.084375
-0.240625
-0.359375
-0.409375
-0.43125
-0.309375
-0.146875
-0.05625
0.081875
0.1175
0.09375
0.110625
0.0575
0.0125
-0.004375
-0.0275
0.015625
0.078125
0.146875
0.17875
0.148125
0.158125
0.14625
0.114375
0.10125
0.031875
-0.034375
-0.01875
-0.025
-0.040625
-0.059375
-0.11875
-0.134375
-0.084375
-0.01875
0.1
0.215625
0.25
0.259375
0.215625
0.084375
0.015625
-0.015625
-0.061875
0.010625
0.06125
0.043125
0.03
-0.014375
-0.05875
-0.034375
0.009375
0.025
0.038125
0.0325
0.039375
0.0275
0.02375
0.016875
0.01
0.059375
0.125
0.171875
0.171875
0.15
0.08125
0.021875
0.034375
0.040625
0.08125
0.159375
0.196875
0.21875
0.221875
0.196875
0.15625
0.10625
0.065625
0.03125
-0.01875
-0.06875
-0.11875
-0.234375
-0.321875
-0.31875
-0.3125
-0.1875
-0.036875
0.041875
0.09875
0.09625
0.02375
-0.076875
-0.165
-0.284375
-0.35625
-0.36875
-0.375
-0.328125
-0.23125
-0.175
-0.0875
-0.021875
-0.003125
0.046875
0.0375
0.03125
0.021875
0.0125
0.059375
0.125
0.171875
0.171875
0.15
0.08125
0.021875
0.01875
0.009375
0.034375
0.096875
0.15
0.196875
0.225
0.225
0.19375
0.134375
0.084375
0.05625
0.0125
-0.021875
-0.05625
-0.1875
-0.290625
-0.309375
-0.325
-0.20625
-0.061875
0.023125
0.101875
0.09
0.008125
-0.108125
-0.22125
-0.303125
-0.3375
-0.334375
-0.353125
-0.375
-0.371875
-0.35
-0.334375
-0.290625
-0.228125
-0.2375
-0.15
-0.0875
-0.11875
-0.075
-0.140625
-0.228125
-0.25625
-0.28125
-0.259375
-0.184375
-0.121875
-0.08125
-0.021875
-0.003125
0.021875
0.034375
-0.009375
-0.04375
-0.040625
-0.03125
0.03125
0.11875
0.125
0.125625
0.123125
0.070625
0.09625
0.105
0.07625
0.075625
0.021875
1.12757025938e-17
-0.025
-0.05625
-0.096875
-0.15625
-0.221875
-0.26875
-0.2625
-0.196875
-0.078125
-0.00625
0.0125
-0.028125
-0.065625
-0.03125
0.0475
0.1175
0.15625
0.129375
0.085625
0.04375
0.020625
0.000625
-0.024375
-0.039375
-0.066875
-0.031875
0.02375
0.060625
0.09125
0.0375
-0.046875
-0.05625
-0.059375
0.021875
0.115625
0.156875
0.179375
0.155
0.111875
0.07375
-0.001875
-0.083125
-0.13
-0.179375
-0.125625
-0.0575
-0.005
0.0475
2.60208521397e-18
-0.0525
-0.08625
-0.104375
-0.019375
0.070625
0.073125
0.0225
-0.10625
-0.24
-0.28625
-0.27
-0.206875
-0.13875
-0.060625
-0.00125
0.039375
0.0775
0.09875
0.1075
0.113125
0.09375
0.0375
-0.018125
-0.079375
-0.140625
-0.1425
-0.151875
-0.203125
-0.17625
-0.1775
-0.146875
-0.06875
-0.046875
-0.071875
-0.11875
-0.096875
-0.09375
-0.084375
-0.06875
-0.125
-0.134375
-0.109375
-0.090625
-0.06875
-0.075
-0.08125
-0.084375
-0.103125
-0.103125
-0.075
-0.028125
0.034375
0.065625
0.075
0.0625
0.028125
0.0125
0.03125
0.0375
0.096875
0.16875
0.175
0.221875
0.20625
0.140625
0.075
-0.0625
-0.196875
-0.278125
-0.284375
-0.21875
-0.09375
0.009375
0.035
0.0075
-0.0575
-0.119375
-0.15125
-0.155
-0.1525
-0.171875
-0.190625
-0.175
-0.134375
-0.034375
0.059375
0.109375
0.134375
0.13125
0.08125
0.01875
-0.028125
-0.109375
-0.090625
-0.053125
-0.096875
-0.140625
-0.234375
-0.290625
-0.253125
-0.1875
-0.1125
-0.065625
1.82145964978e-17
0.0625
0.10625
0.14375
0.078125
0.04375
0.01875
-0.04375
-2.60208521397e-18
0.021875
0.021875
0.07875
0.016875
-0.104375
-0.17875
-0.291875
-0.2675
-0.15875
-0.078125
0.04375
0.0875
0.11875
0.13125
0.1
0.01875
-0.13125
-0.2375
-0.296875
-0.26875
-0.171875
-0.0875
-0.028125
0.0225
0.02
-0.05125
-0.1475
-0.2575
-0.33
-0.293125
-0.259375
-0.23125
-0.175
-0.14375
-0.034375
0.071875
0.15
0.128125
0.05625
0.003125
-0.09375
-0.046875
-0.021875
-0.025
0.015625
-0.046875
-0.065625
-0.071875
-0.04375
0.05
0.071875
0.06875
1.47451495458e-17
-0.115625
-0.13125
-0.15
-0.14375
-0.096875
-0.090625
0.0125
0.134375
0.190625
0.228125
0.196875
0.13125
0.096875
0.071875
0.028125
-0.028125
-0.03125
-0.034375
-0.04375
-0.0025
-0.02375
-0.066875
-0.081875
-0.166875
-0.283125
-0.355625
-0.390625
-0.328125
-0.146875
-0.0125
0.071875
0.13125
0.121875
0.171875
0.171875
0.071875
-0.0375
-0.18125
-0.2
-0.115625
-0.021875
0.06
0.010625
-0.02625
-0.1225
-0.195
-0.201875
-0.249375
-0.19
-0.151875
-0.11375
-0.085
-0.098125
-0.104375
-0.060625
-0.019375
0.013125
0.06
0.056875
0.065625
0.086875
0.065
0.02125
-0.010625
-0.03625
0.01
0.109375
0.1875
0.209375
0.169375
0.08625
-0.009375
-0.070625
-0.158125
-0.2625
-0.348125
-0.39
-0.315625
-0.203125
-0.0375
0.078125
0.115625
0.134375
0.028125
-0.090625
-0.19375
-0.278125
-0.259375
-0.184375
-0.1125
-0.078125
-0.025
-0.0125
-0.021875
0.0625
0.025
-0.003125
0.00625
-0.0875
-0.053125
-0.040625
-0.096875
-0.109375
-0.178125
-0.21875
-0.153125
-0.078125
0.003125
0.09125
0.07625
0.045625
0.018125
-0.035625
-0.01125
0.013125
0.021875
0.06875
0.09375
0.1375
0.175
0.178125
0.171875
0.13125
0.096875
0.071875
0.028125
-0.053125
-0.15
-0.246875
-0.35
-0.33125
-0.2375
-0.165625
-0.028125
0.046875
0.021875
0.040625
0.000625
-0.0675
-0.02625
-0.031875
-0.016875
0.02625
-0.024375
-0.021875
-0.01875
-0.03125
-0.034375
-0.04375
-0.084375
-0.115625
-0.0625
-0.10625
-0.0875
-0.090625
-0.1875
-0.15625
-0.190625
-0.23125
-0.203125
-0.25625
-0.28125
-0.228125
-0.215625
-0.13125
-0.034375
0.028125
0.1125
0.134375
0.1875
0.159375
0.075
-0.00625
-0.1375
-0.175
-0.171875
-0.134375
-0.105625
-0.08
-0.0325
-0.0225
0.033125
0.085625
0.094375
0.115625
0.034375
-0.115625
-0.221875
-0.284375
-0.2125
-0.05625
0.103125
0.1875
0.203125
0.165625
0.028125
-0.071875
-0.14375
-0.221875
-0.190625
-0.1625
-0.16875
-0.121875
-0.06875
0.0125
0.10625
0.175
0.128125
0.05625
0.00625
-0.0875
-0.071875
-0.078125
-0.11875
-0.1
-0.08125
-0.034375
0.05
0.1375
0.1875
0.228125
0.2
0.121875
0.03125
-0.053125
-0.1
-0.121875
-0.1125
-0.08125
0.009375
0.11875
0.2
0.271875
0.29375
0.28125
0.228125
0.134375
0.021875
-0.103125
-0.125
-0.121875
-0.121875
-0.053125
-0.05
-0.06875
-0.04375
-0.05
-0.075
-0.053125
-0.103125
-0.16875
-0.15
-0.209375
-0.153125
-0.134375
-0.140625
-0.065625
-0.074375
-0.064375
-0.12
-0.184375
-0.228125
-0.2125
-0.143125
-0.065625
0.009375
0.075
0.108125
0.104375
0.11625
0.09125
0.0825
0.045625
-0.044375
-0.141875
-0.201875
-0.186875
-0.103125
0.021875
0.053125
0.03125
-0.028125
-0.109375
-0.0625
-0.0025
0.03875
0.08
0.011875
-0.05375
-0.0475
-0.031875
0.04375
0.1
0.1
0.05625
-0.00125
-0.0175
-0.04
-0.028125
-0.046875
-0.078125
-0.078125
-0.0375
0.01875
0.034375
0.021875
-0.049375
-0.101875
-0.10375
-0.093125
-0.0525
-0.02125
-0.00375
0.010625
0.013125
0.015625
-0.0125
-0.0125
-0.00625
0.040625
0.134375
0.15625
0.15625
0.096875
0.015625
0.003125
-0.01875
-0.003125
0.03125
0.01875
0.065625
0.025
-0.078125
-0.15625
-0.253125
-0.246875
-0.1875
-0.11875
-0.08125
-0.084375
-0.05625
-0.024375
0.03875
0.133125
0.1775
0.18
0.12625
0.063125
0.01875
0.009375
0.065625
0.065625
0.040625
0.0125
-0.03125
0.0125
0.0125
0.02875
0.00125
-0.095
-0.106875
-0.166875
-0.16125
-0.136875
-0.1625
-0.128125
-0.140625
-0.140625
-0.05
0.025
0.140625
0.215625
0.209375
0.1875
0.09375
0.03125
-0.0375
-0.1125
-0.16875
-0.225
-0.2625
-0.284375
-0.25
-0.190625
-0.09375
-0.021875
0.04125
0.07625
0.08625
0.08375
0.07375
0.066875
0.01
-0.04375
-0.11875
-0.19375
-0.1875
-0.08125
0.059375
0.15
0.2
0.128125
0.009375
-0.009375
-0.028125
0.040625
0.125625
0.145
0.155
0.08375
0.03625
-0.001875
-0.061875
-0.059375
-0.08125
-0.0775
-0.020625
0.014375
0.015
0.02375
-0.014375
-0.0275
0.03125
0.015625
0.028125
-0.034375
-0.109375
-0.10625
-0.115625
-0.040625
-0.028125
-0.040625
-0.0125
-0.053125
-0.075
-0.109375
-0.1775
-0.23625
-0.210625
-0.1725
-0.11375
-0.001875
0.04125
0.046875
-0.003125
-0.109375
-0.203125
-0.25
-0.21875
-0.10625
0.025
0.159375
0.2125
0.225
0.188125
0.1325
0.12375
0.036875
-0.016875
-0.064375
-0.1525
-0.1
-0.05875
-0.04875
0.045625
0.024375
-0.03875
-0.0675
-0.136875
-0.175
-0.115625
-0.090625
-0.084375
-0.04625
-0.076875
-0.091875
-0.0725
-0.073125
-0.020625
0.044375
0.084375
0.071875
0.025
-0.025
-0.084375
-0.04625
-0.04875
-0.02
-0.02875
-0.073125
-0.076875
-0.1025
-0.05
-0.040625
0.009375
0.0125
-0.0125
0.0
-0.065625
-0.05
-0.0625
-0.0625
0.021875
0.0375
0.078125
0.075
-0.0025
-0.039375
-0.07625
-0.088125
-0.066875
-0.076875
-0.065
-0.053125
-0.071875
-0.05625
-0.053125
-0.04375
0.01
0.004375
0.005
-0.006875
-0.0575
-0.0675
-0.10875
-0.11875
-0.0625
0.03125
0.109375
0.156875
0.148125
0.08625
0.0775
0.045625
-0.02375
-0.061875
-0.1375
-0.155625
-0.08
-0.060625
0.015
0.07375
0.07
0.11
0.034375
-0.0875
-0.16875
-0.253125
-0.196875
-0.065625
0.015625
0.096875
0.096875
0.025
-0.01875
-0.025
-0.015625
0.059375
0.1125
0.1375
0.178125
0.15
0.165625
0.146875
0.075
0.028125
-0.04375
-0.071875
-0.025
0.059375
0.14375
0.215625
0.253125
0.256875
0.27
0.201875
0.109375
0.034375
-0.084375
-0.075
-0.060625
-0.09875
-0.10875
-0.175
-0.23125
-0.190625
-0.14375
-0.11875
-0.084375
-0.18125
-0.25625
-0.303125
-0.35625
-0.259375
-0.186875
-0.08
0.08
0.1375
0.184375
0.153125
0.071875
0.020625
0.01375
0.075625
0.0625
0.025
-0.05
-0.140625
-0.121875
-0.05
0.0375
0.115625
0.178125
0.2
0.171875
0.1
-0.015625
-0.14375
-0.190625
-0.15625
-0.096875
-0.025
-0.003125
-0.0625
-0.084375
-0.0875
-0.075
0.015625
0.028125
0.03125
-0.009375
-0.0875
-0.121875
-0.125
-0.090625
-0.046875
-0.034375
-0.0625
-0.05
-0.053125
0.021875
0.10625
0.146875
0.15
0.08125
-0.0375
-0.17125
-0.23625
-0.23875
-0.138125
-0.03875
0.01375
0.025625
-2.60208521397e-18
0.040625
0.103125
0.165625
0.16875
0.075
0.028125
-0.059375
-0.053125
0.03125
0.025
0.08125
0.071875
0.05
0.090625
0.1125
0.090625
-0.015625
-0.121875
-0.23125
-0.253125
-0.178125
-0.1625
-0.18125
-0.20625
-0.253125
-0.253125
-0.253125
-0.253125
