0.435625
0.435625
0.435625
0.435625
0.435625
0.4075
0.38875
0.37625
0.3725
0.395
0.4175
0.430625
0.45375
0.463125
0.4725
0.48125
0.466875
0.45625
0.445625
0.42375
0.42375
0.41
0.405625
0.4125
0.405
0.42
0.425625
0.42875
0.43375
0.428125
0.4225
0.41875
0.43125
0.443125
0.4475
0.45625
0.454375
0.449375
0.451875
0.459375
0.455625
0.4475
0.4375
0.414375
0.39875
0.399375
0.41125
0.431875
0.454375
0.468125
0.474375
0.478125
0.49125
0.501875
0.505625
0.505625
0.493125
0.48125
0.4775
0.466875
0.45
0.431875
0.410625
0.398125
0.403125
0.41125
0.416875
0.43125
0.440625
0.459375
0.483125
0.498125
0.501875
0.494375
0.48625
0.478125
0.48
0.485625
0.478125
0.47
0.45875
0.439375
0.441875
0.445625
0.450625
0.46625
0.4675
0.465
0.470625
0.464375
0.461875
0.463125
0.449375
0.441875
0.436875
0.43125
0.4275
0.428125
0.42375
0.423125
0.4375
0.45375
0.471875
0.48375
0.485625
0.474375
0.46875
0.4575
0.44875
0.45125
0.44875
0.455
0.45875
0.455625
0.451875
0.4475
0.430625
0.415
0.3975
0.379375
0.37375
0.379375
0.38875
0.395625
0.41625
0.428125
0.433125
0.450625
0.44
0.43125
0.43375
0.418125
0.43
0.4325
0.429375
0.439375
0.43625
0.44625
0.444375
0.4425
0.433125
0.4125
0.4125
0.41125
0.421875
0.436875
0.43375
0.429375
0.414375
0.40125
0.398125
0.381875
0.38125
0.389375
0.4
0.41875
0.428125
0.415625
0.39625
0.38375
0.3725
0.374375
0.383125
0.394375
0.401875
0.4175
0.426875
0.4325
0.434375
0.421875
0.425
0.415625
0.4175
0.43375
0.4375
0.4525
0.46625
0.46875
0.468125
0.475
0.476875
0.475
0.480625
0.474375
0.469375
0.479375
0.480625
0.475625
0.465
0.445625
0.43375
0.434375
0.4475
0.45125
0.43875
0.43125
0.416875
0.41875
0.44375
0.45875
0.46
0.445
0.423125
0.408125
0.419375
0.4475
0.469375
0.484375
0.48875
0.4875
0.488125
0.485
0.46625
0.43875
0.41375
0.39875
0.406875
0.425625
0.43375
0.43875
0.4275
0.415625
0.425625
0.43625
0.455625
0.46875
0.459375
0.448125
0.4425
0.436875
0.44875
0.45
0.435
0.4225
0.393125
0.3825
0.38625
0.3875
0.409375
0.42125
0.430625
0.4525
0.454375
0.45125
0.446875
0.42875
0.42875
0.435
0.4375
0.443125
0.431875
0.426875
0.425625
0.43375
0.45625
0.47875
0.49
0.489375
0.475
0.4525
0.446875
0.44625
0.461875
0.47875
0.486875
0.4875
0.476875
0.458125
0.434375
0.42625
0.41
0.410625
0.4175
0.414375
0.418125
0.40875
0.406875
0.39875
0.4025
0.4175
0.425
0.44125
0.4525
0.455
0.448125
0.4375
0.420625
0.414375
0.42625
0.444375
0.466875
0.46875
0.459375
0.45
0.44
0.45625
0.46875
0.476875
0.485625
0.46875
0.458125
0.43375
0.40125
0.395
0.38875
0.4
0.413125
0.413125
0.41375
0.409375
0.40875
0.405
0.40875
0.41625
0.421875
0.421875
0.404375
0.39375
0.396875
0.416875
0.446875
0.45625
0.451875
0.43875
0.425625
0.425625
0.418125
0.41
0.40125
0.385
0.38625
0.384375
0.386875
0.41
0.430625
0.45875
0.479375
0.4825
0.47375
0.463125
0.463125
0.460625
0.47
0.4775
0.46875
0.46625
0.46125
0.451875
0.46
0.46375
0.45625
0.45625
0.435625
0.41625
0.405625
0.39125
0.400625
0.4125
0.433125
0.451875
0.45
0.4575
0.45625
0.4625
0.48625
0.48875
0.488125
0.473125
0.439375
0.414375
0.395625
0.39125
0.40375
0.43125
0.4525
0.465625
0.475
0.464375
0.46
0.465625
0.466875
0.48
0.489375
0.4875
0.489375
0.491875
0.486875
0.48875
0.486875
0.46875
0.46
0.44625
0.428125
0.4325
0.443125
0.450625
0.469375
0.475
0.475
0.485
0.486875
0.481875
0.46375
0.444375
0.420625
0.411875
0.42125
0.41625
0.424375
0.42875
0.42875
0.449375
0.466875
0.481875
0.484375
0.478125
0.465625
0.444375
0.435625
0.419375
0.405
0.408125
0.406875
0.41875
0.438125
0.435625
0.44625
0.445
0.4325
0.4375
0.429375
0.4325
0.445
0.463125
0.48
0.49125
0.484375
0.460625
0.443125
0.42
0.42
0.43
0.436875
0.458125
0.47
0.478125
0.485625
0.481875
0.483125
0.4875
0.494375
0.505625
0.50125
0.494375
0.484375
0.47
0.470625
0.4675
0.465625
0.468125
0.46125
0.45375
0.445
0.4325
0.425
0.4325
0.44375
0.450625
0.46875
0.475625
0.46625
0.4725
0.465625
0.459375
0.466875
0.4625
0.459375
0.456875
0.46625
0.473125
0.476875
0.47375
0.44625
0.428125
0.40625
0.394375
0.408125
0.411875
0.435
0.44625
0.435625
0.436875
0.425625
0.428125
0.439375
0.444375
0.451875
0.456875
0.463125
0.471875
0.4775
0.476875
0.48375
0.47875
0.465625
0.460625
0.436875
0.42
0.421875
0.4125
0.4125
0.42625
0.429375
0.44
0.46
0.45625
0.4425
0.42125
0.38625
0.365
0.35875
0.368125
0.388125
0.409375
0.43125
0.435
0.433125
0.435
0.428125
0.435625
0.443125
0.444375
0.44625
0.438125
0.43
0.4125
0.41125
0.420625
0.4225
0.44625
0.459375
0.46625
0.4825
0.47375
0.45375
0.425
0.396875
0.380625
0.38125
0.400625
0.408125
0.426875
0.425625
0.414375
0.415625
0.408125
0.416875
0.4225
0.433125
0.430625
0.43
0.435625
0.425625
0.43875
0.440625
0.440625
0.449375
0.4475
0.454375
0.45125
0.441875
0.42
0.39625
0.379375
0.38
0.39875
0.4175
0.445
0.4575
0.465
0.474375
0.466875
0.456875
0.43625
0.4125
0.41125
0.41375
0.42625
0.4375
0.42375
0.410625
0.40625
0.403125
0.419375
0.445625
0.461875
0.47625
0.48875
0.491875
0.485
0.47875
0.455625
0.423125
0.396875
0.3675
0.36375
0.38
0.406875
0.44375
0.463125
0.458125
0.451875
0.434375
0.414375
0.420625
0.42125
0.43375
0.458125
0.466875
0.473125
0.475625
0.466875
0.45125
0.440625
0.41875
0.410625
0.41625
0.411875
0.413125
0.406875
0.39875
0.396875
0.41
0.41375
0.4175
0.4225
0.403125
0.3925
0.385625
0.381875
0.404375
0.423125
0.423125
0.425625
0.4
0.378125
0.3825
0.38125
0.398125
0.4275
0.435
0.439375
0.450625
0.449375
0.456875
0.469375
0.4675
0.465
0.4625
0.459375
0.464375
0.4675
0.47625
0.4825
0.4825
0.49
0.4875
0.475625
0.4625
0.439375
0.42375
0.428125
0.43
0.436875
0.4425
0.428125
0.428125
0.430625
0.429375
0.44
0.439375
0.428125
0.414375
0.408125
0.398125
0.404375
0.425625
0.42875
0.446875
0.4575
0.4575
0.479375
0.49125
0.5025
0.513125
0.5025
0.494375
0.488125
0.476875
0.474375
0.468125
0.458125
0.456875
0.455
0.459375
0.466875
0.468125
0.480625
0.49
0.4925
0.5
0.48625
0.46125
0.448125
0.435625
0.440625
0.455625
0.458125
0.4575
0.4525
0.4575
0.473125
0.49
0.504375
0.5
0.493125
0.485
0.468125
0.47
0.459375
0.440625
0.439375
0.43
0.43125
0.443125
0.445
0.443125
0.451875
0.4575
0.456875
0.455625
0.441875
0.438125
0.4375
0.435625
0.433125
0.420625
0.416875
0.425625
0.436875
0.45
0.455
0.439375
0.421875
0.403125
0.399375
0.416875
0.44
0.453125
0.453125
0.44625
0.435625
0.445
0.455
0.465
0.475625
0.48125
0.488125
0.481875
0.475
0.459375
0.45
0.459375
0.47
0.48875
0.496875
0.499375
0.496875
0.48875
0.4875
0.486875
0.4925
0.500625
0.500625
0.500625
0.500625
