1.029375
1.029375
1.029375
1.029375
1.054375
1.110625
1.08125
1.02875
0.9775
0.9275
0.9025
0.890625
0.87875
0.8775
0.88875
0.899375
0.91125
0.901875
0.893125
0.885625
0.875
0.8625
0.86
0.855
0.87
0.91
0.928125
0.9475
0.943125
0.925625
0.92
0.92375
0.930625
0.92875
0.934375
0.933125
0.936875
0.96125
0.97875
0.999375
1.0225
1.0425
1.040625
1.0275
1.001875
0.94875
0.926875
0.898125
0.866875
0.876875
0.878125
0.904375
0.9425
0.99625
1.05625
1.080625
1.090625
1.025625
0.931875
0.86125
0.8225
0.839375
0.8975
0.966875
1.020625
1.038125
1.0375
1.03375
1.03125
1.025
0.994375
0.955625
0.88375
0.893125
0.9425
1.000625
1.088125
1.075
1.0475
0.984375
0.93
0.908125
0.871875
0.921875
0.97
1.015
1.06875
1.023125
0.95125
0.89375
0.838125
0.814375
0.826875
0.855
0.933125
1.0275
1.105
1.146875
1.0975
1.060625
1.02125
1.03875
1.13875
1.17875
1.199375
1.17875
1.0675
1.014375
1.01125
0.971875
0.981875
0.975625
0.9325
0.955
0.994375
1.03
1.08125
1.104375
1.093125
1.083125
1.075625
1.08
1.10375
1.13375
1.174375
1.176875
1.185625
1.188125
1.131875
1.09125
1.063125
1.051875
1.076875
1.111875
1.124375
1.075
1.006875
0.950625
0.87625
0.846875
0.89625
0.945
1.006875
1.089375
1.074375
1.089375
1.126875
1.13375
1.19875
1.2025
1.223125
1.288125
1.3375
1.38
1.3575
1.27625
1.175
1.11875
1.108125
1.13
1.15
1.16625
1.1475
1.09375
1.066875
0.99625
0.95625
0.980625
0.9975
1.095
1.168125
1.18625
1.205625
1.13375
1.06625
0.994375
0.925625
0.89
0.909375
0.951875
0.96
0.96625
0.885
0.829375
0.825625
0.85375
0.945
0.991875
1.003125
0.98
0.9375
0.92125
0.93
0.98
1.010625
1.014375
1.001875
0.9625
0.97
1.015
1.06375
1.09
1.08875
1.086875
1.09375
1.11125
1.11125
1.07625
1.033125
1.00875
1.01375
1.035
1.05
1.03875
1.005
0.95
0.916875
0.928125
0.956875
1.015625
1.046875
1.035
1.01625
1.0175
1.04125
1.07
1.10125
1.075
1.009375
0.9825
0.951875
1.0
1.11
1.165
1.213125
1.191875
1.09375
1.021875
0.9475
0.879375
0.863125
0.87125
0.90875
0.953125
0.979375
0.97
0.941875
0.910625
0.915625
0.924375
0.935625
0.963125
0.96375
0.990625
0.990625
0.990625
0.990625
