0.0592067875
0.0592067875
0.0592067875
0.0592067875
0.05949890625
0.0638222125
0.06510583125
0.06776465625
0.0668751875
0.0551664
0.0463243625
0.03717715625
0.03034733125
0.03167648125
0.03471126875
0.03927690625
0.0470261375
0.052415
0.05396478125
0.0571294375
0.05593515625
0.05547953125
0.056844025
0.05276184375
0.04905600625
0.04688100625
0.0447722875
0.04815525625
0.05517778125
0.05810951875
0.061436875
0.05985930625
0.05572991875
0.05410618125
0.05203424375
0.05204794375
0.04855146875
0.047372375
0.04565578125
0.04348004375
0.04549608125
0.042077425
0.039562175
0.038410125
0.035894875
0.0362082
0.0355266
0.033850075
0.036365325
0.038880575
0.042077425
0.045900925
0.043385675
0.040188825
0.037673575
0.0341634
0.036310375
0.042649125
0.04823999375
0.05512778125
0.05668775625
0.05190898125
0.04759210625
0.04272619375
0.04003018125
0.03948114375
0.03820715
0.036185275
0.0344927375
0.0334818
0.0328002
0.0328002
0.0328002
0.0334818
0.0334818
0.0341634
0.034531675
0.03421835
0.03520194375
0.03686843125
0.0405260625
0.04451303125
0.0498373625
0.05526128125
0.057972225
0.06002449375
0.0581714
0.05417628125
0.05022679375
0.04943521875
0.04902719375
0.04903288125
0.05068828125
0.04637320625
0.04756905625
0.0471427375
0.05061504375
0.0578719125
0.05920994375
0.0669931875
0.06754520625
0.0716840375
0.0820293875
0.08319083125
0.085467625
0.08351494375
0.07270769375
0.06659181875
0.061926125
0.05238829375
0.0494282375
0.0509607125
0.05374210625
0.0617089625
0.0677231375
0.06455340625
0.06343595625
0.06233451875
0.0596234375
0.06153745
0.06025714375
0.057657975
0.0563254125
0.0572097625
0.0535353
0.0540411
0.055178675
0.05477728125
0.06108533125
0.06101190625
0.06257791875
0.065196225
0.0648777625
0.0729690375
0.0772039625
0.07730046875
0.07682996875
0.066515375
0.060735075
0.05736295625
0.05816120625
0.06358455
0.06350691875
0.061212375
0.0554226625
0.04963295
0.04816886875
0.04830638125
0.046904925
0.04556975
0.04332570625
0.04206525625
0.04336475625
0.04674860625
0.04800090625
0.04888493125
0.0519777375
0.05359785625
0.05885724375
0.06411663125
0.0668242
0.068853825
0.06937601875
0.07251791875
0.07283124375
0.072466625
0.0687512375
0.064668575
0.06334820625
0.0651139625
0.07223884375
0.07288181875
0.0739341125
0.0680194125
0.05840810625
0.05500331875
0.05328511875
0.05612573125
0.05876790625
0.05681333125
0.053351325
0.04988931875
0.05062038125
0.05397115
0.056799725
0.0596283
0.05673344375
0.0538385875
0.0504215375
0.0466911625
0.045240325
0.0437894875
0.0433830375
0.043932575
0.04577903125
0.0479388125
0.046747825
0.0474134125
0.0473974
0.04921869375
0.05601919375
0.058856375
0.061627275
0.06146140625
0.059524825
0.05768783125
0.05591711875
0.05356805
0.05061489375
0.0513326125
0.0518032875
0.05646703125
0.0590485625
0.05984590625
0.06120361875
0.0568379
0.0544652375
0.04874180625
0.04270505
0.04245800625
0.0428376125
0.04887436875
0.0532757125
0.0547822
0.0559753625
0.05119805
0.0525201375
0.05101365
0.0523357375
0.05733550625
0.05537205
0.056459625
0.05377645
0.0500217125
0.048436875
0.0492357
0.0490903
0.05262258125
0.0548487875
0.05394668125
0.0594897875
0.05874909375
0.0609659
0.06108519375
0.0549154375
0.0524233625
0.04885624375
0.04822215625
0.047854225
0.0488786875
0.0497223875
0.0521391625
0.0543422
0.05529500625
0.05454611875
0.0523308125
0.0524359875
0.04936398125
0.0495628
0.04956580625
0.0485968125
0.0511622125
0.05202591875
0.05046424375
0.04923190625
0.04842849375
0.04775764375
0.05178724375
0.05581684375
0.055883125
0.0555698
0.0499286625
0.044287525
0.0436448625
0.0419934375
0.04453508125
0.04844121875
0.0472963
0.0490426
0.0508884875
0.0496920625
0.053599275
0.0556903125
0.05381803125
0.05362356875
0.05019934375
0.0473354875
0.04664153125
0.049089475
0.04975140625
0.0529285875
0.05479969375
0.053230875
0.054768675
0.0552081375
0.0586051
0.06192016875
0.0642632375
0.06314583125
0.0610196625
0.05745211875
0.0539005875
0.04893739375
0.04648945
0.0452201375
0.04740605
0.0530471875
0.05296489375
0.0535252625
0.04811515625
0.0452203
0.04528658125
0.0453528625
0.05107629375
0.05107629375
0.05331639375
0.05619915625
0.05342476875
0.0535452375
0.04905294375
0.04358865
0.03931751875
0.0364771625
0.0359431875
0.038567125
0.042826475
0.04711913125
0.0514117875
0.05037663125
0.0528632875
0.0538858625
0.0577370125
0.06590869375
0.0686721625
0.068540775
0.06302899375
0.0532319625
0.04814990625
0.044393575
0.04574088125
0.04955214375
0.04739293125
0.04680285
0.04298300625
0.0391631625
0.04162711875
0.044091075
0.04508234375
0.0460736125
0.04078108125
0.0399525375
0.0458334375
0.0548562375
0.06569885
0.0692489
0.0620459125
0.048559125
0.038359175
0.0309878
0.0342746375
0.040703375
0.0445247
0.0511746
0.0502186125
0.052404525
0.0539110125
0.0543191625
0.06274135
0.06546981875
0.071485125
0.07089805625
0.0605667125
0.05533900625
0.0478172125
0.0457033375
0.0516035
0.05212326875
0.05580095
0.05708498125
0.0552271125
0.05588449375
0.05319110625
0.0585498125
0.06390851875
0.0682584625
0.07297485
0.066624875
0.057133
0.052485025
0.04584216875
0.04721335
0.05172643125
0.053659875
0.0623027625
0.06490889375
0.067515025
0.06635040625
0.0557548375
0.04780708125
0.04010636875
0.03359881875
0.03221045
0.031069125
0.0294337125
0.0307558
0.0364559375
0.045297975
0.05752895625
0.0671157625
0.0672053375
0.06363081875
0.0537725
0.04523626875
0.041572175
0.03645323125
0.03511885
0.036784375
0.0433220375
0.05433598125
0.0640646
0.06911549375
0.06466915625
0.05458168125
0.04827876875
0.043967
0.04467594375
0.0507265125
0.05363518125
0.0545951125
0.05619458125
0.05398468125
0.04863288125
0.0453787
0.04255344375
0.0394256625
0.0420594875
0.0450909875
0.04351650625
0.04517628125
0.04473854375
0.043440925
0.04842710625
0.0507691125
0.05112484375
0.051480575
0.04555250625
0.0422686125
0.04191288125
0.04155715
0.04748521875
0.0507691125
0.0543191625
0.0578692125
0.0551354625
0.0581877875
0.0546377375
0.0542295875
0.05564125
0.049447025
0.0481249375
0.04051905
0.0386992375
0.040021325
0.0444853125
0.0507691125
0.049447025
0.0481249375
0.04051905
0.0362
0.03502285
0.03630965625
0.0407383625
0.04255965625
0.04752285
0.04755813125
0.0507353125
0.05455515625
0.0569633375
0.061835475
0.0604238125
0.05901215
0.0541400125
0.049267875
0.0506795375
0.0520912
0.05455515625
0.05948306875
0.05812718125
0.05677129375
0.05362939375
0.04555958125
0.04377356875
0.04198755625
0.0458074
0.052404525
0.055561725
0.05903225
0.05646601875
0.0539158
0.04913305625
0.0450072125
0.04384250625
0.04416975625
0.04985613125
0.05816086875
0.0692279
0.076256725
0.07977903125
0.07449375
0.06355131875
0.05742263125
0.049754975
0.0481889625
0.04938524375
0.04828271875
0.0522919625
0.05802468125
0.0642193
0.06761665625
0.0655673375
0.0626421375
0.0589257
0.0577085
0.0597365875
0.0558049625
0.0548657875
0.05353099375
0.050466225
0.0512353125
0.04720635625
0.04357301875
0.0409761875
0.04072765625
0.0469098125
0.05452274375
0.062135675
0.06613198125
0.061026675
0.052812775
0.04602965
0.04091046875
0.040663425
0.04262998125
0.04368766875
0.04588739375
0.05093099375
0.0554388125
0.057538325
0.05714265625
0.0513725625
0.0453913625
0.045855375
0.04954758125
0.05570405625
0.062389625
0.06278614375
0.05969796875
0.05608216875
0.05464761875
0.05464528125
0.05434041875
0.058118225
0.0565019375
0.0510177125
0.05190964375
0.0493128125
0.04804170625
0.05279443125
0.05308316875
0.05337190625
0.05917156875
0.06257758125
0.0654614
0.06520331875
0.0615256375
0.05706165
0.05364205
0.0520422625
0.04742104375
0.0460866625
0.04276600625
0.0469616625
0.0532609375
0.0569528
0.0632748
0.0607301625
0.060533825
0.0616228125
0.06154574375
0.0622546875
0.05905826875
0.0549012
0.0481473
0.042966475
0.03973833125
0.03709358125
0.03964249375
0.04314739375
0.04902495625
0.05533058125
0.05644254375
0.05846890625
0.0586448
0.05968755
0.0633934125
0.0655422125
0.06434024375
0.0583658
0.05260183125
0.049510275
0.04858710625
0.05386406875
0.06111806875
0.0610745625
0.0625738875
0.05905560625
0.0510297375
0.049845875
0.0503854875
0.05550654375
0.06282709375
0.0657801
0.0632984125
0.05999514375
0.06108253125
0.06620695
0.07252453125
0.0728824
0.0636849125
0.05168485
0.04526199375
0.04267299375
0.04879175625
0.05518580625
0.05566101875
0.05593794375
0.05086775625
0.04799551875
0.0486573875
0.0505847
0.0543703625
0.0550419
0.05509855
0.0563587125
0.056335325
0.062098475
0.06377755
0.063581575
0.066868875
0.06351851875
0.06498788125
0.066721475
0.06436894375
0.0626033
0.05876556875
0.052512975
0.0480805
0.0454167375
0.04054160625
0.0380938625
0.04033749375
0.042043625
0.04832014375
0.05431990625
0.04996255625
0.04881499375
0.04570268125
0.0442000125
0.0495362875
0.05209710625
0.0543399375
0.053098075
0.05050224375
0.04844208125
0.0469653125
0.0487167375
0.0531791625
0.0546648375
0.0581389
0.0634541375
0.064484125
0.068177225
0.06677265625
0.05762630625
0.05024866875
0.0453353
0.04359048125
0.04853240625
0.05326150625
0.0552358875
0.059024875
0.05874640625
0.060872625
0.06344718125
0.06270205
0.0664912125
0.06626721875
0.06581905625
0.068111625
0.064656175
0.06468424375
0.0618684375
0.05529109375
0.05244573125
0.047990725
0.04637959375
0.0485267375
0.0500838
0.04997691875
0.05011708125
0.04934433125
0.050181225
0.05499015625
0.059618325
0.0624362875
0.0631227
0.05865714375
0.0544020625
0.0502253
0.04513966875
0.04777005
0.04918673125
0.05163685
0.055584025
0.05240663125
0.052977
0.057938025
0.06283276875
0.06760728125
0.07197915625
0.06738958125
0.06377023125
0.0671486375
0.06356005
0.0646628375
0.0683839875
0.0631979875
0.0629001375
0.06442240625
0.0581266125
0.05420070625
0.0499454625
0.04224675625
0.0384481875
0.039167425
0.038875725
0.03958411875
0.0451806625
0.04688801875
0.054846725
0.06456025625
0.0648428375
0.06604069375
0.05840955
0.048621675
0.0433376625
0.039103525
0.03771020625
0.0365828125
0.04106410625
0.04463616875
0.05329235625
0.06585364375
0.06958593125
0.0737072
0.0672978875
0.0597046875
0.057558425
0.05465690625
0.05986178125
0.06303839375
0.06121475625
0.06057893125
0.06028473125
0.05999053125
0.06315155625
0.06578495625
0.0636453625
0.0590975875
0.0542364875
0.04963844375
0.0500788
0.0529273375
0.0603346875
0.0664017625
0.06878358125
0.06901476875
0.06201473125
0.05923778125
0.05594906875
0.0576395625
0.06012741875
0.05970115
0.06148848125
0.05784111875
0.06061626875
0.06123504375
0.06565439375
0.07434380625
0.07848575625
0.08351583125
0.08420955
0.0859117375
0.0830551125
0.0808553875
0.07386921875
0.05992858125
0.05191125
0.04907938125
0.0505799875
0.05797229375
0.06296495
0.05989115
0.05795291875
0.05088323125
0.0448487
0.04092075
0.03767569375
0.044146675
0.05281886875
0.0625788
0.0695434625
0.0685836625
0.0628921
0.0592301625
0.058429775
0.0610898625
0.0662805
0.07169394375
0.0740844875
0.07051531875
0.067916375
0.06065681875
0.05804559375
0.06122090625
0.06528434375
0.06892373125
0.0692088875
0.06793698125
0.0623074875
0.06046858125
0.0567264875
0.0524624875
0.05267476875
0.050016525
0.04924150625
0.0521827125
0.05337104375
0.06093553125
0.06849333125
0.069268225
0.06729975
0.0577253875
0.050675425
0.0446084125
0.04098296875
0.04217724375
0.0406498875
0.044728075
0.05110080625
0.054431225
0.05974763125
0.0607109875
0.0576361375
0.05593713125
0.0520961
0.05096135625
0.05164790625
0.05165156875
0.0490093375
0.04647804375
0.0461479625
0.0493002375
0.056721925
0.0621573375
0.0674198
0.0677321625
0.0672603
0.0695630625
0.0652901
0.06545145
0.0676683625
0.06307403125
0.06438030625
0.06564398125
0.0635103375
0.06430009375
0.06452284375
0.05793435
0.05386241875
0.05333806875
0.05015370625
0.05084655625
0.04723668125
0.04599669375
0.046353825
0.05263296875
0.06442526875
0.0667165125
0.06961385
0.067270775
0.0604947125
0.06174846875
0.06234355
0.05771963125
0.0533467
0.044289075
0.0355607875
0.0320515
0.03317753125
0.03558735625
0.03799718125
0.043217825
0.04660461875
0.05186504375
0.05712546875
0.05775378125
0.05490794375
0.04912673125
0.04431574375
0.04132605
0.04064445
0.04257303125
0.047119975
0.0516143375
0.05685646875
0.0602033
0.05541408125
0.05176518125
0.04633200625
0.0450265125
0.04858646875
0.04969419375
0.05443525625
0.0557614125
0.0563739625
0.05803768125
0.0545077375
0.04889558125
0.046275875
0.0465892
0.0520961875
0.05924936875
0.06410374375
0.0663384125
0.06481019375
0.06487910625
0.06018600625
0.05549290625
0.05060136875
0.04482546875
0.04970778125
0.056842525
0.0672281625
0.07756121875
0.08170005
0.08039213125
0.07746204375
0.0739749875
0.066151575
0.0598446625
0.0556817
0.050667925
0.04970176875
0.05105609375
0.04566588125
0.0430055375
0.0407002125
0.0374228875
0.0407900125
0.042466775
0.0442997125
0.0510208
0.05290324375
0.0561649
0.06354045625
0.0663572
0.07203383125
0.07659264375
0.07362078125
0.07064891875
0.06635819375
0.06651070625
0.06882238125
0.06493983125
0.06459339375
0.0553517875
0.046502675
0.04684769375
0.0455883
0.0502522125
0.05614886875
0.05790358125
0.05777394375
0.05947413125
0.0605299375
0.061823725
0.0640596875
0.05951274375
0.0561621375
0.05461964375
0.05112446875
0.05024765625
0.04822880625
0.04822880625
0.04822880625
0.04822880625
