0.065625
0.065625
0.065625
0.065625
0.0875
0.0425
-0.000625
-0.039375
-0.05375
-0.05375
-0.05375
-0.06875
-0.0875
-0.09375
-0.07125
-0.029375
0.039375
0.1225
0.16625
0.20125
0.1625
0.0825
-0.006875
-0.093125
-0.0925
-0.07125
-0.030625
0.005625
-0.013125
-0.031875
-0.05125
-0.076875
-0.083125
-0.0925
-0.07125
-0.03375
0.00125
0.0425
0.01625
-0.02625
-0.04625
-0.075625
-0.059375
-0.0225
-0.008125
0.014375
0.055625
0.08
0.08375
0.064375
0.010625
-0.0325
-0.055
-0.036875
-0.03125
-0.03625
-0.04125
-0.046875
-0.005
0.05875
0.118125
0.131875
0.093125
0.03625
-0.01625
-0.03375
-0.028125
-0.04125
-0.054375
-0.04875
-0.035
-0.00125
0.049375
0.073125
0.090625
0.12625
0.118125
0.11
0.0975
0.05375
0.045
0.0125
-0.013125
-0.01375
-0.018125
3.46944695195e-18
0.014375
0.024375
0.0275
0.031875
0.038125
0.01375
-0.008125
-0.033125
-0.060625
-0.06375
-0.0625
-0.055
-0.028125
-0.00625
0.031875
0.094375
0.12625
0.126875
0.09875
0.040625
-0.004375
0.008125
0.01625
0.003125
-0.014375
-0.0475
-0.0725
-0.070625
-0.064375
-0.038125
-0.003125
0.026875
0.055
0.0275
0.008125
-0.014375
-0.008125
0.056875
0.0825
0.1325
0.128125
0.066875
0.0675
0.031875
0.02875
0.055
0.014375
0.018125
0.015625
0.00375
0.020625
0.0075
0.01125
0.023125
0.04125
0.04125
0.01125
-0.01625
-0.03875
-0.028125
-0.008125
0.005625
0.008125
-0.01875
-0.035625
-0.04875
-0.056875
-0.048125
-0.05375
-0.065625
-0.076875
-0.08375
-0.056875
-0.025625
0.001875
0.0375
0.03375
0.03
0.024375
-0.0125
-0.046875
-0.064375
-0.0725
-0.05875
-0.005625
0.01375
0.0225
0.051875
0.0275
0.016875
0.015
-0.008125
0.01
0.00125
-0.02625
-0.079375
-0.12375
-0.100625
-0.053125
0.038125
0.083125
0.10375
0.11875
0.08625
0.076875
0.034375
-0.014375
-0.0175
-0.020625
-0.003125
0.018125
0.00375
-0.016875
-0.04625
-0.056875
-0.03375
0.014375
0.080625
0.10375
0.09125
0.045625
-0.011875
-0.024375
0.000625
0.0625
0.12625
0.1325
0.105
0.026875
-0.05125
-0.08
-0.093125
-0.070625
-0.029375
-0.006875
0.0025
-0.01
-0.04125
-0.040625
-0.000625
0.068125
0.1175
0.114375
0.084375
0.025625
-0.02125
-0.048125
-0.09375
-0.0875
-0.046875
0.018125
0.101875
0.1375
0.156875
0.13
0.103125
0.0675
-0.01625
-0.038125
-0.05625
-0.054375
-0.005
-0.018125
-0.009375
0.028125
0.0525
0.109375
0.110625
0.053125
0.00375
-0.028125
-0.030625
-0.004375
0.0175
0.019375
0.0225
0.03125
0.05375
0.04375
0.0375
0.02625
-0.019375
-0.03
-0.019375
-0.009375
0.02125
0.046875
0.019375
-0.006875
-0.026875
-0.05125
-0.050625
-0.063125
-0.07
-0.073125
-0.069375
-0.040625
-0.024375
-0.0075
0.0075
0.011875
-0.00375
-0.014375
-0.030625
-0.050625
-0.050625
-0.055625
-0.03125
-0.010625
0.015625
0.029375
0.00625
-0.018125
-0.04625
-0.061875
-0.05625
-0.031875
-0.02375
0.019375
0.014375
-0.001875
0.03125
0.029375
0.1025
0.15125
0.14
0.105
0.009375
-0.044375
-0.07625
-0.08125
-0.04
-0.01375
0.023125
0.050625
0.02875
0.00375
-0.008125
-0.010625
0.02875
0.065
0.06
0.0475
-0.000625
-0.015
-0.02
-0.019375
0.02125
0.005
0.004375
0.001875
-0.040625
-0.030625
-0.018125
0.001875
0.041875
0.055625
0.059375
0.051875
0.05
0.010625
-0.025625
-0.055
-0.095
-0.0975
-0.1
-0.103125
-0.10875
-0.1
-0.095
-0.091875
-0.07375
-0.1075
-0.136875
-0.143125
-0.175625
-0.1475
-0.12
-0.143125
-0.125
-0.0925
-0.09125
-0.0625
-0.0675
-0.11
-0.085625
-0.056875
-0.009375
0.035625
0.046875
0.050625
0.01625
-0.039375
-0.1
-0.16125
-0.161875
-0.1125
-0.06
-0.01125
0.038125
0.03125
0.023125
0.030625
-0.03
-0.030625
-0.0325
-0.038125
0.02875
0.03625
0.053125
0.065
0.02125
0.01
-0.0225
-0.054375
-0.09125
-0.1425
-0.179375
-0.21375
-0.17375
-0.095625
-0.009375
0.068125
0.096875
0.079375
0.083125
0.096875
0.05
0.02625
-0.053125
-0.13375
-0.12375
-0.121875
-0.0675
-0.0175
0.006875
0.043125
0.053125
0.08
0.098125
0.083125
0.065625
0.005625
-0.044375
-0.043125
-0.039375
-0.008125
0.005
0.015625
0.00125
-0.005
0.00875
-0.025625
-0.045
-0.080625
-0.1425
-0.18375
-0.238125
-0.2725
-0.26875
-0.24125
-0.153125
-0.08875
-0.041875
-0.03375
-0.04
-0.045625
-0.025625
0.013125
-0.00875
0.001875
-0.040625
-0.0775
-0.076875
-0.093125
-0.095625
-0.1075
-0.119375
-0.141875
-0.1525
-0.1525
-0.145
-0.131875
-0.106875
-0.0925
-0.093125
-0.12375
-0.143125
-0.130625
-0.100625
-0.016875
0.016875
-0.014375
-0.065625
-0.113125
-0.129375
-0.100625
-0.050625
-0.044375
-0.055
-0.0725
-0.1025
-0.115625
-0.105
-0.068125
-0.0275
0.0175
0.0775
0.0825
0.0725
0.058125
-0.011875
-0.0525
-0.05375
-0.069375
-0.05125
-0.028125
-0.051875
-0.053125
-0.05875
-0.075
-0.065625
-0.064375
-0.0675
-0.065
-0.068125
-0.0675
-0.059375
-0.049375
-0.0375
-0.03125
-0.031875
-0.05
-0.073125
-0.0775
-0.050625
0.005
0.08
0.118125
0.108125
0.076875
0.001875
-0.0225
-0.0325
-0.04
-0.02
-0.06
-0.091875
-0.1125
-0.10625
-0.101875
-0.096875
-0.10875
-0.161875
-0.1525
-0.120625
-0.04125
0.048125
0.1125
0.126875
0.080625
0.043125
-0.02625
-0.048125
-0.046875
-0.048125
0.001875
0.031875
0.03625
0.03125
-0.00125
-0.06125
-0.076875
-0.054375
-0.03
0.02125
0.053125
0.029375
0.00125
-0.005625
-0.010625
0.009375
0.035625
0.01125
-0.0225
-0.05875
-0.0925
-0.100625
-0.0925
-0.079375
-0.0725
-0.036875
-0.009375
0.0175
0.04125
0.038125
0.035
0.02375
0.036875
0.0225
0.006875
0.00375
-0.033125
-0.05
-0.064375
-0.061875
-0.0225
0.0325
0.085
0.09125
0.066875
0.03625
6.93889390391e-18
-0.0175
-0.04125
-0.039375
-0.01625
0.03625
0.098125
0.095
0.063125
0.00875
-0.03375
-0.024375
0.011875
0.01625
0.026875
0.011875
-0.016875
-0.024375
-0.0625
-0.078125
-0.089375
-0.080625
-0.054375
-0.05375
-0.05625
-0.055
-0.02625
0.044375
0.128125
0.20625
0.219375
0.215
0.17
0.085625
0.053125
-0.038125
-0.089375
-0.084375
-0.119375
-0.084375
-0.06
-0.085625
-0.074375
-0.059375
-0.03375
0.01125
0.059375
0.06
0.05875
0.065625
0.05125
0.056875
0.0225
-0.014375
-0.075
-0.135
-0.165625
-0.1775
-0.1275
-0.095
-0.070625
-0.074375
-0.1075
-0.075
-0.02625
0.010625
0.070625
0.06125
0.035625
0.05875
0.059375
0.10875
0.16625
0.156875
0.12
0.023125
-0.06125
-0.073125
-0.0375
0.05625
0.125
0.12375
0.1
0.03375
-0.0075
0.013125
-0.00125
0.03
0.063125
0.045625
0.100625
0.101875
0.096875
0.1475
0.13125
0.14125
0.115625
0.05
0.013125
-0.018125
-0.021875
-0.044375
-0.07375
-0.110625
-0.145
-0.125625
-0.09125
-0.029375
0.02
0.053125
0.07875
0.051875
0.061875
0.05875
0.060625
0.090625
0.079375
0.0625
0.028125
-0.005
-0.02375
-0.053125
-0.0325
-0.01125
0.0075
0.036875
0.00375
-0.03
-0.03625
-0.0225
0.018125
0.050625
0.03125
0.025625
0.018125
-0.014375
-0.015625
-0.0675
-0.119375
-0.104375
-0.098125
-0.0525
-0.00875
-0.003125
0.01125
-0.003125
-0.01375
-0.019375
-0.031875
-0.0425
-0.055
-0.074375
-0.09125
-0.06875
-0.048125
-0.02125
0.008125
0.02125
0.03625
0.0475
0.070625
0.05375
0.03875
0.024375
-0.02125
-0.03125
-0.049375
-0.060625
-0.0525
-0.0575
-0.054375
-0.059375
-0.066875
-0.098125
-0.12875
-0.156875
-0.189375
-0.15375
-0.12625
-0.094375
-0.0775
-0.075
-0.06625
-0.0875
-0.06375
-0.093125
-0.1225
-0.100625
-0.08125
-0.039375
0.001875
0.038125
0.025
0.0275
0.03
-0.010625
-0.028125
-0.035
-0.0375
-0.015625
0.008125
0.000625
-0.01125
-0.028125
-0.040625
-0.048125
-0.05375
-0.055625
-0.060625
-0.0575
-0.05625
-0.055625
-0.0525
-0.043125
-0.048125
-0.061875
-0.079375
-0.118125
-0.135
-0.131875
-0.12625
-0.094375
-0.0675
-0.05625
-0.050625
-0.0575
-0.039375
-0.015625
0.031875
0.10375
0.148125
0.2175
0.248125
0.23125
0.19125
0.0875
-0.028125
-0.11875
-0.190625
-0.218125
-0.214375
-0.213125
-0.21
-0.210625
-0.178125
-0.143125
-0.105625
-0.069375
-0.07625
-0.089375
-0.1025
-0.1025
-0.065625
-0.004375
0.06375
0.0975
0.085
0.053125
0.01
-0.00875
-0.00125
-0.010625
-0.013125
-0.025
-0.04375
-0.055625
-0.09375
-0.12125
-0.13625
-0.126875
-0.074375
-0.028125
-0.01
-0.00625
-0.015625
-0.025
-0.0175
-0.011875
-0.014375
0.00375
0.0225
0.03875
0.05875
0.023125
-0.014375
-0.045625
-0.080625
-0.06625
-0.058125
-0.073125
-0.08625
-0.11375
-0.12875
-0.096875
-0.063125
-0.029375
-0.001875
0.0
0.0
0.0
0.0125
0.0375
0.0625
0.0875
0.08125
0.048125
0.00875
-0.0325
-0.03625
-0.01125
0.02
0.0675
0.106875
0.115
0.129375
0.129375
0.09125
0.0675
0.035625
-0.015
-0.03375
-0.030625
-0.038125
-0.0225
0.00125
-0.006875
0.005625
0.009375
-0.011875
-0.020625
-0.03125
-0.045625
-0.05375
-0.049375
-0.0575
-0.045
-0.02625
-0.046875
-0.059375
-0.084375
-0.109375
-0.0975
-0.0875
-0.063125
-0.039375
-0.05875
-0.076875
-0.12375
-0.1425
-0.0675
0.03
0.13625
0.19
0.155625
0.1
0.053125
0.02125
0.044375
0.035625
0.040625
0.044375
-0.01
-0.030625
-0.086875
-0.108125
-0.068125
-0.01
0.066875
0.084375
0.03375
-0.0675
-0.164375
-0.188125
-0.161875
-0.076875
-0.000625
0.03125
0.0525
0.018125
-0.011875
-0.0075
-0.0125
0.003125
0.038125
0.025
0.0475
0.07875
0.098125
0.150625
0.175
0.195
0.16125
0.098125
0.0375
0.001875
0.06125
0.165
0.24125
0.2925
0.271875
0.18625
0.1275
0.0425
-0.025625
-0.04375
-0.065625
-0.035
-0.00625
0.005
0.02
0.00875
0.0175
0.02375
0.040625
0.03125
0.010625
-0.01375
-0.0775
-0.11375
-0.125625
-0.12625
-0.073125
-0.030625
-0.013125
0.03
0.04625
0.07625
0.095625
0.075
0.054375
0.031875
-0.006875
-0.004375
0.00875
0.03625
0.0975
0.14
0.14875
0.12625
0.098125
0.036875
-0.0075
-0.023125
-0.040625
-0.030625
-0.0125
-0.02125
-0.01
0.000625
0.02625
0.05
0.054375
0.050625
0.0175
0.025625
0.019375
0.025625
0.0375
0.033125
0.045
0.050625
0.063125
0.03875
0.0125
-0.02
-0.04875
-0.0275
-0.008125
0.044375
0.070625
0.026875
-0.015
-0.13
-0.18375
-0.145
-0.11125
0.0175
0.115
0.139375
0.173125
0.158125
0.158125
0.158125
0.158125
