0.0493796841691
0.0493796841691
0.0493796841691
0.0493796841691
0.0558609214954
0.0618078200091
0.0689120657511
0.0545278598965
0.0581556536853
0.0705540782447
0.0952367246285
0.130653731737
0.138287209665
0.129279585008
0.0936255840124
0.0608354719266
0.0393470203299
0.0248288815931
0.02506587548
0.0195750915479
0.015811043683
0.0109834248193
0.0081195359098
0.0081195359098
0.00806104182606
0.00996627769648
0.00794405365857
0.00584755141909
0.00386803734708
0.0018142450735
0.0017044526068
0.00172348639595
0.00162553201762
0.00165640389515
0.00170700591998
0.00458667894733
0.00788579169421
0.0259052191578
0.043885882685
0.0638363112702
0.0938577033922
0.0960758361868
0.106108500026
0.105267763632
0.0849580142464
0.0788138142598
0.0679109348654
0.0641947035928
0.0681537317368
0.0754538862355
0.0707293283765
0.0619545194572
0.0619234154602
0.0520355941141
0.0511553974254
0.0560424388503
0.0535476197549
0.0592747012158
0.0709923196338
0.0769426999382
0.0766051983598
0.0685585479353
0.0468040875293
0.0296797123947
0.0202777169109
0.0190567689725
0.0332703670828
0.044088755023
0.055415948644
0.0749260467654
0.0789431047545
0.0848663270914
0.0857657896887
0.0751669866819
0.0797446129734
0.0865932952781
0.10955083043
0.119479969026
0.119473469683
0.113935333398
0.0806916600435
0.0587496471785
0.0345156875562
0.0241585208239
0.0283420084083
0.0342325019127
0.0466963841372
0.0374130016564
0.030288329409
0.0230638458282
0.0122268883376
0.0123831046803
0.00885581858292
0.0129295137006
0.021872377051
0.0355226214263
0.0612660533763
0.0721858774855
0.0919937847715
0.104131307148
0.0950440655431
0.095262721999
0.0687607239154
0.050855731306
0.0486092799471
0.0571905013035
0.0806754116868
0.0926532359298
0.0966849174397
0.0764269306761
0.0578214017782
0.0430056859963
0.0328005574579
0.0455919601275
0.0566566267298
0.0774022963106
0.0936963804232
0.0857007962622
0.0759199819503
0.0524313576569
0.046283907999
0.0616984917811
0.0896911605227
0.123674366221
0.128408440975
0.115601254188
0.0812083577833
0.0498959176701
0.0412044396081
0.0410465984297
0.0516008345155
0.0541931437505
0.0412568985879
0.027133362797
0.0149271330842
0.0076569219856
0.00800417257797
0.0202076168582
0.0362194438048
0.0524989043965
0.0693725906009
0.0668067429751
0.0512538160426
0.0365056470003
0.0257545736802
0.0370395215741
0.0704217701981
0.106054880449
0.134372748442
0.135242499759
0.108565715782
0.0747004267283
0.049057038231
0.0452152303738
0.0521268170304
0.0628491075473
0.0611862043095
0.0444044373797
0.0345421491654
0.0254101085204
0.0228909168901
0.0358457316031
0.0390921532507
0.0446887836201
0.0507378146609
0.0432962994599
0.0407014369117
0.0330828146239
0.0302128906105
0.0328595157804
0.0354666806557
0.037133529923
0.0291662643264
0.0211386476911
0.0208677643747
0.0235002302624
0.0386966218273
0.0526866889747
0.0531862098803
0.0546624891366
0.0454916845552
0.0378790973712
0.0339820451017
0.0280722856888
0.0231293034933
0.0181515033908
0.0152859896456
0.013456424693
0.0106477801959
0.00776091146781
0.0125170375625
0.0171141618819
0.024672433131
0.0323279624003
0.0244904515371
0.0169314839299
0.0110802186007
0.00554533198642
0.0185790672886
0.0314735309629
0.0411972439074
0.0512268901946
0.0397095908014
0.0359095644326
0.033566783531
0.0328233051571
0.053588008527
0.0589181658483
0.0638799497136
0.0706666561439
0.0562673625296
0.0515490718939
0.0545083618685
0.0463426342021
0.0482478700725
0.0463036381463
0.0296750700072
0.0345388994942
0.0398221687007
0.0546304566624
0.0787446426847
0.0736510150115
0.0684791631074
0.0478922631824
0.0253416333033
0.0175461360479
0.0175073721115
0.0400580019906
0.0606449019156
0.0812318018405
0.0911716179277
0.0714683964821
0.0537289049907
0.0359309194156
0.0179625582155
0.0222400541488
0.0412726827058
0.0605002915419
0.0810618904545
0.0897287638622
0.0836405046461
0.0920928997467
0.102252997125
0.11395320659
0.110824005229
0.0830697230909
0.0554126989727
0.045523252791
0.0505374956362
0.0654996787468
0.0803448736899
0.0655312469825
0.0539002090931
0.0384584673436
0.0231337137615
0.0231337137615
0.0231337137615
0.0231337137615
