-0.0625
-0.0625
-0.0625
-0.0625
0.23125
1.0375
1.40625
1.475
0.88125
0.05625
-0.50625
-1.25
-1.20625
-1.225
-1.21875
-0.6875
-0.875
-0.4875
0.1875
0.49375
0.86875
0.83125
0.44375
0.3875
0.69375
0.575
0.58125
0.25625
0.05
0.5625
1.0125
2.09375
2.625
2.81875
2.93125
2.63125
2.79375
2.95625
3.28125
3.2
2.5
1.84375
1.13125
0.58125
0.66875
0.2125
-0.75
-1.33125
-1.99375
-1.825
-1.00625
-0.29375
-0.05
-0.3
-0.8875
-1.74375
-2.26875
-2.8
-3.04375
-2.975
-2.7875
-1.975
-1.28125
-0.8875
-0.275
-0.6
-1.10625
-1.43125
-2.55
-2.76875
-2.56875
-2.1875
-1.01875
-0.6625
-0.2625
-0.225
-0.9125
-0.8125
-1.45
-1.65
-0.9125
-0.9625
-0.55625
-0.48125
-1.49375
-1.6125
-1.275
-0.64375
0.925
1.99375
2.15
1.94375
0.9875
0.0125
-0.1125
-0.2875
0.4
0.8
0.3875
0.3625
-0.7125
-1.68125
-1.8125
-2.19375
-1.775
-1.0125
-1.0625
-1.0
-1.26875
-1.6625
-1.46875
-1.04375
-0.26875
0.68125
1.4375
1.3625
0.61875
-0.31875
-1.28125
-1.7
-1.53125
-1.2375
-0.75625
-0.0375
0.6875
1.20625
1.6875
1.75625
1.20625
0.3625
-0.73125
-1.19375
-1.2375
-0.90625
-0.78125
-1.43125
-2.05625
-2.68125
-2.51875
-2.00625
-1.51875
-0.575
-0.36875
-0.03125
0.6375
0.39375
0.25625
-0.375
-1.49375
-1.7
-1.5625
-1.09375
-0.48125
-0.78125
-1.25
-1.71875
-1.94375
-1.5375
-0.90625
-0.3
-0.18125
-0.39375
-1.20625
-1.4875
-1.45625
-1.3125
-0.35625
0.06875
0.21875
0.4375
-0.04375
-0.95625
-1.625
-2.2
-2.53125
-1.925
-1.20625
-0.55625
-0.0625
-0.53125
-1.275
-2.2375
-2.90625
-3.11875
-3.19375
-3.1
-3.075
-2.66875
-2.325
-2.00625
-1.90625
-2.49375
-2.49375
-2.49375
-2.49375
