-0.075
-0.075
-0.075
-0.075
-0.14375
-0.21875
-0.29625
-0.270625
-0.160625
-0.0725
-0.00125
0.041875
-0.04625
-0.16875
-0.271875
-0.375
-0.3375
-0.290625
-0.24375
-0.159375
-0.15
-0.0625
0.015625
0.065625
0.115625
0.140625
0.15625
0.1375
0.04375
-0.1
-0.225
-0.325
-0.35
-0.35
-0.35
-0.35
-0.35
-0.35
-0.35
-0.35
-0.35
-0.340625
-0.33125
-0.321875
-0.3125
-0.321875
-0.33125
-0.340625
-0.35
-0.371875
-0.359375
-0.396875
-0.384375
-0.378125
-0.390625
-0.303125
-0.315625
-0.25
-0.190625
-0.196875
-0.153125
-0.209375
-0.284375
-0.303125
-0.321875
-0.290625
-0.25
-0.275
-0.2525
-0.195625
-0.13875
-0.056875
-0.0225
-0.056875
-0.14125
-0.200625
-0.2825
-0.276875
-0.22125
-0.2125
-0.18125
-0.20625
-0.23125
-0.2375
-0.26875
-0.346875
-0.425
-0.5
-0.5
-0.415625
-0.33125
-0.221875
-0.2125
-0.271875
-0.33125
-0.490625
-0.6
-0.6
-0.55
-0.375
-0.1525
-0.03
0.0425
0.065
0.0425
0.045
0.0725
0.115625
0.165625
0.215625
0.2
0.153125
0.0875
0.021875
0.0125
0.01875
0.0375
0.034375
0.015625
-0.003125
-0.05
-0.053125
-0.05625
-0.08125
-0.059375
-0.04375
-0.028125
0.009375
0.034375
-0.021875
-0.0625
-0.08125
-0.12125
-0.03
-0.02
-0.081875
-0.145
-0.339375
-0.393125
-0.396875
-0.3625
-0.234375
-0.23125
-0.2
-0.234375
-0.296875
-0.28125
-0.26875
-0.20625
-0.14375
-0.09375
-0.09375
-0.078125
-0.071875
-0.1
-0.071875
-0.09375
-0.096875
-0.08125
-0.10625
-0.084375
-0.071875
-0.059375
-0.021875
-0.00625
0.02875
0.073125
0.06125
-0.000625
-0.095
-0.23
-0.29625
-0.253125
-0.20625
-0.128125
-0.071875
-0.084375
-0.046875
-0.009375
0.0125
0.04375
0.0375
0.003125
-0.024375
-0.076875
-0.12625
-0.1
-0.11875
-0.0625
-0.04
-0.078125
-0.06875
-0.134375
-0.22
-0.279375
-0.304375
-0.285625
-0.19125
-0.1075
-0.026875
0.025625
0.05625
0.0625
0.03125
0.01875
-0.00625
0.028125
0.009375
-0.0375
-0.0875
-0.221875
-0.2375
-0.253125
-0.24375
-0.1375
-0.125
-0.096875
-0.06875
-0.13125
-0.11875
-0.065625
-0.0125
0.103125
0.165625
0.153125
0.0875
-0.021875
-0.171875
-0.265
-0.289375
-0.27
-0.131875
-0.010625
0.07
0.1475
0.146875
0.11875
0.115625
0.090625
0.09375
0.121875
0.06875
-0.021875
-0.128125
-0.19375
-0.159375
-0.090625
-0.040625
-0.046875
-0.096875
-0.13125
-0.14375
-0.165625
-0.175
-0.19375
-0.215625
-0.209375
-0.234375
-0.2625
-0.290625
-0.35
-0.38125
-0.38125
-0.384375
-0.33125
-0.25
-0.2
-0.1625
-0.153125
-0.175
-0.16875
-0.115625
-0.015625
0.1375
0.225
0.240625
0.184375
0.053125
-0.021875
-0.053125
-0.059375
-0.03125
-0.01875
0.028125
0.053125
0.075
0.08125
0.0375
0.015625
-0.04375
-0.05625
-0.05625
-0.084375
-0.090625
-0.165625
-0.24375
-0.228125
-0.203125
-0.11875
-0.03125
-0.075
-0.09375
-0.15625
-0.25
-0.2125
-0.2
-0.165625
-0.053125
-0.0375
-0.024375
-0.014375
-0.116875
-0.156875
-0.21375
-0.258125
-0.18375
-0.1375
-0.05
0.04375
0.096875
0.078125
0.046875
-0.021875
-0.103125
-0.096875
-0.084375
-0.030625
0.005
0.078125
0.095
0.079375
0.081875
-0.01875
-0.063125
-0.063125
-0.035625
0.06375
0.1225
0.1125
0.065625
-0.025
-0.065625
-0.065625
-0.0875
-0.05
-0.0625
-0.05
0.0125
-0.00625
1.73472347598e-17
-0.053125
-0.14375
-0.1625
-0.1375
-0.034375
0.10625
0.2
0.215625
0.109375
-0.040625
-0.2
-0.290625
-0.25625
-0.159375
0.00625
0.11875
0.15625
0.15625
0.04375
-0.075
-0.19375
-0.309375
-0.303125
-0.23125
-0.084375
-0.009375
0.009375
-0.05
-0.134375
-0.075
-0.04375
0.03125
0.040625
-0.06875
-0.1375
-0.171875
-0.15
-0.084375
0.009375
0.021875
0.021875
0.065625
0.065625
0.1
0.1375
0.090625
0.05
0.053125
0.040625
0.084375
0.14375
0.125
0.115625
0.040625
-0.059375
-0.075
-0.090625
-0.028125
0.028125
-0.009375
-0.021875
-0.065625
-0.09375
-0.065625
-0.078125
-0.0625
-0.0375
0.00375
0.035625
0.020625
-0.038125
-0.091875
-0.1075
-0.129375
-0.116875
-0.17875
-0.273125
-0.289375
-0.3025
-0.246875
-0.18125
-0.190625
-0.15625
-0.165625
-0.15625
-0.121875
-0.161875
-0.17375
-0.17
-0.14125
-0.1075
-0.114375
-0.149375
-0.225
-0.234375
-0.175
-0.128125
-0.040625
-0.040625
-0.04375
-0.0375
-0.046875
-0.0375
-0.071875
-0.075
-0.08125
-0.0375
0.025
0.06875
0.05625
0.028125
-0.015625
-0.059375
-0.009375
0.025
0.053125
0.059375
0.0125
-0.00625
0.021875
0.040625
0.059375
0.08125
0.065625
0.109375
0.1375
0.11875
0.096875
0.02875
-0.005
-0.02
-0.04125
-0.06375
-0.101875
-0.15875
-0.16875
-0.175
-0.178125
-0.134375
-0.11875
-0.06875
-0.00625
0.03125
0.03125
0.015625
-0.04375
-0.15625
-0.209375
-0.30625
-0.3375
-0.268125
-0.283125
-0.235625
-0.19125
-0.21375
-0.12375
-0.04
0.03125
0.146875
0.15625
0.09375
0.015625
-0.065625
-0.06875
-0.021875
0.01875
-0.0375
-0.090625
-0.103125
-0.103125
-0.028125
-0.015625
-0.040625
-0.08125
-0.071875
-0.015625
0.01875
0.05
0.046875
0.053125
0.046875
0.059375
0.040625
-0.003125
0.015625
-0.00625
-0.034375
-0.034375
-0.0875
-0.10625
-0.05625
-0.040625
0.003125
0.046875
0.028125
-0.01875
-0.05875
-0.09875
-0.116875
-0.078125
-0.040625
1.73472347598e-17
0.028125
0.039375
0.054375
0.0975
0.140625
0.18125
0.184375
0.13125
0.059375
-0.0625
-0.190625
-0.278125
-0.29375
-0.23125
-0.1375
-0.084375
-0.125
-0.174375
-0.201875
-0.179375
-0.138125
-0.11375
-0.108125
-0.10875
-0.03125
0.059375
0.14375
0.190625
0.190625
0.1375
0.053125
-0.034375
-0.128125
-0.178125
-0.225
-0.253125
-0.3
-0.3125
-0.246875
-0.128125
0.034375
0.13125
0.196875
0.20625
0.19375
0.209375
0.165625
0.109375
0.05625
-0.053125
-0.121875
-0.196875
-0.303125
-0.35625
-0.36875
-0.3125
-0.19375
-0.040625
0.05625
0.1
0.109375
0.078125
0.059375
-0.009375
-0.10625
-0.165625
-0.196875
-0.11875
0.03125
0.090625
0.078125
0.015625
-0.118125
-0.1425
-0.12
-0.094375
-0.060625
-0.051875
-0.011875
0.019375
0.116875
0.114375
0.074375
0.0425
-0.083125
-0.068125
-0.075
-0.08125
-0.009375
-0.040625
-0.009375
0.015625
-0.015625
-0.01875
-0.05625
-0.065625
-0.05625
-0.05625
-0.0625
-0.16875
-0.24375
-0.271875
-0.278125
-0.15
-0.05
0.06875
0.15625
0.190625
0.2125
0.171875
0.159375
0.103125
0.0875
0.09375
0.05
0.08125
0.09375
0.1
0.14375
0.14375
0.140625
0.140625
0.14375
0.159375
0.16875
0.134375
0.13125
0.084375
0.028125
0.034375
0.009375
0.021875
0.021875
0.009375
-0.046875
-0.103125
-0.103125
-0.121875
-0.075
-0.05625
-0.078125
-0.08125
-0.096875
-0.015625
0.075
0.171875
0.238125
0.22625
0.1925
0.1275
0.0925
0.035625
0.02
0.035625
0.039375
0.12125
0.205
0.26375
0.31625
0.3125
0.26875
0.234375
0.2125
0.19375
0.171875
0.134375
0.0625
0.003125
-0.009375
-0.003125
0.059375
0.08125
0.09375
0.125
0.096875
0.13125
0.08125
-0.0125
-0.078125
-0.165625
-0.115625
-0.06875
0.021875
0.109375
0.106875
0.166875
0.145625
0.1025
0.083125
-0.020625
-0.05875
-0.103125
-0.171875
-0.1625
-0.196875
-0.171875
-0.125
-0.090625
-0.01875
-0.040625
-0.040625
-0.040625
-0.040625
