1.0625
1.0625
1.0625
1.0625
0.975
0.85
0.81875
0.8375
0.94375
1.0
0.975
0.98125
1.03125
1.15
1.28125
1.36875
1.4
1.4
1.4125
1.35625
1.24375
1.0625
0.8625
0.79375
0.83125
0.9875
1.15
1.2125
1.23125
1.175
1.10625
1.1125
1.06875
1.09375
1.15
1.14375
1.21875
1.20625
1.1625
1.16875
1.08125
1.075
1.09375
1.0875
1.2125
1.2625
1.28125
1.3125
1.25625
1.2875
1.275
1.2375
1.15
1.0125
1.0
1.0
1.13125
1.2125
1.24375
1.28125
1.24375
1.30625
1.2875
1.23125
1.1875
1.09375
1.0625
1.1
1.13125
1.0875
1.13125
1.0625
0.91875
0.93125
0.85
0.9125
1.11875
1.23125
1.35625
1.4125
1.4
1.35625
1.3125
1.26875
1.16875
1.0875
1.0125
0.88125
0.86875
0.94375
0.94375
1.05
1.08125
1.0375
1.0625
1.04375
1.05
1.01875
1.05
1.01875
0.9625
0.99375
0.96875
0.99375
1.0375
1.06875
1.1
1.15625
1.2
1.2375
1.25
1.29375
1.35625
1.31875
1.3125
1.19375
1.0
0.8875
0.7375
0.71875
0.81875
0.9875
1.2
1.33125
1.40625
1.4125
1.4125
1.3625
1.3125
1.19375
1.0625
1.0625
1.05625
1.19375
1.3125
1.3
1.23125
1.075
0.94375
0.9375
1.05625
1.13125
1.13125
1.05625
0.93125
0.91875
1.05
1.2125
1.35625
1.45
1.46875
1.4625
1.44375
1.3625
1.24375
1.05625
0.875
0.81875
0.83125
0.94375
1.08125
1.15
1.125
1.0875
0.99375
0.86875
0.8375
0.81875
0.9125
1.0625
1.18125
1.2375
1.1875
1.1
1.0375
0.9875
0.9375
0.91875
0.8875
0.8875
0.925
0.94375
0.8875
0.83125
0.85
0.85
0.96875
1.15
1.2625
1.40625
1.4375
1.325
1.13125
0.9
0.775
0.7875
0.94375
1.14375
1.23125
1.19375
1.025
0.8375
0.79375
0.8875
1.1
1.25
1.24375
1.15625
0.95
0.85
0.84375
0.8375
0.95625
1.00625
1.05
1.03125
0.8875
0.825
0.7125
0.69375
0.80625
0.79375
0.84375
0.9125
0.8375
0.81875
0.81875
0.78125
0.8875
1.0875
1.24375
1.3875
1.39375
1.2375
1.01875
0.7375
0.525
0.39375
0.325
0.3875
0.45
0.5625
0.69375
0.7375
0.83125
0.8625
0.8625
0.925
0.9375
1.00625
1.15625
1.2625
1.31875
1.25625
1.05625
0.8625
0.76875
0.81875
0.925
1.03125
1.10625
1.10625
1.1875
1.2125
1.2125
1.23125
1.11875
1.05
1.0
0.93125
0.95625
1.00625
1.0375
1.0625
1.05625
1.03125
0.96875
0.88125
0.825
0.79375
0.80625
0.90625
0.94375
1.01875
1.14375
1.16875
1.2
1.09375
0.93125
0.8625
0.88125
1.00625
1.14375
1.16875
1.09375
0.96875
0.7625
0.69375
0.65
0.69375
0.8375
0.86875
0.95625
0.95625
0.98125
1.05
1.04375
1.03125
0.9
0.78125
0.66875
0.65
0.71875
0.7875
0.86875
0.8875
0.86875
0.79375
0.75625
0.7
0.725
0.8625
0.95625
1.0875
1.0875
1.01875
0.96875
0.9
0.90625
0.91875
0.91875
0.91875
0.91875
