1.01625
1.01625
1.01625
1.01625
1.009375
0.9575
0.96125
0.976875
0.99625
1.001875
0.998125
0.9525
0.9
0.885625
0.87125
0.869375
0.8725
0.858125
0.85125
0.88625
0.969375
1.105625
1.215625
1.279375
1.26125
1.16125
1.110625
1.059375
1.02875
1.03625
0.9775
0.905
0.8475
0.791875
0.8225
0.88
0.9275
0.99375
1.00125
1.02625
1.07875
1.090625
1.0875
1.044375
0.970625
0.93
0.9125
0.91625
0.97625
1.034375
1.115625
1.2125
1.218125
1.21375
1.14875
1.096875
1.089375
1.03125
1.011875
0.92
0.83
0.83625
0.85125
0.91875
0.988125
0.9625
0.9175
0.896875
0.875625
0.90125
0.95
0.911875
0.9
0.924375
0.924375
1.02
1.095
1.099375
1.1125
1.058125
0.964375
0.905
0.8925
0.905
0.946875
1.023125
1.020625
1.018125
1.028125
0.96875
0.931875
0.884375
0.819375
0.805625
0.801875
0.818125
0.87
0.9325
0.996875
1.0425
1.04875
1.030625
1.030625
1.030625
1.030625
