-0.465625
-0.465625
-0.465625
-0.465625
-0.478125
-0.485625
-0.551875
-0.665
-0.9275
-1.08375
-1.12125
-1.065
-0.790625
-0.619375
-0.479375
-0.4425
-0.48375
-0.61125
-0.888125
-1.11125
-1.303125
-1.320625
-1.066875
-0.88
-0.790625
-0.775625
-0.965625
-1.0025
-0.993125
-0.9
-0.745
-0.725
-0.64375
-0.71
-0.77625
-0.74
-0.890625
-0.888125
-0.934375
-1.156875
-1.144375
-1.231875
-1.169375
-0.8125
-0.54125
-0.22875
-0.023125
0.01875
0.018125
-0.053125
-0.246875
-0.515625
-0.78875
-0.9525
-0.878125
-0.744375
-0.55625
-0.486875
-0.50375
-0.444375
-0.403125
-0.321875
-0.33375
-0.463125
-0.603125
-0.73375
-0.795
-0.75375
-0.833125
-0.885
-0.8675
-0.9575
-0.894375
-0.8
-0.95
-0.9875
-1.018125
-1.259375
-1.16375
-1.2125
-1.229375
-0.97875
-0.93875
-0.810625
-0.77625
-0.953125
-1.120625
-1.1775
-1.225625
-1.016875
-0.72
-0.595625
-0.605625
-0.74875
-0.89375
-0.93
-0.7225
-0.7025
-0.77375
-0.955625
-1.2875
-1.336875
-1.425625
-1.43375
-1.323125
-1.26375
-1.036875
-0.84375
-0.715
-0.675
-0.77
-0.805625
-0.7925
-0.7525
-0.735
-0.76
-0.865625
-1.119375
-1.13
-1.183125
-1.326875
-1.226875
-1.465625
-1.619375
-1.54
-1.50375
-1.298125
-1.283125
-1.34125
-1.430625
-1.371875
-1.059375
-0.8075
-0.62375
-0.588125
-0.63875
-0.695625
-0.705625
-0.750625
-0.78875
-0.770625
-0.779375
-0.715
-0.705625
-0.7325
-0.703125
-0.75
-0.768125
-0.784375
-0.844375
-0.979375
-1.13125
-1.268125
-1.339375
-1.175
-0.99375
-0.800625
-0.698125
-0.67875
-0.61375
-0.53125
-0.406875
-0.370625
-0.418125
-0.55875
-0.826875
-1.04625
-1.218125
-1.2775
-1.05
-0.935625
-0.953125
-1.048125
-1.36125
-1.413125
-1.3425
-1.39875
-1.504375
-1.758125
-1.86375
-1.673125
-1.22875
-0.9325
-0.784375
-0.85875
-1.08125
-1.0075
-1.081875
-1.0075
-1.08125
-1.303125
-1.22875
-1.22875
-0.91125
-0.700625
-0.638125
-0.628125
-0.85125
-0.903125
-0.9925
-1.0025
-1.054375
-1.15125
-1.215625
-1.33375
-1.34625
-1.33375
-1.421875
-1.483125
-1.375
-1.480625
-1.3675
-1.19875
-1.3275
-1.13875
-1.17625
-1.295625
-1.203125
-1.30125
-1.138125
-0.95125
-0.81125
-0.660625
-0.710625
-0.755625
-0.876875
-0.9175
-0.888125
-0.838125
-0.74875
-0.830625
-0.88125
-1.103125
-1.3225
-1.27125
-1.389375
-1.25375
-1.245625
-1.438125
-1.4775
-1.686875
-1.73
-1.703125
-1.74125
-1.586875
-1.409375
-1.24
-0.904375
-0.760625
-0.63875
-0.575
-0.74625
-0.79
-0.8625
-0.785
-0.584375
-0.46875
-0.35375
-0.345625
-0.345625
-0.345625
-0.345625
