0.103125
0.103125
0.103125
0.103125
0.14875
0.138125
0.096875
0.065625
0.035625
0.025
0.028125
0.01
-0.02625
-0.043125
-0.041875
0.008125
0.0775
0.090625
0.10375
0.0575
0.0125
0.04
0.035
0.05125
0.063125
0.023125
-0.01875
-0.049375
-0.07625
-0.08125
-0.066875
-0.058125
-0.020625
0.00375
0.03
0.066875
0.056875
0.05625
0.0525
0.024375
-0.005625
-0.02
-0.020625
-0.004375
0.03125
0.048125
0.035
0.015625
-0.004375
-0.023125
-0.014375
0.01125
0.0475
0.07875
0.09875
0.086875
0.06875
0.0425
0.0225
0.02875
0.016875
0.023125
0.00875
-0.016875
-0.029375
-0.046875
-0.053125
-0.059375
-0.06875
-0.08125
-0.0925
-0.084375
-0.056875
-0.01
0.01875
0.015
-0.005
-0.04625
-0.0475
-0.0325
-0.0175
0.02375
0.045625
0.07875
0.101875
0.07125
0.04125
-3.46944695195e-18
-0.056875
-0.083125
-0.1075
-0.143125
-0.135
-0.1425
-0.153125
-0.146875
-0.179375
-0.169375
-0.164375
-0.171875
-0.15625
-0.155
-0.114375
-0.06375
0.00625
0.066875
0.071875
0.070625
0.046875
0.00375
-0.018125
-0.018125
-0.02
0.014375
0.036875
0.00125
-0.0325
-0.1025
-0.1575
-0.149375
-0.15875
-0.16875
-0.181875
-0.214375
-0.191875
-0.128125
-0.06375
0.0075
0.01375
-0.0025
-0.020625
-0.064375
-0.036875
-0.014375
0.02375
0.090625
0.08375
0.0825
0.058125
3.46944695195e-18
-0.04875
-0.098125
-0.14625
-0.165625
-0.144375
-0.11875
-0.086875
-0.09125
-0.134375
-0.16875
-0.22
-0.1925
-0.1275
-0.0925
-0.02125
-0.018125
-0.020625
-0.005625
-0.001875
0.019375
0.034375
0.065
0.0825
0.084375
0.095
0.090625
0.125625
0.17
0.184375
0.1975
0.143125
0.113125
0.08625
0.048125
0.026875
-0.025
-0.06875
-0.108125
-0.1125
-0.100625
-0.079375
-0.04875
-0.03375
-0.031875
-0.044375
-0.055625
-0.088125
-0.1175
-0.13375
-0.15375
-0.12375
-0.08875
-0.05
-0.0275
-0.046875
-0.048125
-0.06875
-0.059375
-0.040625
-0.058125
-0.053125
-0.059375
-0.054375
-0.030625
-0.013125
0.0025
-0.000625
-0.00125
-0.011875
-0.030625
-0.04
-0.04875
-0.0475
-0.02125
0.005
0.02375
0.02
-0.019375
-0.040625
-0.060625
-0.05875
-0.004375
0.0175
0.040625
0.058125
0.011875
-0.02375
-0.058125
-0.086875
-0.08375
-0.096875
-0.11
-0.135
-0.17
-0.146875
-0.104375
-0.035625
0.040625
0.065625
0.07125
0.04375
0.02125
0.011875
-0.011875
-0.006875
0.0225
0.04875
0.10375
0.12875
0.091875
0.058125
0.01
-0.02125
-0.021875
-0.023125
-0.04375
-0.06875
-0.09125
-0.114375
-0.113125
-0.106875
-0.10125
-0.09375
-0.08875
-0.088125
-0.075
-0.06125
-0.053125
-0.025625
-0.021875
-0.02
-0.01125
-0.029375
-0.033125
-0.018125
-0.0325
-0.025625
-0.026875
-0.06125
-0.045
-0.04125
-0.014375
0.0575
0.115
0.175
0.218125
0.21625
0.22
0.203125
0.1675
0.1275
0.016875
-0.074375
-0.140625
-0.2075
-0.191875
-0.171875
-0.160625
-0.10125
-0.0775
-0.053125
-0.030625
-0.03125
-0.023125
-0.049375
-0.075625
-0.115
-0.123125
-0.076875
-0.025625
0.063125
0.08875
0.088125
0.08375
0.020625
-0.0075
-0.03625
-0.06125
-0.06
-0.06625
-0.070625
-0.080625
-0.080625
-0.080625
-0.080625
