6.36875
6.36875
6.36875
6.36875
7.05
7.20625
6.925
6.60625
6.3
6.36875
6.3375
5.55
4.8125
3.9625
3.525
3.84375
4.19375
4.36875
4.60625
4.80625
4.9875
5.51875
6.0625
6.4625
6.575
6.6625
6.375
6.15625
6.2875
6.3125
6.725
6.85
6.7125
6.7375
6.43125
6.5125
7.125
7.075
7.1875
6.7875
5.5375
5.01875
4.64375
4.7875
5.43125
5.41875
5.2625
5.08125
5.25
6.15625
6.9125
7.5
7.125
6.41875
6.03125
5.93125
6.70625
7.24375
7.28125
6.6375
5.53125
5.03125
5.03125
5.675
6.61875
7.16875
7.55
7.3875
6.7625
5.74375
4.55625
4.175
4.1875
4.9875
6.3375
7.0125
7.6375
7.475
7.1125
6.6625
6.2375
6.10625
5.39375
5.0
4.45
4.09375
4.125
4.275
4.45625
4.7625
5.3125
5.925
6.91875
7.41875
7.41875
6.775
5.66875
4.89375
4.34375
4.225
4.20625
4.28125
4.4
4.49375
4.59375
4.4
4.20625
3.925
3.6875
3.49375
3.3
3.3
3.23125
3.19375
3.25
3.2
3.53125
4.15625
4.59375
5.25625
5.4625
5.6
6.325
6.61875
6.99375
7.0
6.5125
6.23125
6.2625
6.9
7.04375
7.34375
7.6
7.2125
7.4125
7.50625
7.1625
6.80625
6.525
6.40625
6.5
6.79375
7.15
6.9
6.51875
6.38125
5.61875
5.475
5.88125
6.26875
7.04375
7.6
7.575
7.36875
7.00625
6.425
5.95625
5.575
5.425
5.6875
5.86875
5.7625
5.7625
5.7625
5.7625
