0.125
0.125
0.125
0.125
0.05
-0.040625
-0.121875
-0.18125
-0.1625
-0.1375
-0.111875
-0.064375
-0.0325
0.04625
0.11125
0.17
0.1975
0.1375
0.14375
0.134375
0.140625
0.21875
0.240625
0.215625
0.190625
0.134375
0.096875
0.146875
0.1875
0.2125
0.21875
0.178125
0.146875
0.13125
0.128125
0.14375
0.16875
0.175
0.178125
0.171875
0.146875
0.175
0.184375
0.175
0.153125
0.05
-0.025
-0.109375
-0.146875
-0.10625
-0.134375
-0.165625
-0.275
-0.415625
-0.471875
-0.471875
-0.41875
-0.35
-0.265625
-0.21875
-0.10625
-1.04083408559e-17
0.05
0.11875
0.10625
0.034375
0.003125
-0.0375
-0.0625
-0.009375
-0.00625
0.034375
0.053125
0.01875
0.01875
-0.009375
0.00625
0.078125
0.134375
0.10625
0.065625
-0.015625
-0.090625
-0.043125
-0.03625
0.005
0.061875
0.02375
0.048125
0.038125
0.01875
0.075
0.10625
0.134375
0.134375
0.153125
0.1475
0.160625
0.176875
0.12125
0.089375
0.05125
0.0725
0.11875
0.159375
0.190625
0.15625
0.146875
0.15
0.1625
0.215625
0.234375
0.19375
0.153125
0.096875
0.003125
0.003125
0.01875
0.034375
0.10625
0.115625
0.11875
0.0875
0.053125
0.034375
-0.040625
-0.08125
-0.134375
-0.171875
-0.143125
-0.08
0.026875
0.07125
0.101875
0.0825
0.025625
0.025
0.015625
6.93889390391e-18
-0.03125
-0.08125
-0.128125
-0.18125
-0.25
-0.253125
-0.240625
-0.134375
0.0125
0.09375
0.159375
0.14375
0.140625
0.109375
0.040625
-0.0125
-0.109375
-0.13125
-0.078125
-0.021875
0.0625
0.109375
0.103125
0.090625
0.0875
0.06625
0.060625
0.033125
-0.031875
-0.05125
-0.0925
-0.08375
-0.0625
-0.078125
-0.071875
-0.121875
-0.10625
-0.09375
-0.05
0.034375
0.053125
0.10625
0.1
0.090625
0.075
-0.009375
-0.0625
-0.128125
-0.1625
-0.15
-0.109375
-0.040625
0.0125
0.096875
0.134375
0.15
0.16875
0.1625
0.171875
0.18125
0.16875
0.103125
0.0375
-0.009375
-0.06875
-0.1
-0.115625
-0.153125
-0.15
-0.096875
-0.059375
-0.01875
0.053125
0.115625
0.140625
0.165625
0.13125
0.0875
0.08125
0.075
0.103125
0.071875
0.078125
0.06875
0.028125
0.065625
0.05
0.0
-0.034375
-0.084375
-0.11875
-0.075
-0.03125
-0.05
-0.04375
-0.040625
-0.06875
0.00625
0.046875
0.06875
0.13125
0.1125
0.090625
0.034375
-0.034375
-0.075
-0.128125
-0.15
-0.14375
-0.128125
-0.046875
0.0625
0.13125
0.1875
0.16875
0.103125
0.01875
-0.08125
-0.153125
-0.259375
-0.33125
-0.3875
-0.415625
-0.34375
-0.203125
-0.0625
0.034375
0.10625
0.090625
0.090625
0.134375
0.14375
0.196875
0.234375
0.25
0.259375
0.203125
0.12875
0.054375
-0.004375
0.00875
0.0425
0.10125
0.185
0.196875
0.20625
0.15
0.01875
-0.03125
-0.08125
-0.096875
-0.034375
-0.059375
-0.084375
-0.1125
-0.203125
-0.190625
-0.159375
-0.071875
0.059375
0.125
0.16875
0.16875
0.18125
0.190625
0.165625
0.11875
0.05
0.00625
0.0375
0.103125
0.153125
0.190625
0.1725
0.148125
0.105
0.061875
0.039375
-0.001875
0.044375
0.04375
0.040625
-0.01875
-0.165625
-0.209375
-0.234375
-0.128125
0.021875
0.088125
0.12
0.089375
0.07125
0.06125
0.041875
-0.001875
-0.058125
-0.0575
0.005625
0.108125
0.191875
0.238125
0.22875
0.210625
0.151875
0.09625
0.06125
-0.03
-0.02125
-0.065625
-0.09375
-0.103125
-0.19375
-0.178125
-0.184375
-0.096875
0.03125
0.09375
0.159375
0.1625
0.178125
0.190625
0.165625
0.096875
0.015625
-0.040625
-0.028125
0.065625
0.140625
0.203125
0.24375
0.240625
0.25625
0.20625
0.153125
0.096875
0.021875
0.065625
0.078125
0.0875
0.10625
0.09375
0.10625
0.153125
0.209375
0.21875
0.23125
0.171875
0.09375
0.040625
0.00625
0.040625
0.0875
0.084375
0.04375
-0.01875
-0.0875
-0.10625
-0.11875
-0.13375
-0.145625
-0.1075
-0.075625
-0.03875
-0.02375
-0.04
-0.025
-0.0125
0.046875
0.01875
-0.025
-0.06875
-0.140625
-0.06875
0.003125
0.075
0.15
0.075
0.015625
-0.04375
-0.1
-0.05625
-0.04375
-0.03125
-0.075
-0.11875
-0.146875
-0.175
-0.090625
-0.053125
-0.0375
-0.0125
-0.0875
-0.14375
-0.18125
-0.26875
-0.259375
-0.20625
-0.115625
0.025
0.1
0.096875
-3.46944695195e-18
-0.06875
-0.165625
-0.225
-0.159375
-0.146875
-0.059375
0.053125
0.1
0.165625
0.19375
0.19125
0.198125
0.14875
0.099375
0.058125
-0.039375
-0.03625
-0.08
-0.12625
-0.15375
-0.2575
-0.258125
-0.24
-0.140625
-0.003125
0.078125
0.140625
0.165625
0.200625
0.22625
0.21125
0.14625
0.064375
-0.008125
-0.00875
0.05625
0.103125
0.15
0.165625
0.159375
0.134375
0.109375
0.075
-0.015625
-0.021875
-0.075
-0.16875
-0.24375
-0.4
-0.453125
-0.390625
-0.234375
-0.0375
0.0875
0.134375
0.125
0.1375
0.171875
0.19375
0.18125
0.128125
0.06875
0.071875
0.115625
0.14375
0.171875
0.146875
0.090625
0.059375
0.028125
0.0125
-0.009375
-0.021875
-0.08125
-0.140625
-0.18125
-0.246875
-0.209375
-0.153125
-0.06875
0.040625
0.084375
0.10625
0.121875
0.15
0.15
0.115625
0.04375
-0.05
-0.06875
-0.0125
0.078125
0.16875
0.221875
0.219375
0.210625
0.151875
0.09625
0.06125
-0.03
-0.036875
-0.096875
-0.159375
-0.178125
-0.246875
-0.209375
-0.153125
-0.06875
0.040625
0.078125
0.08125
0.078125
0.096875
0.125
0.14375
0.109375
0.04375
-0.003125
0.0125
0.09375
0.165625
0.225
0.22875
0.210625
0.151875
0.093125
0.055
-0.039375
-0.03375
-0.075
-0.11875
-0.11875
-0.2
-0.228125
-0.240625
-0.215625
-0.15
-0.05625
0.009375
0.05
0.1125
0.134375
0.14375
0.125
0.063125
0.02
0.039375
0.09625
0.176875
0.245
0.26
0.253125
0.2
0.15625
0.128125
0.065625
0.03125
-0.06875
-0.16875
-0.209375
-0.24375
-0.165625
-0.084375
-0.0275
0.03875
-0.00125
-0.0725
-0.18875
-0.3425
-0.405625
-0.4375
-0.39375
-0.271875
-0.190625
-0.0875
0.028125
0.1125
0.196875
0.228125
0.184375
0.184375
0.184375
0.184375
