1.59125
1.59125
1.59125
1.59125
1.5325
1.4775
1.264375
1.13125
1.06875
0.8475
0.7775
0.84125
0.901875
1.119375
1.33
1.280625
1.2325
1.195
1.0425
0.96625
0.855625
0.734375
0.788125
0.891875
1.06125
1.22
1.1275
1.056875
0.919375
0.77875
0.735
0.685
0.65
0.74125
0.90125
0.994375
1.071875
1.0075
0.9025
0.799375
0.738125
0.636875
0.55
0.53125
0.49125
0.53125
0.58625
0.64125
0.70375
0.745
0.7675
0.7225
0.689375
0.821875
0.9425
1.07125
1.16875
0.975625
0.8825
0.908125
0.95625
1.275625
1.563125
1.711875
1.824375
1.635
1.389375
1.196875
1.0525
1.071875
0.9225
0.9025
0.906875
0.908125
1.16125
1.281875
1.31625
1.445
1.490625
1.424375
1.444375
1.286875
1.06
0.883125
0.630625
0.505625
0.605
0.828125
1.101875
1.4725
1.521875
1.4475
1.345625
0.956875
0.75625
0.79125
0.835625
1.070625
1.301875
1.215
1.09
0.901875
0.6775
0.573125
0.680625
0.82125
1.124375
1.564375
1.698125
1.836875
1.83125
1.63375
1.5325
1.52875
1.3925
1.32
1.32
1.208125
1.216875
1.3925
1.509375
1.4575
1.410625
1.04375
0.854375
0.85125
0.894375
1.163125
1.121875
1.12875
1.075625
0.933125
0.926875
0.771875
0.6375
0.5475
0.505625
0.715625
0.94625
1.2975
1.76375
1.92875
2.0525
1.9375
1.5425
1.26125
1.006875
0.879375
0.890625
0.916875
1.063125
1.123125
1.13875
1.1725
1.02375
0.965625
0.9575
0.99
0.98
0.91625
0.923125
0.809375
0.794375
0.8275
0.740625
0.785
0.858125
0.906875
1.01625
1.06
1.089375
1.138125
1.09875
1.000625
0.92125
0.818125
0.871875
1.043125
1.1275
1.188125
1.10125
0.8675
0.74125
0.665625
0.7075
0.925625
1.16875
1.371875
1.601875
1.660625
1.475625
1.408125
1.080625
0.860625
0.85875
0.674375
0.83875
0.996875
1.101875
1.325
1.261875
1.133125
1.030625
0.8975
0.855625
0.88
0.79
0.66125
0.606875
0.68875
0.86375
1.1075
1.264375
1.0925
0.910625
0.716875
0.668125
0.834375
1.014375
1.24625
1.21125
1.155625
1.144375
1.03375
1.106875
1.126875
1.073125
0.99
0.898125
0.8975
1.05
1.29375
1.4725
1.678125
1.6
1.465625
1.5275
1.3775
1.418125
1.561875
1.421875
1.401875
1.303125
1.18125
1.173125
1.191875
1.23625
1.22625
1.274375
1.41375
1.580625
1.74375
1.873125
1.755
1.6625
1.571875
1.4375
1.4
1.27
1.141875
1.055625
1.05
1.176875
1.145
1.138125
1.0775
0.896875
0.91625
1.01875
1.133125
1.263125
1.306875
1.1825
1.2025
1.39875
1.6575
1.943125
1.915625
1.570625
1.175625
0.721875
0.47
0.399375
0.370625
0.4525
0.525
0.73375
0.911875
1.05
1.190625
1.18
1.363125
1.5775
1.69625
1.815
1.594375
1.515
1.53375
1.416875
1.4975
1.271875
1.058125
1.03
0.950625
1.17375
1.30625
1.474375
1.6475
1.669375
1.711875
1.66875
1.639375
1.455
1.465
1.475
1.65
1.999375
2.039375
1.953125
1.546875
1.17125
0.929375
0.765625
0.785625
0.705625
0.679375
0.706875
0.831875
1.1425
1.43625
1.7575
1.9525
1.87625
1.72375
1.533125
1.28625
1.178125
1.100625
1.0425
1.096875
1.129375
1.23
1.4425
1.454375
1.63625
1.720625
1.67875
1.774375
1.774375
1.774375
1.774375
