-6.97625
-6.97625
-6.97625
-6.97625
-7.080625
-6.20125
-4.969375
-4.224375
-4.178125
-5.03125
-7.07875
-8.221875
-9.0075
-8.925625
-7.3
-6.62875
-5.64625
-5.033125
-5.741875
-5.970625
-6.995
-8.291875
-8.91125
-9.38375
-9.223125
-8.110625
-7.254375
-6.2675
-5.16625
-5.0925
-5.26125
-5.36125
-5.48125
-4.95125
-3.509375
-2.27125
-1.815
-1.9625
-2.26875
-3.269375
-3.5175
-3.795
-4.645
-5.15875
-5.72625
-6.059375
-6.455625
-6.638125
-7.37875
-7.2125
-7.171875
-7.288125
-6.433125
-6.421875
-5.979375
-4.65
-4.20375
-4.5
-4.84
-5.83625
-6.345625
-5.3025
-4.3275
-3.801875
-3.925625
-5.601875
-6.701875
-7.050625
-6.163125
-3.769375
-1.775
-0.48375
-0.885
-1.9425
-3.23375
-4.245625
-3.798125
-4.23
-5.00125
-5.473125
-6.925625
-7.41375
-6.79875
-6.384375
-5.011875
-3.858125
-3.726875
-4.279375
-5.1575
-5.92375
-6.0125
-5.408125
-5.3
-4.61625
-4.964375
-5.15875
-5.396875
-6.235
-5.4225
-4.82375
-3.248125
-1.965
-2.1525
-2.61375
-3.74875
-4.729375
-5.0325
-5.061875
-5.618125
-5.8125
-6.15625
-6.22625
-4.959375
-4.146875
-3.78875
-3.53625
-4.164375
-4.4525
-3.65125
-3.05875
-2.423125
-2.166875
-3.04
-3.560625
-3.96125
-4.393125
-3.866875
-3.68625
-3.9
-3.01625
-2.7425
-2.735
-1.886875
-1.979375
-2.125625
-1.835
-2.9575
-4.33875
-4.916875
-5.44125
-4.616875
-3.165625
-2.86875
-3.469375
-4.1225
-5.336875
-5.98625
-5.655
-5.773125
-5.146875
-3.740625
-2.365625
-1.03375
-0.843125
-2.188125
-4.019375
-5.84875
-6.919375
-7.28625
-7.409375
-7.766875
-7.711875
-7.695625
-7.620625
-6.916875
-7.13375
-6.71125
-6.405
-6.649375
-6.445625
-6.950625
-6.848125
-6.133125
-4.945625
-3.0325
-2.59
-2.256875
-3.00125
-4.455
-4.375
-5.25875
-4.753125
-4.715
-5.093125
-4.0075
-3.744375
-2.520625
-1.5275
-1.4575
-1.914375
-2.480625
-3.17625
-3.72125
-3.753125
-4.016875
-4.05125
-4.543125
-4.3925
-4.125625
-3.800625
-2.608125
-2.249375
-2.076875
-2.334375
-2.96125
-3.266875
-4.121875
-4.365625
-4.821875
-5.233125
-5.18375
-5.323125
-5.31
-5.24875
-4.59875
-4.615625
-3.74875
-3.09125
-3.291875
-2.9425
-3.56125
-4.05375
-3.96125
-3.74125
-3.2325
-3.185625
-2.531875
-1.7
-1.435
-0.846875
-1.33
-2.424375
-3.59625
-4.26875
-5.15
-5.4475
-4.815
-5.284375
-5.185625
-5.41125
-5.685
-4.833125
-3.451875
-2.605625
-2.580625
-3.205
-4.410625
-4.645
-4.661875
-4.145625
-4.2625
-4.93875
-5.003125
-5.345625
-4.341875
-2.999375
-1.855625
-1.479375
-1.85
-2.92875
-4.430625
-4.955625
-6.12625
-5.954375
-6.050625
-6.705625
-6.301875
-6.82625
-6.11875
-4.741875
-4.06375
-3.164375
-2.80625
-2.94875
-2.1525
-2.080625
-2.506875
-3.15375
-4.516875
-4.5975
-4.826875
-4.45125
-4.56125
-6.033125
-6.7075
-7.2225
-6.82375
-6.82375
-6.82375
-6.82375
