0.06217835
0.06217835
0.06217835
0.06217835
0.06078485625
0.06175245
0.07042009375
0.08073473125
0.0816866
0.0793097875
0.0666023738125
0.057030166375
0.0538588714375
0.047874839
0.0529228776875
0.062507185125
0.0673372800625
0.07307391875
0.07443284375
0.06444405
0.06085616875
0.061204025
0.063828525
0.0785591375
0.083789775
0.0856658
0.08526518125
0.07881150625
0.07690955
0.07826174375
0.0796139375
0.07516970625
0.0740267375
0.0639527675625
0.050202553875
0.0480451901875
0.0405329003125
0.0463293253125
0.0594782378125
0.0643120940625
0.0727253651875
0.072207635125
0.0680136613125
0.06518070625
0.06732228125
0.0679569125
0.0649153
0.06091111875
0.04601190625
0.041304075
0.04038623125
0.04690776875
0.058491875
0.05821578125
0.05559201875
0.0414719238125
0.028366853875
0.0253418089375
0.02601232025
0.0390370964375
0.054321497625
0.0658030675625
0.0780685875
0.08235755625
0.0806104875
0.07721384375
0.0685559875
0.05867953125
0.0548391125
0.04650428125
0.0466374875
0.0554309375
0.0634830125
0.082998275
0.093037325
0.09341034375
0.08941750625
0.07928068125
0.07104748125
0.06842511875
0.06998118125
0.0675134375
0.06690206875
0.0645162375
0.05776455
0.05643626875
0.05775578125
0.05574294375
0.05698425625
0.0533061875
0.04512395
0.04269541875
0.0345282875
0.02961713125
0.03053336875
0.0276733375
0.0312998375
0.03757413125
0.0355760675625
0.034164960125
0.0293029776875
0.01968019525
0.0176006714375
0.016483710125
0.0208757738125
0.03160849375
0.04338690625
0.0591219875
0.06901533125
0.0733578
0.06965265625
0.05877821875
0.0538195
0.048063825
0.0464457
0.051210075
0.05294166875
0.0594412375
0.06571331875
0.06487290625
0.05756548125
0.0479878125
0.0385238875
0.0337538
0.0402681625
0.0451264375
0.051142325
0.0550401238125
0.050671491375
0.0476553839375
0.0423240515
0.0399019276875
0.038818153875
0.0427416363125
0.04570255
0.047884
0.04992240625
0.0455313875
0.0494045375
0.0545657875
0.0664949
0.07844896875
0.0772571300625
0.076283785125
0.0645190714375
0.055740989
0.0581005526875
0.056094260125
0.0646452175625
0.07359599375
0.08045245
0.0878110875
0.0863886375
0.0793092
0.0655607375
0.05479890625
0.0447352050625
0.037872466375
0.03408783275
0.026051636625
0.027995474125
0.029534261625
0.033216689
0.039585022625
0.0386038738125
0.0447374375
0.05633710625
0.06972125
0.0773999
0.0738968875
0.06224443125
0.05037315625
0.05013076875
0.0540853625
0.05692371875
0.06016189375
0.0578242375
0.0620012125
0.0711158
0.07843096875
0.08188856875
0.0744439625
0.06515345
0.05123531875
0.04183330625
0.04306969375
0.0429674625
0.04749285
0.05291831875
0.04744158125
0.0435544125
0.0442948625
0.0395340625
0.0464165
0.05767590625
0.0587246875
0.06977631875
0.0687074875
0.06151249375
0.05990768125
0.04618240625
0.04457759375
0.04667398125
0.0551638125
0.069713875
0.07690456875
0.07972940625
0.0722435625
0.065021525
0.05812111875
0.04971376875
0.04271875
0.0416039125
0.0370888675625
0.041940416375
0.0532607151875
0.057612239
0.0707191901875
0.076602747625
0.0769282550625
0.078555775
0.07556359375
0.07265316875
0.07500601875
0.0708214125
0.06712078125
0.06260196875
0.04930206875
0.0414682738125
0.029608903875
0.0261794026875
0.03068294525
0.0424349714375
0.058234391375
0.0658631425625
0.0724631125
0.06728011875
0.06183331875
0.06062174375
0.058087975
0.060706575
0.06544535625
0.0675893
0.064151175
0.06614169375
0.066125775
0.06497509375
0.0673797425625
0.063507197625
0.0564290515
0.049375861625
0.044473486625
0.035768280375
0.036809289
0.037053341375
0.0369527238125
0.0399302113125
0.034954203875
0.0384224151875
0.04743042025
0.057987939
0.07066650775
0.071224614
0.0623100515
0.0595726214375
0.052928003875
0.0562862363125
0.06651973125
0.0643989613125
0.066649322625
0.0610216214375
0.05039548275
0.0529483964375
0.056014872625
0.0685926238125
0.085594
0.09296925
0.09936986875
0.10067188125
0.09294189375
0.0840597
0.0717285125
0.0568308875
0.0544012875
0.05600473125
0.0567126
0.05932225
0.050766825
0.0416909625
0.039412675
0.03353823125
0.037873475
0.04853275625
0.05615623125
0.0683288625
0.0732790375
0.06637255625
0.0571659375
0.0503992
0.04181463125
0.045170475
0.0544420375
0.0621201375
0.0801343
0.08938026875
0.09315668125
0.0897381
0.0745799375
0.0630234875
0.049873575
0.042570475
0.043480125
0.04471140625
0.04838256875
0.05153329375
0.0502516
0.0416105375
0.03611903125
0.03466056875
0.0333321375
0.039789375
0.04753886875
0.05151195
0.05834223125
0.06778186875
0.0730680375
0.07457779375
0.07605855
0.0732045125
0.0655085
0.0615889
0.0524861125
0.03827848125
0.035186475
0.03209446875
0.032793225
0.041425025
0.0442604
0.05267160625
0.06213729375
0.0705742
0.07321468125
0.0641021988125
0.056642816375
0.0457436276875
0.0443480765
0.0499875901875
0.0485346339375
0.0455450151875
0.0358087901875
0.02521463275
0.0251753214375
0.027547491375
0.0344114175625
0.0419431625
0.043297775
0.0479156875
0.05266826875
0.0618816375
0.06945461875
0.07229594375
0.06957921875
0.05567365625
0.04324945
0.03657895
0.03388664375
0.0380201375
0.03879288125
0.0316681300625
0.029290122625
0.0309639839375
0.039836439
0.0544463026875
0.064302247625
0.0648265800625
0.0571353550625
0.052901872625
0.0449761276875
0.04525682025
0.0546110026875
0.059624972625
0.0736701675625
0.08056729375
0.07994044375
0.07384496875
0.058386725
0.0486206
0.04089349375
0.041059975
0.04683729375
0.05289693125
0.0593034800625
0.0582426964375
0.0516238628125
0.0366899729375
0.0229515104375
0.0204325503125
0.0242685964375
0.0347060925625
0.0439553363125
0.044273578875
0.0398238464375
0.03445564525
0.0363359276875
0.036973072625
0.0447552988125
0.05342101875
0.05543238125
0.0646707375
0.0704471375
0.073735225
0.07189470625
0.0617818300625
0.045378416375
0.0346571089375
0.034193014
0.0388881901875
0.047769741375
0.0525000175625
0.04697308125
0.04085919375
0.04004761875
0.04204768125
0.05430495625
0.06655505625
0.0705021625
0.06920085625
0.05843615
0.04767144375
0.04616485
0.04746989375
0.05516788125
0.0692664875
0.07528848125
0.08321225625
0.0908773
0.092141725
0.09397220625
0.0940610375
0.092827675
0.08757050625
0.08371488125
0.07951169375
0.06877105
0.059670225
0.050157175
0.0345001375
0.02662876875
0.02511240625
0.02492868125
0.031930425
0.03926488125
0.03926488125
0.03926488125
0.03926488125
