-5.254375
-5.254375
-5.254375
-5.254375
-3.541875
-2.51875
-2.124375
-2.0375
-2.775
-3.130625
-2.208125
-1.2425
-0.230625
-0.374375
-1.644375
-3.5725
-5.6175
-6.8125
-7.990625
-7.89625
-7.759375
-7.01125
-5.2525
-4.034375
-2.8525
-2.358125
-2.70625
-3.095
-3.644375
-4.23
-4.726875
-5.253125
-5.568125
-6.200625
-7.200625
-8.130625
-8.55875
-8.02
-7.138125
-6.145625
-5.595
-5.583125
-5.4725
-5.398125
-5.32375
-5.69125
-5.518125
-6.034375
-7.09125
-7.805
-9.17
-9.141875
-7.795
-5.734375
-3.99125
-3.804375
-5.075
-7.575625
-9.2775
-9.660625
-8.73125
-7.186875
-5.955625
-5.805625
-6.48
-6.34875
-6.703125
-5.97625
-5.59875
-6.100625
-6.17625
-7.174375
-6.9
-6.471875
-6.041875
-4.46625
-3.854375
-3.519375
-2.503125
-3.17125
-3.6075
-3.961875
-5.17875
-4.554375
-3.93
-3.531875
-3.450625
-5.05375
-7.155
-8.915
-10.176875
-10.675
-10.675
-10.33375
-9.494375
-7.89125
-5.79
-3.989375
-3.185
-3.566875
-4.446875
-5.408125
-5.373125
-4.68375
-4.494375
-4.764375
-5.881875
-7.8125
-8.320625
-7.82875
-6.766875
-5.274375
-5.126875
-5.880625
-7.224375
-7.685625
-8.2225
-8.30625
-7.871875
-8.750625
-8.203125
-7.699375
-6.763125
-4.96625
-4.92875
-4.32625
-5.036875
-6.30625
-5.920625
-6.74125
-6.679375
-6.1175
-6.379375
-5.295
-3.73375
-2.665625
-2.041875
-2.943125
-5.15125
-6.4075
-7.156875
-7.0925
-5.715625
-5.18125
-5.25
-4.510625
-5.0375
-5.238125
-4.739375
-5.76375
-5.521875
-6.219375
-7.2325
-7.480625
-8.943125
-9.5325
-9.16125
-8.3775
-6.385
-4.58625
-3.896875
-3.786875
-4.92375
-5.1875
-4.7975
-4.7925
-4.17625
-5.114375
-6.470625
-6.404375
-5.94
-3.775
-1.84
-1.271875
-1.09375
-2.389375
-2.940625
-3.525625
-4.27875
-4.04
-4.39
-3.580625
-2.816875
-2.5275
-2.14
-2.43375
-2.51375
-2.965625
-3.625
-4.043125
-4.005
-3.835
-3.889375
-4.4925
-6.166875
-6.860625
-6.70375
-6.00625
-4.32125
-3.64875
-2.79875
-3.03
-3.274375
-3.1725
-3.81125
-3.171875
-3.12375
-3.655
-4.56875
-5.66125
-6.24375
-5.789375
-4.115
-2.8325
-2.23375
-2.018125
-2.755
-3.461875
-3.635625
-4.38875
-4.72125
-4.64125
-4.648125
-3.529375
-2.40875
-1.59
-1.3525
-2.0475
-2.785625
-3.4775
-3.150625
-2.2875
-1.9325
-1.92375
-2.49875
-4.144375
-4.915
-5.131875
-5.516875
-5.094375
-5.424375
-6.58125
-7.063125
-7.54875
-7.416875
-6.0225
-4.7975
-2.7925
-1.166875
-0.538125
-0.873125
-2.149375
-4.081875
-6.14875
-6.751875
-7.26625
-6.68
-5.378125
-4.761875
-4.239375
-4.0875
-3.80375
-3.80375
-3.849375
-4.10875
-4.74
-5.174375
-5.403125
-4.72875
-4.47
-4.66875
-4.278125
-5.274375
-5.88875
-5.391875
-5.36
-3.975625
-2.209375
-1.17125
-0.5975
-0.94375
-2.48375
-4.258125
-5.684375
-7.38625
-7.90375
-7.416875
-7.428125
-6.74
-6.065
-6.751875
-6.940625
-6.946875
-7.26625
-6.87875
-5.6875
-4.489375
-3.31
-1.68875
-1.061875
-1.63125
-2.53375
-4.416875
-5.9925
-5.914375
-5.871875
-4.37
-2.985
-3.1125
-2.6275
-3.485625
-4.925
-5.14125
-5.6875
-5.579375
-5.03875
-5.6275
-5.680625
-6.0825
-5.525625
-3.625625
-2.2725
-0.685625
-0.561875
-1.80125
-3.208125
-5.305
-6.905625
-7.290625
-7.246875
-6.63
-5.176875
-4.4875
-3.79875
-3.17
-3.901875
-4.58
-5.565625
-6.588125
-6.77875
-6.40875
-5.949375
-5.23625
-4.451875
-4.100625
-4.498125
-5.21125
-6.36
-8.3125
-9.118125
-9.15
-8.395
-6.156875
-3.731875
-2.106875
-1.24625
-1.13125
-1.57375
-2.26125
-3.1475
-4.48375
-5.971875
-7.028125
-7.4725
-6.7675
-6.148125
-5.43375
-5.155
-5.31875
-5.05375
-4.9825
-4.6975
-4.71375
-5.038125
-4.895
-4.105
-3.645
-2.905
-2.408125
-2.9925
-2.775625
-3.40125
-3.9225
-3.950625
-4.530625
-4.15875
-4.2725
-4.50375
-4.27875
-3.965625
-3.504375
-2.55
-1.888125
-2.16
-1.920625
-2.073125
-2.295
-2.00375
-2.46625
-3.720625
-5.40875
-6.976875
-8.14875
-8.519375
-7.778125
-6.45
-5.275625
-3.571875
-2.5
-2.781875
-3.231875
-4.189375
-5.09625
-4.854375
-4.33875
-4.551875
-5.3475
-6.754375
-8.109375
-8.345
-7.29125
-5.63375
-3.25625
-1.18
-0.5175
-0.48
-1.98625
-4.431875
-6.2675
-7.679375
-8.31125
-8.01
-6.881875
-6.22
-5.723125
-5.54
-6.1375
-7.115
-7.935625
-8.4425
-9.08
-8.17625
-7.274375
-6.1475
-4.658125
-4.17875
-2.891875
-2.049375
-1.569375
-1.696875
-3.285
-4.85875
-6.37875
-7.368125
-7.754375
-8.520625
-9.373125
-9.136875
-8.169375
-6.04375
-3.491875
-2.70125
-2.445625
-3.65
-5.008125
-5.13375
-6.175625
-5.94875
-6.210625
-6.568125
-5.5725
-4.850625
-3.158125
-1.961875
-1.92
-2.170625
-2.961875
-3.7475
-4.116875
-4.736875
-5.165625
-5.680625
-5.2625
-4.9675
-5.436875
-5.015625
-5.998125
-5.755625
-4.320625
-3.4775
-1.78625
-1.029375
-1.51125
-2.014375
-3.109375
-4.534375
-5.06875
-5.99125
-6.44375
-6.668125
-6.781875
-6.165625
-5.26875
-4.31625
-3.751875
-3.81375
-4.73125
-4.87875
-5.285
-5.91125
-5.633125
-5.968125
-6.2075
-5.8
-5.750625
-5.70125
-5.313125
-4.4125
-3.466875
-2.21375
-0.748125
-0.140625
-0.263125
-1.115625
-2.90125
-4.373125
-5.079375
-5.490625
-5.18125
-5.71875
-6.45875
-6.711875
-6.869375
-6.148125
-4.695625
-3.6025
-3.48125
-3.560625
-4.556875
-5.91375
-6.29
-6.1725
-5.5525
-4.571875
-4.2375
-4.735
-5.57125
-6.0975
-5.87875
-4.68875
-3.37875
-2.90125
-2.690625
-3.79125
-5.21625
-5.7775
-6.4225
-5.839375
-4.978125
-4.458125
-3.96
-4.309375
-4.65875
-5.008125
-5.855625
-6.074375
-6.79125
-7.19625
-7.103125
-7.104375
-5.994375
-5.578125
-4.73375
-4.14875
-4.420625
-4.369375
-5.17625
-6.078125
-6.375625
-6.304375
-4.99125
-3.5075
-2.9575
-3.3
-4.418125
-5.75125
-6.668125
-7.099375
-7.683125
-8.21
-8.081875
-7.080625
-6.544375
-5.694375
-5.3425
-6.045
-6.315
-6.89875
-7.82375
-8.540625
-8.57
-8.014375
-6.464375
-5.2725
-5.00125
-5.58625
-7.20625
-8.30125
-8.558125
-8.23
-7.948125
-7.32125
-7.265625
-6.71375
-5.195
-4.2875
-3.265
-3.2775
-3.869375
-3.85125
-3.833125
-3.433125
-3.4925
-4.433125
-5.44375
-6.34375
-5.82125
-4.729375
-3.456875
-2.463125
-2.77375
-3.213125
-3.93125
-4.041875
-3.69625
-3.03875
-2.085625
-2.01125
-2.12625
-2.75
-3.189375
-3.061875
-2.77875
-2.373125
-2.550625
-2.54375
-2.618125
-2.54375
-2.30875
-2.7675
-2.87375
-3.054375
-3.01375
-2.64875
-3.30875
-3.771875
-4.38625
-4.775
-4.049375
-3.7175
-3.033125
-2.5575
-2.4425
-2.315625
-2.8825
-3.29375
-3.67125
-3.86375
-3.489375
-3.345
-3.888125
-4.43125
-5.344375
-6.27
-6.154375
-6.03875
-5.738125
-5.31
-5.3675
-4.9325
-4.4975
-3.935
-2.881875
-2.74375
-3.03375
-3.52125
-4.7475
-5.67875
-5.81125
-6.30375
-6.618125
-7.1775
-7.748125
-7.2075
-6.481875
-5.01125
-4.259375
-3.9475
-3.5825
-3.59
-3.610625
-4.795
-6.130625
-7.298125
-7.478125
-6.364375
-5.095
-3.8025
-3.008125
-2.224375
-1.43875
-1.57625
-1.830625
-2.445625
-3.1775
-2.445625
-1.9675
-1.443125
-1.279375
-2.480625
-3.29125
-4.31125
-4.969375
-4.315
-3.634375
-2.6275
-1.379375
-1.58875
-2.19875
-3.59125
-5.109375
-5.04375
-4.66625
-2.905625
-2.905625
-2.905625
-2.905625
