0.0818125
0.0818125
0.0818125
0.0818125
0.092125
0.08
0.0053125
-0.0528125
-0.1036875
-0.1379375
-0.1341875
-0.1314375
-0.1286875
-0.11575
-0.0780625
-0.0601875
-0.082375
-0.0516875
-0.00225
0.0154375
0.0884375
0.087375
0.0048125
-0.0556875
-0.1
-0.142
-0.1384375
-0.0865
-0.065375
-0.028
0.0381875
0.0711875
0.083125
0.145875
0.169875
0.1715625
0.177125
0.0889375
0.037375
-0.0275
-0.086125
-0.0991875
-0.1444375
-0.1519375
-0.1024375
-0.0529375
-0.019125
0.02225
-0.02975
-0.062875
-0.053625
-0.0844375
-0.042375
-0.0406875
-0.10025
-0.0955625
-0.0959375
-0.032125
0.090625
0.142875
0.173375
0.1635625
0.1381875
0.1253125
0.0759375
-0.008625
-0.073125
-0.1241875
-0.08425
0.0244375
0.10425
0.2301875
0.2960625
0.304625
0.318
0.2583125
0.157125
0.0819375
-0.0319375
-0.11175
-0.1355625
-0.1838125
-0.184375
-0.1875625
-0.156625
-0.114875
-0.08975
-0.02525
-0.0031875
0.0500625
0.12125
0.1136875
0.087875
0.0365625
0.005375
0.0109375
0.050625
0.0643125
0.0374375
0.0551875
0.017
0.0185625
0.0448125
0.0290625
0.0450625
0.050625
0.01875
-0.0441875
-0.0616875
-0.0875
-0.0685625
-0.0185625
-0.024875
0.031
0.0339375
0.02025
0.0561875
0.03275
0.0615625
0.14475
0.203
0.2266875
0.2010625
0.1370625
0.0115625
-0.055
-0.09275
-0.167
-0.1665
-0.1613125
-0.13725
-0.05875
0.0215
0.03575
0.0523125
0.06675
0.0613125
0.127125
0.1505625
0.134625
0.1075
0.0513125
-0.015375
-0.057875
-0.0990625
-0.16025
-0.1769375
-0.1535625
-0.106375
-0.0178125
0.0669375
0.100375
0.1040625
0.086
0.042375
0.003375
-0.00725
-0.0005
0.04
0.094375
0.1355625
0.143875
0.1541875
0.152
0.1564375
0.1449375
0.109625
0.0449375
-0.033
-0.0306875
-0.0389375
0.0061875
0.0253125
-0.05975
-0.1303125
-0.182375
-0.1619375
-0.0295
0.1049375
0.185375
0.2206875
0.178625
0.165
0.1393125
0.1043125
0.0886875
-0.008875
-0.0320625
-0.0406875
-0.0406875
0.05375
0.08125
0.1279375
0.161375
0.1148125
0.0475625
-0.076
-0.2055
-0.2700625
-0.245875
-0.166625
-0.09725
-0.028375
-0.0108125
0.0185625
0.112
0.16175
0.214125
0.1795
0.1145
0.0475625
-0.017375
0.001125
-0.0343125
-0.018
-0.023875
-0.0746875
-0.051375
-0.0745
-0.046625
0.03925
0.06225
0.1125
0.114125
0.0566875
0.025
-0.053125
-0.1114375
-0.16725
-0.186875
-0.1743125
-0.1419375
-0.0749375
-0.0318125
0.0119375
-0.00125
-0.04075
-0.086875
-0.1198125
-0.06175
0.0241875
0.089625
0.128
0.09575
0.0681875
0.0528125
0.082375
0.1293125
0.1390625
0.1545
0.1283125
0.0720625
0.009625
-0.005125
0.0043125
0.07175
0.159625
0.157375
0.1415
0.078125
0.0500625
0.112125
0.13175
0.182875
0.1608125
0.0734375
0.0156875
-0.04825
-0.0544375
-0.05425
0.011625
0.06675
0.0725625
0.113375
0.080125
0.0565
0.083875
0.103125
0.17025
0.1848125
0.155
0.1121875
0.0259375
0.0290625
0.0626875
0.07275
0.1131875
0.087375
0.07375
0.10725
0.13025
0.20625
0.26175
0.248625
0.2056875
0.1339375
0.0621875
0.0603125
0.0950625
0.1231875
0.1446875
0.148
0.152625
0.15
0.1318125
0.11825
0.0775625
0.088
0.129625
0.1289375
0.1388125
0.0953125
0.0434375
0.022625
-0.0193125
-0.029
-0.008875
0.0423125
0.1496875
0.2241875
0.250375
0.234
0.2050625
0.18825
0.1645
0.166125
0.1300625
0.061625
0.020625
-0.0373125
-0.0648125
-0.0425
0.006625
0.0194375
0.0018125
0.01075
-0.049625
-0.05175
-0.0228125
-0.072625
-0.0796875
-0.0956875
-0.0955625
-0.0275
0.05425
0.0868125
0.0871875
0.0705
0.0568125
0.121375
0.17025
0.1675625
0.12575
0.0564375
-0.0284375
-0.0276875
-0.016375
-0.0165625
0.05675
0.0845
0.130875
0.1345625
0.091625
0.0425
-0.0036875
0.0143125
0.062625
0.0860625
0.114125
0.0935
0.020375
-0.0383125
-0.12475
-0.184
-0.163
-0.0776875
-0.010625
0.104125
0.1651875
0.168625
0.2464375
0.2468125
0.212625
0.1589375
0.0535
-0.003
-0.0194375
0.033625
0.0829375
0.1084375
0.125625
0.054375
0.0036875
-0.044375
-0.053625
0.022625
0.0481875
0.083
0.0568125
0.007125
-0.0025
-0.00325
0.074875
0.0969375
0.1273125
0.1415625
0.0959375
0.0844375
0.0563125
-0.008375
-0.0476875
-0.0786875
-0.062
0.001125
-0.0025
0.031
0.0145625
0.0118125
0.1011875
0.133625
0.1568125
0.1564375
0.1280625
0.129375
0.1709375
0.1995
0.2061875
0.2241875
0.23475
0.2744375
0.3141875
0.335125
0.3300625
0.308875
0.3218125
0.31875
0.29925
0.26275
0.1824375
0.129375
0.1458125
0.1795
0.2568125
0.306875
0.31925
0.32675
0.2474375
0.1923125
0.1165625
0.0434375
0.0705
0.0665
0.0754375
0.0731875
0.0375
0.0223125
0.0025625
0.005875
-0.0073125
0.0030625
0.043125
0.0733125
0.129875
0.1393125
0.1289375
0.121875
0.101625
0.0860625
0.08725
0.105375
0.109625
0.1783125
0.1846875
0.1571875
0.1640625
0.0619375
0.0295625
0.0041875
-0.0304375
0.01625
0.0334375
0.0324375
-0.001
-0.009875
-0.0323125
0.015125
0.1049375
0.1320625
0.20225
0.1849375
0.1488125
0.1329375
0.11425
0.1304375
0.1108125
0.0984375
0.0165
-0.02175
-0.013375
-0.0023125
0.0569375
0.033625
-0.0160625
-0.0695
-0.1203125
-0.1068125
-0.09175
-0.099625
-0.0806875
-0.0371875
0.04475
0.1546875
0.2458125
0.2616875
0.21825
0.1523125
0.0645
-0.0105625
-0.0448125
-0.0510625
-0.074875
-0.0765
-0.06225
-0.0709375
-0.0686875
-0.06025
-0.1085
-0.181625
-0.1789375
-0.1656875
-0.1191875
-0.0409375
-0.020625
-0.0290625
0.014875
0.0885
0.1614375
0.2646875
0.26925
0.2040625
0.129
-0.00875
-0.0615625
-0.0294375
0.03
0.141875
0.2205625
0.2475
0.212125
0.161625
0.0888125
0.011625
-0.0275625
-0.0118125
0.0200625
0.0730625
0.1501875
0.134875
0.090125
0.019625
-0.08475
-0.117875
-0.099375
-0.1003125
-0.0461875
-0.004125
0.039125
0.156875
0.2170625
0.244375
0.2249375
0.128625
0.0646875
0.033
0.0313125
0.0838125
0.130375
0.11525
0.107125
0.0811875
0.0386875
0.0639375
0.0619375
0.0489375
0.0491875
0.02725
0.0123125
0.0401875
0.06475
0.0965625
0.14225
0.1378125
0.153625
0.1621875
0.179625
0.1959375
0.195125
0.1565625
0.09875
0.10025
0.0825
0.1204375
0.1164375
0.0868125
0.0726875
0.049875
0.1041875
0.1024375
0.0946875
0.0588125
-0.0385625
-0.0713125
-0.110625
-0.10225
-0.04225
-0.0341875
-0.0245625
-0.04375
-0.0785
-0.0663125
0.0056875
0.0783125
0.125125
0.154125
0.098375
0.0314375
-0.0169375
-0.03125
-0.009
-0.003375
0.0224375
0.01175
0.037625
0.1211875
0.1860625
0.2601875
0.2618125
0.21075
0.1165625
-0.0369375
-0.14525
-0.22175
-0.20075
-0.096875
0.0010625
0.1085625
0.128
0.1243125
0.1236875
0.1175
0.1633125
0.203125
0.217
0.183125
0.1300625
0.07575
0.029375
0.054375
0.08
0.0864375
0.1365625
0.1326875
0.09875
0.1180625
0.07325
0.0246875
0.0145625
-0.042625
-0.0226875
0.055
0.1243125
0.207
0.2021875
0.143125
0.06625
0.006625
0.035
0.09425
0.2183125
0.27225
0.280625
0.2326875
0.1395
0.104375
0.0326875
0.0435
0.0519375
0.08225
0.1318125
0.110875
0.057125
-0.0181875
-0.067875
-0.0566875
0.0065
0.035
0.0373125
-0.030875
-0.11825
-0.147625
-0.13225
-0.03675
0.03825
0.075
0.075875
0.0188125
-0.001875
-0.0095625
-0.010875
0.0076875
0.015625
0.0070625
0.0325625
0.040875
0.0061875
0.0061875
0.0061875
0.0061875
