0.025688728875
0.025688728875
0.025688728875
0.025688728875
0.0324605925625
0.0327412875
0.0384737375
0.049038725
0.050095875
0.0549294375
0.04791351875
0.03489040625
0.028998025
0.028681475
0.039957775
0.05658063125
0.06870649375
0.06967351875
0.06128161875
0.0498569
0.04504965
0.0514084125
0.064892175
0.0808116125
0.0938804625
0.0995668875
0.09801456875
0.0905093625
0.07889228125
0.070052125
0.06647524375
0.06525945
0.06814921875
0.067684375
0.06242705
0.06347628125
0.05968610625
0.05986006875
0.06419935
0.06307000625
0.0666983125
0.065032375
0.06306511875
0.05599925625
0.04369595
0.03509985625
0.02595895625
0.02265051875
0.02834009375
0.0337658625
0.0390778875
0.0432753488125
0.040541622625
0.0391405339375
0.03773944525
0.0417330339375
0.049775385125
0.0566354613125
0.0604036800625
0.055692535125
0.0438622589375
0.0349736265
0.0305365464375
0.034013103875
0.0452076738125
0.05151589375
0.05924045
0.0629939875
0.0598824
0.0571107
0.05040535625
0.0404945625
0.0344132375
0.0317684375
0.03430505625
0.0453417875
0.05544689375
0.06769130625
0.07200185
0.0643633738125
0.0570623964375
0.0450819378125
0.0405740416875
0.0480757229375
0.0615267503125
0.0770988276875
0.0854321613125
0.0892321875
0.0866994875
0.08059100625
0.0813577875
0.07821738125
0.0730364625
0.0657544738125
0.049697635125
0.0381993589375
0.03133752025
0.0333901401875
0.044795003875
0.0568157925625
0.0686177625
0.0780006
0.082207425
0.07957009375
0.07572059375
0.06927625625
0.06563111875
0.0654428125
0.0666790625
0.0688697625
0.06837500625
0.071555175
0.07003808125
0.06576711875
0.0627820125
0.0575338375
0.059281
0.06330480625
0.06483088125
0.0631513550625
0.055096591375
0.0435220464375
0.03445240775
0.0330113714375
0.030100066375
0.0342283238125
0.04072621875
0.04480498125
0.0565956
0.06502546875
0.07266555625
0.0745117875
0.07485825
0.07716329375
0.077693875
0.08557694375
0.09070614375
0.0914410875
0.09498766875
0.09520556875
0.09590069375
0.098630475
0.096270875
0.08953990625
0.081987025
0.07206615625
0.0614334125
0.05850071875
0.05541243125
0.05530778125
0.06319761875
0.0616147875
0.06116849375
0.0628268375
0.06014496875
0.06677930625
0.0732546125
0.07725161875
0.0741170425625
0.063942903875
0.0533677464375
0.0425506015
0.0397475089375
0.0397475089375
0.0397475089375
0.0397475089375
