0.07
0.07
0.07
0.07
0.100625
0.0825
0.03125
0.005625
0.041875
0.128125
0.250625
0.344375
0.349375
0.293125
0.194375
0.0575
-0.034375
-0.100625
-0.133125
-0.089375
-0.045625
0.00625
0.04875
0.053125
0.076875
0.093125
0.10625
0.090625
0.030625
-0.008125
-0.025625
0.014375
0.08625
0.165625
0.19625
0.184375
0.1725
0.094375
0.061875
0.033125
-0.00125
0.045625
0.074375
0.09875
0.116875
0.050625
0.031875
0.0775
0.143125
0.2525
0.280625
0.246875
0.18
0.111875
0.105625
0.078125
0.0675
0.09125
0.09
0.123125
0.15875
0.129375
0.05125
-0.01
-0.054375
-0.04875
0.040625
0.111875
0.13
0.115
0.065
-0.009375
-0.01375
0.011875
0.018125
0.058125
0.063125
0.02875
0.018125
-0.001875
-0.04125
-0.056875
-0.08625
-0.100625
-0.10125
-0.0875
-0.059375
-0.065625
-0.05625
-0.049375
-0.014375
0.059375
0.113125
0.13625
0.138125
0.120625
0.151875
0.235625
0.295625
0.330625
0.29375
0.195
0.094375
0.025625
-0.005625
-0.003125
-0.011875
-0.02875
-0.02125
0.016875
0.130625
0.290625
0.408125
0.449375
0.399375
0.260625
0.120625
0.03625
0.02125
0.081875
0.198125
0.325
0.394375
0.4
0.324375
0.1825
0.069375
-0.00875
-0.04625
-0.05875
-0.07125
-0.09
-0.113125
-0.105
-0.068125
-0.029375
0.033125
0.076875
0.063125
0.051875
-0.00375
-0.053125
-0.07375
-0.095625
-0.05375
-0.019375
0.005625
0.033125
-0.016875
-0.06125
-0.09125
-0.123125
-0.10625
-0.0875
-0.069375
-0.051875
-0.029375
-0.014375
0.01125
0.0775
0.12875
0.2175
0.28
0.251875
0.21375
0.1425
0.079375
0.0425
0.014375
-0.043125
-0.083125
-0.07625
-0.075
-0.02875
-0.011875
-0.04125
-0.065
-0.1225
-0.13625
-0.10375
-0.061875
0.00625
0.021875
0.039375
0.045
0.028125
0.030625
-0.01625
-0.030625
-0.04125
-0.0475
-0.005
-0.035625
-0.045625
-0.060625
-0.135
-0.159375
-0.183125
-0.194375
-0.150625
-0.0975
-0.055
-0.02375
-0.011875
-0.024375
-0.0225
-0.03625
-0.0225
0.001875
0.000625
0.02875
0.005
-0.036875
-0.0675
-0.069375
-0.0725
-0.03875
-0.011875
-0.011875
0.02375
0.039375
0.055625
0.023125
-0.02
-0.034375
-0.028125
0.014375
0.063125
0.05125
0.060625
0.09625
0.125625
0.189375
0.17375
0.09375
-0.01625
-0.124375
-0.18875
-0.208125
-0.160625
-0.11625
-0.06375
-0.023125
-0.008125
0.029375
0.03375
0.09375
0.1075
0.04875
0.025625
-0.0475
-0.06875
-0.030625
0.01
0.010625
-0.011875
-0.031875
-0.04
-0.0125
0.0275
0.0475
0.01875
-0.011875
-0.040625
-0.0625
-0.075625
-0.071875
-0.07625
-0.080625
-0.05625
-0.0525
-0.013125
0.058125
0.11
0.148125
0.1
-0.00375
-0.109375
-0.158125
-0.14125
-0.11
-0.056875
0.00375
0.049375
0.105625
0.1325
0.106875
0.08
0.07
0.085625
0.088125
0.085
0.06375
0.028125
0.016875
0.05625
0.0475
0.0425
0.035625
-0.05875
-0.08125
-0.071875
-0.06125
0.01125
0.06625
0.075625
0.101875
0.1
0.12375
0.144375
0.125
0.10625
0.041875
-0.00375
-0.011875
-0.0025
-0.00375
0.008125
0.003125
-0.016875
0.025625
0.053125
0.0875
0.111875
0.073125
0.0225
0.00625
0.041875
0.098125
0.15875
0.181875
0.151875
0.09375
0.05125
0.00875
-0.045625
-0.019375
-0.025
-0.0425
-1.08420217249e-18
-0.0225
-0.016875
-0.048125
-0.09125
-0.135625
-0.201875
-0.2025
-0.236875
-0.243125
-0.17
-0.14375
-0.0975
-0.0225
-0.07125
-0.041875
-0.02375
-0.07625
-0.01875
-0.02625
-0.033125
-0.025
-0.084375
-0.121875
-0.176875
-0.16625
-0.09125
-0.009375
0.13
0.196875
0.145
0.0625
-0.06375
-0.204375
-0.223125
-0.17875
-0.08625
0.0925
0.20625
0.235
0.200625
0.103125
0.02375
-0.048125
-0.103125
-0.1025
-0.1025
-0.03125
0.050625
0.0475
0.02375
-0.038125
-0.100625
-0.115
-0.09
-0.079375
-0.07375
-0.056875
-0.05375
-0.026875
0.02125
0.0375
0.0375
0.0375
0.0375
