0.07008995
0.07008995
0.07008995
0.07008995
0.0680163875
0.0685534625
0.0624881625
0.0532809625
0.0494328875
0.046777975
0.05145915625
0.05796015
0.05972938125
0.05420605
0.04406813125
0.0352523
0.030458975
0.034593625
0.0411556625
0.04912548125
0.05595195
0.05385044375
0.053081825
0.0513555125
0.04895125625
0.05517695
0.0624654125
0.07190990625
0.07845954375
0.08084321875
0.07436025625
0.065271175
0.06167378125
0.053910425
0.0562830875
0.05610393125
0.052948025
0.05493330625
0.0525568125
0.05245538125
0.05085999375
0.0511002
0.0527025625
0.0545154
0.05981175625
0.060476
0.0587339875
0.057453875
0.0526114375
0.0514115875
0.0548701375
0.05761508125
0.0652075625
0.06851479375
0.06429135
0.06493335625
0.05986328125
0.0601010375
0.06901150625
0.07096633125
0.07504543125
0.073683825
0.06531345
0.0565404375
0.049141975
0.0440933
0.04438945
0.0483790625
0.05399345625
0.06299679375
0.06759748125
0.07362361875
0.07959580625
0.08212806875
0.08639056875
0.08796505625
0.0872871125
0.08406331875
0.08016158125
0.07904794375
0.075526125
0.07769205625
0.07831901875
0.07334348125
0.07051189375
0.06230588125
0.05665981875
0.054208075
0.05149865625
0.0558786
0.06178938125
0.0684863
0.07687118125
0.0761384375
0.0732675875
0.06999051875
0.065323225
0.06977355625
0.07192011875
0.07148555
0.069191225
0.05992990625
0.05622456875
0.05627750625
0.05841436875
0.059635575
0.05744881875
0.0521479375
0.0511834125
0.05754450625
0.06526775625
0.0744411875
0.075689675
0.07011915625
0.0653367
0.06012534375
0.05746606875
0.0575463875
0.05166699375
0.0480012
0.047588825
0.0473203625
0.05122879375
0.0517815875
0.0498532375
0.047792325
0.0480377875
0.05310296875
0.0567684375
0.05893105625
0.05599600625
0.05164929375
0.05063046875
0.05274990625
0.06258535625
0.0664085125
0.0695099
0.0711197875
0.065829275
0.06290865
0.058747825
0.0568044
0.0562450875
0.05924470625
0.06231818125
0.062940875
0.06068590625
0.0613316375
0.06242570625
0.0614586125
0.06597808125
0.0623615
0.0605490125
0.06384829375
0.06700411875
0.07374853125
0.074128325
0.0713152375
0.067060775
0.0643666375
0.0703452125
0.07639764375
0.0798163625
0.0814505875
0.07255423125
0.066134475
0.061625475
0.0553636
0.05715381875
0.05669160625
0.0563253875
0.060137425
0.06401976875
0.06327701875
0.0640648625
0.0598933125
0.05096135625
0.04699753125
0.04046660625
0.039072125
0.04255596875
0.04542001875
0.05443975625
0.06146115
0.06760250625
0.07590701875
0.07510991875
0.07370873125
0.0682976125
0.061264325
0.0626899875
0.0630036625
0.06862516875
0.07205426875
0.07125389375
0.071789675
0.0674832375
0.06521185625
0.0593518875
0.054672325
0.052532375
0.049889925
0.04920565
0.04655483125
0.04836775625
0.0529489625
0.06015010625
0.06960146875
0.07014568125
0.06816148125
0.0647921375
0.05735259375
0.0522829375
0.0497772125
0.0505619625
0.055616775
0.06355898125
0.06706474375
0.06767565
0.064076025
0.0626919125
0.06311189375
0.0607033
0.06183081875
0.05751380625
0.04947916875
0.0464237375
0.04457999375
0.0472438375
0.05779126875
0.06380980625
0.06965539375
0.071045975
0.0661221
0.06569051875
0.0583585375
0.05221683125
0.0506647
0.0460823625
0.04661920625
0.0516771625
0.05451820625
0.0576345375
0.06154033125
0.061637925
0.0624134625
0.064470775
0.06734993125
0.06793028125
0.0675346625
0.0657503875
0.06142981875
0.059112175
0.05709255625
0.05553196875
0.05705750625
0.06011389375
0.0627903625
0.06609860625
0.0626623125
0.05637690625
0.0476606
0.03825821875
0.03433423125
0.033957825
0.039582975
0.05017625625
0.0604136375
0.06738019375
0.0686368125
0.06301590625
0.05542845625
0.05394040625
0.0563247
0.0584274125
0.06106964375
0.05872569375
0.05649268125
0.05729806875
0.05938523125
0.06251678125
0.0616850125
0.06008345
0.05823526875
0.05272299375
0.05153125
0.05274419375
0.05356286875
0.06036731875
0.06602841875
0.0676220625
0.0703817625
0.0677670375
0.06417634375
0.06065595625
0.0534389625
0.04875251875
0.04319804375
0.043965425
0.04823358125
0.0525017375
0.05940003125
0.063564575
0.06831921875
0.0749602625
0.080137225
0.08358395
0.0848262
0.08222936875
0.07516855
0.06387825625
0.0523159375
0.04530313125
0.046920275
0.0547439375
0.0628428875
0.06678468125
0.0659163625
0.06076461875
0.05689465
0.05644335625
0.0544364875
0.0531005875
0.052039975
0.04651489375
0.048061675
0.05219768125
0.05489560625
0.062127825
0.06089931875
0.05962105625
0.05938660625
0.0596321625
0.06181448125
0.06309274375
0.062932925
0.05557848125
0.0524438625
0.04930924375
0.045438975
0.0487334125
0.047260125
0.04392896875
0.041295825
0.0338204625
0.0272227375
0.02380496875
0.02325318125
0.02541239375
0.030462825
0.03483383125
0.0389023125
0.04467643125
0.04888141875
0.05667321875
0.063499525
0.06837315
0.07787186875
0.0804687
0.0801132875
0.079757875
0.07274910625
0.06680310625
0.06482914375
0.06065545625
0.05786588125
0.06096800625
0.058884375
0.06120019375
0.0648043125
0.05979001875
0.06015540625
0.056711425
0.0503695
0.0527002875
0.0532800875
0.05512649375
0.059279275
0.0590957
0.0598404
0.06068109375
0.06113986875
0.06159864375
0.06154416875
0.0620614125
0.06543854375
0.0661432625
0.066326075
0.06832349375
0.06558915
0.06819963125
0.0708101125
0.06749526875
0.06741679375
0.06038385
0.05335090625
0.05270964375
0.051033225
0.0555127375
0.06025648125
0.065983175
0.072231775
0.07634226875
0.07826035625
0.0719647625
0.0657914125
0.05733570625
0.05058571875
0.05041350625
0.0468389625
0.04929976875
0.0541336625
0.055128475
0.060079325
0.05805265
0.0500893
0.04537684375
0.03783611875
0.0346668
0.03574573125
0.0386544875
0.04386519375
0.048941025
0.05505719375
0.05530663125
0.05943199375
0.06177308125
0.06205465625
0.06768105625
0.06256576875
0.0584869875
0.05552214375
0.045326075
0.0428933625
0.04305748125
0.04689410625
0.057595925
0.0667286125
0.07106325625
0.0666096125
0.057315575
0.05264663125
0.05007201875
0.05174289375
0.05639786875
0.05214569375
0.04746461875
0.04342154375
0.0390352625
0.0408049125
0.043646125
0.0486818625
0.05516778125
0.06015974375
0.06536369375
0.067668525
0.06935846875
0.06846728125
0.0704169125
0.0708182875
0.06738263125
0.06581885
0.06066648125
0.0593704625
0.06103558125
0.06325249375
0.06091059375
0.0545012375
0.048995825
0.0476043125
0.0533021625
0.063278575
0.0732009375
0.0763787625
0.0763818875
0.07345959375
0.06988535625
0.0663410375
0.0614881875
0.06061579375
0.06188735
0.0657648
0.07193796875
0.07132823125
0.0656379
0.05905975
0.0532263
0.05216184375
0.0564422125
0.0641935875
0.0692651
0.07315620625
0.06974980625
0.0635325875
0.06128575625
0.0568220125
0.0584141375
0.059220125
0.05802776875
0.0614249875
0.062356275
0.06204901875
0.05916063125
0.05389958125
0.05070884375
0.05013669375
0.05143641875
0.0532583375
0.0529573625
0.056687575
0.06102388125
0.06169609375
0.06340174375
0.0568937125
0.05439098125
0.0563137
0.0577549375
0.060179125
0.0525892375
0.0430749125
0.03694024375
0.03735300625
0.04467099375
0.05685934375
0.06367326875
0.06706759375
0.06961805
0.0656866
0.0661721
0.06519323125
0.0654420875
0.06752339375
0.06836245
0.06794395625
0.06430445625
0.05853835
0.0498743
0.0420878875
0.0350613625
0.03260610625
0.0318145625
0.03651106875
0.0450996125
0.05312755625
0.06137730625
0.063153
0.0599110875
0.05206319375
0.047795725
0.047764525
0.04785078125
0.0517216
0.0521561
0.0484455125
0.04796918125
0.04788534375
0.04573064375
0.046188475
0.04596688125
0.043674975
0.044636975
0.04584424375
0.04630196875
0.04774226875
0.05181228125
0.05460051875
0.0594238125
0.06655348125
0.06742215
0.068879125
0.06814369375
0.06718273125
0.06733711875
0.0675440875
0.0686594375
0.06351705
0.0614887875
0.05887044375
0.0524172125
0.04987546875
0.043230075
0.037817425
0.035942375
0.0340606375
0.03515804375
0.037814
0.04044776875
0.0437308875
0.04649575625
0.0445288625
0.04059053125
0.0408749875
0.046117275
0.05382383125
0.0676411375
0.0745028
0.07423989375
0.0786683625
0.0779549
0.07980536875
0.0816018875
0.07636513125
0.06993244375
0.063568175
0.05973274375
0.0586854125
0.06176575
0.0634558625
0.06306565
0.06073519375
0.05817920625
0.0577311625
0.06071011875
0.06710775
0.06692965625
0.06633186875
0.06705980625
0.06592939375
0.06955755
0.070164275
0.06341215625
0.05219605
0.0404801
0.03093405
0.030315975
0.03716179375
0.04272721875
0.049986475
0.0497255375
0.04740658125
0.05285098125
0.05556639375
0.0618424
0.0658403625
0.057449875
0.0507006375
0.04505665625
0.0411431
0.0449929
0.0476075875
0.0490326125
0.0532576875
0.05620236875
0.0596138
0.06218526875
0.05669028125
0.0510134375
0.046935125
0.04236061875
0.04290529375
0.04516438125
0.0509416375
0.05763506875
0.0641477375
0.0669109375
0.05885481875
0.051714875
0.04444236875
0.0391523375
0.04422249375
0.04676683125
0.0496661875
0.0522458375
0.0526877875
0.05676900625
0.06066836875
0.063186375
0.05911730625
0.05168245625
0.0463419375
0.0442173125
0.046338175
0.05113135
0.055751575
0.058555625
0.0665451375
0.0727785125
0.07457544375
0.079239125
0.0746943125
0.06704766875
0.0642173875
0.0563947375
0.0552165375
0.063754375
0.0652589375
0.07108884375
0.07461065625
0.0676018875
0.06497116875
0.06132994375
0.05971698125
0.06474846875
0.0748991375
0.0815015125
0.0812034875
0.07443140625
0.05845083125
0.0471603
0.039882025
0.040291525
0.0451442625
0.0453790625
0.0501775
0.05187410625
0.0519612875
0.0566965125
0.0549698
0.049835125
0.0466946
0.0383804375
0.0323704875
0.0323365
0.0327149625
0.0373375875
0.04592435625
0.04949351875
0.052212925
0.05510091875
0.0513368375
0.04954808125
0.05198708125
0.05626725625
0.06332105625
0.07048345625
0.0697752125
0.059678425
0.0489961
0.03831205625
0.03046883125
0.03501405625
0.0444548875
0.056342375
0.07158375
0.07822271875
0.0804999125
0.07581388125
0.06666338125
0.056597225
0.047893225
0.04743925625
0.046238
0.0495337875
0.0487455
0.04179290625
0.03744595
0.0312441875
0.0268622375
0.02964499375
0.03636954375
0.04542751875
0.05777233125
0.0633024375
0.062861125
0.06007451875
0.0533584125
0.05069883125
0.04911051875
0.05249773125
0.05981444375
0.06055543125
0.065466925
0.0608773625
0.0558801125
0.057305375
0.0548743375
0.05859924375
0.0634395
0.06548853125
0.0681817125
0.06988365
0.06666074375
0.0633951375
0.0603937625
0.06178304375
0.06542475625
0.072164625
0.07931820625
0.077799075
0.0743029
0.0662034875
0.05648395625
0.052764725
0.05322375
0.05834645625
0.06483131875
0.0687360625
0.07246785625
0.07233598125
0.07230631875
0.07475315625
0.070835375
0.07088963125
0.06595770625
0.056868625
0.05286366875
0.04632645
0.04425321875
0.0448431
0.0465435625
0.04831244375
0.0542472875
0.06011585
0.06266198125
0.06253163125
0.05823531875
0.05676758125
0.05572876875
0.05842624375
0.0585268875
0.05752919375
0.057459775
0.05909241875
0.065274575
0.0654444375
0.067385125
0.06671969375
0.06474573125
0.06710640625
0.066246075
0.06538574375
0.0610373875
0.060865925
0.06185590625
0.05995103125
0.06576216875
0.06278501875
0.06215616875
0.0667948375
0.06656136875
0.0692513
0.070930725
0.06629569375
0.0574311875
0.05183750625
0.0470318875
0.0461680625
0.05135500625
0.0558767625
0.05410946875
0.0533174
0.04856475625
0.04023625
0.03783105
0.03544015
0.03614740625
0.04102943125
0.04318246875
0.04434598125
0.04390973125
0.04229996875
0.044883275
0.047414
0.0512265
0.05363244375
0.04972105
0.04591481875
0.0414677
0.0400776125
0.045367025
0.05216091875
0.0598709875
0.06699904375
0.06868256875
0.07148144375
0.07116441875
0.0684411375
0.0676286125
0.05986161875
0.054619025
0.04876154375
0.044677875
0.04296409375
0.0437428625
0.04763575625
0.04906271875
0.0537239375
0.05205775625
0.0469481125
0.0453728625
0.04278885
0.048955425
0.05837289375
0.06434895
0.0721623125
0.07017645
0.06682609375
0.06389600625
0.05502924375
0.05260769375
0.05018614375
0.04880840625
0.05515850625
0.0600421875
0.06586775625
0.07117141875
0.07211330625
0.07285938125
0.0728877375
0.073180325
0.07656530625
0.07972611875
0.07990458125
0.08222699375
0.0772519
0.07430506875
0.0743554
0.0674387375
0.067744
0.0639927375
0.0602136
0.06314390625
0.06026523125
0.05657094375
0.05266555
0.04901770625
0.04959295
0.05615396875
0.06250388125
0.0618868
0.0602062
0.05470575625
0.05037529375
0.05516245625
0.0600022
0.06792806875
0.0758112375
0.07913559375
0.08054778125
0.0759632
0.06954626875
0.06072115625
0.05641385
0.05755348125
0.05857278125
0.05821421875
0.05883860625
0.05666246875
0.05747551875
0.0620746125
0.05821298125
0.052725525
0.04362144375
0.036164125
0.03390361875
0.03516946875
0.0380992625
0.0393046625
0.03900083125
0.03976826875
0.0448720625
0.0489465625
0.0557081625
0.05782043125
0.05200775625
0.04840893125
0.045508775
0.04576410625
0.05078843125
0.059330925
0.0633641125
0.06500365
0.06358890625
0.0551408875
0.048712225
0.0457105625
0.04364583125
0.04414503125
0.0495580625
0.05346824375
0.0591980125
0.063435875
0.06304864375
0.06292446875
0.06170654375
0.061824775
0.05738419375
0.05459131875
0.05193191875
0.04762069375
0.04786828125
0.04839125625
0.0489918625
0.0532903875
0.05989529375
0.05902876875
0.0627873375
0.06596389375
0.06475014375
0.0715662125
0.071728925
0.07042755625
0.07032746875
0.06982474375
0.06883108125
0.06783741875
0.0693568125
0.0648794375
0.062249725
0.055156025
0.0473480875
0.0440449125
0.0420734625
0.050760225
0.0566444125
0.05965974375
0.0617015625
0.05754915625
0.0556124875
0.0559172375
0.055213225
0.0492902125
0.04501490625
0.040162125
0.0396313375
0.0475102875
0.0539343875
0.06040018125
0.065032125
0.06677135625
0.06515981875
0.063795325
0.058734225
0.0551053375
0.05645565625
0.057805975
0.06100524375
0.0604460125
0.05527219375
0.0522981
0.05524601875
0.0602222
0.072534475
0.08069434375
0.0836138
0.083775075
0.07427776875
0.06707618125
0.05564511875
0.0471335875
0.04646470625
0.0473266625
0.052022475
0.05695255625
0.05852840625
0.05601346875
0.05649098125
0.054608125
0.05050409375
0.05121380625
0.0464828125
0.04536333125
0.04905808125
0.04898994375
0.05176568125
0.05176568125
0.05176568125
0.05176568125
