0.997125
0.997125
0.997125
0.997125
0.94225
0.8864375
0.89625
0.9433125
1.0216875
1.092875
1.1184375
1.0986875
1.09325
1.0911875
1.064625
1.084
1.0545625
1.044125
1.05575
1.023875
1.0378125
1.0061875
0.980625
0.9768125
0.9428125
0.93775
0.9036875
0.90025
0.8965625
0.8994375
0.9361875
0.91475
0.9256875
0.9156875
0.8886875
0.905375
0.8823125
0.87975
0.8939375
0.875875
0.8988125
0.9534375
1.0169375
1.1165625
1.2171875
1.252
1.252125
1.233375
1.164375
1.1251875
1.1035625
1.0796875
1.072625
1.0371875
0.9961875
0.9605
0.9255625
0.9195625
0.944125
0.9645
0.9950625
1.017
1.0139375
0.9866875
0.978625
0.9825
0.9621875
0.9636875
0.943875
0.91225
0.9056875
0.9280625
0.9541875
0.9874375
1.0400625
1.060625
1.0661875
1.1054375
1.122
1.1476875
1.1828125
1.1594375
1.128
1.075375
1.025875
0.9705625
0.923
0.893
0.87625
0.8874375
0.8959375
0.8996875
0.8766875
0.8605625
0.8584375
0.8619375
0.8823125
0.8985
0.8984375
0.9241875
0.9434375
0.9434375
0.9434375
0.9434375
