1.030875
1.030875
1.030875
1.030875
1.0205625
1.0235625
1.0001875
1.005
1.0391875
1.075
1.090375
1.069
1.0085
0.9599375
0.93725
0.966
1.0231875
1.015
1.009625
0.9528125
0.9129375
0.9091875
0.91925
0.9504375
0.9468125
0.9526875
0.9340625
0.9191875
0.919375
0.9100625
0.89275
0.8994375
0.924625
0.95975
1.000125
0.9935
0.949125
0.9219375
0.91125
0.922875
0.9644375
0.9569375
0.9546875
0.976625
0.9800625
1.0254375
1.038625
1.02575
1.011875
0.971375
0.9495625
0.934875
0.9529375
0.97525
0.9945
0.977875
0.934
0.89725
0.88775
0.9330625
0.9650625
0.996375
0.987125
0.95675
0.9349375
0.9138125
0.9254375
0.9285
0.939375
0.95025
0.928375
0.912
0.904125
0.9193125
0.96725
1.0019375
1.027875
1.0330625
1.0055
1.031375
1.0523125
1.048625
1.05575
0.9746875
0.904
0.8831875
0.8929375
0.980625
1.0555625
1.073
1.04125
0.949625
0.8688125
0.8659375
0.932875
1.032125
1.1324375
1.13675
1.077375
1.077375
1.077375
1.077375
