0.968125
0.968125
0.968125
0.968125
0.985
0.999375
1.005625
1.0175
1.0125
1.019375
1.018125
1.003125
1.00375
1.00125
1.0
1.019375
1.020625
1.019375
1.026875
1.016875
1.02375
1.025
1.01625
1.010625
0.995
0.986875
0.9925
0.990625
0.9925
0.993125
0.97625
0.9675
0.95875
0.95375
0.96125
0.9725
0.9875
1.0075
1.02375
1.0375
1.0525
1.050625
1.03875
1.014375
0.97625
0.941875
0.9175
0.910625
0.91625
0.92625
0.94875
0.965
0.968125
0.975625
0.964375
0.959375
0.963125
0.958125
0.96
0.955625
0.96375
0.98
1.003125
1.025625
1.030625
1.021875
0.9975
0.968125
0.938125
0.915
0.90375
0.89875
0.9
0.91875
0.935625
0.959375
0.993125
1.009375
1.023125
1.0275
1.00875
1.00125
0.993125
0.993125
1.014375
1.021875
1.026875
1.011875
0.98375
0.95125
0.935
0.938125
0.95
0.983125
1.00375
1.02
1.029375
1.030625
1.02125
1.010625
1.003125
0.9925
1.003125
1.008125
1.023125
1.035
1.018125
1.00875
0.97875
0.951875
0.9525
0.949375
0.966875
0.97875
0.99125
1.01125
1.0275
1.061875
1.08125
1.0975
1.103125
1.08875
1.076875
1.060625
1.040625
1.026875
1.01125
1.0
1.004375
1.008125
1.00875
0.991875
0.96625
0.93125
0.9175
0.925625
0.935
0.9625
0.971875
0.964375
0.959375
0.955
0.95
0.95875
0.9625
0.9575
0.966875
0.98375
1.005
1.0225
1.028125
1.0225
1.00375
0.99125
0.98
0.9575
0.951875
0.94375
0.92625
0.93125
0.924375
0.91375
0.921875
0.91875
0.93375
0.96875
0.988125
1.00375
1.010625
1.0025
1.015625
1.03625
1.0425
1.04625
1.028125
1.000625
0.990625
0.985
0.9925
1.009375
1.024375
1.035
1.029375
1.010625
0.979375
0.946875
0.9375
0.94375
0.963125
0.990625
0.999375
0.99875
0.9825
0.959375
0.948125
0.94625
0.9625
0.983125
0.995625
0.99875
0.99875
0.985625
0.97875
0.974375
0.97625
0.995
1.0075
1.020625
1.01125
0.990625
0.98125
0.980625
0.9875
1.005625
1.010625
1.00375
1.014375
1.018125
1.023125
1.030625
1.02375
1.024375
1.023125
1.0175
1.010625
0.986875
0.983125
0.993125
0.999375
1.02375
1.03375
1.035
1.029375
1.02
1.005625
0.98125
0.979375
0.961875
0.9475
0.944375
0.931875
0.9475
0.963125
0.98625
1.009375
1.0
0.99
0.96625
0.94625
0.95375
0.974375
0.99375
1.0075
1.005
0.9825
0.9675
0.95625
0.95375
0.959375
0.973125
0.98125
0.981875
0.99
0.984375
0.98125
0.980625
0.970625
0.965
0.974375
0.990625
1.015625
1.045625
1.05375
1.0575
1.0575
1.0375
1.02625
1.01375
0.995
0.991875
0.97375
0.95
0.92125
0.899375
0.91375
0.93375
0.96875
0.998125
0.998125
0.998125
0.998125
