-0.03125
-0.03125
-0.03125
-0.03125
-0.028125
-0.05
-0.03125
-0.059375
-0.084375
-0.09375
-0.109375
-0.08125
-0.0125
0.034375
0.046875
0.05625
-0.00625
-0.046875
-0.04375
-0.01875
0.053125
0.0625
-1.04083408559e-17
-0.084375
-0.186875
-0.270625
-0.30125
-0.32875
-0.373125
-0.320625
-0.243125
-0.171875
-0.08125
-0.06875
-0.10625
-0.15625
-0.159375
-0.153125
-0.0875
-0.00625
0.0125
3.46944695195e-18
-0.015625
-0.0375
-0.06875
-0.06875
-0.140625
-0.16875
-0.20625
-0.224375
-0.151875
-0.11375
0.00875
0.133125
0.2075
0.238125
0.24375
0.1875
0.075
-0.025
-0.196875
-0.303125
-0.346875
-0.309375
-0.253125
-0.2275
-0.183125
-0.216875
-0.163125
-0.10125
-0.089375
-0.015
-0.00625
-0.021875
0.015625
0.025
0.053125
0.075
0.04375
-0.0125
-0.071875
-0.0375
0.04375
0.109375
0.15625
0.10625
0.009375
-0.03125
-0.078125
-0.078125
-0.01875
-0.0375
-0.021875
-0.01875
-0.040625
-0.009375
-0.065625
-0.15
-0.24375
-0.278125
-0.215625
-0.08125
0.034375
0.08125
0.121875
0.090625
0.078125
0.075
0.025
0.009375
-0.00625
-0.04375
-0.00625
-0.0125
-0.01875
0.01875
-0.04375
-0.046875
-0.1
-0.2
-0.225
-0.275
-0.275
-0.215625
-0.18125
-0.149375
-0.051875
0.001875
0.04
0.083125
0.054375
0.013125
0.003125
-0.009375
-0.075
-0.09375
-0.153125
-0.234375
-0.25625
-0.328125
-0.375
-0.359375
-0.290625
-0.2
-0.065625
-0.0125
-0.046875
-0.06875
-0.15
-0.165625
-0.10625
-0.025
0.071875
0.090625
0.059375
-0.003125
-0.065625
-0.05
-0.046875
-0.08125
-0.115625
-0.146875
-0.134375
-0.059375
-0.009375
0.009375
-0.015625
-0.06875
-0.096875
-0.14375
-0.14375
-0.140625
-0.1125
-0.05625
-0.04375
-0.05625
-0.08125
-0.096875
-0.103125
-0.084375
-0.09375
-0.16875
-0.209375
-0.225
-0.246875
-0.15
-0.078125
-0.053125
0.03125
0.04375
0.075
0.15
0.1875
0.196875
0.16625
0.11375
0.02375
-0.019375
-0.03875
-0.033125
0.050625
0.128125
0.20625
0.24375
0.20625
0.159375
0.090625
0.0375
0.059375
0.071875
0.14375
0.20625
0.228125
0.259375
0.25
0.25
0.25
0.228125
0.15
0.071875
-0.00625
-0.040625
0.015625
0.05625
0.05
-2.60208521397e-18
-0.084375
-0.134375
-0.1125
-0.04375
0.021875
0.065625
0.08125
0.06875
0.0625
0.059375
0.0625
0.084375
0.078125
0.071875
0.075
0.0625
0.096875
0.115625
0.125
0.09375
0.040625
0.01875
-0.025
-0.025
-0.05
-0.0875
-0.10875
-0.11125
-0.06375
-0.019375
0.055
0.1325
0.185
0.234375
0.23125
0.178125
0.15
0.125
0.125
0.15
0.125
0.1
0.059375
0.01875
0.028125
0.0375
0.103125
0.16875
0.209375
0.259375
0.221875
0.181875
0.116875
0.058125
0.093125
0.133125
0.173125
0.175625
0.10625
0.0375
-0.003125
1.12757025938e-17
0.003125
1.73472347598e-17
0.040625
0.01875
0.071875
0.128125
0.096875
0.121875
0.05
-0.071875
-0.121875
-0.1625
-0.13125
-0.015625
0.05625
0.053125
0.03125
-0.034375
-0.090625
-0.05625
-0.0375
0.015625
0.071875
0.071875
0.096875
0.121875
0.146875
0.171875
0.163125
0.104375
0.070625
0.093125
0.114375
0.160625
0.156875
0.103125
0.115625
0.10625
0.1
0.1125
0.028125
-0.0125
-0.009375
-0.0375
-0.015625
-0.015625
-0.021875
0.015625
0.103125
0.188125
0.22
0.183125
0.080625
-0.0325
-0.08875
-0.05125
-0.0575
-0.050625
-0.110625
-0.2425
-0.249375
-0.215625
-0.10625
0.00625
0.0625
0.053125
0.0375
0.08125
0.09375
0.15625
0.196875
0.184375
0.165625
0.1125
0.075
0.053125
0.09375
0.153125
0.196875
0.215625
0.188125
0.141875
0.105
0.118125
0.155
0.195
0.21625
0.1625
0.0625
-0.025
-0.09375
-0.0375
0.078125
0.15
0.2125
0.15
0.0625
0.05
-0.009375
-0.015625
-0.021875
-0.05625
-0.071875
-0.06875
-0.05
-0.040625
0.046875
0.0875
0.096875
0.05625
-0.03125
-0.053125
-0.034375
0.0375
0.103125
0.0875
-0.003125
-0.05
-0.078125
-0.015625
0.146875
0.253125
0.303125
0.2875
0.2125
0.13125
0.090625
0.00625
-0.086875
-0.14875
-0.185625
-0.138125
-0.12
-0.135625
-0.22625
-0.3325
-0.363125
-0.423125
-0.385625
-0.32625
-0.28875
-0.17875
-0.16375
-0.18
-0.17125
-0.1375
-0.03125
0.009375
0.000625
-0.114375
-0.229375
-0.25375
-0.3075
-0.27625
-0.254375
-0.2075
-0.088125
-0.045
-0.033125
-0.080625
-0.103125
-0.053125
-0.0125
0.021875
-0.003125
-0.003125
0.025
0.01875
-0.01875
-0.115625
-0.16875
-0.121875
-0.025
0.065625
0.09375
0.08125
0.090625
0.140625
0.196875
0.209375
0.1725
0.110625
0.083125
0.115
0.170625
0.22625
0.231875
0.2375
0.234375
0.20625
0.20625
0.15625
0.134375
0.1375
0.159375
0.23125
0.253125
0.275
0.253125
0.20625
0.184375
0.178125
0.19375
0.16875
0.14375
0.1125
0.078125
0.109375
0.165625
0.171875
0.20625
0.209375
0.1625
0.196875
0.18125
0.19375
0.20625
0.15625
0.15625
0.106875
0.1325
0.176875
0.174375
0.226875
0.201875
0.205
0.201875
0.149375
0.151875
0.104375
0.135
0.184375
0.184375
0.234375
0.234375
0.2625
0.284375
0.259375
0.234375
0.159375
0.1625
0.184375
0.184375
0.234375
0.19375
0.165625
0.15625
0.1
0.125
0.15625
0.215625
0.29375
0.309375
0.309375
0.284375
0.2875
0.309375
0.309375
0.309375
0.259375
0.221875
0.221875
0.2
0.228125
0.2625
0.271875
0.303125
0.284375
0.234375
0.19375
0.128125
0.096875
0.071875
0.0625
0.103125
0.134375
0.178125
0.165625
0.1225
0.07
0.014375
-0.01
-0.023125
-0.076875
-0.115
-0.11875
-0.13125
-0.065625
-0.034375
-0.053125
-0.065625
-0.1
-0.1375
-0.121875
-0.134375
-0.14
-0.101875
-0.12
-0.088125
-0.066875
-0.0675
-0.04
-0.0625
-0.0875
-0.1125
-0.1625
-0.1625
-0.146875
-0.128125
-0.025
0.05
0.071875
0.0875
0.0125
-0.040625
-0.084375
-0.121875
-0.10625
-0.125
-0.046875
0.034375
0.09125
0.185625
0.1925
0.193125
0.193125
0.193125
0.193125
