-0.14
-0.14
-0.14
-0.14
-0.06375
-0.001875
0.068125
0.095625
0.09
0.068125
0.05625
0.03875
-1.21430643318e-17
-0.014375
-0.06
-0.099375
-0.09125
-0.1
-0.07625
-0.045
-0.064375
-0.0875
-0.084375
-0.078125
-0.015625
0.0675
0.075625
0.08
0.025
-0.046875
-0.07375
-0.075
-0.045625
-0.011875
0.044375
0.051875
0.085625
0.11125
0.04625
0.0025
-0.1
-0.194375
-0.228125
-0.2625
-0.233125
-0.19125
-0.11375
-0.029375
0.000625
0.016875
0.011875
-0.00375
0.028125
0.06125
0.060625
0.065625
0.01625
-0.036875
-0.10125
-0.135
-0.11
-0.0775
0.01625
0.0525
0.059375
0.063125
0.055625
0.0775
0.07625
0.0625
0.01
-0.04375
-0.08875
-0.095
-0.0625
-0.030625
0.02375
0.035625
0.01125
-0.013125
-0.045625
-0.06375
-0.060625
-0.093125
-0.119375
-0.119375
-0.138125
-0.08375
-0.0375
-0.039375
-0.01875
-0.0125
-0.005
0.028125
0.059375
0.04
0.021875
-0.024375
-0.08
-0.090625
-0.079375
0.00375
0.07875
0.11875
0.113125
0.02625
-0.041875
-0.0925
-0.121875
-0.101875
-0.0825
-0.065
-0.055625
-0.065
-0.084375
-0.103125
-0.101875
-0.09875
-0.115
-0.1225
-0.1425
-0.1675
-0.14625
-0.1325
-0.11625
-0.10375
-0.119375
-0.14125
-0.14375
-0.115625
-0.09125
-0.05625
-0.0325
-0.029375
-0.04125
-0.055625
-0.105
-0.145625
-0.1025
-0.038125
0.059375
0.161875
0.180625
0.15125
0.128125
0.065625
0.024375
0.033125
0.016875
0.034375
0.04125
-1.21430643318e-17
-0.03125
-0.06625
-0.081875
-0.0775
-0.07
-0.0675
-0.07875
-0.12125
-0.165625
-0.20375
-0.22375
-0.171875
-0.0925
-0.015625
0.05125
0.07625
0.05
0.0075
-0.03875
-0.07875
-0.09875
-0.094375
-0.0975
-0.10625
-0.11
-0.125625
-0.13125
-0.12875
-0.125625
-0.12875
-0.125
-0.138125
-0.16
-0.16625
-0.178125
-0.163125
-0.1275
-0.094375
-0.060625
-0.045625
-0.055625
-0.083125
-0.1225
-0.155625
-0.17625
-0.17625
-0.158125
-0.139375
-0.14375
-0.151875
-0.164375
-0.15875
-0.106875
-0.036875
0.055
0.118125
0.185
0.183125
0.1325
0.07125
-0.00875
-0.019375
-0.02125
-0.035625
-0.08625
-0.171875
-0.21625
-0.191875
-0.13625
-0.06875
-0.048125
-0.071875
-0.10875
-0.138125
-0.144375
-0.14125
-0.10125
-0.099375
-0.1025
-0.110625
-0.1725
-0.16625
-0.16625
-0.164375
-0.12875
-0.133125
-0.116875
-0.106875
-0.098125
-0.071875
-0.05625
0.00375
0.045625
0.06
0.065625
0.0075
-0.030625
-0.058125
-0.071875
-0.05625
-0.04875
-0.04375
-0.051875
-0.0775
-0.081875
-0.055
-0.023125
0.023125
0.03375
-0.009375
-0.08125
-0.145625
-0.193125
-0.184375
-0.114375
-0.045
0.0225
0.030625
0.011875
-0.020625
-0.05625
-0.069375
-0.0875
-0.06875
-0.05125
-0.014375
0.023125
0.004375
-0.006875
-0.041875
-0.07875
-0.09375
-0.11375
-0.111875
-0.10625
-0.103125
-0.09625
-0.096875
-0.07375
-0.04375
-0.01875
0.00125
-0.029375
-0.07125
-0.116875
-0.1625
-0.1875
-0.19
-0.1775
-0.161875
-0.15
-0.135
-0.12375
-0.11125
-0.078125
-0.065625
-0.05875
-0.05125
-0.06875
-0.08125
-0.096875
-0.09
-0.070625
-0.03
0.045625
0.08625
0.135
0.145
0.121875
0.08875
0.0475
0.029375
-0.01375
-0.033125
-0.053125
-0.078125
-0.06875
-0.06
-0.058125
-0.0325
0.006875
0.036875
0.074375
0.068125
0.014375
-0.03
-0.0675
-0.07125
-0.045
-0.00625
0.02625
0.025625
0.025
-0.010625
-0.043125
-0.051875
-0.070625
-0.04
-0.01625
-0.0075
0.015
-0.0225
-0.03
-0.018125
-0.019375
0.01
-0.014375
-0.078125
-0.14375
-0.210625
-0.25875
-0.238125
-0.196875
-0.148125
-0.083125
-0.061875
-0.08875
-0.101875
-0.123125
-0.1575
-0.11875
-0.108125
-0.12875
-0.10875
-0.105625
-0.108125
-0.05625
-0.02875
-0.056875
-0.07625
-0.08125
-0.0775
-0.031875
0.008125
-0.015
-0.048125
-0.086875
-0.1075
-0.1
-0.08875
-0.075625
-0.070625
-0.105625
-0.135
-0.17125
-0.20125
-0.133125
-0.07125
-0.003125
0.056875
0.05375
0.053125
0.046875
0.04
0.00875
-0.03625
-0.09625
-0.149375
-0.17125
-0.169375
-0.11125
-0.034375
0.025625
0.075
0.086875
0.038125
0.014375
-0.009375
-0.049375
-0.04375
-0.053125
-0.0675
-0.078125
-0.09375
-0.081875
-0.03625
0.02125
0.07875
0.088125
0.03875
-0.010625
-0.06625
-0.103125
-0.11125
-0.108125
-0.10125
-0.07
-0.034375
-0.00875
0.016875
0.0325
0.043125
0.04
0.02375
-0.0025
-0.0375
-0.06
-0.0625
-0.0925
-0.135625
-0.16875
-0.216875
-0.235625
-0.19375
-0.195
-0.18125
-0.16875
-0.2
-0.163125
-0.13
-0.11
-0.08375
-0.066875
-0.058125
-0.025625
0.03625
0.0475
0.05625
0.05375
-0.015625
-0.06
-0.0625
-0.07625
-0.04
0.010625
0.02875
0.0725
0.10125
0.09625
0.05125
-0.008125
-0.0675
-0.115
-0.115
-0.094375
-0.070625
-0.026875
-0.003125
-0.0275
-0.048125
-0.09375
-0.118125
-0.1225
-0.135625
-0.12625
-0.13125
-0.12875
-0.115625
-0.145625
-0.168125
-0.179375
-0.18375
-0.094375
0.005
0.094375
0.180625
0.16875
0.115625
0.06125
-0.003125
-0.0025
0.0375
0.073125
0.10875
0.099375
0.07625
0.049375
-0.0075
-0.044375
-0.114375
-0.199375
-0.251875
-0.319375
-0.315
-0.256875
-0.19875
-0.12
-0.07875
-0.065625
-0.055
-0.060625
-0.053125
-0.023125
0.021875
0.083125
0.14125
0.14625
0.135625
0.10875
0.041875
0.008125
-0.051875
-0.10375
-0.10625
-0.1175
-0.066875
-0.01625
0.015625
0.054375
0.03125
0.020625
0.019375
0.011875
0.023125
0.016875
-0.024375
-0.043125
-0.076875
-0.085625
-0.074375
-0.103125
-0.07125
-0.07875
-0.074375
-0.049375
-0.03875
-0.016875
-0.001875
0.020625
-0.003125
0.008125
0.01625
0.010625
0.01375
-0.024375
-0.060625
-0.09125
-0.099375
-0.09375
-0.0825
-0.06375
-0.054375
-0.04875
-0.024375
0.01375
0.053125
0.0975
0.08125
-0.01375
-0.10875
-0.198125
-0.223125
-0.154375
-0.055
0.05875
0.13
0.13
0.071875
-0.03
-0.1175
-0.10875
-0.075
-0.03
0.00625
-0.02875
-0.03125
-0.0075
0.034375
0.066875
0.069375
0.055625
0.060625
0.08625
0.074375
0.064375
-0.0075
-0.0875
-0.103125
-0.10375
-0.056875
0.005625
0.0225
0.009375
-0.021875
-0.056875
-0.05375
-0.040625
-0.014375
0.001875
-0.001875
-0.019375
-0.05875
-0.061875
-0.08125
-0.035625
0.059375
0.100625
0.14875
0.12375
0.043125
-0.00125
-0.035625
-0.03875
-0.000625
0.034375
0.069375
0.09875
0.0825
0.03125
-0.008125
-0.05
-0.06875
-0.0675
-0.086875
-0.11
-0.126875
-0.131875
-0.131875
-0.131875
-0.131875
