-0.995
-0.995
-0.995
-0.995
-1.37
-1.11
-0.473125
0.0525
0.4425
0.383125
0.11875
0.160625
-0.034375
-0.30625
-0.615
-1.098125
-1.42
-1.5525
-1.728125
-1.756875
-1.5275
-0.909375
-0.17875
0.3025
0.580625
0.4075
0.05625
-0.27875
-0.686875
-0.971875
-1.410625
-1.721875
-2.015
-2.646875
-2.73625
-2.825625
-2.675625
-2.04125
-1.875625
-1.43875
-1.333125
-1.69625
-1.575
-1.725
-1.400625
-0.805
-0.548125
-0.29125
-0.4825
-0.426875
-0.319375
-0.1225
0.044375
0.02625
0.06
-0.028125
0.053125
0.02625
-0.104375
-0.34625
-0.26
-0.39
-0.438125
-0.32
-0.67375
-0.69125
-0.749375
-1.036875
-1.09375
-1.05125
-1.32625
-1.1475
-0.938125
-0.979375
-0.331875
-0.113125
-0.335625
-0.289375
-0.964375
-1.194375
-0.894375
-0.899375
-0.183125
0.14875
0.076875
-0.054375
-0.57875
-0.9175
-1.1325
-1.06375
-0.93
-0.885
-0.405625
-0.051875
0.236875
0.311875
-0.025625
-0.5175
-1.305
-1.863125
-2.550625
-2.995
-2.941875
-2.695625
-2.330625
-1.94375
-1.535
-1.329375
-0.855
-0.518125
-0.405
-0.273125
-0.61875
-0.689375
-0.981875
-1.375
-1.158125
-1.535
-1.561875
-1.479375
-1.71375
-1.226875
-0.644375
0.244375
1.059375
1.153125
0.76875
-0.010625
-0.8775
-1.1125
-0.825625
-0.69375
-0.518125
-0.638125
-1.293125
-1.6175
-1.750625
-1.835
-1.563125
-1.49125
-1.32375
-1.378125
-1.193125
-0.6975
-0.569375
-0.151875
-0.03
-0.20125
-0.13375
-0.015
0.07125
0.366875
0.661875
0.833125
0.70875
0.2825
-0.18625
-0.66375
-0.739375
-0.689375
-0.921875
-1.43
-1.814375
-2.21875
-2.096875
-1.423125
-1.03375
-0.505625
-0.50375
-1.084375
-1.68875
-2.295625
-2.315625
-2.03125
-1.43875
-0.6475
-0.2975
0.139375
0.468125
0.146875
-0.02125
-0.183125
-0.795
-0.746875
-0.91375
-1.1825
-1.090625
-1.180625
-0.83
-0.50375
0.183125
0.42
0.278125
-0.0125
-1.024375
-1.404375
-1.864375
-2.16
-1.82375
-1.75875
-1.505
-1.141875
-1.3125
-1.42625
-1.53125
-1.82875
-1.79875
-2.08
-2.08
-2.08
-2.08
