0.010625
0.010625
0.010625
0.010625
0.06125
0.05375
0.036875
0.033125
0.024375
0.043125
0.088125
0.1125
0.131875
0.08875
0.01625
-0.04
-0.0625
-0.020625
0.024375
0.055625
0.07
0.07
0.0975
0.13375
0.0975
0.059375
-0.013125
-0.089375
-0.081875
-0.08
-0.083125
-0.123125
-0.184375
-0.233125
-0.261875
-0.215625
-0.19625
-0.189375
-0.166875
-0.2075
-0.2025
-0.1775
-0.15875
-0.094375
-0.0475
-0.02125
0.03125
0.059375
0.109375
0.149375
0.11
0.076875
-0.03
-0.115625
-0.174375
-0.255
-0.286875
-0.310625
-0.301875
-0.258125
-0.19875
-0.153125
-0.13875
-0.14
-0.12375
-0.121875
-0.08625
-0.050625
-0.08125
-0.09625
-0.160625
-0.216875
-0.24
-0.239375
-0.174375
-0.125625
-0.105625
-0.133125
-0.19375
-0.241875
-0.238125
-0.210625
-0.18625
-0.1375
-0.105
-0.0375
0.04125
0.06625
0.086875
0.0575
0.01875
-0.000625
-0.03125
-0.05625
-0.116875
-0.179375
-0.226875
-0.27125
-0.245625
-0.2025
-0.15875
-0.093125
-0.056875
-0.035625
-0.02125
-0.031875
-0.04625
-0.010625
0.020625
0.11125
0.18875
0.17125
0.143125
0.020625
-0.1125
-0.20625
-0.27875
-0.306875
-0.2775
-0.2275
-0.18375
-0.15625
-0.17875
-0.160625
-0.1425
-0.12125
-0.088125
-0.088125
-0.088125
-0.088125
