0.068125
0.068125
0.068125
0.068125
0.07
0.075625
0.084375
0.084375
0.085625
0.098125
0.126875
0.154375
0.175625
0.17875
0.16875
0.16125
0.1475
0.14625
0.14625
0.135
0.1275
0.11625
0.09875
0.10125
0.10875
0.115
0.1275
0.13
0.13625
0.1425
0.155
0.1675
0.17375
0.18
0.18
0.18
0.18
0.18
0.18
0.17375
0.1675
0.16125
0.155
0.16125
0.1675
0.17375
0.18125
0.17375
0.16625
0.15875
0.1475
0.143125
0.12875
0.105
0.07875
0.054375
0.040625
0.044375
0.060625
0.08125
0.099375
0.099375
0.090625
0.075
0.073125
0.081875
0.0825
0.083125
0.06
0.044375
0.038125
0.044375
0.065
0.08
0.093125
0.086875
0.0775
0.066875
0.058125
0.069375
0.079375
0.084375
0.099375
0.0925
0.099375
0.11375
0.11
0.12875
0.135
0.1375
0.1575
0.16625
0.16625
0.15375
0.125625
0.08625
0.064375
0.06
0.066875
0.09
0.101875
0.10875
0.111875
0.1175
0.130625
0.140625
0.146875
0.133125
0.10625
0.0825
0.0625
0.06625
0.07875
0.098125
0.118125
0.1175
0.115625
0.1
0.083125
0.074375
0.075625
0.093125
0.1
0.1125
0.106875
0.083125
0.069375
0.04875
0.046875
0.06375
0.07875
0.10625
0.115
0.10375
0.095625
0.0675
0.048125
0.03625
0.03375
0.04875
0.064375
0.0875
0.089375
0.0825
0.085625
0.09
0.103125
0.110625
0.1
0.071875
0.045625
0.02625
0.015
0.021875
0.03125
0.04875
0.064375
0.068125
0.06875
0.051875
0.036875
0.03625
0.034375
0.05
0.075625
0.080625
0.099375
0.10125
0.08375
0.0825
0.06875
0.065625
0.07125
0.078125
0.076875
0.083125
0.1
0.110625
0.1325
0.13875
0.125625
0.1125
0.0925
0.07875
0.085625
0.09375
0.115625
0.135
0.14375
0.139375
0.126875
0.124375
0.120625
0.13
0.135625
0.12375
0.103125
0.091875
0.084375
0.099375
0.12125
0.13
0.139375
0.12625
0.118125
0.104375
0.088125
0.090625
0.09
0.0975
0.09625
0.0775
0.07
0.0625
0.0725
0.09125
0.08875
0.095625
0.089375
0.085625
0.100625
0.1
0.110625
0.11625
0.105625
0.09625
0.069375
0.05125
0.048125
0.05875
0.083125
0.10375
0.12
0.12375
0.124375
0.11125
0.08625
0.07125
0.06625
0.08125
0.110625
0.1225
0.125
0.115
0.095
0.0975
0.08875
0.08125
0.081875
0.061875
0.053125
0.04625
0.03625
0.045625
0.06
0.084375
0.10625
0.108125
0.1
0.0825
0.0675
0.073125
0.08375
0.091875
0.10875
0.10375
0.10375
0.10625
0.1025
0.10875
0.106875
0.10125
0.08125
0.064375
0.055625
0.045625
0.045625
0.05375
0.050625
0.054375
0.06
0.044375
0.034375
0.0225
0.010625
0.009375
0.02125
0.04375
0.08
0.11875
0.133125
0.134375
0.109375
0.08125
0.065
0.041875
0.030625
0.020625
0.010625
0.01
0.01125
0.01375
0.020625
0.039375
0.0675
0.105
0.138125
0.156875
0.1625
0.155
0.143125
0.135
0.12125
0.101875
0.088125
0.073125
0.06625
0.0675
0.068125
0.068125
0.068125
0.068125
