0.05178635
0.05178635
0.05178635
0.05178635
0.0567422
0.05946726875
0.071972325
0.0787718875
0.0824541875
0.0844949
0.0786852125
0.06705179375
0.0585356375
0.05257669375
0.0534930125
0.062495475
0.069780275
0.07262966875
0.07050368125
0.067809125
0.06755024375
0.070312525
0.0690187238125
0.066160741375
0.0549730589375
0.0434407065625
0.0413993003125
0.0328276128125
0.0303089815625
0.0314835089375
0.028923328875
0.0388168238125
0.0526457625
0.0646687
0.07629061875
0.07904674375
0.07770839375
0.07736083125
0.07947844375
0.08652640625
0.0937334
0.092867325
0.0870993
0.07484229375
0.0625852875
0.0582448875
0.05615383125
0.061762825
0.0696484625
0.077791025
0.0879204375
0.0920969625
0.0917202
0.087988825
0.08084604375
0.07597990625
0.0733904125
0.07440263125
0.0770268375
0.0819276875
0.08554268125
0.0825096625
0.07576943125
0.0619976125
0.04796930625
0.0395234375
0.03528654375
0.0392604
0.0438283875
0.042895125
0.04463715
0.04374528125
0.04379445
0.04805004375
0.0515937625
0.05270358125
0.0532264488125
0.055719435125
0.0532820714375
0.049441064
0.0470521151875
0.045991741375
0.0482150175625
0.0524985375
0.05672915
0.0569200375
0.0575915875
0.0630021125
0.0659446550625
0.066165403875
0.0614107714375
0.05158669525
0.0457451401875
0.046301622625
0.047556235125
0.053659203875
0.05512304525
0.048068667875
0.044850336625
0.035951892875
0.03393815775
0.037911441375
0.0447056050625
0.05345835
0.0530808050625
0.057164047625
0.0538896651875
0.05096174525
0.0571357151875
0.056063466375
0.0639892300625
0.0716991625
0.07092973125
0.0739183
0.06707349375
0.056578275
0.050025675
0.0401923
0.034068075
0.03229048125
0.0299187613125
0.027628797625
0.0298226714375
0.0313487265
0.0401232651875
0.049004072625
0.0505272550625
0.0520504375
0.0411228375
0.0344995625
0.03224668125
0.03546996875
0.0436317488125
0.047541966375
0.0537478339375
0.0504537265
0.0550194714375
0.060984816375
0.059426185125
0.065915166375
0.0589944339375
0.0520737015
0.0526678276875
0.043761978875
0.0452349425625
0.0482949375
0.04993545
0.05850449375
0.0615154875
0.06275201875
0.0594426875
0.0587048
0.0632301875
0.0681020375
0.0805887375
0.0820497113125
0.076158197625
0.06557090775
0.047156980375
0.041922105375
0.038911111625
0.0404368628125
0.04277764525
0.033358289
0.028402289
0.0301006464375
0.034446797625
0.0507837488125
0.061122475
0.05951218125
0.0567801488125
0.041232528875
0.0316877714375
0.03045569525
0.0306756776875
0.041087041375
0.0447755613125
0.0410683488125
0.043174803875
0.03711995775
0.036892505375
0.047697124125
0.049628774125
0.056532264
0.058931585125
0.0510003050625
0.0455342
0.0434165875
0.04762558125
0.05706945
0.06654171875
0.068135925
0.06184489375
0.0500597875
0.0336811363125
0.0206366276875
0.0115347378125
0.0063611166875
0.0119297729375
0.0210778440625
0.0326099026875
0.0441563113125
0.0500028125
0.0528712
0.0519032375
0.05185255
0.04526440625
0.03655608125
0.02930011875
0.02018808125
0.0180679
0.0233871
0.02803848125
0.03759250625
0.04528328125
0.04601446875
0.0532099
0.05484728125
0.05768009375
0.06215329375
0.06083006875
0.0587098875
0.05701748125
0.05376644375
0.05051540625
0.04965553125
0.0480803125
0.05208753125
0.05241850625
0.05667775
0.0656121375
0.07052271875
0.0827857875
0.08810241875
0.08556865
0.08059810625
0.068275075
0.0604154
0.05430238125
0.04838055625
0.046134975
0.04243703125
0.04484283125
0.0487004
0.05255796875
0.05961455625
0.05816219375
0.05895600625
0.0581314
0.0524673875
0.05066094375
0.04898916875
0.054230475
0.05743335625
0.0612947875
0.06198215625
0.0523834625
0.0471551625
0.0406097625
0.037210025
0.03773285625
0.0405797375
0.04474371875
0.0471900375
0.0507051875
0.04749749375
0.04151106875
0.03584270625
0.03255833125
0.0336489875
0.03790130625
0.03805915
0.0398568125
0.0456380375
0.04907249375
0.06021880625
0.06331750625
0.06224205
0.0627356875
0.055669325
0.05024995625
0.03830030625
0.02608685
0.02004096875
0.02194773125
0.0308557625
0.0394999875
0.045760225
0.0432456125
0.0397827875
0.03896775625
0.04182896875
0.05156544375
0.0606103375
0.06727124375
0.06445948125
0.05191124375
0.03979078125
0.0313465625
0.0284349625
0.0318474
0.036592475
0.03186488125
0.0313437125
0.0358779375
0.04224551875
0.05414571875
0.05988611875
0.0571083
0.04772108125
0.038861475
0.03075741875
0.02346839375
0.02520578125
0.02879954375
0.03737471875
0.05071786875
0.05342261875
0.0510290738125
0.042097728875
0.0323694276875
0.034104314
0.0417954276875
0.054122978875
0.0608924800625
0.0588937875
0.0517968
0.0467576375
0.0464550625
0.04671854375
0.04990723125
0.0473304625
0.0488055625
0.0515687625
0.0585183375
0.06454149375
0.06188964375
0.0646354625
0.06191265625
0.0615139
0.06351108125
0.06088064375
0.05407605
0.05008321875
0.0496722
0.0446098
0.047209775
0.04530558125
0.04128120625
0.04124039375
0.039828975
0.04638455
0.05449875625
0.0639486
0.06867278125
0.06299651875
0.05181900625
0.04510228125
0.04455610625
0.05364480625
0.06760775
0.07276584375
0.06926283125
0.0563147625
0.04245883125
0.03465625
0.03268613125
0.03439541875
0.03512555625
0.034777725
0.03486484375
0.03983561875
0.0497328
0.05867840625
0.0653829175625
0.064209366375
0.0606767839375
0.0564490765
0.05377088275
0.05881889525
0.0579772015
0.05168664525
0.0497738026875
0.041362616375
0.0398664800625
0.04948596875
0.054886775
0.06288889375
0.07037129375
0.069335475
0.06515339375
0.060393175
0.05351534375
0.0513951625
0.05771461875
0.0654172375
0.0680150125
0.07117176875
0.0641937625
0.05951140625
0.0650387375
0.06635924375
0.07302065625
0.0735177875
0.06523383125
0.0558336375
0.04339808125
0.03338118125
0.02862755625
0.0272692
0.02921210625
0.0379664625
0.04288820625
0.04667191875
0.04859955625
0.0444741375
0.04325285
0.0429726
0.0445556
0.040342175
0.0354702
0.03701319375
0.0366929375
0.04216910625
0.0461929125
0.0381667
0.03504313125
0.03806355
0.0476649375
0.06452696875
0.07950719375
0.0819356375
0.07343905
0.06187168125
0.042418675
0.03543369375
0.03398133125
0.03304970625
0.03791450625
0.03066601875
0.026065325
0.02715735
0.02894095625
0.0407130625
0.05010118125
0.05555011875
0.061736075
0.060307775
0.058879475
0.0571064875
0.0515209125
0.0501159125
0.04709249375
0.03753879375
0.0343117
0.029817275
0.03014671875
0.03745366875
0.03925936875
0.0418306375
0.0381570625
0.0335828
0.02819035625
0.02306171875
0.02401186875
0.02398286875
0.02632350625
0.0337195375
0.03411233125
0.0364159
0.04111063125
0.0359719875
0.0347900125
0.0334227
0.0272874125
0.0256663
0.0240595375
0.02636508125
0.0319862375
0.04259879375
0.053204175
0.05272658125
0.0513173625
0.0412405
0.03354045
0.03461783125
0.03552915625
0.04414053125
0.04894649375
0.049757225
0.056028675
0.0518757
0.049151325
0.05286280625
0.051279625
0.0560970625
0.06554211875
0.06551835625
0.0594343625
0.05427481875
0.03890465
0.03331446875
0.034048325
0.036868725
0.04527213125
0.04724779375
0.04869584375
0.04412190625
0.04127340625
0.04102318125
0.04497938125
0.05101495
0.05386345
0.0554128125
0.05301955625
0.051557925
0.05222574375
0.04683333125
0.04355853125
0.04121535625
0.04203383125
0.0489197125
0.047634925
0.05054711875
0.04881136875
0.04799289375
0.0532203
0.04819049375
0.04561955
0.04214791875
0.0404089
0.04762795625
0.0540314125
0.06551595
0.074505
0.07887450625
0.07773686875
0.07184195
0.06814568125
0.0637662
0.064727625
0.05894086875
0.05540175625
0.050845375
0.04703004375
0.053579175
0.05039183125
0.05061949375
0.04804795625
0.0431245625
0.045193025
0.04934803125
0.05328421875
0.0524094
0.0552543375
0.05352965
0.0526578125
0.05260100625
0.0423098125
0.03357725
0.02561743125
0.02030540625
0.022960375
0.023996925
0.02595075
0.03343719375
0.03746095
0.0483977875
0.06142116875
0.0681709
0.07469404375
0.07224628125
0.0689051375
0.06072201875
0.05634191875
0.05719669375
0.05094245625
0.05000741875
0.0504847125
0.049403375
0.056187225
0.06509125625
0.06367743125
0.06472878125
0.0583695988125
0.053914041375
0.0598372964375
0.0562934565625
0.0639407190625
0.0649399690625
0.0619398003125
0.0689196651875
0.068767947625
0.0674568488125
0.06461551875
0.06038310625
0.05130871875
0.04840190625
0.046395175
0.04237199375
0.047346825
0.04850906875
0.0503298625
0.049038475
0.04488675
0.04761603125
0.0495515
0.05741255625
0.065754275
0.0686435875
0.073779075
0.076530575
0.075893725
0.0682549550625
0.0561857089375
0.0417324753125
0.0293400541875
0.0306039104375
0.0418478003125
0.0554828526875
0.0689872738125
0.0753601125
0.07082096875
0.07021009375
0.0659746625
0.05663345
0.0551123625
0.05177344375
0.0522252875
0.060644125
0.05875228125
0.0534436875
0.050618475
0.045409275
0.052176525
0.05641344375
0.05592588125
0.0591145625
0.05352839375
0.05084724375
0.0501433875
0.0452860625
0.04362775625
0.04395555625
0.04850383125
0.0489017125
0.04691560625
0.04920680625
0.04357031875
0.0433315
0.0494192875
0.04982055
0.0566762125
0.0619680125
0.06187230625
0.060825025
0.0608496875
0.06467915625
0.0699535125
0.07782614375
0.07700766875
0.0731782
0.07291123125
0.071345125
0.08003623125
0.0895458125
0.0888385363125
0.0814769026875
0.0638580565625
0.0415912666875
0.0326331916875
0.0311874065625
0.0333444765
0.037805264
0.028957336625
0.0189876705625
0.017198113125
0.0210700330625
0.0315963104375
0.0423863940625
0.0414172765
0.0367418515
0.0343859901875
0.038437922625
0.0514004050625
0.06022625625
0.0710673375
0.0751530625
0.07461460625
0.0800172875
0.07740893125
0.073030525
0.06802570625
0.06183083125
0.06089923125
0.058142625
0.05509874375
0.05125298125
0.04280455625
0.04435898125
0.04688
0.051435675
0.06043558125
0.0596990125
0.05999181875
0.05670884375
0.0551962875
0.056701425
0.058610575
0.063118
0.05910720625
0.0578131125
0.054919575
0.0486092875
0.04736156875
0.0402792875
0.0397116375
0.03970296875
0.04087538125
0.04677241875
0.04280873125
0.04407991875
0.0437588375
0.04153415625
0.04466589375
0.03806833125
0.0329436125
0.035182075
0.04001808125
0.05089996875
0.06631579375
0.0691798375
0.06323903125
0.06127641875
0.05315005625
0.050903875
0.05682569375
0.06086570625
0.06655529375
0.074892675
0.078717375
0.07677661875
0.0715459
0.06393119375
0.06087505
0.06289475
0.067408025
0.0733209
0.0769732875
0.08185028125
0.08365948125
0.0858685
0.0817765625
0.0680584988125
0.056448203875
0.056448203875
0.056448203875
0.056448203875
