0.0596734823106
0.0596734823106
0.0596734823106
0.0596734823106
0.0793639371902
0.0850492371628
0.0634904533941
0.0493536867985
0.0364513310653
0.0389835213809
0.0573926772833
0.0681625522731
0.0763368683565
0.0719405273007
0.0643346715787
0.0522684098521
0.0549280337074
0.0595186586842
0.0732951760022
0.0902389622593
0.0803662286729
0.0842087328881
0.0736438193108
0.0656651798647
0.0767644322546
0.066414461223
0.0700780013964
0.0691915374844
0.0548702359817
0.0658824436042
0.0625457275178
0.0628012909551
0.0704716758648
0.0504070445446
0.0376845813309
0.0350256538339
0.0319899965832
0.0402406799427
0.0502180993694
0.0390037157671
0.0311042290294
0.0267772916682
0.0263390502789
0.04155935014
0.0509033157789
0.0586832610358
0.0583127985055
0.0499961932421
0.0446177550899
0.0373410446486
0.0281275301012
0.0222314657317
0.018373409518
0.0157999019528
0.0176652132899
0.0172713067021
0.0148393919586
0.0131938976743
0.0112591826427
0.0131024426387
0.0146792295865
0.0174746432789
0.02091442037
0.0282433576718
0.035868247183
0.0398813591425
0.0540041985753
0.0561364471993
0.0563732089669
0.0614770498927
0.0473783508754
0.0403260998745
0.0356145407007
0.0251357434134
0.032198207667
0.044204814713
0.0553428310394
0.0697196090739
0.0678482626329
0.0577970292433
0.0589325572499
0.0622414190108
0.0805052681815
0.0979262918837
0.101537373077
0.101482825023
0.0849431586062
0.0703321721173
0.0508817286765
0.0340985690304
0.0274601868839
0.0370457887974
0.0563539430583
0.0856302319708
0.118247647238
0.121276573027
0.123576643962
0.104430509028
0.0751906628586
0.0611253890321
0.0430393433064
0.0300355514042
0.0241773224937
0.0175972023115
0.0138461531319
0.0297744171018
0.0408414048979
0.0521885607856
0.0784196755528
0.0770457609431
0.0823341367759
0.087703290153
0.063790351633
0.053568974738
0.0367010915182
0.030706840651
0.0462049874099
0.0726942189276
0.113291666357
0.133277609208
0.146223835504
0.134487415416
0.11195814052
0.108904610077
0.100472641481
0.102729073974
0.0962148756955
0.0711921744201
0.0569263494492
0.0448830675412
0.0399820989534
0.0526223919066
0.0525420786012
0.0523422238151
0.0534352739752
0.0367205895461
0.0380824339481
0.0393247368695
0.0408827221476
0.0574978273626
0.0555081000379
0.0538551779334
0.0523197082351
0.0380434378922
0.0286344788269
0.0189302639104
0.0119142235328
0.0104832075556
0.0195367918502
0.0434235008802
0.0764155568265
0.121417005251
0.153321581903
0.158579782216
0.137494057744
0.102517613219
0.0713713705813
0.0640076153725
0.0707198114818
0.0726733281833
0.0764120750358
0.0533651739224
0.0327330107184
0.0227989976157
0.0206407516211
0.0334964513589
0.0423504129867
0.0601732353355
0.0673102099101
0.0743473731514
0.0836836788507
0.0663736082122
0.0474688774335
0.0285444165076
0.00880985894569
0.0115477070319
0.0213517332818
0.0310164879037
0.0412754681382
0.0389637912336
0.0360339804202
0.0333629827154
0.0305921736773
0.0445659924682
0.0565965078104
0.0684529336176
0.0802311351938
0.0801180930557
0.0751978585595
0.0752136426773
0.0860807756873
0.0821927760735
0.0863688358378
0.0915905934086
0.0752654052991
0.0746918383113
0.0695682672382
0.0525903594323
0.0611414052693
0.0705633630199
0.0796171794338
0.089790971856
0.0721615049506
0.064555881348
0.0583090845954
0.0572048927051
0.0781367220287
0.0797643431207
0.0816359216811
0.0828169450862
0.0690631754674
0.0630974752839
0.0720038958916
0.0860923816562
0.106108035787
0.1327864446
0.129876363933
0.117192896776
0.0995629656315
0.060120312117
0.0353329798929
0.015631383283
0.00101552228718
0.00315798416389
0.00548498094764
0.00759842790186
0.0105690917261
0.0203269262195
0.0448491781117
0.0842751190309
0.0842751190309
0.0842751190309
0.0842751190309
