0.41375
0.41375
0.41375
0.41375
0.431875
0.4325
0.451875
0.459375
0.44875
0.446875
0.428125
0.419375
0.428125
0.4325
0.4425
0.453125
0.448125
0.434375
0.42875
0.4075
0.395
0.394375
0.381875
0.393125
0.401875
0.411875
0.43625
0.44375
0.449375
0.450625
0.43375
0.425625
0.423125
0.409375
0.414375
0.405625
0.39125
0.401875
0.403125
0.4225
0.4575
0.473125
0.479375
0.479375
0.4575
0.43625
0.43375
0.426875
0.438125
0.455
0.453125
0.440625
0.421875
0.40875
0.41625
0.45
0.479375
0.504375
0.515
0.501875
0.4925
0.481875
0.475625
0.479375
0.4675
0.455
0.44125
0.430625
0.436875
0.44
0.443125
0.43625
0.4225
0.41375
0.39625
0.396875
0.415
0.434375
0.470625
0.4875
0.480625
0.46875
0.44625
0.44125
0.4475
0.45
0.455625
0.45375
0.44875
0.455
0.463125
0.461875
0.47375
0.48
0.475
0.48
0.46875
0.454375
0.448125
0.4425
0.446875
0.44875
0.460625
0.469375
0.4625
0.465625
0.45875
0.44
0.428125
0.41625
0.405625
0.41
0.42625
0.429375
0.4275
0.43125
0.430625
0.438125
0.455625
0.461875
0.465
0.478125
0.481875
0.491875
0.50125
0.50125
0.5075
0.505625
0.498125
0.481875
0.453125
0.42
0.389375
0.36625
0.350625
0.3525
0.36375
0.388125
0.415625
0.431875
0.44125
0.434375
0.43875
0.44125
0.4475
0.459375
0.45
0.45625
0.459375
0.46
0.48125
0.489375
0.499375
0.504375
0.491875
0.481875
0.4625
0.456875
0.46375
0.4675
0.481875
0.49125
0.4825
0.46625
0.45125
0.431875
0.42875
0.445625
0.44625
0.449375
0.45125
0.435625
0.439375
0.44375
0.445
0.45125
0.439375
0.425
0.415
0.416875
0.4425
0.456875
0.455625
0.445
0.408125
0.398125
0.4075
0.419375
0.4475
0.45625
0.455625
0.443125
0.425625
0.413125
0.40125
0.40125
0.409375
0.420625
0.42375
0.429375
0.433125
0.435
0.4575
0.46875
0.47625
0.47875
0.469375
0.475
0.4825
0.4875
0.4925
0.48125
0.465625
0.465
0.463125
0.47625
0.48875
0.491875
0.485625
0.471875
0.461875
0.44125
0.434375
0.4175
0.4
0.403125
0.401875
0.418125
0.426875
0.42
0.42625
0.421875
0.42625
0.435625
0.4325
0.439375
0.4425
0.455625
0.455625
0.455625
0.455625
