0.3044375
0.3044375
0.3044375
0.3044375
0.3524375
0.3605625
0.3111875
0.2261875
0.19925
0.2031875
0.1871875
0.1778125
0.168375
0.131125
0.1295
0.1725625
0.18
0.21325
0.2574375
0.2099375
0.2498125
0.2304375
0.1584375
0.125375
0.0310625
0.0448125
0.1405
0.2794375
0.4295
0.4775625
0.4579375
0.3460625
0.177
0.0451875
-0.040375
-0.066875
0.017
0.091
0.1461875
0.184125
0.135625
0.036375
-0.05425
-0.14375
-0.1888125
-0.0983125
-0.0259375
0.0539375
0.1745625
0.259
0.335
0.417625
0.4119375
0.3240625
0.2815625
0.2258125
0.2395625
0.2316875
0.1329375
0.09875
0.00275
0.0350625
0.185625
0.22025
0.2554375
0.1740625
0.0883125
0.0265
-0.021625
0.00475
-0.101375
-0.12175
-0.0890625
-0.0679375
0.02375
0.06375
0.02325
-0.0309375
-0.0228125
0.0256875
0.12725
0.249875
0.3216875
0.266625
0.1759375
0.09275
0.02725
0.0735
0.2189375
0.2935
0.293375
0.224
0.0359375
-0.1081875
-0.17125
-0.10075
0.009625
0.157
0.2690625
0.2468125
0.227
0.138125
0.0476875
-0.019625
-0.1185625
-0.1670625
-0.1625
-0.094625
0.08125
0.254875
0.348
0.381875
0.3123125
0.1589375
0.1121875
0.1005625
0.1336875
0.3038125
0.3805
0.4220625
0.40975
0.3289375
0.2486875
0.218875
0.2360625
0.18475
0.147125
0.04375
-0.1120625
-0.1485625
-0.1415
-0.130125
-0.026875
0.0103125
-0.014
0.0516875
0.057625
0.095
0.1871875
0.2179375
0.2844375
0.2945
0.2888125
0.2678125
0.1959375
0.2306875
0.28175
0.348125
0.4484375
0.447625
0.406875
0.3814375
0.337375
0.3534375
0.3639375
0.3685
0.371625
0.314
0.3385
0.27725
0.22675
0.2108125
0.047125
-0.006125
-0.1041875
-0.1805625
-0.1243125
-0.044125
0.116875
0.228125
0.2756875
0.2495625
0.2163125
0.2384375
0.2425
0.195875
0.1094375
0.0141875
-0.009875
0.07175
0.1576875
0.2259375
0.255375
0.2061875
0.1965
0.1298125
0.1025625
0.181
0.2359375
0.3895625
0.4740625
0.4828125
0.428625
0.3313125
0.267
0.1550625
0.1231875
0.118875
0.1111875
0.192125
0.2475
0.2059375
0.136875
0.0369375
-0.022125
0.0264375
0.1728125
0.262875
0.2506875
0.211
0.0473125
-0.016
-0.0011875
-0.01325
0.05575
0.035125
-0.0216875
-0.0526875
-0.04975
0.034
0.111
0.1715
0.1583125
0.1626875
0.2360625
0.2820625
0.2901875
0.209125
0.102
0.099
0.1760625
0.289625
0.3855
0.42225
0.4334375
0.4361875
0.4389375
0.3659375
0.30875
0.2350625
0.0999375
0.0553125
-0.0314375
-0.105625
-0.0831875
-0.077375
-0.0778125
-0.031125
-0.018
0.0380625
0.149875
0.21475
0.2696875
0.2245
0.107875
0.0718125
0.044125
0.0645
0.212375
0.2396875
0.2313125
0.275875
0.204875
0.2114375
0.2891875
0.2551875
0.2919375
0.2354375
0.132125
0.067625
-0.0684375
-0.0858125
-0.11475
-0.0818125
0.032875
0.0426875
0.1516875
0.2043125
0.1843125
0.2418125
0.19825
0.1774375
0.1211875
0.0848125
0.07075
0.0763125
0.188375
0.265625
0.347625
0.4284375
0.5014375
0.52275
0.5128125
0.419875
0.2754375
0.1909375
0.1225
0.118625
0.15475
0.1215625
0.18325
0.203125
0.1983125
0.2868125
0.2775625
0.39
0.4260625
0.45525
0.49075
0.3900625
0.4174375
0.36775
0.2945
0.2385625
0.1295
0.0710625
0.0710625
0.0710625
0.0710625
