0.826875
0.826875
0.826875
0.826875
0.75625
0.725625
0.581875
0.51625
0.463125
0.488125
0.57875
0.644375
0.725
0.714375
0.70375
0.718125
0.6775
0.635
0.5925
0.555
0.545
0.5625
0.62
0.67
0.773125
0.86375
0.874375
0.835
0.676875
0.549375
0.526875
0.544375
0.6275
0.76125
0.7775
0.866875
0.989375
0.980625
1.09
1.093125
1.079375
1.169375
1.155625
1.1475
1.105625
1.013125
0.943125
0.92
0.915625
0.93
1.00875
1.054375
1.078125
1.091875
1.02375
0.99125
0.99125
0.991875
1.00375
0.96625
0.941875
0.90875
0.891875
0.9025
0.87875
0.831875
0.843125
0.841875
0.834375
0.9075
0.92875
0.9625
1.0
0.955625
0.845
0.746875
0.688125
0.635
0.713125
0.76625
0.751875
0.830625
0.778125
0.738125
0.750625
0.631875
0.635
0.650625
0.673125
0.74875
0.711875
0.668125
0.613125
0.6025
0.68
0.73375
0.8175
0.8375
0.79375
0.83375
0.77
0.803125
0.93375
0.933125
0.985625
0.908125
0.711875
0.59375
0.5125
0.49625
0.520625
0.538125
0.530625
0.588125
0.658125
0.7225
0.829375
0.80625
0.783125
0.8075
0.724375
0.71875
0.753125
0.674375
0.739375
0.779375
0.751875
0.821875
0.735625
0.726875
0.733125
0.675625
0.69625
0.599375
0.546875
0.558125
0.569375
0.620625
0.620625
0.596875
0.63875
0.693125
0.766875
0.824375
0.750625
0.676875
0.66875
0.68625
0.835
0.98375
1.00125
0.98375
0.835
0.68625
0.66875
0.636875
0.74375
0.850625
0.82625
0.865625
0.790625
0.7475
0.7575
0.781875
0.815625
0.80375
0.87
0.811875
0.798125
0.845625
0.761875
0.76875
0.76875
0.668125
0.6825
0.75
0.843125
0.976875
1.051875
1.06125
0.99
0.93125
0.89125
0.805
0.824375
0.85625
0.8475
0.876875
0.80625
0.76
0.81375
0.90125
1.053125
1.15875
1.10875
0.99625
0.88625
0.77875
0.758125
0.835
0.85625
0.884375
0.9525
0.8875
0.909375
0.97125
0.976875
1.105625
1.141875
1.13
1.161875
1.104375
1.10125
1.05375
0.976875
0.959375
0.87
0.8525
0.8275
0.835625
0.985625
1.1175
1.258125
1.33125
1.24375
1.14
1.02125
0.86125
0.7875
0.761875
0.76
0.81875
0.873125
0.875
0.92375
1.01625
1.1425
1.274375
1.320625
1.295625
1.205625
1.15125
1.136875
1.105625
1.1
1.065625
1.029375
1.10625
1.18125
1.263125
1.3375
1.301875
1.233125
1.131875
1.030625
0.931875
0.860625
0.845625
0.81375
0.7975
0.825625
0.855
0.931875
1.09875
1.215625
1.33125
1.394375
1.363125
1.3525
1.245
1.1725
1.14375
1.1125
1.1875
1.258125
1.299375
1.278125
1.2775
1.2325
1.13
1.1225
1.06125
1.035625
1.086875
1.136875
1.1125
1.08625
1.06875
0.935625
0.904375
0.865
0.845
0.98875
1.065625
1.2
1.294375
1.255625
1.27375
1.18125
1.03375
0.9175
0.76625
0.654375
0.66625
0.693125
0.7375
0.87875
0.88875
0.899375
0.949375
0.91875
0.9775
1.0525
1.04875
1.043125
1.010625
0.973125
1.02375
1.100625
1.126875
1.09125
0.9975
0.900625
0.8775
0.9225
0.97
0.96625
0.93375
0.878125
0.79625
0.75875
0.740625
0.739375
0.844375
0.959375
1.115625
1.255
1.32125
1.315625
1.2
1.084375
0.92
0.81625
0.76875
0.715
0.70375
0.7125
0.71125
0.799375
0.90875
1.008125
1.11
1.129375
1.140625
1.103125
1.0775
1.016875
0.949375
0.915
0.851875
0.86875
0.91125
0.961875
1.075
1.0875
1.009375
0.9075
0.75
0.71375
0.754375
0.835625
0.9425
0.91625
0.88375
0.828125
0.78625
0.840625
0.91125
1.006875
1.09625
1.176875
1.21375
1.169375
1.053125
0.90625
0.803125
0.730625
0.768125
0.875625
0.96125
1.14875
1.264375
1.271875
1.24
1.1175
0.9875
0.910625
0.9375
0.960625
0.98875
1.0175
0.95
0.93625
0.93
0.95125
0.989375
0.99
1.04125
1.0375
1.03125
1.003125
0.915
0.843125
0.82125
0.829375
0.84125
0.8525
0.810625
0.7525
0.784375
0.8675
1.036875
1.2275
1.32375
1.38
1.365625
1.31125
1.251875
1.203125
1.08625
0.985
0.9425
0.896875
0.964375
1.00375
0.97875
0.96375
0.893125
0.9125
0.980625
1.02375
1.081875
1.050625
1.003125
0.91125
0.845625
0.8575
0.8625
0.93125
0.974375
1.000625
1.0875
1.163125
1.27625
1.359375
1.38
1.395
1.309375
1.185
0.991875
0.835625
0.751875
0.77
0.938125
1.05875
1.22375
1.284375
1.2175
1.134375
0.97625
0.895
0.874375
0.950625
1.048125
1.079375
1.1325
1.074375
1.02375
1.065
1.0275
1.051875
1.0825
1.0125
1.00625
0.985
0.9125
0.8875
0.85
0.8125
0.82875
0.850625
0.91125
1.025625
1.13125
1.280625
1.39125
1.448125
1.46375
1.369375
1.23625
1.040625
0.8725
0.8725
0.8725
0.8725
