0.094375
0.094375
0.094375
0.094375
0.09
0.0975
0.115
0.1325
0.15
0.16
0.16125
0.16125
0.15375
0.14875
0.13625
0.1275
0.13375
0.13375
0.135
0.13375
0.12625
0.11625
0.11125
0.10625
0.09875
0.105
0.12375
0.1425
0.165
0.170625
0.15375
0.135625
0.1075
0.09
0.0825
0.068125
0.058125
0.05
0.050625
0.059375
0.071875
0.08125
0.0825
0.09375
0.10375
0.11125
0.108125
0.085625
0.064375
0.045
0.04625
0.05625
0.074375
0.093125
0.090625
0.089375
0.07
0.05125
0.04625
0.040625
0.0525
0.0725
0.08625
0.1
0.095625
0.073125
0.05375
0.03375
0.02625
0.0375
0.051875
0.07625
0.0975
0.100625
0.0975
0.08625
0.07875
0.08
0.0875
0.09375
0.094375
0.0975
0.0975
0.096875
0.10625
0.116875
0.13375
0.139375
0.13875
0.1275
0.10125
0.095625
0.08
0.081875
0.091875
0.08625
0.09875
0.099375
0.09875
0.111875
0.11375
0.116875
0.133125
0.1425
0.14875
0.145625
0.12
0.096875
0.07875
0.07
0.075
0.075
0.081875
0.098125
0.11125
0.123125
0.12625
0.11125
0.1075
0.1075
0.108125
0.115
0.100625
0.08375
0.06
0.04125
0.033125
0.025625
0.034375
0.04
0.055625
0.073125
0.075625
0.085625
0.07875
0.08375
0.10375
0.110625
0.129375
0.125625
0.10875
0.106875
0.10125
0.106875
0.115
0.10375
0.08
0.05375
0.04
0.04125
0.0625
0.086875
0.090625
0.09
0.080625
0.08
0.090625
0.10875
0.12
0.111875
0.1075
0.094375
0.0975
0.1075
0.10875
0.10875
0.099375
0.1025
0.11875
0.140625
0.153125
0.155625
0.14
0.11125
0.09
0.06125
0.05
0.04875
0.060625
0.079375
0.09125
0.11
0.106875
0.105
0.103125
0.096875
0.109375
0.120625
0.11875
0.108125
0.091875
0.079375
0.089375
0.1125
0.12375
0.126875
0.11
0.076875
0.0625
0.063125
0.07375
0.1025
0.1125
0.1075
0.11125
0.10375
0.110625
0.119375
0.11375
0.110625
0.105625
0.114375
0.1325
0.151875
0.169375
0.17375
0.1725
0.17125
0.169375
0.17125
0.175625
0.1775
0.168125
0.146875
0.123125
0.100625
0.089375
0.093125
0.088125
0.073125
0.055625
0.02875
0.011875
0.0075
0.016875
0.031875
0.046875
0.068125
0.0675
0.0725
0.08875
0.09
0.104375
0.110625
0.095
0.0825
0.064375
0.054375
0.056875
0.0675
0.083125
0.08375
0.091875
0.090625
0.0825
0.0825
0.06625
0.061875
0.063125
0.06375
0.078125
0.081875
0.083125
0.09
0.078125
0.0625
0.05
0.028125
0.030625
0.045
0.0575
0.075
0.0675
0.06
0.0525
0.045
0.05
0.04
0.04
0.040625
0.04125
0.051875
0.045
0.048125
0.0625
0.081875
0.10625
0.110625
0.0925
0.064375
0.03625
0.015625
0.008125
0.010625
0.016875
0.016875
0.016875
0.016875
