0.98525
0.98525
0.98525
0.98525
1.10725
1.22275
1.1741875
1.0955
0.9928125
1.001625
1.0636875
1.1535
1.231625
1.134
1.0926875
1.045375
1.1095625
1.2205
1.279
1.3265
1.18525
1.0850625
1.0115625
0.9545625
0.9644375
0.9906875
0.997
0.9549375
0.973875
0.9174375
0.889
0.943875
0.92675
0.96375
0.9570625
0.863125
0.81925
0.7736875
0.783625
0.8455625
0.913625
0.976375
0.959
0.92975
0.83725
0.8445625
0.9406875
1.0420625
1.180375
1.1190625
0.9983125
0.884375
0.8169375
0.844
0.933
1.0099375
1.1085625
1.229625
1.2716875
1.305875
1.1870625
1.0393125
0.9599375
0.97225
1.0495625
1.1495625
1.1929375
1.0526875
0.94325
0.80675
0.7075
0.719875
0.7225
0.722
0.7436875
0.7294375
0.734125
0.7944375
0.7846875
0.8231875
0.8678125
0.8921875
0.9826875
1.05325
1.08975
1.0790625
1.036875
0.9861875
0.911375
0.8464375
0.791
0.7281875
0.687
0.6916875
0.6709375
0.67875
0.7311875
0.7938125
0.979875
1.117625
1.2123125
1.26125
1.1180625
1.0274375
0.9656875
0.8786875
0.88575
0.856625
0.8226875
0.8465625
0.8661875
0.93325
0.9760625
0.982625
0.9953125
0.95175
0.9361875
0.947125
0.916
0.8975625
0.93525
0.9610625
1.0449375
1.138875
1.07275
1.0000625
0.9164375
0.9460625
1.0465625
1.1413125
1.2349375
1.1113125
1.0219375
0.9849375
1.002
1.121
1.2110625
1.2333125
1.09075
0.987625
0.931125
0.92625
1.0489375
1.1141875
1.116375
1.0585
0.945125
0.9461875
1.06875
1.2558125
1.4583125
1.48375
1.3015625
1.0750625
0.867875
0.7445
0.761875
0.7964375
0.8453125
0.8781875
0.8695
0.8338125
0.7846875
0.7515625
0.760875
0.8324375
0.8576875
0.9106875
0.8879375
0.8408125
0.8744375
0.84725
0.993
1.109375
1.1716875
1.3721875
1.44825
1.523875
1.5840625
1.428125
1.163875
0.91625
0.6958125
0.5890625
0.6989375
0.818875
0.9618125
1.1214375
1.060625
1.018125
0.92625
0.7918125
0.7784375
0.701625
0.7005625
0.758875
0.787
0.879625
0.8880625
0.87125
0.8756875
0.8111875
0.7933125
0.73625
0.7038125
0.73325
0.72675
0.7485
0.7625
0.7474375
0.7565
0.7708125
0.7401875
0.735125
0.770125
0.822875
0.942625
1.072875
1.1513125
1.1634375
1.124875
1.0350625
0.937625
0.867375
0.7994375
0.754375
0.74375
0.7685625
0.8079375
0.85175
0.8565
0.8589375
0.856375
0.857375
0.9065
0.9429375
0.974
0.985125
0.966875
0.9198125
0.97125
1.12275
1.37275
1.7555625
2.045125
2.2466875
2.266875
2.0543125
1.7658125
1.40525
1.121125
1.0138125
0.9754375
1.009125
1.0661875
1.0548125
1.133375
1.2119375
1.2425
1.3051875
1.1605
1.0040625
0.89625
0.744625
0.7386875
0.7403125
0.7579375
0.815125
0.8783125
0.9404375
0.9700625
0.9999375
0.9946875
1.0879375
1.185375
1.2323125
1.287125
1.2486875
1.186125
1.185875
1.145
1.0203125
0.9320625
0.7983125
0.764625
0.81475
0.864375
0.959625
0.960625
0.9574375
0.9160625
0.8336875
0.7926875
0.7600625
0.78525
0.9325625
1.05825
1.187625
1.2805
1.1844375
1.123625
1.0549375
0.954875
0.91925
0.8634375
0.78375
0.782
0.8378125
0.9096875
1.10525
1.2701875
1.389875
1.46575
1.358
1.2233125
1.079625
0.9636875
0.9433125
0.915
0.8910625
0.867125
0.81025
0.8135625
0.8563125
0.910875
0.9766875
0.99425
0.945125
0.8600625
0.8051875
0.850375
0.9345
1.043875
1.116125
0.9759375
0.94675
0.903
0.9759375
1.20975
1.3325625
1.4688125
1.50525
1.4688125
1.32725
1.1856875
0.9681875
0.82775
0.8325625
0.878
0.9915
1.0831875
1.0999375
1.159875
1.2394375
1.2770625
1.324875
1.177875
1.01525
0.87575
0.7743125
0.8189375
0.850125
0.869625
0.878375
0.863
0.849875
0.8484375
0.8688125
0.8673125
0.9011875
0.9519375
1.062
1.1656875
1.23725
1.3028125
1.1724375
1.0688125
0.993
0.867375
0.878
0.8870625
0.86075
0.873375
0.8466875
0.784875
0.7458125
0.703375
0.676125
0.7793125
0.87575
0.9994375
1.101875
1.0251875
0.979125
0.927625
0.9285625
0.9975625
1.0120625
1.008125
1.06625
1.1039375
1.1840625
1.27125
1.193125
1.183375
1.1320625
1.038875
0.965375
0.8095
0.683375
0.580875
0.53075
0.56525
0.642375
0.7484375
0.8545
0.887125
0.82775
0.7194375
0.6635
0.6580625
0.721625
0.8298125
0.8466875
0.8035625
0.717125
0.6250625
0.5585
0.592
0.6781875
0.7565625
0.90075
0.9745625
1.0039375
1.0605625
1.02475
0.976
0.9435
0.9596875
1.052125
1.26825
1.4641875
1.4731875
1.3975
1.1499375
0.89375
0.8595625
0.922375
1.0455
1.19325
1.119
0.99625
0.8758125
0.803875
0.878
0.9159375
0.980625
0.9889375
0.926
0.91275
0.87
0.835125
0.8835625
0.8926875
0.897
0.897125
0.8261875
0.8405
0.8525
0.8456875
0.86125
0.8064375
0.7709375
0.7789375
0.814
0.8115
0.8401875
0.850875
0.8360625
0.9009375
0.9519375
0.9979375
0.9979375
0.9601875
0.9810625
1.019
1.11075
1.1945
1.126375
1.054625
1.07825
1.1426875
1.2506875
1.32475
1.207625
1.0279375
0.9239375
0.858875
0.893875
1.0066875
1.038
1.0495
1.0004375
0.916875
0.9746875
1.0243125
1.246875
1.427375
1.42875
1.421875
1.2024375
1.04525
0.9518125
0.899
0.938625
0.9628125
0.9763125
0.9576875
0.9075625
0.8145625
0.8554375
0.932
1.034625
1.2065625
1.177
1.1274375
1.1190625
1.0343125
1.0425625
0.9945625
0.9785625
1.0159375
1.014375
1.1058125
1.04925
0.9623125
0.943
0.8909375
0.885625
0.8876875
0.8868125
0.8635
0.8661875
0.8971875
0.8999375
0.8833125
0.8901875
0.891125
0.853875
0.88175
0.8721875
0.8519375
0.901
0.9283125
0.98975
1.0110625
0.997375
1.0580625
1.08475
1.168
1.2259375
1.11625
1.0406875
0.9184375
0.8221875
0.8215
0.7795625
0.8063125
0.8513125
0.891625
0.9776875
0.9903125
1.0090625
0.97475
0.8971875
0.8295
0.73675
0.7289375
0.7789375
0.8663125
0.928375
1.0235625
1.046375
1.050375
1.116625
1.1108125
1.1695
1.22975
1.2451875
1.1776875
1.0546875
0.945125
0.843125
0.907
0.984625
1.0253125
1.0530625
0.997875
0.9695625
0.9851875
1.0350625
0.9739375
0.92225
0.956375
0.950375
1.05425
1.130125
1.01275
0.91725
0.824
0.7401875
0.767625
0.8433125
0.940875
1.0179375
1.0285625
0.9665625
0.8975
0.8738125
1.00175
1.1346875
1.23575
1.259125
1.04975
0.8959375
0.8460625
0.858125
1.0139375
1.122625
1.0323125
0.95575
0.877
0.7931875
0.8315625
0.84275
0.848875
0.9013125
0.93725
0.946
0.9356875
0.8883125
0.860875
0.8835
0.9080625
0.941375
0.9519375
0.93975
0.909625
0.9615625
1.05525
1.153
1.2958125
1.247375
1.1421875
1.0168125
0.8678125
0.8368125
0.83325
0.8805
0.94775
1.0159375
1.0553125
1.034375
0.942625
0.840125
0.786625
0.737
0.780375
0.823875
0.826875
0.84925
0.838875
0.8406875
0.9583125
1.109625
1.23575
1.3375
1.2273125
1.0565
0.90825
0.752
0.714875
0.7540625
0.7855
0.9454375
1.1314375
1.2448125
1.367375
1.2978125
1.155125
1.028625
0.8794375
0.8219375
0.8445625
0.8711875
0.925625
0.937125
0.8755
0.821125
0.7496875
0.7405
0.781375
0.824875
0.8830625
0.9140625
0.932375
1.04475
1.13825
1.2250625
1.326375
1.225875
1.1348125
1.041125
0.9098125
0.8765625
0.812125
0.732375
0.75525
0.8915625
1.1185
1.4945
1.6835
1.6531875
1.504
1.1059375
0.8383125
0.6994375
0.62
0.6784375
0.6923125
0.6785
0.6859375
0.682625
0.699375
0.7260625
0.7236875
0.7159375
0.6715
0.642125
0.607125
0.61375
0.61375
0.61375
0.61375
