-0.0125
-0.0125
-0.0125
-0.0125
-0.0001875
0.09825
0.144125
0.1055
0.0864375
-0.0355
-0.1128125
-0.0895
-0.11175
-0.0733125
0.0080625
-0.0249375
-0.014375
-0.011625
-0.0916875
-0.083125
-0.1003125
-0.1224375
-0.0731875
-0.0493125
-0.0225
0.045625
0.02675
0.013625
0.019125
-0.048125
-0.059625
-0.084125
-0.0971875
-0.073875
-0.0058125
0.01225
0.026
0.0715
0.0266875
0.031125
0.0163125
-0.012
0.0291875
0.103625
0.1311875
0.0980625
0.0229375
-0.0800625
-0.1013125
-0.0400625
0.0674375
0.138875
0.1785625
0.1669375
0.0815625
0.03025
-0.0528125
-0.13125
-0.1355625
-0.1425
-0.0806875
-0.01225
0.00425
0.018125
-0.0370625
-0.09225
-0.13525
-0.1435625
-0.127625
-0.1443125
-0.1436875
-0.182375
-0.2054375
-0.1880625
-0.1790625
-0.175375
-0.16725
-0.12425
-0.0629375
-0.0013125
0.0573125
0.0331875
0.007125
0.025375
0.0396875
0.1365
0.180375
0.172375
0.1773125
0.0869375
0.0470625
0.05675
0.015375
0.0561875
0.0499375
0.0139375
-0.0015
-0.0555
-0.0590625
-0.104625
-0.1256875
-0.1249375
-0.142125
-0.069125
-0.020625
0.0153125
0.0499375
-0.0091875
-0.0140625
-0.00175
0.043625
0.1345625
0.163
0.1570625
0.0981875
0.0393125
0.0009375
-0.052875
-0.1126875
-0.1439375
-0.169875
-0.143125
-0.0415
0.003
0.036875
0.086625
0.041
0.064
0.095625
0.043125
0.044
0.0071875
-0.0626875
-0.0595625
-0.040625
-0.056875
-0.0261875
-0.023625
-0.069
-0.0821875
-0.093625
-0.0781875
-0.02875
0.020625
0.0510625
0.0245
-0.0171875
-0.0793125
-0.1478125
-0.1525
-0.102
0.0225
0.1408125
0.2188125
0.2485
0.204125
0.1600625
0.1253125
0.0760625
0.0746875
0.0881875
0.112875
0.1679375
0.1590625
0.16975
0.1229375
0.0609375
0.027875
-0.027375
0.0143125
0.0355
0.1074375
0.1965625
0.20225
0.2095625
0.1541875
0.0346875
-0.05075
-0.1173125
-0.14575
-0.090875
-0.0240625
0.0299375
0.0481875
0.0300625
-0.000625
0.02375
0.0626875
0.095
0.1475625
0.15725
0.1409375
0.137875
0.1006875
0.07775
0.0919375
0.079
0.07025
0.0243125
-0.0294375
-0.0254375
-0.0020625
0.035
0.0836875
0.089625
0.102875
0.117
0.149875
0.1571875
0.142
0.12825
0.0689375
0.0710625
0.038625
0.01375
0.0199375
-0.0194375
-0.01875
0.028875
0.060625
0.1075625
0.1786875
0.202875
0.196
0.17325
0.1421875
0.1003125
0.1205625
0.1908125
0.224
0.2795
0.28275
0.201125
0.161875
0.0800625
0.043
0.065
0.02575
0.051
0.0185625
0.023375
0.107625
0.1615625
0.2601875
0.2676875
0.2153125
0.1014375
-0.0133125
-0.085125
-0.1265
-0.06725
-0.0061875
0.06975
0.13575
0.1694375
0.191625
0.1919375
0.205875
0.2129375
0.172375
0.128625
0.068875
0.0091875
0.034125
0.0943125
0.141
0.139
0.060125
-0.06125
-0.1813125
-0.2468125
-0.2703125
-0.2543125
-0.22375
-0.21875
-0.17875
-0.127125
-0.04575
0.0839375
0.177125
0.241625
0.2770625
0.2661875
0.222625
0.1425625
0.0439375
-0.0275625
-0.0726875
-0.092
-0.09675
-0.1120625
-0.0891875
-0.0294375
0.0369375
0.077125
0.0828125
0.07075
0.0421875
0.0378125
0.02225
-0.024625
-0.075625
-0.10775
-0.1383125
-0.1755625
-0.1871875
-0.2275625
-0.2440625
-0.232625
-0.2211875
-0.1846875
-0.147875
-0.0748125
0.0240625
0.0835625
0.15075
0.1431875
0.099125
0.1086875
0.0529375
0.082625
0.114
0.096125
0.1259375
0.0686875
0.012125
0.005125
0.0355625
0.0949375
0.1245625
0.0824375
-0.0301875
-0.09775
-0.121
-0.0708125
0.02875
0.108875
0.15025
0.1535625
0.1315625
0.064625
0.0315
-0.0081875
-0.034875
-0.001375
0.05225
0.1289375
0.194375
0.2115
0.1595
0.1075625
0.0754375
0.0631875
0.1091875
0.14525
0.1561875
0.1230625
0.081
0.0501875
0.0454375
0.1430625
0.23075
0.2588125
0.254
0.170625
0.050125
0.0256875
0.02925
0.06625
0.1775
0.2410625
0.24575
0.2253125
0.1675
0.099125
0.126
0.133375
0.14125
0.1596875
0.11925
0.1376875
0.1695
0.211875
0.266125
0.2909375
0.2990625
0.26625
0.22225
0.1461875
0.079375
0.0235
-0.049
-0.04675
-0.0674375
-0.0294375
0.06825
0.112
0.18375
0.2275
0.20625
0.2075
0.1664375
0.102875
0.1201875
0.0861875
0.1166875
0.1751875
0.184625
0.2626875
0.30425
0.3056875
0.3078125
0.2528125
0.200875
0.15975
0.076625
0.067625
0.0480625
0.0715
0.1485625
0.173875
0.203125
0.1913125
0.17775
0.170375
0.1663125
0.165625
0.165
0.1538125
0.1664375
0.1615
0.1095
0.0793125
0.0134375
-0.027625
-0.004375
-0.04
-0.06575
-0.10675
-0.1749375
-0.1879375
-0.2055
-0.161125
-0.1068125
-0.0626875
0.02475
0.0456875
0.036875
0.0726875
0.072
0.1215
0.210375
0.217875
0.2284375
0.208625
0.162875
0.175375
0.130625
0.065375
-0.0183125
-0.0996875
-0.08375
-0.037375
0.0758125
0.167125
0.2051875
0.2286875
0.1681875
0.1090625
0.0941875
0.0891875
0.17125
0.242
0.250625
0.2335625
0.129
-0.0026875
-0.120625
-0.245
-0.2845
-0.2779375
-0.2169375
-0.1138125
-0.0955625
-0.0568125
-0.074375
-0.117375
-0.12625
-0.1685625
-0.15575
-0.1275
-0.0604375
0.032625
0.0525
0.066375
0.0669375
0.029375
0.0449375
0.0669375
0.0406875
0.002375
-0.066375
-0.14575
-0.2128125
-0.2536875
-0.3000625
-0.344375
-0.3373125
-0.2825625
-0.173125
-0.0209375
0.068125
0.099125
0.111375
0.09675
0.1398125
0.1664375
0.137125
0.0811875
0.0185625
0.0309375
0.1075625
0.1606875
0.1513125
0.0508125
-0.0890625
-0.1745
-0.22575
-0.2218125
-0.22
-0.2445
-0.24175
-0.2499375
-0.2083125
-0.168125
-0.1341875
-0.09825
-0.079625
-0.0179375
0.0325625
0.1021875
0.1596875
0.162375
0.1471875
0.1121875
0.023375
-0.0138125
-0.05625
-0.1275
-0.11025
-0.1545
-0.173125
-0.1629375
-0.19575
-0.1538125
-0.085875
-0.009625
0.0665625
0.0516875
0.0135625
-0.0315625
-0.0478125
0.00225
0.0345
0.101375
0.1478125
0.1756875
0.234625
0.2309375
0.1759375
0.1125625
0.0135
-0.07775
-0.078125
-0.0406875
0.0278125
0.144625
0.208125
0.2011875
0.1356875
0.0113125
-0.122875
-0.1804375
-0.1836875
-0.1150625
-0.0433125
0.0168125
0.0659375
0.059
0.0776875
0.0668125
0.069875
0.05775
0.0245
-0.013125
-0.0895
-0.1370625
-0.1301875
-0.149125
-0.143875
-0.09925
-0.1250625
-0.0675625
0.032375
0.046
0.080125
0.052125
-0.0313125
-0.0201875
-0.00525
-0.012125
-0.027125
-0.100375
-0.1473125
-0.15275
-0.0998125
-0.03625
0.0389375
0.1153125
0.117875
0.1195625
0.0675625
0.0366875
0.0734375
0.1046875
0.1561875
0.1566875
0.1155
0.0879375
0.0381875
0.0581875
0.0881875
0.0815
0.0886875
0.044125
-0.019
-0.061
-0.077375
-0.1269375
-0.1375
-0.102
-0.0838125
0.013125
0.0698125
0.088125
0.1368125
0.0984375
0.110875
0.1173125
0.093375
0.167875
0.17
0.1565625
0.1438125
0.037875
0.019
0.062375
0.0944375
0.2083125
0.2320625
0.168125
0.0770625
-0.0471875
-0.1154375
-0.1368125
-0.103125
-0.1211875
-0.1296875
-0.1049375
-0.0664375
0.0576875
0.1619375
0.248875
0.256375
0.1733125
0.10575
0.0124375
-0.0268125
0.03425
0.04325
0.0740625
0.124
0.1141875
0.1495625
0.142625
0.080375
0.0208125
-0.0374375
-0.0840625
-0.0994375
-0.120125
-0.14075
-0.1093125
-0.0620625
-0.0145
-0.017625
-0.0566875
-0.113
-0.164875
-0.1578125
-0.142125
-0.1366875
-0.113
-0.104875
-0.12625
-0.1340625
-0.1523125
-0.166625
-0.15675
-0.1200625
-0.0378125
-0.0005625
0.0188125
-0.0385625
-0.17875
-0.263875
-0.3236875
-0.3183125
-0.284
-0.267
-0.237375
-0.20675
-0.1704375
-0.1143125
-0.0590625
-0.0319375
0.022625
0.071
0.1001875
0.1511875
0.1648125
0.1465625
0.1085
0.078125
0.09075
0.1375
0.1950625
0.219375
0.2125625
0.1891875
0.1748125
0.1356875
0.0873125
0.039625
0.0205
0.0868125
0.133625
0.13275
0.07475
-0.0415
-0.0995
-0.0793125
-0.00175
0.08175
0.1476875
0.201
0.1788125
0.1559375
0.0734375
-0.084875
-0.178625
-0.26175
-0.259375
-0.1811875
-0.111875
-0.0746875
-0.061
-0.0678125
-0.1009375
-0.095625
-0.1380625
-0.193125
-0.2036875
-0.2265625
-0.22625
-0.200375
-0.2384375
-0.24475
-0.1950625
-0.166
-0.090625
-0.1035625
-0.1584375
-0.18775
-0.226625
-0.1448125
-0.1020625
-0.031875
0.0921875
0.1496875
0.2418125
0.2700625
0.23825
0.14925
0.0956875
0.0444375
-0.057875
-0.0525625
-0.1141875
-0.13275
-0.0845
-0.1046875
-0.061625
-0.04275
-0.0155
0.0245625
-0.005875
-0.0204375
-0.0804375
-0.0896875
-0.0164375
0.0409375
0.18375
0.2416875
0.233625
0.2149375
0.1224375
0.1011875
0.1246875
0.16875
0.243875
0.2901875
0.2994375
0.2879375
0.2619375
0.1943125
0.127375
0.0715
0.0036875
0.019125
0.080125
0.10375
0.1194375
0.0835625
-0.0220625
-0.0536875
-0.0674375
-0.07125
-0.0356875
-0.0565625
-0.06025
-0.0828125
-0.0759375
-0.019125
0.037
0.121625
0.1898125
0.197875
0.1430625
0.108375
0.0470625
0.005875
0.0180625
-0.0415
-0.0874375
-0.0781875
-0.0795625
-0.0273125
0.005125
-0.061125
-0.114875
-0.1604375
-0.1951875
-0.1775625
-0.1274375
-0.13425
-0.089625
-0.0359375
-0.023
0.05425
0.0754375
0.1105
0.0993125
0.0394375
-0.0431875
-0.1611875
-0.19525
-0.2051875
-0.147
-0.0624375
-0.0155
0.057375
0.0931875
0.1391875
0.196375
0.2358125
0.291125
0.274875
0.24875
0.20125
0.1054375
0.106
0.0479375
-0.0359375
-0.0281875
-0.1045625
-0.096125
-0.0036875
0.0081875
0.0685625
0.121875
0.1299375
0.1548125
0.136625
0.098375
0.0153125
-0.066875
-0.0814375
-0.1243125
-0.085375
-0.0185625
0.0045
0.0783125
0.07075
0.047625
0.0089375
-0.0645
-0.0933125
-0.1188125
-0.10325
-0.065875
-0.0023125
0.05525
0.0724375
0.0539375
-0.0221875
-0.0998125
-0.129125
-0.082
0.0128125
0.067125
0.0800625
0.043
-0.0129375
0.0041875
0.0663125
0.1101875
0.18075
0.182875
0.1069375
0.04925
-0.05125
-0.115
-0.11525
-0.11025
-0.1185625
-0.0868125
-0.0336875
0.024125
0.1569375
0.2675625
0.29275
0.2603125
0.1284375
-0.052375
-0.143
-0.1851875
-0.1735
-0.142375
-0.15325
-0.133125
-0.075875
-0.007
0.0625625
0.11625
0.113625
0.1421875
0.13
0.10125
0.07375
0.0320625
0.0400625
0.04875
0.1230625
0.16425
0.22625
0.248875
0.2033125
0.1633125
0.075
0.0449375
0.0089375
-0.0131875
-0.030625
-0.0464375
0.011125
0.085625
0.1739375
0.22125
0.2064375
0.169
0.149875
0.17175
0.2301875
0.2698125
0.3013125
0.264625
0.170625
0.119
0.008875
-0.0158125
-0.0051875
-0.0558125
-0.05875
-0.1046875
-0.159
-0.159
-0.159
-0.159
