-0.45375
-0.45375
-0.45375
-0.45375
-0.29375
-0.223125
-0.17375
-0.3525
-0.57375
-0.738125
-0.945
-0.865
-0.81625
-0.739375
-0.68375
-0.703125
-0.691875
-0.854375
-0.984375
-1.1775
-1.3
-1.1125
-0.835625
-0.7075
-0.6025
-0.82125
-1.294375
-1.4575
-1.68125
-1.743125
-1.460625
-1.36875
-1.249375
-1.08875
-1.11875
-1.09875
-1.06375
-0.998125
-0.8975
-0.9175
-1.058125
-1.221875
-1.448125
-1.41
-1.1075
-0.85375
-0.489375
-0.38625
-0.585625
-0.7775
-1.110625
-1.205625
-1.04375
-0.874375
-0.559375
-0.43625
-0.41375
-0.4775
-0.769375
-1.061875
-1.47
-1.92
-2.033125
-2.01
-1.714375
-1.305625
-1.0775
-0.8725
-0.878125
-0.721875
-0.61625
-0.608125
-0.51
-0.58125
-0.59625
-0.5625
-0.650625
-0.7375
-0.831875
-0.92625
-0.900625
-0.943125
-1.01
-1.005625
-1.08
-1.040625
-1.001875
-1.04375
-0.96875
-0.92125
-0.713125
-0.670625
-0.695
-0.701875
-0.844375
-0.65
-0.515
-0.5225
-0.57875
-0.78375
-0.9575
-0.89
-0.72375
-0.5975
-0.508125
-0.603125
-0.775625
-0.944375
-0.930625
-0.825625
-0.725
-0.72625
-0.855625
-1.016875
-1.0375
-0.808125
-0.635
-0.49125
-0.513125
-0.71125
-0.804375
-0.845
-0.81875
-0.653125
-0.6025
-0.61625
-0.704375
-1.00125
-1.231875
-1.424375
-1.58625
-1.506875
-1.523125
-1.50125
-1.286875
-1.185625
-0.840625
-0.500625
-0.340625
-0.251875
-0.336875
-0.53375
-0.649375
-0.70125
-0.701875
-0.606875
-0.616875
-0.563125
-0.5775
-0.561875
-0.5425
-0.75625
-1.033125
-1.375
-1.741875
-1.82625
-1.65375
-1.573125
-1.345
-1.17375
-1.15375
-0.895625
-0.671875
-0.504375
-0.31875
-0.389375
-0.443125
-0.560625
-0.743125
-0.676875
-0.66125
-0.6875
-0.67625
-0.825
-1.031875
-1.010625
-0.970625
-1.01375
-1.004375
-1.070625
-1.14375
-0.925
-0.7875
-0.7925
-0.88375
-1.2725
-1.58
-1.824375
-1.985
-2.0175
-2.05
-1.985625
-1.9625
-1.8325
-1.74375
-1.825
-1.7425
-1.801875
-1.6975
-1.365
-1.155
-0.85375
-0.7975
-0.98625
-1.184375
-1.608125
-1.868125
-1.964375
-2.041875
-1.8275
-1.654375
-1.5225
-1.48125
-1.64375
-1.736875
-1.87125
-1.843125
-1.661875
-1.538125
-1.26
-1.063125
-1.01
-1.05
-1.31625
-1.66375
-1.87
-2.03625
-1.966875
-1.688125
-1.464375
-1.03
-0.799375
-0.74375
-0.78625
-1.1675
-1.4675
-1.720625
-1.89
-1.784375
-1.67875
-1.654375
-1.67125
-1.858125
-2.08625
-2.151875
-2.17625
-2.055
-1.7675
-1.55875
-1.180625
-0.855
-0.61
-0.45125
-0.50875
-0.74625
-1.1975
-1.455
-1.6775
-1.74875
-1.528125
-1.44375
-1.335625
-1.07625
-0.95625
-0.8125
-0.651875
-0.67125
-0.656875
-0.64
-0.6975
-0.72375
-0.766875
-0.9325
-1.035625
-1.26625
-1.496875
-1.605
-1.73
-1.57875
-1.39875
-1.0675
-0.8175
-0.745
-0.741875
-0.91625
-0.925625
-0.8825
-0.7475
-0.56
-0.433125
-0.48375
-0.625
-0.774375
-0.9725
-0.85
-0.659375
-0.53375
-0.356875
-0.51875
-0.860625
-1.13
-1.46
-1.4725
-1.228125
-1.00625
-0.693125
-0.506875
-0.409375
-0.353125
-0.353125
-0.395625
-0.4525
-0.459375
-0.513125
-0.56875
-0.678125
-0.924375
-1.076875
-1.20875
-1.240625
-0.978125
-0.81875
-0.654375
-0.51
-0.579375
-0.664375
-0.803125
-0.9525
-1.06
-1.014375
-0.821875
-0.71125
-0.6075
-0.601875
-0.82
-0.974375
-1.19125
-1.39125
-1.463125
-1.599375
-1.591875
-1.64875
-1.624375
-1.425625
-1.286875
-1.125
-0.9975
-1.00875
-0.9875
-0.8025
-0.664375
-0.506875
-0.563125
-0.741875
-0.9675
-1.171875
-1.05875
-0.89875
-0.70125
-0.47125
-0.368125
-0.33
-0.22625
-0.21125
-0.2175
-0.195
-0.23625
-0.206875
-0.23375
-0.433125
-0.67625
-0.94875
-1.13
-1.026875
-0.81375
-0.671875
-0.54375
-0.49875
-0.530625
-0.436875
-0.40875
-0.4125
-0.3875
-0.41625
-0.451875
-0.55125
-0.65375
-0.70125
-0.675625
-0.5375
-0.406875
-0.38125
-0.36
-0.413125
-0.513125
-0.51375
-0.52
-0.659375
-0.76875
-1.094375
-1.434375
-1.45375
-1.3925
-1.120625
-0.84625
-0.74125
-0.75625
-0.8125
-0.829375
-0.84625
-0.84625
-0.765
-0.7625
-0.806875
-0.763125
-0.81
-0.8175
-0.778125
-0.740625
-0.6375
-0.534375
-0.384375
-0.376875
-0.425625
-0.471875
-0.693125
-0.7175
-0.78875
-0.9875
-0.98875
-1.115
-1.194375
-1.02625
-0.915625
-0.763125
-0.62
-0.599375
-0.54375
-0.634375
-0.659375
-0.655625
-0.69875
-0.50375
-0.365
-0.258125
-0.198125
-0.28875
-0.54875
-0.840625
-1.02375
-1.154375
-0.993125
-0.7875
-0.65875
-0.539375
-0.5425
-0.63625
-0.78875
-1.06875
-1.34875
-1.478125
-1.48125
-1.359375
-1.20875
-1.196875
-1.385625
-1.46875
-1.690625
-1.761875
-1.574375
-1.475625
-1.1975
-0.998125
-0.850625
-0.72
-0.769375
-0.94625
-1.196875
-1.421875
-1.53625
-1.403125
-1.409375
-1.466875
-1.355
-1.336875
-1.039375
-0.6875
-0.633125
-0.75875
-0.98625
-1.39375
-1.591875
-1.63875
-1.734375
-1.67875
-1.701875
-1.555625
-1.38125
-1.165625
-1.0775
-1.18
-1.299375
-1.37875
-1.333125
-1.291875
-1.346875
-1.483125
-1.45
-1.44
-1.186875
-1.05625
-1.264375
-1.375
-1.750625
-1.88125
-1.69125
-1.59875
-1.37375
-1.26125
-1.303125
-1.37
-1.314375
-1.40125
-1.510625
-1.376875
-1.414375
-1.319375
-1.32125
-1.51375
-1.73125
-1.82625
-1.79875
-1.775625
-1.509375
-1.414375
-1.319375
-1.151875
-1.175
-1.090625
-0.88375
-0.893125
-0.906875
-1.111875
-1.46625
-1.52625
-1.609375
-1.56
-1.579375
-1.700625
-1.846875
-1.870625
-1.79875
-1.775625
-1.5275
-1.524375
-1.52125
-1.466875
-1.715
-1.718125
-1.610625
-1.554375
-1.346875
-1.261875
-1.22875
-1.14125
-0.92875
-0.83875
-0.82875
-0.99875
-1.29625
-1.47125
-1.650625
-1.67875
-1.701875
-1.555625
-1.355
-1.154375
-1.08125
-1.19875
-1.49625
-1.67125
-1.72125
-1.775625
-1.67875
-1.701875
-1.555625
-1.355
-1.154375
-1.08125
-1.346875
-1.67
-1.993125
-2.06875
-1.975
-1.85
-1.555625
-1.38125
-1.206875
-1.16
-1.451875
-1.74875
-2.045625
-2.095
-1.975
-1.85
-1.555625
-1.355
-1.154375
-1.08125
-1.19875
-1.49625
-1.67125
-1.72125
-1.775625
-1.67875
-1.701875
-1.555625
-1.355
-1.154375
-1.08125
-1.346875
-1.67
-1.993125
-2.06625
-1.97
-1.845
-1.550625
-1.33125
-1.111875
-1.015
-1.256875
-1.60125
-1.945625
-2.045
-1.975
-1.8525
-1.560625
-1.3625
-1.164375
-1.08875
-1.229375
-1.401875
-1.574375
-1.501875
-1.505
-1.530625
-1.55625
-1.701875
-1.555625
-1.355
-1.154375
-1.08125
-1.19875
-1.49625
-1.67125
-1.72125
-1.775625
-1.67875
-1.701875
-1.555625
-1.355
-1.154375
-1.08125
-1.19875
-1.49625
-1.67125
-1.72125
-1.775625
-1.67875
-1.701875
-1.555625
-1.355
-1.154375
-1.08125
-1.224375
-1.399375
-1.574375
-1.501875
-1.505
-1.530625
-1.55625
-1.701875
-1.555625
-1.355
-1.154375
-1.08125
-1.19875
-1.49625
-1.67125
-1.72125
-1.775625
-1.67875
-1.701875
-1.555625
-1.50625
-1.456875
-1.386875
-1.655625
-1.679375
-1.703125
-1.775625
-1.67875
-1.704375
-1.568125
-1.35375
-1.139375
-1.0475
-1.13125
-1.4425
-1.63125
-1.586875
-1.554375
-1.346875
-1.259375
-1.22375
-1.21125
-1.19875
-1.31375
-1.50875
-1.72875
-1.82625
-1.650625
-1.479375
-1.111875
-0.866875
-0.805
-0.84
-1.07875
-1.344375
-1.646875
-1.704375
-1.721875
-1.683125
-1.49125
-1.470625
-1.40875
-1.50125
-1.675
-1.87375
-1.95
-1.805625
-1.66125
-1.320625
-1.055625
-0.86875
-0.65
-0.635
-0.795
-0.963125
-1.3175
-1.4475
-1.368125
-1.298125
-1.07375
-1.176875
-1.36125
-1.668125
-1.8525
-1.690625
-1.52875
-1.121875
-0.790625
-0.783125
-0.775625
-0.971875
-1.233125
-1.29125
-1.349375
-1.3675
-1.356875
-1.30625
-1.21625
-1.085
-1.12625
-1.24875
-1.410625
-1.45
-1.179375
-0.90875
-0.6775
-0.521875
-0.493125
-0.4175
-0.38375
-0.4925
-0.750625
-1.1025
-1.340625
-1.431875
-1.266875
-1.008125
-0.855625
-0.879375
-1.078125
-1.493125
-1.711875
-1.6575
-1.55625
-1.163125
-0.94125
-0.84625
-0.8325
-0.9125
-0.97625
-1.108125
-1.2
-1.346875
-1.333125
-1.225625
-1.076875
-1.026875
-1.151875
-1.493125
-1.711875
-1.683125
-1.6075
-1.24
-0.948125
-0.731875
-0.46875
-0.409375
-0.4925
-0.750625
-1.1025
-1.373125
-1.496875
-1.364375
-1.185
-1.046875
-1.01125
-1.150625
-1.301875
-1.289375
-1.176875
-1.0175
-0.834375
-0.726875
-0.68
-0.58625
-0.585625
-0.62625
-0.724375
-0.91625
-0.92
-0.979375
-0.84125
-0.609375
-0.6325
-0.656875
-0.830625
-1.098125
-1.033125
-0.865625
-0.7025
-0.445625
-0.48375
-0.546875
-0.61125
-0.77875
-0.835625
-0.9475
-0.953125
-0.890625
-0.7325
-0.594375
-0.710625
-0.96375
-1.359375
-1.610625
-1.5175
-1.18625
-0.808125
-0.5725
-0.50625
-0.560625
-0.568125
-0.538125
-0.515625
-0.55
-0.678125
-0.91
-1.17125
-1.24
-1.261875
-1.170625
-1.056875
-1.118125
-1.1325
-1.024375
-0.864375
-0.6575
-0.544375
-0.506875
-0.485625
-0.586875
-0.58875
-0.765625
-1.010625
-1.010625
-1.113125
-0.959375
-0.711875
-0.709375
-0.708125
-0.881875
-1.1025
-1.078125
-1.07625
-1.0275
-1.025625
-1.14625
-1.02375
-0.95
-0.7825
-0.69625
-0.77375
-0.835
-0.96125
-0.863125
-0.76125
-0.545625
-0.29375
-0.369375
-0.565
-0.964375
-1.42875
-1.598125
-1.608125
-1.3475
-1.04
-0.83125
-0.67125
-0.638125
-0.605
-0.536875
-0.46875
-0.59125
-0.66125
-0.8225
-0.98375
-0.975625
-1.07
-1.12
-1.123125
-1.12625
-1.204375
-1.285
-1.581875
-1.75625
-1.630625
-1.5025
-1.035625
-0.644375
-0.480625
-0.34375
-0.370625
-0.500625
-0.578125
-0.724375
-0.889375
-0.949375
-0.9625
-0.88
-0.840625
-0.889375
-1.04375
-1.075625
-1.00875
-0.9025
-0.725625
-0.67125
-0.638125
-0.621875
-0.615
-0.689375
-0.779375
-0.916875
-1.0125
-0.955
-0.953125
-0.75875
-0.60875
-0.64375
-0.68
-0.89125
-1.16125
-1.195625
-1.104375
-0.96625
-0.695625
-0.5475
-0.4525
-0.374375
-0.385
-0.476875
-0.584375
-0.739375
-0.8975
-0.941875
-1.041875
-0.949375
-0.820625
-0.65
-0.385
-0.295
-0.230625
-0.26625
-0.3675
-0.421875
-0.589375
-0.73125
-0.830625
-0.883125
-0.686875
-0.539375
-0.469375
-0.574375
-0.854375
-1.118125
-1.333125
-1.33875
-1.258125
-1.01125
-0.78875
-0.6475
-0.538125
-0.568125
-0.491875
-0.415625
-0.354375
-0.334375
-0.375
-0.36875
-0.365625
-0.29
-0.215
-0.315
-0.433125
-0.6025
-0.835
-0.81125
-0.711875
-0.56125
-0.3725
-0.35875
-0.455625
-0.556875
-0.61125
-0.56625
-0.440625
-0.383125
-0.346875
-0.464375
-0.559375
-0.68875
-0.845625
-0.90125
-1.035625
-1.05625
-1.08625
-1.0675
-0.9625
-0.858125
-0.745
-0.803125
-0.955
-1.13875
-1.29375
-1.20375
-1.066875
-0.86625
-0.691875
-0.5875
-0.605625
-0.783125
-0.939375
-1.2125
-1.240625
-1.13375
-1.03625
-0.815625
-0.7175
-0.61
-0.55125
-0.598125
-0.72625
-0.9425
-1.11
-1.228125
-1.18375
-1.053125
-0.955
-0.83625
-0.773125
-0.92625
-0.965625
-1.17625
-1.438125
-1.408125
-1.459375
-1.193125
-0.84875
-0.624375
-0.409375
-0.37125
-0.409375
-0.4525
-0.599375
-0.778125
-0.915
-0.9875
-0.946875
-0.915625
-0.96625
-1.263125
-1.411875
-1.4725
-1.405625
-1.031875
-0.803125
-0.604375
-0.469375
-0.425
-0.373125
-0.411875
-0.4975
-0.62125
-0.763125
-0.7425
-0.628125
-0.5425
-0.53
-0.59875
-0.88375
-1.0775
-1.190625
-1.30375
-1.141875
-1.083125
-0.975625
-0.868125
-0.86625
-0.770625
-0.72125
-0.619375
-0.5175
-0.509375
-0.533125
-0.661875
-0.734375
-0.720625
-0.625
-0.525625
-0.521875
-0.719375
-0.955625
-1.10375
-1.21
-1.003125
-0.85875
-0.744375
-0.71625
-0.8775
-1.061875
-1.22375
-1.191875
-1.073125
-0.754375
-0.4525
-0.338125
-0.32125
-0.49625
-0.704375
-0.78375
-0.77625
-0.688125
-0.56375
-0.44625
-0.518125
-0.655625
-0.939375
-1.33125
-1.530625
-1.585625
-1.43125
-1.149375
-0.780625
-0.5075
-0.263125
-0.178125
-0.285
-0.56125
-0.895625
-1.095
-1.21375
-1.040625
-0.869375
-0.675625
-0.451875
-0.431875
-0.460625
-0.60125
-0.79625
-0.95125
-1.030625
-1.015625
-0.985625
-0.914375
-0.874375
-1.048125
-1.27625
-1.35625
-1.38625
-1.09875
-0.764375
-0.60375
-0.463125
-0.505625
-0.545625
-0.64125
-0.81125
-0.985625
-1.191875
-1.235625
-1.185
-1.006875
-0.725625
-0.523125
-0.3875
-0.379375
-0.540625
-0.72375
-0.8875
-1.02125
-0.97125
-0.853125
-0.725625
-0.526875
-0.403125
-0.369375
-0.4075
-0.56
-0.7875
-0.97375
-0.96
-0.865
-0.673125
-0.520625
-0.48125
-0.46
-0.499375
-0.4625
-0.463125
-0.51375
-0.53875
-0.598125
-0.635
-0.71375
-0.801875
-0.85125
-0.94
-0.86375
-0.76875
-0.77375
-0.6925
-0.706875
-0.730625
-0.66875
-0.65375
-0.626875
-0.5475
-0.504375
-0.5175
-0.64375
-0.828125
-0.965
-0.98375
-0.766875
-0.551875
-0.40125
-0.325625
-0.389375
-0.53375
-0.654375
-0.85
-1.011875
-1.085625
-1.128125
-1.03375
-0.916875
-0.760625
-0.633125
-0.501875
-0.45875
-0.393125
-0.309375
-0.330625
-0.261875
-0.27875
-0.360625
-0.39
-0.4825
-0.554375
-0.55375
-0.50625
-0.45875
-0.386875
-0.36625
-0.3925
-0.394375
-0.47625
-0.61375
-0.8075
-0.955
-1.031875
-0.973125
-0.84875
-0.765625
-0.655
-0.694375
-0.7525
-0.891875
-1.11
-1.063125
-0.971875
-0.78
-0.501875
-0.400625
-0.369375
-0.318125
-0.483125
-0.706875
-0.88625
-1.13375
-1.0425
-0.81875
-0.57875
-0.340625
-0.328125
-0.389375
-0.52875
-0.645
-0.67
-0.6725
-0.595625
-0.52125
-0.516875
-0.521875
-0.635
-0.755
-0.8475
-0.95875
-0.934375
-0.865625
-0.725625
-0.565
-0.3925
-0.3075
-0.381875
-0.47125
-0.675625
-0.798125
-0.793125
-0.773125
-0.695
-0.609375
-0.555625
-0.524375
-0.58375
-0.72875
-0.905625
-1.099375
-1.128125
-1.22125
-1.23375
-1.214375
-1.255625
-1.073125
-0.939375
-0.805625
-0.720625
-0.74375
-0.7275
-0.71125
-0.6225
-0.54375
-0.515
-0.43375
-0.455625
-0.534375
-0.6025
-0.75
-0.8
-0.704375
-0.6375
-0.59625
-0.676875
-0.83875
-0.91
-0.901875
-0.764375
-0.58
-0.466875
-0.34125
-0.28125
-0.28625
-0.281875
-0.309375
-0.425625
-0.55
-0.68
-0.864375
-0.943125
-1.0075
-1.235625
-1.416875
-1.475625
-1.513125
-1.23
-0.946875
-0.78625
-0.588125
-0.579375
-0.53875
-0.579375
-0.730625
-0.80875
-0.91125
-0.804375
-0.739375
-0.7325
-0.725625
-0.89375
-0.95625
-1.120625
-1.339375
-1.63375
-1.805625
-1.704375
-1.55625
-1.163125
-0.845625
-0.67625
-0.4675
-0.50375
-0.650625
-0.7975
-1.023125
-0.978125
-0.85
-0.700625
-0.511875
-0.619375
-0.760625
-0.97
-1.14
-1.039375
-0.886875
-0.6875
-0.566875
-0.521875
-0.514375
-0.475
-0.4775
-0.590625
-0.6675
-0.76125
-0.815
-0.785625
-0.8075
-0.89125
-0.93375
-0.9725
-1.165625
-1.311875
-1.345
-1.38
-1.14
-0.9
-0.76375
-0.64875
-0.631875
-0.568125
-0.595
-0.64
-0.64375
-0.694375
-0.63125
-0.57625
-0.5625
-0.718125
-0.810625
-1.001875
-1.2475
-1.32375
-1.5425
-1.466875
-1.344375
-1.099375
-0.760625
-0.6475
-0.495
-0.491875
-0.609375
-0.7425
-0.9075
-0.979375
-0.948125
-0.716875
-0.58875
-0.68875
-0.83
-1.26875
-1.563125
-1.5475
-1.510625
-1.19125
-0.920625
-0.82375
-0.68375
-0.664375
-0.69375
-0.77875
-0.96625
-1.076875
-1.06125
-1.005625
-0.9
-0.869375
-0.905625
-0.7525
-0.650625
-0.7125
-0.824375
-1.2325
-1.540625
-1.53125
-1.4825
-1.163125
-0.94125
-0.9025
-0.824375
-0.885625
-0.796875
-0.745
-0.725
-0.67125
-0.7425
-0.660625
-0.58625
-0.5775
-0.583125
-0.7925
-1.04875
-1.216875
-1.3375
-1.23
-1.075625
-0.95125
-0.789375
-0.733125
-0.676875
-0.71125
-0.810625
-0.974375
-1.135625
-1.256875
-1.38625
-1.323125
-1.225625
-1.086875
-0.973125
-1.156875
-1.416875
-1.676875
-1.836875
-1.679375
-1.4825
-1.163125
-0.845625
-0.71125
-0.524375
-0.476875
-0.523125
-0.60625
-0.794375
-1.07125
-1.261875
-1.299375
-1.2375
-1.07
-1.10375
-1.21875
-1.55
-1.75875
-1.6575
-1.55625
-1.163125
-0.845625
-0.71125
-0.524375
-0.54125
-0.66875
-0.833125
-1.055625
-1.238125
-1.31125
-1.2025
-1.088125
-0.9325
-0.8225
-0.9
-1.024375
-1.000625
-1.005625
-0.90125
-0.75
-0.7725
-0.719375
-0.690625
-0.615
-0.595
-0.64
-0.63625
-0.6975
-0.549375
-0.534375
-0.59375
-0.624375
-0.783125
-0.790625
-0.93125
-1.121875
-1.481875
-1.719375
-1.6575
-1.55625
-1.163125
-0.8925
-0.876875
-0.835625
-1.039375
-1.2175
-1.160625
-1.155
-0.8575
-0.620625
-0.533125
-0.42
-0.523125
-0.581875
-0.6425
-0.7125
-0.735625
-0.768125
-0.733125
-0.68875
-0.65625
-0.576875
-0.541875
-0.57875
-0.591875
-0.82125
-1.095
-1.186875
-1.413125
-1.47
-1.459375
-1.5875
-1.593125
-1.47625
-1.408125
-1.264375
-1.0075
-0.82625
-0.700625
-0.66625
-0.816875
-1.06125
-1.265625
-1.425625
-1.385625
-1.251875
-1.076875
-1.026875
-1.274375
-1.615625
-1.834375
-1.928125
-1.73
-1.485
-1.315625
-1.033125
-0.83375
-0.631875
-0.64625
-0.845625
-1.095
-1.471875
-1.5175
-1.41
-1.443125
-1.35125
-1.460625
-1.77375
-1.813125
-1.70125
-1.55
-1.15375
-0.88
-0.739375
-0.608125
-0.596875
-0.708125
-0.884375
-1.164375
-1.446875
-1.4375
-1.334375
-1.118125
-0.91625
-1.053125
-1.40625
-1.636875
-1.794375
-1.66
-1.18125
-0.825
-0.574375
-0.399375
-0.46125
-0.47625
-0.415625
-0.458125
-0.510625
-0.656875
-0.983125
-1.24375
-1.35125
-1.534375
-1.56625
-1.73
-2.0975
-2.22
-2.19125
-1.9175
-1.39875
-0.955625
-0.815
-0.794375
-0.9775
-1.251875
-1.25
-1.253125
-1.21625
-1.26
-1.405625
-1.67125
-1.773125
-1.580625
-1.436875
-1.00125
-0.769375
-0.706875
-0.74125
-0.96625
-0.989375
-1.108125
-1.104375
-1.105
-1.388125
-1.526875
-1.665625
-1.77875
-1.73
-1.8525
-1.861875
-1.9525
-1.918125
-1.76125
-1.705625
-1.485
-1.514375
-1.54375
-1.71
-1.979375
-2.12375
-2.145625
-1.894375
-1.606875
-1.196875
-0.958125
-0.893125
-0.8425
-0.914375
-1.01125
-1.205
-1.52625
-1.89625
-2.1925
-2.24375
-2.17
-1.99875
-1.8275
-1.77875
-1.73
-1.6775
-1.5
-1.445
-1.39
-1.5625
-1.985
-2.136875
-2.140625
-1.846875
-1.28
-0.90375
-0.713125
-0.645
-0.873125
-1.041875
-1.114375
-1.158125
-1.05375
-1.015
-1.09125
-1.225
-1.23625
-1.2725
-1.240625
-1.18
-1.241875
-1.23
-1.355
-1.6025
-1.9725
-2.194375
-2.29125
-2.143125
-1.8725
-1.773125
-1.504375
-1.31125
-0.993125
-0.654375
-0.654375
-0.829375
-1.254375
-1.676875
-1.93
-1.97375
-1.8925
-1.80875
-1.6025
-1.430625
-1.1075
-0.7425
-0.49
-0.4125
-0.6375
-0.95375
-1.4125
-1.661875
-1.76
-1.7825
-1.55
-1.351875
-1.0025
-0.708125
-0.548125
-0.604375
-0.963125
-1.298125
-1.731875
-1.87375
-1.864375
-1.85
-1.555625
-1.344375
-0.94875
-0.558125
-0.50625
-0.655625
-1.17375
-1.689375
-2.035625
-2.0975
-1.975
-1.85
-1.6025
-1.430625
-1.08375
-0.741875
-0.645
-0.764375
-1.23375
-1.700625
-2.045
-2.0975
-1.975
-1.85
-1.6025
-1.425
-1.1225
-0.9475
-1.0175
-1.315
-1.74
-2.04
-2.095
-1.975
-1.82375
-1.55
-1.351875
-0.97875
-0.663125
-0.5925
-0.738125
-1.23375
-1.700625
-2.045
-2.0975
-1.975
-1.85
-1.555625
-1.336875
-0.943125
-0.551875
-0.499375
-0.663125
-1.176875
-1.693125
-2.04
-2.095
-1.975
-1.85
-1.555625
-1.38125
-1.081875
-0.91
-1.076875
-1.37125
-1.793125
-2.09
-2.095
-1.975
-1.85
-1.555625
-1.336875
-0.943125
-0.551875
-0.499375
-0.663125
-1.176875
-1.693125
-2.04
-2.095
-1.975
-1.85
-1.555625
-1.336875
-0.943125
-0.551875
-0.499375
-0.663125
-1.176875
-1.693125
-2.04
-2.095
-1.975
-1.85
-1.6025
-1.430625
-1.074375
-0.720625
-0.611875
-0.719375
-1.195625
-1.674375
-2.030625
-2.095
-1.975
-1.85
-1.6025
-1.430625
-1.08375
-0.739375
-0.64
-0.756875
-1.22375
-1.693125
-2.04
-2.095
-1.975
-1.85
-1.6025
-1.430625
-1.08375
-0.739375
-0.64
-0.756875
-1.22375
-1.693125
-2.04
-2.095
-1.975
-1.85
-1.6025
-1.430625
-1.08375
-0.739375
-0.64
-0.756875
-1.22375
-1.693125
-2.04
-2.095
-1.975
-1.85
-1.555625
-1.336875
-0.966875
-0.54
-0.451875
-0.58
-1.010625
-1.5625
-1.945
-2.035625
-1.975
-1.85
-1.555625
-1.344375
-0.97125
-0.55625
-0.48
-0.56375
-0.97125
-1.47
-1.799375
-1.926875
-1.8925
-1.81125
-1.560625
-1.351875
-0.991875
-0.57
-0.486875
-0.605
-1.025625
-1.57
-1.945
-2.035625
-1.975
-1.85
-1.555625
-1.50625
-1.331875
-1.13375
-1.274375
-1.144375
-1.223125
-1.479375
-1.44375
-1.5425
-1.47375
-1.25375
-1.15625
-1.065
-1.013125
-0.81
-0.545
-0.456875
-0.5825
-1.010625
-1.5625
-1.79375
-1.733125
-1.373125
-0.95125
-0.709375
-0.59
-0.66125
-0.855
-1.02
-1.3075
-1.535625
-1.49
-1.441875
-1.101875
-0.731875
-0.513125
-0.296875
-0.419375
-0.6625
-0.94625
-1.2325
-1.20125
-1.069375
-1.0075
-0.940625
-1.000625
-1.040625
-0.795
-0.525625
-0.285
-0.165
-0.2725
-0.435
-0.751875
-0.93625
-1.068125
-1.124375
-0.849375
-0.665
-0.603125
-0.588125
-0.789375
-0.926875
-0.819375
-0.711875
-0.555
-0.415
-0.358125
-0.365
-0.499375
-0.64875
-0.999375
-1.269375
-1.245
-1.241875
-0.9225
-0.580625
-0.464375
-0.305625
-0.29375
-0.335
-0.310625
-0.354375
-0.5675
-0.79
-0.975
-1.08125
-0.903125
-0.651875
-0.455
-0.370625
-0.4575
-0.618125
-0.785
-0.796875
-0.71125
-0.59875
-0.46625
-0.450625
-0.458125
-0.45375
-0.461875
-0.36375
-0.439375
-0.515
-0.563125
-0.73875
-0.655625
-0.698125
-0.93125
-1.08125
-1.33
-1.366875
-1.065
-0.794375
-0.5625
-0.49625
-0.6175
-0.76625
-0.86125
-1.0025
-1.0925
-1.065625
-1.02625
-0.725
-0.479375
-0.3375
-0.245625
-0.271875
-0.315
-0.295
-0.2675
-0.3325
-0.329375
-0.525
-0.69625
-0.76375
-0.841875
-0.635625
-0.465625
-0.386875
-0.344375
-0.395625
-0.438125
-0.394375
-0.3325
-0.299375
-0.408125
-0.56375
-0.748125
-1.01
-0.94875
-0.865
-0.72375
-0.409375
-0.27
-0.145625
-0.039375
-0.04375
-0.100625
-0.165
-0.401875
-0.653125
-0.823125
-0.978125
-0.82
-0.60625
-0.476875
-0.3625
-0.399375
-0.49125
-0.623125
-0.725
-0.80875
-0.835
-0.614375
-0.478125
-0.378125
-0.306875
-0.386875
-0.373125
-0.396875
-0.41
-0.423125
-0.5
-0.465625
-0.60375
-0.768125
-0.85375
-0.995
-0.79
-0.514375
-0.33
-0.145625
-0.155
-0.2825
-0.32875
-0.375
-0.48125
-0.486875
-0.69125
-0.921875
-1.019375
-1.115
-0.8975
-0.6275
-0.439375
-0.28
-0.26875
-0.339375
-0.38125
-0.423125
-0.5
-0.4475
-0.5675
-0.71375
-0.799375
-0.953125
-0.79375
-0.56375
-0.39125
-0.248125
-0.2325
-0.335
-0.369375
-0.38
-0.48375
-0.44
-0.5975
-0.78125
-0.831875
-1.000625
-0.85625
-0.64125
-0.508125
-0.280625
-0.26
-0.29125
-0.304375
-0.394375
-0.373125
-0.50625
-0.665625
-0.776875
-0.94375
-0.7975
-0.588125
-0.418125
-0.248125
-0.21875
-0.265625
-0.28375
-0.328125
-0.396875
-0.42625
-0.48
-0.5075
-0.5
-0.445625
-0.400625
-0.329375
-0.2975
-0.38625
-0.47125
-0.564375
-0.668125
-0.67125
-0.638125
-0.7925
-0.915625
-1.01875
-1.1875
-1.035625
-0.841875
-0.713125
-0.486875
-0.411875
-0.455
-0.469375
-0.48
-0.49375
-0.36
-0.39875
-0.5425
-0.68
-0.95
-0.906875
-0.80875
-0.71375
-0.50125
-0.41625
-0.363125
-0.276875
-0.2675
-0.30875
-0.29375
-0.49625
-0.706875
-0.8875
-1.06625
-0.909375
-0.689375
-0.4725
-0.26625
-0.21125
-0.2325
-0.243125
-0.31625
-0.418125
-0.451875
-0.658125
-0.790625
-0.865625
-0.95125
-0.72375
-0.518125
-0.37
-0.26125
-0.30375
-0.42
-0.468125
-0.518125
-0.596875
-0.535625
-0.675625
-0.7425
-0.73375
-0.80625
-0.594375
-0.45625
-0.42875
-0.4425
-0.70125
-0.9125
-1.043125
-1.09
-1.014375
-1.0125
-1.0275
-1.05625
-0.915625
-0.688125
-0.42125
-0.239375
-0.39625
-0.600625
-1.00625
-1.33125
-1.486875
-1.658125
-1.498125
-1.308125
-0.995625
-0.630625
-0.435
-0.333125
-0.4025
-0.526875
-0.820625
-1.035625
-1.150625
-1.236875
-1.040625
-1.030625
-1.045625
-1.01375
-1.085625
-0.83375
-0.636875
-0.53375
-0.5625
-0.775625
-0.934375
-1.095
-0.981875
-0.83875
-0.746875
-0.60625
-0.645625
-0.7075
-0.704375
-0.605625
-0.43125
-0.26
-0.21625
-0.331875
-0.59
-0.819375
-1.034375
-1.16875
-1.111875
-1.0675
-0.78
-0.509375
-0.3525
-0.206875
-0.2775
-0.365
-0.511875
-0.7
-0.96375
-1.146875
-1.164375
-1.073125
-0.708125
-0.5025
-0.421875
-0.4625
-0.63625
-0.613125
-0.526875
-0.358125
-0.254375
-0.353125
-0.506875
-0.67
-0.78625
-0.7525
-0.664375
-0.600625
-0.484375
-0.388125
-0.340625
-0.30875
-0.379375
-0.5075
-0.615
-0.67
-0.651875
-0.621875
-0.60125
-0.6625
-0.746875
-0.765625
-0.72125
-0.594375
-0.440625
-0.320625
-0.2625
-0.184375
-0.16
-0.145
-0.10125
-0.163125
-0.22375
-0.359375
-0.5075
-0.559375
-0.595
-0.4975
-0.41125
-0.359375
-0.28875
-0.32625
-0.379375
-0.435625
-0.55
-0.67125
-0.75
-0.8575
-0.83875
-0.680625
-0.561875
-0.385625
-0.27625
-0.343125
-0.37375
-0.433125
-0.62375
-0.686875
-0.9375
-1.339375
-1.539375
-1.769375
-1.7075
-1.371875
-1.1175
-0.8725
-0.75
-0.75
-0.75
-0.75
-0.75
-0.75
-0.75
-0.75
-0.75
-0.75
-0.75
-0.75
-0.75
-0.75
-0.75
-0.75
-0.75
-0.75
-0.75
-0.724375
-0.69875
-0.673125
-0.6475
-0.673125
-0.715625
-0.758125
-0.81
-0.810625
-0.7775
-0.744375
-0.653125
-0.56625
-0.44375
-0.37
-0.3375
-0.3825
-0.48
-0.45125
-0.4375
-0.439375
-0.61625
-0.846875
-1.0625
-1.125
-0.843125
-0.635
-0.434375
-0.28625
-0.3075
-0.3625
-0.47375
-0.61375
-0.748125
-0.84
-0.875625
-0.914375
-1.13375
-1.1425
-1.095
-1.079375
-0.719375
-0.573125
-0.483125
-0.32
-0.454375
-0.669375
-1.0125
-1.545
-1.990625
-2.18875
-2.1775
-1.8925
-1.44375
-1.1175
-0.8725
-0.75
-0.75
-0.75
-0.75
-0.75
-0.75
-0.75
-0.75
-0.75
-0.75
-0.75
-0.75
-0.75
-0.75
-0.75
-0.75
-0.75
-0.75
-0.75
-0.75
-0.75
-0.75
-0.75
-0.75
-0.75
-0.75
-0.75
-0.75
-0.75
-0.75
-0.75
-0.75
-0.75
-0.75
-0.75
-0.75
-0.703125
-0.65625
-0.5625
-0.44
-0.4925
-0.498125
-0.571875
-0.65625
-0.58
-0.56875
-0.5225
-0.494375
-0.53125
-0.531875
-0.556875
-0.62875
-0.54
-0.5975
-0.754375
-0.8175
-1.00875
-0.94375
-0.661875
-0.483125
-0.47375
-0.761875
-1.1825
-1.66
-1.845625
-1.6925
-1.63625
-1.425625
-1.290625
-1.31
-1.10125
-0.8525
-0.658125
-0.663125
-0.77375
-0.965625
-1.311875
-1.35125
-1.334375
-1.3175
-1.033125
-0.87125
-0.758125
-0.5925
-0.525
-0.58
-0.811875
-1.27125
-1.681875
-1.8475
-1.674375
-1.2525
-0.886875
-0.64375
-0.57
-0.64375
-0.78125
-0.9675
-1.249375
-1.335
-1.34
-1.2475
-1.010625
-0.905625
-0.94
-0.9975
-1.10375
-1.31375
-1.40125
-1.514375
-1.67625
-1.725
-1.625625
-1.56875
-1.414375
-1.26
-1.279375
-1.1925
-1.154375
-1.005625
-0.9125
-1.0525
-1.315
-1.79875
-2.129375
-2.165625
-1.91
-1.42125
-0.948125
-0.725
-0.67125
-0.708125
-0.970625
-0.9975
-1.19375
-1.45375
-1.421875
-1.61125
-1.50875
-1.3275
-1.3275
-1.3275
-1.3275
