0.09125
0.09125
0.09125
0.09125
-0.0425
0.363125
0.760625
1.28125
1.42625
0.885
0.321875
-0.526875
-0.834375
-0.761875
-0.985
-0.9125
-1.126875
-1.07875
-0.630625
-0.510625
-0.390625
-0.486875
-0.61
-0.279375
0.029375
0.34375
0.33375
0.079375
-0.13125
-0.689375
-0.935625
-1.24875
-1.944375
-2.225
-2.326875
-2.205
-1.41375
-0.598125
-0.128125
0.376875
0.264375
-0.01125
-0.185
-0.605
-0.445
-0.500625
-0.374375
-0.329375
-0.46625
-0.314375
-0.424375
-0.36125
-0.620625
-0.814375
-1.07125
-1.401875
-1.561875
-2.088125
-2.30875
-2.390625
-2.46625
-1.966875
-1.649375
-1.10125
-0.196875
0.411875
1.07
1.460625
1.55125
1.5575
1.26
0.715
0.026875
-0.918125
-1.4075
-1.48625
-1.2075
-0.373125
0.279375
0.445
0.263125
-0.0325
-0.214375
0.195
0.7375
0.9325
1.01375
0.7775
0.565625
0.53
0.26125
-0.315625
-1.114375
-1.641875
-1.894375
-1.751875
-1.485625
-1.4525
-1.556875
-1.72625
-1.49375
-1.241875
-0.894375
-0.311875
-0.22
-0.166875
0.20125
0.090625
-0.023125
-0.413125
-1.118125
-1.305625
-1.158125
-0.715
-0.3
-0.136875
-0.30375
-0.461875
-0.87875
-1.289375
-1.36375
-1.1925
-0.62375
-0.14375
0.160625
0.189375
-0.076875
-0.42625
-0.599375
-1.049375
-0.954375
-0.539375
-0.6525
-0.41125
-0.62
-1.026875
-0.84375
-0.42125
-0.171875
0.149375
0.324375
0.20375
0.6975
0.82625
0.795625
0.57375
-0.11375
-0.495
-1.07125
-1.265
-1.329375
-1.280625
-0.904375
-0.69125
-0.509375
-0.294375
-0.209375
-0.180625
-0.309375
-0.8825
-1.1525
-1.448125
-1.28375
-0.451875
-0.105
0.349375
0.4275
-0.215625
-0.44625
-1.0825
-1.591875
-1.575
-1.52875
-0.9325
-0.37375
-0.08125
-0.335625
-0.68625
-1.280625
-1.839375
-2.055
-2.41
-2.315
-1.794375
-0.92625
-0.283125
-0.04375
-0.186875
-0.93375
-1.361875
-1.2775
-1.23875
-0.648125
0.13
0.269375
0.27
-0.311875
-1.175
-1.714375
-1.7325
-1.191875
-0.638125
0.21125
0.55
0.658125
0.60875
-0.031875
-0.39
-0.780625
-0.989375
-0.89375
-0.990625
-1.448125
-1.61
-1.49375
-1.3725
-0.825625
-0.86125
-1.535625
-1.865625
-1.9975
-1.6075
-0.51375
0.41625
0.82875
1.058125
0.91375
0.62875
0.795625
0.615
0.478125
0.434375
0.0875
0.136875
0.164375
-0.035625
-0.13
-0.325
-0.609375
-0.50375
-0.394375
-0.385625
-0.25
-0.39875
-0.3925
-0.0225
0.166875
0.248125
-0.1575
-0.883125
-1.461875
-1.67
-1.384375
-1.384375
-1.384375
-1.384375
