0.820625
0.820625
0.820625
0.820625
0.768125
0.75
0.79
0.8
0.858125
0.8975
0.856875
0.835625
0.815625
0.81625
0.875
0.826875
0.8175
0.796875
0.79125
0.915
0.999375
1.081875
1.13125
1.129375
1.1275
1.118125
1.07
1.010625
0.92375
0.84625
0.835
0.84625
0.89625
0.9575
0.99125
1.011875
1.01
0.945625
0.84125
0.7675
0.710625
0.705625
0.81375
0.901875
1.015625
1.179375
1.236875
1.276875
1.27625
1.21375
1.1625
1.093125
0.99375
0.889375
0.813125
0.725
0.74875
0.783125
0.86
1.003125
1.040625
1.13875
1.16625
1.1775
1.221875
1.21125
1.21125
1.18875
1.13875
1.028125
0.954375
0.885
0.90875
0.98125
1.01375
1.044375
0.955625
0.89625
0.82375
0.8225
0.901875
1.01875
1.151875
1.20875
1.23875
1.15875
1.150625
1.16125
1.13875
1.204375
1.14875
1.059375
1.058125
1.050625
1.123125
1.224375
1.24875
1.180625
1.110625
1.00375
0.9075
0.8825
0.803125
0.76625
0.756875
0.775
0.890625
1.006875
1.101875
1.16375
1.131875
1.109375
1.05875
0.969375
0.87375
0.7625
0.7175
0.69875
0.77
0.84125
0.879375
0.98125
1.02125
1.03375
1.035
0.97375
0.935
0.95125
0.99
1.05125
1.05
1.02125
0.9425
0.84125
0.840625
0.8
0.836875
0.89625
0.896875
0.98875
1.041875
1.0725
1.1125
1.0625
1.00125
0.9625
0.935
0.97375
1.061875
1.13875
1.204375
1.251875
1.183125
1.114375
1.045625
0.958125
1.0
1.041875
1.0325
1.0325
0.97
0.89625
0.88625
0.914375
0.965
1.038125
1.164375
1.214375
1.253125
1.2475
1.098125
0.998125
0.898125
0.853125
0.9375
0.999375
1.05
1.07875
1.05625
1.005
0.97625
0.95875
0.93
0.990625
1.04
1.045
1.02125
0.93875
0.85625
0.78875
0.8125
0.845625
0.905625
1.035
1.061875
1.1
1.073125
0.98375
0.996875
0.9475
0.9475
0.95875
0.9075
0.95875
0.9475
0.9475
0.95875
0.9075
0.95875
0.9475
0.9475
0.95875
0.9075
0.95875
0.9875
1.0275
1.09
1.09
1.10125
1.09
1.0675
1.0675
1.07875
1.07875
1.07875
1.07875
