0.6351875
0.6351875
0.6351875
0.6351875
0.5261875
0.5001875
0.5240625
0.586
0.748
0.827
0.833125
0.8211875
0.8148125
0.88625
1.0305625
1.1505625
1.1175625
1.0119375
0.869875
0.7455625
0.79725
0.92675
1.0198125
1.112875
1.0529375
0.9358125
0.8915625
0.8701875
0.9788125
1.113625
1.3
1.440625
1.51625
1.6695
1.62375
1.600875
1.4748125
1.172625
0.9814375
0.813125
0.7401875
0.7673125
0.8295
0.85375
0.872375
0.866875
0.79125
0.722875
0.70425
0.66125
0.6533125
0.68825
0.686875
0.75825
0.8525
0.8995
0.9465
0.9401875
0.911
0.87
0.829
0.822
0.815
0.8603125
0.9099375
0.946875
0.9475
0.8791875
0.7905625
0.657
0.581
0.545625
0.554
0.603
0.634125
0.66525
0.640875
0.657125
0.686
0.7743125
0.9021875
0.96225
1.002
0.9351875
0.86075
0.8000625
0.742875
0.745125
0.7431875
0.7953125
0.837375
0.8548125
0.84775
0.883875
0.9656875
1.0598125
1.2029375
1.1901875
1.142625
1.123375
1.0984375
1.1295
1.12575
1.0776875
0.951375
0.8048125
0.6930625
0.5726875
0.6361875
0.7494375
0.8380625
0.963625
0.8615625
0.77325
0.719625
0.682
0.78575
0.8701875
1.0589375
1.2381875
1.3683125
1.4826875
1.3705625
1.2208125
1.085875
0.9588125
0.967875
0.9915625
1.0834375
1.1870625
1.2465
1.287125
1.1446875
0.959375
0.8145625
0.71575
0.7279375
0.7623125
0.76575
0.7220625
0.724375
0.7639375
0.8289375
0.9651875
1.036625
1.0985625
1.1456875
1.126875
1.12775
1.0626875
1.0164375
0.989875
0.9624375
1.0221875
1.0560625
1.0475625
1.0136875
0.887375
0.7521875
0.7179375
0.7344375
0.8448125
0.971125
1.0309375
1.0601875
1.0549375
1.053875
1.056
1.0634375
1.04
1.02025
0.9923125
0.98725
1.0338125
1.048625
1.0755
1.056375
0.957125
0.88175
0.806375
0.7581875
0.803
0.8393125
0.8604375
0.8468125
0.78825
0.7635625
0.85725
1.095875
1.3148125
1.4803125
1.4545
1.2156875
1.024875
0.8893125
0.83675
0.8881875
0.91575
0.8755
0.845625
0.810375
0.7870625
0.852875
0.9364375
1.04825
1.140125
1.1835
1.1850625
1.1395625
1.12075
1.0940625
1.105
1.1535625
1.1485
1.1353125
1.065125
0.9166875
0.809625
0.818375
0.8964375
1.0500625
1.18525
1.1446875
1.0518125
0.9751875
0.9223125
0.945375
0.9830625
0.9533125
0.8805
0.883625
0.888
0.938625
1.056875
1.01625
0.9980625
0.9964375
0.9574375
0.981125
0.9613125
0.8976875
0.851875
0.841375
0.8878125
0.914
0.884375
0.8345625
0.725875
0.6898125
0.67925
0.6619375
0.709125
0.7321875
0.781
0.843625
0.8376875
0.781125
0.713375
0.746875
0.8329375
0.968625
1.1090625
1.0341875
0.9443125
0.8343125
0.7354375
0.8608125
0.964125
1.1235
1.2819375
1.240125
1.202875
1.1075625
0.9684375
0.89725
0.8473125
0.772125
0.7595
0.875375
0.9975
1.1746875
1.31
1.226
1.1268125
0.996875
0.842875
0.8349375
0.809875
0.8113125
0.84725
0.84025
0.8310625
0.7894375
0.73325
0.663625
0.6294375
0.633375
0.671375
0.746875
0.80625
0.857375
0.885625
0.9145625
1.0518125
1.169125
1.29075
1.3554375
1.212
1.072125
0.9185
0.841125
0.870125
0.8771875
0.911
0.8965625
0.8566875
0.857625
0.8266875
0.7836875
0.7811875
0.7989375
0.8388125
0.915125
0.9721875
1.0594375
1.1340625
1.196375
1.2393125
1.10625
0.954125
0.7874375
0.6396875
0.6018125
0.57575
0.678625
0.7829375
0.9125
1.095
1.075125
1.0465625
0.96975
0.8116875
0.7536875
0.6978125
0.694375
0.743875
0.7813125
0.81925
0.8476875
0.9759375
1.1041875
1.2378125
1.3178125
1.185875
1.02475
0.8971875
0.90425
1.0058125
1.1535625
1.337125
1.330375
1.33425
1.294875
1.083625
0.9535625
0.829875
0.763875
0.8095
0.871
0.9209375
0.9385625
0.9325625
0.908125
0.9715625
1.04375
1.144625
1.2745
1.21125
1.144
1.1428125
1.0880625
1.1314375
1.154875
1.00725
0.9445625
0.90775
0.8668125
0.9261875
0.9370625
0.9573125
1.030125
1.0786875
1.1151875
1.0763125
0.9905
0.916625
0.866875
0.9004375
1.0390625
1.2009375
1.4266875
1.608375
1.5874375
1.517875
1.26025
0.9956875
0.890375
0.7889375
0.8396875
0.9279375
0.909625
0.9370625
0.9075625
0.8315
0.86725
0.8424375
0.815125
0.799375
0.7383125
0.7543125
0.898
1.0901875
1.2405
1.3435
1.3381875
1.2728125
1.266125
1.2515
1.14875
1.0764375
0.98025
0.879375
0.8826875
0.9726875
1.0354375
1.1514375
1.2113125
1.0898125
1.0098125
0.986375
1.0391875
1.1961875
1.3389375
1.3911875
1.3710625
1.2948125
1.2354375
1.0709375
0.96425
0.9376875
0.863125
0.9338125
0.9974375
1.004125
1.0453125
1.0081875
0.948625
0.901625
0.879
0.88675
0.8981875
0.8961875
0.833375
0.801375
0.7734375
0.769125
0.8200625
0.8639375
0.89625
0.9156875
0.902625
0.9456875
0.988125
1.0564375
1.152375
1.0764375
1.0316875
0.953
0.860875
0.857375
0.835
0.84275
0.834875
0.8440625
0.8466875
0.839375
0.8225
0.81675
0.8414375
0.8653125
0.927625
0.978125
0.9926875
1.0029375
0.9959375
0.9545625
0.8888125
0.8070625
0.7014375
0.62275
0.605125
0.5923125
0.6396875
0.71475
0.77175
0.8388125
0.8373125
0.823375
0.8240625
0.8296875
0.865
0.851125
0.783
0.731375
0.721375
0.7716875
0.888125
0.967125
1.0033125
0.989
0.9015625
0.822
0.729
0.6938125
0.7458125
0.813125
0.9150625
0.9575
0.893375
0.8555625
0.876375
0.94575
1.0906875
1.1910625
1.1156875
1.1103125
1.1250625
1.1563125
1.2991875
1.3515625
1.35175
1.3433125
1.31125
1.19625
1.0946875
0.961125
0.839375
0.769125
0.6775
0.656125
0.658625
0.7419375
0.8551875
0.8551875
0.8551875
0.8551875
