-1.10625
-1.10625
-1.10625
-1.10625
-2.10625
-2.29375
-1.95
0.04375
0.64375
1.66875
1.9625
1.09375
0.6625
-0.19375
-0.5625
0.03125
0.48125
0.50625
0.43125
-0.56875
-1.18125
-0.7875
-1.075
-0.8375
-1.1125
-2.23125
-2.35
-2.63125
-3.08125
-2.61875
-2.79375
-2.58125
-1.31875
-1.25
-0.8625
-1.325
-2.49375
-2.575
-2.7125
-1.88125
-0.99375
-0.9375
-0.225
-0.125
0.0625
-0.14375
-0.8125
-0.64375
-0.49375
1.01875
2.03125
2.075
2.3375
1.475
1.3375
1.35
0.45
0.3
-0.325
-0.29375
0.775
1.675
2.8
3.4375
3.00625
1.99375
0.13125
-2.1
-2.70625
-2.21875
-0.99375
0.65
0.4625
-1.2625
-1.9625
-2.39375
-1.5125
0.9375
1.81875
2.175
2.2
1.4875
1.4625
1.48125
1.56875
1.6
1.8875
2.5
2.89375
3.2875
2.55
1.525
0.35625
-0.13125
-0.125
-0.55
-0.3125
-0.64375
-0.05625
1.325
2.0375
2.01875
1.19375
0.51875
-0.46875
-0.8
-1.01875
-1.625
-1.19375
-0.425
0.4375
1.1
1.24375
1.66875
2.275
2.85625
3.325
2.9625
2.13125
1.5625
0.775
0.5625
0.41875
0.68125
1.61875
1.98125
2.3625
1.81875
1.03125
0.40625
0.15625
0.86875
1.36875
1.75625
2.01875
1.35625
0.55625
-0.325
-1.725
-2.975
-3.725
-3.575
-3.14375
-1.39375
-0.225
0.66875
1.66875
1.35625
1.45625
0.7875
0.48125
0.66875
1.34375
2.29375
2.88125
3.2625
2.6125
2.425
1.95625
0.91875
0.6
0.075
0.1125
0.71875
0.625
-0.11875
-1.6625
-2.95625
-3.84375
-3.725
-3.30625
-3.025
-2.225
-1.3875
0.2375
1.65
2.44375
2.775
2.70625
2.8375
2.9875
3.1375
3.40625
3.4375
4.05
4.0125
2.6625
1.41875
-0.60625
-1.70625
-1.1
-0.29375
0.81875
1.14375
0.73125
-0.13125
-1.5375
-1.54375
-2.11875
-2.49375
-1.73125
-2.11875
-1.14375
-0.00625
-0.03125
0.1
-1.1875
-2.4
-3.03125
-3.51875
-3.0875
-3.05
-3.06875
-3.1
-2.71875
-1.875
-0.35
1.1125
1.4375
1.23125
-0.00625
-1.06875
-1.88125
-1.94375
-1.6
-1.875
-1.39375
-1.51875
-1.2625
-0.04375
0.2125
0.5375
-0.0625
-1.825
-2.4125
-2.75
-1.8625
-0.13125
0.86875
1.13125
-0.025
-1.08125
-2.29375
-2.4125
-1.7375
-1.18125
-0.65625
-0.1875
0.90625
1.9125
2.71875
2.61875
1.15625
-0.5625
-1.45
-1.78125
-1.00625
0.16875
0.84375
0.7875
0.4625
-0.13125
-0.7375
-0.0375
-0.075
-0.3625
-0.61875
-2.29375
-2.7625
-2.525
-2.34375
-0.4
0.8125
1.525
2.425
1.56875
0.5375
-0.65625
-1.91875
-1.875
-1.21875
-0.2875
0.75625
0.4125
-0.59375
-1.6375
-3.5
-3.98125
-3.48125
-3.14375
-1.80625
-1.36875
-2.04375
-1.63125
-1.61875
-1.5125
-1.13125
-2.525
-3.49375
-3.825
-4.20625
-2.73125
-1.5
-0.64375
0.875
0.4
-0.3125
-1.2375
-2.2
-2.08125
-2.13125
-1.55
-1.74375
-1.025
-0.29375
-0.13125
0.41875
-0.2875
0.24375
0.85625
2.0125
3.45625
3.0125
2.78125
1.0375
-1.3875
-2.13125
-3.725
-4.1125
-3.39375
-4.09375
-3.43125
-2.925
-3.26875
-2.25
-2.025
-1.51875
0.3
1.075
2.3625
2.84375
2.175
1.55
0.525
0.3875
0.20625
0.2875
0.08125
-0.73125
-0.9875
-0.24375
1.075
2.55
3.8875
4.01875
3.4375
3.03125
2.35
1.93125
2.01875
2.06875
2.3875
2.7625
3.4
3.0375
2.2625
1.175
-1.025
-2.3
-3.5875
-4.3625
-4.05625
-3.56875
-2.81875
-2.325
-2.65625
-3.4625
-3.475
-3.4875
-3.04375
-1.79375
-1.39375
-1.35625
-0.78125
-0.7875
-1.25
-0.78125
-0.33125
-0.48125
0.49375
0.4375
-0.2875
0.625
1.39375
2.88125
4.8625
5.475
5.51875
5.30625
4.2625
3.1
1.9625
0.6875
0.5
1.58125
3.08125
5.0625
5.76875
4.64375
2.80625
0.29375
-1.2125
-1.6375
-1.6375
-1.8625
-2.875
-3.31875
-4.06875
-3.68125
-2.78125
-2.45
-1.49375
-1.7
-1.3625
-1.7625
-2.46875
-2.275
-2.65
-2.025
-1.3
-0.5875
0.3125
1.0
1.05625
1.15
0.96875
0.825
1.60625
1.61875
2.0625
2.68125
3.2125
4.19375
4.39375
3.95625
2.55
1.0625
0.0375
-1.075
-1.19375
-1.0875
-0.89375
-0.21875
0.1125
0.15
0.10625
0.71875
0.69375
1.125
0.975
0.0125
0.425
-0.18125
0.00625
-0.05625
-0.85625
-0.28125
-0.14375
0.7375
1.61875
1.4375
1.53125
0.86875
0.4125
0.3375
1.175
2.35625
3.25625
4.14375
3.6125
2.96875
1.75
0.60625
-0.0375
-1.1375
-1.5125
-2.21875
-3.225
-3.18125
-2.48125
-1.26875
0.075
1.1375
1.46875
1.6625
2.5875
2.925
2.85
2.55
1.0625
-0.0375
-0.76875
-1.4
-1.0125
-0.30625
0.5125
1.3
1.50625
0.78125
-0.59375
-1.75625
-2.75625
-2.11875
-0.9
0.35625
1.90625
1.975
2.66875
2.78125
2.24375
1.8875
0.6
-0.24375
-0.63125
-0.74375
-0.63125
-0.28125
-0.15625
0.4125
1.25
1.4375
2.1125
2.2875
2.39375
2.3
1.39375
0.4375
-0.6625
-1.05625
-1.56875
-1.525
-1.29375
-0.81875
0.14375
0.36875
-0.05
-1.20625
-1.70625
-2.175
-1.475
-0.51875
-0.3875
0.25625
-0.13125
-0.36875
-0.5375
-1.325
-1.6875
-1.7375
-0.98125
-0.18125
0.15
0.15
-1.3125
-2.21875
-2.29375
-2.5625
-1.13125
0.14375
0.91875
1.525
0.9125
0.86875
0.88125
1.51875
2.16875
1.3625
0.55625
-0.2375
-0.7125
0.1375
1.175
1.15625
1.1375
0.475
-0.5625
-0.71875
-0.79375
-0.61875
-0.64375
-0.575
-0.39375
-0.50625
-0.26875
-0.26875
-0.35
-0.575
-0.28125
-0.2625
-0.81875
-0.70625
-0.7875
-0.60625
0.3875
1.05
1.1375
1.4625
1.49375
1.4375
1.56875
1.45
1.51875
1.6875
2.34375
3.4375
4.44375
5.425
5.05
3.85
2.49375
1.075
1.19375
2.03125
1.9
2.1875
1.7625
1.1
1.64375
1.6125
2.26875
2.39375
2.5875
2.8625
1.625
0.31875
-1.8375
-3.74375
-4.0
-2.76875
-0.48125
1.96875
4.025
4.14375
3.75
2.68125
0.925
0.1375
-1.21875
-1.8
-1.99375
-1.675
-0.175
0.13125
0.2125
-0.1625
-1.025
-0.275
0.95
1.975
2.875
1.94375
1.10625
-0.06875
-1.3
-1.13125
-2.18125
-2.1375
-1.98125
-2.575
-1.3125
-1.21875
-1.30625
-0.3375
-0.7875
0.0
0.59375
0.5625
1.00625
0.7125
1.05625
1.34375
2.03125
2.69375
3.1625
3.50625
2.69375
1.9875
1.15625
0.8625
1.63125
1.80625
1.8125
1.0625
-0.075
-0.1
0.1
0.53125
1.31875
1.3375
1.25
1.3875
0.6125
-0.01875
-0.88125
-1.85625
-1.53125
-0.9375
0.38125
1.5
1.5875
1.74375
0.775
-0.18125
-0.65625
-1.5
-1.5
-0.6625
-0.0875
1.0
2.1875
2.725
3.5125
3.55625
2.9125
1.9
0.625
-0.25
-0.275
0.51875
1.79375
3.0125
4.0625
4.58125
4.29375
4.00625
3.75
3.24375
3.35625
3.75625
2.84375
2.25
1.80625
0.34375
0.125
-0.625
-2.40625
-3.26875
-3.93125
-3.46875
-1.81875
-0.15625
0.825
0.80625
0.38125
-0.63125
-1.4625
-1.8
-2.31875
-2.10625
-1.36875
0.025
1.95625
3.125
3.7125
3.16875
1.66875
0.6625
-0.19375
-0.5375
-0.20625
0.2375
0.7375
1.125
0.9875
0.91875
0.96875
1.30625
2.1125
2.21875
2.00625
1.10625
0.13125
0.04375
0.0875
0.93125
2.50625
3.475
4.73125
5.3
4.6875
4.3
2.6
1.475
0.28125
-0.9875
-0.65625
-1.0
-0.2
-0.0125
-0.49375
-1.16875
-2.89375
-3.25625
-3.4375
-2.4125
-0.35
0.91875
1.825
1.99375
1.3625
0.73125
1.10625
1.89375
2.925
3.64375
3.21875
2.3625
1.3125
0.975
1.0375
0.975
0.93125
0.56875
0.1
0.01875
0.3125
0.58125
0.78125
1.18125
1.325
1.525
2.1875
1.63125
0.95
0.13125
-1.2375
-1.4
-1.3125
-1.10625
-0.4375
-0.16875
-0.46875
-0.5
-0.25625
0.06875
1.28125
1.28125
1.28125
1.28125
