150.9375
150.9375
150.9375
150.9375
152.14375
151.78125
154.73125
165.85625
172.39375
170.86875
161.55625
141.06875
119.70625
111.75625
113.4375
119.33125
128.03125
130.84375
128.6375
123.425
122.6125
122.875
127.1625
136.45625
143.15625
145.86875
150.325
155.51875
150.8
152.44375
146.65
131.89375
128.575
122.2375
119.3625
127.1125
134.51875
140.8375
150.3
155.6625
155.05
155.45
149.8875
137.36875
128.4875
120.1625
114.55
122.2125
129.95
141.7125
149.76875
155.04375
161.20625
158.84375
164.8625
158.43125
148.775
140.90625
126.85625
121.14375
115.66875
117.1875
122.0375
132.1375
143.36875
150.1375
150.34375
143.625
140.3625
134.39375
137.9
142.14375
143.5125
151.74375
155.2375
156.4125
150.6125
135.64375
120.3375
113.89375
120.40625
133.575
147.08125
151.53125
149.98125
146.05625
137.73125
139.575
140.7625
143.64375
157.0875
162.2625
163.11875
162.2
151.86875
145.10625
146.16875
144.14375
142.2
137.06875
125.6
122.83125
128.225
133.21875
144.55
146.15
139.63125
133.6375
119.6625
112.50625
106.60625
102.475
109.45625
116.675
128.93125
143.375
148.73125
145.46875
134.225
118.39375
105.16875
106.35
118.3125
133.99375
153.1625
157.7625
155.13125
147.925
130.775
121.95625
114.50625
110.84375
117.525
118.825
121.175
124.45625
124.30625
136.0
145.275
150.6875
153.74375
146.775
144.46875
139.3875
142.55
145.475
143.19375
149.325
145.9375
146.075
147.6875
148.1875
153.975
155.85
157.4375
156.1
152.83125
155.9625
161.0
166.71875
172.11875
172.0125
174.475
173.6
170.43125
163.95
149.75625
145.7125
143.6625
150.41875
158.375
154.975
155.74375
153.1125
155.475
155.73125
150.6125
141.51875
131.875
130.43125
129.98125
133.01875
132.48125
131.85
134.3875
135.13125
133.24375
132.14375
125.9
127.7
136.83125
143.36875
154.0125
149.89375
138.05
123.8875
106.94375
102.0375
108.4375
115.075
126.5
137.15
142.875
156.84375
160.86875
160.1375
157.88125
143.3
138.6875
139.19375
137.51875
140.10625
139.7375
131.675
126.41875
129.7
135.21875
147.75
159.6125
162.90625
162.61875
160.0375
154.15
150.3
143.96875
132.58125
124.68125
111.8625
102.49375
102.2625
99.98125
109.00625
118.03125
119.86875
129.99375
130.8375
137.84375
152.1875
156.75625
166.725
167.28125
163.2875
161.65
154.7875
152.6625
145.9875
141.95625
142.18125
139.96875
140.4375
135.55625
129.03125
124.74375
128.74375
138.31875
145.63125
148.35
138.4875
129.5625
123.325
120.76875
124.375
125.49375
124.575
121.475
120.18125
116.6375
116.5125
121.0
121.875
123.30625
122.7375
120.00625
123.81875
131.975
143.45
152.9125
157.3
156.125
153.29375
154.4875
153.23125
152.7625
142.71875
129.68125
120.73125
115.2
119.41875
124.3125
129.73125
138.0875
147.1375
151.1125
152.94375
144.0625
132.19375
126.49375
118.125
117.53125
117.5875
114.78125
116.44375
116.3125
117.6625
124.84375
133.79375
146.0875
158.58125
166.69375
165.1375
160.5625
152.625
143.1625
142.45625
141.26875
142.3
148.0875
151.06875
151.6
151.59375
143.98125
135.225
132.0625
127.53125
128.4625
131.00625
129.2375
126.75625
121.6875
118.425
119.9625
126.49375
135.88125
144.4625
149.70625
150.55625
148.65625
149.15625
148.275
147.44375
144.65625
135.06875
126.2375
123.575
130.54375
142.175
150.40625
153.5625
150.4375
140.08125
138.19375
130.34375
122.475
127.2125
125.23125
137.6125
148.38125
147.775
148.59375
139.25625
130.15625
125.79375
122.56875
118.8
116.40625
118.43125
123.375
135.6875
148.65
154.20625
158.16875
154.15
155.99375
160.825
157.925
153.4625
135.325
117.36875
107.00625
106.26875
115.68125
127.71875
136.6375
142.425
145.54375
146.175
150.83125
152.01875
147.89375
143.45
137.39375
135.05625
140.05
140.30625
138.64375
133.225
129.59375
130.7
134.8375
142.48125
142.70625
147.66875
147.34375
142.35625
142.4875
137.88125
138.3375
140.1625
141.63125
143.1
143.425
151.525
154.8625
155.54375
154.8625
144.76875
139.45625
134.71875
131.11875
131.925
128.03125
130.6375
136.30625
141.15
151.46875
157.6875
162.025
166.36875
165.0
160.65625
151.53125
140.24375
132.40625
124.8875
122.31875
118.6625
119.075
120.18125
119.69375
126.85625
125.88125
132.85
137.5
138.8375
148.98125
148.425
149.9125
143.8125
132.30625
125.2
116.5625
114.0875
108.2125
105.25
105.525
105.54375
111.0625
110.75625
107.33125
104.41875
101.55625
106.00625
112.14375
119.45625
122.375
119.40625
114.79375
105.41875
101.86875
99.80625
109.88125
127.26875
138.575
151.5625
150.05625
147.225
149.9
147.4875
148.88125
149.04375
147.59375
150.44375
153.4875
150.55625
148.49375
143.2
134.9375
134.0125
130.00625
132.04375
140.01875
140.55
137.75625
127.80625
111.91875
105.34375
110.21875
121.35
135.825
143.325
142.3625
137.21875
131.50625
130.76875
128.94375
128.49375
124.725
115.36875
111.8375
108.4875
112.1625
118.575
122.6125
126.04375
129.0875
136.91875
142.19375
152.86875
153.78125
143.89375
139.33125
123.63125
118.275
123.8625
123.01875
130.14375
133.36875
125.21875
122.98125
123.29375
128.35
140.04375
150.7125
154.3125
148.3875
148.78125
147.4125
147.1125
150.34375
145.75
139.4125
135.71875
133.46875
129.8125
127.88125
126.54375
128.375
131.21875
132.59375
130.8875
125.18125
124.8875
124.35625
120.5
120.13125
118.0875
121.31875
133.06875
142.1625
148.88125
149.39375
146.475
143.21875
142.325
143.8125
147.68125
153.69375
156.59375
157.70625
157.63125
154.28125
146.86875
144.58125
132.71875
118.775
116.48125
116.9125
130.2625
150.7125
163.375
161.65625
156.80625
148.40625
143.31875
146.825
148.45625
150.0875
146.5875
143.0875
138.1875
128.29375
120.275
114.3375
109.26875
114.1875
121.96875
129.0375
136.83125
134.89375
134.6875
134.4
136.1
145.45
148.475
147.28125
140.03125
131.375
128.86875
127.4875
134.76875
139.0375
137.33125
135.53125
124.54375
113.95625
113.51875
119.6875
132.53125
142.775
137.2625
128.6375
113.95
107.78125
113.0125
113.8625
122.4
124.4
124.2375
129.31875
128.63125
133.21875
138.45
136.9
139.75
132.4125
120.85625
115.9625
115.24375
127.48125
144.29375
158.49375
161.0375
157.58125
155.19375
154.725
157.5625
156.95625
153.68125
148.225
142.99375
142.725
137.6375
136.3375
141.3875
140.89375
146.55
142.79375
131.36875
123.90625
112.2625
106.78125
105.3375
108.375
120.38125
132.3875
145.1125
150.44375
145.25625
144.4875
137.15625
136.5625
140.325
139.65
146.625
141.45625
139.21875
137.3375
129.63125
136.2875
135.275
133.5875
134.8125
125.08125
124.825
122.11875
123.48125
131.8375
135.1375
137.7125
138.35625
136.0125
134.30625
139.44375
136.2375
133.4375
129.65
121.1
120.36875
120.30625
121.58125
125.9
129.90625
131.61875
127.925
124.45625
119.6875
119.95625
131.125
137.00625
141.40625
139.725
125.71875
113.2625
105.25625
101.775
104.45625
115.3375
123.5875
133.35
143.1125
143.98125
144.5125
139.9875
135.4625
131.725
127.9875
124.80625
123.2375
129.6375
134.2125
143.15
153.6
153.3375
153.41875
152.3
143.31875
141.675
140.08125
134.9125
134.48125
128.94375
124.8375
118.1
112.79375
110.53125
108.26875
110.16875
113.94375
115.61875
122.03125
133.025
135.71875
141.26875
138.775
129.96875
129.325
129.025
136.7625
148.80625
154.5125
153.4
145.79375
134.38125
126.1375
129.30625
133.2875
140.58125
147.875
147.325
147.1875
143.29375
143.10625
144.34375
147.94375
155.06875
157.84375
159.95
157.575
148.95
142.5625
132.51875
125.13125
127.05625
124.41875
124.4625
126.49375
121.275
120.50625
124.7125
127.6
133.08125
135.78125
137.7875
138.80625
142.4375
151.9625
152.88125
149.7
140.91875
121.3375
112.5375
109.34375
110.61875
119.7125
123.99375
128.8125
130.85
129.6625
127.175
123.5
122.425
126.4125
130.0875
133.84375
135.19375
127.74375
124.81875
120.11875
121.15
132.2375
142.2375
153.39375
153.49375
150.675
139.39375
129.9375
128.525
120.73125
119.575
116.59375
114.7875
123.78125
136.10625
143.69375
144.09375
133.5125
119.6
111.85625
111.425
114.3375
117.25
117.3
114.4375
114.4375
114.4375
115.86875
116.46875
120.36875
129.04375
142.45625
159.0375
169.4625
170.7125
165.9375
160.6125
154.8875
149.85625
148.825
139.54375
127.275
124.0625
116.7125
120.48125
135.55625
143.2625
152.05625
155.24375
147.34375
144.1
143.0
137.5
138.20625
133.6375
122.4875
124.75
129.99375
142.60625
163.15625
170.9125
167.86875
160.09375
150.76875
149.14375
156.6375
159.58125
156.1375
145.325
131.6
123.725
122.10625
128.3375
134.56875
139.5
142.84375
141.36875
139.89375
140.24375
142.63125
145.91875
146.0375
142.50625
135.21875
129.7
130.51875
134.65
137.4375
138.925
137.24375
134.4125
139.74375
146.9
150.8875
154.2
149.8625
141.76875
139.90625
137.43125
135.53125
135.5625
134.125
133.6375
139.65
144.9375
148.63125
148.875
142.3625
134.49375
123.8375
118.7125
120.00625
121.48125
124.13125
125.425
116.21875
110.55625
111.24375
113.1375
127.9125
146.0375
156.11875
163.95
163.53125
157.45
161.8375
163.55625
164.45
163.55625
151.64375
144.7375
140.06875
140.3125
139.41875
134.66875
137.45625
136.63125
147.21875
162.76875
168.725
174.35625
168.8375
160.19375
149.625
143.84375
144.275
139.96875
142.95
137.63125
132.65625
138.58125
141.575
154.55625
165.7125
170.70625
173.875
170.225
161.58125
149.6875
141.44375
136.5125
138.6375
144.0125
145.63125
141.3625
137.9625
134.5625
134.88125
148.19375
162.43125
175.8375
187.28125
181.28125
167.425
153.75
140.23125
140.55625
143.2
149.48125
157.5875
159.4125
161.61875
158.03125
151.16875
150.7375
151.60625
153.66875
155.375
148.08125
142.0875
140.61875
136.1625
132.4375
126.30625
120.78125
124.05
131.74375
140.16875
139.83125
131.53125
123.75625
117.8375
120.7125
131.275
138.1875
143.61875
145.18125
144.68125
144.525
143.2625
137.64375
126.675
120.15625
114.55
113.875
118.59375
115.6875
114.275
116.05625
116.525
121.90625
121.175
119.75
117.75625
121.7125
132.38125
140.29375
152.99375
154.7125
154.53125
149.575
135.43125
129.36875
124.7375
127.86875
138.71875
144.4375
150.20625
150.18125
150.8875
156.66875
160.8625
169.1625
166.625
157.48125
150.375
140.8625
134.81875
134.0625
131.05625
130.15625
141.1
148.825
155.3625
159.525
150.73125
145.9375
144.1375
145.73125
151.575
148.54375
139.625
125.2375
112.70625
109.25
113.10625
121.84375
128.99375
131.93125
131.95625
132.03125
131.01875
131.125
132.3875
135.41875
140.1125
143.55625
141.775
132.3875
118.55
109.05625
103.375
100.24375
107.39375
113.11875
122.26875
137.9625
145.86875
149.5
148.6625
144.5125
145.14375
153.15625
167.0625
179.5875
182.6125
179.575
167.81875
151.24375
143.7875
139.225
141.10625
149.78125
150.73125
144.09375
132.16875
119.175
119.1
131.61875
151.8375
164.80625
166.26875
152.96875
128.775
114.8625
106.1375
107.64375
121.475
131.325
134.79375
142.79375
141.38125
137.63125
144.6375
140.39375
138.1
140.48125
134.9375
138.7625
146.86875
151.9875
155.65625
154.775
151.05625
151.29375
157.625
162.53125
163.9875
157.14375
148.0875
141.88125
142.2875
152.5375
162.11875
165.91875
166.4125
166.4125
166.4125
166.4125
