0.156875
0.156875
0.156875
0.156875
-0.03625
-0.065
-0.2075
-0.2225
-0.22875
-0.405
-0.5
-0.6075
-0.695
-0.6975
-0.71
-0.64875
-0.46
-0.259375
-0.034375
0.0925
-0.029375
-0.03375
0.066875
0.19875
0.433125
0.374375
0.05125
-0.22375
-0.4675
-0.5375
-0.39375
-0.34625
-0.178125
-0.0075
-0.005625
0.06125
-0.143125
-0.36
-0.486875
-0.63625
-0.50125
-0.253125
0.00625
0.281875
0.355
0.21375
0.0425
-0.13375
-0.36125
-0.450625
-0.42375
-0.409375
-0.27
-0.21
-0.32625
-0.4175
-0.54375
-0.500625
-0.251875
0.033125
0.353125
0.425
0.231875
-0.03875
-0.236875
-0.196875
0.035
0.404375
0.74
0.915
1.12875
1.116875
0.91375
0.689375
0.35875
0.145
0.20125
0.318125
0.31625
0.35125
0.195
0.03375
0.005
-0.03
0.035
0.080625
0.140625
0.073125
-0.189375
-0.385
-0.463125
-0.29375
0.069375
0.36125
0.4
0.1325
-0.181875
-0.43625
-0.504375
-0.37875
-0.24875
-0.155
-0.07
0.1025
0.388125
0.695
0.810625
0.67125
0.2675
-0.150625
-0.29875
-0.329375
-0.19125
0.0675
0.0275
0.01125
-0.008125
-0.26375
-0.338125
-0.43625
-0.575625
-0.596875
-0.545625
-0.473125
-0.36125
-0.13125
0.065
0.2425
0.54125
0.589375
0.4275
0.354375
0.025
-0.146875
-0.01125
-0.025
0.065
0.11625
-0.1075
-0.26125
-0.374375
-0.33875
-0.201875
-0.0625
0.045625
-0.145
-0.30625
-0.47
-0.6125
-0.57375
-0.541875
-0.5125
-0.506875
-0.504375
-0.53375
-0.5925
-0.62375
-0.663125
-0.606875
-0.3675
-0.14375
0.040625
0.189375
0.078125
0.084375
0.153125
0.12375
0.231875
0.174375
0.160625
0.2025
0.144375
0.06125
-0.185
-0.291875
-0.16375
0.013125
0.294375
0.340625
0.076875
-0.15
-0.39125
-0.5625
-0.44125
-0.323125
-0.073125
0.24125
0.245625
0.20875
-0.089375
-0.40375
-0.5225
-0.501875
-0.3575
-0.24375
-0.03
-0.01375
-0.020625
-0.025
-0.3075
-0.48875
-0.539375
-0.42625
-0.161875
0.13375
0.248125
0.096875
0.07375
-0.025
-0.0325
0.21125
0.204375
0.21
0.191875
-0.079375
-0.115625
-0.14375
-0.16
-0.02625
-0.058125
0.019375
0.096875
0.074375
-0.0075
-0.270625
-0.40625
-0.363125
-0.2025
0.056875
0.070625
-0.113125
-0.299375
-0.5
-0.614375
-0.6275
-0.623125
-0.61875
-0.41875
-0.226875
0.06125
0.419375
0.4725
0.508125
0.40875
0.1475
0.0225
0.058125
-0.02
0.00625
0.09125
-0.11125
-0.10125
-0.08375
-0.16875
0.020625
0.08875
0.116875
0.18125
-0.01125
-0.22875
-0.29875
-0.295
-0.16125
0.055625
0.0375
-0.075
-0.2
-0.2275
-0.0825
0.22125
0.504375
0.55125
0.576875
0.341875
0.12875
0.148125
-0.0275
-0.074375
-0.09875
-0.28125
-0.278125
-0.28125
-0.16375
-0.079375
-0.04625
0.02125
-0.2
-0.3775
-0.52125
-0.6475
-0.59625
-0.470625
-0.28875
-0.195
-0.125625
-0.106875
-0.105
-0.066875
-0.065625
0.060625
0.038125
0.12
0.23625
0.101875
-0.01125
-0.246875
-0.33125
-0.299375
-0.164375
-0.0475
-0.19875
-0.29
-0.4025
-0.325
-0.13625
-0.01
-0.01
-0.01
-0.01
