-0.603125
-0.603125
-0.603125
-0.603125
-0.43125
-0.353125
-0.39375
-0.415625
-0.515625
-0.490625
-0.41875
-0.30625
-0.225
-0.240625
-0.225
-0.275
-0.26875
-0.284375
-0.30625
-0.328125
-0.36875
-0.284375
-0.2
-0.1625
-0.128125
-0.2375
-0.403125
-0.3875
-0.390625
-0.296875
-0.140625
-0.240625
-0.378125
-0.421875
-0.45
-0.3375
-0.10625
-0.125
-0.146875
-0.065625
-0.05
0.090625
0.128125
-0.0125
-0.2375
-0.44375
-0.571875
-0.578125
-0.353125
-0.134375
0.059375
0.134375
0.059375
0.0375
0.059375
0.203125
0.2125
0.090625
0.003125
-0.2875
-0.303125
-0.234375
-0.265625
-0.078125
-0.153125
-0.1875
-0.225
-0.39375
-0.45
-0.63125
-0.625
-0.596875
-0.45625
-0.16875
-0.15625
-0.08125
-0.20625
-0.34375
-0.33125
-0.234375
0.009375
0.071875
0.109375
-0.096875
-0.31875
-0.440625
-0.56875
-0.44375
-0.353125
-0.20625
0.046875
0.109375
0.178125
0.21875
0.071875
-0.075
-0.290625
-0.525
-0.665625
-0.66875
-0.625
-0.53125
-0.44375
-0.425
-0.375
-0.4375
-0.35625
-0.29375
-0.171875
0.15625
0.215625
0.2625
0.159375
-0.140625
-0.321875
-0.446875
-0.4125
-0.346875
-0.25
-0.221875
-0.284375
-0.225
-0.15
0.01875
0.190625
0.146875
0.1625
0.125
0.053125
0.1125
-0.06875
-0.315625
-0.46875
-0.640625
-0.58125
-0.328125
-0.125
0.096875
0.16875
0.071875
-0.03125
-0.08125
-0.053125
-0.0125
-0.040625
-0.20625
-0.3375
-0.5
-0.603125
-0.484375
-0.490625
-0.4375
-0.2875
-0.41875
-0.3875
-0.35
-0.375
-0.215625
-0.225
-0.265625
-0.428125
-0.678125
-0.8125
-0.840625
-0.703125
-0.459375
-0.278125
-0.240625
-0.25625
-0.328125
-0.284375
-0.178125
-0.0875
-0.09375
-0.09375
-0.09375
-0.09375
