0.936875
0.936875
0.936875
0.936875
0.895625
0.825
0.73
0.620625
0.56375
0.564375
0.636875
0.738125
0.8675
1.00875
1.059375
1.13375
1.133125
1.134375
1.178125
1.145625
1.1375
1.01125
0.87625
0.83
0.8175
0.96125
1.109375
1.15625
1.164375
1.020625
0.9275
0.935625
0.9825
1.09875
1.118125
1.021875
0.939375
0.93125
0.985625
1.1575
1.258125
1.21875
1.180625
1.051875
1.011875
1.041875
1.01625
1.02875
0.945
0.911875
0.955
1.03625
1.158125
1.216875
1.185
1.076875
0.9475
0.813125
0.745625
0.766875
0.87875
0.9875
1.12
1.15125
1.08
1.08
1.00375
0.978125
0.990625
0.901875
0.85125
0.800625
0.75
0.75
0.75
0.75
0.800625
0.85125
0.901875
0.9525
0.9225
0.896875
0.87125
0.83125
0.800625
0.76125
0.721875
0.761875
0.843125
0.933125
1.10125
1.15375
1.165
1.1675
1.064375
1.011875
0.98
0.938125
0.873125
0.808125
0.78125
0.83375
0.9875
1.179375
1.295
1.280625
1.165
1.05125
0.975625
1.03
1.120625
1.13125
1.14625
1.09625
1.079375
1.115
1.14625
1.165
1.14625
1.064375
0.96375
0.875625
0.820625
0.81625
0.915
1.01375
1.17625
1.343125
1.37625
1.356875
1.219375
1.05875
0.929375
0.87125
0.819375
0.800625
0.7975
0.77125
0.8125
0.839375
0.854375
0.87375
0.815625
0.7575
0.730625
0.781875
0.92125
1.09875
1.261875
1.346875
1.426875
1.46875
1.4975
1.49875
1.3875
1.210625
1.088125
0.98125
0.9475
1.045625
1.14
1.18
1.196875
1.08125
0.925625
0.9025
0.959375
1.11
1.233125
1.255625
1.1825
1.16
1.10875
1.0925
1.109375
1.008125
0.954375
0.895
0.925
0.961875
0.994375
1.034375
0.990625
1.025625
1.179375
1.31
1.3625
1.356875
1.188125
1.031875
0.939375
0.795
0.694375
0.61375
0.600625
0.6725
0.75375
0.81125
0.776875
0.7275
0.6825
0.745625
0.8475
0.981875
1.164375
1.16625
1.141875
1.04125
0.815625
0.68875
0.61875
0.586875
0.69625
0.79125
0.836875
0.933125
0.9775
1.01625
1.12625
1.120625
1.0375
0.965625
0.88125
0.926875
1.051875
1.156875
1.21375
1.155
1.0675
1.00875
0.92625
0.9325
1.00625
1.070625
1.206875
1.266875
1.273125
1.269375
1.133125
1.035
0.885
0.74
0.70625
0.723125
0.8575
0.991875
1.103125
1.113125
1.0775
1.04625
1.019375
1.043125
0.981875
0.981875
1.02
1.04375
1.179375
1.23
1.204375
1.245625
1.19
1.08875
1.025625
0.8575
0.790625
0.85375
0.916875
1.046875
1.06125
0.96
0.85875
0.7375
0.695625
0.709375
0.77375
0.9
1.011875
1.099375
1.07125
1.014375
0.96
1.009375
1.21625
1.321875
1.4225
1.354375
1.115625
0.931875
0.750625
0.670625
0.67125
0.755625
0.8125
0.835625
0.839375
0.731875
0.681875
0.701875
0.7575
0.86
0.9325
0.886875
0.790625
0.69125
0.594375
0.56125
0.5875
0.691875
0.774375
0.859375
0.919375
0.82
0.726875
0.63125
0.533125
0.52875
0.5675
0.616875
0.66625
0.683125
0.67
0.6475
0.625
0.645625
0.66625
0.709375
0.7525
0.754375
0.75625
0.735625
0.698125
0.699375
0.700625
0.691875
0.716875
0.728125
0.739375
0.748125
0.74
0.7275
0.698125
0.701875
0.705625
0.686875
0.701875
0.675625
0.649375
0.668125
0.653125
0.679375
0.705625
0.783125
0.894375
0.985
1.15125
1.24375
1.3025
1.36125
1.286875
1.1725
1.1675
1.16
1.228125
1.3025
1.200625
1.14
1.026875
0.99375
1.0225
1.018125
1.029375
0.948125
0.960625
0.895625
0.870625
0.894375
0.78375
0.823125
0.836875
0.84375
0.93375
0.915625
0.899375
0.85875
0.845625
0.8625
0.951875
1.081875
1.1175
1.105
0.99125
0.91875
0.860625
0.878125
0.888125
0.845
0.899375
0.92875
1.075
1.155
1.13125
1.14125
0.980625
0.964375
0.990625
0.944375
0.990625
0.946875
0.894375
0.92625
0.9775
0.975625
0.99875
0.9675
0.885625
0.93375
0.96125
1.02875
1.160625
1.19375
1.20875
1.09375
1.016875
0.950625
0.904375
1.023125
0.974375
0.96125
0.915625
0.7575
0.71375
0.733125
0.86
0.99625
1.1
1.04375
0.8325
0.683125
0.535
0.490625
0.6025
0.7075
0.8575
0.983125
0.974375
1.0025
1.00125
1.055625
1.17875
1.16625
1.14875
1.015625
0.8675
0.804375
0.72125
0.69
0.7075
0.731875
0.801875
0.906875
0.919375
0.941875
0.93625
0.965
1.035625
1.02
0.981875
0.8225
0.6675
0.575
0.588125
0.683125
0.750625
0.84125
0.841875
0.823125
0.864375
0.863125
0.835
0.811875
0.801875
0.90375
1.03875
1.2075
1.330625
1.36125
1.408125
1.386875
1.309375
1.15875
0.986875
0.8125
0.681875
0.619375
0.58
0.6025
0.725625
0.85875
0.9775
1.07375
1.014375
0.949375
0.866875
0.77875
0.80625
0.8025
0.8375
0.854375
0.745
0.680625
0.57375
0.494375
0.493125
0.47875
0.51
0.61625
0.800625
1.069375
1.305625
1.418125
1.401875
1.30125
1.21875
1.1825
1.24125
1.224375
1.196875
1.169375
1.09125
1.099375
1.18
1.17625
1.19125
1.195
1.136875
1.22875
1.295625
1.35875
1.338125
1.221875
1.0825
0.98625
0.963125
0.925
0.99
0.98
0.993125
1.068125
1.008125
0.9675
0.8675
0.72125
0.678125
0.67125
0.715625
0.80625
0.825625
0.85875
0.963125
1.025
1.12
1.14875
1.09375
1.054375
1.055625
1.163125
1.270625
1.450625
1.593125
1.623125
1.560625
1.35125
1.180625
1.013125
0.9575
1.051875
1.079375
1.12625
1.186875
1.13375
1.061875
1.003125
0.875625
0.769375
0.743125
0.789375
0.873125
0.998125
1.05625
1.015625
0.963125
0.8875
0.84
0.8525
0.95875
1.049375
1.139375
1.199375
1.0975
1.036875
0.969375
0.85375
0.810625
0.72125
0.6625
0.621875
0.5975
0.59625
0.576875
0.5875
0.564375
0.54125
0.5
0.480625
0.475
0.46
0.48625
0.478125
0.506875
0.566875
0.580625
0.695
0.78625
0.899375
1.039375
1.059375
1.075625
1.0125
0.964375
0.904375
0.889375
0.88
0.833125
0.83
0.76875
0.771875
0.8025
0.916875
0.979375
0.973125
1.014375
0.89625
0.863125
0.87375
0.828125
0.8375
0.83625
0.84625
0.805625
0.854375
0.893125
0.913125
0.978125
0.92875
0.925625
0.910625
0.91125
0.9525
0.9475
1.028125
1.094375
1.168125
1.241875
1.208125
1.173125
1.133125
1.093125
1.04125
1.07875
1.100625
1.05375
1.05625
0.89125
0.744375
0.66625
0.5825
0.5825
0.5825
0.65125
0.701875
0.7525
0.825625
0.76125
0.7275
0.68125
0.59
0.558125
0.50125
0.4475
0.406875
0.375625
0.3775
0.410625
0.485
0.56875
0.601875
0.59125
0.53875
0.476875
0.454375
0.463125
0.469375
0.49625
0.52625
0.5675
0.639375
0.67
0.675625
0.728125
0.744375
0.801875
0.89
0.843125
0.835
0.785625
0.720625
0.723125
0.723125
0.831875
0.98625
1.12375
1.195
1.09
0.871875
0.685
0.64375
0.77875
1.07125
1.354375
1.455625
1.3725
1.12125
0.86
0.6975
0.651875
0.68375
0.725625
0.7475
0.793125
0.805
0.85125
0.913125
0.961875
1.076875
1.1125
1.184375
1.159375
1.17125
1.269375
1.32125
1.406875
1.36375
1.22625
1.08875
0.9925
0.905625
0.838125
0.714375
0.58125
0.52875
0.535625
0.643125
0.750625
0.89875
1.01625
1.10125
1.243125
1.23375
1.201875
1.158125
1.0575
1.00875
0.9825
0.9125
0.854375
0.84875
0.86375
0.888125
0.88875
0.868125
0.9025
1.00125
1.143125
1.295625
1.28875
1.25375
1.168125
1.096875
1.119375
1.18625
1.2075
1.13
1.0325
0.82
0.659375
0.58
0.510625
0.51
0.544375
0.544375
0.544375
0.556875
0.5575
0.601875
0.64625
0.65625
0.63375
0.5975
0.56125
0.546875
0.5675
0.571875
0.56375
0.565
0.561875
0.545
0.53125
0.508125
0.5125
0.53875
0.58375
0.6325
0.601875
0.584375
0.57
0.56875
0.619375
0.665625
0.709375
0.73875
0.73
0.690625
0.63125
0.536875
0.494375
0.495625
0.494375
0.525625
0.543125
0.516875
0.503125
0.519375
0.519375
0.563125
0.606875
0.590625
0.5825
0.560625
0.55125
0.571875
0.570625
0.563125
0.543125
0.523125
0.525
0.493125
0.44875
0.47
0.500625
0.5725
0.6475
0.5925
0.52
0.45625
0.401875
0.42
0.493125
0.520625
0.56125
0.61875
0.590625
0.6175
0.6275
0.5875
0.604375
0.575625
0.54125
0.531875
0.48625
0.449375
0.421875
0.415
0.416875
0.4375
0.4675
0.45625
0.48875
0.568125
0.650625
0.774375
0.829375
0.7625
0.683125
0.583125
0.5175
0.615
0.691875
0.76875
0.89375
0.895625
0.93875
0.96125
0.9175
0.840625
0.753125
0.69875
0.6325
0.63375
0.6025
0.55875
0.554375
0.54125
0.606875
0.678125
0.765
0.9275
1.03375
1.204375
1.316875
1.28625
1.19
1.004375
0.92875
0.925
1.014375
1.11125
1.15875
1.215625
1.28375
1.2975
1.205625
1.08375
0.889375
0.833125
0.86
0.919375
1.058125
1.13125
1.17625
1.17875
1.0575
0.93
0.825625
0.735
0.82
0.905
1.02875
1.22125
1.296875
1.326875
1.348125
1.28
1.23125
1.2275
1.145625
1.091875
0.9875
0.9575
0.9675
0.976875
1.0875
1.096875
1.09375
1.09625
1.075625
1.11
1.241875
1.381875
1.398125
1.313125
1.145
1.005
1.0
1.066875
1.09
1.08875
1.06625
1.015625
1.05875
1.04375
0.9675
0.92125
0.775
0.6525
0.553125
0.48625
0.475625
0.4875
0.550625
0.558125
0.588125
0.686875
0.750625
0.8375
0.87
0.79
0.765
0.763125
0.794375
0.865
0.885
0.9275
1.045625
1.15125
1.244375
1.226875
1.12
1.1225
1.09375
1.144375
1.15125
0.991875
0.87625
0.71875
0.71375
0.76
0.79375
0.85625
0.8225
0.834375
0.9275
1.115625
1.30375
1.484375
1.519375
1.393125
1.18875
0.955
0.9025
0.8825
1.01875
1.166875
1.136875
1.2175
1.1925
1.164375
1.2
1.1575
1.07375
0.989375
0.925
0.791875
0.74
0.7775
0.803125
0.915625
1.003125
1.006875
0.991875
0.95875
0.950625
0.915
0.918125
0.971875
1.069375
1.125625
1.145625
1.05875
0.903125
0.806875
0.72875
0.685
0.5975
0.54125
0.54125
0.660625
0.905
1.106875
1.265
1.2375
1.064375
0.9425
0.73125
0.620625
0.6175
0.63
0.75
0.868125
0.933125
0.951875
0.938125
0.890625
0.961875
0.976875
0.985625
1.008125
0.906875
0.871875
0.850625
0.916875
0.96
0.970625
0.949375
0.85
0.795625
0.851875
0.965
1.009375
1.03875
0.916875
0.73375
0.688125
0.689375
0.785625
0.920625
0.91
0.873125
0.7725
0.655625
0.63625
0.655
0.76875
0.919375
1.02875
1.1125
1.0675
1.029375
1.11625
1.146875
1.21125
1.18375
1.04375
0.945625
0.945
1.096875
1.2375
1.369375
1.391875
1.2125
0.975625
0.833125
0.734375
0.7425
0.835625
0.739375
0.643125
0.544375
0.455625
0.494375
0.543125
0.615
0.650625
0.64375
0.6275
0.595
0.603125
0.73625
0.73625
0.73625
0.73625
