0.2656875
0.2656875
0.2656875
0.2656875
0.26275
0.273875
0.29775
0.3255625
0.325375
0.3241875
0.337625
0.3370625
0.330125
0.3415625
0.325625
0.3245
0.337125
0.3195
0.30575
0.292375
0.2925625
0.3108125
0.3573125
0.3746875
0.3599375
0.3356875
0.2794375
0.2488125
0.259625
0.272375
0.297875
0.32025
0.3130625
0.314875
0.3245625
0.342875
0.3704375
0.37325
0.3613125
0.3321875
0.2979375
0.3041875
0.329
0.3538125
0.382625
0.3885625
0.372125
0.352875
0.3145625
0.272125
0.241375
0.23875
0.266125
0.278875
0.296125
0.30225
0.2861875
0.299375
0.3094375
0.2884375
0.2835625
0.2626875
0.2399375
0.2436875
0.23225
0.2336875
0.241375
0.2635
0.306875
0.3355
0.365375
0.3645
0.3575
0.352875
0.325125
0.310125
0.289
0.291625
0.318
0.341125
0.3639375
0.35425
0.3266875
0.3141875
0.301875
0.3169375
0.3354375
0.3440625
0.334125
0.2969375
0.272375
0.234
0.21875
0.22775
0.2391875
0.268625
0.2978125
0.30575
0.3049375
0.3043125
0.3
0.3274375
0.356
0.3888125
0.422
0.4255625
0.421625
0.392125
0.369875
0.35725
0.3548125
0.368
0.3770625
0.3708125
0.3550625
0.345
0.3235625
0.3305
0.35875
0.374
0.3970625
0.3871875
0.3511875
0.332375
0.3155625
0.328
0.3614375
0.389125
0.4005
0.390875
0.3608125
0.3083125
0.2821875
0.271125
0.2724375
0.306125
0.3150625
0.3310625
0.34475
0.33125
0.34725
0.3354375
0.3235
0.3378125
0.3280625
0.34
0.3508125
0.339375
0.334625
0.3350625
0.324
0.3175625
0.3163125
0.29275
0.2856875
0.29575
0.302125
0.3384375
0.388125
0.410125
0.40775
0.3818125
0.330125
0.3138125
0.338
0.3548125
0.388625
0.38875
0.366
0.35975
0.337625
0.338125
0.349
0.37
0.39725
0.4010625
0.397875
0.3734375
0.341375
0.3244375
0.312375
0.3106875
0.3265
0.34825
0.35725
0.3705
0.375
0.375875
0.388125
0.3714375
0.342125
0.2985
0.25225
0.2285
0.22475
0.24625
0.26475
0.2944375
0.32
0.325
0.344125
0.351125
0.34475
0.3369375
0.32625
0.3165625
0.329125
0.3504375
0.360375
0.3561875
0.340875
0.342
0.34725
0.365125
0.381
0.38275
0.374625
0.370875
0.376625
0.361875
0.353625
0.35125
0.32475
0.3155
0.309625
0.3015
0.309
0.326375
0.34875
0.3536875
0.353625
0.3304375
0.314625
0.3113125
0.330375
0.3676875
0.382125
0.390875
0.376875
0.366
0.371875
0.374125
0.37375
0.36525
0.3505
0.3498125
0.37375
0.3976875
0.4135
0.424375
0.404875
0.389625
0.3895
0.3739375
0.3623125
0.3421875
0.300125
0.29175
0.309375
0.3171875
0.354875
0.3581875
0.3360625
0.3289375
0.31225
0.3074375
0.32525
0.3528125
0.370875
0.3989375
0.408375
0.3964375
0.3885
0.3593125
0.336375
0.337375
0.3224375
0.324
0.3114375
0.2825
0.2931875
0.31775
0.3594375
0.394125
0.384125
0.34825
0.31125
0.2945
0.298875
0.299375
0.303375
0.292125
0.302
0.338125
0.3653125
0.41325
0.4326875
0.4241875
0.4281875
0.4080625
0.3953125
0.4109375
0.3950625
0.3750625
0.3549375
0.328
0.3304375
0.363375
0.394
0.401625
0.4078125
0.399375
0.3946875
0.412625
0.4104375
0.3814375
0.3425
0.2840625
0.24675
0.2491875
0.251375
0.2798125
0.298
0.28625
0.302125
0.3040625
0.318
0.3563125
0.362125
0.3590625
0.337125
0.2984375
0.294625
0.300875
0.320375
0.352125
0.35225
0.351375
0.344125
0.333875
0.344625
0.363625
0.384875
0.38925
0.3675
0.3373125
0.3014375
0.2899375
0.3023125
0.300875
0.3293125
0.3365
0.3354375
0.3533125
0.332
0.3218125
0.31575
0.310875
0.3273125
0.355375
0.372625
0.3805
0.384
0.35775
0.344875
0.333375
0.3080625
0.310875
0.29975
0.306125
0.341375
0.374375
0.417625
0.43675
0.428625
0.405875
0.3615
0.32675
0.2949375
0.2733125
0.2865
0.284375
0.3061875
0.320375
0.3126875
0.324125
0.3185
0.3229375
0.3454375
0.376375
0.39975
0.417
0.41775
0.3868125
0.374375
0.3430625
0.306
0.3001875
0.27075
0.2788125
0.298375
0.305
0.339125
0.3545
0.375375
0.3975
0.3896875
0.368125
0.326375
0.2808125
0.259375
0.2516875
0.2570625
0.2664375
0.276
0.283125
0.3043125
0.3251875
0.3421875
0.3695625
0.385625
0.3906875
0.38425
0.36825
0.333625
0.31875
0.301
0.302125
0.33975
0.3673125
0.41825
0.4308125
0.3991875
0.3720625
0.3218125
0.2981875
0.3060625
0.29625
0.3049375
0.3001875
0.29575
0.3139375
0.3085625
0.3241875
0.315375
0.2890625
0.29275
0.2863125
0.302375
0.3349375
0.3609375
0.384
0.41325
0.441625
0.44425
0.4283125
0.3830625
0.3043125
0.2525625
0.224875
0.225625
0.271125
0.307
0.3505
0.382375
0.3931875
0.4065
0.4066875
0.3995625
0.3836875
0.3526875
0.3135625
0.2885
0.274625
0.283125
0.306875
0.325875
0.35225
0.365625
0.371875
0.364
0.352
0.339875
0.319625
0.3165
0.320625
0.320625
0.3218125
0.32625
0.3201875
0.33525
0.35725
0.361125
0.3565
0.338
0.3345625
0.34975
0.3733125
0.397125
0.3928125
0.371625
0.3516875
0.3315
0.3385625
0.35375
0.3720625
0.38425
0.382125
0.38925
0.388
0.393
0.402375
0.405125
0.402125
0.39725
0.382875
0.354
0.349
0.34425
0.336
0.35625
0.350125
0.362875
0.3805
0.3579375
0.33725
0.27575
0.2293125
0.222625
0.2319375
0.2668125
0.2918125
0.3004375
0.316625
0.345
0.3721875
0.396625
0.4123125
0.4211875
0.4384375
0.46175
0.463375
0.449125
0.426375
0.38725
0.378625
0.360875
0.332625
0.32775
0.314
0.322875
0.331625
0.3191875
0.285125
0.25725
0.2405
0.23575
0.261625
0.2763125
0.293875
0.323625
0.34
0.3558125
0.3639375
0.3664375
0.369
0.374
0.3975
0.406125
0.411875
0.416875
0.4075625
0.40975
0.408125
0.412875
0.4176875
0.401
0.4009375
0.386
0.3701875
0.37125
0.3698125
0.3731875
0.38275
0.4106875
0.405125
0.402125
0.388625
0.352
0.3465
0.3248125
0.29625
0.2740625
0.247375
0.241875
0.265875
0.296125
0.32925
0.371125
0.398875
0.3976875
0.4004375
0.3894375
0.3614375
0.3504375
0.3214375
0.2911875
0.2728125
0.264
0.265375
0.268
0.284875
0.29725
0.310625
0.317
0.288125
0.2558125
0.223
0.2023125
0.220125
0.2438125
0.2715
0.2834375
0.264125
0.241375
0.2213125
0.212375
0.23525
0.27225
0.304
0.348375
0.38325
0.390875
0.3981875
0.386125
0.35
0.333
0.32225
0.323
0.36175
0.395
0.3993125
0.3995
0.3716875
0.333375
0.3215625
0.299375
0.2708125
0.2715
0.273375
0.297875
0.340625
0.36875
0.3913125
0.39325
0.3906875
0.379875
0.3646875
0.3456875
0.3433125
0.3318125
0.31675
0.3310625
0.32875
0.3446875
0.368
0.36775
0.359
0.33475
0.311
0.293625
0.276625
0.2863125
0.312875
0.3381875
0.37975
0.4065625
0.416
0.4255625
0.4139375
0.398875
0.3795
0.367625
0.36925
0.369625
0.381875
0.3650625
0.3483125
0.3348125
0.2965
0.29375
0.297375
0.307375
0.33125
0.3275625
0.323375
0.2940625
0.280125
0.283625
0.284875
0.310375
0.3225625
0.327
0.3230625
0.331
0.3469375
0.379375
0.4098125
0.4105
0.387125
0.3385
0.29325
0.2675
0.26925
0.2811875
0.312625
0.3349375
0.3365
0.3425
0.314625
0.2945
0.297625
0.3129375
0.3595
0.3975625
0.4215625
0.43125
0.42025
0.412
0.406625
0.39325
0.375375
0.3565
0.3446875
0.353375
0.3844375
0.4165
0.4315625
0.429
0.4219375
0.420125
0.4353125
0.45675
0.458125
0.45425
0.438625
0.41225
0.415875
0.41525
0.417875
0.439
0.4435
0.4565
0.451625
0.438
0.421125
0.4
0.414625
0.43775
0.459875
0.482
0.479
0.446375
0.4155625
0.37075
0.3361875
0.336375
0.339
0.3629375
0.384
0.3989375
0.40225
0.4049375
0.411625
0.4023125
0.4176875
0.412375
0.4061875
0.39975
0.3855
0.385875
0.361875
0.34825
0.312
0.2745
0.262625
0.248125
0.271625
0.3055
0.343
0.390625
0.417625
0.433875
0.442
0.43125
0.413125
0.396
0.376875
0.363625
0.356625
0.349625
0.3345
0.335875
0.33125
0.3145
0.3285
0.31775
0.309125
0.33325
0.32825
0.356
0.395625
0.398
0.39675
0.3513125
0.297125
0.252625
0.21975
0.2265
0.229625
0.247625
0.2735
0.2823125
0.3145
0.340625
0.369875
0.3825
0.3589375
0.326125
0.2775625
0.251625
0.2570625
0.2810625
0.2976875
0.3093125
0.308875
0.2934375
0.296125
0.2993125
0.2874375
0.284625
0.2844375
0.28775
0.3060625
0.3065
0.2801875
0.258
0.247
0.248625
0.2845
0.3175
0.343625
0.382375
0.4075
0.420125
0.42225
0.41275
0.388625
0.3723125
0.343625
0.299875
0.281375
0.251125
0.2570625
0.2775
0.2800625
0.2943125
0.2809375
0.262125
0.2538125
0.2445
0.24525
0.259875
0.251625
0.25125
0.24825
0.2300625
0.2340625
0.2396875
0.2435625
0.2698125
0.2958125
0.2958125
0.2958125
0.2958125
