-0.86875
-0.86875
-0.86875
-0.86875
-0.97875
-1.284375
-1.42
-1.201875
-1.111875
-0.74125
-0.45125
-0.34875
-0.23125
-0.229375
-0.33125
-0.4925
-0.68375
-0.809375
-0.79375
-0.774375
-0.734375
-0.72625
-0.749375
-0.585625
-0.440625
-0.325
-0.2775
-0.350625
-0.3975
-0.43875
-0.38625
-0.390625
-0.458125
-0.525625
-0.69625
-0.748125
-0.705625
-0.8325
-0.846875
-0.849375
-0.89625
-0.64875
-0.47875
-0.42375
-0.496875
-0.671875
-0.84875
-0.941875
-0.906875
-0.920625
-0.91125
-1.01125
-1.11125
-1.13875
-1.129375
-1.00875
-0.82375
-0.81375
-0.88
-0.924375
-0.976875
-0.773125
-0.541875
-0.53875
-0.57875
-0.74125
-0.96125
-0.90625
-0.87
-0.86
-0.646875
-0.57125
-0.51125
-0.436875
-0.565625
-0.566875
-0.5725
-0.606875
-0.529375
-0.62125
-0.661875
-0.780625
-0.941875
-0.976875
-1.0725
-0.9325
-0.75625
-0.675
-0.52375
-0.469375
-0.46625
-0.356875
-0.3175
-0.34625
-0.41625
-0.596875
-0.68625
-0.6875
-0.570625
-0.488125
-0.520625
-0.654375
-0.98375
-1.16
-1.21875
-1.155625
-0.838125
-0.583125
-0.401875
-0.2975
-0.38
-0.594375
-0.8
-1.105
-1.33375
-1.315
-1.3425
-1.153125
-0.956875
-0.936875
-0.790625
-0.73
-0.624375
-0.41625
-0.32625
-0.385625
-0.521875
-0.709375
-0.808125
-0.709375
-0.603125
-0.51625
-0.495
-0.543125
-0.635
-0.638125
-0.593125
-0.489375
-0.296875
-0.275
-0.28
-0.32875
-0.440625
-0.376875
-0.414375
-0.538125
-0.58375
-0.676875
-0.7425
-0.736875
-0.774375
-0.900625
-0.8575
-0.85375
-1.0025
-1.0775
-1.238125
-1.281875
-1.0725
-0.8775
-0.756875
-0.695625
-0.72625
-0.725625
-0.58875
-0.464375
-0.5275
-0.58625
-0.668125
-0.808125
-0.609375
-0.48
-0.448125
-0.324375
-0.355
-0.328125
-0.324375
-0.399375
-0.6325
-0.88125
-1.058125
-1.276875
-1.280625
-1.351875
-1.423125
-1.413125
-1.588125
-1.70375
-1.819375
-1.85375
-1.6525
-1.436875
-1.14
-0.924375
-0.83125
-0.75
-0.75
-0.75
-0.75
-0.766875
-0.78375
-0.8175
-0.85125
-0.85125
-0.85125
-0.834375
-0.8175
-0.86625
-0.915
-0.946875
-0.97875
-0.93
-0.88125
-0.849375
-0.834375
-0.834375
-0.84375
-0.853125
-0.8
-0.76125
-0.713125
-0.674375
-0.79125
-0.913125
-1.106875
-1.363125
-1.550625
-1.816875
-2.01125
-2.13375
-2.104375
-2.035
-1.965625
-1.841875
-1.816875
-1.750625
-1.684375
-1.6575
-1.72375
-1.74875
-1.701875
-1.739375
-1.695625
-1.693125
-1.875625
-1.98875
-2.101875
-2.13375
-2.01125
-1.88875
-1.685
-1.53375
-1.3425
-1.07
-0.888125
-0.76375
-0.73
-0.74875
-0.758125
-0.765625
-0.715
-0.73125
-0.709375
-0.6825
-0.696875
-0.7125
-0.795
-0.804375
-0.815625
-0.86125
-0.83125
-0.864375
-0.965
-0.8075
-0.696875
-0.518125
-0.20625
-0.09375
-0.0375
-0.11125
-0.440625
-0.755
-0.964375
-1.04125
-0.93375
-0.954375
-1.063125
-1.215625
-1.19875
-1.05375
-0.840625
-0.70625
-0.7975
-0.88875
-1.046875
-1.246875
-1.4625
-1.62375
-1.86
-1.8775
-1.864375
-1.888125
-1.79875
-1.8225
-1.805
-1.805
-1.635625
-1.48375
-1.1625
-0.785
-0.650625
-0.471875
-0.558125
-0.700625
-0.71375
-0.75375
-0.66625
-0.674375
-0.889375
-1.226875
-1.54
-1.669375
-1.4725
-1.028125
-0.801875
-0.703125
-0.80625
-1.159375
-1.309375
-1.358125
-1.486875
-1.3425
-1.280625
-1.316875
-1.118125
-1.215625
-1.271875
-1.334375
-1.694375
-1.78125
-1.69875
-1.556875
-1.245625
-1.061875
-1.216875
-1.38875
-1.560625
-1.746875
-1.76375
-1.73375
-1.70375
-1.7625
-1.69875
-1.738125
-1.6525
-1.291875
-1.006875
-0.668125
-0.446875
-0.564375
-0.824375
-1.079375
-1.32
-1.3175
-1.293125
-1.233125
-1.275625
-1.465625
-1.4275
-1.57875
-1.548125
-1.32125
-1.280625
-0.940625
-0.76375
-0.831875
-0.858125
-0.99625
-1.144375
-1.021875
-0.93625
-1.03
-0.970625
-1.094375
-1.135
-0.978125
-0.911875
-0.739375
-0.74375
-0.785
-0.834375
-1.065625
-1.2175
-1.3775
-1.44625
-1.303125
-1.11875
-0.89125
-0.865625
-1.003125
-1.140625
-1.464375
-1.516875
-1.495625
-1.36875
-1.03875
-1.03625
-1.075
-1.15
-1.2825
-1.1175
-0.89625
-0.75
-0.6425
-0.76125
-0.988125
-1.283125
-1.53375
-1.63
-1.573125
-1.496875
-1.51
-1.430625
-1.495
-1.440625
-1.245
-1.316875
-1.235625
-1.22875
-1.279375
-1.19625
-1.20375
-1.296875
-1.41875
-1.3975
-1.48
-1.466875
-1.446875
-1.631875
-1.590625
-1.508125
-1.405625
-1.258125
-1.295625
-1.31
-1.39875
-1.480625
-1.490625
-1.495625
-1.43625
-1.42125
-1.4475
-1.566875
-1.68625
-1.67
-1.57125
-1.4775
-1.425
-1.45375
-1.52375
-1.565
-1.52375
-1.491875
-1.46
-1.428125
-1.4375
-1.428125
-1.41875
-1.41875
-1.46
-1.5275
-1.51375
-1.5625
-1.459375
-1.349375
-1.443125
-1.410625
-1.48625
-1.534375
-1.41875
-1.453125
-1.44875
-1.575
-1.66125
-1.651875
-1.715625
-1.625
-1.59
-1.555
-1.505
-1.426875
-1.409375
-1.29625
-1.096875
-1.03625
-0.940625
-0.995
-1.180625
-1.296875
-1.4525
-1.4725
-1.438125
-1.3225
-1.2
-1.133125
-1.123125
-1.21125
-1.234375
-1.318125
-1.37875
-1.405625
-1.53875
-1.6275
-1.63375
-1.66625
-1.58375
-1.510625
-1.47875
-1.476875
-1.395625
-1.32375
-1.170625
-1.010625
-1.010625
-1.01875
-1.1175
-1.114375
-1.08875
-1.030625
-0.95375
-1.015625
-1.04375
-1.15625
-1.2875
-1.349375
-1.445
-1.5125
-1.68375
-1.745
-1.82125
-1.73375
-1.533125
-1.47125
-1.45125
-1.563125
-1.505625
-1.43625
-1.10875
-0.76
-0.70875
-0.598125
-0.815
-1.058125
-1.091875
-1.210625
-1.131875
-1.026875
-1.125625
-1.1625
-1.349375
-1.5575
-1.643125
-1.750625
-1.7625
-1.755625
-1.74875
-1.75625
-1.76375
-1.780625
-1.7975
-1.903125
-1.83375
-1.886875
-1.8175
-1.6425
-1.6925
-1.509375
-1.465625
-1.421875
-1.3475
-1.494375
-1.6075
-1.720625
-1.7975
-1.7225
-1.67375
-1.519375
-1.39375
-1.350625
-1.305625
-1.471875
-1.62375
-1.660625
-1.6825
-1.493125
-1.419375
-1.493125
-1.6875
-1.945
-2.089375
-2.0375
-1.8725
-1.775625
-1.67875
-1.71375
-1.74875
-1.880625
-1.8875
-1.82875
-1.600625
-1.101875
-0.853125
-0.7075
-0.900625
-1.2675
-1.468125
-1.63875
-1.64
-1.738125
-1.91875
-2.188125
-2.4575
-2.604375
-2.604375
-2.37625
-2.148125
-1.7975
-1.535625
-1.405625
-1.275625
-1.2775
-1.305625
-1.315
-1.250625
-1.1675
-1.188125
-1.245
-1.408125
-1.5975
-1.6325
-1.630625
-1.6375
-1.6375
-1.64625
-1.6575
-1.505
-1.396875
-1.2725
-1.14625
-1.154375
-1.149375
-1.274375
-1.418125
-1.565
-1.548125
-1.378125
-1.189375
-0.968125
-0.950625
-1.118125
-1.263125
-1.433125
-1.440625
-1.29375
-1.210625
-1.225625
-1.33875
-1.42375
-1.50375
-1.355625
-1.17375
-1.07625
-0.951875
-0.95
-1.0875
-1.1925
-1.351875
-1.5925
-1.559375
-1.55125
-1.53
-1.363125
-1.425
-1.4625
-1.289375
-1.116875
-0.818125
-0.6175
-0.57125
-0.716875
-0.96
-1.040625
-1.198125
-1.195
-1.11125
-1.135625
-1.1075
-1.02375
-1.03625
-0.995
-0.935
-0.970625
-0.82125
-0.78
-0.775
-0.875625
-1.145625
-1.27
-1.35
-1.316875
-1.16375
-1.180625
-1.205625
-1.149375
-1.17375
-0.979375
-0.875625
-0.8625
-0.919375
-1.12875
-1.256875
-1.36625
-1.450625
-1.42125
-1.359375
-1.31625
-1.164375
-1.129375
-1.09
-0.979375
-0.908125
-0.786875
-0.771875
-0.898125
-1.10875
-1.39875
-1.49125
-1.494375
-1.35875
-1.079375
-0.975
-0.86375
-0.763125
-0.699375
-0.58625
-0.506875
-0.5425
-0.655625
-0.855
-1.020625
-1.095
-1.095
-1.095
-1.095
