-0.0254375
-0.0254375
-0.0254375
-0.0254375
0.0345625
0.1318125
0.2434375
0.3305625
0.2544375
0.1519375
0.0964375
0.1303125
0.198125
0.250625
0.292875
0.261375
0.2539375
0.2023125
0.1238125
0.042625
-0.01775
-0.0339375
-0.032625
-0.0326875
0.0076875
0.059375
0.1178125
0.2373125
0.279875
0.318625
0.3769375
0.387125
0.3594375
0.281125
0.132375
0.0255
-0.040625
-0.063625
-0.05525
-0.080875
-0.054375
-0.016375
0.0585
0.091125
0.07675
0.0716875
0.050125
0.12875
0.2655
0.360625
0.498625
0.52075
0.441125
0.406375
0.2599375
0.189
0.195625
0.184875
0.296625
0.4311875
0.514875
0.5379375
0.459375
0.3000625
0.165375
0.1480625
0.1696875
0.221625
0.2814375
0.319625
0.3430625
0.427
0.475625
0.400375
0.348
0.2048125
0.107
0.115375
0.1104375
0.1283125
0.121625
0.0974375
0.087375
0.1124375
0.151625
0.1775625
0.1885
0.153
0.109125
0.079375
0.09
0.1408125
0.1858125
0.2486875
0.2786875
0.2973125
0.3309375
0.3391875
0.3725
0.4134375
0.4800625
0.5299375
0.5050625
0.498
0.4229375
0.35675
0.307875
0.209
0.1245625
0.0396875
0.0274375
0.0074375
0.01825
0.034125
0.00975
0.050125
0.0551875
0.0426875
0.0223125
0.0035625
0.008875
0.0478125
0.11925
0.0788125
0.069125
0.046625
-0.0366875
0.0514375
0.1088125
0.2354375
0.3674375
0.336625
0.3058125
0.14775
0.0545625
0.0494375
0.0705625
0.125625
0.1110625
0.0863125
0.0353125
0.065375
0.1425
0.17075
0.199
0.11325
0.047625
0.0625
0.08675
0.19875
0.2715625
0.304125
0.302625
0.27125
0.2650625
0.2603125
0.262625
0.3145
0.3070625
0.3385625
0.3876875
0.2943125
0.2843125
0.1935625
0.1204375
0.1735
0.1834375
0.212875
0.2070625
0.174625
0.16975
0.18575
0.2260625
0.2689375
0.240125
0.222875
0.209875
0.1775
0.2015
0.1700625
0.1276875
0.094625
0.0399375
0.080875
0.120375
0.15825
0.243125
0.293
0.3610625
0.44025
0.4655625
0.474125
0.4659375
0.4208125
0.4110625
0.386
0.328
0.31625
0.2621875
0.17175
0.103
0.065875
-0.0021875
0.033125
0.107125
0.048625
0.099625
0.0813125
0.019375
0.1215625
0.18075
0.26425
0.370625
0.343625
0.2408125
0.077375
-0.057125
-0.1403125
-0.1454375
-0.03175
-0.04325
-0.0034375
0.0734375
0.03375
0.1485
0.1539375
0.1005
0.1908125
0.256625
0.356375
0.463875
0.4389375
0.315625
0.256625
0.16775
0.1439375
0.1781875
0.1560625
0.2216875
0.25325
0.2734375
0.3249375
0.2865
0.242125
0.25325
0.240625
0.26925
0.2715
0.254625
0.2471875
0.2393125
0.3551875
0.3639375
0.353
0.3180625
0.1430625
0.0709375
0.0048125
0.01275
0.085375
0.148
0.2541875
0.28675
0.281875
0.3009375
0.3155
0.279375
0.298125
0.2574375
0.17375
0.1880625
0.1749375
0.1448125
0.068
-0.0820625
-0.2079375
-0.2705
-0.1894375
-0.0150625
0.1384375
0.288
0.33275
0.31575
0.2786875
0.184625
0.1230625
0.0969375
0.1109375
0.2059375
0.2945
0.342375
0.3701875
0.3563125
0.3656875
0.43075
0.494375
0.555625
0.5675
0.4810625
0.351375
0.18475
0.0139375
-0.081375
-0.1035
-0.0621875
0.0193125
0.08325
0.1766875
0.2635625
0.315
0.31475
0.2314375
0.129125
0.075
0.106625
0.130375
0.1460625
0.102125
-0.0114375
-0.059125
-0.0956875
-0.0951875
-0.0348125
-0.024125
-0.026625
-0.030625
-0.050125
-0.062375
-0.05225
0.008125
0.0950625
0.2024375
0.298125
0.2933125
0.2625
0.261125
0.229875
0.2805
0.3374375
0.3121875
0.3493125
0.374875
0.342
0.3006875
0.2378125
0.1455625
0.123125
0.202625
0.3124375
0.3991875
0.4341875
0.4175
0.335375
0.31725
0.339125
0.3434375
0.3158125
0.2651875
0.1825
0.1349375
0.184625
0.227125
0.2878125
0.355625
0.3429375
0.277125
0.209875
0.133625
0.1796875
0.2874375
0.377625
0.4364375
0.35525
0.2540625
0.1779375
0.0835
0.011375
-0.0279375
-0.0855625
-0.099875
-0.0670625
-0.069875
-0.069875
-0.0545
-0.019875
0.0583125
0.1445
0.170375
0.1764375
0.121
0.1348125
0.18425
0.205125
0.2984375
0.26125
0.235
0.197875
0.1594375
0.2435
0.2749375
0.3716875
0.3588125
0.242875
0.1894375
0.0568125
0.047
0.09575
0.1345
0.215625
0.2091875
0.195375
0.1808125
0.23325
0.264125
0.285625
0.295625
0.2056875
0.23475
0.17425
0.0749375
0.0261875
-0.0441875
0.08025
0.2765625
0.4705625
0.5535
0.5311875
0.47725
0.351
0.322875
0.2529375
0.208375
0.2625
0.258875
0.2970625
0.293125
0.2374375
0.2301875
0.224375
0.2258125
0.247375
0.1938125
0.1099375
0.0289375
-0.127
-0.1378125
-0.11175
-0.1131875
0.0555
0.099
0.155375
0.296125
0.2495625
0.2034375
0.1364375
0.020625
-0.0363125
-0.0295
-0.007375
-0.0043125
0.0579375
0.0803125
0.0720625
0.0966875
0.1141875
0.1301875
0.143875
0.1270625
0.0396875
-0.004125
-0.054375
-0.0731875
-0.0375
-0.0391875
0.0401875
0.1295
0.234875
0.389125
0.4686875
0.488125
0.494
0.38125
0.27925
0.203
0.096125
0.115875
0.1101875
0.1303125
0.100875
0.063
0.0343125
-0.0143125
0.065375
0.062875
0.09675
0.0936875
0.0439375
0.0056875
-0.04575
-0.017625
-0.023
0.0279375
0.054
0.0659375
0.12075
0.1206875
0.21275
0.2439375
0.249
0.2686875
0.2708125
0.31775
0.2983125
0.3158125
0.2231875
0.1358125
0.1033125
0.104625
0.1575625
0.179875
0.266875
0.2455
0.260375
0.273
0.2148125
0.2418125
0.191125
0.133875
0.111875
0.0015625
0.0335625
0.1466875
0.2133125
0.3530625
0.3510625
0.2753125
0.205625
0.084
0.0104375
-0.1098125
-0.20725
-0.230625
-0.242875
-0.144375
-0.0118125
0.1194375
0.2009375
0.24175
0.2551875
0.1361875
0.1238125
0.0981875
0.05925
0.1640625
0.1601875
0.1790625
0.222125
0.1934375
0.2038125
0.2241875
0.2516875
0.277625
0.318375
0.266625
0.1479375
0.050875
-0.0685
-0.089875
-0.069
-0.059625
-0.020875
-0.02125
-0.021625
0.025125
0.0546875
0.09175
0.1046875
0.12425
0.0906875
0.057125
0.07175
0.0170625
0.048125
0.0791875
0.0389375
-0.00075
-0.0744375
-0.11525
-0.0615
0.0015
0.1066875
0.146125
0.1465
0.1585625
0.1036875
0.1239375
0.1276875
0.171125
0.2639375
0.238125
0.1964375
0.1381875
0.0305625
0.0416875
0.159
0.25875
0.373125
0.4368125
0.3756875
0.33925
0.305375
0.25575
0.2403125
0.1238125
-0.0093125
-0.0766875
-0.10925
-0.031375
0.059125
0.098625
0.079
0.025375
0.0364375
0.0129375
-0.0118125
-0.039125
-0.1210625
-0.1235
-0.0576875
-0.0341875
-0.017125
-0.0195625
-0.0674375
0.0096875
0.057875
0.0738125
0.112375
0.0530625
0.0590625
0.052625
0.0415
0.0295625
-0.0108125
0.005875
-0.002
0.0185625
0.0465625
0.053625
0.0543125
0.0143125
-0.0996875
-0.252875
-0.31325
-0.3105
-0.18475
0.029625
0.1085
0.1434375
0.10025
-0.0328125
-0.0471875
-0.0138125
0.062
0.2035625
0.25175
0.230875
0.2100625
0.1234375
0.1605625
0.18325
0.200375
0.257125
0.1805
0.1984375
0.1440625
0.0290625
-0.034625
-0.138875
-0.145875
-0.0629375
0.010875
0.10425
0.1299375
0.0968125
0.1081875
0.0933125
0.1246875
0.219625
0.243
0.266375
0.278625
0.278625
0.278625
0.278625
