0.325
0.325
0.325
0.325
-0.43125
-0.7375
-0.98125
-0.5
-0.0375
-0.38125
-0.5875
-1.45625
-1.96875
-1.84375
-1.78125
-1.3875
-1.76875
-2.25625
-2.45
-2.475
-2.04375
-1.35625
-0.9
-0.3
0.3
0.325
0.18125
-0.275
-0.73125
-0.675
-0.45
-0.25
0.0875
-0.025
-0.1375
-0.18125
-0.48125
-0.5875
-0.3625
-0.68125
-0.9
-0.76875
-1.3
-1.33125
-0.8625
-0.66875
-0.20625
0.25625
-0.24375
-1.2875
-2.1875
-3.0875
-3.50625
-3.45
-3.49375
-3.36875
-3.05
-2.68125
-2.125
-1.90625
-1.90625
-1.7625
-1.7875
-1.475
-1.33125
-1.40625
-1.65
-2.23125
-2.61875
-3.1
-2.95625
-2.14375
-0.825
1.11875
2.31875
2.51875
1.9
0.34375
-0.6125
-0.56875
-0.38125
0.71875
1.19375
0.66875
0.50625
-0.4
-1.1625
-0.94375
-0.6125
0.0125
1.2625
1.71875
1.36875
0.8375
-0.60625
-1.7375
-1.86875
-1.6875
-1.1125
-0.33125
-0.575
-0.9
-1.125
-1.93125
-1.70625
-1.79375
-1.4125
-0.65625
-0.55625
-0.1375
-0.70625
-1.275
-1.69375
-2.15625
-1.94375
-1.275
-0.76875
-0.13125
0.2875
0.25
0.20625
0.0125
-0.325
-1.11875
-1.2875
-1.14375
-0.83125
-0.0875
-0.28125
-0.89375
-1.53125
-1.95
-1.8625
-1.54375
-1.175
-1.19375
-1.11875
-1.69375
-2.125
-2.3375
-2.7875
-2.75
-2.88125
-2.84375
-2.20625
-0.96875
0.0375
0.65625
0.79375
0.20625
0.4125
1.3125
1.73125
2.45625
2.2875
1.2875
0.9375
-0.0375
-0.85
-1.5
-2.4875
-2.825
-2.81875
-2.14375
-1.13125
-0.45625
0.0625
-0.41875
-1.2375
-1.40625
-1.7875
-1.5
-0.88125
-0.8875
-0.24375
0.51875
1.15
1.9625
1.8625
1.5
0.9125
-0.0875
-0.65625
-1.73125
-2.6125
-3.11875
-3.075
-2.09375
-0.65625
0.78125
1.65
2.0875
1.80625
1.9
1.58125
0.75625
0.16875
-0.6875
-0.9125
-0.65625
-0.35
-0.63125
-1.2625
-1.7
-1.85625
-1.53125
-0.86875
-0.425
-0.2875
0.01875
0.0
-0.1875
-0.875
-1.4
-1.7625
-1.575
-0.8875
-0.53125
0.15625
0.15625
0.15625
-0.40625
-1.45625
-2.05625
-2.4625
-2.30625
-2.00625
-1.76875
-1.91875
-2.06875
-2.23125
-2.4875
-2.38125
-1.88125
-1.49375
-1.23125
-1.30625
-1.60625
-1.26875
-0.36875
0.6375
0.975
0.6875
-0.375
-1.3375
-1.8625
-2.44375
-2.63125
-2.375
-1.825
-1.3125
-0.8375
-0.925
-1.29375
-0.9625
-0.49375
-0.38125
-0.3625
-0.8
-1.5375
-1.8375
-1.59375
-1.4625
-0.63125
0.6375
1.3
1.59375
0.85
-0.5125
-1.81875
-2.15
-1.44375
-0.6125
0.51875
1.05
0.725
0.65
0.375
0.2625
0.74375
0.7
0.725
0.5875
-0.0625
0.1
0.225
0.03125
0.3125
0.0875
-0.2375
-0.11875
-0.3875
-0.7125
-0.4625
0.11875
0.6375
0.88125
0.38125
-0.725
-1.5375
-2.0375
-2.41875
-2.35625
-2.35625
-2.35
-1.8
-1.81875
-1.5
-0.625
-0.30625
0.36875
0.50625
-0.15625
-0.83125
-1.19375
-1.11875
-0.7625
-0.2125
0.19375
0.15
-0.13125
-0.4125
-1.225
-1.96875
-1.95625
-1.76875
-1.18125
-0.49375
-0.6625
-0.9875
-1.40625
-1.6375
-1.675
-1.95
-2.16875
-2.675
-2.8375
-2.6375
-2.3875
-2.03125
-1.93125
-1.925
-1.80625
-1.13125
-0.1875
0.675
1.41875
1.325
0.70625
0.35625
-0.08125
-0.3375
-0.325
-0.73125
-1.40625
-1.80625
-1.94375
-2.075
-1.9125
-1.65
-1.68125
-1.55625
-1.475
-2.00625
-2.1
-2.0375
-1.85
-1.16875
-1.1625
-1.3125
-1.04375
-0.84375
-0.38125
0.375
0.66875
1.11875
1.6375
1.625
1.09375
-0.01875
-1.3125
-2.35
-2.8875
-2.55
-2.025
-1.6375
-1.3125
-1.9875
-2.7125
-3.3625
-3.43125
-3.025
-2.56875
-2.0125
-1.93125
-1.825
-1.2625
-0.25625
0.18125
0.61875
0.09375
-1.175
-1.4125
-1.125
-0.2375
0.71875
0.80625
0.0375
-0.99375
-1.375
-1.39375
-1.1125
-0.1625
-0.15
0.075
0.525
-0.05
-0.11875
-0.73125
-1.75
-2.25
-2.75625
-2.93125
-2.5125
-2.19375
-1.9375
-1.4875
-1.98125
-2.0
-1.78125
-1.7875
-1.19375
-1.15625
-1.48125
-2.0
-2.36875
-2.625
-2.7125
-2.5125
-2.6625
-2.90625
-3.15
-3.28125
-3.25
-3.075
-2.9
-2.7375
-2.6
-2.4375
-2.3
-2.6625
-3.0375
-3.4375
-3.625
-3.475
-3.25
-3.00625
-3.175
-3.36875
-3.24375
-3.15625
-2.84375
-2.4625
-2.83125
-3.18125
-2.9875
-2.85625
-2.26875
-1.68125
-1.725
-1.63125
-1.6625
-1.5
-1.525
-1.8125
-1.8
-2.0375
-1.95
-1.525
-1.39375
-1.15
-0.95625
-0.73125
-0.59375
-0.53125
-0.6375
-1.3875
-1.85
-2.3
-2.60625
-2.35
-1.9625
-1.71875
-1.4875
-1.35
-1.7125
-1.925
-1.9
-2.075
-2.01875
-1.8125
-2.00625
-2.06875
-2.3125
-2.9
-3.05625
-3.075
-2.94375
-2.59375
-2.45
-2.56875
-2.7
-2.6625
-2.86875
-2.90625
-2.86875
-3.24375
-3.4
-3.58125
-3.8375
-3.475
-2.925
-2.375
-1.725
-1.85
-2.325
-2.8
-3.3375
-3.5
-3.04375
-2.19375
-0.8875
0.91875
1.7875
1.86875
0.975
-0.94375
-2.38125
-3.45
-3.76875
-3.76875
-3.76875
-3.76875
