-0.04125
-0.04125
-0.04125
-0.04125
-0.02875
-0.04875
-0.1175
-0.155625
-0.16
-0.135625
-0.0625
0.071875
0.185625
0.24625
0.28
0.23
0.171875
0.15875
0.126875
0.1175
0.15375
0.12125
0.11
0.12125
0.073125
0.0825
0.115
0.07875
0.09125
0.08125
0.070625
0.1525
0.218125
0.31875
0.396875
0.3825
0.33
0.284375
0.21625
0.240625
0.270625
0.27
0.291875
0.2675
0.27875
0.235625
0.1925
0.126875
0.085
0.0975
0.140625
0.20625
0.236875
0.27875
0.235625
0.1925
0.126875
0.085
0.0975
0.140625
0.20625
0.236875
0.2675
0.236875
0.22875
0.174375
0.174375
0.205
0.213125
0.2675
0.236875
0.1825
0.105625
0.075
0.050625
0.104375
0.180625
0.210625
0.289375
0.283125
0.2775
0.271875
0.241875
0.265
0.263125
0.269375
0.275625
0.2375
0.248125
0.2425
0.224375
0.2275
0.20625
0.146875
0.088125
0.0525
-0.0075
0.033125
0.11
0.118125
0.15
0.119375
0.064375
0.11
0.203125
0.258125
0.313125
0.259375
0.15875
0.128125
0.05875
0.045
-0.015625
-0.1
-0.07625
-0.033125
0.0425
0.118125
0.055
-0.026875
-0.033125
-0.016875
0.083125
0.156875
0.146875
0.111875
0.0425
-0.016875
-0.07625
-0.1775
-0.236875
-0.281875
-0.259375
-0.1925
-0.149375
-0.076875
-0.071875
-0.044375
-0.014375
-0.00625
0.044375
0.051875
0.05875
0.02125
-0.064375
-0.116875
-0.158125
-0.10375
0.009375
0.118125
0.22
0.21875
0.140625
0.04625
-0.061875
-0.11125
-0.0925
-0.055625
0.028125
0.0975
0.145
0.1575
0.110625
0.071875
0.055
0.108125
0.160625
0.184375
0.141875
-0.03375
-0.164375
-0.27625
-0.32875
-0.26375
-0.2275
-0.166875
-0.11375
-0.074375
0.001875
0.0775
0.1225
0.15
0.144375
0.084375
0.073125
0.064375
0.028125
0.036875
0.009375
-0.019375
-0.0075
0.014375
0.0475
0.10625
0.14375
0.126875
0.09625
0.028125
-0.04375
-0.113125
-0.17125
-0.229375
-0.24875
-0.208125
-0.15875
-0.081875
-0.03875
-0.0425
-0.059375
-0.105625
-0.135
-0.131875
-0.1225
-0.091875
-0.105625
-0.16625
-0.215625
-0.22375
-0.158125
-0.040625
0.098125
0.13375
0.125
0.103125
-0.01
-0.045625
-0.089375
-0.154375
-0.12125
-0.118125
-0.113125
-0.05
-0.049375
-0.03125
0.061875
0.079375
0.12
0.141875
0.04125
-0.045
-0.108125
-0.178125
-0.1475
-0.045625
0.008125
0.056875
0.043125
0.043125
0.043125
0.043125
