1.128125
1.128125
1.128125
1.128125
1.061875
1.043125
1.01625
0.923125
0.81375
0.724375
0.71875
0.819375
0.99875
1.18375
1.315625
1.34125
1.260625
1.16
1.00625
0.95875
1.023125
1.07625
1.1825
1.235625
1.198125
1.113125
1.05375
0.994375
0.965625
1.043125
1.109375
1.1625
1.25
1.256875
1.249375
1.24875
1.16875
1.11625
1.076875
1.035625
1.086875
1.138125
1.156875
1.191875
1.155625
1.119375
1.1275
1.09375
1.104375
1.123125
1.074375
1.118125
1.1425
1.178125
1.293125
1.303125
1.27625
1.235625
1.105
1.06125
1.054375
1.00875
1.041875
1.006875
0.98125
0.98875
0.945
0.92875
0.903125
0.8775
0.903125
0.92875
0.959375
0.970625
0.958125
0.973125
1.01125
1.0625
1.084375
1.038125
0.905
0.836875
0.849375
0.89
1.023125
1.03875
0.985
0.969375
0.911875
0.95
1.020625
1.0675
1.096875
1.11125
1.08375
1.08
1.101875
1.09625
1.1475
1.1325
1.12375
1.12625
1.0975
1.15
1.19
1.165625
1.14125
1.023125
0.92375
0.93625
0.89
0.909375
0.91625
0.875625
0.9525
1.0575
1.15
1.178125
1.1475
1.023125
0.92375
0.93625
0.89
0.909375
0.91625
0.875625
0.9525
1.0575
1.15
1.178125
1.1475
1.04875
0.975
0.97625
0.93125
0.94125
0.93875
0.956875
1.0675
1.150625
1.274375
1.308125
1.264375
1.1675
0.976875
0.8925
0.851875
0.923125
1.10625
1.23625
1.366875
1.38
1.275625
1.158125
1.005
0.910625
0.875
0.8525
0.8525
0.8925
0.9325
0.9325
0.936875
0.86125
0.8225
0.849375
0.87375
0.99125
1.035
1.064375
1.085625
1.034375
1.02
0.9925
0.980625
0.954375
0.95375
0.951875
0.940625
1.01625
1.099375
1.15375
1.174375
1.096875
0.958125
0.876875
0.84875
0.86375
0.906875
0.915
0.936875
0.981875
1.03625
1.114375
1.100625
1.07
1.04875
1.01
1.061875
1.0775
1.043125
1.015
0.95
0.916875
0.915
0.919375
0.935625
0.98875
1.048125
1.098125
1.133125
1.1475
1.14875
1.11
1.085625
1.004375
0.915625
0.874375
0.83
0.81375
0.83
0.865
0.915
1.030625
1.128125
1.1975
1.195625
1.140625
1.095
1.059375
1.135625
1.17125
1.210625
1.255
1.19
1.153125
1.085
0.990625
0.969375
0.960625
0.960625
0.93375
0.85375
0.78125
0.718125
0.695
0.715
0.7475
0.794375
0.849375
0.91
0.935625
0.96
0.968125
0.94375
0.921875
0.84625
0.77875
0.74625
0.7425
0.806875
0.924375
1.019375
1.1125
1.17
1.12125
1.07
1.004375
0.94875
0.999375
1.06375
1.1375
1.188125
1.158125
1.109375
1.041875
0.99125
0.969375
0.958125
0.95125
0.99375
1.048125
1.1
1.161875
1.165625
1.11625
1.05375
0.9925
0.963125
1.01375
1.115625
1.208125
1.256875
1.25625
1.178125
1.10625
1.05625
1.02
1.018125
1.008125
0.978125
0.925
0.899375
0.9
0.9325
0.9675
0.99375
0.97125
0.954375
0.96625
0.965625
0.9975
1.000625
0.97875
0.950625
0.92375
0.9075
0.94375
1.005625
1.06125
1.166875
1.22625
1.271875
1.293125
1.249375
1.20875
1.1375
1.115
1.0875
1.085625
1.1025
1.058125
1.02875
0.949375
0.856875
0.84125
0.88
0.948125
1.059375
1.12125
1.115
1.1325
1.110625
1.0675
1.01625
0.911875
0.846875
0.843125
0.8975
0.980625
1.031875
1.049375
1.045625
1.03
0.990625
0.926875
0.858125
0.79625
0.80625
0.8775
0.94625
1.04625
1.091875
1.105
1.125625
1.110625
1.11625
1.113125
1.1225
1.16125
1.189375
1.223125
1.234375
1.203125
1.17625
1.138125
1.10375
1.085625
1.07375
1.075
1.053125
1.049375
1.005625
0.975
0.96625
0.935
0.990625
1.060625
1.154375
1.261875
1.296875
1.26375
1.21375
1.151875
1.075625
1.080625
1.04875
0.996875
0.986875
0.93625
0.929375
0.99
1.068125
1.11875
1.1425
1.12
1.09125
1.098125
1.146875
1.19875
1.194375
1.20125
1.180625
1.145
1.14625
1.083125
0.975
0.8725
0.7875
0.794375
0.838125
0.934375
1.013125
1.026875
1.08875
1.110625
1.13375
1.150625
1.140625
1.106875
1.076875
1.075
1.040625
1.02
0.954375
0.9275
0.923125
0.9625
1.075625
1.12125
1.166875
1.13875
1.083125
1.045625
0.99875
0.991875
0.964375
0.956875
0.956875
0.969375
0.986875
0.95125
0.919375
0.915625
0.931875
1.01375
1.050625
1.03375
1.038125
1.01875
1.055625
1.093125
1.04
0.985
0.8975
0.8225
0.81875
0.7875
0.809375
0.81125
0.84125
0.93375
0.9525
1.014375
0.9825
0.920625
0.911875
0.87625
0.920625
0.9275
0.9325
0.914375
0.850625
0.824375
0.793125
0.80125
0.8325
0.883125
0.884375
0.900625
0.930625
0.93
1.009375
1.048125
1.078125
1.114375
1.110625
1.151875
1.19875
1.215
1.22625
1.159375
1.048125
0.998125
0.958125
0.96
1.000625
0.99625
0.953125
0.91875
0.865625
0.869375
0.906875
0.94
0.98375
0.951875
0.95375
0.978125
1.014375
1.098125
1.13875
1.155625
1.1725
1.17
1.14625
1.09
0.998125
0.90375
0.870625
0.924375
1.02875
1.148125
1.21875
1.195625
1.11125
0.991875
0.878125
0.7925
0.714375
0.69
0.70375
0.755625
0.888125
0.9925
1.085625
1.164375
1.166875
1.174375
1.18625
1.18375
1.16875
1.1525
1.090625
1.031875
1.046875
1.063125
1.10625
1.128125
1.08625
1.02875
0.9925
0.98125
1.030625
1.090625
1.07625
1.07375
1.00875
0.950625
0.979375
0.960625
0.970625
1.00375
1.009375
1.0775
1.1425
1.126875
1.0725
0.984375
0.91875
0.899375
0.93875
0.96125
0.948125
0.966875
0.941875
0.936875
0.935625
0.91
0.91125
0.935625
0.93875
0.939375
0.92125
0.9025
0.94
1.00625
1.065625
1.08625
1.071875
0.976875
0.931875
0.919375
0.935
1.02
1.0775
1.105625
1.12
1.13875
1.141875
1.151875
1.175625
1.1675
1.16375
1.1675
1.13375
1.11125
1.123125
1.13875
1.149375
1.193125
1.205625
1.173125
1.20125
1.1375
1.08125
1.105
1.0725
1.124375
1.13875
1.131875
1.150625
1.130625
1.128125
1.085
1.035625
1.026875
1.05375
1.065625
1.0775
1.0525
0.9725
0.955
0.905
0.8925
0.9725
1.054375
1.20125
1.27375
1.2625
1.210625
1.145
1.171875
1.2025
1.236875
1.230625
1.178125
1.193125
1.2125
1.25375
1.27
1.206875
1.17625
1.161875
1.161875
1.161875
1.161875
