0.97125
0.97125
0.97125
0.97125
0.970625
0.963125
0.98125
0.985625
0.966875
0.96125
0.939375
0.934375
0.941875
0.95125
0.971875
0.99375
1.020625
1.028125
1.02875
1.02125
1.008125
1.0125
1.0125
1.00375
0.99875
0.974375
0.948125
0.930625
0.9075
0.908125
0.930625
0.958125
0.990625
1.01875
1.028125
1.03125
1.020625
0.99875
0.984375
0.98
0.991875
1.01
1.015625
0.99875
0.97
0.943125
0.91875
0.91
0.91875
0.9375
0.969375
1.0075
1.035625
1.04125
1.03375
1.00375
0.974375
0.9575
0.946875
0.964375
0.981875
1.00375
1.039375
1.063125
1.08125
1.076875
1.054375
1.02
0.988125
0.973125
0.9525
0.940625
0.925
0.91625
0.9225
0.93625
0.949375
0.953125
0.96125
0.951875
0.9475
0.93875
0.906875
0.89125
0.87625
0.864375
0.865625
0.856875
0.860625
0.875625
0.898125
0.940625
0.964375
0.98
0.988125
0.96625
0.944375
0.914375
0.87875
0.858125
0.85
0.858125
0.873125
0.885
0.88125
0.870625
0.865
0.870625
0.895
0.918125
0.935625
0.94
0.92875
0.908125
0.8875
0.8725
0.86875
0.88375
0.89875
0.9125
0.91625
0.910625
0.895625
0.88625
0.8825
0.87875
0.884375
0.880625
0.881875
0.87375
0.86875
0.8775
0.880625
0.906875
0.93625
0.96125
0.98
0.98875
1.00375
1.010625
1.035625
1.0625
1.061875
1.066875
1.059375
1.02625
1.01875
0.999375
0.97625
0.991875
0.994375
1.0125
1.031875
1.02
1.0025
0.97375
0.963125
0.970625
0.9825
1.013125
1.02875
1.03875
1.0575
1.04625
1.039375
1.03125
1.03625
1.068125
1.095625
1.1175
1.113125
1.09875
1.075625
1.06625
1.061875
1.048125
1.035
1.010625
0.98375
0.97
0.965
0.955
0.949375
0.93375
0.929375
0.94375
0.964375
0.989375
0.99625
1.0025
1.0125
1.020625
1.02875
1.023125
0.99
0.969375
0.94875
0.938125
0.95125
0.945
0.94875
0.946875
0.935
0.939375
0.9425
0.94625
0.96
0.984375
1.01625
1.056875
1.0875
1.083125
1.0575
1.00375
0.969375
0.954375
0.9575
0.97625
0.989375
0.995
0.981875
0.9925
0.983125
0.991875
1.01625
1.000625
0.989375
0.959375
0.925625
0.916875
0.91375
0.9125
0.919375
0.930625
0.945625
0.965625
0.976875
0.974375
0.975
0.979375
0.985
0.99625
1.004375
1.01125
1.016875
1.01375
1.005625
0.999375
1.005625
1.03
1.068125
1.098125
1.105
1.093125
1.053125
1.024375
1.01375
1.015625
1.040625
1.05875
1.05875
1.05875
1.05875
