1.0505
1.0505
1.0505
1.0505
1.0939375
1.0908125
1.092
1.0313125
1.01
1.0043125
1.0253125
1.04875
1.060625
1.075875
1.03775
1.018625
0.9919375
0.987625
1.0180625
1.0889375
1.1598125
1.2083125
1.23675
1.18
1.1168125
1.0260625
0.970375
0.967125
0.9948125
1.0956875
1.199125
1.2915
1.3413125
1.3274375
1.2634375
1.2028125
1.16025
1.11675
1.0735625
1.0708125
1.0490625
1.03775
1.059125
0.991375
0.9551875
0.9323125
0.8955
0.93275
0.944875
0.9444375
0.954875
0.917625
0.88525
0.8691875
0.84225
0.8461875
0.8578125
0.8640625
0.873375
0.87075
0.872
0.889125
0.9385625
0.991625
1.063625
1.1101875
1.100125
1.0895625
1.0338125
0.9688125
0.9350625
0.9018125
0.883375
0.8728125
0.868375
0.8634375
0.8895625
0.92675
0.95825
0.9856875
0.9926875
1.01975
1.026125
1.041375
1.029375
0.9784375
0.9369375
0.9054375
0.898125
0.9033125
0.921
0.904125
0.9148125
0.9208125
0.9374375
0.996375
1.0049375
1.0436875
1.0708125
1.0580625
1.0603125
1.017125
0.93875
0.8955
0.863125
0.8560625
0.9024375
0.93125
0.9655625
1.026
1.0629375
1.0751875
1.0750625
1.035125
0.97325
0.96075
0.969625
1.0194375
1.0974375
1.1260625
1.123375
1.0464375
0.9778125
0.93625
0.90075
0.91
0.907
0.92275
0.9445
0.9865
1.008625
1.009625
1.0406875
1.0465
1.066
1.0613125
1.0218125
0.976625
0.943
0.936625
0.9366875
0.9389375
0.9249375
0.907875
0.9153125
0.9543125
1.006625
1.0589375
1.0634375
1.0334375
0.9939375
0.982
0.9719375
0.9889375
1.0306875
1.0173125
1.045625
1.054125
1.022625
1.023875
0.9889375
0.9381875
0.9083125
0.865
0.8333125
0.821625
0.8538125
0.90275
0.9636875
1.044625
1.0328125
1.03125
1.041
1.0161875
1.042625
1.07175
1.0543125
1.046875
1.0564375
1.0265
1.0210625
1.0435
1.04875
1.0686875
1.1189375
1.118625
1.0886875
1.0835625
1.0511875
1.049125
1.073625
1.028
0.9805
0.929125
0.9043125
0.9281875
0.9325
0.9584375
0.9390625
0.9450625
0.9685625
0.952125
0.9713125
0.9713125
0.9713125
0.9713125
