0.4113125
0.4113125
0.4113125
0.4113125
0.39725
0.36425
0.3175
0.302
0.310375
0.35625
0.40625
0.43575
0.441625
0.436125
0.4265
0.40275
0.396625
0.3675
0.321
0.291875
0.25
0.231875
0.2485
0.27725
0.320375
0.345625
0.330625
0.30875
0.281375
0.2710625
0.30125
0.3121875
0.323125
0.3194375
0.298125
0.2914375
0.296875
0.323625
0.348375
0.381625
0.408
0.416125
0.42825
0.431375
0.41525
0.3893125
0.34875
0.3121875
0.298375
0.2940625
0.315
0.325125
0.314375
0.3258125
0.312
0.3115625
0.3365
0.3366875
0.370625
0.3775625
0.361375
0.3594375
0.319125
0.3226875
0.33225
0.3259375
0.3385
0.318875
0.316875
0.323625
0.3344375
0.3409375
0.3336875
0.3351875
0.3271875
0.3463125
0.3561875
0.3485625
0.341875
0.311125
0.285125
0.2685
0.2614375
0.27825
0.3206875
0.358
0.388625
0.387375
0.3575
0.34575
0.3334375
0.35275
0.3698125
0.37325
0.3661875
0.3355
0.3056875
0.266125
0.2506875
0.259125
0.2814375
0.315125
0.327
0.3075
0.2941875
0.291625
0.3065625
0.342875
0.3694375
0.378375
0.3785625
0.382875
0.391
0.412875
0.417125
0.405125
0.3811875
0.335
0.3159375
0.321625
0.3439375
0.378125
0.4056875
0.409125
0.394125
0.382875
0.375
0.374625
0.39125
0.3961875
0.388625
0.3624375
0.306625
0.306625
0.306625
0.306625
