126.89375
126.89375
126.89375
126.89375
122.25
127.85
135.55
142.04375
143.93125
137.00625
130.99375
120.01875
112.2875
107.81875
94.925
91.6
95.9625
101.0875
112.01875
113.89375
104.775
96.1125
90.175
88.175
95.75
102.4125
103.625
105.625
102.4375
104.6125
110.93125
116.4625
122.9125
124.3375
124.40625
126.90625
124.4375
117.3625
114.95
108.4625
106.03125
112.65
114.6625
118.65
121.55
120.525
113.05625
106.95625
109.5125
110.34375
123.70625
139.24375
142.6125
145.15
136.75625
118.675
103.40625
87.56875
76.85
72.3375
73.525
78.91875
88.25
99.45625
109.95
117.48125
116.35
113.34375
101.20625
93.275
89.21875
89.6125
102.65625
110.25
123.0875
125.15
116.04375
115.86875
110.90625
113.6875
119.83125
116.75
107.4625
105.44375
109.24375
114.75
126.4625
120.8625
114.7875
111.3375
109.30625
114.41875
108.95
105.1875
100.06875
97.9125
107.2
109.1375
111.40625
112.13125
108.13125
111.46875
115.725
120.5
125.275
128.4875
128.68125
129.26875
125.13125
114.70625
105.925
99.775
100.05625
103.7
107.46875
101.55
97.0625
95.93125
99.4625
110.68125
115.625
121.7
118.325
113.46875
108.5625
97.1875
89.05625
85.65
85.43125
88.7375
99.73125
101.2125
102.69375
105.81875
106.6375
110.825
121.3375
128.4375
123.0125
120.4875
105.3125
91.84375
95.625
99.63125
112.6875
131.1375
136.6625
143.1
148.425
144.76875
145.8125
145.60625
145.65625
147.425
144.4625
136.14375
121.625
109.7375
102.18125
102.6
111.8
119.475
132.45
140.46875
147.81875
157.8
161.5125
166.19375
163.19375
156.45625
151.65625
142.06875
136.38125
134.33125
129.94375
132.1125
128.075
125.2875
124.3875
124.7375
138.46875
144.85
145.80625
143.74375
133.5375
128.975
129.775
126.24375
119.35
114.1625
112.85
115.4125
126.6375
130.05625
129.14375
128.6875
123.5
123.8625
124.225
129.49375
131.23125
137.2
140.48125
138.7375
145.25625
146.78125
153.68125
157.68125
157.35
156.05
148.0375
141.275
130.4875
117.1875
112.90625
115.18125
123.6375
136.0375
139.45625
138.0875
131.64375
123.425
117.425
113.41875
110.9125
111.03125
113.68125
113.3125
121.5375
125.2625
127.91875
125.84375
115.625
110.0125
109.0375
118.20625
128.34375
141.85
151.025
151.425
151.825
144.41875
137.0125
132.575
123.80625
122.04375
120.28125
122.6625
133.70625
136.875
139.64375
138.44375
132.5125
132.9875
132.39375
137.36875
140.225
140.9625
145.0375
141.70625
143.8125
140.73125
133.9125
128.86875
116.11875
108.21875
99.26875
91.625
93.55625
95.3625
102.1875
111.1125
110.4625
109.875
106.95625
104.625
107.08125
109.5375
115.14375
113.275
114.86875
118.23125
114.65
116.61875
113.53125
108.675
105.6625
105.5125
109.99375
116.16875
128.8625
138.33125
144.38125
143.85625
136.8375
133.31875
130.5625
136.20625
145.0125
146.01875
147.49375
145.11875
144.49375
146.44375
140.36875
133.9625
125.18125
112.84375
110.86875
107.03125
99.2125
104.475
103.3625
108.0625
118.51875
117.45625
122.76875
125.84375
128.20625
131.1875
133.6
132.10625
129.05
126.5125
118.8375
113.95625
106.50625
106.11875
106.44375
111.7375
119.4875
123.41875
133.61875
138.79375
143.4375
145.95625
138.06875
127.38125
122.10625
119.21875
125.4625
132.81875
129.83125
125.51875
121.15625
120.30625
129.6125
135.2375
136.28125
138.75625
134.1125
133.9125
136.21875
132.35
131.0375
128.9625
122.0625
118.2
114.4375
109.9125
110.25625
115.5125
123.90625
134.875
146.33125
151.0
153.08125
150.43125
143.4875
142.2
141.6875
145.2
157.43125
161.58125
156.20625
153.00625
142.4625
134.75
141.18125
140.00625
141.48125
143.275
139.50625
144.90625
140.78125
137.90625
130.85
115.35
116.25
116.95
127.125
144.5
148.7625
153.125
146.1375
131.75
127.1875
122.95625
123.75
132.99375
131.0
131.48125
132.6125
127.725
132.16875
133.6875
139.1375
147.025
148.50625
151.075
147.425
142.15625
143.14375
141.79375
140.69375
140.14375
138.60625
140.83125
149.9375
158.525
162.225
157.85625
145.8375
134.85625
126.43125
126.9625
129.50625
127.3875
129.33125
125.475
121.5625
122.8
116.6375
115.65
119.9625
128.28125
142.75625
151.15625
150.2
139.21875
129.2
123.2625
123.5375
131.9625
136.04375
138.8
140.7125
138.96875
134.3625
129.3125
124.95
118.4875
115.8125
116.1125
112.34375
112.8875
113.63125
111.74375
114.08125
111.2625
111.0
115.18125
120.2125
128.76875
130.90625
131.35625
124.76875
118.05625
114.40625
103.2875
105.25
108.0375
115.85
129.6
132.75625
138.775
137.3875
135.075
135.29375
130.9625
128.46875
126.4375
124.53125
124.475
131.35625
141.71875
147.4875
148.4
139.63125
126.05625
120.88125
124.0875
131.28125
141.24375
141.19375
140.475
138.05
131.375
132.51875
124.1125
118.1125
116.28125
120.80625
128.18125
138.61875
142.8125
133.00625
130.64375
124.9
132.2375
144.19375
152.85625
161.9875
160.925
157.825
154.51875
145.9125
139.41875
144.3125
143.5
147.1375
150.1375
139.925
133.4
130.35625
125.2125
127.7
134.98125
137.45625
146.2375
153.46875
153.7625
153.7875
149.19375
142.98125
136.71875
130.6375
125.4875
116.4375
111.99375
112.89375
114.725
125.075
138.39375
148.18125
152.8875
153.7875
147.78125
138.6875
134.30625
130.63125
134.3875
144.4875
154.025
155.41875
143.7
127.475
112.84375
115.49375
128.525
139.26875
146.0625
134.0625
119.11875
106.30625
93.325
93.81875
100.83125
111.55
128.08125
136.80625
135.125
130.2
121.9875
115.48125
117.425
118.8625
118.43125
124.6125
127.54375
134.5625
145.55
146.24375
140.93125
132.58125
121.8
119.6375
126.39375
130.34375
137.7625
143.95
143.975
149.6125
152.6625
151.325
156.7125
159.84375
161.875
162.88125
161.85625
155.5875
145.41875
136.5625
121.03125
114.21875
115.925
120.58125
132.725
136.11875
132.6875
126.76875
118.04375
118.8875
125.10625
132.9625
142.69375
149.45625
149.275
146.825
140.625
127.075
118.24375
114.475
109.44375
113.36875
116.44375
121.34375
132.0
135.69375
139.84375
136.9875
128.23125
122.10625
115.98125
111.85
111.85
111.85
111.85
