7.64375
7.64375
7.64375
7.64375
7.975
7.975
7.75625
7.36875
6.7375
5.8875
5.425
4.98125
4.975
5.35625
5.8
6.7875
7.7375
8.56875
8.83125
8.93125
8.6
8.19375
7.9
7.4
7.15
6.8625
7.025
7.1875
7.41875
7.775
7.79375
7.4125
6.9125
6.1
5.5125
5.3125
5.05625
4.94375
4.65625
4.39375
4.34375
4.73125
5.24375
5.58125
5.63125
5.18125
4.5125
4.16875
4.1875
4.50625
5.075
5.4875
5.7
6.05
6.475
6.89375
7.1
6.6375
6.05625
5.86875
6.39375
7.26875
8.04375
8.425
7.83125
7.7375
7.675
7.21875
7.3
6.7
6.36875
6.4875
6.80625
7.025
6.99375
6.975
6.35625
6.23125
5.9
5.43125
5.46875
5.5375
6.01875
6.90625
7.85
8.80625
9.15625
9.16875
8.6875
7.75
7.6125
6.98125
6.71875
6.5
5.36875
4.8875
4.3375
4.1125
4.5125
4.825
5.075
5.14375
5.5
5.65625
5.91875
6.24375
5.76875
5.43125
5.03125
4.55
4.46875
4.56875
4.68125
4.90625
5.325
5.7625
6.38125
7.2375
7.65625
7.475
6.91875
6.00625
5.60625
5.59375
6.1625
6.85625
7.25625
7.83125
7.7625
7.4875
6.99375
6.1625
5.375
4.925
4.9625
5.16875
6.0375
6.63125
6.675
6.9375
6.34375
5.94375
5.96875
5.475
5.36875
5.15625
4.95
5.525
6.1875
6.95625
7.46875
7.10625
6.66875
5.925
5.7125
5.8375
6.3
7.38125
7.6625
8.0
7.6
6.56875
6.3375
6.55625
7.575
8.825
9.46875
9.20625
8.3625
7.35
6.5
6.5625
6.9875
7.58125
8.13125
7.825
6.775
5.63125
4.5125
4.0125
4.24375
4.6625
5.3375
5.74375
6.0375
6.40625
6.3375
6.1375
6.0125
5.49375
5.66875
6.1
6.60625
7.54375
7.8
8.05
7.51875
6.58125
5.69375
4.7375
4.51875
4.49375
5.0625
5.5625
6.08125
6.6625
6.3375
6.16875
5.81875
5.4
5.51875
5.40625
5.34375
5.30625
5.425
5.63125
5.71875
6.0125
5.8625
5.825
5.70625
5.15
4.99375
4.78125
4.71875
4.825
4.8625
4.84375
4.8125
4.8875
4.725
4.66875
4.7
4.575
4.75
4.8625
5.05625
5.44375
5.51875
5.56875
5.24375
4.83125
4.74375
4.9625
5.225
5.475
5.4125
4.925
4.85
4.76875
4.9
4.9625
4.89375
4.8
4.75
5.075
5.13125
5.19375
5.13125
4.9375
4.7875
4.91875
5.1125
5.43125
6.38125
6.8625
7.16875
7.35
7.01875
6.9625
7.125
6.9875
6.45
5.6875
4.88125
4.3875
4.44375
4.9625
5.25
5.5875
5.4625
5.13125
4.93125
4.59375
5.13125
5.3625
6.1
6.9375
7.00625
7.35625
6.85625
6.475
6.25625
5.9125
5.975
5.64375
5.20625
5.23125
5.1625
5.35
6.0875
5.975
6.225
6.56875
6.01875
5.8875
5.2875
4.90625
5.03125
5.2125
5.59375
5.125
4.94375
5.19375
5.35
6.28125
6.8625
6.78125
6.875
6.75
6.90625
7.475
8.16875
8.4625
8.06875
7.075
5.4875
4.41875
3.8125
3.99375
4.86875
5.7125
6.6625
6.64375
6.5625
6.1625
5.80625
6.41875
6.38125
6.65
6.36875
5.66875
5.31875
4.91875
5.25625
5.59375
5.975
6.21875
6.16875
6.125
6.13125
6.20625
6.4125
6.55
6.80625
6.9875
6.475
5.875
4.9125
3.95625
4.025
4.2875
4.95
5.93125
6.15
6.44375
6.45
6.04375
5.64375
5.2125
4.75625
4.65
4.88125
4.8125
4.79375
4.5625
4.2375
4.3875
4.8625
5.325
5.91875
6.1625
6.1875
6.18125
6.3125
7.00625
7.8625
8.875
9.225
8.89375
8.0875
7.2125
6.675
6.39375
6.3125
6.04375
5.7875
5.23125
4.9
4.90625
5.45
6.4125
7.15
7.6125
7.0875
6.575
6.38125
6.2375
6.6875
7.1625
7.05
7.15625
7.55625
7.525
7.6875
7.35625
6.1375
5.1875
4.4625
4.05625
4.18125
4.0375
3.8125
3.725
3.65625
4.1375
4.56875
5.11875
6.0125
6.3875
7.05625
7.2375
6.525
6.18125
5.4625
4.9875
5.05
4.65
4.2625
4.325
4.4
4.7875
5.3
5.15625
5.08125
4.99375
5.35
5.66875
5.8625
6.24375
5.6125
5.49375
5.19375
4.86875
5.25625
5.15625
5.20625
5.01875
4.75625
4.5375
4.38125
4.25625
4.1625
4.41875
4.75625
5.15
5.175
5.03125
4.7125
4.45
4.43125
4.8
5.23125
5.54375
6.3875
6.65625
7.09375
7.58125
7.15625
6.69375
5.88125
5.49375
5.7
6.34375
7.3125
7.6625
7.575
7.05625
6.1
5.2875
4.75625
4.625
4.9
5.275
5.775
5.8125
5.7875
5.75
5.2375
5.08125
4.875
4.85
5.3
5.6125
6.325
6.58125
7.075
7.6
7.51875
7.525
6.79375
6.16875
5.50625
5.16875
5.275
5.25
5.4375
5.3125
5.0625
4.7375
4.3625
3.9625
3.4375
3.3625
3.7
4.60625
5.8
6.4375
6.58125
6.0625
5.3125
4.9375
4.6625
4.7125
4.85
4.66875
4.60625
4.7
4.55625
4.525
4.65625
4.3
4.24375
4.4875
4.4625
4.6875
4.9125
4.78125
4.45
4.225
4.1375
4.39375
5.2
5.93125
6.25625
6.5875
6.4625
6.51875
6.6625
6.11875
5.61875
4.625
3.86875
3.625
3.55
4.0625
4.70625
5.35625
5.8875
6.11875
5.9125
5.58125
5.5625
5.475
5.45625
5.9
5.8875
5.85
6.2625
5.78125
5.35625
5.0125
4.26875
4.2625
4.39375
4.6375
4.6375
4.24375
3.9875
3.84375
4.0125
4.275
4.59375
4.44375
4.60625
5.28125
5.5625
6.39375
6.6
5.8375
5.5875
4.93125
4.96875
5.58125
5.825
6.5375
6.65
6.65625
6.58125
5.9375
5.6625
5.675
5.725
5.8375
5.65
5.075
4.7875
4.8625
5.4875
6.46875
7.2125
7.7875
7.625
7.09375
6.84375
6.5
6.6
6.7
6.3625
6.00625
5.525
5.5125
5.9125
6.1625
6.34375
6.14375
5.50625
5.225
5.03125
4.975
5.2125
5.2125
5.1
4.5375
4.325
4.39375
4.75625
5.83125
6.2375
6.5
6.3375
5.5125
5.225
5.08125
5.69375
6.95
7.9375
8.7875
8.875
8.9
8.69375
8.33125
7.90625
6.98125
6.3375
5.7125
5.75625
6.05
6.225
6.625
6.5375
6.2875
5.9
5.34375
4.85625
4.55
4.50625
4.9125
5.78125
6.81875
7.8
7.8125
6.94375
5.6
4.14375
3.5875
3.8125
4.3375
4.99375
5.18125
4.9125
4.775
4.7125
5.00625
5.23125
5.46875
5.45
5.4
5.6875
5.6625
6.1125
5.98125
5.7875
5.6875
5.13125
4.8
4.81875
5.3
5.925
7.06875
7.31875
6.60625
5.83125
4.49375
3.875
4.1125
4.46875
5.04375
5.48125
5.89375
6.4
6.8625
7.01875
6.425
5.7
5.5125
5.94375
6.94375
7.81875
7.625
6.55
5.44375
4.78125
5.26875
6.2375
6.99375
7.23125
6.33125
5.5125
4.94375
4.4875
4.8875
5.2125
5.6375
5.86875
5.675
5.475
5.2875
5.3
5.6375
5.875
5.425
5.21875
4.53125
3.9875
4.2
4.2875
4.81875
5.41875
5.49375
5.58125
5.4
4.99375
4.8
4.325
4.4125
5.0625
5.99375
7.16875
7.7125
7.80625
7.90625
8.21875
8.33125
8.05
7.3125
6.30625
5.79375
5.8375
6.04375
6.325
6.38125
6.25625
6.21875
5.81875
5.8875
5.74375
5.7625
6.19375
6.225
6.475
6.26875
5.95625
5.73125
5.4375
5.1625
4.84375
4.41875
4.15625
4.375
4.6125
4.6875
4.7625
4.25625
3.7
3.6125
3.4625
3.7125
4.26875
4.83125
5.2875
6.16875
6.76875
6.9125
7.2875
7.16875
7.26875
7.55
7.75625
7.56875
7.24375
6.8375
6.1375
5.825
5.44375
5.25625
5.45
5.78125
6.2
6.3875
6.35625
5.8875
5.06875
4.3875
3.9625
4.01875
4.49375
5.14375
5.575
5.83125
5.8125
5.34375
4.71875
4.04375
3.64375
3.64375
3.96875
4.45625
5.28125
6.04375
6.725
7.45
7.725
8.05
8.125
7.73125
7.0875
6.23125
5.775
5.63125
5.7375
5.8875
6.00625
6.28125
6.80625
7.34375
7.25
7.0875
6.1125
5.3
5.05
4.50625
4.60625
4.4375
4.15625
4.1375
4.025
4.1625
4.3
4.78125
5.76875
6.6625
7.49375
7.5875
6.95625
6.3875
6.05
6.1375
6.23125
6.2625
6.35625
6.40625
6.90625
7.5125
7.65625
7.78125
7.4625
6.875
6.35
5.73125
5.21875
4.925
4.8
4.65625
4.79375
4.94375
4.91875
5.05
5.00625
4.7625
5.0625
5.35625
5.7875
6.48125
6.7625
7.00625
7.1375
6.99375
6.75
6.48125
6.2625
6.39375
6.85625
7.5
7.7625
7.6875
7.21875
6.31875
5.99375
5.74375
5.7125
5.95
5.75625
6.0125
6.425
6.7125
7.075
6.48125
5.5
4.56875
3.825
3.86875
4.35
5.075
6.10625
7.04375
7.99375
8.5625
8.31875
7.75625
6.7125
5.99375
5.64375
5.66875
6.0125
6.2625
6.5625
6.30625
5.93125
5.48125
4.9125
5.2875
5.54375
5.54375
5.54375
5.54375
