-0.249375
-0.249375
-0.249375
-0.249375
-0.369375
-0.265625
-0.0725
0.155625
0.276875
0.28
0.408125
0.52625
0.53375
0.475625
0.1975
0.0275
-0.054375
-0.123125
-0.08875
-0.274375
-0.4225
-0.513125
-0.59625
-0.57875
-0.56875
-0.47
-0.33375
-0.19625
-0.06875
-0.168125
-0.36125
-0.58375
-0.843125
-0.935
-0.963125
-0.91125
-0.6675
-0.450625
-0.239375
-0.119375
-0.245625
-0.401875
-0.5075
-0.533125
-0.529375
-0.483125
-0.549375
-0.684375
-0.690625
-0.623125
-0.39625
0.019375
0.34625
0.480625
0.391875
0.08125
-0.10625
-0.195
-0.065
0.0875
0.160625
0.250625
0.289375
0.3675
0.42625
0.468125
0.31625
0.185
-0.064375
-0.225
-0.239375
-0.325625
-0.195
-0.16
-0.006875
0.36125
0.4975
0.541875
0.3575
-0.1375
-0.346875
-0.433125
-0.399375
-0.17875
-0.22125
-0.288125
-0.308125
-0.360625
-0.293125
-0.233125
-0.3025
-0.2575
-0.214375
-0.15625
0.12125
0.32625
0.50125
0.655625
0.5175
0.29375
0.075
-0.02375
0.02375
-0.006875
0.115625
0.015
0.060625
0.18625
0.06375
0.175625
-0.005
0.0125
0.28125
0.2775
0.42
0.404375
0.069375
-0.11125
-0.32625
-0.635
-0.72875
-0.803125
-0.71
-0.44875
-0.221875
0.1625
0.316875
0.283125
0.260625
-0.100625
-0.359375
-0.369375
-0.396875
-0.144375
0.111875
0.1375
0.18875
0.015
-0.08625
-0.11125
-0.08125
0.004375
-0.125
-0.078125
-0.204375
-0.093125
0.170625
0.22125
0.395
0.24125
0.1075
-0.075625
-0.234375
-0.255
-0.3225
-0.26
-0.35375
-0.46125
-0.431875
-0.333125
0.0275
0.385625
0.479375
0.326875
-0.1
-0.353125
-0.4975
-0.489375
-0.255625
-0.134375
0.039375
0.365625
0.59875
0.6125
0.694375
0.49
0.155
0.111875
-0.013125
0.028125
0.1875
0.251875
0.331875
0.346875
0.373125
0.261875
-0.06375
-0.34125
-0.639375
-0.699375
-0.573125
-0.45125
-0.175625
-0.1325
0.06875
0.271875
0.29
0.43
0.411875
0.373125
0.28625
0.173125
-0.04125
-0.26
-0.406875
-0.484375
-0.4775
-0.446875
-0.28125
-0.1025
0.093125
0.40625
0.494375
0.415625
0.348125
0.10375
-0.020625
-0.053125
0.01
0.021875
0.013125
0.01125
-0.208125
-0.36875
-0.53875
-0.686875
-0.65875
-0.590625
-0.406875
-0.30125
-0.31
-0.2675
-0.4375
-0.514375
-0.559375
-0.56125
-0.429375
-0.315
-0.206875
-0.29375
-0.285625
-0.2125
-0.11625
0.0925
0.083125
-0.106875
-0.119375
-0.0875
0.0475
0.28625
0.15125
-0.014375
-0.196875
-0.389375
-0.245625
-0.10625
0.05
0.329375
0.32875
0.18875
0.06
-0.186875
-0.139375
0.035625
0.286875
0.405
0.250625
0.060625
-0.169375
-0.1525
0.079375
0.376875
0.488125
0.41125
0.25875
0.05
-0.061875
-0.025
-0.129375
-0.2075
-0.09125
-0.148125
-0.08
-0.0725
-0.2175
-0.2525
-0.19875
0.05875
0.203125
0.285
0.2925
-0.005
-0.194375
-0.285
-0.366875
-0.115625
0.25875
0.583125
0.718125
0.491875
0.034375
-0.465625
-0.789375
-0.78
-0.544375
-0.061875
0.405625
0.61375
0.736875
0.461875
0.194375
0.0075
-0.388125
-0.553125
-0.6275
-0.660625
-0.38
-0.14875
-0.16125
-0.18125
-0.36
-0.41
-0.25
-0.120625
-0.03875
-0.070625
-0.18
-0.239375
-0.225625
-0.14875
-0.07
-0.029375
-0.023125
-0.12375
-0.05125
-0.001875
0.12375
0.135
-0.059375
-0.225
-0.435
-0.326875
-0.1875
-0.036875
0.113125
0.103125
2.08166817117e-17
-0.0575
-0.096875
-0.150625
-0.133125
-0.078125
0.04375
0.085625
0.295
0.428125
0.380625
0.41625
0.236875
-0.113125
-0.244375
-0.244375
-0.195
0.15125
0.35625
0.305625
0.303125
0.074375
-0.111875
-0.1225
-0.0025
0.20125
0.275
0.244375
0.04125
-0.0475
-0.0275
0.2025
0.4375
0.44375
0.45
0.206875
-0.12875
-0.34625
-0.47625
-0.499375
-0.409375
-0.173125
-0.05
0.16375
0.410625
0.485
0.511875
0.508125
0.455
0.454375
0.526875
0.494375
0.59875
0.5325
0.483125
0.355625
-0.011875
-0.138125
-0.298125
-0.338125
-0.111875
0.036875
0.21
0.343125
0.256875
0.153125
0.1525
0.23375
0.315
0.24
-0.0525
-0.3775
-0.4675
-0.40875
-0.13625
0.235625
0.249375
0.426875
0.339375
0.034375
-0.055625
-0.416875
-0.43375
-0.353125
-0.275625
-0.016875
-0.06625
-0.08
-0.085
-0.24625
-0.16375
-0.105625
-0.130625
-0.035625
-0.20875
-0.389375
-0.471875
-0.6375
-0.649375
-0.524375
-0.44375
-0.115625
0.181875
0.188125
0.319375
0.19125
0.101875
0.33625
0.341875
0.311875
0.231875
-0.190625
-0.510625
-0.57
-0.54375
-0.3025
-0.055
-0.12
-0.22875
-0.386875
-0.545
-0.465
-0.409375
-0.32375
-0.125
0.03375
0.186875
0.33
0.36
0.161875
0.00875
-0.154375
-0.383125
-0.389375
-0.32
-0.245625
0.00375
0.205625
0.220625
0.235625
0.0525
-0.16125
-0.318125
-0.46375
-0.591875
-0.57625
-0.351875
-0.00375
0.41375
0.661875
0.57125
0.184375
-0.240625
-0.590625
-0.79375
-0.674375
-0.47
-0.291875
-0.07625
-0.00625
0.01875
0.050625
0.076875
-0.09
-0.18875
-0.124375
-0.135625
0.0575
0.208125
0.04
-0.0275
-0.1675
-0.285625
-0.241875
-0.2625
-0.104375
-0.034375
0.020625
0.118125
0.0825
-0.00125
0.04375
0.088125
-0.00625
0.089375
-0.02
-0.161875
0.036875
0.01625
0.079375
0.30625
0.15375
0.239375
0.3325
0.113125
0.071875
-0.249375
-0.563125
-0.595
-0.6075
-0.301875
0.106875
0.235625
0.34125
0.28875
0.169375
0.266875
0.35
0.41375
0.391875
0.3075
0.25625
0.224375
0.114375
0.160625
0.215625
0.15625
0.336875
0.2125
0.04125
0.105625
0.048125
0.161875
0.3075
0.22625
0.02875
-0.205
-0.360625
-0.264375
-0.033125
0.178125
0.32125
0.19625
0.13625
0.1575
0.043125
0.01125
-0.19375
-0.436875
-0.565625
-0.674375
-0.5375
-0.2975
0.0625
0.59625
0.838125
0.855
0.643125
0.156875
-0.20875
-0.490625
-0.55125
-0.49
-0.459375
-0.241875
-0.248125
-0.185
0.085625
0.05125
0.090625
-0.04875
-0.45125
-0.568125
-0.61125
-0.5125
-0.3275
-0.228125
-0.203125
-0.11375
-0.041875
-0.04375
0.034375
-0.100625
-0.046875
-0.0625
-0.158125
-0.158125
-0.314375
-0.399375
-0.305625
-0.040625
0.108125
0.38
0.43125
0.211875
0.121875
-0.180625
-0.40125
-0.49875
-0.61875
-0.51125
-0.3025
-0.11875
0.07625
0.176875
0.0825
0.030625
-0.055625
-0.319375
-0.395625
-0.494375
-0.564375
-0.47625
-0.50125
-0.371875
-0.196875
0.18
0.595625
0.68
0.74875
0.45375
0.02875
-0.08625
-0.25
-0.153125
0.054375
-0.005
0.08
-0.02125
-0.03125
0.1325
0.073125
0.21
0.161875
0.169375
0.270625
0.289375
0.42125
0.3375
0.22125
0.050625
-0.16375
-0.185
-0.164375
-0.115625
0.10375
0.17875
0.293125
0.294375
-0.03125
-0.3275
-0.660625
-0.786875
-0.68125
-0.375625
0.06625
0.275625
0.43375
0.435625
0.258125
0.24375
0.229375
0.093125
-0.123125
-0.3825
-0.693125
-0.88375
-0.81875
-0.740625
-0.5925
-0.2825
-0.2275
-0.1025
0.165625
0.126875
0.31375
0.39625
0.1875
0.225
0.05625
0.06125
0.144375
0.008125
-0.015625
-0.129375
-0.1525
-0.040625
0.115625
0.06625
0.090625
0.046875
-0.020625
0.058125
-0.041875
-0.09625
-0.264375
-0.416875
-0.545
-0.509375
-0.45125
-0.360625
-0.24
-0.2775
-0.25625
-0.138125
0.153125
0.425
0.73125
0.88
0.689375
0.419375
0.12625
-0.24
-0.453125
-0.405625
-0.260625
-0.03125
0.2625
0.2175
-0.039375
-0.16125
-0.323125
-0.308125
-0.086875
-0.101875
-0.1
-0.083125
-0.289375
-0.259375
-0.263125
-0.276875
-0.165625
-0.1725
-0.06375
0.0875
0.346875
0.5125
0.59875
0.601875
0.398125
0.22375
-0.128125
-0.3625
-0.5675
-0.656875
-0.5825
-0.68875
-0.70625
-0.820625
-0.89875
-0.758125
-0.553125
-0.121875
0.244375
0.370625
0.335
0.07125
-0.055
-0.06125
-0.01
0.014375
-0.15
-0.306875
-0.4325
-0.500625
-0.3725
-0.251875
-0.000625
0.2675
0.3875
0.485
0.29
0.095
-0.075625
-0.191875
-1.38777878078e-17
0.20125
0.4325
0.71375
0.6825
0.72375
0.575625
0.365
0.30125
0.0225
0.01875
-0.1225
-0.2825
-0.29
-0.41125
-0.44875
-0.35
-0.29
-0.210625
0.055625
0.109375
0.216875
0.17125
0.00125
-0.05875
-0.13625
0.034375
0.150625
0.364375
0.529375
0.446875
0.281875
0.00625
-0.12375
0.031875
0.309375
0.43625
0.361875
0.04125
-0.311875
-0.49375
-0.594375
-0.5075
-0.42125
-0.338125
-0.25375
-0.38125
-0.47375
-0.581875
-0.725
-0.75
-0.765625
-0.765625
-0.765625
-0.765625
