1.010625
1.010625
1.010625
1.010625
1.0675
1.0525
1.0375
0.991875
0.971875
0.99875
0.97875
0.988125
1.001875
0.985625
1.041875
1.066875
1.01625
0.986875
0.8875
0.815
0.813125
0.830625
0.895625
0.983125
1.065625
1.109375
1.103125
1.054375
0.965
0.9075
0.9125
0.913125
0.96875
1.011875
0.998125
1.005625
0.94625
0.898125
0.8775
0.853125
0.851875
0.853125
0.845
0.853125
0.914375
0.9725
1.079375
1.176875
1.24375
1.274375
1.23
1.175625
1.065
0.959375
0.88
0.8125
0.80125
0.843125
0.886875
0.919375
0.934375
0.90375
0.891875
0.915625
0.96375
1.041875
1.104375
1.101875
1.078125
1.0475
1.026875
1.049375
1.080625
1.0775
1.07
1.03625
0.98875
0.95375
0.915625
0.91125
0.9425
0.993125
1.0225
1.030625
0.99125
0.963125
0.969375
0.960625
0.973125
0.935625
0.89
0.870625
0.854375
0.910625
0.961875
1.01375
1.06375
1.075
1.115
1.135
1.1425
1.10125
1.006875
0.945625
0.93125
0.9825
1.03875
1.075625
1.076875
1.085625
1.1575
1.21125
1.22375
1.173125
1.030625
0.905
0.815625
0.79875
0.83125
0.87125
0.938125
0.95625
0.97375
1.0075
1.03375
1.0825
1.13
1.135
1.106875
1.044375
0.995625
0.9475
0.905625
0.88375
0.846875
0.849375
0.876875
0.94
1.011875
1.046875
1.07375
1.053125
1.010625
1.000625
0.985
0.958125
0.941875
0.886875
0.8125
0.806875
0.825
0.884375
1.003125
1.080625
1.1675
1.233125
1.22625
1.1725
1.065625
0.945625
0.859375
0.81875
0.793125
0.785
0.776875
0.77125
0.78
0.8175
0.855
0.9025
0.926875
0.88875
0.894375
0.8975
0.936875
1.024375
1.065625
1.115
1.128125
1.12
1.114375
1.0775
1.07875
1.076875
1.03375
1.000625
0.945625
0.905625
0.950625
0.993125
1.041875
1.070625
1.011875
0.96875
0.916875
0.90875
0.944375
0.956875
0.95875
0.898125
0.830625
0.770625
0.73375
0.73375
0.740625
0.795
0.84125
0.87625
0.935
0.93625
0.9375
0.944375
0.923125
0.911875
0.895
0.87125
0.845
0.815625
0.785
0.768125
0.765
0.78625
0.814375
0.85
0.91
0.946875
0.990625
1.018125
0.983125
0.96375
0.954375
0.95
0.98
1.0075
1.01375
1.006875
0.996875
0.996875
1.004375
1.01625
1.028125
0.9875
0.94375
0.92125
0.8975
0.91875
0.91875
0.91875
0.91875
