0.3875
0.3875
0.3875
0.3875
0.35
0.29375
0.2125
-6.93889390391e-18
-0.14375
-0.28125
-0.39375
-0.225
0.0125
0.10625
0.06875
-0.2
-0.69375
-0.9125
-0.8875
-0.78125
-0.3875
-0.1875
-0.15625
-0.125
-0.225
-0.23125
-0.16875
-0.00625
0.15625
0.2625
0.3625
0.325
0.2625
0.28125
0.275
0.30625
0.38125
0.375
0.3125
0.2625
0.05625
-0.125
-0.3
-0.5
-0.59375
-0.65
-0.54375
-0.4125
-0.125
0.13125
0.29375
0.39375
0.3
0.15625
-0.05625
-0.15625
-0.15625
-0.11875
-0.00625
0.01875
0.00625
0.04375
0.03125
0.06875
0.10625
-0.01875
-0.1875
-0.40625
-0.6625
-0.825
-0.9125
-1.025
-1.16875
-1.13125
-0.94375
-0.7
-0.29375
-0.10625
-0.15
-0.14375
-0.23125
-0.21875
-0.125
-0.1375
-0.21875
-0.44375
-0.64375
-0.75625
-0.75625
-0.51875
-0.3125
-0.16875
0.03125
-0.03125
-0.15
-0.28125
-0.525
-0.6625
-0.675
-0.6125
-0.69375
-0.675
-0.80625
-0.94375
-0.79375
-0.70625
-0.3875
-0.10625
-0.0875
-0.025
-0.09375
-0.2625
-0.16875
-0.1375
-0.16875
0.0375
0.05625
0.0125
0.04375
-0.06875
-0.06875
0.0
0.05625
0.05
1.04083408559e-17
-0.0375
-0.15625
-0.26875
-0.5375
-0.76875
-0.875
-0.9125
-0.65
-0.4125
-0.3625
-0.24375
-0.2875
-0.36875
-0.175
-0.05
0.0625
0.1125
-0.05
-0.14375
-0.21875
-0.1375
-0.0375
-0.06875
-0.125
-0.33125
-0.3625
-0.3375
-0.25
-0.15
-0.21875
-0.26875
-0.35625
-0.325
-0.2
-0.0375
0.05
0.09375
0.03125
-0.10625
-0.10625
-0.20625
-0.21875
-0.24375
-0.29375
-0.14375
-0.15625
-0.175
-0.24375
-0.55
-0.6375
-0.6
-0.575
-0.43125
-0.33125
-0.39375
-0.41875
-0.3375
-0.275
-0.01875
0.15
0.08125
-0.01875
-0.28125
-0.36875
-0.21875
-0.125
0.075
0.15625
0.025
0.0125
-0.05
-0.175
-0.0625
-0.05625
-0.1125
-0.0625
-0.18125
-0.25
-0.2875
-0.35
-0.375
-0.49375
-0.55625
-0.58125
-0.55
-0.29375
-0.0625
0.13125
0.11875
-0.0875
-0.31875
-0.525
-0.5125
-0.4375
-0.2875
-0.29375
-0.33125
-0.4125
-0.59375
-0.5125
-0.425
-0.2125
0.04375
0.15625
0.15625
0.15625
0.15625
