0.0775
0.0775
0.0775
0.0775
0.108875
0.169625
0.163375
0.122
0.1694375
0.076875
0.023375
-0.023875
-0.13525
-0.1321875
-0.1105625
-0.051125
0.0301875
0.079125
0.129375
0.137875
0.134
0.121875
0.0796875
0.0286875
-0.072625
-0.1495625
-0.1478125
-0.1451875
-0.037625
0.095625
0.1345625
0.250625
0.353875
0.3460625
0.347
0.3049375
0.1304375
0.044
-0.0055
-0.086
-0.0328125
0.0023125
0.007375
0.000875
-0.0548125
-0.112
-0.115875
-0.0364375
0.0265
0.0893125
0.0729375
-0.0126875
-0.08575
-0.175875
-0.1905625
-0.235
-0.1900625
-0.073625
0.07175
0.31175
0.439875
0.4721875
0.4014375
0.290875
0.2060625
0.139375
0.106625
0.0588125
-0.0093125
-0.0325
-0.103375
-0.158375
-0.1675625
-0.228375
-0.1534375
-0.0884375
0.0035
0.2183125
0.2859375
0.3560625
0.315
0.095375
-0.082125
-0.2504375
-0.275375
-0.17775
0.012
0.2320625
0.3510625
0.402375
0.3856875
0.3035625
0.246125
0.2510625
0.2379375
0.223625
0.1884375
0.1045625
0.0035
-0.1120625
-0.1705625
-0.203125
-0.1765
-0.06675
0.0068125
0.09325
0.1465
0.157375
0.1320625
0.1011875
0.1144375
0.0953125
0.0800625
0.024875
-0.0645
-0.1446875
-0.139375
-0.1176875
-0.1431875
-0.0915625
-0.114
-0.1623125
-0.1401875
-0.1610625
-0.16025
-0.0583125
0.03325
0.085
0.1359375
0.09525
0.0691875
0.08
0.0999375
0.1538125
0.197
0.242125
0.235875
0.20275
0.0726875
-0.08525
-0.150125
-0.24475
-0.19575
-0.1175625
-0.063125
0.1020625
0.1876875
0.262125
0.2755
0.2421875
0.225
0.173625
0.164125
0.137875
0.0830625
0.0931875
0.0859375
0.01725
-0.0184375
-0.10575
-0.1935
-0.183
-0.1453125
-0.0298125
0.087625
0.1126875
0.0873125
-0.0213125
-0.103125
-0.129375
-0.092625
-0.0186875
0.0364375
0.17175
0.246125
0.2995
0.3615
0.3104375
0.276125
0.22025
0.14625
0.105125
0.08075
0.112125
0.17925
0.2625
0.2488125
0.2109375
0.110625
-0.03325
-0.08525
-0.17125
-0.184875
-0.1630625
-0.164625
-0.091375
-0.0710625
-0.0393125
0.040125
0.0804375
0.129625
0.159375
0.182
0.170625
0.19175
0.212875
0.1634375
0.1231875
0.043
-0.0110625
-0.046625
-0.0050625
0.067125
0.070875
0.121
0.128125
0.07575
0.098625
0.111125
0.0665625
0.085
0.045875
0.0631875
0.151875
0.220875
0.339125
0.34775
0.3673125
0.38775
0.303375
0.2484375
0.077125
-0.112125
-0.1563125
-0.2318125
-0.1636875
-0.0334375
0.0295625
0.1865625
0.27225
0.280875
0.273375
0.230875
0.188
0.1666875
0.1833125
0.1664375
0.12925
0.111375
0.0645625
0.05125
0.1111875
0.1323125
0.173875
0.1724375
0.1430625
0.1445
0.0833125
-0.0055625
-0.155375
-0.2644375
-0.2801875
-0.1946875
-0.0114375
0.1573125
0.3098125
0.4036875
0.417875
0.3804375
0.327
0.2961875
0.2915
0.2805625
0.250875
0.217375
0.200625
0.1923125
0.176625
0.1881875
0.126
0.1671875
0.25125
0.2744375
0.38625
0.350875
0.2646875
0.196
0.0525625
0.0525
0.0661875
0.0696875
0.148625
0.0848125
-0.0103125
-0.1094375
-0.2046875
-0.21275
-0.1670625
-0.0561875
-0.006125
0.026375
0.037375
0.006
-0.00075
0.0054375
0.088625
0.1394375
0.1895
0.240125
0.207
0.1830625
0.1699375
0.165125
0.113625
0.13925
0.1548125
0.05325
0.062375
0.0285
-0.0229375
0.0846875
0.1338125
0.125875
0.111375
0.013125
-0.0543125
-0.0404375
0.0291875
0.117
0.209875
0.2675625
0.2388125
0.1976875
0.05175
-0.112125
-0.176375
-0.283625
-0.2458125
-0.1611875
-0.0609375
0.1566875
0.308
0.412875
0.3993125
0.3390625
0.264125
0.1954375
0.18475
0.1405625
0.0839375
0.046625
0.016
-0.0065
-0.006
-0.0215
-0.0436875
-0.0471875
0.021875
0.1681875
0.28375
0.3360625
0.2771875
0.091125
-0.0641875
-0.1306875
-0.0994375
-0.00275
0.1509375
0.285125
0.339625
0.386625
0.376625
0.334375
0.3173125
0.268625
0.187
0.1181875
0.077375
0.0566875
0.0404375
0.0730625
0.043875
0.0505
0.1141875
0.0966875
0.077875
0.0535625
0.0006875
-0.0473125
0.02725
0.0755
0.1204375
0.22025
0.1415
0.046125
-0.0459375
-0.119875
-0.1149375
-0.0195
0.1371875
0.209375
0.3420625
0.37275
0.290875
0.215625
0.04575
-0.1064375
-0.156
-0.1343125
-0.0293125
0.162875
0.2880625
0.377625
0.48475
0.4713125
0.4388125
0.46425
0.4518125
0.4484375
0.4366875
0.309
0.165625
0.0968125
0.149
0.235125
0.2633125
0.30475
0.1975
0.1459375
0.21025
0.1834375
0.3139375
0.4128125
0.3368125
0.3519375
0.264875
0.1769375
0.2715625
0.285875
0.3315625
0.41375
0.4303125
0.4268125
0.3919375
0.2858125
0.1445
0.16325
0.173
0.21175
0.280125
0.1928125
0.154875
0.141125
0.1736875
0.307125
0.381125
0.4779375
0.5273125
0.4441875
0.3958125
0.2643125
0.1154375
0.07275
0.0805
0.11575
0.2058125
0.2684375
0.2226875
0.2501875
0.2403125
0.254625
0.334375
0.3048125
0.25775
0.2301875
0.1875625
0.1895625
0.23975
0.233875
0.243125
0.2478125
0.235125
0.2134375
0.1928125
0.19225
0.2363125
0.29575
0.3379375
0.3496875
0.2521875
0.1271875
0.0115625
-0.105625
-0.15825
-0.138875
-0.1285
-0.041
0.03325
0.0656875
0.148625
0.21325
0.291125
0.3515
0.3273125
0.2335
0.144
0.10025
0.141125
0.2253125
0.287625
0.3374375
0.291375
0.276375
0.265625
0.239125
0.2661875
0.2371875
0.211625
0.1685625
0.1368125
0.1364375
0.150125
0.2120625
0.2626875
0.228375
0.17575
0.099
0.02225
0.0260625
0.0953125
0.1720625
0.2488125
0.3029375
0.2411875
0.222375
0.1679375
0.169
0.192375
0.107375
0.1111875
0.0555
0.05975
0.1294375
0.1459375
0.218125
0.2925
0.4098125
0.5095625
0.476875
0.44475
0.3621875
0.2730625
0.352375
0.362375
0.372375
0.472875
0.5126875
0.59475
0.6075625
0.5269375
0.361375
0.2380625
0.2019375
0.2199375
0.334625
0.42275
0.4621875
0.43225
0.35875
0.2291875
0.1259375
0.0409375
-0.0279375
-0.074
-0.0870625
0.006
0.157
0.3678125
0.5661875
0.6668125
0.6844375
0.6598125
0.574375
0.43825
0.3009375
0.1375
0.0548125
0.0385
-0.0055
0.0184375
-0.0253125
-0.0790625
0.0106875
0.000625
0.01775
0.0941875
0.056375
0.0733125
0.099125
0.0604375
0.0355
0.05
0.0500625
0.06525
0.091375
0.019875
-0.031625
-0.107125
-0.173125
-0.18325
-0.171
-0.113875
-0.0648125
0.0400625
0.0801875
0.0786875
0.073375
-0.026875
-0.09475
-0.1015625
-0.103625
0.0255
0.194875
0.3254375
0.4119375
0.3615
0.27225
0.196875
0.176
0.2063125
0.23375
0.213
0.1794375
0.136875
0.0683125
0.0085
0.00225
0.00425
0.0601875
0.1795625
0.203125
0.2595625
0.3071875
0.3164375
0.3679375
0.3536875
0.331125
0.324375
0.3063125
0.32775
0.2975625
0.2064375
0.1379375
0.0561875
0.0166875
0.032625
0.0548125
0.0548125
0.0548125
0.0548125
