0.9385625
0.9385625
0.9385625
0.9385625
0.9615625
1.00175
1.057875
1.0756875
1.05975
0.9993125
0.96125
0.9489375
0.975625
1.035125
1.0423125
1.0485625
1.05075
1.030875
1.0485
1.063125
1.0351875
1.0361875
1.033375
1.022125
1.0194375
0.9858125
0.937125
0.94125
0.9615625
1.0105
1.0785625
1.057125
1.03475
0.978375
0.9141875
0.8930625
0.8655
0.856
0.84625
0.8613125
0.890625
0.9135
0.928375
0.8986875
0.858
0.8276875
0.8063125
0.8106875
0.84225
0.8744375
0.9283125
0.969625
0.9643125
0.970375
0.9316875
0.9035
0.9219375
0.906
0.9335
0.9571875
0.933375
0.9734375
0.9791875
0.988875
1.0414375
1.00125
0.9743125
0.945
0.8944375
0.9129375
0.9349375
0.9545625
0.980625
0.975875
0.9595625
0.95275
0.9381875
0.9444375
0.9633125
0.9679375
0.9579375
0.9220625
0.8985
0.889625
0.921625
0.9684375
0.973
0.9656875
0.9211875
0.8769375
0.8853125
0.9023125
0.9500625
1.03775
1.119625
1.237625
1.32375
1.32325
1.260875
1.1580625
1.066875
1.0505
1.07025
1.04525
1.0693125
1.042625
1.065
1.176875
1.244
1.33375
1.37875
1.333375
1.333375
1.333375
1.333375
