4.8375
4.8375
4.8375
4.8375
5.1625
4.9875
4.45625
4.16875
3.66875
3.05
2.6
2.10625
2.05
2.25625
2.475
2.7375
2.73125
2.73125
2.675
2.61875
2.51875
2.5625
2.6625
2.80625
2.8625
3.01875
3.2125
3.725
4.525
4.85625
5.35625
5.3125
4.89375
4.9125
4.79375
4.6375
4.75625
4.4375
3.7125
3.24375
2.73125
2.4375
2.875
3.2375
3.6375
4.0375
3.81875
3.89375
3.93125
4.1875
4.7625
4.86875
4.98125
4.4625
3.81875
3.525
3.4375
3.95625
4.64375
5.05
5.025
4.80625
4.2625
3.8625
3.6875
3.5875
3.6625
3.7375
3.8
3.4875
3.0125
2.71875
2.79375
3.6125
4.6
5.18125
5.18125
4.3375
3.73125
3.6
3.50625
3.9625
4.11875
3.78125
4.025
3.95625
3.73125
3.99375
3.60625
3.43125
3.6625
3.6625
3.91875
4.13125
3.9625
3.5625
3.25625
2.89375
2.91875
3.275
3.45625
3.69375
3.7375
3.5125
3.18125
2.99375
2.6625
2.89375
3.70625
4.5
5.4375
5.5625
4.925
3.91875
3.025
2.5875
2.475
2.55625
2.625
3.0
3.6
4.2375
4.51875
4.23125
3.5625
3.2375
3.20625
3.4125
4.0
4.06875
4.30625
4.3
3.91875
3.75
3.16875
2.80625
2.63125
2.425
2.3875
2.5375
2.95
3.225
3.53125
3.725
3.65625
3.9375
4.44375
4.8
4.89375
4.91875
4.76875
4.9125
5.725
6.39375
6.8
6.9875
6.55625
5.875
5.775
5.53125
5.53125
5.53125
5.53125
