-0.0625
-0.0625
-0.0625
-0.0625
-0.075
-0.115
-0.1575
-0.194375
-0.16
-0.128125
-0.065
-0.005
0.019375
0.0525
0.031875
0.0075
-0.021875
-0.055625
-0.04375
-0.03
-0.00625
0.031875
0.0325
0.033125
0.043125
0.03875
0.0575
0.071875
0.055
0.02375
-0.016875
-0.06125
-0.09125
-0.119375
-0.123125
-0.10625
-0.08625
-0.05375
-0.0675
-0.09375
-0.11625
-0.124375
-0.093125
-0.0475
-0.01875
-0.010625
-0.015
-0.048125
-0.06125
-0.068125
-0.07625
-0.0825
-0.06625
-0.05
-0.04375
-0.0125
-0.041875
-0.066875
-0.080625
-0.091875
-0.071875
-0.06125
-0.0425
-0.05375
-0.060625
-0.043125
-0.015
0.015625
0.04125
0.033125
0.014375
0.01625
0.018125
0.021875
-0.009375
-0.049375
-0.075
-0.078125
-0.0625
-0.039375
-0.030625
-0.015
0.020625
0.043125
0.05125
0.026875
-0.014375
-0.0575
-0.08875
-0.103125
-0.11125
-0.11125
-0.10625
-0.1025
-0.09375
-0.058125
-0.025
0.0225
0.061875
0.055
0.048125
0.008125
-0.015625
0.01
0.035625
0.08
0.09125
0.0475
-0.00125
-0.058125
-0.096875
-0.115
-0.12375
-0.1175
-0.11
-0.079375
-0.0575
-0.049375
-0.0375
-0.063125
-0.091875
-0.10375
-0.12
-0.09875
-0.07
-0.034375
0.00125
-0.00125
-0.00375
-0.023125
-0.045
-0.0425
-0.013125
0.026875
0.0675
0.125625
0.141875
0.118125
0.115
0.091875
0.099375
0.128125
0.088125
0.020625
-0.0825
-0.200625
-0.21875
-0.189375
-0.133125
-0.05375
-0.05125
-0.06875
-0.095
-0.088125
-0.04625
-0.044375
-0.03875
-0.03875
-0.0475
-0.011875
0.0425
0.041875
0.041875
0.035625
0.000625
-0.0025
0.021875
0.050625
0.071875
0.086875
0.01625
-0.06375
-0.131875
-0.23375
-0.2275
-0.218125
-0.204375
-0.120625
-0.07625
-0.03
0.02
0.034375
0.0125
-0.0175
-0.036875
-0.0275
0.003125
0.07625
0.141875
0.15
0.1675
0.1225
0.0425
-0.015
-0.078125
-0.109375
-0.110625
-0.069375
-0.039375
-0.015625
0.005625
-0.02875
-0.04125
-0.0475
-0.036875
-0.011875
0.02
0.06
0.083125
0.104375
0.081875
0.034375
-0.025625
-0.050625
-0.034375
0.0175
0.075625
0.106875
0.12375
0.0925
0.071875
0.059375
0.045
0.0575
0.08
0.094375
0.125
0.15375
0.15125
0.14875
0.081875
0.013125
-0.021875
-0.103125
-0.10375
-0.100625
-0.114375
-0.0625
-0.03875
-0.016875
0.013125
0.028125
0.030625
0.02875
-0.00375
-0.02625
-0.030625
-0.033125
-0.0175
-0.030625
-0.06
-0.094375
-0.124375
-0.115
-0.085625
-0.04875
-0.005625
-0.016875
-0.016875
-0.009375
-0.008125
0.0225
0.003125
-0.01875
-0.078125
-0.133125
-0.1425
-0.159375
-0.1075
-0.06125
-0.0525
-0.036875
-0.025625
-0.01
0.024375
0.0525
0.021875
-0.011875
-0.04375
-0.078125
-0.07125
-0.09
-0.1125
-0.12875
-0.154375
-0.11625
-0.084375
-0.051875
-0.02375
-0.0525
-0.063125
-0.08125
-0.090625
-0.076875
-0.08
-0.050625
-0.000625
0.0325
0.081875
0.083125
0.034375
0.035625
0.025
0.033125
0.06125
0.0225
0.003125
0.010625
0.028125
0.04375
0.02375
-0.05875
-0.14625
-0.144375
-0.119375
-0.044375
0.02625
0.01125
-0.0125
-0.053125
-0.083125
-0.055625
-0.019375
0.01625
0.045625
0.015625
0.00625
0.006875
0.005625
0.04
0.03875
0.059375
0.069375
0.09375
0.139375
0.1
0.0875
0.029375
-0.069375
-0.0725
-0.094375
-0.074375
-0.004375
0.01375
0.03625
0.05
0.02625
0.03125
0.03625
0.00625
-0.001875
-0.02625
-0.048125
-0.04375
-0.05
-0.054375
-0.096875
-0.13625
-0.165
-0.20625
-0.18125
-0.15875
-0.153125
-0.125
-0.120625
-0.11875
-0.094375
-0.081875
-0.07625
-0.065625
-0.060625
-0.035
-0.009375
0.030625
0.07875
0.09375
0.12125
0.1175
0.10125
0.099375
0.085
0.080625
0.0575
0.04875
0.02125
0.004375
0.010625
0.0025
0.013125
0.038125
0.060625
0.064375
0.086875
0.05375
0.01875
-0.005625
-0.06125
-0.044375
-0.004375
0.07875
0.16
0.180625
0.155
0.094375
0.055
0.0325
0.03125
-0.005
-0.048125
-0.083125
-0.12125
-0.1125
-0.098125
-0.0875
-0.07125
-0.070625
-0.07375
-0.06875
-0.064375
-0.051875
-0.055625
-0.065625
-0.071875
-0.086875
-0.0525
-0.02
0.031875
0.1175
0.140625
0.18
0.16125
0.085625
0.0675
0.020625
0.035625
0.078125
0.06
0.058125
0.0025
-0.050625
-0.0725
-0.098125
-0.069375
-0.048125
-0.0075
0.06
0.086875
0.12125
0.119375
0.0625
0.015625
-0.029375
-0.0625
-0.038125
-0.01375
-0.008125
0.009375
-0.023125
-0.03375
0.005
0.056875
0.15375
0.213125
0.215
0.188125
0.11625
0.063125
0.055
0.038125
0.03875
0.034375
-0.02
-0.055
-0.08
-0.08875
-0.04
0.00375
0.065
0.113125
0.09375
0.078125
0.01625
-0.04875
-0.06625
-0.088125
-0.085
-0.076875
-0.07625
-0.080625
-0.08875
-0.096875
-0.1125
-0.111875
-0.104375
-0.1275
-0.145
-0.16625
-0.198125
-0.16875
-0.113125
-0.064375
-0.005625
0.025
-0.00625
-0.0325
-0.063125
-0.098125
-0.08375
-0.0575
-0.031875
0.0225
0.055625
0.050625
0.036875
-0.024375
-0.07375
-0.0675
-0.036875
0.0125
0.079375
0.09375
0.091875
0.0825
0.025625
0.01
-0.00875
-0.00875
0.04375
0.053125
0.06
0.055
-0.0025
-0.015
-0.0075
0.019375
0.07125
0.07375
0.08625
0.055
0.038125
0.016875
-0.026875
-0.03375
-0.055
-0.021875
-0.01375
-0.015625
-0.036875
-0.066875
-0.07375
-0.078125
-0.060625
-0.045
-0.028125
-0.01375
0.023125
0.02875
0.0275
0.021875
-0.00875
-0.01625
-0.008125
0.004375
-0.01
-0.026875
-0.045625
-0.0725
-0.068125
-0.053125
-0.05125
-0.02875
-0.01625
-0.01625
-0.0025
-0.005625
-0.01
-0.033125
-0.065
-0.0925
-0.09875
-0.08
-0.064375
-0.0425
-0.04125
-0.023125
0.0275
0.065
0.10875
0.1
0.06375
0.04125
0.01875
0.00625
-0.033125
-0.066875
-0.07125
-0.018125
0.08875
0.164375
0.2
0.1975
0.168125
0.186875
0.16625
0.145625
0.1025
0.0275
0.060625
0.066875
0.120625
0.130625
0.05875
0.02375
-0.06125
-0.074375
-0.0375
-0.0175
0.0275
0.040625
0.0175
0.025
0.034375
0.05625
0.068125
0.040625
0.034375
0.0425
0.07
0.129375
0.140625
0.13375
0.109375
0.07875
0.06875
0.02875
0.030625
-0.0075
-0.0225
0.006875
0.0375
0.128125
0.18125
0.225625
0.221875
0.15875
0.133125
0.053125
0.00875
-0.004375
-0.03625
-0.0025
0.00625
0.003125
3.46944695195e-18
-0.019375
-0.028125
-0.026875
-0.04
-0.03
-0.01625
0.005625
0.0375
0.0325
0.02125
0.00375
0.009375
0.00625
0.005625
0.005625
-0.0325
-0.04625
-0.051875
-0.0375
0.02375
0.075
0.118125
0.111875
0.050625
0.00125
-0.044375
-0.064375
-0.054375
-0.0575
-0.05
-0.04
-0.035
-0.019375
-0.02875
-0.035
-0.043125
-0.04125
-0.029375
-0.021875
-0.000625
-0.0125
-0.03375
-0.053125
-0.08625
-0.09875
-0.099375
-0.108125
-0.113125
-0.115625
-0.105625
-0.09
-0.04375
-0.00875
0.028125
0.0725
0.056875
0.04875
0.0075
-0.02
0.01
0.058125
0.13125
0.15875
0.138125
0.106875
0.0675
0.078125
0.103125
0.099375
0.099375
0.0475
0.001875
-0.0275
-0.063125
-0.0675
-0.071875
-0.081875
-0.070625
-0.049375
-0.00125
0.07125
0.11
0.12
0.045
-0.04875
-0.10875
-0.156875
-0.08875
-0.01625
0.025
0.05875
0.0075
-0.04375
-0.080625
-0.095625
-0.065
-0.009375
0.03375
0.0675
0.055625
0.010625
-0.01875
-0.0525
-0.070625
-0.095
-0.113125
-0.13375
-0.119375
-0.07625
-0.0425
-0.0125
0.01875
0.035625
0.066875
0.120625
0.12
0.106875
0.060625
-0.001875
-0.008125
-0.00375
0.019375
0.035
0.00125
-0.02875
-0.054375
-0.03625
-0.008125
0.018125
0.054375
0.045625
0.0575
0.09
0.108125
0.118125
0.13875
0.118125
0.07875
0.0625
0.015
-0.01875
-0.065
-0.128125
-0.19
-0.244375
-0.231875
-0.199375
-0.150625
-0.110625
-0.08375
-0.06875
-0.054375
-0.021875
-0.011875
0.02625
0.0575
0.095625
0.113125
0.094375
0.105625
0.073125
0.059375
0.05375
-0.0025
0.003125
0.035625
0.1
0.173125
0.21375
0.2
0.135625
0.1
0.024375
-0.0225
-0.050625
-0.104375
-0.083125
-0.05625
-0.0225
0.03375
0.0275
0.011875
-0.00875
-0.046875
-0.058125
-0.065625
-0.068125
-0.045625
-0.0125
0.02625
0.0575
0.055625
0.026875
-0.01125
-0.041875
-0.070625
-0.0875
-0.098125
-0.10875
-0.069375
-0.025
0.021875
0.061875
0.04125
0.018125
0.003125
-0.00125
0.01125
0.02375
0.02375
0.03
0.044375
0.08375
0.110625
0.108125
0.101875
0.068125
0.045
0.036875
0.049375
0.04375
0.04
0.03
-0.01125
-0.03625
-0.06375
-0.05625
-0.0425
-0.024375
-0.01375
-0.04875
-0.0775
-0.108125
-0.11875
-0.110625
-0.1025
-0.100625
-0.08125
-0.035
0.01125
0.0925
0.12125
0.123125
0.13125
0.123125
0.135625
0.120625
0.0975
0.02625
-0.04125
-0.07625
-0.11375
-0.105625
-0.091875
-0.0875
-0.074375
-0.069375
-0.0675
-0.061875
-0.060625
-0.0575
-0.070625
-0.0825
-0.099375
-0.115625
-0.105
-0.090625
-0.070625
-0.053125
-0.025625
-0.006875
0.003125
0.010625
-0.03125
-0.076875
-0.10625
-0.12875
-0.120625
-0.09625
-0.076875
-0.06625
-0.05875
-0.03
0.011875
0.048125
0.07125
0.0625
0.01
-0.02
-0.025
-0.054375
-0.041875
-0.046875
-0.064375
-0.063125
-0.078125
-0.095625
-0.113125
-0.115625
-0.11625
-0.10625
-0.081875
-0.05875
-0.013125
0.03375
0.049375
0.059375
0.02625
-0.00875
-0.036875
-0.100625
-0.148125
-0.198125
-0.21125
-0.1625
-0.106875
-0.046875
-0.02625
0.0
0.019375
0.03
0.05
0.01125
-0.004375
-0.015625
-0.008125
0.018125
0.025625
0.030625
0.005625
-0.01125
-0.045
-0.07125
-0.085625
-0.0875
-0.074375
-0.06875
-0.04375
-0.03125
-0.015
0.00625
0.010625
0.016875
0.019375
0.02125
0.00625
-0.018125
-0.04875
-0.08125
-0.0925
-0.090625
-0.070625
-0.088125
-0.114375
-0.12375
-0.140625
-0.084375
-0.019375
0.015
0.069375
0.113125
0.165
0.20625
0.2025
0.13625
0.0575
0.01625
-0.000625
0.0575
0.115625
0.1425
0.188125
0.1475
0.088125
0.034375
-0.065
-0.069375
-0.050625
-0.024375
0.025
0.028125
0.02875
0.020625
0.01875
-0.01125
-0.0475
-0.0675
-0.091875
-0.068125
-0.041875
-0.019375
0.025625
0.038125
0.0525
0.0575
0.015
-0.019375
-0.049375
-0.069375
-0.066875
-0.0575
-0.0575
-0.098125
-0.129375
-0.1675
-0.200625
-0.175
-0.1625
-0.14125
-0.113125
-0.119375
-0.113125
-0.096875
-0.0875
-0.045625
-0.016875
0.005625
0.020625
0.011875
0.0375
0.02
-0.02
-0.07625
-0.168125
-0.215
-0.20125
-0.1575
-0.124375
-0.07625
-0.058125
-0.01625
0.03625
0.03875
0.059375
0.024375
0.005625
0.001875
-0.035625
-0.054375
-0.08625
-0.1
-0.098125
-0.095
-0.086875
-0.080625
-0.0875
-0.07875
-0.05875
-0.046875
-0.01
0.011875
0.02
0.025625
0.01875
-0.000625
-0.015
-0.020625
-0.02875
-0.02875
-0.01875
-0.013125
-0.015
-0.014375
-0.02625
-0.038125
-0.025625
-0.006875
-0.038125
-0.071875
-0.121875
-0.18875
-0.17
-0.14625
-0.10625
-0.04375
-0.018125
-0.0075
-0.030625
-0.065625
-0.110625
-0.135625
-0.11375
-0.085625
-0.03375
0.03
0.039375
0.044375
0.036875
0.01
0.005
5.20417042793e-18
-0.003125
-0.033125
-0.053125
-0.085625
-0.124375
-0.12625
-0.13375
-0.11875
-0.0825
-0.05875
-0.031875
0.01
0.018125
0.02875
0.036875
-0.0075
-0.01
-0.01
-0.0075
0.0225
0.0025
-0.0225
-0.05
-0.073125
-0.06875
-0.058125
-0.0475
-0.043125
-0.05375
-0.041875
-0.034375
-0.020625
0.018125
0.028125
0.034375
0.029375
0.0025
-0.08
-0.1775
-0.275625
-0.3575
-0.323125
-0.2325
-0.12625
-0.024375
-0.015625
-0.0375
-0.0675
-0.098125
-0.08125
-0.041875
-0.0025
0.058125
0.101875
0.09125
0.0825
0.02125
-0.01625
-0.0325
-0.0525
-0.043125
-0.073125
-0.08375
-0.088125
-0.07375
-0.036875
-0.0125
-0.005
-0.008125
-0.009375
-0.005
0.03875
0.051875
0.058125
0.0725
0.045625
0.04125
0.054375
0.038125
0.035625
0.0475
0.044375
0.05125
0.054375
0.019375
-0.035
-0.075625
-0.106875
-0.090625
-0.048125
0.004375
0.06625
0.09
0.100625
0.08
0.006875
-0.054375
-0.08
-0.0925
-0.045625
0.02125
0.03375
0.04375
0.030625
-0.015
-0.02125
-0.023125
-0.0425
-0.046875
-0.08
-0.114375
-0.105625
-0.10125
-0.085
-0.06125
-0.06125
-0.050625
-0.044375
-0.021875
0.025625
0.079375
0.136875
0.14625
0.09625
0.041875
-0.00125
0.005625
0.0325
0.02625
0.03875
0.015625
0.03
0.069375
0.084375
0.095625
0.106875
0.145625
0.144375
0.1825
0.169375
0.103125
0.086875
0.045625
0.060625
0.116875
0.185625
0.24375
0.250625
0.225625
0.138125
0.046875
-0.023125
-0.11125
-0.15375
-0.181875
-0.218125
-0.161875
-0.11375
-0.068125
0.0225
0.02
0.044375
0.06875
0.035625
0.045
-0.004375
-0.050625
-0.051875
-0.033125
0.049375
0.133125
0.194375
0.200625
0.1525
0.105
0.030625
-0.02375
-0.05375
-0.071875
-0.07125
-0.025625
0.01625
-0.00625
0.014375
-0.0325
-0.0775
-0.0225
-0.025
0.0025
0.0275
-0.014375
-0.031875
-0.05
-0.0675
-0.05125
-0.05125
-0.045625
-0.04625
-0.078125
-0.08125
-0.086875
-0.071875
-0.045
-0.07
-0.10375
-0.155
-0.20375
-0.1775
-0.143125
-0.09875
-0.051875
-0.08
-0.143125
-0.196875
-0.228125
-0.184375
-0.07
0.040625
0.12625
0.174375
0.1975
0.186875
0.115625
0.065
-0.0125
-0.07375
-0.05125
-0.0575
-0.054375
-0.051875
-0.0625
-0.091875
-0.096875
-0.086875
-0.086875
-0.05
-0.024375
-0.006875
0.00875
0.039375
0.04125
0.025625
0.018125
-0.011875
-0.000625
0.0475
0.083125
0.11625
0.108125
0.080625
0.06125
0.016875
-0.01125
-0.0375
-0.04875
-0.033125
-0.015625
0.019375
0.025
-0.00875
-0.04
-0.109375
-0.173125
-0.16625
-0.159375
-0.1325
-0.098125
-0.099375
-0.098125
-0.07875
-0.068125
-0.0525
-0.049375
-0.079375
-0.09125
-0.10125
-0.09375
-0.1075
-0.14125
-0.185625
-0.236875
-0.22125
-0.18375
-0.13375
-0.084375
-0.061875
-0.063125
-0.0725
-0.0775
-0.0725
-0.018125
0.0525
0.10625
0.133125
0.085
0.0225
-0.0275
-0.079375
-0.079375
-0.09875
-0.105625
-0.098125
-0.119375
-0.120625
-0.136875
-0.140625
-0.115625
-0.089375
-0.0625
-0.050625
-0.06
-0.066875
-0.0675
-0.038125
0.003125
0.053125
0.093125
0.079375
0.058125
0.010625
-0.03
-0.043125
-0.02875
-0.003125
0.023125
0.045625
0.019375
0.009375
-0.0025
0.015625
0.073125
0.096875
0.121875
0.094375
0.031875
-0.01125
-0.0525
-0.074375
-0.07625
-0.078125
-0.0875
-0.09
-0.093125
-0.095625
-0.095625
-0.128125
-0.161875
-0.194375
-0.233125
-0.205
-0.174375
-0.120625
-0.05125
-0.015625
0.018125
-0.00125
-0.0275
-0.0575
-0.08
-0.074375
-0.07
-0.06625
-0.075625
-0.0775
-0.07625
-0.0475
-0.00625
0.020625
0.045
0.021875
-0.014375
-0.043125
-0.055
-0.021875
0.018125
0.049375
0.044375
-0.008125
-0.058125
-0.09
-0.0975
-0.075625
-0.05625
-0.019375
0.008125
0.024375
0.045
0.015
0.008125
0.035625
0.0525
0.090625
0.090625
0.028125
-0.03625
-0.09875
-0.1225
-0.07625
-0.009375
0.055
0.083125
0.068125
0.040625
0.040625
0.054375
0.059375
0.06625
0.023125
-0.015625
-0.035
-0.070625
-0.076875
-0.0825
-0.095625
-0.08
-0.045625
-0.015625
0.019375
0.025625
-0.014375
-0.0525
-0.085625
-0.09625
-0.088125
-0.059375
-0.035625
-0.018125
0.00375
-0.013125
-0.0325
-0.05375
-0.0775
-0.083125
-0.05875
-0.03
0.020625
0.099375
0.120625
0.160625
0.161875
0.111875
0.095625
0.03125
-0.01125
-0.00625
0.010625
0.0525
0.109375
0.134375
0.09375
0.0675
0.010625
-0.07625
-0.0825
-0.121875
-0.15
-0.151875
-0.179375
-0.18625
-0.20375
-0.159375
-0.1225
-0.083125
-0.004375
0.0325
0.099375
0.1825
0.224375
0.23125
0.183125
0.10625
0.03125
-0.018125
-0.0425
-0.050625
-0.00875
0.041875
0.0975
0.118125
0.071875
0.01625
-0.041875
-0.04375
-0.011875
0.02375
0.061875
0.045625
0.019375
-0.00875
-0.045
-0.05625
-0.054375
-0.05875
-0.051875
-0.0475
-0.0275
0.000625
0.010625
0.050625
0.0675
0.1075
0.17
0.1675
0.141875
0.083125
-0.006875
-0.024375
0.004375
0.026875
0.089375
0.116875
0.091875
0.083125
0.059375
0.010625
-0.0025
-0.024375
-0.05125
-0.053125
-0.06125
-0.055625
-0.044375
-0.02875
0.0075
0.0225
0.026875
0.019375
-0.029375
-0.056875
-0.056875
-0.056875
-0.056875
