6.58125
6.58125
6.58125
6.58125
6.2125
6.13125
6.31875
6.6875
7.51875
7.74375
7.9125
7.9375
7.5625
7.6
7.975
8.7375
9.10625
8.86875
7.89375
6.63125
6.15625
6.14375
6.725
7.225
7.1
6.85625
6.175
5.64375
5.18125
5.16875
5.45625
5.9375
6.76875
6.80625
6.9125
6.6375
6.175
6.33125
6.63125
7.01875
7.2125
6.875
6.26875
5.85625
5.54375
5.6375
5.2375
4.9125
4.775
4.54375
4.9
4.8625
5.13125
5.40625
5.5875
6.05625
5.91875
6.16875
6.6125
6.9875
7.38125
7.13125
6.5
6.275
6.63125
7.28125
8.28125
8.7
8.325
7.7125
6.775
5.8
5.625
5.5875
5.6125
5.8625
5.53125
5.3125
5.6875
6.1125
6.9
7.78125
7.76875
7.4625
6.575
5.3875
4.81875
4.66875
5.31875
6.3375
7.0875
7.55625
7.375
6.58125
5.65625
5.09375
4.63125
4.7375
5.25625
5.34375
5.58125
5.59375
4.99375
4.625
4.425
4.45625
5.03125
5.48125
5.8125
5.7375
5.40625
5.1375
4.81875
4.825
5.2375
5.84375
6.23125
6.5
6.6375
6.55625
6.8625
7.1875
7.08125
7.0
6.64375
6.51875
6.44375
6.6
6.95
7.25
7.8
7.725
7.4125
6.7125
6.3625
6.2375
6.48125
7.1375
6.9
6.99375
6.86875
6.35625
6.4375
6.35625
6.25
6.3
6.15
6.00625
5.75625
5.4
5.43125
5.35625
5.51875
5.91875
5.9
6.20625
6.24375
6.175
6.575
7.01875
7.61875
8.2
8.04375
7.05625
6.26875
5.54375
5.05625
5.5125
5.8
5.85
6.2875
6.275
6.1875
6.44375
6.4
6.3375
6.55625
6.64375
6.7375
7.25625
7.54375
7.65
8.30625
8.625
8.45
8.43125
7.93125
7.43125
7.66875
7.81875
7.575
7.1
6.63125
6.3
6.525
7.2125
7.25625
7.4375
7.29375
6.7375
6.575
6.1
5.93125
6.125
6.50625
7.41875
8.23125
8.46875
8.49375
7.71875
6.70625
6.48125
6.33125
6.4875
6.74375
6.4
5.7875
5.58125
5.75625
6.1625
6.69375
6.7
6.625
6.45625
6.475
6.86875
7.05625
7.3125
7.875
8.50625
8.93125
9.20625
8.63125
7.825
7.03125
6.5375
6.69375
6.2875
6.225
5.75
4.925
4.825
4.55625
4.6625
5.31875
5.71875
6.40625
7.15
7.09375
7.13125
6.50625
5.7125
5.5375
5.40625
5.85625
6.5375
6.975
7.6375
7.98125
7.7
7.4
6.83125
6.73125
6.84375
6.8375
6.83125
6.4875
6.4875
6.83125
6.95625
7.08125
7.1875
7.1125
7.65625
7.8
7.575
7.58125
6.95625
6.79375
7.35
7.46875
8.05
8.45625
7.96875
7.7125
6.775
6.0625
6.15
6.39375
7.0875
7.60625
7.49375
6.8625
6.68125
6.5625
6.90625
7.71875
7.63125
7.4625
6.79375
6.2
6.10625
6.1625
6.525
6.11875
5.79375
5.63125
5.2625
5.76875
6.01875
6.0375
6.175
6.25
6.44375
6.36875
6.4
5.84375
5.2375
4.95625
4.6
4.7375
4.89375
5.3875
6.10625
6.85
7.91875
8.34375
8.5875
8.3125
7.61875
7.03125
6.2
5.79375
5.65
5.79375
6.0625
6.49375
7.0
7.15625
7.4875
7.3625
6.85
6.76875
6.625
6.44375
6.44375
6.24375
6.08125
6.275
6.38125
6.33125
6.33125
6.325
6.2625
6.66875
6.6375
6.16875
5.9875
4.95625
4.425
4.225
3.94375
4.275
4.3375
4.625
4.71875
5.125
5.725
6.4375
7.20625
7.3125
7.54375
6.9875
6.50625
6.31875
5.9125
6.00625
6.5125
6.975
7.05625
7.21875
6.96875
6.5125
6.4375
6.1
5.3125
4.74375
4.55625
4.5
4.94375
5.4375
5.48125
5.53125
5.7
5.89375
6.06875
6.425
6.84375
7.21875
7.68125
7.6
6.83125
5.99375
5.2625
5.21875
5.75
6.33125
6.58125
6.15625
5.95
5.675
5.6
6.175
6.4125
6.49375
6.63125
6.16875
5.29375
4.8
4.23125
3.95625
4.50625
4.74375
5.51875
6.3625
6.54375
6.7625
5.975
5.21875
4.78125
4.93125
5.59375
6.15
6.6125
6.33125
6.29375
6.325
6.09375
6.13125
5.85625
5.3625
5.2375
5.09375
5.125
5.40625
5.56875
5.69375
5.94375
6.5
6.98125
7.43125
7.2
6.3
5.89375
5.6625
5.93125
6.4875
6.84375
6.875
7.025
7.06875
6.68125
6.75625
6.49375
6.65625
7.1125
7.325
7.65
7.15625
6.375
5.4625
4.66875
4.44375
4.575
5.175
5.6125
5.90625
5.94375
5.375
4.8375
4.40625
4.41875
4.71875
5.25
5.925
6.23125
6.36875
6.5375
6.46875
6.4875
6.65625
6.63125
6.50625
6.34375
6.24375
6.14375
6.3125
6.51875
6.6625
6.80625
6.75625
6.35625
5.9
5.075
4.20625
4.025
4.0625
5.04375
6.38125
7.075
7.425
6.93125
6.0
5.85
6.1125
6.73125
7.54375
7.4625
6.93125
6.09375
5.425
5.55625
5.9125
6.6375
7.425
7.63125
7.99375
8.225
8.01875
7.7625
7.175
6.40625
6.05
5.94375
5.9125
6.25625
6.05625
6.05625
6.05625
6.05625
