0.021875
0.021875
0.021875
0.021875
0.1125
0.13125
0.153125
0.140625
0.085
-0.001875
-0.116875
-0.206875
-0.298125
-0.270625
-0.211875
-0.1375
-0.015625
0.028125
0.07875
0.11125
0.109375
0.135625
0.129375
0.13125
0.114375
0.038125
0.003125
-0.0625
-0.10625
-0.08125
-0.078125
-0.053125
-0.015625
-0.01875
-0.01875
-0.0125
-0.040625
-0.04
-0.064375
-0.066875
-0.0475
-0.03875
0.02625
0.04125
-6.93889390391e-18
-0.028125
-0.13125
-0.209375
-0.175
-0.16875
-0.078125
0.053125
0.115625
0.165625
0.15625
0.0375
-0.121875
-0.284375
-0.459375
-0.515625
-0.521875
-0.440625
-0.28125
-0.171875
0.0125
0.1375
0.1375
0.115625
-0.003125
-0.115625
-0.084375
-0.03125
0.05625
0.071875
-0.05
-0.15
-0.2625
-0.24375
-0.0875
0.065625
0.18125
0.240625
0.2125
0.13125
0.0875
0.028125
-0.0625
-0.125
-0.15
-0.1875
-0.175
-0.159375
-0.19375
-0.209375
-0.19375
-0.171875
-0.1625
-0.1375
-0.140625
-0.121875
-0.03125
0.046875
0.146875
0.24375
0.284375
0.321875
0.303125
0.25625
0.228125
0.18125
0.20625
0.2375
0.259375
0.325
0.315625
0.285
0.179375
0.026875
-0.078125
-0.15
-0.11875
-0.090625
-0.073125
-0.09875
-0.133125
-0.1175
-0.135625
-0.100625
-0.1075
-0.1175
-0.065
-0.05625
-0.05
-0.090625
-0.184375
-0.234375
-0.225
-0.175
-0.078125
-0.021875
-0.00625
-0.01875
-0.08125
-0.10875
-0.108125
-0.12
-0.085
-0.048125
-0.0175
0.075625
0.144375
0.1575
0.136875
0.063125
-0.055625
-0.165
-0.25375
-0.376875
-0.4525
-0.5
-0.56875
-0.5875
-0.540625
-0.428125
-0.275
-0.053125
0.071875
0.09375
0.09375
0.021875
-0.025
-0.003125
0.015625
-0.003125
0.009375
-0.015625
-0.021875
0.053125
0.078125
0.125
0.115625
0.053125
0.0125
-0.059375
-0.090625
-0.1625
-0.23125
-0.3375
-0.46875
-0.546875
-0.58125
-0.5625
-0.45
-0.271875
-0.13125
0.075
0.209375
0.28125
0.321875
0.290625
0.196875
0.059375
-0.0375
-0.1375
-0.10625
-0.0375
-0.021875
-0.046875
-0.178125
-0.30625
-0.396875
-0.4375
-0.4375
-0.403125
-0.3375
-0.246875
-0.13125
-0.05
-0.034375
-0.01875
-0.01875
-0.003125
0.021875
-0.028125
-0.071875
-0.13125
-0.1
0.015625
0.090625
0.159375
0.146875
0.134375
0.165625
0.203125
0.25625
0.25625
0.196875
0.11875
0.059375
0.04375
0.115625
0.221875
0.309375
0.365625
0.36875
0.359375
0.35
0.346875
0.35625
0.353125
0.30625
0.215625
0.04375
-0.128125
-0.253125
-0.359375
-0.365625
-0.353125
-0.346875
-0.290625
-0.209375
-0.171875
-0.128125
-0.134375
-0.190625
-0.184375
-0.209375
-0.175
-0.190625
-0.259375
-0.275
-0.3
-0.275
-0.178125
-0.071875
0.009375
0.125
0.178125
0.190625
0.14375
0.003125
-0.13125
-0.3125
-0.375
-0.309375
-0.234375
-0.0375
0.090625
0.13125
0.175
0.134375
0.053125
-0.059375
-0.153125
-0.234375
-0.196875
-0.034375
0.065625
0.14375
0.084375
-0.071875
-0.1625
-0.228125
-0.165625
-0.075
-0.06875
-0.0875
-0.165625
-0.309375
-0.39375
-0.453125
-0.503125
-0.44375
-0.334375
-0.225
-0.19375
-0.2375
-0.3125
-0.3875
-0.39375
-0.4
-0.49375
-0.5875
-0.6125
-0.54375
-0.35625
-0.11875
0.02875
0.08875
0.101875
0.015
-0.029375
-0.03625
-0.03375
0.084375
0.18125
0.215625
0.23125
0.175
0.05
-0.05625
-0.15625
-0.284375
-0.284375
-0.2
-0.175
-0.140625
-0.165625
-0.284375
-0.29375
-0.253125
-0.2125
-0.1625
-0.1625
-0.153125
-0.14375
-0.059375
0.003125
1.38777878078e-17
-0.0375
-0.125
-0.15
-0.103125
0.021875
0.144375
0.2075
0.21125
0.17125
0.151875
0.10125
0.085
0.06875
0.01875
0.078125
0.13125
0.190625
0.275
0.3
0.30625
0.30625
0.290625
0.275
0.26875
0.2375
0.234375
0.219375
0.18875
0.1925
0.149375
0.070625
0.0325
0.000625
0.003125
0.100625
0.1575
0.183125
0.1875
0.125
0.084375
0.05
0.03
0.05125
0.06
0.096875
0.109375
0.05
-0.009375
-0.08125
-0.090625
0.015625
0.109375
0.18125
0.14375
3.46944695195e-18
-0.109375
-0.2125
-0.196875
-0.096875
0.003125
0.090625
0.14375
0.1125
0.025
-0.02125
-0.07375
-0.06375
0.015
0.08625
0.10125
0.10375
0.1
0.09375
0.165625
0.21625
0.22
0.19875
0.136875
0.089375
0.07625
0.100625
0.153125
0.200625
0.226875
0.20625
0.15125
0.110625
0.109375
0.108125
0.10375
0.08125
-0.009375
-0.0525
-0.11125
-0.191875
-0.21625
-0.27625
-0.23625
-0.1275
-0.05625
0.021875
0.01625
-0.03
-0.01375
0.030625
0.070625
0.0925
0.0525
0.009375
-0.01125
-0.033125
-0.053125
-0.091875
-0.086875
-0.0625
0.00625
0.05375
0.0575
0.101875
0.115625
0.178125
0.2
0.171875
0.16125
0.048125
0.000625
-0.049375
-0.13625
-0.095
-0.0975
-0.1075
-0.076875
-0.099375
-0.0875
-0.05625
-0.021875
0.025
0.034375
0.06875
0.065625
-0.015625
-0.0375
-0.06875
-0.10625
-0.028125
-2.60208521397e-18
-0.03125
0.00625
-0.03125
-0.04375
-0.009375
-0.028125
-0.01875
-0.01875
-0.05
-0.05
-0.05
-0.05
