-0.71
-0.71
-0.71
-0.71
-0.79375
-0.824375
-0.925625
-0.835625
-0.786875
-0.72375
-0.65875
-0.675
-0.685
-0.703125
-0.59375
-0.4375
-0.28125
-0.199375
-0.219375
-0.280625
-0.39375
-0.379375
-0.376875
-0.385625
-0.41
-0.61625
-0.81375
-1.061875
-1.13875
-1.00375
-0.795625
-0.603125
-0.490625
-0.47
-0.62625
-0.751875
-0.96625
-1.22625
-1.281875
-1.148125
-0.940625
-0.731875
-0.5775
-0.55
-0.505
-0.35375
-0.238125
-0.2075
-0.360625
-0.594375
-0.800625
-0.87375
-0.681875
-0.55
-0.48375
-0.51375
-0.6325
-0.625625
-0.5375
-0.465
-0.39875
-0.425625
-0.61
-0.688125
-0.824375
-0.92625
-0.82625
-0.7975
-0.72625
-0.775
-0.98625
-1.24625
-1.570625
-1.603125
-1.473125
-1.223125
-0.844375
-0.6425
-0.49625
-0.541875
-0.609375
-0.718125
-0.825625
-0.661875
-0.6475
-0.54625
-0.514375
-0.704375
-0.644375
-0.6225
-0.50625
-0.265625
-0.2275
-0.18625
-0.34
-0.515625
-0.60875
-0.74625
-0.606875
-0.496875
-0.4475
-0.285625
-0.3075
-0.32375
-0.371875
-0.50625
-0.6025
-0.7625
-0.743125
-0.7725
-0.755
-0.656875
-0.66875
-0.574375
-0.540625
-0.476875
-0.395
-0.4625
-0.4425
-0.469375
-0.514375
-0.398125
-0.376875
-0.4
-0.430625
-0.43625
-0.390625
-0.3125
-0.21375
-0.25625
-0.324375
-0.324375
-0.399375
-0.35625
-0.42625
-0.57375
-0.659375
-0.865
-0.829375
-0.795625
-0.761875
-0.656875
-0.72125
-0.781875
-0.8075
-0.805625
-0.68375
-0.46375
-0.426875
-0.573125
-0.790625
-1.1975
-1.33125
-1.316875
-1.33875
-1.210625
-1.184375
-1.0525
-0.88125
-0.82125
-0.763125
-0.820625
-0.919375
-0.839375
-0.79875
-0.659375
-0.42
-0.3225
-0.183125
-0.165625
-0.223125
-0.245625
-0.31875
-0.404375
-0.533125
-0.73375
-0.95
-1.185
-1.3075
-1.23
-1.11
-0.893125
-0.894375
-1.08
-1.209375
-1.445
-1.349375
-1.1975
-1.079375
-0.739375
-0.625
-0.475625
-0.42
-0.565
-0.605
-0.7225
-0.72
-0.59125
-0.5675
-0.45875
-0.39875
-0.46875
-0.588125
-0.746875
-0.883125
-1.0025
-1.01625
-1.03
-1.1375
-1.238125
-1.190625
-1.1875
-1.115625
-0.93
-0.85625
-0.679375
-0.505
-0.3725
-0.419375
-0.53375
-0.62625
-0.814375
-0.749375
-0.67875
-0.599375
-0.446875
-0.380625
-0.335625
-0.423125
-0.536875
-0.808125
-1.036875
-1.12625
-1.135
-0.881875
-0.65
-0.42875
-0.311875
-0.379375
-0.454375
-0.605625
-0.769375
-0.876875
-0.976875
-0.953125
-0.8275
-0.77375
-0.759375
-0.755625
-0.856875
-0.88625
-0.8475
-0.995625
-1.095
-1.113125
-1.17875
-1.044375
-0.86875
-0.80125
-0.725
-0.720625
-0.79875
-0.904375
-0.960625
-1.016875
-1.07125
-0.99
-0.985
-0.90875
-0.691875
-0.6375
-0.558125
-0.734375
-1.03875
-1.178125
-1.24375
-1.019375
-0.746875
-0.641875
-0.660625
-0.7425
-0.97375
-1.056875
-1.15
-1.36
-1.331875
-1.311875
-1.099375
-0.8125
-0.68125
-0.726875
-1.01375
-1.19
-1.25125
-1.110625
-0.758125
-0.53875
-0.450625
-0.460625
-0.58125
-0.71875
-0.785
-0.770625
-0.7275
-0.671875
-0.635
-0.718125
-0.781875
-0.840625
-0.961875
-0.98875
-1.121875
-1.155625
-0.996875
-1.0275
-0.8925
-0.835
-0.9375
-0.778125
-0.706875
-0.69125
-0.596875
-0.5725
-0.555625
-0.409375
-0.35375
-0.328125
-0.408125
-0.569375
-0.71625
-0.884375
-0.81125
-0.77
-0.614375
-0.448125
-0.395
-0.311875
-0.335
-0.34
-0.44875
-0.62
-0.73375
-0.873125
-0.90625
-0.746875
-0.661875
-0.60875
-0.590625
-0.759375
-0.875
-1.0325
-1.12
-1.075
-0.98125
-0.8475
-0.914375
-1.06125
-1.320625
-1.3875
-1.195625
-0.97625
-0.6625
-0.47625
-0.415625
-0.425
-0.454375
-0.569375
-0.603125
-0.535
-0.654375
-0.67375
-0.815625
-0.985
-0.91125
-0.985625
-0.934375
-0.90875
-0.956875
-0.774375
-0.730625
-0.671875
-0.59125
-0.6975
-0.79875
-0.925625
-1.01875
-1.1
-1.033125
-1.025625
-1.063125
-0.93625
-0.843125
-0.576875
-0.409375
-0.429375
-0.674375
-1.0
-1.31125
-1.61875
-1.6775
-1.77375
-1.645
-1.4425
-1.274375
-1.204375
-1.395625
-1.425
-1.50125
-1.346875
-1.028125
-0.87875
-0.658125
-0.585625
-0.663125
-0.725625
-0.87
-0.97625
-0.87375
-0.8275
-0.81875
-0.881875
-1.02
-1.18125
-1.23125
-1.1375
-1.081875
-0.873125
-0.74875
-0.66125
-0.619375
-0.670625
-0.64625
-0.68
-0.668125
-0.63
-0.695
-0.7075
-0.784375
-0.8875
-0.934375
-1.09125
-1.18375
-1.255
-1.34375
-1.300625
-1.1475
-0.978125
-0.764375
-0.653125
-0.680625
-0.808125
-0.91
-0.92125
-0.90125
-0.7675
-0.71
-0.71
-0.71
-0.71
