0.010625
0.010625
0.010625
0.010625
0.03375
-0.020625
-0.069375
-0.073125
-0.09625
-0.08625
-0.09
-0.123125
-0.1175
-0.110625
-0.094375
-0.06375
-0.04375
-0.03125
-0.01875
-0.01625
-0.065625
-0.094375
-0.123125
-0.146875
-0.15625
-0.194375
-0.2275
-0.25125
-0.213125
-0.1475
-0.0675
-0.006875
-0.0225
-0.04
-0.10125
-0.146875
-0.125625
-0.140625
-0.116875
-0.09875
-0.10875
-0.08375
-0.07875
-0.07375
-0.065625
-0.076875
-0.085
-0.07375
-0.0375
0.014375
0.051875
0.05875
0.00375
-0.0575
-0.091875
-0.121875
-0.109375
-0.093125
-0.08
-0.05375
-0.00125
0.01375
0.021875
0.0175
-0.083125
-0.113125
-0.135
-0.106875
0.0025
0.066875
0.133125
0.111875
0.11
0.110625
0.06625
0.07375
0.00125
-0.08875
-0.133125
-0.15
-0.1125
-0.03875
0.033125
0.0325
-0.0175
-0.070625
-0.13125
-0.161875
-0.140625
-0.115625
-0.125625
-0.129375
-0.118125
-0.144375
-0.136875
-0.128125
-0.175
-0.1825
-0.16
-0.10625
-0.043125
0.005
0.00625
-0.053125
-0.10875
-0.170625
-0.155
-0.11125
-0.04125
0.046875
0.034375
0.02
-0.00625
-0.051875
-0.055
-0.04875
-0.05
-0.035625
-0.011875
-0.001875
0.02125
0.035625
0.02
0.0175
-0.0025
-0.060625
-0.06875
-0.090625
-0.08625
-0.0075
0.039375
0.126875
0.178125
0.185625
0.144375
0.031875
-0.079375
-0.183125
-0.1775
-0.13375
-0.05625
-0.0075
-0.069375
-0.1225
-0.193125
-0.21125
-0.129375
-0.051875
0.01
0.054375
0.008125
-0.04125
-0.0575
-0.073125
-0.08125
-0.055
-0.001875
0.08125
0.210625
0.230625
0.161875
0.011875
-0.135625
-0.16125
-0.140625
-0.07125
0.015625
0.035625
0.0725
0.10375
0.07375
0.05625
0.010625
-0.0375
-0.043125
-0.0175
0.01375
0.04375
0.048125
0.0275
0.010625
0.005
0.0075
-0.025
-0.053125
-0.104375
-0.18625
-0.216875
-0.258125
-0.2475
-0.166875
-0.058125
0.05125
0.114375
0.153125
0.086875
0.033125
-0.033125
-0.14625
-0.175
-0.24
-0.270625
-0.245625
-0.268125
-0.2125
-0.178125
-0.185
-0.143125
-0.165
-0.1525
-0.119375
-0.12625
-0.12125
-0.153125
-0.169375
-0.16375
-0.183125
-0.15125
-0.13375
-0.119375
-0.04
-0.060625
-0.08375
-0.11125
-0.1825
-0.163125
-0.13875
-0.113125
-0.085625
-0.08625
-0.075
-0.064375
-0.0375
-0.008125
0.005625
0.015625
0.043125
0.058125
0.05625
0.064375
0.030625
0.019375
0.055625
0.081875
0.086875
0.080625
0.011875
-0.049375
-0.055625
-0.101875
-0.116875
-0.098125
-0.084375
0.004375
0.094375
0.090625
0.0575
-0.00125
-0.060625
-0.05
-0.045625
-0.066875
-0.081875
-0.141875
-0.164375
-0.168125
-0.185
-0.14125
-0.12125
-0.11375
-0.080625
-0.07625
-0.05125
-0.035
-0.0375
-0.041875
-0.068125
-0.061875
-0.07375
-0.113125
-0.11125
-0.105625
-0.038125
0.07125
0.109375
0.11
0.00625
-0.05
-0.05375
-0.040625
0.04875
0.03375
0.004375
-0.02
-0.015
0.0325
0.071875
0.105
0.0575
0.011875
-0.0175
-0.045625
-0.04625
-0.046875
-0.06375
-0.07
-0.085
-0.101875
-0.110625
-0.15375
-0.160625
-0.12125
-0.081875
-0.000625
0.05875
0.073125
0.0875
0.085
0.085
0.04
-0.005625
-0.048125
-0.088125
-0.07875
-0.068125
-0.031875
-0.0175
-0.010625
-0.005625
-0.053125
-0.08125
-0.074375
-0.065
-0.04
0.045625
0.06875
0.0975
0.135625
0.069375
0.0325
-0.018125
-0.0725
-0.08375
-0.05
0.00875
0.054375
0.119375
0.096875
0.038125
-0.005
-0.066875
-0.085
-0.085
-0.03625
-0.011875
0.00625
0.0075
-0.05375
-0.10125
-0.104375
-0.075
-0.041875
0.01875
0.011875
-0.00625
-0.004375
-0.031875
-0.000625
0.03
0.0025
-0.006875
-0.045625
-0.111875
-0.116875
-0.126875
-0.16625
-0.181875
-0.161875
-0.13625
-0.085
0.00125
0.01375
0.06375
0.150625
0.1675
0.209375
0.165
0.0625
-0.005
-0.085625
-0.12625
-0.165625
-0.205
-0.218125
-0.22125
-0.1775
-0.085
-0.0425
-0.005625
0.000625
-0.041875
-0.01625
-0.001875
0.024375
0.0625
0.075
0.091875
0.145
0.149375
0.145
0.15875
0.058125
0.019375
-0.026875
-0.06125
0.011875
0.035
0.069375
0.016875
-0.103125
-0.20625
-0.285625
-0.26625
-0.17625
-0.074375
-0.015
-0.000625
-0.011875
0.0025
0.07875
0.19625
0.29125
0.331875
0.316875
0.235625
0.1575
0.14125
0.105
0.096875
0.13
0.07625
0.07625
0.07625
0.07625
