0.245625
0.245625
0.245625
0.245625
0.290625
0.35125
0.363125
0.341875
0.31875
0.29375
0.275625
0.243125
0.21375
0.206875
0.224375
0.2925
0.3225
0.34125
0.335
0.285
0.264375
0.21125
0.175
0.155
0.164375
0.210625
0.249375
0.2825
0.26625
0.2175
0.185625
0.180625
0.19875
0.24875
0.3
0.330625
0.35125
0.336875
0.29375
0.23625
0.20625
0.20875
0.24
0.295625
0.31
0.31625
0.284375
0.228125
0.20875
0.1875
0.223125
0.265625
0.279375
0.289375
0.230625
0.2
0.175
0.17
0.208125
0.23125
0.26625
0.28125
0.28125
0.28125
0.304375
0.316875
0.335625
0.33875
0.3
0.295
0.301875
0.295625
0.28
0.24125
0.1975
0.1875
0.200625
0.2225
0.2225
0.22875
0.248125
0.23
0.235
0.204375
0.158125
0.14375
0.13875
0.17125
0.20625
0.24375
0.27875
0.27625
0.27375
0.271875
0.246875
0.26875
0.28875
0.315
0.33375
0.2875
0.265
0.25375
0.24875
0.290625
0.28125
0.241875
0.214375
0.170625
0.155
0.151875
0.16
0.171875
0.221875
0.251875
0.259375
0.276875
0.248125
0.259375
0.276875
0.315
0.335
0.29625
0.28875
0.23
0.22625
0.258125
0.235
0.225
0.16
0.095
0.085
0.114375
0.181875
0.275625
0.3275
0.318125
0.28875
0.23875
0.200625
0.193125
0.19375
0.16625
0.131875
0.09875
0.066875
0.0575
0.066875
0.0775
0.11125
0.161875
0.229375
0.3175
0.3825
0.406875
0.395625
0.348125
0.284375
0.26375
0.261875
0.27625
0.30125
0.294375
0.26875
0.258125
0.2625
0.26875
0.284375
0.256875
0.213125
0.18875
0.150625
0.14625
0.166875
0.17875
0.2275
0.26875
0.276875
0.306875
0.2875
0.29625
0.323125
0.320625
0.364375
0.351875
0.3275
0.310625
0.270625
0.260625
0.261875
0.24375
0.211875
0.190625
0.17375
0.185625
0.2125
0.216875
0.216875
0.203125
0.19625
0.196875
0.1925
0.185
0.1675
0.150625
0.134375
0.133125
0.136875
0.1425
0.151875
0.155625
0.159375
0.1875
0.225
0.25125
0.26875
0.239375
0.2075
0.216875
0.245625
0.295
0.326875
0.304375
0.29375
0.285
0.27375
0.2875
0.254375
0.249375
0.258125
0.26
0.308125
0.301875
0.28875
0.295625
0.25875
0.23875
0.241875
0.21375
0.221875
0.25125
0.2475
0.259375
0.244375
0.213125
0.186875
0.160625
0.158125
0.1525
0.165625
0.183125
0.180625
0.195
0.1975
0.193125
0.195
0.1875
0.173125
0.17375
0.19375
0.21625
0.27
0.289375
0.274375
0.245
0.1925
0.161875
0.163125
0.185625
0.215
0.243125
0.254375
0.25625
0.2525
0.25375
0.235625
0.208125
0.153125
0.11375
0.105
0.1375
0.208125
0.273125
0.33125
0.333125
0.324375
0.26875
0.21125
0.183125
0.155
0.166875
0.20125
0.24
0.269375
0.304375
0.285
0.246875
0.230625
0.230625
0.230625
0.230625
