3.23125
3.23125
3.23125
3.23125
2.9125
2.7625
2.31875
2.15
2.13125
2.03125
2.025
2.125
2.40625
2.86875
3.575
4.01875
4.39375
4.5875
4.4
4.54375
4.5
4.275
4.56875
4.56875
4.66875
4.95
4.60625
4.55625
4.45625
4.5375
5.09375
5.43125
5.75625
5.9
5.9
5.71875
5.6125
5.6875
5.725
6.125
6.4875
6.55
6.39375
6.05625
5.68125
5.54375
5.84375
5.9625
6.15625
6.05
5.50625
5.325
5.06875
5.175
5.71875
6.08125
6.45
6.6375
6.3875
6.1375
5.95
5.58125
5.65
5.5375
5.43125
5.6875
5.50625
5.6875
5.79375
5.71875
6.08125
6.2625
6.51875
6.59375
6.23125
5.86875
5.6125
5.71875
6.2625
6.80625
7.0625
7.1375
6.99375
6.85
6.78125
6.7125
6.7875
6.45
6.39375
6.11875
5.7
5.85625
5.8
6.0375
5.86875
5.5375
5.0625
4.4375
4.21875
4.06875
3.79375
3.74375
3.95625
3.91875
4.11875
4.2375
4.01875
4.1625
4.3375
4.225
4.00625
3.38125
3.08125
3.075
3.20625
3.7875
3.7625
3.6625
4.05
4.39375
5.41875
6.44375
7.025
7.28125
6.95625
6.63125
5.9
5.04375
4.55
4.01875
4.0875
4.65625
4.9
4.95625
4.675
4.34375
3.9375
3.75625
3.63125
3.1125
3.10625
3.10625
3.3875
3.6875
3.4
3.14375
2.94375
3.13125
3.6125
4.41875
4.725
4.69375
4.6125
3.98125
3.49375
3.35
3.26875
3.2
3.23125
3.21875
3.15
3.61875
4.05
4.325
4.875
4.6625
4.5375
4.05
3.13125
2.6
2.24375
2.3625
2.7375
3.31875
3.64375
3.75
4.15625
4.375
4.45625
5.0
4.83125
4.425
4.40625
3.81875
3.94375
4.675
5.19375
6.1375
6.725
6.8625
6.9625
6.63125
5.85625
4.9375
3.9875
3.11875
2.775
2.6
2.3875
2.45625
2.45
2.7625
3.39375
3.7375
4.025
3.7875
3.11875
2.50625
2.13125
2.0125
2.225
2.75
3.15
3.95
4.53125
4.70625
4.75625
4.05
3.4
2.8875
2.2125
1.89375
1.875
1.98125
2.6125
3.44375
3.81875
4.1125
4.06875
3.9125
4.325
4.7375
5.00625
4.89375
4.0625
3.23125
2.875
3.10625
3.65
4.4
4.74375
4.64375
4.84375
4.63125
4.49375
4.31875
3.675
3.6
3.38125
3.50625
3.84375
3.6
3.79375
3.68125
3.80625
3.95625
3.925
4.0
3.70625
3.65625
3.3875
3.25
3.09375
3.25
3.54375
3.6625
3.91875
3.45
2.8
2.26875
1.94375
2.34375
2.89375
3.4625
3.9125
3.55625
3.525
3.40625
3.0
3.125
2.90625
2.98125
3.2625
3.5625
3.9125
4.15
4.6125
5.0375
5.46875
5.50625
5.25
4.69375
3.9125
3.38125
2.73125
2.58125
2.8875
3.3
3.95625
4.3
4.2625
4.08125
4.03125
3.85
3.78125
3.56875
3.2
2.96875
3.10625
3.56875
3.75
4.00625
3.6
2.90625
2.6625
2.74375
3.15
3.70625
4.10625
3.7875
3.6625
3.76875
3.6625
4.01875
4.04375
3.95
4.1375
4.25625
4.51875
4.51875
4.51875
4.33125
4.3625
4.5375
4.3375
4.25
3.875
3.5
3.59375
3.7625
3.8125
3.64375
3.4875
3.40625
3.69375
4.11875
4.11875
3.85625
3.4125
3.24375
3.25
3.5875
4.14375
4.35625
4.7
4.68125
4.0875
3.68125
3.3375
3.175
3.3625
3.5125
3.2875
3.2125
3.2875
3.325
3.64375
3.61875
3.2625
2.9375
2.34375
2.025
2.14375
2.51875
3.1
3.5625
3.775
3.5375
3.51875
3.71875
3.93125
4.3
4.23125
3.7875
3.25625
2.80625
2.58125
2.6
2.55
2.4125
2.48125
2.45
2.56875
2.70625
2.5625
2.48125
2.59375
2.93125
3.55
4.15625
4.575
4.89375
4.84375
4.94375
4.8125
4.38125
4.11875
3.59375
3.25
3.1125
2.74375
2.4875
2.30625
2.34375
2.60625
3.075
3.4625
3.375
3.275
2.875
2.76875
3.13125
3.45
3.95625
3.96875
3.8125
4.05
3.99375
4.16875
4.375
3.9
3.825
3.925
3.65625
3.76875
3.475
2.9125
2.7875
2.7375
3.04375
3.5625
3.79375
3.70625
3.5
3.225
3.24375
3.55
3.5625
3.3875
2.9125
2.51875
2.7625
3.3375
4.30625
5.075
5.31875
5.20625
4.525
3.975
3.35
3.00625
3.075
2.95
3.3125
3.75
4.3125
4.81875
5.0875
5.025
4.825
4.78125
4.61875
4.46875
4.13125
3.95625
3.71875
3.83125
3.79375
3.4125
3.23125
2.61875
2.26875
2.09375
1.875
1.88125
2.2625
2.64375
2.9875
3.5625
3.6125
4.025
4.63125
4.70625
4.7875
4.2875
3.69375
3.45
3.26875
3.275
3.0375
2.7375
2.7125
2.6125
2.65
2.65625
2.3125
2.18125
2.25
2.6375
3.51875
4.14375
4.45
4.1875
3.44375
3.10625
2.9875
3.3125
3.63125
3.5875
3.6875
3.48125
3.3875
3.29375
2.75
2.6125
2.9125
3.675
3.675
3.675
3.675
