0.595625
0.595625
0.595625
0.595625
0.6425
0.689375
0.72625
0.716875
0.675625
0.67
0.674375
0.725
0.776875
0.805
0.828125
0.8275
0.82125
0.796875
0.845625
0.92875
1.016875
1.143125
1.118125
1.02125
0.929375
0.79875
0.74625
0.731875
0.7075
0.69875
0.69
0.663125
0.626875
0.598125
0.62
0.71625
0.84125
1.055
1.218125
1.365
1.479375
1.405
1.261875
0.9825
0.72125
0.55625
0.483125
0.529375
0.59625
0.68125
0.743125
0.776875
0.769375
0.74875
0.728125
0.7125
0.735625
0.75375
0.7525
0.72375
0.649375
0.575
0.539375
0.636875
0.789375
0.936875
1.06
1.00375
0.924375
0.855
0.795
0.804375
0.805
0.795625
0.7775
0.768125
0.7675
0.7575
0.751875
0.7375
0.71875
0.806875
0.9
1.035625
1.171875
1.215625
1.249375
1.211875
1.17375
1.0575
1.024375
1.02375
1.05625
1.1525
1.0925
1.014375
0.865
0.73
0.673125
0.65375
0.6725
0.69125
0.71
0.69125
0.6775
0.66375
0.654375
0.678125
0.696875
0.715625
0.71125
0.678125
0.645
0.611875
0.5975
0.611875
0.625625
0.704375
0.848125
0.95
1.08625
1.15125
1.100625
1.183125
1.238125
1.255
1.3225
1.210625
1.09875
1.03125
0.968125
0.976875
0.93125
0.8675
0.795
0.70375
0.64375
0.614375
0.64
0.755
0.886875
1.05625
1.175
1.179375
1.2025
1.17
1.13125
1.18375
1.215625
1.25875
1.314375
1.259375
1.185625
1.0475
0.834375
0.703125
0.610625
0.641875
0.764375
0.945625
1.094375
1.1975
1.259375
1.1725
1.119375
0.98125
0.85
0.791875
0.681875
0.703125
0.7625
0.816875
1.009375
1.07125
1.185
1.37375
1.38125
1.493125
1.434375
1.31375
1.310625
1.22625
1.24875
1.166875
1.043125
0.96125
0.865
0.953125
0.969375
1.03375
1.17625
1.133125
1.163125
1.115
0.949375
0.986875
1.04375
1.0825
1.16
1.058125
0.923125
0.86375
0.7525
0.715
0.7125
0.686875
0.700625
0.691875
0.650625
0.605
0.581875
0.599375
0.710625
0.861875
1.06
1.244375
1.31125
1.275625
1.118125
0.925625
0.7225
0.604375
0.579375
0.689375
0.84875
1.02
1.208125
1.291875
1.3475
1.374375
1.3175
1.164375
1.055
0.94625
0.91625
0.995
1.08875
1.17
1.2375
1.28
1.24875
1.184375
1.024375
0.8975
0.886875
0.905
1.031875
1.17375
1.15375
1.1225
1.01875
0.891875
0.924375
1.00875
1.11625
1.155
1.03
0.845
0.754375
0.73
0.79375
0.919375
0.96125
0.99375
1.044375
1.063125
1.00875
0.94875
0.873125
0.77875
0.830625
0.92625
1.06125
1.215
1.295625
1.30375
1.22
1.150625
0.985
0.848125
0.8175
0.766875
0.88125
1.039375
1.135
1.22375
1.23125
1.205625
1.114375
1.05625
1.023125
0.978125
1.076875
1.155
1.1425
1.1425
1.02625
0.958125
1.04625
1.065625
1.134375
1.09875
0.91625
0.819375
0.715
0.693125
0.758125
0.83375
0.96
1.02125
1.04625
0.99875
0.89125
0.840625
0.8
0.798125
0.76375
0.71625
0.703125
0.76
0.84875
0.90125
0.978125
0.965625
0.98375
1.05375
1.073125
1.111875
1.114375
1.09625
1.021875
0.870625
0.77625
0.765625
0.821875
1.02
1.15875
1.135625
1.135
1.030625
1.025
1.0975
1.0725
1.08875
1.01875
0.943125
0.94
1.01
0.991875
0.966875
0.99
0.833125
0.793125
0.78625
0.763125
0.8525
0.926875
0.96
0.945
0.934375
0.99625
1.096875
1.205625
1.34625
1.36875
1.42375
1.47875
1.424375
1.35375
1.251875
1.05375
0.94125
0.8975
0.769375
0.758125
0.73625
0.758125
0.890625
1.008125
1.11125
1.158125
1.090625
0.99125
0.974375
0.945
0.996875
1.083125
1.015625
0.9225
0.829375
0.740625
0.775625
0.899375
1.00375
1.10125
1.1
0.97125
0.821875
0.736875
0.740625
0.8525
1.07
1.151875
1.16
1.131875
1.053125
1.03
1.045
1.143125
1.1425
1.13125
1.15125
1.053125
0.993125
0.9825
0.899375
0.888125
0.93625
0.9575
1.0225
0.99
0.935625
0.913125
0.880625
0.96
1.08125
1.15125
1.230625
1.2075
1.09
1.02
1.01125
1.1025
1.278125
1.373125
1.383125
1.31375
1.174375
1.155625
1.15625
1.184375
1.24125
1.160625
1.07375
0.973125
0.863125
0.89625
0.876875
0.906875
0.965625
0.844375
0.80125
0.730625
0.715625
0.83375
0.96625
1.10375
1.145625
1.12875
1.025
0.949375
0.89375
0.898125
0.97
0.965
0.900625
0.881875
0.926875
0.995
1.205
1.26625
1.145
1.12125
1.048125
1.113125
1.290625
1.345
1.288125
1.081875
0.885625
0.716875
0.6425
0.6875
0.7525
0.83625
0.878125
0.9425
1.00875
1.1675
1.38875
1.474375
1.52
1.380625
1.190625
1.08375
0.936875
0.870625
0.843125
0.875625
0.914375
0.985625
1.070625
1.00625
0.97625
0.93125
0.885
0.91125
0.9825
1.048125
1.011875
1.064375
1.023125
1.0325
1.111875
1.06875
1.078125
0.98625
0.894375
0.843125
0.85875
0.945625
1.0325
1.124375
1.06125
0.961875
0.8625
0.763125
0.80375
0.855
0.90625
0.964375
0.918125
0.88375
0.849375
0.80125
0.784375
0.739375
0.694375
0.641875
0.69875
0.776875
0.893125
1.07625
1.126875
1.23
1.295
1.3075
1.321875
1.245625
1.13625
0.974375
0.853125
0.77
0.715
0.726875
0.719375
0.711875
0.71625
0.756875
0.82875
0.900625
0.95875
0.90125
0.815
0.73125
0.705
0.828125
0.984375
1.21375
1.341875
1.35375
1.349375
1.19125
1.08625
0.98
0.838125
0.78125
0.693125
0.6775
0.72625
0.76125
0.89
0.935
0.94375
0.964375
0.88125
0.849375
0.825
0.84125
0.89625
0.9375
0.9475
0.86125
0.775
0.698125
0.74625
0.830625
0.92
1.074375
1.048125
1.053125
1.053125
0.92
0.890625
0.8275
0.759375
0.773125
0.766875
0.79875
0.8425
0.849375
0.838125
0.80375
0.80625
0.829375
0.888125
0.94375
0.91
0.880625
0.805625
0.72125
0.6825
0.64
0.6525
0.69875
0.725625
0.785625
0.805
0.878125
1.063125
1.18
1.40375
1.48125
1.361875
1.310625
1.126875
1.08125
1.14
1.1125
1.125
1.006875
0.900625
0.899375
0.898125
0.958125
1.05875
1.075625
1.054375
1.01125
0.8775
0.741875
0.646875
0.609375
0.595625
0.679375
0.7625
0.795
0.860625
0.901875
0.975
1.081875
1.235625
1.253125
1.249375
1.30125
1.203125
1.22375
1.259375
1.193125
1.199375
1.164375
1.005625
0.814375
0.711875
0.628125
0.663125
0.839375
0.87375
0.895
0.959375
0.881875
0.869375
0.9675
0.93
1.0225
1.11125
1.005
0.96875
0.821875
0.70125
0.71
0.723125
0.8275
0.8775
0.865
0.894375
0.878125
0.925625
1.0325
1.063125
1.113125
1.13125
1.123125
1.12875
1.05
1.0175
0.963125
0.90625
0.909375
0.80125
0.765
0.76625
0.810625
0.94125
0.955
0.93125
0.835625
0.6975
0.655
0.63125
0.64125
0.686875
0.746875
0.825625
0.885625
0.93625
0.895
0.835
0.813125
0.831875
0.896875
0.93125
0.945625
0.86875
0.825625
0.825
0.89875
1.015625
1.04625
1.065
0.93625
0.845625
0.82625
0.825625
0.9325
0.970625
0.99
0.98875
0.920625
0.885
0.889375
0.898125
0.939375
0.98125
0.94375
0.90125
0.893125
0.880625
0.884375
0.8825
0.846875
0.82
0.885
0.968125
1.051875
1.12125
1.075625
0.988125
0.86125
0.828125
0.83125
0.971875
1.145625
1.1575
1.166875
0.978125
0.805625
0.749375
0.705625
0.74125
0.743125
0.73875
0.796875
0.9
1.083125
1.16875
1.1525
1.105
1.04
1.030625
1.055625
1.056875
0.935
0.866875
0.785625
0.718125
0.745
0.6925
0.67875
0.70625
0.718125
0.8075
0.880625
0.968125
1.065
1.08
1.069375
0.94375
0.81375
0.72375
0.72
0.84125
0.94375
1.0275
1.04625
0.975
0.975
0.981875
0.98875
1.03
1.03125
1.0525
1.0275
0.97875
0.9175
0.83875
0.801875
0.856875
0.86125
0.906875
1.0075
0.970625
0.958125
0.914375
0.8475
0.861875
0.99875
1.111875
1.105
1.09125
0.88375
0.724375
0.645625
0.543125
0.57
0.609375
0.68125
0.789375
0.865625
0.865
0.9
0.92125
0.9425
1.04875
1.12625
1.16875
1.211875
1.153125
0.993125
0.875625
0.8225
0.83375
0.91875
1.056875
1.066875
1.07125
1.07375
0.965
0.9125
0.855
0.866875
0.925625
0.99625
1.039375
0.95
0.82875
0.67125
0.565625
0.4925
0.449375
0.43625
0.3925
0.3825
0.383125
0.385
0.4125
0.509375
0.615
0.82625
1.0625
1.18375
1.260625
1.15875
0.975625
0.809375
0.74625
0.801875
0.93625
1.17
1.258125
1.244375
1.19125
1.0075
0.905
0.9425
0.974375
1.084375
1.238125
1.268125
1.309375
1.33125
1.324375
1.305
1.27375
1.288125
1.2475
1.278125
1.315625
1.2425
1.150625
1.040625
0.86375
0.76875
0.785625
0.84125
1.02875
1.235625
1.35125
1.385625
1.28875
1.186875
1.07125
0.989375
0.98625
0.86375
0.85375
0.839375
0.846875
0.933125
0.9125
0.895
0.795625
0.78375
0.76125
0.780625
0.8775
0.84
0.84125
0.81
0.738125
0.76625
0.805625
0.84
0.895
0.91875
0.94125
0.954375
1.03
1.015
0.99125
0.99875
0.849375
0.85
0.836875
0.806875
0.916875
0.96125
1.0925
1.241875
1.335
1.391875
1.37375
1.321875
1.20125
1.140625
1.04625
1.0325
1.0875
1.100625
1.149375
1.045
0.944375
0.895
0.835625
0.8825
0.944375
0.95875
0.9875
0.971875
0.95375
0.894375
0.84375
0.915625
1.020625
1.14875
1.268125
1.206875
1.033125
0.86375
0.750625
0.740625
0.825
1.036875
1.13625
1.206875
1.2025
1.065
0.989375
0.92375
0.901875
0.861875
0.820625
0.785
0.76
0.79625
0.82375
0.915625
0.9775
0.975625
0.950625
0.824375
0.81
0.87125
0.96
1.119375
1.110625
1.125
1.236875
1.27
1.370625
1.34375
1.19375
1.02625
0.875
0.865625
0.81125
0.81375
0.8125
0.714375
0.7075
0.796875
0.953125
1.134375
1.37875
1.469375
1.410625
1.33125
1.128125
0.961875
0.855625
0.874375
0.86875
0.934375
1.030625
0.959375
0.95125
0.84625
0.71625
0.734375
0.78125
0.87
0.989375
0.9575
0.8925
0.831875
0.83125
0.89875
1.028125
1.178125
1.210625
1.23
1.115
0.953125
0.8425
0.80625
0.8575
1.010625
1.121875
1.143125
1.145625
1.005
0.911875
0.886875
0.89875
0.96125
1.01875
0.98875
0.913125
0.9075
0.820625
0.80125
0.8
0.68875
0.636875
0.543125
0.4725
0.45875
0.56
0.754375
0.9025
1.04125
1.000625
0.82875
0.68
0.540625
0.509375
0.64125
0.79125
0.954375
1.046875
0.974375
0.878125
0.785625
0.7775
0.82875
0.895625
0.915625
0.81875
0.738125
0.62875
0.655
0.773125
0.950625
1.155625
1.155625
1.155625
1.155625
