-0.6
-0.6
-0.6
-0.6
-0.644375
-0.559375
-0.485
-0.461875
-0.464375
-0.5425
-0.671875
-0.723125
-0.758125
-0.74875
-0.67625
-0.661875
-0.581875
-0.463125
-0.35625
-0.288125
-0.27625
-0.341875
-0.368125
-0.326875
-0.293125
-0.26375
-0.313125
-0.364375
-0.421875
-0.406875
-0.32375
-0.283125
-0.335625
-0.45625
-0.5875
-0.845625
-1.038125
-1.3575
-1.739375
-1.973125
-2.014375
-1.9075
-1.711875
-1.34125
-1.10375
-0.696875
-0.341875
-0.1675
-0.085
-0.21875
-0.381875
-0.595625
-0.718125
-0.765
-0.82625
-0.819375
-0.77375
-0.74625
-0.59
-0.438125
-0.386875
-0.385625
-0.44375
-0.4725
-0.46875
-0.38625
-0.31625
-0.346875
-0.368125
-0.485
-0.7825
-0.999375
-1.149375
-1.22625
-1.015
-0.78125
-0.654375
-0.544375
-0.49875
-0.4925
-0.406875
-0.2925
-0.219375
-0.234375
-0.455625
-0.695
-1.015625
-1.16
-0.965625
-0.774375
-0.48
-0.313125
-0.3625
-0.58875
-0.846875
-1.075
-1.25375
-1.189375
-1.134375
-1.183125
-1.21125
-1.264375
-1.265
-0.983125
-0.761875
-0.589375
-0.495625
-0.618125
-0.708125
-0.75875
-0.715
-0.63375
-0.579375
-0.613125
-0.759375
-0.759375
-0.759375
-0.759375
