1.010625
1.010625
1.010625
1.010625
1.028125
1.051875
1.065625
1.085
1.0825
1.063125
1.05125
1.035625
1.024375
1.0425
1.02625
1.021875
1.028125
1.00125
1.004375
1.00125
0.98875
0.996875
1.01125
1.018125
1.01875
1.011875
0.990625
0.97625
0.966875
0.975625
0.98875
0.99875
1.03125
1.036875
1.059375
1.0825
1.086875
1.115
1.115
1.118125
1.1125
1.08375
1.065
1.03625
1.01625
1.01
1.0175
1.03125
1.041875
1.03625
1.00125
0.9825
0.974375
0.9875
1.02375
1.045
1.045
1.0375
1.011875
0.97875
0.970625
0.958125
0.968125
0.986875
0.989375
1.006875
1.014375
1.02
1.03
1.026875
1.0225
1.006875
1.0
0.99
0.980625
0.986875
0.97125
0.965625
0.955
0.943125
0.9525
0.956875
0.971875
0.984375
0.99375
1.005625
1.0
1.003125
1.001875
0.996875
1.014375
1.005
0.998125
0.994375
0.98375
1.004375
1.0175
1.04125
1.058125
1.066875
1.07125
1.0525
1.04
1.019375
1.004375
1.000625
0.989375
0.973125
0.975625
0.9725
0.96375
0.959375
0.938125
0.91625
0.915625
0.933125
0.94875
0.9825
1.00625
1.0075
1.0125
1.008125
1.001875
1.00375
1.004375
0.991875
0.984375
0.976875
0.970625
0.98125
0.983125
0.99
1.010625
1.026875
1.046875
1.063125
1.07
1.069375
1.07
1.068125
1.05375
1.05375
1.05625
1.04875
1.039375
1.0175
0.9825
0.973125
0.985
0.994375
1.023125
1.0375
1.029375
1.02875
1.01625
0.989375
0.98375
0.975625
0.976875
1.00375
1.024375
1.05625
1.074375
1.078125
1.07125
1.045625
1.025625
1.006875
0.995625
0.990625
0.9825
0.97625
0.96875
0.96625
0.97625
0.9925
1.009375
1.0375
1.0575
1.073125
1.088125
1.074375
1.060625
1.035625
1.0
0.9975
0.986875
0.9875
1.01125
0.99375
0.981875
0.975625
0.961875
0.9775
1.006875
1.029375
1.045625
1.06125
1.060625
1.05625
1.050625
1.039375
1.035
1.03625
1.04125
1.049375
1.044375
1.0225
0.994375
0.9625
0.953125
0.964375
0.98
0.991875
0.991875
0.99125
0.998125
1.01125
1.020625
1.02375
1.020625
1.01
1.001875
0.995
0.991875
0.991875
0.99375
0.99
0.97125
0.9575
0.953125
0.953125
0.970625
0.998125
1.008125
1.020625
1.016875
0.9925
0.98125
0.97125
0.9775
0.993125
1.004375
0.998125
0.984375
0.971875
0.953125
0.975
1.0
1.018125
1.046875
1.045
1.044375
1.043125
1.02625
1.01
0.98125
0.95875
0.9525
0.946875
0.96625
0.984375
1.0025
1.021875
1.024375
1.035625
1.03625
1.03375
1.02375
0.986875
0.963125
0.95375
0.95875
0.99
1.003125
1.0075
1.005
0.99
0.994375
0.989375
0.983125
0.991875
0.9875
0.99375
1.00875
1.018125
1.035625
1.0575
1.05875
1.050625
1.028125
0.993125
0.97875
0.960625
0.9625
0.96875
0.9825
1.006875
1.0125
1.025625
1.016875
0.99625
0.978125
0.943125
0.91625
0.91625
0.933125
0.970625
1.0025
1.013125
1.01875
1.01125
1.009375
1.00875
0.994375
0.978125
0.965625
0.959375
0.959375
0.970625
0.971875
0.9725
0.975
0.9725
0.986875
0.993125
0.999375
1.009375
1.000625
1.001875
1.00875
1.01875
1.03875
1.05
1.055625
1.04125
1.021875
1.01375
0.99375
0.980625
0.969375
0.94625
0.9475
0.965625
0.99375
1.016875
1.026875
1.01875
0.993125
0.9825
0.9725
0.979375
1.003125
1.0225
1.044375
1.05375
1.05125
1.03625
1.008125
0.9825
0.95625
0.94125
0.9475
0.9525
0.964375
0.979375
0.988125
1.006875
1.031875
1.05625
1.069375
1.06875
1.056875
1.050625
1.055625
1.061875
1.0725
1.071875
1.060625
1.060625
1.055625
1.05375
1.05875
1.0375
1.02
1.0025
0.974375
0.971875
0.965
0.953125
0.963125
0.95625
0.95125
0.95
0.934375
0.931875
0.935625
0.950625
0.976875
1.00375
1.021875
1.01875
0.994375
0.96625
0.94875
0.945
0.9575
0.963125
0.96
0.966875
0.96625
0.991875
1.033125
1.048125
1.06125
1.050625
1.00875
0.981875
0.96625
0.943125
0.933125
0.93875
0.93625
0.950625
0.97
0.968125
0.9775
1.0
1.04125
1.075
1.101875
1.098125
1.063125
1.039375
1.014375
1.00625
1.01625
1.035625
1.049375
1.040625
1.019375
0.98625
0.953125
0.95375
0.96625
0.98
1.001875
1.008125
1.01375
1.03
1.04625
1.055
1.06375
1.051875
1.029375
1.02125
1.001875
1.0
1.011875
1.01625
1.015625
1.008125
0.996875
0.9875
1.00875
1.03125
1.0575
1.08875
1.10125
1.116875
1.1075
1.085625
1.05625
1.0175
1.00375
0.995
0.990625
0.984375
0.971875
0.968125
0.974375
1.0075
1.053125
1.0725
1.08
1.058125
1.01625
0.996875
0.97875
0.981875
0.99375
0.998125
1.008125
0.995
0.980625
0.984375
0.993125
1.020625
1.041875
1.045625
1.03375
1.009375
0.996875
0.984375
0.980625
0.981875
0.971875
0.975625
0.97375
0.974375
0.993125
0.994375
1.005625
1.02375
1.0225
1.03125
1.049375
1.05625
1.068125
1.071875
1.054375
1.02875
1.005
0.9875
0.96625
0.970625
0.9775
0.971875
0.98375
0.979375
0.974375
0.995
1.003125
1.004375
0.995625
0.9725
0.95625
0.95125
0.959375
0.971875
0.998125
1.028125
1.051875
1.060625
1.04
1.006875
0.96875
0.936875
0.93
0.941875
0.96
0.99
1.00625
1.00375
1.00875
1.009375
1.021875
1.046875
1.059375
1.06875
1.055625
1.02125
0.991875
0.960625
0.955
0.960625
0.97875
1.00125
1.013125
1.04125
1.044375
1.04125
1.029375
0.99875
0.984375
0.96875
0.96375
0.9625
0.954375
0.956875
0.969375
0.985625
1.009375
1.019375
1.009375
0.99
0.95875
0.935625
0.919375
0.920625
0.940625
0.969375
0.99625
1.01375
1.001875
0.975625
0.95
0.91875
0.9125
0.91
0.921875
0.945
0.965625
0.986875
0.98375
0.98375
0.9825
0.9825
0.99375
0.978125
0.951875
0.928125
0.9175
0.928125
0.939375
0.93875
0.910625
0.883125
0.869375
0.871875
0.904375
0.940625
0.97
1.003125
1.0025
0.994375
0.996875
0.978125
1.00125
1.024375
1.02625
1.04
1.014375
0.98875
0.975
0.96125
0.969375
0.97875
0.993125
1.00375
1.01125
1.01125
1.0
0.999375
0.985
0.974375
0.976875
0.965625
0.978125
0.993125
0.9825
0.985625
0.960625
0.9425
0.941875
0.925
0.941875
0.948125
0.96375
0.985
0.974375
0.96125
0.9375
0.92875
0.94125
0.965625
0.9925
0.994375
0.973125
0.94625
0.915625
0.8975
0.901875
0.90375
0.910625
0.9175
0.910625
0.9025
0.889375
0.88375
0.891875
0.9075
0.933125
0.94375
0.95
0.94875
0.945
0.941875
0.944375
0.954375
0.954375
0.96125
0.94625
0.93
0.9125
0.903125
0.915
0.938125
0.9675
0.9875
0.995625
0.98625
0.96875
0.955
0.946875
0.926875
0.91875
0.91
0.903125
0.91625
0.93125
0.94875
0.96125
0.97625
0.983125
0.976875
0.9825
0.97
0.9675
0.98625
0.989375
1.009375
1.016875
1.006875
0.98875
0.965
0.95875
0.9525
0.975
0.99625
1.00125
1.01
0.98875
0.97625
0.95875
0.949375
0.95875
0.948125
0.936875
0.90375
0.8725
0.865
0.884375
0.945
1.0
1.03625
1.044375
1.009375
0.983125
0.964375
0.9575
0.98
0.9975
1.0225
1.045
1.048125
1.0325
1.003125
0.98625
0.968125
0.984375
1.001875
1.00375
1.021875
1.0075
1.016875
1.02625
1.03875
1.069375
1.0775
1.09
1.07625
1.0475
1.0125
0.98125
0.960625
0.945625
0.941875
0.944375
0.961875
0.989375
1.00625
1.00375
0.995
0.980625
0.98875
1.01
1.011875
1.019375
1.015
0.99875
1.0
1.0025
1.004375
1.011875
1.021875
1.020625
1.025625
1.035625
1.035625
1.029375
1.01625
0.998125
0.9825
0.98
0.9625
0.955625
0.954375
0.950625
0.969375
0.96875
0.965
0.96
0.950625
0.9525
0.954375
0.95875
0.960625
0.968125
0.98
0.990625
0.985625
0.9875
0.98375
0.980625
1.0075
1.018125
1.020625
1.02625
1.01375
0.99625
0.998125
0.9825
0.964375
0.9525
0.94
0.950625
0.98375
1.015625
1.036875
1.050625
1.024375
1.008125
0.9975
0.985
1.008125
1.033125
1.03875
1.036875
1.01625
0.988125
0.970625
0.97
0.97
0.965625
0.97
0.969375
0.98625
1.001875
1.0175
1.02875
1.026875
1.035625
1.04375
1.038125
1.034375
1.01375
0.979375
0.958125
0.925
0.91375
0.91625
0.924375
0.948125
0.96125
0.97125
0.983125
0.9925
1.005625
1.02625
1.034375
1.03875
1.029375
1.011875
1.00375
1.0075
1.03125
1.036875
1.0325
1.01125
0.973125
0.95625
0.94875
0.94625
0.943125
0.933125
0.916875
0.904375
0.906875
0.919375
0.94125
0.973125
0.989375
1.0075
1.0175
1.001875
0.999375
0.980625
0.961875
0.955625
0.958125
0.9625
0.959375
0.963125
0.953125
0.968125
0.99625
1.011875
1.02
0.996875
0.98375
0.9925
1.011875
1.04375
1.05375
1.03
0.995
0.968125
0.961875
0.984375
1.0125
1.02625
1.015
0.995
0.98
0.96375
0.950625
0.93625
0.916875
0.90125
0.909375
0.91875
0.94125
0.981875
0.9975
1.005625
0.99375
0.97625
0.975
0.98
0.98625
0.96375
0.941875
0.92875
0.94125
0.9925
1.03125
1.0525
1.05625
1.033125
1.006875
0.994375
0.9825
0.973125
0.976875
0.969375
0.953125
0.945625
0.945
0.964375
0.985625
1.0075
1.01375
0.9875
0.9775
0.956875
0.945
0.9625
0.965625
0.976875
0.993125
0.988125
0.981875
0.98
0.9625
0.961875
0.978125
0.991875
1.0125
1.026875
1.024375
1.018125
1.01
1.001875
1.005625
1.001875
1.001875
1.0075
1.00625
1.013125
1.01125
1.006875
1.005625
1.010625
1.031875
1.046875
1.059375
1.069375
1.061875
1.051875
1.0375
1.023125
1.023125
1.02875
1.040625
1.029375
1.014375
0.993125
0.963125
0.9625
0.95625
0.975
1.0075
1.031875
1.059375
1.06125
1.050625
1.035625
1.02375
1.015
1.020625
1.030625
1.0275
1.0325
1.01375
0.99625
0.995625
0.984375
0.994375
0.986875
0.9575
0.946875
0.93875
0.945
0.98375
1.01
1.013125
1.034375
1.03375
1.018125
1.016875
0.98375
0.945625
0.926875
0.9225
0.93875
0.97875
1.018125
1.034375
1.04625
1.040625
1.02
1.020625
1.005
0.995625
1.000625
0.975
0.9625
0.938125
0.913125
0.920625
0.9325
0.955
0.98375
0.998125
1.013125
1.03
1.02375
1.010625
0.99125
0.968125
0.95875
0.95625
0.955625
0.949375
0.95
0.955
0.954375
0.959375
0.96375
0.963125
0.98
0.990625
1.0
1.0125
1.011875
1.0325
1.045
1.040625
1.036875
1.006875
0.979375
0.9725
0.961875
0.969375
0.973125
0.974375
0.98875
0.989375
0.9925
0.991875
0.97375
0.96875
0.9725
0.9725
0.98125
0.985625
0.97375
0.974375
0.969375
0.96125
0.974375
0.971875
0.98625
1.00625
1.01875
1.03625
1.040625
1.044375
1.0375
1.038125
1.034375
1.019375
1.021875
1.013125
1.03
1.05
1.046875
1.049375
1.013125
0.98625
0.969375
0.9575
0.9675
0.96875
0.975
0.9775
0.985625
0.995625
1.02
1.0425
1.04625
1.05375
1.04
1.03375
1.040625
1.04875
1.04875
1.0375
1.0175
0.995625
0.991875
0.98625
0.99875
1.0075
1.0175
1.03625
1.0425
1.0575
1.053125
1.050625
1.038125
1.013125
1.006875
0.981875
0.97375
0.97375
0.965
0.97375
0.980625
0.988125
1.000625
1.00625
1.00625
1.005625
1.00125
1.013125
1.0225
1.0225
1.0225
1.0225
