-0.474375
-0.474375
-0.474375
-0.474375
-0.773125
-0.895
-0.710625
-0.724375
-0.840625
-0.53125
-0.05125
0.383125
0.67125
0.509375
-0.061875
-0.771875
-1.086875
-1.255625
-1.185625
-0.80875
-0.5475
-0.5975
-0.948125
-1.29375
-1.54875
-1.4575
-0.80875
-0.17625
0.34625
0.62
0.493125
0.244375
-0.313125
-0.475625
-0.556875
-0.749375
-0.655
-0.980625
-1.479375
-2.01875
-2.27125
-2.135625
-1.629375
-0.773125
-0.175625
0.305
0.625625
0.68875
0.72375
0.6975
0.39875
0.325
0.25125
0.069375
0.11375
0.17875
0.12625
-0.14625
-0.305625
-0.708125
-0.90375
-0.680625
-0.46
-0.255625
-0.140625
-0.263125
-0.398125
-0.330625
-0.55875
-0.668125
-1.1625
-2.0075
-2.29375
-2.419375
-1.95375
-1.243125
-1.12375
-1.16875
-1.59875
-1.659375
-1.318125
-1.07375
-0.650625
-0.64
-0.61125
-0.158125
0.11625
0.318125
0.509375
0.053125
-0.4575
-0.6675
-0.896875
-0.8675
-0.49375
-0.385625
-0.639375
-0.4675
-0.46375
-0.4575
0.005625
0.108125
0.178125
0.31625
0.31625
-0.035625
-0.739375
-1.420625
-2.03375
-2.23875
-1.711875
-1.230625
-0.746875
-0.05625
-0.006875
0.084375
-0.003125
-0.32125
-0.145
0.073125
0.47
0.8625
0.735
0.703125
0.23
-0.38875
-0.720625
-1.25
-1.251875
-1.046875
-0.66875
-0.230625
0.208125
0.585625
0.7125
0.758125
0.6275
0.440625
0.3275
0.376875
0.130625
-0.439375
-0.810625
-1.181875
-1.3225
-1.055
-1.343125
-1.769375
-1.77
-1.818125
-1.116875
-0.269375
0.02625
0.42375
0.1175
-0.278125
-0.578125
-0.98875
-0.7975
-0.658125
-0.488125
-0.4375
-0.70625
-0.87125
-0.795625
-0.591875
-0.61875
-0.73
-1.13625
-1.56
-1.425
-1.225
-0.61
0.133125
0.285
0.213125
-0.44125
-1.325625
-1.65125
-1.594375
-1.259375
-0.87875
-0.76125
-1.01125
-1.070625
-1.00875
-1.21
-1.030625
-0.951875
-0.63375
0.27125
0.89
1.173125
1.160625
0.79625
0.37625
0.38375
0.39125
0.14
0.02625
-0.146875
-0.515
-0.485625
-0.2975
-0.414375
-0.255
-0.390625
-0.8475
-1.116875
-1.35375
-1.078125
-0.740625
-0.204375
0.185625
0.190625
0.29625
0.011875
-0.296875
-0.81125
-1.03
-1.154375
-1.3275
-1.0625
-1.065
-0.904375
-0.495
-0.27625
-0.465625
-0.53625
-1.05
-1.455625
-1.161875
-1.349375
-1.245625
-1.136875
-1.315
-1.03625
-0.48625
-0.210625
-0.328125
-0.6025
-1.130625
-1.33875
-0.8775
-0.22125
0.54375
1.00625
0.925
0.415625
-0.271875
-0.763125
-0.92375
-0.794375
-0.9325
-0.92625
-0.856875
-0.844375
-0.165
0.3325
0.605625
0.759375
0.40125
-0.0175
-0.2725
-0.164375
0.07875
0.415
0.539375
0.295625
0.323125
0.141875
0.011875
0.130625
-0.01625
-0.10625
-0.07125
-0.10875
-0.433125
-0.3425
-0.395625
-0.500625
-0.23
-0.2875
-0.06875
-0.136875
0.034375
0.270625
0.2225
0.4525
0.333125
-0.01
-0.365625
-0.38875
-0.4025
-0.1475
0.04875
-0.160625
-0.523125
-1.13625
-1.236875
-1.4975
-1.44125
-1.158125
-1.226875
-1.11875
-1.240625
-1.183125
-1.0975
-0.938125
-0.668125
-0.63125
-0.650625
-0.6225
-0.329375
-0.09
0.125625
0.580625
0.740625
0.95625
0.98
0.4125
-0.1625
-0.983125
-1.4975
-1.534375
-1.74
-1.639375
-1.4575
-1.4575
-1.18875
-1.045
-1.25125
-1.395625
-1.65625
-1.55875
-1.154375
-0.731875
-0.16
0.094375
0.410625
0.323125
0.233125
0.186875
0.010625
0.431875
0.666875
0.908125
0.963125
0.57125
0.46375
0.18625
-0.144375
-0.39375
-0.834375
-1.07125
-1.0925
-0.706875
-0.32125
-0.121875
0.33125
0.154375
-0.0225
-0.131875
-0.50375
-0.569375
-0.921875
-0.984375
-1.244375
-1.551875
-1.2575
-1.483125
-1.224375
-0.918125
-0.955
-0.613125
-0.58
-0.149375
0.22
0.331875
0.37375
-0.00125
-0.3925
-0.29
-0.00375
0.310625
0.565
0.32875
0.0225
-0.644375
-0.785
-0.6575
-0.551875
0.08
0.2375
0.091875
-0.23
-0.63625
-1.110625
-1.19
-0.916875
-0.898125
-0.578125
-0.661875
-1.2175
-1.54625
-2.105
-2.161875
-1.914375
-1.52
-0.760625
-0.38625
0.26625
0.46375
0.439375
0.4175
-0.124375
-0.358125
-0.624375
-0.860625
-0.663125
-0.28625
0.090625
0.470625
0.330625
-0.0425
-0.3875
-0.545625
-0.0325
0.42875
0.781875
0.964375
0.773125
0.39875
-0.035
-0.41625
-0.78625
-0.810625
-0.504375
-0.228125
0.110625
0.228125
0.1025
0.150625
-0.0675
-0.175
-0.21125
-0.669375
-0.718125
-0.59375
-0.65125
-0.436875
-0.778125
-1.268125
-1.591875
-1.933125
-1.905
-1.988125
-2.06
-2.01875
-1.748125
-1.405625
-0.95375
-0.466875
-0.39125
-0.39625
-0.665
-1.2125
-1.389375
-1.2975
-0.926875
-0.5125
-0.566875
-1.0325
-1.675
-2.295625
-2.479375
-2.073125
-1.561875
-0.849375
-0.159375
0.126875
0.17625
0.2175
-0.119375
-0.374375
-0.46
-0.7425
-0.73625
-0.738125
-0.6625
-0.55125
-0.2325
-0.16875
-0.090625
-0.033125
-0.46
-0.78125
-1.28625
-1.5225
-1.3125
-0.975
-0.545625
-0.424375
-0.915
-1.15875
-1.4025
-1.71375
-1.389375
-1.17875
-0.968125
-0.40375
-0.333125
-0.52875
-0.84375
-1.5275
-1.795
-2.17625
-2.31875
-2.276875
-2.213125
-1.56375
-1.56375
-1.56375
-1.56375
