0.753125
0.753125
0.753125
0.753125
0.821875
0.784375
0.525
0.140625
-0.265625
-0.59375
-0.71875
-0.70625
-0.609375
-0.55
-0.5
-0.421875
-0.34375
-0.19375
-0.253125
-0.40625
-0.415625
-0.38125
-0.121875
0.315625
0.5375
0.54375
0.4125
0.15625
0.04375
0.125
0.278125
0.43125
0.36875
0.16875
-0.05625
-0.340625
-0.48125
-0.4875
-0.446875
-0.4125
-0.371875
-0.4
-0.515625
-0.553125
-0.55
-0.571875
-0.509375
-0.40625
-0.259375
-0.065625
0.14375
0.26875
0.2375
0.2
0.18125
0.19375
0.2125
0.20625
-0.003125
-0.121875
-0.18125
-0.3
-0.209375
-0.26875
-0.259375
-0.165625
-0.190625
-0.15625
-0.271875
-0.265625
-0.225
-0.184375
-0.05
-0.053125
0.08125
0.275
0.521875
0.634375
0.509375
0.265625
-0.115625
-0.221875
-0.246875
-0.296875
-0.26875
-0.46875
-0.60625
-0.640625
-0.69375
-0.709375
-0.78125
-0.80625
-0.825
-0.71875
-0.45
-0.33125
-0.128125
-0.06875
-0.203125
-0.109375
-0.165625
-0.096875
-0.040625
-0.271875
-0.43125
-0.6125
-0.74375
-0.725
-0.659375
-0.625
-0.565625
-0.440625
-0.309375
-0.178125
0.021875
0.15625
0.209375
0.196875
0.08125
-0.046875
-0.19375
-0.15
-0.13125
-0.1
0.028125
-0.034375
0.040625
0.0375
-0.0125
-0.06875
-0.2875
-0.36875
-0.390625
-0.2625
-0.0625
0.046875
-0.046875
-0.159375
-0.253125
-0.296875
-0.125
-0.071875
-0.025
0.003125
-0.09375
-0.215625
-0.3625
-0.49375
-0.575
-0.4875
-0.38125
-0.31875
-0.140625
-0.11875
-0.078125
-0.0875
-0.340625
-0.534375
-0.740625
-0.85625
-0.784375
-0.675
-0.584375
-0.5375
-0.615625
-0.671875
-0.709375
-0.646875
-0.51875
-0.45625
-0.33125
-0.34375
-0.284375
-0.1125
-0.0125
0.1375
0.14375
0.05625
-0.10625
-0.2625
-0.278125
-0.29375
-0.153125
0.140625
0.36875
0.48125
0.43125
0.10625
-0.28125
-0.4375
-0.365625
-0.159375
0.0875
0.215625
0.140625
0.040625
-0.028125
-0.159375
-0.16875
-0.021875
0.146875
0.309375
0.275
-0.034375
-0.43125
-0.678125
-0.771875
-0.728125
-0.54375
-0.509375
-0.50625
-0.403125
-0.475
-0.4875
-0.4875
-0.6625
-0.74375
-0.665625
-0.51875
-0.275
0.1
0.265625
0.3625
0.528125
0.55625
0.65
0.675
0.55
0.30625
0.04375
-0.115625
-0.215625
-0.221875
-0.1375
-0.05625
0.025
0.15625
0.15
0.028125
-0.171875
-0.415625
-0.596875
-0.675
-0.66875
-0.596875
-0.603125
-0.628125
-0.640625
-0.675
-0.6125
-0.421875
-0.175
-0.025
0.1625
0.128125
-1.38777878078e-17
0.009375
-0.065625
-0.01875
-0.021875
-0.08125
-0.09375
-0.190625
-0.153125
-0.134375
-0.125
-0.040625
-0.0625
-0.059375
-0.128125
-0.1125
-0.021875
0.109375
0.371875
0.396875
0.39375
0.275
0.146875
0.146875
0.0875
0.084375
-0.1
-0.278125
-0.428125
-0.578125
-0.525
-0.4
-0.25
-0.16875
-0.221875
-0.40625
-0.590625
-0.709375
-0.796875
-0.765625
-0.596875
-0.403125
-0.071875
0.2
0.334375
0.45
0.309375
0.175
-0.025
-0.2125
-0.159375
-0.196875
-0.19375
-0.215625
-0.371875
-0.4375
-0.45
-0.4625
-0.49375
-0.53125
-0.53125
-0.53125
-0.53125
