-1.55625
-1.55625
-1.55625
-1.55625
-1.10625
0.8375
1.20625
1.31875
1.3375
0.23125
-0.15
-0.325
-0.64375
-0.2375
0.2125
0.0875
-0.10625
-0.13125
-0.6125
-1.00625
-1.05
-2.5125
-2.575
-2.16875
-1.80625
-0.15625
-0.18125
-0.3
-0.7375
-1.86875
-2.43125
-3.2875
-3.375
-2.14375
-0.5
1.60625
2.8125
3.075
3.00625
2.33125
2.24375
1.7875
1.65
2.2
2.30625
2.94375
2.8875
2.875
2.9375
2.8375
3.0
2.69375
2.875
2.375
2.475
1.93125
0.06875
-1.16875
-3.61875
-4.9375
-5.01875
-4.5625
-3.54375
-3.5
-3.41875
-3.925
-3.5875
-2.25625
-1.14375
0.325
0.95
0.725
0.59375
-0.11875
-0.64375
-0.34375
-1.19375
-1.7125
-2.11875
-2.80625
-2.55
-1.90625
-1.19375
-1.175
-0.78125
-0.775
-1.34375
-0.65625
0.30625
1.1625
2.29375
3.0875
2.83125
2.5875
1.95625
0.98125
0.35625
-0.4
-0.0625
-0.69375
-1.25
-1.8375
-3.075
-2.91875
-3.3875
-2.91875
-2.9875
-3.01875
-1.825
-1.36875
0.14375
0.25
-0.26875
-0.61875
-1.93125
-1.5625
-1.20625
-1.21875
-0.69375
-1.5875
-2.46875
-2.8375
-2.29375
-0.83125
0.3125
1.4875
0.725
-0.56875
-1.2375
-3.1625
-3.5375
-3.325
-4.01875
-3.0625
-2.7125
-1.925
0.0625
0.6875
1.75
1.68125
1.35625
1.7125
1.25625
1.3125
0.5375
0.44375
0.725
0.53125
0.74375
-0.4625
-1.3
-1.55
-1.46875
-0.05
0.70625
1.58125
1.58125
0.95
0.75
1.66533453694e-16
-0.06875
-0.45625
-1.4
-2.5
-2.6875
-2.2625
-0.74375
1.3875
1.9
2.29375
1.3875
-0.39375
-1.275
-2.86875
-3.5375
-2.6375
-2.0375
-0.35
1.23125
1.38125
1.63125
1.26875
0.6
0.5375
0.25625
0.53125
0.96875
1.2875
2.05625
2.44375
2.475
1.9875
0.5375
-1.3375
-3.175
-3.60625
-3.0375
-2.23125
-1.075
-1.49375
-1.99375
-2.90625
-3.6375
-3.2
-3.31875
-2.2375
-1.6875
-1.98125
-1.625
-1.95
-1.24375
-0.25625
0.71875
1.175
0.75625
0.125
-1.13125
-1.79375
-2.29375
-1.9
-1.8375
-1.54375
-1.64375
-2.94375
-2.6625
-2.6625
-2.175
-1.03125
-0.83125
-0.25625
0.45
1.41875
2.125
2.14375
1.8875
1.5375
1.50625
1.31875
0.85
0.16875
-0.3625
-0.11875
0.19375
0.51875
0.6375
0.175
-0.05
-0.64375
-1.55625
-1.96875
-2.38125
-2.74375
-2.675
-2.9125
-3.15
-3.09375
-3.5125
-3.84375
-3.85625
-3.575
-3.0125
-2.48125
-1.61875
-0.70625
0.73125
2.19375
2.0375
1.11875
-0.4125
-1.85625
-1.8125
-1.56875
-1.26875
-1.19375
-1.6375
-1.8625
-1.95
-1.95
-2.525
-2.80625
-2.9125
-3.01875
-2.25625
-1.05625
-0.1625
0.6625
1.5
1.45
1.225
0.6125
0.0375
-0.6375
-0.75
0.3
0.6375
0.61875
-0.0375
-1.45625
-2.1375
-1.18125
-0.0875
1.43125
1.6375
0.81875
0.7
-0.09375
0.68125
0.80625
0.54375
0.375
-1.04375
-1.89375
-3.35625
-4.33125
-4.3875
-4.08125
-2.36875
-0.79375
1.1375
2.8125
2.9125
2.9
1.86875
0.5875
0.68125
0.49375
0.8375
2.05625
2.01875
2.75
3.2625
2.39375
2.09375
0.65625
-1.40625
-3.03125
-4.65625
-5.86875
-6.10625
-5.75625
-4.8375
-3.68125
-2.16875
-0.675
0.04375
0.7625
0.83125
0.1125
-0.5
-0.875
-2.1375
-2.8875
-3.4375
-4.14375
-3.075
-1.325
-0.35625
0.53125
0.53125
-0.83125
-1.5125
-2.56875
-3.83125
-3.73125
-3.6875
-2.89375
-2.575
-3.41875
-3.2625
-3.28125
-2.38125
-0.51875
-0.25
-0.5375
-0.71875
-1.54375
-2.0125
-1.60625
-1.5
-1.75
-0.8375
-1.125
-1.5
-0.675
-0.64375
0.75
1.60625
1.1
0.51875
-1.1875
-2.3125
-2.8125
-4.2
-5.38125
-6.5625
-7.6875
-7.24375
-5.675
-3.21875
-0.50625
1.1625
1.94375
1.575
1.5625
2.48125
3.4
4.84375
5.025
3.69375
1.7125
-0.79375
-2.1875
-1.69375
0.18125
2.11875
3.5125
3.7
2.76875
1.85
0.46875
-1.075
-1.075
-1.075
-1.075
