-0.1303125
-0.1303125
-0.1303125
-0.1303125
-0.0279375
0.028375
0.184875
0.309
0.2970625
0.339875
0.31575
0.283375
0.3240625
0.21875
0.1280625
0.1035625
0.040125
0.1444375
0.2513125
0.2505625
0.259
0.251375
0.2935
0.3529375
0.4033125
0.3453125
0.2450625
0.1771875
0.1386875
0.16475
0.0895625
0.014375
-0.0788125
-0.143
-0.05825
0.092875
0.2425625
0.3143125
0.3825625
0.3496875
0.3571875
0.4070625
0.387375
0.3949375
0.2700625
0.111
-0.0301875
-0.1059375
-0.0403125
0.0935625
0.2415625
0.2380625
0.17
0.0321875
-0.121375
-0.139125
-0.124
-0.040125
0.055375
0.102
0.128625
0.124625
0.0825
0.079875
0.1066875
0.1196875
0.2121875
0.296875
0.3298125
0.35125
0.3205
0.21425
0.122625
0.0538125
-0.0539375
-0.152875
-0.273375
-0.353125
-0.280375
-0.1143125
0.1226875
0.3275
0.3578125
0.3768125
0.3171875
0.251375
0.273625
0.1950625
0.1799375
0.12075
0.0528125
0.065375
0.0425
0.0936875
0.083125
-0.0006875
-0.054375
-0.14875
-0.099375
0.0146875
0.0668125
0.1355625
0.0301875
-0.0550625
-0.0956875
-0.144625
-0.045125
0.048125
0.139875
0.18775
0.133625
0.037375
-0.048875
-0.114625
-0.1185
-0.1218125
-0.104375
-0.033125
-0.0683125
-0.071125
-0.1038125
-0.1669375
-0.085
-0.0595
-0.000125
0.08775
0.1014375
0.195625
0.2210625
0.2341875
0.2635625
0.254125
0.2363125
0.2023125
0.117625
0.029125
-0.007
-0.0013125
0.0410625
0.0705625
0.1141875
0.0909375
0.110375
0.1165625
0.11475
0.1226875
0.1101875
0.187625
0.2410625
0.308375
0.298
0.19325
0.054
-0.1340625
-0.154375
-0.153
-0.09925
0.0275625
-0.0021875
-0.009375
-0.0265625
-0.0376875
0.012
0.0679375
0.180875
0.2635
0.36275
0.443
0.3860625
0.3210625
0.2205625
0.08125
0.022125
-0.0165625
-0.045875
-0.0464375
-0.0238125
-0.0296875
-0.0601875
0.014375
0.1074375
0.21475
0.3143125
0.2150625
0.04525
-0.12925
-0.2296875
-0.16
-0.041875
0.04825
0.076625
0.03775
-0.0879375
-0.1236875
-0.094625
-0.070875
0.0318125
0.0814375
0.0084375
-0.0468125
-0.1020625
-0.2013125
-0.1788125
-0.1678125
-0.1153125
0.0581875
0.1861875
0.315625
0.3401875
0.209
0.0803125
-0.0469375
-0.1225
-0.0684375
-0.0075625
0.0101875
0.0703125
0.0954375
0.069125
0.11525
0.0821875
0.0170625
-0.009875
-0.1083125
-0.12525
-0.1021875
-0.0635625
0.0581875
0.1770625
0.2176875
0.29
0.264375
0.1565625
0.1103125
-0.0308125
-0.0931875
-0.099875
-0.078375
-0.0036875
0.087125
0.1264375
0.096625
0.0683125
-0.017
-0.0561875
-0.054875
-0.00575
0.1215
0.1980625
0.2661875
0.2585
0.1083125
0.008875
-0.099625
-0.1703125
-0.1689375
-0.1535
-0.1086875
-0.0993125
-0.0035625
0.1010625
0.1668125
0.2874375
0.260875
0.1651875
0.0636875
-0.057625
-0.126875
-0.1390625
-0.14475
-0.2030625
-0.198625
-0.26825
-0.2718125
-0.1673125
-0.0859375
0.1018125
0.2845
0.3560625
0.3966875
0.36325
0.1863125
0.098875
0.02225
-0.012625
0.1303125
0.1749375
0.228125
0.20725
0.09225
0.042125
-0.02825
-0.0098125
0.0020625
0.0025625
-0.0039375
-0.030875
-0.030875
-0.030875
-0.030875
