-0.044375
-0.044375
-0.044375
-0.044375
0.016875
0.11
0.164375
0.14875
0.18375
0.166875
0.111875
0.133125
0.1
0.0625
0.0525
-0.02875
-0.089375
-0.14875
-0.186875
-0.190625
-0.2125
-0.1925
-0.19375
-0.164375
-0.10125
-0.039375
0.081875
0.1425
0.18
0.17
0.079375
0.02125
-0.024375
-0.07125
-0.086875
-0.114375
-0.148125
-0.14
-0.130625
-0.08
-0.029375
0.003125
0.053125
0.02125
-0.011875
-0.04375
-0.12875
-0.14
-0.14625
-0.119375
-0.0375
0.029375
0.08375
0.09125
0.05875
-0.003125
-0.05
-0.069375
-0.053125
-0.0175
0.055625
0.083125
0.079375
0.075625
0.0025
-0.055625
-0.0825
-0.07625
-0.06875
-0.025
0.006875
-0.008125
0.010625
0.025625
0.028125
0.02625
-0.005
-0.07125
-0.12
-0.1325
-0.105625
-0.059375
-0.024375
-0.026875
-0.033125
-0.035
-0.03125
-0.02375
-0.05125
-0.08375
-0.090625
-0.0625
-0.01125
0.03125
0.006875
-0.038125
-0.095625
-0.136875
-0.150625
-0.165625
-0.163125
-0.135625
-0.078125
-0.018125
0.030625
0.021875
-0.025625
-0.073125
-0.118125
-0.160625
-0.168125
-0.1425
-0.146875
-0.10875
-0.08625
-0.085
-0.025
-0.00375
0.01875
-0.014375
-0.071875
-0.094375
-0.074375
-0.040625
-0.03125
-0.03375
-0.130625
-0.165
-0.144375
-0.121875
-0.048125
-0.00625
-0.034375
-0.07625
-0.11875
-0.161875
-0.150625
-0.131875
-0.063125
0.0025
0.04625
0.085
0.03
-0.023125
-0.055625
-0.073125
-0.048125
-0.018125
-0.023125
-0.038125
-0.056875
-0.083125
-0.095
-0.100625
-0.09625
-0.06875
-0.054375
-0.055
-0.059375
-0.1025
-0.106875
-0.101875
-0.08
-0.035
-0.016875
0.005625
-0.009375
-0.0125
-0.015625
-0.02625
-0.0175
-0.059375
-0.09375
-0.12625
-0.16375
-0.155625
-0.15375
-0.155625
-0.14625
-0.1425
-0.104375
-0.051875
-0.006875
0.0525
0.03125
-0.00375
-0.004375
-0.024375
0.02375
0.07875
0.06875
0.039375
-0.02875
-0.056875
-0.054375
-0.0325
0.024375
-0.001875
-0.0075
-0.011875
-0.030625
-0.00375
-0.014375
-0.008125
0.015
0.031875
0.085
0.105
0.1325
0.198125
0.259375
0.37625
0.441875
0.41
0.315625
0.12
-0.065625
-0.170625
-0.21125
-0.17125
-0.135
-0.078125
0.008125
0.065
0.1575
0.209375
0.1725
0.15125
0.108125
0.02
-0.01625
-0.055
-0.083125
-0.02125
0.0425
0.1425
0.2375
0.2875
0.2925
0.231875
0.204375
0.14125
0.136875
0.18375
0.15875
0.193125
0.18
0.14125
0.191875
0.21875
0.293125
0.306875
0.22875
0.10625
-0.053125
-0.1325
-0.18
-0.126875
-0.055625
-0.0125
0.07875
0.07
0.040625
0.033125
-0.0425
-0.0425
0.03375
0.0775
0.191875
0.2425
0.220625
0.233125
0.160625
0.151875
0.166875
0.158125
0.19625
0.214375
0.17
0.1475
0.121875
0.0725
0.081875
0.065
0.045
0.005
-0.044375
-0.030625
-0.01375
0.066875
0.180625
0.2325
0.286875
0.2775
0.248125
0.2425
0.234375
0.29
0.321875
0.30125
0.278125
0.190625
0.076875
0.044375
0.04625
0.113125
0.218125
0.23875
0.195
0.086875
0.016875
0.034375
0.088125
0.17375
0.1975
0.141875
0.081875
0.03
-0.0025
0.024375
0.04875
0.055625
0.06625
0.065
0.06125
0.111875
0.191875
0.219375
0.3025
0.340625
0.361875
0.423125
0.384375
0.33375
0.210625
0.089375
0.024375
-0.016875
0.05125
0.1075
0.1575
0.145625
0.05625
-0.021875
-0.10625
-0.131875
-0.088125
-0.03625
0.026875
0.0775
0.04625
0.00625
-0.03875
-0.075625
-0.070625
-0.024375
0.026875
0.026875
0.026875
0.026875
