0.315625
0.315625
0.315625
0.315625
0.121875
-0.171875
-0.365625
-0.39375
-0.296875
-0.05
0.1875
0.259375
0.221875
0.175
0.0375
-0.034375
-0.015625
-0.19375
-0.29375
-0.465625
-0.65
-0.578125
-0.4625
-0.209375
0.171875
0.359375
0.55625
0.596875
0.509375
0.40625
0.090625
-0.13125
-0.415625
-0.471875
-0.375
-0.146875
0.090625
0.18125
0.340625
0.303125
0.31875
0.334375
0.225
0.16875
0.159375
0.08125
0.053125
0.03125
-0.0375
-0.0375
-0.06875
-0.1
-0.178125
-0.25625
-0.225
-0.240625
-0.240625
-0.171875
-0.246875
-0.30625
-0.309375
-0.496875
-0.578125
-0.54375
-0.475
-0.321875
-0.115625
-0.046875
-0.096875
-0.034375
-0.06875
-0.009375
0.090625
0.10625
-0.0125
-0.2375
-0.30625
-0.30625
-0.03125
0.334375
0.471875
0.546875
0.359375
0.196875
0.15625
0.109375
0.2
0.178125
0.1125
-0.06875
-0.2125
-0.225
-0.15
0.090625
0.21875
0.26875
0.175
0.040625
-0.01875
-0.06875
-0.128125
-0.271875
-0.428125
-0.609375
-0.7125
-0.71875
-0.75
-0.809375
-0.725
-0.59375
-0.3
0.190625
0.40625
0.61875
0.603125
0.34375
0.284375
0.021875
-0.059375
-0.053125
-0.115625
-0.04375
-0.059375
0.05
0.090625
0.15625
0.078125
-0.25625
-0.390625
-0.54375
-0.478125
-0.125
0.034375
0.1875
0.209375
-0.05625
-0.340625
-0.54375
-0.646875
-0.575
-0.3375
-0.2625
-0.240625
-0.203125
-0.246875
-0.096875
0.134375
0.246875
0.353125
0.246875
-0.009375
-0.121875
-0.2375
-0.1625
-0.00625
0.08125
0.109375
-0.03125
-0.25625
-0.48125
-0.509375
-0.36875
-0.14375
0.1375
0.14375
0.059375
-0.0125
-0.140625
-0.10625
-0.11875
-0.1625
-0.35625
-0.55625
-0.65
-0.74375
-0.659375
-0.61875
-0.678125
-0.640625
-0.646875
-0.5375
-0.4125
-0.371875
-0.253125
-0.225
-0.0875
-0.028125
-0.1125
-0.184375
-0.26875
-0.134375
0.090625
0.36875
0.509375
0.509375
0.5625
0.4125
0.40625
0.271875
0.071875
0.015625
-0.25625
-0.4
-0.596875
-0.7125
-0.665625
-0.6375
-0.503125
-0.525
-0.440625
-0.253125
-0.11875
0.228125
0.30625
0.234375
0.225
0.021875
0.015625
0.0875
0.028125
-0.05625
-0.103125
-0.19375
-0.2875
-0.234375
-0.309375
-0.346875
-0.175
-0.140625
-0.09375
0.025
-0.05
-0.021875
0.003125
-0.134375
-0.296875
-0.490625
-0.709375
-0.759375
-0.734375
-0.59375
-0.375
-0.31875
-0.109375
-0.13125
-0.121875
-0.021875
-0.209375
-0.225
-0.234375
-0.128125
0.19375
0.371875
0.34375
0.040625
-0.41875
-0.790625
-1.01875
-1.1
-1.1
-1.06875
-1.0375
-1.00625
-0.975
-0.9625
-0.95
-0.9375
-0.925
-0.96875
-0.928125
-0.875
-0.715625
-0.428125
-0.25625
-0.05625
-0.05625
-0.140625
-0.240625
-0.415625
-0.496875
-0.63125
-0.69375
-0.6625
-0.565625
-0.415625
-0.321875
-0.28125
-0.384375
-0.5125
-0.584375
-0.740625
-0.675
-0.446875
-0.184375
0.15
0.228125
0.05
-0.271875
-0.503125
-0.509375
-0.340625
-2.08166817117e-17
0.196875
0.284375
0.259375
0.059375
-0.10625
-0.36875
-0.56875
-0.603125
-0.59375
-0.465625
-0.3625
-0.271875
-0.146875
-0.04375
0.11875
0.21875
0.271875
0.259375
0.171875
0.0125
-0.153125
-0.2625
-0.209375
-0.01875
0.2375
0.51875
0.525
0.4625
0.3375
0.30625
0.421875
0.534375
0.64375
0.496875
0.35
0.134375
-0.08125
-0.153125
-0.078125
0.140625
0.35625
0.71875
0.7875
0.784375
0.659375
0.384375
0.4
0.35625
0.41875
0.340625
-0.01875
-0.259375
-0.396875
-0.384375
-0.096875
0.075
0.084375
0.225
0.23125
0.35
0.540625
0.46875
0.253125
-0.14375
-0.390625
-0.525
-0.525
-0.275
-0.30625
-0.184375
0.0875
0.103125
0.321875
0.3375
0.153125
0.0875
-0.071875
-0.246875
-0.36875
-0.471875
-0.590625
-0.6375
-0.68125
-0.70625
-0.68125
-0.65
-0.671875
-0.71875
-0.753125
-0.75625
-0.684375
-0.625
-0.525
-0.38125
-0.28125
-0.103125
-0.0625
-0.159375
-0.18125
-0.209375
-0.165625
-0.078125
-0.04375
-0.18125
-0.3125
-0.36875
-0.428125
-0.321875
-0.196875
-0.196875
-0.275
-0.490625
-0.74375
-0.796875
-0.715625
-0.465625
-0.171875
-0.153125
-0.240625
-0.496875
-0.803125
-0.88125
-0.9
-0.834375
-0.7125
-0.728125
-0.671875
-0.528125
-0.3625
-0.14375
-0.015625
0.021875
-0.046875
-0.0625
-0.084375
-0.1875
-0.184375
-0.31875
-0.403125
-0.371875
-0.39375
-0.253125
-0.14375
-0.0125
0.034375
-0.06875
-0.15
-0.36875
-0.503125
-0.540625
-0.653125
-0.59375
-0.509375
-0.39375
-0.234375
-0.21875
-0.234375
-0.3625
-0.44375
-0.46875
-0.453125
-0.334375
-0.25
-0.14375
0.021875
0.20625
0.446875
0.75625
0.971875
0.978125
0.8
0.440625
-0.059375
-0.34375
-0.4375
-0.35
0.015625
0.38125
0.74375
1.015625
1.084375
0.990625
0.7125
0.309375
-0.0875
-0.428125
-0.659375
-0.7
-0.615625
-0.515625
-0.271875
-0.125
-0.115625
-0.0625
-0.284375
-0.475
-0.521875
-0.5875
-0.365625
-0.125
-0.015625
0.05625
-0.159375
-0.384375
-0.56875
-0.690625
-0.66875
-0.65625
-0.55
-0.359375
-0.1625
-0.015625
0.05625
-0.134375
-0.30625
-0.440625
-0.6375
-0.65625
-0.7
-0.74375
-0.690625
-0.7
-0.59375
-0.45625
-0.2625
0.04375
0.234375
0.453125
0.45
0.296875
0.05
-0.315625
-0.53125
-0.665625
-0.675
-0.60625
-0.509375
-0.378125
-0.3625
-0.359375
-0.4625
-0.678125
-0.790625
-0.878125
-0.89375
-0.81875
-0.6375
-0.49375
-0.3875
-0.25
-0.234375
-0.115625
0.021875
0.09375
0.021875
-0.075
-0.021875
0.034375
0.225
0.25625
0.08125
-0.0125
-0.021875
0.025
0.1375
0.028125
-0.2375
-0.453125
-0.609375
-0.5875
-0.34375
0.034375
0.221875
0.428125
0.425
0.21875
0.265625
0.2
0.20625
0.278125
0.159375
0.16875
0.23125
0.346875
0.596875
0.78125
0.775
0.59375
0.340625
0.08125
-0.053125
-0.09375
-0.128125
-0.234375
-0.340625
-0.403125
-0.615625
-0.678125
-0.68125
-0.703125
-0.578125
-0.578125
-0.6125
-0.58125
-0.40625
-0.14375
0.1125
0.365625
0.3625
0.271875
0.103125
-0.190625
-0.35
-0.371875
-0.2
0.034375
0.2
0.25
0.04375
-0.240625
-0.453125
-0.603125
-0.565625
-0.45
-0.346875
-0.275
-0.2875
-0.30625
-0.303125
-0.33125
-0.334375
-0.3125
-0.31875
-0.346875
-0.428125
-0.546875
-0.7375
-0.821875
-0.840625
-0.7625
-0.584375
-0.40625
-0.109375
0.175
0.425
0.534375
0.421875
0.184375
0.0375
0.10625
0.359375
0.734375
0.89375
0.921875
0.853125
0.59375
0.5875
0.446875
0.171875
0.090625
-0.2125
-0.3125
-0.26875
-0.33125
-0.346875
-0.415625
-0.41875
-0.425
-0.390625
-0.428125
-0.54375
-0.46875
-0.303125
0.04375
0.325
0.396875
0.31875
-0.003125
-0.175
-0.3625
-0.415625
-0.31875
-0.240625
0.05625
0.203125
0.375
0.36875
0.221875
0.234375
0.09375
0.13125
0.16875
0.128125
0.328125
0.53125
0.73125
0.93125
0.928125
0.8
0.584375
0.428125
0.3375
0.303125
0.384375
0.384375
0.384375
0.384375
