0.486875
0.486875
0.486875
0.486875
0.56375
0.641875
0.708125
0.723125
0.683125
0.599375
0.55625
0.541875
0.56875
0.635
0.65875
0.655
0.62625
0.59375
0.5775
0.5575
0.565625
0.556875
0.538125
0.555
0.541875
0.54375
0.54625
0.516875
0.525
0.518125
0.53875
0.570625
0.571875
0.574375
0.563125
0.54375
0.53375
0.52
0.495
0.47375
0.46625
0.47
0.465
0.469375
0.468125
0.46375
0.483125
0.473125
0.451875
0.4475
0.43625
0.455625
0.483125
0.480625
0.47375
0.473125
0.45625
0.430625
0.401875
0.345625
0.31125
0.34125
0.385
0.456875
0.515625
0.5275
0.53375
0.514375
0.50375
0.50375
0.500625
0.500625
0.484375
0.449375
0.42125
0.41875
0.4375
0.481875
0.525
0.54125
0.55875
0.56375
0.5925
0.598125
0.580625
0.554375
0.471875
0.461875
0.47
0.49375
0.55125
0.568125
0.568125
0.54875
0.54625
0.5275
0.53
0.578125
0.566875
0.58625
0.5775
0.505
0.50625
0.495
0.51125
0.605625
0.63625
0.65
0.654375
0.584375
0.53125
0.503125
0.475
0.45875
0.46125
0.434375
0.420625
0.430625
0.4275
0.46625
0.4875
0.51125
0.5275
0.500625
0.46
0.39
0.331875
0.308125
0.318125
0.356875
0.413125
0.449375
0.48625
0.51375
0.5125
0.491875
0.4425
0.415625
0.40125
0.444375
0.504375
0.519375
0.533125
0.50875
0.474375
0.479375
0.484375
0.504375
0.52125
0.504375
0.4975
0.488125
0.48
0.463125
0.42625
0.366875
0.3325
0.3325
0.3325
0.3325
