0.00741195375
0.00741195375
0.00741195375
0.00741195375
0.010879306875
0.0151550575
0.02028790875
0.03113799625
0.042202375
0.053646604375
0.065129791875
0.065178506875
0.049585140625
0.033816458125
0.01803803625
0.011999368125
0.0148141575
0.0176192075
0.02133005625
0.01947950625
0.0197522225
0.020015199375
0.02026843375
0.019382118125
0.0207067225
0.026073323125
0.0305438675
0.037692843125
0.037692843125
0.0305438675
0.022498835625
0.01445380375
0.012934404375
0.01542778
0.01790167375
0.0223722175
0.022771548125
0.0222748225
0.025187010625
0.02430069375
0.025888270625
0.025664253125
0.0213690225
0.024592883125
0.02914135
0.03553063
0.04239715375
0.03963106
0.03464430375
0.03003739875
0.02763168125
0.027329750625
0.0228105075
0.017443905625
0.01409342875
0.015047921875
0.0202197275
0.025829821875
0.024290940625
0.01813541875
0.01219417125
0.011979899375
0.01983014125
0.0294335375
0.038822659375
0.036767569375
0.0306802225
0.024972725625
0.019245749375
0.01922627
0.0152037525
0.011171495625
0.007158718125
0.00315568
0.00312646125
0.003116721875
0.00346735375
0.003847204375
0.008288530625
0.0127103775
0.0164017425
0.020950208125
0.019245754375
0.02154433875
0.029940009375
0.037449360625
0.045737890625
0.0465755075
0.0357741175
0.02387213375
0.01395706125
0.006934700625
0.006038645625
0.008921615625
0.012155214375
0.016830295625
0.02126188375
0.024553921875
0.0260538475
0.0297841725
0.033982005
0.03551114375
0.0410530575
0.050101315
0.05830221375
0.06704854375
0.06956143625
0.0551660575
0.041160269375
0.02600518125
0.013061013125
0.01125915
0.01178509
0.013489548125
0.024797385
0.034391029375
0.03936802625
0.056169099375
0.055594491875
0.055876980625
0.069756185625
0.06338640875
0.069697770625
0.07967127875
0.071090519375
0.0697561475
0.0613994125
0.04825071875
0.038773931875
0.03293982
0.02955039
0.0243980675
0.0281284
0.0272713075
0.026988858125
0.029589374375
0.02175861
0.025498651875
0.031293780625
0.048396780625
0.074090249375
0.086216280625
0.0947093875
0.083508675
0.0688600875
0.054854305625
0.0433224175
0.041316029375
0.035647495
0.035822811875
0.033319696875
0.026570050625
0.02314165875
0.016090078125
0.01482391125
0.027057056875
0.04532885125
0.065782350625
0.078210294375
0.069873050625
0.050111074375
0.030524415
0.018982790625
0.01792115375
0.02261571125
0.025849303125
0.0250603775
0.023599415
0.022080015
0.021476153125
0.01865162875
0.018456834375
0.0187295475
0.018817205
0.019128875
0.018924339375
0.017658170625
0.0185737075
0.02170016875
0.02017103
0.019820401875
0.015690748125
0.014784951875
0.016109555
0.016878991875
0.02512856125
0.030504905
0.03710846
0.04737416125
0.050247386875
0.051016825
0.051016825
0.051016825
0.051016825
