1.2875
1.2875
1.2875
1.2875
1.15625
1.01875
0.866875
0.79625
0.77875
0.804375
0.898125
0.95125
1.004375
1.063125
1.028125
0.94
0.851875
0.73125
0.66375
0.649375
0.675
0.71125
0.800625
0.920625
0.973125
1.029375
0.979375
0.868125
0.7975
0.754375
0.79
0.89625
1.00375
1.08375
1.1525
1.2
1.205625
1.201875
1.15625
1.033125
0.965
0.915625
0.915
0.973125
0.989375
0.9725
0.900625
0.84125
0.82375
0.844375
0.951875
1.034375
1.066875
1.08125
0.989375
0.91
0.82875
0.75
0.736875
0.776875
0.835
0.895625
0.97125
0.940625
0.91625
0.90375
0.87875
0.915
0.99125
1.054375
1.073125
1.115625
1.105
1.054375
1.02
0.944375
0.855
0.805625
0.81
0.826875
0.876875
0.966875
0.975625
1.000625
1.053125
1.025625
1.079375
1.100625
1.07875
1.109375
1.08625
1.04875
0.99625
0.971875
0.94625
0.975625
1.035625
1.014375
1.01375
0.9825
0.94875
0.96875
0.985625
1.0275
1.049375
1.0725
1.065625
1.018125
1.026875
0.99375
1.019375
1.06375
1.05875
1.06875
1.065625
1.035
0.983125
0.96
0.918125
0.93125
1.01
1.09
1.145
1.159375
1.111875
1.04375
0.979375
0.933125
0.945625
0.95625
0.988125
1.015
1.00375
1.005625
1.025625
1.05375
1.088125
1.096875
1.090625
1.06375
1.003125
0.94375
0.900625
0.85875
0.905625
1.0275
1.116875
1.254375
1.3125
1.30625
1.30375
1.25125
1.218125
1.165
1.130625
1.109375
1.093125
1.0825
1.075625
1.081875
1.09625
1.163125
1.16375
1.15125
1.136875
1.085
1.111875
1.113125
1.1
1.069375
1.0425
1.02
1.000625
1.03125
0.9775
0.93875
0.918125
0.87
0.893125
0.935
0.96375
0.9925
0.98875
1.0
0.996875
0.95375
0.985625
0.958125
0.978125
1.071875
1.060625
1.12625
1.14
1.145
1.18375
1.179375
1.190625
1.17125
1.1725
1.171875
1.15375
1.095625
1.05625
0.961875
0.8975
0.924375
0.8975
0.925625
0.93125
0.878125
0.880625
0.883125
0.923125
0.97625
1.016875
1.07
1.096875
1.11875
1.11125
1.09125
1.06375
1.036875
1.010625
1.025
1.063125
1.0875
1.096875
1.04625
0.98125
0.955625
0.99125
1.0525
1.126875
1.154375
1.173125
1.15375
1.075625
1.0275
0.92125
0.87875
0.874375
0.865625
0.904375
0.87125
0.89875
0.91375
0.909375
0.9575
0.933125
0.92125
0.919375
0.929375
0.951875
0.990625
1.043125
1.046875
1.0625
1.104375
1.1025
1.17125
1.243125
1.240625
1.241875
1.178125
1.10625
1.0925
1.1
1.12625
1.139375
1.089375
1.066875
1.044375
1.008125
1.045625
1.055625
1.033125
1.09625
1.069375
1.055625
1.125625
1.094375
1.169375
1.178125
1.1075
1.096875
0.98625
0.9875
0.98625
0.93375
0.921875
0.823125
0.81375
0.893125
1.01875
1.181875
1.24
1.200625
1.14
1.0575
1.00875
1.0175
1.001875
0.998125
1.0375
1.074375
1.10375
1.140625
1.15625
1.145
1.140625
1.12125
1.0875
1.055
0.995
0.9575
0.943125
0.955
1.00875
1.048125
1.01625
0.985625
0.99375
1.001875
1.075625
1.1075
1.09625
1.08
1.03875
1.065625
1.03
0.995
0.985
0.911875
0.8975
0.8875
0.88625
0.935625
1.016875
1.1075
1.170625
1.181875
1.16125
1.099375
1.041875
0.989375
0.945
0.936875
0.935625
0.949375
0.9275
0.925625
0.894375
0.88625
0.92375
0.9125
0.919375
0.906875
0.85375
0.839375
0.87125
0.90625
0.98125
1.068125
1.115
1.176875
1.229375
1.23
1.206875
1.138125
1.06125
0.9825
0.91125
0.87875
0.82
0.820625
0.8375
0.80625
0.8525
0.8475
0.8425
0.908125
0.88
0.889375
0.91125
0.878125
0.903125
0.891875
0.88125
0.879375
0.855625
0.89625
0.938125
0.9925
1.04375
1.025
0.9825
0.97375
0.99
1.01125
1.02375
1.00875
0.94625
0.94125
0.95
0.938125
0.985625
0.955625
0.921875
0.93
0.916875
0.934375
0.99375
0.985
0.966875
1.001875
0.975625
1.030625
1.070625
1.0525
1.055625
1.02375
0.9975
1.003125
1.05
1.0325
1.055
1.053125
1.04
1.098125
1.14125
1.176875
1.155625
1.109375
1.010625
0.938125
0.905
0.924375
1.02375
1.073125
1.119375
1.1125
1.025625
0.959375
0.8675
0.79375
0.8
0.88125
1.0
1.1075
1.135
1.085
1.024375
0.984375
1.024375
1.043125
1.084375
1.11125
1.08375
1.10875
1.048125
0.978125
0.896875
0.825625
0.853125
0.875625
0.93125
0.96
0.91625
0.9025
0.881875
0.871875
0.91875
0.930625
0.96875
0.96375
0.933125
0.921875
0.879375
0.88625
0.90375
0.940625
0.99125
1.029375
1.058125
1.048125
1.00125
0.954375
0.88375
0.86
0.85875
0.885
0.926875
0.90125
0.908125
0.8825
0.896875
0.985
1.023125
1.07125
1.074375
1.01
0.983125
0.91125
0.825625
0.81375
0.785
0.83625
0.954375
1.0325
1.126875
1.14125
1.088125
1.026875
0.938125
0.929375
0.994375
1.08875
1.209375
1.2775
1.280625
1.249375
1.1775
1.14375
1.12875
1.11875
1.16375
1.183125
1.170625
1.134375
1.043125
0.924375
0.869375
0.88625
0.94375
1.038125
1.060625
1.035
1.010625
0.97375
0.976875
0.981875
0.9725
0.974375
0.97625
0.9925
0.999375
0.998125
1.003125
0.97875
0.965
0.92375
0.901875
0.88875
0.868125
0.89
0.866875
0.89625
0.91875
0.89875
0.885625
0.82625
0.82625
0.879375
0.945
0.990625
0.94375
0.861875
0.810625
0.80375
0.846875
0.92
0.9625
0.96875
1.008125
1.021875
1.045
1.1375
1.18
1.2275
1.25625
1.20875
1.165
1.0975
1.00875
0.964375
0.91125
0.926875
0.973125
1.001875
1.07625
1.08625
1.09625
1.049375
0.988125
0.925
0.861875
0.9125
0.95
1.03625
1.1625
1.1875
1.18625
1.1575
1.08875
1.05875
1.055625
1.044375
1.005625
0.958125
0.8825
0.83625
0.8325
0.894375
1.02375
1.115625
1.205
1.21375
1.155
1.075625
0.969375
0.865
0.788125
0.748125
0.724375
0.72625
0.728125
0.77
0.81625
0.87875
0.92875
0.935625
0.9025
0.849375
0.861875
0.840625
0.89
0.9675
0.97875
1.06375
1.115
1.1325
1.15375
1.10125
1.064375
1.0625
1.094375
1.21625
1.260625
1.22625
1.125
0.944375
0.848125
0.841875
0.865625
0.91625
0.928125
0.8725
0.8825
0.870625
0.871875
0.925
0.9025
0.903125
0.944375
0.99
1.080625
1.20125
1.25375
1.2275
1.165625
1.044375
0.950625
0.92625
0.906875
0.9425
1.0075
1.048125
1.065
1.014375
0.919375
0.85625
0.861875
0.96625
1.104375
1.203125
1.255
1.215
1.123125
1.070625
1.028125
1.020625
1.060625
1.0675
1.0875
1.078125
1.054375
1.04
1.0275
1.0425
1.048125
1.056875
1.029375
1.001875
1.011875
1.015625
1.046875
1.078125
1.035
0.976875
0.8725
0.775625
0.72875
0.7
0.72375
0.758125
0.780625
0.81625
0.8525
0.90375
0.995
1.055
1.084375
1.061875
1.0075
1.00375
1.0625
1.14
1.2175
1.2625
1.2625
1.2225
1.155
1.0475
0.9125
0.825625
0.75375
0.721875
0.691875
0.685625
0.745
0.8125
0.95875
1.073125
1.115
1.19375
1.20125
1.18125
1.186875
1.094375
1.01875
0.98375
0.96125
1.019375
1.0575
1.096875
1.1175
1.11375
1.13125
1.106875
1.05875
0.985
0.91125
0.91125
0.953125
1.049375
1.16375
1.189375
1.151875
1.095625
1.04375
1.058125
1.125625
1.15375
1.10625
1.020625
0.94125
0.86125
0.834375
0.83625
0.826875
0.844375
0.916875
0.935
0.91625
0.91375
0.809375
0.745
0.730625
0.68375
0.72875
0.77375
0.816875
0.87625
0.8375
0.79875
0.77375
0.801875
0.883125
0.976875
0.98375
0.919375
0.880625
0.87
0.918125
0.949375
0.964375
0.9125
0.860625
0.84375
0.7825
0.720625
0.71375
0.706875
0.7475
0.845625
0.83375
0.834375
0.865
0.834375
0.87125
0.93625
0.90375
0.901875
0.93
0.864375
0.86625
0.92125
0.87875
0.889375
0.93
0.864375
0.86625
0.92125
0.87875
0.889375
0.905625
0.815625
0.793125
0.82375
0.83125
0.891875
0.9275
0.856875
0.765625
0.690625
0.644375
0.704375
0.79625
0.8825
0.97625
0.96375
0.97875
0.96875
0.925625
0.935625
0.871875
0.85
0.8375
0.8375
0.908125
0.91125
0.88375
0.856875
0.80875
0.840625
0.903125
0.926875
0.90125
0.854375
0.81375
0.825625
0.903125
0.95625
0.996875
0.99625
0.950625
0.91625
0.915625
0.916875
0.963125
0.985
1.005
1.0375
1.025
0.99125
0.895
0.79875
0.709375
0.66
0.6475
0.666875
0.69875
0.730625
0.77375
0.811875
0.86625
0.955625
1.00625
0.97125
0.929375
0.848125
0.794375
0.825
0.820625
0.843125
0.900625
0.9375
1.026875
1.048125
1.026875
1.006875
0.991875
1.07375
1.18875
1.273125
1.294375
1.23625
1.158125
1.12375
1.105625
1.125
1.13875
1.11375
1.11875
1.086875
1.02375
0.995
0.93625
0.923125
0.944375
0.955
0.99875
0.99375
1.01375
0.9975
0.9725
0.978125
0.896875
0.8875
0.82875
0.77
0.77
0.69
0.65
0.6225
0.595
0.660625
0.7425
0.799375
0.85625
0.806875
0.756875
0.7725
0.788125
0.873125
0.910625
0.841875
0.773125
0.688125
0.688125
0.75375
0.819375
0.86875
0.8425
0.79125
0.793125
0.848125
0.95375
1.130625
1.20125
1.256875
1.284375
1.234375
1.2375
1.213125
1.183125
1.131875
1.080625
0.981875
0.875625
0.809375
0.743125
0.73
0.69
0.65
0.61
0.57
0.57
0.57
0.600625
0.63125
0.661875
0.6925
0.6925
0.70875
0.765
0.82125
0.846875
0.84
0.786875
0.77375
0.821875
0.88625
0.981875
0.9975
0.968125
0.93875
0.825625
0.7525
0.6775
0.6025
0.58625
0.57
0.623125
0.71625
0.868125
1.07875
1.210625
1.3025
1.293125
1.196875
1.130625
1.030625
0.98875
0.950625
0.88875
0.866875
0.825
0.86
0.960625
1.10125
1.2775
1.40125
1.47875
1.51
1.51
1.51
1.51
1.51
1.51
1.51
1.51
1.51
1.51
1.51
1.51
1.51
1.51
1.51
1.47875
1.42375
1.36875
1.31375
1.32125
1.37625
1.43125
1.455
1.4475
1.41625
1.385
1.365
1.32125
1.2775
1.23375
1.26125
1.33625
1.41125
1.48625
1.51
1.51
1.51
1.48625
1.4625
1.43875
1.415
1.415
1.415
1.415
1.415
1.43875
1.40375
1.36875
1.315
1.2375
1.2775
1.3175
1.395
1.4725
1.49125
1.51
1.47875
1.4475
1.41625
1.385
1.41625
1.4475
1.47875
1.49125
1.4725
1.45375
1.406875
1.3975
1.356875
1.2975
1.294375
1.24875
1.206875
1.16
1.079375
0.9875
0.923125
0.925
0.91
0.98875
1.12625
1.1625
1.24375
1.2075
1.05375
0.95875
0.788125
0.6925
0.695625
0.69875
0.755
0.831875
0.86875
0.905625
0.9425
0.889375
0.855
0.833125
0.81125
0.8425
0.833125
0.829375
0.859375
0.889375
0.963125
0.988125
1.004375
1.020625
1.015
1.04
0.98125
0.9625
0.925
0.9275
1.0475
1.118125
1.22625
1.313125
1.2825
1.230625
1.1175
0.985625
0.97125
1.04625
1.173125
1.24125
1.245
1.15875
1.05375
1.060625
1.02
0.999375
1.011875
0.97125
0.98375
1.05
1.105625
1.148125
1.190625
1.144375
1.065625
0.96
0.913125
0.930625
0.9925
1.12
1.18875
1.20875
1.20375
1.16
1.0575
1.03875
1.014375
0.990625
1.025625
0.954375
0.835625
0.763125
0.749375
0.82875
0.991875
1.14625
1.241875
1.31625
1.329375
1.27125
1.2075
1.06625
0.955625
0.895
0.826875
0.8575
0.946875
1.075
1.235
1.33125
1.36875
1.3325
1.21875
1.125
1.0
0.915625
0.920625
0.950625
0.984375
0.971875
0.898125
0.828125
0.801875
0.8125
0.906875
0.97625
1.071875
1.22625
1.329375
1.4325
1.450625
1.41
1.32875
1.2475
1.245625
1.24375
1.3175
1.3725
1.37125
1.37
1.315625
1.29875
1.30125
1.2725
1.250625
1.1675
1.10375
1.096875
1.126875
1.223125
1.3
1.325625
1.30375
1.25
1.170625
1.0975
1.009375
0.8975
0.81125
0.76375
0.81
0.925
1.0125
1.053125
0.97625
0.825625
0.71875
0.698125
0.73625
0.83875
0.92125
0.92125
0.92125
0.92125
