0.99125
0.99125
0.99125
0.99125
1.02
0.97
0.90625
0.87375
0.816875
0.823125
0.85625
0.864375
0.8925
0.885
0.863125
0.85375
0.83625
0.868125
0.93375
1.010625
1.065625
1.07375
1.0
0.920625
0.861875
0.82375
0.83875
0.85
0.86125
0.8525
0.881875
0.909375
0.954375
1.024375
1.003125
0.9775
0.933125
0.8825
0.896875
0.9125
0.955625
0.985
0.983125
1.00375
0.971875
0.97625
1.00375
0.9825
0.9875
0.93125
0.903125
0.9175
0.943125
1.0425
1.07375
1.08875
1.118125
1.078125
1.066875
1.095625
1.050625
1.049375
1.050625
0.96875
0.936875
0.8925
0.87125
0.90875
0.9425
0.97625
0.949375
0.895625
0.84375
0.791875
0.77875
0.79875
0.845
0.88
0.929375
0.944375
0.92375
0.91625
0.879375
0.85625
0.863125
0.865625
0.87375
0.8775
0.818125
0.761875
0.71375
0.67875
0.68625
0.7275
0.77875
0.85875
0.95625
0.986875
1.016875
0.988125
0.934375
0.91125
0.859375
0.81125
0.81375
0.82625
0.875625
0.961875
0.96
0.941875
0.939375
0.909375
0.92375
0.98875
1.00125
1.03375
1.075625
1.0775
1.09125
1.0875
1.065625
0.998125
0.921875
0.853125
0.791875
0.78
0.83
0.88625
0.975
1.048125
1.04625
1.039375
1.016875
1.020625
1.0475
1.07625
1.04625
0.993125
0.964375
0.9625
1.0025
1.053125
1.069375
1.026875
0.99125
0.94875
0.91
0.91375
0.940625
0.958125
1.019375
1.055
1.048125
1.061875
1.014375
0.963125
0.92625
0.88625
0.87625
0.880625
0.880625
0.863125
0.844375
0.8475
0.87125
0.905
0.938125
0.946875
0.90875
0.8725
0.84
0.81125
0.813125
0.81375
0.84375
0.870625
0.92
0.98125
0.990625
0.990625
0.94875
0.899375
0.870625
0.865625
0.88
0.8775
0.864375
0.8275
0.79
0.776875
0.7775
0.80125
0.845625
0.885625
0.920625
0.949375
0.93875
0.92
0.895
0.896875
0.918125
0.924375
0.960625
0.93625
0.92125
0.925625
0.908125
0.89625
0.864375
0.843125
0.8075
0.83375
0.871875
0.89375
0.944375
0.956875
0.966875
1.013125
1.05875
1.0825
1.1075
1.05375
0.97
0.901875
0.83375
0.814375
0.845
0.888125
0.929375
0.96625
0.966875
0.964375
1.00125
1.054375
1.083125
1.099375
1.0425
0.94875
0.86625
0.79125
0.75
0.754375
0.816875
0.889375
0.980625
1.0775
1.134375
1.18875
1.255
1.289375
1.285625
1.261875
1.166875
1.031875
0.93125
0.888125
0.88625
0.9425
1.0075
0.999375
0.9925
0.981875
0.95625
0.946875
0.98375
0.98
0.9775
0.989375
0.919375
0.88875
0.878125
0.901875
0.994375
1.079375
1.134375
1.129375
1.06
0.98875
0.948125
0.936875
0.973125
0.98625
0.980625
0.96625
0.953125
1.004375
1.06625
1.1225
1.131875
1.08
1.00625
0.9425
0.92
0.8925
0.891875
0.934375
0.94875
0.99375
1.015
0.9525
0.9375
0.916875
0.906875
0.978125
1.01
1.070625
1.17875
1.2025
1.199375
1.138125
0.98875
0.883125
0.843125
0.828125
0.855
0.883125
0.850625
0.830625
0.82
0.821875
0.85375
0.881875
0.906875
0.931875
0.95875
1.01125
1.06
1.076875
1.09
1.026875
0.95875
0.899375
0.84375
0.84125
0.871875
0.911875
0.959375
1.00625
0.98
0.988125
0.9775
0.9425
0.948125
0.881875
0.82
0.80375
0.804375
0.859375
0.92125
0.954375
0.99625
1.015625
1.045625
1.045
1.014375
0.980625
0.921875
0.905
0.883125
0.87875
0.899375
0.91625
0.92625
0.918125
0.8975
0.855625
0.834375
0.833125
0.84
0.866875
0.891875
0.905
0.890625
0.8775
0.864375
0.8525
0.85875
0.840625
0.831875
0.8575
0.884375
0.974375
1.04375
1.055625
1.08
1.0325
0.99625
0.979375
0.935625
0.940625
0.983125
0.983125
0.983125
0.983125
