1.44625
1.44625
1.44625
1.44625
1.59625
1.6625
1.4275
1.135
0.8425
0.56625
0.4725
0.435625
0.55375
0.7275
0.89125
1.03625
0.875
0.745
0.626875
0.489375
0.485625
0.464375
0.408125
0.390625
0.404375
0.436875
0.499375
0.611875
0.8675
1.125
1.3425
1.578125
1.569375
1.56625
1.680625
1.56125
1.470625
1.295
0.9725
0.79625
0.67875
0.62
0.609375
0.6025
0.599375
0.59625
0.614375
0.625
0.64
0.630625
0.610625
0.594375
0.5475
0.608125
0.6775
0.7175
0.78
0.845
0.863125
0.958125
1.03375
0.8575
0.8075
0.691875
0.595625
0.680625
0.598125
0.53375
0.499375
0.456875
0.514375
0.571875
0.599375
0.62
0.62
0.62
0.67875
0.7375
0.855
1.03125
1.09
1.14875
1.09
0.91375
0.79625
0.67875
0.595625
0.549375
0.506875
0.434375
0.380625
0.379375
0.35
0.35125
0.40625
0.430625
0.55875
0.7275
0.83875
0.97375
1.003125
0.95875
0.980625
0.935625
0.884375
1.030625
1.12
1.233125
1.37875
1.2475
1.083125
0.94375
0.863125
0.831875
0.945625
1.110625
1.13375
1.308125
1.370625
1.336875
1.38625
1.37625
1.221875
1.1225
1.113125
0.998125
1.03125
1.0725
0.990625
1.005625
1.159375
1.265625
1.343125
1.338125
1.03375
0.7375
0.59125
0.680625
0.97
1.2575
1.48625
1.3725
1.153125
1.008125
0.89
0.965
1.19125
1.36625
1.31875
1.305625
1.1775
0.98375
0.981875
0.92125
0.913125
0.956875
0.949375
0.87625
0.78375
0.733125
0.795625
0.989375
1.110625
1.17375
1.0925
0.945625
0.9525
1.036875
1.1475
1.203125
1.094375
0.918125
0.80625
0.73875
0.70625
0.735625
0.73125
0.73375
0.815625
0.784375
0.71125
0.664375
0.540625
0.4525
0.448125
0.39875
0.43
0.55375
0.601875
0.695
0.766875
0.888125
1.209375
1.584375
1.924375
2.07375
2.056875
1.85375
1.655625
1.53625
1.27625
1.16
1.11
1.0125
1.07
1.051875
0.94375
1.009375
1.04625
1.173125
1.36625
1.326875
1.27625
1.168125
0.999375
0.89875
0.854375
0.843125
0.814375
0.813125
0.838125
0.839375
0.958125
1.18625
1.28125
1.314375
1.1875
0.87375
0.679375
0.569375
0.6275
0.92
1.169375
1.37875
1.536875
1.3725
1.1875
1.076875
0.841875
0.825
0.875625
0.83
0.875625
0.92625
0.841875
0.8625
0.909375
0.995
1.17625
1.233125
1.314375
1.135625
1.036875
1.000625
0.870625
0.945
0.904375
0.894375
0.9375
1.095
1.2125
1.323125
1.385
1.161875
1.094375
0.904375
0.79
0.830625
0.71375
0.865625
0.95375
1.041875
1.298125
1.206875
1.14625
1.00875
0.6775
0.519375
0.40125
0.404375
0.479375
0.58875
0.658125
0.618125
0.64
0.6025
0.69125
0.864375
0.99
1.15625
1.051875
0.871875
0.709375
0.53875
0.524375
0.56
0.586875
0.585
0.53
0.478125
0.410625
0.37625
0.405625
0.443125
0.511875
0.724375
1.065625
1.37875
1.6375
1.57625
1.228125
0.9475
0.71125
0.664375
0.744375
0.706875
0.696875
0.638125
0.588125
0.596875
0.5675
0.5625
0.569375
0.555625
0.546875
0.538125
0.475625
0.43
0.380625
0.355625
0.4025
0.48625
0.5825
0.659375
0.715
0.708125
0.6875
0.62875
0.5525
0.515625
0.469375
0.626875
0.793125
0.96875
1.178125
1.103125
1.028125
0.925
0.773125
0.691875
0.6
0.516875
0.4925
0.53375
0.585625
0.64125
0.65875
0.650625
0.64625
0.638125
0.63875
0.613125
0.599375
0.590625
0.590625
0.649375
0.6925
0.730625
0.76
0.76
0.726875
0.68875
0.641875
0.595
0.585
0.635
0.66375
0.695625
0.753125
0.729375
0.91
1.221875
1.528125
1.831875
1.816875
1.665625
1.428125
1.20875
1.145625
0.910625
0.914375
0.91375
0.9275
1.114375
0.968125
0.89125
0.838125
0.79375
0.949375
1.10625
1.163125
1.378125
1.52125
1.520625
1.51
1.22125
0.933125
0.70375
0.58875
0.52375
0.599375
0.88
1.044375
1.311875
1.349375
1.07375
0.889375
0.710625
0.7375
1.039375
1.344375
1.519375
1.69375
1.643125
1.4975
1.459375
1.19125
1.010625
0.955
0.845
0.863125
0.88125
0.87
0.936875
1.008125
1.165
1.20125
1.149375
1.10625
0.92125
0.991875
1.2125
1.45625
1.66125
1.5225
1.33
1.09375
0.991875
1.133125
1.10625
1.135
1.0625
0.8775
0.780625
0.696875
0.77
1.04125
1.33625
1.525625
1.5475
1.281875
1.01125
0.799375
0.81125
0.92125
1.0025
1.08375
0.88125
0.7775
0.749375
0.725
0.791875
0.728125
0.69875
0.67375
0.695
0.82625
0.7825
0.696875
0.60875
0.45625
0.50125
0.61375
0.76375
0.955625
0.93625
0.864375
0.793125
0.7525
0.819375
0.89
0.850625
0.768125
0.713125
0.674375
0.724375
0.71375
0.665625
0.669375
0.789375
0.930625
1.196875
1.465625
1.4325
1.51125
1.400625
1.290625
1.344375
1.2925
1.329375
1.14125
0.955625
0.741875
0.58875
0.716875
0.845
1.115
1.265
1.184375
1.10375
1.014375
0.936875
1.04
1.138125
1.0025
0.91375
0.741875
0.61625
0.68875
0.714375
0.78125
0.883125
0.92125
1.026875
1.05
0.920625
0.775625
0.590625
0.50875
0.503125
0.57
0.658125
0.8375
1.149375
1.38875
1.64625
1.6025
1.29375
1.01625
0.693125
0.533125
0.5525
0.750625
0.929375
1.161875
1.433125
1.38625
1.488125
1.668125
1.59625
1.648125
1.503125
1.080625
0.9925
0.91625
0.89875
1.048125
0.86125
0.7125
0.62
0.506875
0.5925
0.6525
0.69125
0.875625
0.99125
1.24375
1.506875
1.573125
1.71875
1.5975
1.476875
1.3175
1.084375
1.018125
0.884375
0.884375
0.884375
0.884375
