0.96
0.96
0.96
0.96
0.9325
0.931875
0.936875
0.95
0.976875
0.9875
1.00125
0.99875
0.990625
0.995
0.988125
0.9975
1.006875
1.009375
1.023125
1.028125
1.0325
1.03125
1.026875
1.023125
1.00875
0.99875
0.971875
0.945625
0.930625
0.916875
0.931875
0.940625
0.953125
0.975
0.968125
0.960625
0.949375
0.92625
0.9325
0.945625
0.96625
0.98875
0.989375
1.00375
1.004375
0.99125
0.9875
0.9625
0.9425
0.945
0.94875
0.974375
1.00125
1.02
1.035625
1.024375
1.015625
1.018125
1.005
0.993125
0.979375
0.949375
0.939375
0.93625
0.93625
0.926875
0.92
0.92
0.924375
0.953125
0.976875
0.998125
0.9925
0.98
0.96
0.945625
0.950625
0.94875
0.948125
0.93125
0.91375
0.89875
0.89375
0.920625
0.95875
1.004375
1.045625
1.054375
1.05125
1.041875
1.01625
1.004375
0.981875
0.953125
0.950625
0.941875
0.963125
0.985625
1.000625
1.01125
0.989375
0.9725
0.946875
0.944375
0.950625
0.973125
1.01125
1.02875
1.06375
1.08125
1.069375
1.05625
1.023125
0.988125
0.974375
0.973125
0.978125
0.978125
0.9775
0.97125
0.9625
0.955
0.934375
0.9075
0.8925
0.8875
0.905
0.93625
0.95125
0.975
0.983125
0.9725
0.97375
0.951875
0.94
0.95375
0.971875
0.9975
1.009375
0.988125
0.958125
0.94625
0.946875
0.976875
0.996875
1.0025
1.01125
1.009375
1.0275
1.049375
1.04375
1.04375
1.035625
1.015
1.024375
1.015
1.011875
1.023125
1.024375
1.036875
1.026875
1.003125
0.9775
0.97125
0.98
0.998125
1.023125
1.018125
1.015625
1.0075
0.9775
0.94875
0.918125
0.9025
0.908125
0.920625
0.93625
0.926875
0.92
0.92
0.924375
0.958125
0.98375
1.006875
1.003125
0.99125
0.974375
0.963125
0.97125
0.9725
0.979375
0.97
0.965625
0.9525
0.933125
0.926875
0.9275
0.92375
0.926875
0.945625
0.93
0.941875
0.9525
0.931875
0.93625
0.935
0.94625
0.971875
1.004375
1.008125
1.004375
0.99125
0.964375
0.9575
0.941875
0.945
0.945625
0.9625
0.995
1.008125
1.0275
1.029375
1.001875
0.98375
0.975625
0.961875
0.969375
0.97875
0.971875
0.9675
0.95875
0.950625
0.959375
0.965625
0.96625
0.96625
0.95125
0.94625
0.945
0.925625
0.919375
0.92125
0.9375
0.9725
0.98375
0.97875
0.96875
0.9575
0.969375
0.99125
0.999375
1.009375
1.010625
1.0075
1.016875
1.019375
1.011875
1.003125
0.988125
0.98
0.985625
0.990625
0.986875
0.980625
0.97875
0.974375
0.99125
1.006875
1.0225
1.0475
1.064375
1.0775
1.068125
1.045
1.00375
0.976875
0.9725
0.9775
1.0025
1.0075
0.99375
0.988125
0.9725
0.951875
0.949375
0.939375
0.939375
0.949375
0.95625
0.941875
0.93
0.925
0.911875
0.933125
0.950625
0.965625
0.97875
0.98375
0.980625
0.983125
0.9925
0.9825
0.97125
0.94375
0.92125
0.91
0.910625
0.935
0.96625
0.990625
1.00875
1.02125
0.999375
0.996875
0.981875
0.94625
0.935625
0.9025
0.89
0.891875
0.894375
0.91125
0.928125
0.935625
0.941875
0.945
0.935625
0.939375
0.934375
0.94375
0.96875
0.998125
1.03375
1.055625
1.048125
1.019375
0.995625
0.964375
0.965
0.98
0.98875
1.0
0.989375
0.979375
0.98125
0.980625
0.9775
0.97375
0.9575
0.95125
0.974375
0.979375
0.974375
0.97625
0.94875
0.94
0.9425
0.93125
0.936875
0.94625
0.968125
0.995625
1.009375
1.016875
1.011875
1.0075
1.015
1.016875
1.00875
0.994375
0.975
0.964375
0.9675
0.981875
0.986875
0.98625
0.99
0.986875
1.00125
1.010625
1.02
1.025625
1.021875
1.024375
1.004375
0.981875
0.97
0.971875
1.008125
1.05625
1.095625
1.12125
1.123125
1.11625
1.10625
1.0775
1.035
0.991875
0.95125
0.934375
0.931875
0.93625
0.926875
0.92
0.943125
0.958125
1.0025
1.03875
1.02625
1.011875
0.989375
0.961875
0.968125
0.9875
1.0
1.018125
1.02375
1.01625
0.986875
0.95125
0.920625
0.899375
0.909375
0.940625
0.968125
1.0075
1.043125
1.04875
1.054375
1.03875
1.015625
1.01875
1.015625
1.02125
1.01875
1.005625
0.99125
0.978125
0.975
0.97125
0.980625
0.9675
0.970625
0.985
0.99875
1.03125
1.04625
1.031875
1.00625
0.986875
0.965625
0.965625
0.978125
0.981875
0.980625
0.97875
0.97125
0.976875
0.9975
1.005
1.015
1.00625
0.98
0.97875
0.964375
0.951875
0.96125
0.945625
0.935
0.936875
0.930625
0.9425
0.97125
0.999375
1.016875
1.030625
1.031875
1.030625
1.041875
1.045625
1.045
1.03125
1.015625
0.993125
0.969375
0.9625
0.94125
0.94875
0.9625
0.954375
0.965625
0.946875
0.939375
0.97
0.99125
1.0275
1.041875
1.016875
0.98625
0.956875
0.95
0.9675
0.995
1.01875
1.01875
1.015
1.001875
0.985
0.991875
0.988125
0.990625
0.984375
0.96875
0.960625
0.955625
0.96625
0.974375
0.985
0.995625
1.005
1.018125
1.019375
1.01875
1.019375
1.011875
1.011875
1.01375
1.008125
1.0075
1.00125
0.990625
0.9775
0.95375
0.948125
0.95
0.961875
0.97875
0.978125
0.955625
0.929375
0.923125
0.92625
0.963125
1.004375
1.015625
1.01375
0.99125
0.963125
0.95625
0.970625
0.9775
0.979375
0.97375
0.95625
0.94875
0.9475
0.9425
0.935
0.929375
0.941875
0.970625
0.9925
1.019375
1.02125
1.010625
1.020625
1.01875
1.018125
1.009375
0.9925
0.97125
0.964375
0.98125
0.985
1.00875
1.019375
1.015625
1.031875
1.038125
1.038125
1.038125
1.038125
