1.496875
1.496875
1.496875
1.496875
1.29125
1.085
0.948125
0.6575
0.51125
0.4525
0.416875
0.424375
0.4025
0.5575
0.731875
0.966875
1.269375
1.258125
1.10875
0.888125
0.653125
0.5225
0.485
0.475
0.420625
0.399375
0.3675
0.346875
0.310625
0.445
0.626875
0.803125
1.01
0.875625
0.663125
0.445
0.2325
0.226875
0.29375
0.39625
0.504375
0.54
0.56
0.5825
0.689375
0.865625
0.981875
1.00375
0.840625
0.635625
0.4475
0.32125
0.378125
0.5025
0.7375
1.02
1.1675
1.25625
1.16875
0.98625
0.87125
0.73
0.73875
0.83625
0.889375
0.954375
0.895625
0.754375
0.660625
0.621875
0.706875
0.92125
1.0975
1.183125
1.233125
1.106875
0.9475
0.888125
0.8025
0.866875
1.02625
1.085625
1.08625
0.963125
0.745
0.626875
0.62625
0.775625
1.02
1.164375
1.25
1.159375
0.97375
0.8475
0.695
0.678125
0.746875
0.846875
0.91125
0.96875
1.011875
0.97375
1.045
1.025625
0.95
0.8675
0.69
0.55375
0.50875
0.55875
0.694375
0.83875
0.83625
0.826875
0.915
1.035625
1.3325
1.548125
1.4925
1.371875
1.075
0.77125
0.594375
0.50875
0.599375
0.8325
1.083125
1.275
1.290625
1.145625
1.041875
0.85
0.75375
0.723125
0.554375
0.48125
0.48125
0.451875
0.510625
0.559375
0.43875
0.38875
0.338125
0.29
0.33625
0.305
0.274375
0.238125
0.190625
0.215625
0.24625
0.288125
0.335625
0.310625
0.28
0.238125
0.19625
0.190625
0.179375
0.179375
0.179375
0.179375
0.185
0.185
0.185
0.185
0.280625
0.37625
0.510625
0.728125
0.843125
1.12875
1.3375
1.463125
1.595625
1.47
1.470625
1.47125
1.421875
1.46
1.363125
1.183125
1.014375
0.7625
0.515625
0.34625
0.22125
0.17375
0.168125
0.17375
0.168125
0.168125
0.17375
0.168125
0.168125
0.168125
0.156875
0.15125
0.15125
0.156875
0.168125
0.179375
0.22125
0.2575
0.299375
0.346875
0.405
0.63375
0.856875
1.116875
1.289375
1.15375
1.10125
0.95875
0.83875
0.818125
0.62625
0.57
0.590625
0.649375
0.858125
0.9525
0.938125
0.985625
0.909375
0.885625
0.87375
0.745625
0.74125
0.710625
0.723125
0.781875
0.721875
0.573125
0.419375
0.279375
0.19625
0.201875
0.201875
0.19625
0.185
0.179375
0.179375
0.17375
0.17375
0.1625
0.15125
0.15125
0.15125
0.156875
0.168125
0.168125
0.168125
0.168125
0.156875
0.156875
0.156875
0.156875
0.168125
0.17375
0.185
0.201875
0.213125
0.224375
0.23
0.23
0.23
0.23
0.263125
0.353125
0.438125
0.523125
0.625
0.64625
0.701875
0.7525
0.68375
0.600625
0.45875
0.326875
0.42125
0.641875
0.891875
1.154375
1.084375
0.92625
0.85625
0.784375
0.893125
1.001875
0.934375
0.813125
0.704375
0.5075
0.460625
0.456875
0.4425
0.56375
0.56625
0.596875
0.63875
0.633125
0.7675
0.948125
1.070625
1.319375
1.514375
1.574375
1.69625
1.525625
1.381875
1.239375
1.163125
1.253125
1.113125
1.06125
0.891875
0.753125
0.793125
0.931875
1.011875
1.070625
1.14875
1.015625
1.011875
0.950625
0.8975
0.945625
0.999375
1.101875
1.1175
0.9925
0.90625
0.9075
1.0175
1.308125
1.33875
1.255
1.07375
0.863125
0.856875
0.990625
1.19625
1.2925
1.329375
1.194375
1.0125
0.92125
0.92125
0.86125
0.9075
0.91125
0.8325
0.960625
0.888125
0.838125
0.94125
0.8725
0.91125
1.044375
1.045
1.12875
1.39125
1.524375
1.513125
1.670625
1.480625
1.345625
1.443125
1.2275
1.193125
1.0875
0.87125
0.77
0.8275
0.941875
0.98375
1.093125
0.8625
0.65625
0.545
0.356875
0.38375
0.356875
0.33
0.3475
0.30125
0.28375
0.354375
0.433125
0.563125
0.868125
1.170625
1.52875
1.810625
1.751875
1.6075
1.34375
1.160625
1.13625
1.0
0.923125
0.8025
0.68875
0.63
0.688125
0.734375
0.786875
0.953125
0.936875
0.948125
0.948125
0.9175
0.91375
0.905
0.9975
0.994375
1.10625
1.275
1.294375
1.364375
1.174375
0.895
0.628125
0.42125
0.389375
0.39
0.526875
0.669375
0.844375
1.085
1.140625
1.17875
1.150625
1.009375
0.958125
0.848125
0.770625
0.78125
0.791875
0.74375
0.744375
0.73375
0.723125
0.805625
0.7925
0.655
0.541875
0.46625
0.443125
0.5875
0.6775
0.706875
0.745
0.656875
0.694375
0.761875
0.970625
1.225
1.321875
1.413125
1.205
0.976875
0.7775
0.55375
0.4675
0.411875
0.411875
0.4
0.405625
0.42
0.41875
0.4775
0.4925
0.485
0.4825
0.468125
0.545
0.666875
0.765
0.8025
0.765
0.6525
0.57
0.69875
0.865
1.24625
1.603125
1.625
1.738125
1.545
1.35
1.355
1.1625
1.10875
1.035
0.89125
0.7925
0.81375
0.880625
0.98375
1.141875
1.1175
1.058125
0.99375
0.94125
0.875
0.93875
1.1025
1.151875
1.285625
1.2275
1.001875
0.871875
0.688125
0.553125
0.4975
0.426875
0.414375
0.425
0.42875
0.473125
0.545625
0.743125
1.00625
1.208125
1.3925
1.43
1.348125
1.406875
1.32375
1.18125
1.139375
0.8675
0.708125
0.72625
0.783125
0.965
1.183125
1.291875
1.14875
0.990625
0.77375
0.515
0.51
0.5175
0.558125
0.675
0.6975
0.805
0.89125
1.11875
1.27
1.41
1.564375
1.419375
1.390625
1.128125
0.86875
0.765625
0.629375
0.636875
0.69625
0.72125
0.749375
0.80375
0.749375
0.74
0.68625
0.6425
0.784375
0.98
1.27875
1.505
1.45125
1.3775
1.22125
1.1175
1.128125
0.95625
0.81125
0.66125
0.546875
0.55875
0.690625
0.8175
0.93875
1.05375
0.98625
0.923125
0.884375
0.851875
0.82
0.808125
0.830625
0.830625
0.919375
1.031875
1.045
1.06125
0.968125
0.775
0.6225
0.519375
0.515
0.60375
0.645
0.65625
0.72125
0.738125
0.92
1.134375
1.154375
1.274375
1.166875
1.00625
0.969375
0.731875
0.59625
0.528125
0.449375
0.56625
0.78
0.85875
0.9475
0.953125
0.9575
1.055
1.141875
1.17
0.94
0.795
0.655625
0.575
0.6675
0.575
0.545
0.533125
0.685
0.93125
1.11125
1.31375
1.17625
1.078125
0.925625
0.67375
0.600625
0.48
0.446875
0.560625
0.69375
0.835625
0.9375
0.863125
0.764375
0.665625
0.5775
0.5775
0.5775
0.665625
0.764375
0.863125
0.95125
0.863125
0.764375
0.665625
0.5775
0.5775
0.5775
0.566875
0.566875
0.566875
0.655
0.764375
0.863125
0.95125
0.863125
0.75375
0.644375
0.55625
0.644375
0.75375
0.863125
0.95125
0.863125
0.764375
0.75375
0.75375
0.841875
0.93
0.83125
0.743125
0.655
0.566875
0.588125
0.56875
0.52875
0.459375
0.388125
0.37
0.393125
0.445625
0.45125
0.45875
0.41625
0.49125
0.609375
0.609375
0.609375
0.609375
