0.050715503875
0.050715503875
0.050715503875
0.050715503875
0.0459352839375
0.03745592025
0.0378910151875
0.035942122625
0.0369514613125
0.04675258125
0.0477982738125
0.057635747625
0.0632216589375
0.0553978565625
0.0549298815625
0.0455889378125
0.0381683315625
0.0386075776875
0.033684722625
0.026690297625
0.020627497625
0.0145117901875
0.0101859440625
0.0147745565625
0.018769042875
0.0208968479375
0.024212905375
0.019367661625
0.019653289
0.020993397625
0.0217393800625
0.02626895
0.02231915625
0.019331925
0.01634469375
0.01431285
0.0171790125
0.0181344
0.0190897875
0.0181344
0.0152682375
0.0133574625
0.0114466875
0.0104913
0.01075510625
0.0110189125
0.011546525
0.01601675625
0.02601960625
0.039993475
0.0590227375
0.0701667625
0.07323771875
0.06863044375
0.0531281375
0.04156845
0.028765625
0.0196700125
0.0164068625
0.01872671875
0.02430255
0.02962175
0.04048074375
0.04658151875
0.05401493125
0.062629425
0.06497026875
0.06402115
0.0648769875
0.06993698125
0.07082281875
0.0702383875
0.06283755
0.0436537488125
0.032950797625
0.0325839089375
0.04013065775
0.0573098776875
0.066830160125
0.0673256175625
0.06014284375
0.05138155625
0.0464497375
0.04062234375
0.0442985875
0.04633324375
0.047436275
0.0557663
0.05223966875
0.0454206
0.043504175
0.0346750875
0.036667325
0.04694790625
0.05534668125
0.07012795625
0.07565085
0.0719225375
0.0603085875
0.0479827625
0.04084580625
0.03794233125
0.04663170625
0.0464552875
0.0463573375
0.052583425
0.047718425
0.049510675
0.05486766875
0.05416443125
0.06048801875
0.06801660625
0.06515734375
0.0556437238125
0.045683797625
0.0389445964375
0.04383428275
0.0599150714375
0.074869035125
0.0847930800625
0.08382209375
0.07463555
0.06307279375
0.051380375
0.0485269375
0.05002013125
0.0567661625
0.06234903125
0.06441211875
0.06963685625
0.0664707175625
0.065763441375
0.0612725776875
0.04845495775
0.0453702714375
0.040648635125
0.0452935925625
0.05510365625
0.05925015
0.06053630625
0.05092025625
0.03996856875
0.02780500625
0.01905645
0.01643211875
0.02027203125
0.02687348125
0.03400254375
0.04401884375
0.0421856625
0.04155030625
0.042771325
0.03660781875
0.042550425
0.04556976875
0.0480275625
0.05707980625
0.0575603625
0.05923874375
0.06099888125
0.06194604375
0.062825625
0.07002924375
0.07000946875
0.061847425
0.059258825
0.04833335
0.0485738875
0.05658574375
0.06161036875
0.06512805
0.06353995
0.06409115625
0.06096355
0.06162670625
0.059723425
0.0544398
0.05429661875
0.05890018125
0.06768216875
0.07099553125
0.07188739375
0.0626701175625
0.045567203875
0.03179273275
0.022155180375
0.022250561625
0.028142367875
0.0356971315625
0.04219245775
0.0399323565625
0.037672255375
0.039948899125
0.034311505375
0.03390975775
0.039651997625
0.0404564738125
0.0507361875
0.06015796875
0.06081155625
0.06226718125
0.05636518125
0.05046318125
0.0434018
0.03200395625
0.02574655625
0.02316796875
0.0283155875
0.0411750625
0.0519163
0.05742009375
0.055045825
0.0453753625
0.0376766625
0.0294164125
0.02509160625
0.03043056875
0.03233419375
0.03963579375
0.0463360925625
0.040484610125
0.0404605214375
0.03967727025
0.0440320651875
0.055750041375
0.0597897863125
0.0591932875
0.05406004375
0.05095864375
0.05278365
0.05278365
0.04979641875
0.0398793375
0.0283152875
0.0209576625
0.01735731875
0.0179634
0.01899725625
0.0195035
0.021456875
0.02682525625
0.03341283125
0.0412196
0.04286656875
0.03784749375
0.03118145
0.02260463125
0.02191305
0.0232533125
0.02502135
0.027744775
0.0219888363125
0.0165941589375
0.0117270940625
0.0071238354375
0.0140592416875
0.0245668878125
0.0348107276875
0.0445341300625
0.04084781875
0.0320632125
0.0224206738125
0.013291397625
0.0115015401875
0.011831864
0.0159982339375
0.026051960125
0.0381850550625
0.05031815
0.0610317625
0.0594574
0.05119323125
0.046607875
0.042104275
0.0437446625
0.052742675
0.05650324375
0.05476585625
0.05834766875
0.05457185625
0.05023449375
0.05041325
0.0406451875
0.03823475
0.04162330625
0.04837711875
0.06521095625
0.07468716875
0.07680575625
0.07021818125
0.05270203125
0.040326325
0.03530824375
0.0371897
0.04387950625
0.04764605
0.0437911625
0.03771909375
0.0320510375
0.031523425
0.03493843125
0.03536620625
0.04000040625
0.04095579375
0.04286656875
0.047764575
0.04477734375
0.0372533675625
0.033878847625
0.0335199589375
0.03736749525
0.0466097089375
0.050747078875
0.0481616050625
0.045312325
0.0407471800625
0.0295276776875
0.0281593753125
0.0274826541875
0.0282579916875
0.0362818128125
0.0378140839375
0.0379631925625
0.037518175
0.042886825
0.046513825
0.05083240625
0.05541479375
0.053241825
0.05524728125
0.05937291875
0.0669135625
0.071125525
0.06891348125
0.0682575
0.0599800875
0.05299493125
0.0542021375
0.0520806625
0.0549706375
0.06050840625
0.057537225
0.05178170625
0.047430125
0.0428147375
0.0421829125
0.04559985
0.04550015
0.04513664375
0.0469025875
0.04397126875
0.0389919613125
0.040684253875
0.0416872089375
0.04423309525
0.0565251964375
0.062409503875
0.0650237863125
0.0682322
0.05898983125
0.04429505625
0.03685910625
0.0343352125
0.03760774375
0.0517850875
0.0628480375
0.07155913125
0.080270225
0.07712111875
0.07197775
0.06361040625
0.058921875
0.058921875
0.058921875
0.058921875
