1.05
1.05
1.05
1.05
0.908125
0.910625
0.743125
0.295625
0.156875
-0.396875
-0.944375
-1.133125
-1.1525
-0.57875
0.03875
0.53625
0.8225
0.72375
0.570625
0.135
-0.32125
-0.868125
-1.401875
-1.66375
-1.863125
-1.685
-1.66875
-1.488125
-1.044375
-0.978125
-0.4975
-0.128125
-0.021875
0.208125
0.115625
-0.178125
-0.72625
-0.909375
-1.146875
-1.105625
-0.75625
-1.006875
-0.913125
-1.2025
-1.284375
-1.06625
-1.249375
-0.893125
-0.848125
-0.45125
0.0275
0.156875
0.125
-0.3725
-0.399375
-0.31875
0.0525
0.599375
0.69625
0.563125
0.350625
0.07625
-0.2975
-0.670625
-1.176875
-1.683125
-1.785625
-1.4125
-0.90625
-0.58125
-0.66875
-1.35625
-2.0525
-2.388125
-2.275625
-1.54375
-0.596875
0.224375
0.885625
0.964375
0.904375
0.790625
0.215
-0.1625
-0.585625
-0.980625
-0.835
-0.26375
0.253125
0.353125
0.431875
-0.210625
-1.14875
-1.3375
-1.61375
-1.190625
-0.1325
0.475625
1.031875
0.919375
0.44
0.106875
-0.315625
-0.108125
-0.0875
-0.180625
-0.381875
-0.885
-1.01375
-1.19125
-1.079375
-1.2725
-1.55125
-1.89
-2.48625
-2.386875
-2.49875
-2.17375
-1.51375
-1.5575
-1.366875
-1.471875
-1.60875
-1.439375
-1.12875
-0.769375
-0.52625
-0.274375
-0.42625
-0.708125
-1.339375
-1.7075
-1.951875
-2.19125
-2.0375
-2.114375
-1.756875
-1.0925
-0.484375
-0.0225
-0.035
-0.13625
0.040625
0.393125
0.92125
1.008125
0.5125
0.006875
-0.795625
-1.274375
-1.5225
-1.794375
-1.89625
-1.89375
-1.69875
-1.658125
-1.200625
-0.8325
-0.410625
0.121875
0.12625
-0.00375
-0.235
-0.390625
-0.545625
-0.51875
-0.6
-0.776875
-0.713125
-0.576875
-0.4125
-0.48375
-0.355
-0.285
-0.215
0.3975
0.415
0.0175
-0.38
-1.1925
-1.55625
-1.5725
-1.640625
-1.445625
-1.116875
-0.731875
-0.47625
-0.22625
-0.424375
-0.433125
-0.0275
0.264375
0.736875
0.635625
0.211875
-0.403125
-0.90125
-0.78
-0.59375
-0.320625
-0.17375
-0.570625
-0.983125
-1.2825
-1.44375
-1.119375
-0.953125
-0.530625
-0.221875
-0.461875
-0.5125
-1.00125
-1.850625
-2.121875
-2.21875
-1.999375
-1.291875
-0.92
-0.870625
-0.964375
-1.185625
-1.365
-1.189375
-1.115625
-0.906875
-0.499375
-0.234375
0.1725
0.453125
0.205625
-0.08875
-0.66125
-1.153125
-0.94125
-0.7025
0.12625
0.751875
1.025625
1.228125
0.9025
0.650625
0.103125
-0.37125
-0.72625
-0.859375
-0.5775
-0.28125
0.305
0.320625
0.0975
-0.473125
-1.24875
-1.561875
-1.511875
-1.10375
-1.03875
-0.8125
-1.065
-1.19875
-0.82875
-0.755625
-0.160625
0.206875
0.250625
0.275
0.040625
-0.163125
-0.1525
-0.16125
-0.25875
-0.51375
-1.04625
-1.280625
-1.7175
-1.808125
-1.34875
-1.040625
-0.534375
-0.383125
-0.870625
-1.639375
-2.09625
-2.3625
-2.20875
-1.885
-1.99
-1.816875
-1.7125
-1.543125
-1.0875
-0.91875
-0.776875
-0.38125
0.011875
0.109375
0.1075
-0.345625
-0.783125
-0.629375
-0.271875
0.57875
0.923125
0.971875
0.6175
-0.065
0.001875
-0.291875
-0.386875
-0.43875
-0.85125
-0.838125
-0.8275
-1.10125
-1.375
-1.594375
-1.441875
-0.809375
-0.368125
0.13
0.323125
0.4275
0.738125
0.900625
0.76125
0.44375
-0.008125
-0.876875
-1.285
-1.6
-1.851875
-1.70625
-1.510625
-1.38
-0.813125
0.043125
0.57125
1.1925
1.43375
1.398125
1.464375
1.20875
0.573125
-0.023125
-0.49
-0.514375
0.039375
0.504375
0.80375
0.7825
0.716875
0.38375
0.154375
-0.105
-0.81375
-1.164375
-1.65625
-1.618125
-1.340625
-1.253125
-0.986875
-1.11375
-1.065625
-0.529375
-0.104375
0.09875
0.183125
-0.125625
-0.423125
-0.333125
-0.296875
-0.371875
-0.5175
-0.75625
-0.67625
-0.27625
0.1425
0.339375
0.101875
-0.425625
-0.73625
-0.601875
-0.34
0.149375
0.31125
-0.118125
-0.305
-0.800625
-0.981875
-0.474375
-0.18875
0.486875
0.985625
1.09125
1.158125
0.734375
0.403125
-0.15875
-0.89875
-1.23875
-1.603125
-1.380625
-0.855
-0.529375
-0.596875
-1.303125
-2.139375
-2.945
-3.325
-3.455
-3.359375
-2.81875
-2.408125
-1.94125
-1.804375
-2.270625
-2.598125
-2.851875
-2.8625
-2.815625
-2.8425
-2.999375
-2.996875
-2.755
-2.586875
-2.345
-2.4775
-2.44875
-2.075
-1.33
-0.425
0.245
0.541875
0.316875
0.249375
0.23375
0.335
0.64
0.615
0.44875
0.44375
0.315
0.3025
0.108125
-0.495625
-1.115
-1.5575
-1.481875
-1.13125
-0.706875
-0.4025
-0.320625
-0.280625
-0.275
-0.308125
-0.636875
-0.969375
-1.12
-1.28875
-0.8475
-0.503125
-0.266875
-0.264375
-0.6325
-0.799375
-1.18125
-1.164375
-1.253125
-1.43875
-1.26375
-1.174375
-0.75625
-0.341875
-0.10875
0.040625
-0.1775
-0.395625
-0.53375
-0.573125
-0.45125
-0.49
-0.750625
-1.083125
-1.26125
-1.118125
-0.77125
-0.218125
0.13375
0.4025
0.66125
0.441875
0.0375
-0.6175
-1.41375
-1.931875
-2.194375
-2.188125
-2.355
-2.40875
-2.415
-2.3775
-2.02125
-1.63
-1.295
-1.399375
-1.4975
-1.715625
-1.99875
-1.63
-1.07125
-0.795
-0.1825
-0.035625
-0.14125
0.025
-0.185625
-0.529375
-0.914375
-1.043125
-1.158125
-0.89875
-0.863125
-1.0425
-1.195
-1.274375
-1.15375
-1.200625
-0.92
-1.159375
-1.2775
-1.475625
-1.81875
-1.85125
-2.005
-1.96125
-2.095625
-1.893125
-1.46
-0.93125
-0.33125
-0.059375
-0.05375
-0.06625
-0.0675
-0.134375
0.214375
0.566875
0.8975
1.03125
0.80875
0.515625
0.200625
0.31375
0.37625
0.351875
0.281875
0.05
0.043125
-0.07625
-0.019375
0.203125
0.25125
0.723125
1.095
1.165625
1.2775
1.116875
0.8675
0.931875
0.92875
0.86125
0.57375
0.104375
-0.50375
-0.9325
-0.709375
-0.60375
-0.348125
-0.11
-0.275625
-0.425625
-0.519375
-0.59125
-0.855
-1.1125
-1.131875
-1.4375
-1.490625
-1.213125
-1.031875
-0.756875
-0.255625
0.0625
-0.085
-0.03
-0.158125
-0.391875
-0.12
0.2225
0.54125
0.915625
1.1325
1.13
0.88
0.56625
0.084375
-0.223125
-0.12
0.106875
0.65875
0.87375
0.916875
0.589375
-0.154375
-0.4875
-0.913125
-0.860625
-0.638125
-0.65875
-0.904375
-1.319375
-1.50875
-1.594375
-1.03
-0.62625
-0.16375
0.225
0.21
0.411875
0.014375
-0.31125
-0.6225
-0.694375
-0.38625
-0.15625
-0.0325
-0.318125
-0.53875
-1.018125
-1.1425
-1.12875
-0.87375
-0.24
0.090625
0.45375
0.401875
0.453125
0.71
0.890625
1.2975
1.476875
1.190625
0.68
-0.336875
-1.649375
-2.258125
-2.688125
-2.458125
-1.62875
-1.15125
-0.54375
-0.41375
-0.498125
-0.604375
-0.531875
-0.309375
-0.11125
-0.045625
-0.22375
-0.289375
-0.683125
-0.9225
-1.470625
-2.14
-2.45125
-2.7775
-2.434375
-1.779375
-1.0675
-0.50125
-0.328125
-0.288125
-0.225625
0.316875
0.810625
0.90375
0.673125
0.001875
-0.52625
-0.480625
-0.253125
-0.1025
0.06625
-0.051875
-0.01625
0.27375
0.455625
0.615625
0.426875
0.30125
0.09
-0.26875
-0.41375
-0.7975
-1.005625
-0.885625
-0.90375
-0.539375
-0.236875
-0.1125
0.13125
0.144375
0.11125
-0.004375
0.061875
0.095625
0.07875
0.20375
-0.02625
-0.228125
-0.329375
-0.356875
-0.27625
-0.5475
-0.926875
-1.509375
-1.675
-1.22125
-0.419375
0.209375
0.29125
0.0775
-0.360625
-0.2825
-0.005625
0.219375
0.425
0.423125
0.555
0.790625
0.698125
0.259375
-0.263125
-1.01375
-1.270625
-1.10875
-1.176875
-0.925
-0.67625
-0.504375
0.02
0.2
0.278125
0.21875
-0.36875
-0.574375
-1.06375
-1.1425
-0.606875
-0.49625
-0.319375
-0.5075
-0.86875
-0.6625
-0.234375
0.17625
0.465
0.348125
0.453125
0.663125
0.824375
1.031875
0.591875
-0.120625
-0.69
-1.22375
-1.125625
-0.538125
0.039375
0.419375
0.565625
0.29875
-0.371875
-0.53875
-0.986875
-1.371875
-1.244375
-1.63375
-1.716875
-1.53125
-1.675625
-1.613125
-1.360625
-1.454375
-1.07
-0.681875
-0.565625
-0.103125
0.130625
0.32625
0.180625
-0.37625
-1.401875
-2.516875
-2.9625
-2.850625
-2.143125
-0.9475
-0.360625
-0.255625
-0.293125
-0.780625
-0.588125
-0.39875
-0.360625
-0.14375
-0.44875
-0.38125
-0.083125
0.071875
0.430625
0.375625
0.095625
-0.268125
-0.755625
-0.851875
-0.866875
-0.553125
-0.085625
0.1825
0.33125
0.199375
-0.091875
-0.22875
-0.065
0.225625
0.640625
0.791875
0.791875
0.61125
0.2925
0.04125
-0.218125
-0.16125
-0.27
-0.140625
-0.033125
-0.076875
0.12625
0.08625
-0.14875
-0.495
-0.675625
-0.680625
-0.3475
-0.1225
0.131875
0.21875
0.023125
0.07875
-0.114375
-0.560625
-0.728125
-0.91125
-1.33875
-1.29
-1.309375
-1.5325
-1.219375
-0.93625
-0.795625
-0.180625
0.31
0.74125
1.100625
1.008125
0.606875
-0.263125
-0.766875
-1.284375
-1.7725
-1.625
-1.76125
-1.5025
-0.806875
-0.54
-0.231875
-0.048125
-0.04625
0.38125
0.899375
1.070625
0.791875
0.2675
-0.3475
-0.69125
-0.49
-0.428125
-0.58
-0.664375
-0.84625
-0.66375
-0.21
0.175625
0.330625
0.039375
-0.116875
-0.45375
-0.4675
-0.063125
0.100625
0.48875
0.699375
0.60125
0.54625
0.501875
0.455625
0.585
0.491875
-0.031875
-0.855625
-2.04125
-2.98
-3.333125
-3.148125
-2.671875
-2.03
-1.635
-1.38625
-0.82
-0.585
-0.531875
-0.6625
-1.410625
-1.919375
-1.9725
-1.871875
-1.101875
-0.170625
0.456875
1.0225
1.03625
0.753125
0.19125
-0.340625
-0.723125
-0.910625
-0.661875
-0.661875
-0.661875
-0.661875
