0.5425
0.5425
0.5425
0.5425
0.508125
0.314375
0.091875
-0.094375
-0.2375
-0.255
-0.235
-0.34125
-0.28125
-0.196875
-0.136875
0.005625
-0.07375
-0.189375
-0.264375
-0.331875
-0.34375
-0.34375
-0.344375
-0.345
-0.271875
-0.085625
0.120625
0.326875
0.4675
0.430625
0.19125
0.013125
-0.144375
-0.145
0.054375
0.285
0.560625
0.74375
0.824375
0.72
0.525
0.198125
-0.03125
-0.168125
-0.1975
-0.055625
-0.02375
0.100625
0.17125
0.14125
0.196875
0.01875
-0.220625
-0.40875
-0.613125
-0.664375
-0.500625
-0.255625
-0.03875
0.131875
0.0025
-0.240625
-0.448125
-0.51375
-0.295
0.00875
0.26875
0.33625
0.1325
-0.1625
-0.331875
-0.42125
-0.4
-0.32375
-0.28875
-0.228125
-0.135
0.086875
0.09875
0.2075
0.325
0.1725
0.201875
0.121875
0.004375
0.0275
0.135625
0.143125
0.159375
0.158125
-0.09
-0.316875
-0.495625
-0.535
-0.294375
0.06
0.343125
0.35875
0.135625
-0.140625
-0.37125
-0.454375
-0.484375
-0.4975
-0.50625
-0.46875
-0.40625
-0.370625
-0.36875
-0.481875
-0.580625
-0.65375
-0.65625
-0.585
-0.395625
-0.07
0.16875
0.3825
0.3525
0.051875
-0.1825
-0.343125
-0.35
-0.244375
-0.243125
-0.364375
-0.388125
-0.4025
-0.328125
-0.17375
-0.29125
-0.34
-0.389375
-0.451875
-0.375625
-0.360625
-0.3625
-0.361875
-0.35875
-0.38875
-0.41875
-0.428125
-0.42
-0.345625
-0.263125
-0.258125
-0.283125
-0.276875
-0.286875
-0.163125
0.006875
-0.000625
-0.005625
-0.174375
-0.371875
-0.45625
-0.45625
-0.38875
-0.32125
-0.27625
-0.379375
-0.48875
-0.609375
-0.67875
-0.699375
-0.68
-0.649375
-0.67625
-0.53625
-0.44125
-0.34125
-0.2125
-0.37125
-0.47875
-0.585
-0.68125
-0.64875
-0.66375
-0.69625
-0.64125
-0.5125
-0.34625
-0.16875
-0.125
-0.181875
-0.28625
-0.379375
-0.405625
-0.260625
0.076875
0.40875
0.771875
0.87125
0.714375
0.551875
0.1925
-0.044375
-0.18875
-0.33875
-0.21875
-0.089375
-0.0025
0.08375
-0.1
-0.29625
-0.323125
-0.35625
-0.260625
-0.026875
-0.04125
-0.053125
-0.06375
-0.264375
-0.349375
-0.424375
-0.494375
-0.57125
-0.67125
-0.75375
-0.825
-0.815
-0.75375
-0.7275
-0.73125
-0.7325
-0.615
-0.4575
-0.256875
-0.08125
-0.181875
-0.25625
-0.318125
-0.3775
-0.2925
-0.31
-0.40125
-0.41125
-0.44
-0.4225
-0.37375
-0.4675
-0.551875
-0.61625
-0.68625
-0.61375
-0.56
-0.3775
-0.18375
-0.11
0.1225
0.07875
0.049375
0.075
-0.166875
-0.268125
-0.393125
-0.524375
-0.443125
-0.384375
-0.175
0.034375
0.08
0.28875
0.226875
0.3
0.4575
0.336875
0.34
0.054375
-0.2
-0.344375
-0.440625
-0.364375
-0.37375
-0.32875
-0.29
-0.29875
-0.25875
-0.28875
-0.29875
-0.27
-0.24125
-0.1575
-0.28375
-0.4075
-0.525
-0.65375
-0.61
-0.60125
-0.59875
-0.6025
-0.63625
-0.6475
-0.655625
-0.654375
-0.659375
-0.664375
-0.633125
-0.631875
-0.570625
-0.438125
-0.381875
-0.25125
-0.041875
0.1325
0.473125
0.7175
0.686875
0.555
0.28125
0.05
-0.0375
-0.068125
-0.203125
-0.295625
-0.306875
-0.180625
0.0625
0.263125
0.36375
0.21375
0.06125
0.00125
0.07875
0.2575
0.424375
0.3775
0.099375
-0.146875
-0.2325
-0.234375
-0.125
-0.0275
-0.08875
-0.08875
-0.063125
-0.0375
-0.145625
-0.271875
-0.336875
-0.404375
-0.29875
-0.19875
-0.281875
-0.323125
-0.400625
-0.34875
-0.118125
0.153125
0.445625
0.476875
0.516875
0.348125
0.133125
0.15375
0.106875
0.195
0.3175
0.350625
0.25
0.114375
0.00125
-0.125
-0.14375
-0.09125
-0.06125
-0.17375
-0.28375
-0.43625
-0.54
-0.480625
-0.26375
-0.066875
0.0275
0.068125
-0.17875
-0.39375
-0.42125
-0.388125
-0.0725
0.268125
0.358125
0.4925
0.344375
0.195625
0.151875
-0.0325
-0.055625
-0.190625
-0.301875
-0.3625
-0.35
-0.265
-0.18375
-0.093125
-0.2025
-0.23
-0.308125
-0.36625
-0.34625
-0.478125
-0.545
-0.624375
-0.643125
-0.580625
-0.491875
-0.39125
-0.31625
-0.26
-0.30125
-0.2375
-0.110625
0.0175
0.181875
0.100625
-0.055625
-0.190625
-0.29125
-0.25375
-0.278125
-0.185
-0.01
0.1525
0.348125
0.2825
-0.0125
-0.323125
-0.565
-0.675
-0.626875
-0.535625
-0.47875
-0.41125
-0.2675
-0.150625
-0.03375
0.0725
-0.01
-0.0875
-0.189375
-0.301875
-0.388125
-0.36125
-0.288125
-0.080625
0.270625
0.37875
0.475625
0.303125
-0.049375
-0.286875
-0.545625
-0.51875
-0.390625
-0.228125
0.020625
0.143125
0.333125
0.498125
0.49
0.314375
0.02375
-0.27
-0.405
-0.405
-0.405
-0.405
