5.7
5.7
5.7
5.7
5.08125
4.1875
3.53125
3.11875
3.225
3.64375
4.1
4.65
5.175
5.55
5.7875
5.7125
5.34375
4.90625
4.36875
3.99375
3.74375
3.64375
3.85625
4.0
4.175
4.66875
5.175
5.83125
6.48125
6.55
6.525
6.3625
6.25
6.0875
5.76875
5.7125
5.54375
5.61875
5.65
5.45625
5.15
4.89375
4.9625
4.91875
5.4
5.75625
5.875
6.275
6.06875
5.9125
5.6375
4.98125
4.63125
4.525
4.99375
5.775
6.9
7.525
7.53125
7.60625
6.825
6.425
6.20625
5.5125
5.48125
5.44375
5.2625
5.41875
5.05625
4.48125
4.075
3.80625
4.075
4.3875
4.83125
5.26875
5.36875
5.725
6.0125
5.94375
5.98125
5.85
5.63125
5.65
5.675
5.45625
5.49375
5.75625
6.075
6.675
6.63125
6.20625
6.125
6.1125
6.5125
6.925
6.375
5.63125
5.09375
5.13125
6.025
6.8
7.34375
7.09375
6.425
5.90625
5.24375
4.7625
4.225
3.71875
3.38125
3.4625
3.7375
4.0125
4.50625
4.96875
5.5875
6.6875
7.5
7.68125
7.675
6.775
5.94375
5.73125
5.5375
6.16875
6.7125
6.825
6.95
6.2625
5.6
5.14375
4.80625
5.26875
5.7375
6.2
6.3875
5.775
5.44375
5.125
4.95
5.30625
5.175
5.04375
4.9125
4.4375
4.26875
4.1125
3.96875
4.10625
4.2375
4.3
4.56875
4.76875
5.075
5.6625
5.98125
6.7125
7.56875
8.03125
8.375
7.8125
6.64375
5.55
4.53125
4.25
4.23125
4.8
5.95625
6.9375
7.84375
7.9875
7.45625
6.80625
6.46875
6.275
6.19375
5.9
5.28125
4.93125
4.5
4.64375
5.0625
5.3375
5.68125
5.6875
6.03125
6.225
6.73125
7.05625
6.53125
6.55625
6.2
6.125
6.36875
6.2125
6.20625
6.05
6.1875
5.9125
5.85625
5.8875
5.5625
5.8125
5.6125
5.6125
5.6125
5.6125
