-0.04125
-0.04125
-0.04125
-0.04125
0.06875
0.065
0.000625
0.06375
-0.123125
-0.20875
-0.243125
-0.411875
-0.375
-0.35
-0.26625
-0.28875
-0.379375
-0.47875
-0.66125
-0.69125
-0.68
-0.615625
-0.525
-0.48125
-0.368125
-0.304375
-0.12625
0.183125
0.280625
0.411875
0.31375
0.099375
0.02
-0.093125
0.02
0.02
-0.00875
-0.055
-0.214375
-0.145625
-0.045625
0.134375
0.19625
0.023125
-0.19375
-0.4675
-0.623125
-0.65875
-0.67
-0.65875
-0.6475
-0.670625
-0.69375
-0.5775
-0.50125
-0.2575
0.003125
-0.04875
0.00375
-0.175625
-0.42875
-0.503125
-0.66125
-0.600625
-0.443125
-0.1575
0.24125
0.4
0.680625
0.665625
0.465625
0.484375
0.179375
0.01375
-0.060625
-0.308125
-0.275625
-0.11375
0.048125
0.244375
0.3225
0.18125
0.0325
0.038125
0.071875
0.1975
0.29625
0.280625
0.1075
-0.046875
0.01375
-0.05875
0.143125
0.343125
0.240625
0.42375
0.324375
0.2175
0.306875
0.136875
0.08
0.0975
0.061875
0.126875
0.3625
0.425
0.34625
0.285625
-0.0675
-0.201875
-0.23125
-0.17125
0.153125
0.1975
0.39
0.374375
0.1225
0.190625
0.1275
0.125625
0.241875
0.095
-0.17375
-0.4025
-0.63125
-0.77375
-0.79625
-0.768125
-0.74
-0.69
-0.655
-0.57125
-0.3675
-0.156875
0.1825
0.34625
0.275
0.199375
-0.03625
-0.2225
-0.180625
-0.050625
0.19125
0.60125
0.87875
1.05875
1.015
0.814375
0.6525
0.374375
0.305625
0.2775
0.111875
0.06625
-0.041875
-0.2875
-0.295
-0.18625
-0.100625
0.0875
0.00125
-0.205
-0.376875
-0.5175
-0.3075
-0.21375
0.034375
0.271875
0.269375
0.369375
0.2025
0.025625
-0.214375
-0.411875
-0.52
-0.503125
-0.390625
-0.154375
0.120625
0.155625
0.201875
-0.104375
-0.42625
-0.628125
-0.83
-0.67
-0.525625
-0.263125
0.02375
0.0475
0.126875
0.0225
-0.119375
-0.19
-0.3175
-0.46625
-0.495
-0.516875
-0.5125
-0.42125
-0.530625
-0.47625
-0.448125
-0.378125
-0.11875
0.02125
0.195
0.285
0.305625
0.18875
0.158125
0.205625
0.065
0.059375
-0.209375
-0.4175
-0.42375
-0.345625
-0.0625
0.0325
0.023125
-0.18875
-0.42625
-0.563125
-0.635625
-0.66375
-0.6175
-0.4775
-0.3375
-0.001875
0.220625
0.185625
0.190625
-0.0575
-0.38
-0.415
-0.34375
-0.0225
0.39875
0.640625
0.71
0.67
0.71125
0.864375
0.908125
0.779375
0.584375
0.165625
-0.116875
-0.133125
-0.283125
-0.115
0.033125
-0.093125
0.00375
-0.219375
-0.26875
-0.009375
0.1675
0.544375
0.745625
0.68375
0.449375
0.2275
0.026875
-0.065
0.105625
0.17875
0.17
0.151875
-0.1025
-0.314375
-0.388125
-0.47
-0.27375
-0.12
-0.135625
-3.46944695195e-17
-0.068125
-0.085625
0.05
0.05375
0.05625
0.0475
0.145
0.23875
0.304375
0.53375
0.569375
0.49375
0.61125
0.59875
0.559375
0.628125
0.468125
0.13375
-0.150625
-0.445
-0.52375
-0.445
-0.381875
-0.1425
-0.10375
-0.08
0.035
-0.05875
0.015625
0.204375
0.341875
0.574375
0.64125
0.484375
0.340625
0.0275
-0.103125
-0.16
-0.294375
-0.169375
-0.181875
-0.015
0.25625
0.348125
0.435625
0.2775
0.06375
-0.11
-0.115
-0.014375
0.083125
0.22625
0.13125
0.1825
0.30375
0.3375
0.59
0.623125
0.588125
0.596875
0.415625
0.333125
0.2675
0.085625
-0.028125
-0.255
-0.496875
-0.624375
-0.614375
-0.528125
-0.411875
-0.33375
-0.466875
-0.564375
-0.55875
-0.5075
-0.40125
-0.378125
-0.63125
-0.756875
-0.680625
-0.52625
-0.05375
0.285625
0.345
0.4
0.4
0.4
0.4
