0.0639375
0.0639375
0.0639375
0.0639375
0.11475
0.115375
0.124625
0.091875
0.044625
0.0589375
0.10425
0.1495625
0.202125
0.2291875
0.225875
0.2225625
0.2364375
0.232125
0.1858125
0.1243125
0.0486875
-0.010375
0.004
0.04875
0.087375
0.1626875
0.1649375
0.1021875
0.0273125
-0.106125
-0.14575
-0.10625
-0.0333125
0.0879375
0.1461875
0.1486875
0.100125
0.002875
-0.0826875
-0.124625
-0.1516875
-0.1210625
-0.081375
-0.0595
-0.011375
-0.0185625
-0.0660625
-0.0925
-0.11825
-0.071
0.0198125
0.06975
0.1410625
0.1103125
0.0630625
0.0560625
0.0035
0.0353125
0.0515625
0.0585625
0.07875
0.0756875
0.088875
0.0445625
0.020125
-0.043625
-0.0733125
-0.0485
-0.06275
-0.018125
-0.03375
-0.011375
0.0229375
0.0304375
0.1068125
0.0894375
0.0905625
0.0599375
-0.021375
-0.0125
-0.0393125
0.0125625
0.045625
-0.011
-0.024625
-0.0845
-0.09075
-0.043625
0.0235
0.0720625
0.111625
0.15775
0.103875
0.0456875
-0.0580625
-0.1740625
-0.2163125
-0.2280625
-0.19625
-0.1455
-0.0733125
-0.01775
0.0114375
0.0225625
0.0019375
0.029
0.0888125
0.1004375
0.1166875
0.08275
-0.0019375
0.0179375
0.04375
0.039
0.113625
0.100625
0.06625
0.07775
0.0355625
0.033625
0.02225
0.0120625
-0.0085
-0.0604375
-0.0610625
-0.05575
-0.04975
0.0045625
0.010625
-0.014375
-0.0331875
-0.103
-0.148375
-0.163875
-0.1779375
-0.1856875
-0.23275
-0.2680625
-0.2958125
-0.2788125
-0.18775
-0.1016875
0.021375
0.1181875
0.14325
0.1573125
0.096625
0.055125
0.073125
0.048375
0.0985
0.0889375
0.029125
0.0424375
-0.001875
0.0496875
0.1484375
0.1624375
0.2180625
0.2176875
0.13675
0.1360625
0.1241875
0.106125
0.1788125
0.2185625
0.2490625
0.2380625
0.1901875
0.123625
0.04575
0.0639375
0.0509375
0.0940625
0.127375
0.081875
0.094375
0.02475
0.0059375
0.048
0.0364375
0.0678125
0.0390625
-0.0208125
-0.05125
-0.08475
-0.0556875
-0.041125
-0.000375
0.0460625
0.0394375
0.0631875
0.0535
0.0438125
0.07225
0.0855
0.0980625
0.1010625
0.0916875
0.07175
0.0299375
0.005125
-0.0283125
-0.08
-0.087875
-0.0685625
-0.0911875
-0.0925625
-0.1215
-0.1798125
-0.1510625
-0.1098125
-0.015625
0.0724375
0.079125
0.122875
0.124625
0.141125
0.236375
0.2426875
0.2496875
0.200375
0.0945
0.0825
0.02975
0.048
0.1013125
0.0683125
0.0836875
0.064125
0.0266875
0.0508125
0.087125
0.1364375
0.1745
0.190375
0.1963125
0.1856875
0.1665
0.1473125
0.102375
0.0885625
0.0945625
0.1005625
0.1164375
0.1104375
0.0928125
0.0930625
0.1091875
0.1055
0.14025
0.13925
0.0878125
0.0780625
0.05975
0.0795625
0.1470625
0.198875
0.2300625
0.227375
0.216875
0.216875
0.216875
0.216875
