14.69375
14.69375
14.69375
14.69375
13.04375
12.49375
13.775
15.26875
16.61875
17.6375
18.43125
18.38125
18.0875
17.68125
17.64375
18.53125
19.625
21.3375
22.25
22.01875
20.89375
18.98125
17.8125
17.11875
18.04375
19.36875
19.91875
20.91875
20.74375
20.36875
20.76875
20.31875
20.1375
19.31875
17.6375
17.20625
16.78125
17.38125
18.5125
18.625
18.825
17.8375
17.43125
17.25625
17.26875
18.45625
18.3125
18.09375
18.00625
18.01875
19.2
20.81875
21.5875
21.85625
21.4875
20.1875
19.9375
19.6875
19.7625
20.8125
21.3
21.83125
22.09375
21.4125
20.80625
19.65625
18.6875
18.78125
19.06875
20.3875
21.30625
21.23125
20.675
19.8625
19.29375
19.60625
19.8
19.06875
19.05625
18.4375
18.05
19.0125
18.7
18.10625
18.40625
17.35625
17.58125
18.59375
18.29375
18.7875
18.025
17.49375
18.55625
19.85625
22.4125
24.33125
23.975
22.7875
20.69375
18.7125
17.675
17.55625
17.725
18.0375
19.01875
19.5625
19.7625
19.675
19.65625
19.625
20.275
21.2125
20.8875
20.56875
19.7875
18.30625
18.4625
18.09375
17.90625
18.28125
17.725
17.4
16.18125
16.1875
16.45
17.7125
20.25625
21.10625
21.3375
20.46875
19.475
18.3375
17.7625
17.975
17.85
17.86875
18.40625
18.89375
18.89375
20.40625
20.9875
20.46875
20.925
19.775
19.025
19.5375
19.6125
20.45625
21.20625
21.14375
20.675
19.58125
18.4125
17.05625
15.8625
15.60625
16.26875
17.71875
19.525
20.675
20.25
20.05625
19.5375
19.3125
19.85625
19.05625
18.9375
18.55
17.65625
18.4
18.1
18.2125
19.35
19.225
20.13125
20.53125
19.91875
19.80625
18.7625
17.48125
17.04375
16.8625
17.10625
18.08125
18.25625
18.19375
18.80625
18.83125
19.35
19.775
19.25625
18.93125
18.96875
18.65625
18.65
19.25625
19.4625
20.675
21.83125
22.14375
22.06875
20.6625
19.18125
18.24375
17.50625
17.90625
17.69375
16.85625
16.70625
15.66875
15.8
16.86875
16.5875
16.7875
16.0625
14.84375
15.26875
16.29375
18.075
19.79375
20.16875
19.26875
18.63125
17.95
17.79375
18.15625
17.93125
17.8875
18.61875
20.70625
22.7125
24.175
24.5375
22.425
20.09375
18.5875
16.6625
15.99375
15.69375
14.20625
14.5125
14.8625
15.075
16.83125
16.8625
16.95
17.25625
16.89375
17.65
17.79375
18.45625
18.93125
18.51875
18.975
18.01875
17.175
16.4
15.725
16.025
15.99375
17.1625
17.7125
18.03125
19.125
18.8625
18.85625
19.1625
18.66875
19.23125
19.60625
19.25
19.60625
18.9125
18.36875
18.6875
18.29375
18.425
18.125
16.70625
15.8875
15.575
15.15625
15.85625
16.65625
16.525
17.16875
16.9875
16.2625
15.9
16.44375
17.7
19.05
20.85625
20.225
19.79375
19.55
18.51875
19.19375
19.0
18.71875
18.51875
17.88125
18.25
18.5125
19.58125
20.04375
19.1125
18.29375
16.7875
15.85625
16.1875
16.10625
16.60625
17.6
17.975
18.93125
19.63125
19.29375
19.18125
19.96875
20.875
22.825
24.89375
24.65625
23.91875
22.1375
19.89375
18.8875
17.3125
16.81875
16.2
15.99375
17.45625
18.58125
20.0625
20.7375
20.125
18.93125
17.56875
16.71875
16.69375
17.175
17.99375
18.55625
19.4625
19.8375
19.89375
20.16875
19.23125
18.5125
18.00625
17.5375
16.93125
17.01875
17.4875
17.775
19.31875
20.20625
20.20625
20.2125
18.975
17.675
16.9375
16.29375
16.8625
18.6625
20.66875
22.6
23.35
22.58125
20.66875
18.73125
16.875
14.9125
14.06875
12.975
12.6875
13.375
13.7625
15.16875
16.38125
16.65
17.41875
17.15
16.825
17.46875
17.275
17.33125
17.24375
16.8625
17.15625
18.0375
18.88125
19.4875
19.75625
19.5375
19.99375
20.2375
19.975
19.61875
19.3875
19.81875
20.75625
21.825
21.175
21.01875
21.25625
22.16875
25.15625
27.31875
28.4
28.75
26.53125
24.3125
23.58125
21.73125
21.7125
20.9625
19.075
18.69375
18.4
19.56875
22.14375
24.2375
25.55
25.0125
22.2875
19.2625
16.3375
14.9375
14.95
15.3375
16.8375
17.40625
17.775
18.3625
17.74375
17.81875
17.29375
16.4875
16.4875
16.65625
17.4125
18.3
18.33125
18.75625
19.15625
19.84375
20.55625
20.5375
20.88125
20.38125
21.0375
20.1625
18.81875
18.0625
16.1125
16.49375
16.125
16.04375
16.41875
15.4875
16.04375
16.23125
16.525
17.03125
16.1625
14.9625
13.5375
13.23125
13.90625
14.79375
15.79375
15.14375
14.59375
14.575
15.30625
16.8625
17.83125
17.68125
16.04375
14.70625
13.91875
14.6375
16.58125
18.63125
19.85
19.46875
18.6
16.9125
16.14375
16.175
16.1125
16.875
16.675
16.7875
16.58125
16.10625
16.5375
17.05
18.75
19.76875
20.4
20.73125
19.5125
19.36875
19.3375
19.2625
19.66875
19.7375
19.69375
19.04375
19.7375
19.475
19.2125
19.625
18.3125
18.20625
18.35
18.70625
20.4125
21.975
22.98125
23.65625
23.3125
21.925
20.91875
19.16875
17.35
16.6625
15.825
16.03125
17.0625
17.4875
17.5375
17.69375
16.73125
16.3375
16.4
15.65
16.40625
16.25625
15.8
16.275
15.15
14.275
14.3875
13.95
14.3125
15.6625
16.6875
16.9375
18.00625
18.75
18.575
19.63125
20.1
19.9
20.83125
21.275
21.2375
21.50625
20.95
20.3875
19.7375
19.03125
18.4625
18.3875
18.6
18.675
18.8625
18.58125
18.25
17.61875
16.775
15.725
15.2625
15.59375
15.64375
15.475
14.39375
12.7125
11.8375
11.8375
11.8875
12.2375
13.0125
12.9625
14.10625
15.74375
15.59375
16.15625
15.88125
15.66875
17.325
19.23125
21.175
21.825
20.8375
18.45
15.96875
13.9125
13.05
13.0375
12.85
13.825
14.05
14.275
15.10625
14.6125
15.54375
16.85
18.01875
20.10625
20.9125
22.5
23.85
23.9375
24.4875
23.05625
20.59375
19.2625
16.94375
15.54375
15.49375
15.11875
15.5
15.69375
15.5875
16.24375
17.1
17.34375
17.6625
16.98125
15.60625
15.75625
16.50625
17.2
19.4375
20.8375
20.8875
21.56875
20.15
18.44375
17.0375
14.7875
14.40625
14.25
14.46875
15.725
16.875
18.5125
20.45
21.86875
21.75
20.8375
19.325
16.99375
15.6
14.9625
15.425
17.525
19.1875
19.68125
19.64375
18.75
18.43125
19.2125
18.65625
17.35625
16.59375
15.23125
15.9875
18.34375
18.38125
19.76875
19.35625
18.35625
19.70625
20.4875
22.5375
23.30625
23.125
20.93125
18.93125
18.39375
18.11875
19.375
19.20625
18.2125
17.31875
16.425
15.71875
15.91875
14.8375
14.80625
15.00625
14.21875
15.2625
15.25625
16.59375
19.95625
22.05625
23.925
23.69375
20.4
18.03125
15.075
13.9125
15.33125
15.5625
18.14375
19.2375
18.975
20.275
19.58125
20.375
21.78125
21.55
22.24375
22.3
21.74375
22.00625
20.9625
18.9625
16.525
14.90625
14.2625
14.46875
15.41875
14.73125
14.1625
14.4125
14.6625
16.55
17.11875
16.05
14.98125
12.275
11.45625
11.75625
13.5875
16.2375
17.25
17.6625
15.0125
12.3625
11.58125
11.1
12.96875
14.8375
15.425
17.0625
17.0625
17.0625
17.29375
15.425
15.19375
14.9625
13.9125
14.2875
13.025
12.58125
12.95625
14.1125
16.0875
17.475
18.8625
17.5625
17.08125
15.31875
15.0875
17.4375
19.2
22.0125
21.7625
20.94375
19.3375
18.55
20.34375
20.125
19.96875
19.225
17.2
16.70625
16.70625
15.425
14.375
13.625
13.61875
15.48125
16.525
17.7875
17.5625
15.7
14.65625
12.275
11.34375
11.23125
11.9375
14.99375
17.45625
19.91875
20.74375
19.55625
17.4375
15.31875
14.8375
14.60625
15.19375
16.15625
15.48125
15.0375
15.4125
15.0375
15.85625
15.85625
14.21875
13.775
13.63125
15.125
17.4375
19.64375
20.125
18.96875
17.8125
14.4125
12.0625
10.53125
9.81875
10.6375
12.275
13.9125
13.9125
13.9125
12.275
11.45625
11.45625
12.275
13.9125
13.9125
13.9125
12.275
11.45625
11.45625
12.275
13.9125
13.9125
13.9125
12.275
11.45625
11.45625
12.275
14.9625
16.83125
18.7
18.93125
17.0625
15.19375
13.325
12.275
13.09375
13.09375
13.9125
14.73125
13.9125
13.9125
13.09375
12.275
12.275
13.09375
13.09375
13.9125
14.73125
14.73125
15.55
14.73125
13.9125
12.275
11.45625
11.45625
12.275
13.9125
14.73125
15.55
14.73125
13.9125
13.09375
12.275
13.09375
13.9125
14.73125
15.55
14.73125
13.9125
12.275
11.45625
11.45625
12.275
13.9125
14.73125
15.55
14.73125
13.9125
13.09375
12.275
13.09375
13.9125
14.73125
15.55
14.73125
13.9125
12.275
11.45625
11.45625
12.275
14.9625
16.83125
18.7
18.93125
17.0625
15.19375
13.325
12.275
13.09375
13.09375
13.9125
14.73125
14.73125
15.55
14.73125
13.9125
12.275
11.45625
11.45625
12.275
13.9125
14.73125
15.55
15.03125
15.33125
14.8125
15.1125
15.63125
15.33125
15.85
14.73125
13.9125
12.275
11.45625
11.45625
12.2375
13.8375
14.61875
15.4
14.61875
13.8375
12.2375
11.45625
11.45625
12.275
13.9125
14.73125
15.55
14.73125
13.9125
13.09375
12.275
13.09375
13.9125
14.73125
15.55
14.73125
14.73125
13.9125
13.9125
14.73125
14.73125
15.55
14.73125
13.9125
12.275
11.45625
11.45625
12.275
13.9125
14.73125
15.55
14.73125
13.9125
12.275
11.45625
11.45625
11.45625
12.275
12.275
12.275
12.275
12.275
12.275
12.275
13.09375
13.9125
13.9125
13.9125
13.09375
12.275
13.09375
13.9125
14.73125
15.55
14.73125
13.9125
12.275
10.6375
10.6375
10.6375
11.83125
13.025
13.4
13.775
13.775
13.775
13.775
13.775
13.4
13.84375
13.46875
13.9125
14.73125
14.73125
15.55
14.73125
13.9125
12.275
11.45625
11.45625
11.45625
12.275
12.275
12.275
12.275
13.80625
14.51875
16.28125
18.04375
17.5625
17.9
16.95625
16.0125
14.9625
14.7625
15.50625
17.78125
21.725
25.5
27.03125
25.5
22.26875
16.825
12.9125
10.53125
9.0
9.81875
11.6875
14.38125
17.81875
19.61875
20.025
19.6
17.6875
16.59375
15.1375
13.71875
13.04375
13.9
16.20625
17.93125
20.475
19.95625
17.95
17.01875
15.5
16.5625
18.74375
20.375
21.775
21.3875
21.3
21.25625
20.9625
21.46875
21.3
21.11875
21.20625
21.90625
22.625
23.5625
24.36875
24.275
23.8375
23.175
22.96875
22.9625
22.9125
22.51875
21.58125
20.575
20.30625
20.49375
20.88125
21.475
22.00625
21.60625
21.1
21.19375
20.73125
22.1375
23.59375
23.21875
22.66875
20.7625
19.025
19.04375
20.64375
22.1
22.9375
23.1375
21.5
20.8375
20.8
20.5125
20.875
20.69375
21.03125
21.86875
22.38125
22.89375
22.56875
21.79375
21.2875
20.3125
19.1
18.30625
18.05
18.28125
18.5375
17.8
16.8375
16.8375
16.8375
16.8375
