0.8825
0.8825
0.8825
0.8825
0.894125
0.91925
0.93975
0.937125
0.8994375
0.892375
0.91425
1.047375
1.172625
1.263625
1.365125
1.3785
1.38375
1.39
1.322
1.1701875
1.034375
0.8936875
0.8101875
0.7891875
0.757
0.7245
0.669625
0.641375
0.659375
0.7275
0.793375
0.95375
1.049875
1.0793125
1.246625
1.203125
1.1818125
1.184875
0.9875625
0.90125
0.845125
0.7845625
0.7999375
0.801875
0.8045625
0.8150625
0.813375
0.8385625
0.7996875
0.7608125
0.729
0.7109375
0.727125
0.8543125
0.9909375
1.084375
1.194875
1.08225
0.9704375
0.8863125
0.7975625
0.8449375
0.87775
0.9031875
0.9315
1.0239375
1.1080625
1.2716875
1.437625
1.4325
1.4723125
1.3231875
1.12925
0.9890625
0.8216875
0.7713125
0.747
0.775875
0.8885625
0.989375
1.1095
1.2005
1.0966875
1.086125
1.0749375
1.051125
1.2493125
1.2704375
1.27475
1.2968125
1.11975
0.9993125
0.88925
0.790375
0.75675
0.7503125
0.826625
0.90775
0.9983125
1.1160625
1.0348125
0.9454375
0.89075
0.808875
0.860875
0.9809375
1.0896875
1.17125
1.21825
1.0783125
1.0216875
1.0000625
1.006125
1.1409375
1.094375
1.059375
1.008375
0.9490625
0.9939375
0.991125
0.9883125
0.971875
0.927625
0.94
0.9481875
0.972625
1.027625
1.044875
1.051125
1.03325
0.9965625
0.986625
0.991875
1.0091875
1.003375
0.9440625
0.9229375
0.9018125
0.9919375
1.1271875
1.28925
1.4511875
1.4218125
1.36225
1.137875
0.9179375
0.904375
0.9715
1.126125
1.248125
1.191
1.1394375
1.1190625
1.1553125
1.2675
1.214875
1.1283125
1.00925
0.872875
0.82175
0.8110625
0.803625
0.79575
0.833
0.838875
0.846625
0.8586875
0.8350625
0.7980625
0.760125
0.7720625
0.753625
0.769625
0.75925
0.700625
0.6898125
0.673375
0.6833125
0.7050625
0.71225
0.694
0.67575
0.649
0.627875
0.6575625
0.690625
0.7645625
0.8463125
0.8550625
0.8825
0.8425
0.8190625
0.8480625
0.84075
0.8915
0.87825
0.831375
0.8086875
0.7750625
0.798
0.8726875
0.9426875
0.97675
0.9905
0.9545625
0.887
0.8433125
0.7878125
0.7184375
0.706
0.6935625
0.79275
0.96375
1.1
1.2479375
1.1816875
1.04425
0.9100625
0.7413125
0.7015
0.7176875
0.709375
0.7444375
0.7888125
0.8085625
0.856
0.889625
0.850875
0.827375
0.825625
0.8011875
0.877625
0.885625
0.843375
0.834
0.7561875
0.77925
0.86
0.8924375
0.94525
0.9605
0.922125
0.953625
0.9925625
0.97725
0.99875
0.9818125
0.9601875
0.9969375
1.0190625
1.029
1.0079375
0.9540625
0.8785625
0.8144375
0.73875
0.708
0.7271875
0.7278125
0.7639375
0.756875
0.729375
0.726375
0.7596875
0.809
0.838375
0.882
0.8630625
0.844125
0.83725
0.818875
0.82675
0.8411875
0.8555
0.84975
0.87025
0.8893125
0.9085
0.9441875
0.93075
0.9005
0.847375
0.7739375
0.7099375
0.6685
0.652625
0.649375
0.7001875
0.8290625
0.974625
1.1508125
1.2796875
1.2315
1.16475
1.0356875
0.9388125
0.89375
0.848
0.8601875
0.8035625
0.8025625
0.8014375
0.7511875
0.75275
0.752125
0.7556875
0.806625
0.8345
0.93325
0.9995
1.0134375
1.0681875
0.9228125
0.8340625
0.812
0.727375
0.752625
0.719
0.662875
0.6785625
0.699875
0.7831875
0.829625
0.8211875
0.83225
0.8015625
0.8064375
0.8551875
0.8810625
0.9275625
0.9666875
0.977
0.9610625
0.903375
0.8371875
0.7875
0.7640625
0.7959375
0.831875
0.82325
0.814625
0.7836875
0.73
0.702625
0.7006875
0.721125
0.767125
0.8454375
0.8983125
0.9163125
0.967875
0.9933125
0.9933125
0.980375
0.8949375
0.7729375
0.70275
0.641875
0.6375625
0.706125
0.733125
0.8890625
0.9983125
1.048125
1.2163125
1.1941875
1.229
1.314
1.196
1.1054375
0.9791875
0.8163125
0.74475
0.7571875
0.7526875
0.7425625
0.761125
0.739875
0.743375
0.7981875
0.8099375
0.807125
0.8218125
0.7818125
0.7725
0.8291875
0.8394375
0.8465
0.9489375
0.98125
1.07125
1.180625
1.0986875
1.013375
0.89575
0.80675
0.788875
0.797375
0.787375
0.7500625
0.723875
0.72825
0.76625
0.8220625
0.8864375
0.9159375
0.926875
0.904875
0.874125
0.8478125
0.794625
0.7335
0.693
0.63525
0.6086875
0.603875
0.601375
0.6213125
0.665875
0.7126875
0.7323125
0.8464375
0.9519375
1.0838125
1.20825
1.1185
1.0085625
0.8713125
0.779
0.815625
0.8555
0.92025
0.9333125
0.938375
0.944375
0.867
0.8574375
0.8224375
0.8004375
0.8718125
0.8650625
0.913375
0.936625
0.9020625
0.9191875
0.87625
0.840125
0.827875
0.80575
0.83525
0.87
0.931125
0.9961875
1.0150625
1.04425
1.046125
1.0088125
0.996625
0.968125
1.0295
1.121875
1.17925
1.2383125
1.1204375
0.9916875
0.915375
0.82225
0.814625
0.8139375
0.7526875
0.7148125
0.6555625
0.614375
0.609625
0.62675
0.66775
0.6866875
0.8300625
0.9723125
1.129125
1.2548125
1.1655625
1.015125
0.861
0.7955625
0.8079375
0.87275
0.9396875
0.9358125
0.923375
0.8966875
0.8185625
0.7249375
0.688875
0.67675
0.71425
0.8103125
0.88225
0.9193125
0.934
0.935875
0.9016875
0.8299375
0.769375
0.6818125
0.7179375
0.839
0.9985
1.1765625
1.171875
1.1298125
1.0414375
0.937375
0.91025
0.884875
0.842875
0.8371875
0.8375
0.837125
0.845125
0.82925
0.8118125
0.7984375
0.8258125
0.837875
0.854
0.835375
0.809
0.812875
0.8263125
0.8815
0.888375
0.8539375
0.772375
0.7828125
0.8458125
0.9384375
1.089
1.025375
0.9340625
0.859875
0.7399375
0.7530625
0.7581875
0.7428125
0.772375
0.792875
0.8518125
0.8980625
0.93525
0.9109375
0.838875
0.7946875
0.71025
0.710625
0.737125
0.736625
0.790625
0.7820625
0.7995625
0.856625
0.8734375
0.942875
0.9534375
0.9150625
0.8541875
0.755125
0.6765625
0.628625
0.6323125
0.63325
0.67975
0.7125
0.737625
0.80275
0.8563125
0.9118125
0.9341875
0.9268125
0.8521875
0.7945
0.8138125
0.8374375
0.9194375
0.963
0.9264375
0.8748125
0.787
0.734875
0.685875
0.67225
0.706
0.7015625
0.8461875
0.968
1.0395625
1.140875
1.11775
1.122625
1.1604375
1.21775
1.1764375
1.0714375
0.960875
0.791125
0.728125
0.718375
0.729125
0.7974375
0.8643125
0.89325
0.8904375
0.9695625
1.0376875
1.15675
1.2643125
1.2686875
1.2545
1.2019375
1.1609375
1.0089375
0.8798125
0.78925
0.7415625
0.8320625
0.9225625
0.973875
0.994
0.9675625
0.9523125
0.948
0.92375
0.897625
0.849125
0.79275
0.8405625
0.9230625
1.12775
1.30975
1.3198125
1.3164375
1.2020625
1.139375
1.1321875
1.123875
1.0505625
0.938375
0.8906875
0.8564375
0.8871875
0.9435
0.9514375
0.9470625
0.8966875
0.857875
0.8364375
0.838875
0.9145
0.97075
0.992625
0.9945
0.95975
1.0088125
1.07475
1.1056875
1.1555
1.1215
1.1483125
1.225625
1.2891875
1.24175
1.107375
1.0374375
1.0599375
1.2394375
1.4719375
1.620625
1.6811875
1.6848125
1.6626875
1.564625
1.3555625
1.14525
0.9733125
0.841125
0.847125
0.869625
0.94875
1.10025
1.2194375
1.324875
1.2466875
1.093875
0.9353125
0.795625
0.7674375
0.79225
0.92775
1.0255
1.115875
1.1916875
1.083875
1.0405625
0.964625
0.89525
0.9096875
0.852875
0.8255
0.785
0.7445
0.76625
0.78575
0.818375
0.851
0.847
0.868125
0.8649375
0.862625
0.8791875
0.8515625
0.82825
0.776
0.6983125
0.749125
0.838
0.982125
1.2420625
1.2826875
1.3335
1.4409375
1.34875
1.39475
1.4709375
1.3523125
1.3495
1.3035
1.1165625
1.0756875
0.9943125
0.9449375
1.0474375
1.0856875
1.25675
1.402375
1.396125
1.4591875
1.314125
1.1958125
1.14125
1.02775
1.0300625
1.0189375
0.997125
0.978125
0.927125
0.8605
0.83975
0.8238125
0.8115625
0.8189375
0.8075
0.80725
0.8555
0.8785625
0.9091875
0.9398125
0.8991875
0.8931875
0.8476875
0.829375
0.8733125
0.88775
0.91875
0.9343125
0.9344375
0.93625
0.948125
1.0203125
1.0595625
1.099625
1.1649375
1.0649375
0.986125
0.9143125
0.795375
0.7748125
0.7636875
0.773
0.8281875
0.855375
0.857125
0.823375
0.743875
0.6984375
0.6578125
0.662125
0.724375
0.7914375
0.90475
0.974875
0.9860625
0.9770625
0.9208125
0.8805625
0.8395625
0.7663125
0.6901875
0.648875
0.668625
0.7654375
0.8773125
0.93125
0.9529375
0.9296875
0.9098125
0.8890625
0.848125
0.8158125
0.8799375
0.95575
1.03525
1.0910625
0.964125
0.8618125
0.7718125
0.69925
0.689375
0.7793125
0.8975625
1.122875
1.3471875
1.37125
1.3425
1.0841875
0.882625
0.7463125
0.6284375
0.6705
0.655
0.6650625
0.6904375
0.676
0.6701875
0.6455625
0.633
0.63
0.67675
0.76425
0.8421875
0.9030625
0.901375
0.8989375
0.832375
0.7841875
0.876625
0.9321875
1.061375
1.27725
1.2543125
1.208875
1.1615625
0.91
0.8075
0.765125
0.69825
0.742375
0.777875
0.799625
0.9154375
1.054125
1.1846875
1.285
1.208375
1.0938125
0.944125
0.7976875
0.82725
0.87525
0.97775
1.1275625
1.075
1.0190625
0.912
0.779
0.78675
0.805375
0.8366875
0.838625
0.802375
0.744375
0.684125
0.672125
0.6996875
0.7499375
0.9380625
1.09025
1.17575
1.213
1.0148125
0.86325
0.7856875
0.758
0.8471875
0.8555625
0.805
0.7488125
0.680875
0.6578125
0.658625
0.6438125
0.745875
0.8679375
0.986625
1.136
1.0984375
1.0514375
1.046
1.0125625
1.0471875
1.08025
1.140125
1.210375
1.2613125
1.2693125
1.1013125
0.9279375
0.8168125
0.7485625
0.8185
0.8885625
0.9156875
0.938375
0.917875
0.8856875
0.8341875
0.791125
0.798875
0.83
0.8883125
0.923
0.9040625
0.86175
0.8194375
0.7643125
0.728
0.6921875
0.6835625
0.7401875
0.787375
0.8729375
0.9313125
0.921875
0.9153125
0.87725
0.82975
0.8083125
0.8173125
0.91875
1.0469375
1.177375
1.24775
1.119
0.937875
0.7785
0.7674375
0.9063125
1.1153125
1.28975
1.2410625
1.13225
0.9805
0.852125
0.83475
0.8438125
0.8565625
0.831375
0.82825
0.7995625
0.7980625
0.8261875
0.8090625
0.8095625
0.7410625
0.6920625
0.778375
0.9063125
1.1153125
1.313625
1.2888125
1.203875
1.076
0.92375
0.8825
0.8676875
0.8565625
0.831375
0.8028125
0.7571875
0.73875
0.7499375
0.76675
0.7841875
0.732625
0.7005625
0.778375
0.9063125
1.1153125
1.313625
1.2888125
1.203875
1.076
0.92375
0.8936875
0.8900625
0.890125
0.876125
0.8263125
0.7509375
0.6839375
0.654375
0.773875
0.934
1.0654375
1.1745
1.0701875
0.9615
0.9096875
0.8945
0.9461875
0.9456875
0.8889375
0.80675
0.7816875
0.77675
0.7956875
0.827625
0.8245
0.8568125
0.8956875
0.9215625
0.909
0.870125
0.8298125
0.781625
0.88625
1.0210625
1.1144375
1.2995
1.3701875
1.3821875
1.5549375
1.643875
1.7328125
1.9816875
2.018125
1.930125
1.842125
1.5364375
1.29575
1.20075
1.0125
0.9075625
0.825625
0.760625
0.77
0.8165625
0.863125
0.8366875
0.8653125
0.8705625
0.9868125
1.1726875
1.322375
1.452125
1.359875
1.1868125
1.0016875
0.8486875
0.9176875
1.06775
1.224625
1.3536875
1.2958125
1.202875
1.1325
1.1576875
1.26975
1.45775
1.639375
1.6439375
1.5904375
1.3611875
1.073875
0.869875
0.737125
0.7008125
0.73575
0.8838125
1.007625
1.1135625
1.1750625
1.0574375
0.939125
0.8555
0.80725
0.8219375
0.815375
0.7980625
0.783
0.7809375
0.80875
0.839
0.8440625
0.813625
0.7904375
0.7655
0.7078125
0.7168125
0.6845
0.6454375
0.6663125
0.6248125
0.7239375
0.8406875
0.93225
1.079625
1.0288125
0.968875
0.949875
1.0060625
1.1460625
1.2649375
1.3103125
1.1669375
1.0314375
0.9119375
0.8563125
0.8675625
0.8385625
0.816125
0.7690625
0.7440625
0.771625
0.79775
0.8179375
0.861
0.8721875
0.8419375
0.81025
0.7294375
0.6569375
0.6571875
0.639375
0.63775
0.6283125
0.5594375
0.546375
0.5796875
0.6504375
0.7441875
0.811875
0.8069375
0.863875
0.9208125
0.9363125
1.0015625
0.8643125
0.73825
0.66975
0.609875
0.77875
0.97125
1.15675
1.409125
1.4388125
1.4054375
1.3578125
1.13325
1.022125
0.9565625
0.8555
0.8415
0.842625
0.7991875
0.8125
0.8013125
0.728375
0.6614375
0.576625
0.543625
0.5621875
0.642625
0.8195
0.945875
1.0885625
1.1634375
1.024125
0.917875
0.7843125
0.6779375
0.692
0.711375
0.755625
0.8025625
0.8758125
0.9305
0.933
0.9166875
0.8195
0.729375
0.6363125
0.584
0.6208125
0.65725
0.7349375
0.784625
0.8015625
0.7798125
0.748
0.7295
0.7790625
0.88425
1.1038125
1.28225
1.279625
1.2518125
1.0206875
0.86925
0.852125
0.8629375
0.940625
0.9425625
0.898
0.812
0.8590625
0.9433125
1.0660625
1.2405625
1.2160625
1.1750625
1.0605
0.8896875
0.7805
0.65325
0.603
0.552
0.529625
0.5419375
0.5644375
0.648
0.7481875
0.8416875
0.872125
0.83975
0.7734375
0.7258125
0.6886875
0.6925
0.73075
0.770875
0.84925
0.9369375
1.0941875
1.202
1.28
1.285625
1.0879375
0.94125
0.7985625
0.7355625
0.776875
0.7433125
0.7080625
0.6628125
0.676125
0.76425
0.857125
0.8976875
0.9656875
1.0039375
1.0478125
1.137875
1.0436875
0.9589375
0.892875
0.8239375
0.8684375
0.907
0.928625
0.925875
0.918
0.8915625
0.867875
0.8685625
0.888625
0.943125
0.9775625
0.9759375
0.95075
0.9005625
0.8363125
0.807625
0.7713125
0.7236875
0.69225
0.622875
0.554125
0.54725
0.563875
0.633
0.721125
0.7414375
0.7711875
0.7518125
0.8278125
0.9660625
1.0585625
1.1968125
1.1480625
1.0469375
0.9864375
0.907375
0.9959375
1.0840625
1.147875
1.1768125
1.033
0.942
0.8329375
0.779875
0.9046875
0.9705625
1.0856875
1.175375
1.065125
1.002625
0.9043125
0.8068125
0.855375
0.8561875
0.85475
0.940625
0.953
0.9958125
1.0520625
0.9321875
0.8619375
0.764
0.6795
0.6465625
0.6058125
0.61675
0.6363125
0.81675
1.0055
1.1585625
1.2753125
1.1838125
1.080625
0.9631875
0.8521875
0.832875
0.77725
0.7495
0.7524375
0.723625
0.7905625
0.865
0.8903125
0.914875
0.8205625
0.690875
0.598625
0.5410625
0.5590625
0.6236875
0.6659375
0.6880625
0.7134375
0.6843125
0.6809375
0.723125
0.769875
0.83875
0.90475
0.9360625
0.884
0.8615625
0.791125
0.695875
0.7845
0.832625
0.929375
1.07425
0.9803125
0.9116875
0.8430625
0.7545
0.7915
0.7953125
0.8028125
0.806125
0.8081875
0.8725625
0.916625
0.956375
0.9673125
0.927625
0.89225
0.873375
0.9205
1.0679375
1.2385
1.4728125
1.66
1.6709375
1.72375
1.5974375
1.425125
1.3180625
1.0461875
0.8663125
0.7545
0.6655625
0.6679375
0.7069375
0.7478125
0.791375
0.8585
0.9001875
0.8585
0.8080625
0.732625
0.6463125
0.63175
0.6378125
0.692
0.7425
0.7784375
0.7875
0.735375
0.8121875
0.89125
1.09475
1.40925
1.516125
1.6129375
1.4978125
1.2041875
1.0090625
0.8595
0.8163125
0.889125
0.95575
0.9876875
1.0158125
1.0075
0.9958125
0.9834375
0.98675
0.9525
0.912625
0.872625
0.781125
0.7693125
0.772
0.7483125
0.786875
0.7630625
0.7281875
0.7196875
0.6646875
0.7653125
0.89375
1.0485625
1.2029375
1.142375
1.0299375
0.8901875
0.7648125
0.720625
0.7324375
0.723125
0.7410625
0.78
0.7935
0.8519375
0.912
0.9375
0.976
0.9553125
0.8743125
0.8391875
0.7765
0.7601875
0.7955625
0.7715
0.747375
0.7131875
0.6570625
0.678
0.734875
0.7816875
0.8335625
0.838125
0.805375
0.8181875
0.808
0.8111875
0.84125
0.92475
1.05175
1.167875
1.273125
1.2014375
1.101125
0.980875
0.8775
0.8469375
0.8233125
0.8479375
0.83725
0.8305625
0.8419375
0.8239375
0.826875
0.841
0.8279375
0.913375
0.9845
1.082
1.1720625
1.078375
0.993125
0.8805625
0.78575
0.788125
0.808125
0.8341875
0.88075
0.9155
0.9316875
0.9545
0.922875
0.8971875
0.9040625
0.883125
0.92075
0.92125
0.846375
0.7613125
0.64825
0.612125
0.642
0.6880625
0.7263125
0.6833125
0.630875
0.6248125
0.619875
0.691875
0.7299375
0.736875
0.789375
0.809875
0.86
0.8989375
0.9913125
1.0751875
1.169
1.2494375
1.1529375
1.055375
0.9064375
0.776875
0.7235
0.6688125
0.6504375
0.647125
0.6410625
0.6415625
0.6420625
0.63275
0.638
0.667125
0.736875
0.80125
0.892
0.9238125
0.9083125
0.8689375
0.80225
0.8095625
0.8019375
0.8415
0.8565625
0.7803125
0.7496875
0.6765
0.6186875
0.6390625
0.6354375
0.671375
0.8418125
0.98525
1.092375
1.1530625
0.9749375
0.8096875
0.705375
0.6484375
0.705875
0.7465
0.7973125
0.7958125
0.7943125
0.7801875
0.6879375
0.643
0.6235
0.6083125
0.6449375
0.6848125
0.716125
0.7948125
0.8768125
0.94025
0.970875
0.954875
0.9270625
0.87825
0.8301875
0.785875
0.7174375
0.6895
0.6655625
0.6505625
0.647375
0.5874375
0.5386875
0.4876875
0.4624375
0.5330625
0.614875
0.7251875
0.8680625
0.9055
0.962875
0.9789375
1.014
1.0939375
1.2148125
1.3659375
1.3870625
1.4104375
1.2685
1.106125
0.96275
0.836
0.783625
0.715375
0.7043125
0.654375
0.6704375
0.709875
0.73475
0.7953125
0.7899375
0.8294375
0.8645
0.908875
0.944875
0.88775
0.8613125
0.7759375
0.740625
0.7741875
0.762
0.7815
0.773
0.82975
0.909375
1.0229375
1.234875
1.234875
1.234875
1.234875
