1.70625
1.70625
1.70625
1.70625
1.09375
0.81875
0.30625
-0.10625
0.13125
0.54375
0.78125
0.60625
0.5
0.18125
-0.38125
-0.06875
-0.01875
0.125
1.20625
1.2625
0.8
0.0875
-1.31875
-1.95
-2.0
-1.6625
-1.50625
-1.26875
-1.15625
-1.49375
-1.30625
-1.775
-2.1
-2.13125
-2.06875
-1.63125
-0.8375
-0.05625
0.4375
0.75
0.2875
-0.2
-1.23125
-1.65
-1.65625
-1.6625
-0.86875
-1.01875
-1.4625
-1.90625
-2.8
-2.88125
-2.54375
-2.26875
-1.8625
-1.725
-1.9625
-1.575
-0.60625
0.1
0.95625
1.23125
0.66875
0.28125
0.425
0.5625
1.05
1.39375
0.6875
-0.45
-1.7875
-3.01875
-3.3125
-2.66875
-1.71875
-0.64375
-0.29375
-0.90625
-1.6
-2.18125
-1.95
-1.2375
-0.775
-0.6625
-1.34375
-1.90625
-1.79375
-1.05
0.0125
0.8375
0.7
-0.4125
-1.70625
-2.71875
-3.25
-2.86875
-2.175
-1.64375
-1.175
-0.975
-0.59375
0.01875
0.73125
0.8375
0.66875
0.04375
-0.1375
0.1875
-0.03125
0.30625
-0.29375
-0.5875
0.0125
-0.21875
-0.01875
-0.30625
-1.24375
-1.70625
-1.925
-1.99375
-1.94375
-1.84375
-2.15625
-2.175
-1.725
-1.3
-0.18125
0.16875
-0.14375
-0.125
-0.96875
-0.85
-0.4
-0.21875
0.1625
-0.2
-0.5625
-1.04375
-1.3375
-1.5625
-1.2875
-0.95625
-0.65
0.01875
0.16875
0.4375
1.08125
1.86875
2.19375
2.08125
1.39375
-0.0875
-1.0875
-1.7875
-2.525
-2.28125
-2.1
-2.01875
-1.1375
-0.75625
-0.25
0.375
0.26875
0.1625
-0.00625
0.15625
0.35
0.04375
0.21875
-0.15
-0.40625
-0.025
-0.60625
-0.7625
-0.66875
-0.36875
0.3875
0.6
0.3625
-0.725
-1.7625
-2.49375
-2.83125
-2.6375
-2.1375
-1.65
-1.69375
-1.825
-2.68125
-3.10625
-3.14375
-3.05625
-2.5125
-2.3625
-2.2625
-2.225
-1.91875
-1.94375
-1.58125
-1.05
-1.24375
-1.13125
-1.71875
-2.1875
-2.00625
-1.31875
-0.29375
-0.0125
0.0125
-0.41875
-0.85
-0.65625
-0.2
-0.275
-0.01875
0.23125
0.2625
0.825
0.89375
0.40625
-0.625
-1.70625
-2.79375
-3.4875
-3.68125
-3.85
-3.85
-3.45
-3.05
-2.625
-1.80625
-1.26875
-0.4
0.44375
0.8375
0.65625
0.14375
-0.39375
-1.075
-0.925
-1.13125
-1.11875
-0.875
-1.40625
-1.3625
-1.4875
-1.61875
-1.35
-1.51875
-1.7375
-1.84375
-1.46875
-0.875
-0.45
-0.49375
-1.5
-2.50625
-2.50625
-2.50625
-2.50625
