0.06990918125
0.06990918125
0.06990918125
0.06990918125
0.07856430625
0.077718375
0.07825655625
0.0750710625
0.0729378625
0.0748099625
0.068459575
0.06559270625
0.05637050625
0.04719743125
0.05041280625
0.04929035
0.05538981875
0.061631225
0.059270225
0.059620225
0.05737339375
0.05741198125
0.05607270625
0.05488200625
0.05304715625
0.04712618125
0.0494552375
0.0520295625
0.0558921875
0.066200025
0.06949205625
0.0757317875
0.08094745
0.0770454875
0.075747925
0.0691315375
0.06102119375
0.05774641875
0.0586485375
0.0582246875
0.06395676875
0.0684537375
0.06513264375
0.06537214375
0.0551353625
0.0462252125
0.04090365
0.0350777
0.0389677875
0.042121325
0.04645526875
0.05084179375
0.05170650625
0.05389785
0.0550645375
0.0572138
0.0600072125
0.06133788125
0.060483175
0.06005739375
0.0564569125
0.0539177875
0.0552821625
0.0545045125
0.0581438125
0.0597236
0.0594295125
0.05996911875
0.05666964375
0.056268375
0.05340315
0.0480095125
0.0465212375
0.04594539375
0.04911705625
0.05309225
0.0541985875
0.0506887375
0.0432897
0.0412458375
0.0419765
0.04732335
0.05879765
0.06426899375
0.0675839625
0.06583265625
0.06003763125
0.05883218125
0.05636443125
0.05721183125
0.0574391
0.054873725
0.05317520625
0.05514919375
0.06034914375
0.066613225
0.07329401875
0.0757453375
0.0721709375
0.065751175
0.0617588
0.0532189625
0.05019005
0.0500032375
0.0455151625
0.046533425
0.044413425
0.04095906875
0.03934201875
0.04035468125
0.04484864375
0.05431813125
0.0643479875
0.06811684375
0.07106126875
0.06544158125
0.05965248125
0.05398920625
0.0477601
0.04742269375
0.04732564375
0.052586
0.0557673875
0.05642295625
0.0564312
0.0528424875
0.0504815
0.04783883125
0.04805605
0.0495813125
0.0524061375
0.0569857875
0.0569857875
0.0569857875
0.0569857875
