0.079375
0.079375
0.079375
0.079375
0.085
0.085625
0.12125
0.119375
0.1475
0.13
0.105
0.019375
-0.054375
-0.075625
-0.093125
-0.014375
0.030625
0.048125
0.08
0.070625
0.110625
0.12125
0.0975
0.099375
0.07125
0.0675
0.111875
0.12375
0.10625
0.128125
0.09
0.064375
0.0725
0.020625
-0.01875
-0.06125
-0.1125
-0.135625
-0.1025
-0.065
-0.0425
-0.0225
-0.053125
-0.0975
-0.103125
-0.14625
-0.18
-0.186875
-0.206875
-0.16625
-0.12625
-0.100625
-0.068125
-0.04625
-0.028125
-0.01625
-0.035
-0.06625
-0.081875
-0.061875
-0.0225
0.016875
0.05
0.02625
-0.01125
-0.05
-0.090625
-0.07625
-0.035625
0.003125
0.044375
0.058125
0.078125
0.130625
0.17625
0.196875
0.17
0.084375
0.005
-0.0475
-0.066875
-0.050625
-0.031875
-0.015
-0.004375
0.0
0.0125
0.048125
0.079375
0.10625
0.10375
0.053125
0.034375
0.0475
0.105
0.181875
0.23125
0.215625
0.1725
0.165625
0.13125
0.171875
0.186875
0.141875
0.1225
0.035625
-0.023125
-0.03375
-0.043125
-0.02
-0.00625
-0.025625
-0.014375
-0.00125
0.0225
0.0625
0.043125
0.0425
0.04125
0.03625
0.066875
0.036875
0.00375
-0.031875
-0.075625
-0.055
-0.034375
-0.003125
0.00625
-0.03
-0.10375
-0.18375
-0.214375
-0.221875
-0.154375
-0.093125
-0.045
0.000625
-0.016875
-0.02875
-0.07
-0.113125
-0.1075
-0.10875
-0.095
-0.083125
-0.09875
-0.09875
-0.0925
-0.059375
0.008125
0.096875
0.20625
0.265
0.29375
0.2825
0.24625
0.26125
0.265625
0.25375
0.21875
0.133125
0.04125
-0.01125
-0.045
-0.05875
-0.0575
-0.073125
-0.056875
-0.035
-0.006875
0.055
0.089375
0.123125
0.1775
0.1725
0.133125
0.0925
0.001875
-0.051875
-0.06625
-0.07875
-0.064375
-0.05875
-0.02875
0.00125
0.029375
0.055
0.02375
-0.008125
-0.05125
-0.060625
-0.038125
-0.02375
0.01
-0.015
-0.04625
-0.034375
-0.029375
0.005
0.02875
0.0175
0.000625
-0.024375
-0.026875
-0.053125
-0.083125
-0.078125
-0.081875
-0.063125
-0.028125
-0.034375
-0.045625
-0.053125
-0.07
-0.0725
-0.070625
-0.08375
-0.095
-0.11875
-0.143125
-0.1425
-0.141875
-0.121875
-0.075
-0.03875
0.02625
0.0775
0.08125
0.075625
0.003125
-0.035625
-0.06
-0.075625
-0.039375
-0.049375
-0.034375
-0.01875
-0.005
0.058125
0.083125
0.09625
0.078125
0.00375
-0.050625
-0.088125
-0.1025
-0.113125
-0.125625
-0.144375
-0.171875
-0.1575
-0.14875
-0.135625
-0.123125
-0.125625
-0.08375
-0.024375
0.04875
0.113125
0.110625
0.063125
0.0075
-0.039375
-0.055
-0.04875
-0.048125
-0.05
-0.055625
-0.06
-0.054375
-0.038125
-0.01375
0.005
0.04125
0.045625
0.04375
0.0475
0.020625
0.01375
0.006875
-0.00125
0.006875
0.01625
0.02375
0.05125
0.073125
0.09125
0.113125
0.096875
0.055
0.016875
-0.023125
-0.044375
-0.056875
-0.06875
-0.080625
-0.08625
-0.07
-0.060625
-0.05875
-0.063125
-0.0725
-0.07125
-0.06125
-0.065625
-0.07
-0.085
-0.095
-0.08375
-0.079375
-0.0725
-0.071875
-0.076875
-0.050625
-0.0225
0.02875
0.078125
0.0925
0.125625
0.105625
0.086875
0.059375
0.000625
-0.023125
-0.0475
-0.065
-0.084375
-0.11
-0.116875
-0.099375
-0.053125
-0.0025
0.010625
0.021875
0.01875
0.025
0.054375
0.054375
0.05
0.00625
-0.0475
-0.059375
-0.0625
-0.00125
0.07125
0.091875
0.10625
0.083125
0.054375
0.05625
0.061875
0.041875
0.02375
0.004375
-0.016875
-0.0125
-0.024375
-0.03875
-0.03
-0.01875
0.019375
0.050625
0.048125
0.040625
0.008125
0.0125
0.013125
0.01875
0.036875
0.001875
-0.016875
-0.015
-0.003125
0.025625
0.045625
-0.018125
-0.064375
-0.104375
-0.1175
-0.034375
0.02125
0.10375
0.15125
0.150625
0.1125
0.039375
-0.03125
-0.08125
-0.09375
-0.1175
-0.11625
-0.12375
-0.09625
-0.0425
-0.01375
0.01625
-0.015625
-0.05625
-0.07625
-0.0675
-0.0275
0.009375
0.036875
0.011875
-0.021875
-0.05
-0.075625
-0.0575
-0.031875
-0.0075
0.034375
0.0275
0.04375
0.060625
0.04
0.0475
-0.00875
-0.064375
-0.0825
-0.080625
-0.0525
-0.023125
-0.031875
-0.075
-0.058125
-0.040625
0.00125
0.08
0.06125
0.0275
-0.011875
-0.07375
-0.040625
0.0175
0.07875
0.111875
0.071875
0.015
-0.050625
-0.0875
-0.093125
-0.075625
-0.025
0.0175
0.04625
0.04375
-0.020625
-0.070625
-0.076875
-0.070625
0.008125
0.080625
0.10875
0.13
0.07625
0.049375
0.016875
-0.01625
0.023125
0.0125
0.005625
0.04125
-0.01625
-0.06375
-0.09125
-0.180625
-0.174375
-0.14125
-0.11625
-0.058125
-0.016875
-0.015625
-0.014375
-0.019375
-0.0425
-0.001875
0.038125
0.075
0.08
0.034375
-0.018125
-0.06875
-0.085625
-0.104375
-0.115625
-0.12125
-0.155
-0.174375
-0.181875
-0.19375
-0.160625
-0.115
-0.065625
-0.01875
0.009375
0.05
0.0825
0.118125
0.14625
0.111875
0.043125
-0.0275
-0.090625
-0.108125
-0.099375
-0.100625
-0.106875
-0.129375
-0.150625
-0.153125
-0.148125
-0.126875
-0.101875
-0.08375
-0.048125
-0.021875
-0.0125
-0.004375
-0.01625
0.00375
0.04375
0.084375
0.1225
0.13
0.11125
0.099375
0.0875
0.045625
0.041875
0.054375
0.029375
0.04125
0.025625
-0.050625
-0.100625
-0.159375
-0.1725
-0.14125
-0.060625
-0.001875
0.016875
0.04875
0.053125
0.105
0.161875
0.18
0.156875
0.111875
0.026875
-0.04
-0.048125
-0.060625
-0.02125
0.019375
0.004375
-0.011875
-0.0425
-0.074375
-0.08625
-0.095
-0.10375
-0.111875
-0.075
-0.038125
-0.008125
-0.00875
-0.07
-0.13
-0.17625
-0.154375
-0.08625
-0.011875
0.0525
0.0925
0.071875
0.0575
0.0625
0.038125
0.05125
0.0125
-0.0575
-0.095
-0.12
-0.068125
0.02125
0.076875
0.1075
0.08125
0.00875
-0.048125
-0.080625
-0.0925
-0.085
-0.07375
-0.109375
-0.15
-0.155625
-0.138125
-0.0625
0.019375
0.06
0.040625
-0.001875
-0.02
-0.04625
-0.0375
-0.014375
-0.049375
-0.085
-0.108125
-0.16
-0.180625
-0.170625
-0.178125
-0.163125
-0.179375
-0.218125
-0.251875
-0.289375
-0.235625
-0.146875
-0.030625
0.06875
0.105
0.116875
0.06625
0.0425
-0.00125
-0.045
-0.045625
-0.04
-0.024375
-0.005
0.0125
-0.04875
-0.089375
-0.1475
-0.22625
-0.215625
-0.21375
-0.183125
-0.13
-0.108125
-0.085
-0.055625
-0.015625
0.01625
0.05375
0.0425
-0.001875
-0.000625
-0.011875
0.010625
0.0425
0.0075
-0.0225
-0.063125
-0.07875
-0.060625
-0.04
-0.009375
0.00875
0.0175
0.026875
0.033125
0.00375
-0.000625
-0.00875
-0.025625
0.01375
0.015625
0.038125
0.095
0.09625
0.113125
0.119375
0.07125
0.050625
0.035625
-0.008125
-0.00625
-0.011875
-0.023125
-0.028125
-0.09
-0.144375
-0.2
-0.214375
-0.166875
-0.105
-0.0325
-0.005625
-0.008125
-0.0275
-0.0575
-0.039375
0.015
0.066875
0.138125
0.18
0.16125
0.140625
0.11375
0.086875
0.096875
0.128125
0.12625
0.09375
0.0525
-0.0175
-0.0675
-0.08125
-0.0975
-0.086875
-0.076875
-0.0475
0.005625
0.0225
0.05
0.023125
-0.0425
-0.035625
-0.035625
0.020625
0.095
0.118125
0.126875
0.081875
0.06625
0.030625
0.01625
0.035
0.028125
0.04125
0.055
0.075625
0.09125
0.11125
0.120625
0.101875
0.05875
-0.02125
-0.109375
-0.1875
-0.235
-0.214375
-0.179375
-0.14
-0.101875
-0.094375
-0.085
-0.07375
-0.07125
-0.075625
-0.093125
-0.105625
-0.113125
-0.11
-0.09875
-0.09375
-0.08
-0.0725
-0.07625
-0.066875
-0.041875
-0.004375
0.0825
0.16625
0.1975
0.20375
0.1575
0.07625
0.030625
-0.0025
0.00125
0.0525
0.118125
0.181875
0.225625
0.224375
0.15625
0.115
0.041875
-0.02125
0.010625
0.0175
0.06
0.115
0.11875
0.0925
0.045625
-0.00125
-0.070625
-0.105
-0.1125
-0.12
-0.10125
-0.0925
-0.094375
-0.08625
-0.078125
-0.035
-0.000625
0.05125
0.116875
0.1275
0.145
0.11
0.0425
0.014375
0.01625
0.043125
0.09
0.095625
0.03375
-0.0325
-0.10375
-0.14
-0.12625
-0.10625
-0.05625
-0.0125
0.020625
0.051875
0.02625
-0.01125
-0.055
-0.131875
-0.1875
-0.223125
-0.226875
-0.161875
-0.05125
0.076875
0.1775
0.2675
0.29
0.285
0.28
0.225
0.23
0.211875
0.16875
0.150625
0.0775
0.0275
0.0025
-0.0225
-0.0225
-0.024375
-0.02875
-0.038125
-0.05
-0.064375
-0.074375
-0.074375
-0.074375
-0.074375
