149.25625
149.25625
149.25625
149.25625
145.875
137.99375
136.4625
125.01875
113.23125
109.825
107.93125
120.44375
136.80625
148.925
155.9875
153.78125
145.35625
137.46875
134.86875
138.54375
148.175
161.05625
166.03125
169.16875
173.53125
171.39375
176.93125
180.95625
176.7875
172.7
162.3625
148.81875
137.4875
129.325
122.41875
117.28125
110.86875
109.1125
107.58125
109.0125
116.675
121.7125
135.03125
142.05625
151.59375
155.475
150.7875
158.975
157.30625
156.45625
152.83125
133.08125
115.16875
101.49375
99.1625
110.24375
119.68125
132.4625
135.675
134.68125
144.30625
146.4
147.71875
146.10625
137.51875
129.85
131.85625
130.94375
132.13125
136.35
136.69375
148.04375
155.86875
164.09375
164.0625
158.06875
147.5375
135.08125
128.7875
118.60625
125.21875
134.25625
145.1
164.46875
170.9125
170.7125
165.0
151.0625
139.55625
135.725
143.6625
156.675
163.525
165.31875
159.05
144.31875
136.9375
133.1
125.90625
128.68125
128.825
125.01875
126.1625
122.54375
123.43125
128.975
130.60625
138.06875
142.46875
144.56875
149.7125
150.79375
153.80625
150.48125
146.5375
142.25625
132.7375
135.85625
137.7625
133.03125
134.575
126.99375
120.14375
123.44375
120.9875
122.53125
124.825
128.15625
138.825
149.89375
156.88125
154.9625
147.06875
139.34375
136.96875
137.14375
140.16875
139.6875
143.98125
154.81875
162.46875
173.65
174.33125
169.9375
162.90625
152.61875
147.24375
139.2375
137.0625
134.425
134.20625
138.975
149.475
161.90625
167.73125
174.25
169.75
164.25
163.7
156.35625
152.86875
151.4875
142.2125
139.675
137.1375
132.3875
142.0
145.83125
149.6625
152.5375
142.99375
139.7
136.0875
138.24375
149.1125
156.51875
162.63125
163.2
155.05625
149.0125
144.58125
144.775
150.96875
153.30625
157.575
160.81875
165.13125
173.63125
179.88125
177.95
171.54375
161.61875
152.33125
153.16875
157.53125
160.19375
162.5375
162.4625
156.54375
156.875
155.38125
150.775
147.9125
136.93125
127.775
126.125
126.8125
137.4875
149.65
151.9375
154.225
151.51875
149.0875
151.04375
157.99375
163.11875
160.0625
156.95625
147.03125
140.75625
147.31875
152.45
159.40625
163.25
158.93125
152.19375
147.28125
146.36875
148.94375
161.64375
172.18125
173.84375
167.6
153.175
140.85
134.43125
134.175
132.89375
123.6875
119.73125
115.775
115.90625
122.2
118.7625
118.775
119.3125
119.3125
119.3125
119.3125
