0.234375
0.234375
0.234375
0.234375
0.25
0.25
0.25
0.25
0.171875
0.0625
-0.1125
-0.365625
-0.49375
-0.590625
-0.56875
-0.421875
-0.290625
-0.128125
-0.00625
0.06875
0.08125
-0.015625
-0.121875
-0.19375
-0.18125
-0.053125
0.003125
0.015625
-0.046875
-0.171875
-0.215625
-0.296875
-0.434375
-0.4875
-0.496875
-0.4375
-0.28125
-0.178125
-0.134375
-0.121875
-0.075
-0.1125
-0.153125
-0.08125
-0.05625
0.125
0.3125
0.321875
0.240625
0.015625
-0.26875
-0.51875
-0.63125
-0.61875
-0.546875
-0.446875
-0.446875
-0.559375
-0.60625
-0.5875
-0.475
-0.328125
-0.3125
-0.34375
-0.390625
-0.31875
-0.146875
0.025
0.165625
0.171875
0.16875
0.1
-0.034375
-0.1625
-0.375
-0.475
-0.45625
-0.36875
-0.15625
-0.021875
-0.00625
-0.0625
-0.196875
-0.28125
-0.21875
-0.096875
0.04375
0.153125
0.171875
0.159375
0.16875
0.13125
0.078125
0.003125
-0.134375
-0.153125
-0.115625
-0.09375
-0.103125
-0.209375
-0.378125
-0.434375
-0.346875
-0.2
-0.03125
0.065625
0.053125
-0.015625
-0.034375
-0.053125
-0.075
-0.0375
-0.1125
-0.19375
-0.178125
-0.196875
-0.103125
-0.028125
-0.0125
0.009375
0.01875
0.053125
0.0875
0.1125
0.115625
0.15
0.178125
0.215625
0.30625
0.334375
0.2875
0.234375
0.08125
-0.040625
-0.078125
-0.171875
-0.25
-0.303125
-0.321875
-0.215625
-0.01875
0.159375
0.275
0.31875
0.203125
0.015625
-0.103125
-0.275
-0.328125
-0.25
-0.284375
-0.259375
-0.253125
-0.325
-0.271875
-0.20625
-0.159375
-0.025
0.084375
0.25625
0.3875
0.44375
0.365625
0.125
-0.05625
-0.371875
-0.56875
-0.690625
-0.83125
-0.85
-0.840625
-0.825
-0.784375
-0.625
-0.478125
-0.3125
-0.1
-0.015625
-0.053125
-0.03125
-0.146875
-0.18125
-0.140625
-0.25
-0.215625
-0.30625
-0.30625
-0.203125
-0.184375
-0.125
-0.209375
-0.34375
-0.49375
-0.646875
-0.66875
-0.59375
-0.484375
-0.2875
-0.221875
-0.234375
-0.18125
-0.259375
-0.2125
-0.125
-0.1875
-0.171875
-0.209375
-0.38125
-0.415625
-0.396875
-0.390625
-0.2125
-0.121875
-0.15
-0.225
-0.44375
-0.559375
-0.628125
-0.64375
-0.515625
-0.4625
-0.296875
-0.0125
0.140625
0.30625
0.290625
0.090625
-0.04375
-0.246875
-0.309375
-0.3
-0.309375
-0.28125
-0.390625
-0.50625
-0.478125
-0.346875
-0.0375
0.259375
0.29375
0.178125
-0.1375
-0.50625
-0.703125
-0.703125
-0.703125
-0.703125
