0.0639219625
0.0639219625
0.0639219625
0.0639219625
0.066566325
0.061963425
0.0620755
0.0679249
0.06936413125
0.0712713
0.06849154375
0.059677175
0.05150245625
0.0448880625
0.041468175
0.0408921625
0.04483395625
0.0523643375
0.05878273125
0.0638790375
0.06636970625
0.06301935625
0.0614731
0.06220274375
0.0616488375
0.06104098125
0.053532725
0.0460290125
0.04039893125
0.04163404375
0.050361
0.0592173375
0.07176565
0.07541879375
0.073832525
0.069805375
0.05627716875
0.0496914375
0.0488673125
0.04938498125
0.05714633125
0.057837575
0.05444474375
0.0535938125
0.0516600875
0.0558371125
0.0574345
0.0539707875
0.0475355625
0.03937594375
0.039202125
0.0438652375
0.04864580625
0.051934875
0.05075995625
0.04490599375
0.04253333125
0.047924025
0.0504198625
0.05991345625
0.0682335375
0.06580058125
0.06515555625
0.055326625
0.04707911875
0.04569680625
0.0459344375
0.05073088125
0.054072475
0.05562988125
0.05986500625
0.0643225875
0.06536311875
0.0629866
0.0546611625
0.0484213625
0.047971275
0.05278870625
0.06195644375
0.0691141125
0.073376925
0.07578926875
0.07524499375
0.07190345625
0.0656670625
0.0564092375
0.04688049375
0.0440804625
0.04612796875
0.052231775
0.0639127875
0.0664921875
0.065166225
0.061367025
0.05268414375
0.04912044375
0.04691551875
0.0434833375
0.039315225
0.0395251625
0.04554800625
0.05703811875
0.07020605
0.07412379375
0.070794275
0.060354875
0.05016251875
0.0439799375
0.0386595625
0.041067025
0.04322744375
0.0466185
0.0497448375
0.0511818125
0.05268506875
0.05594566875
0.0652621375
0.067107175
0.06881965
0.06562545
0.05577789375
0.0546381
0.053907625
0.058245175
0.0639668375
0.0633711625
0.06215569375
0.05609983125
0.04881306875
0.04891369375
0.049291075
0.0519861875
0.0611038125
0.0611151625
0.06343289375
0.065727925
0.0588504
0.0565089875
0.0520853625
0.0476730875
0.0479521875
0.0501290375
0.04923784375
0.04856910625
0.04919858125
0.04605525625
0.04606913125
0.0455718125
0.04168531875
0.039685225
0.03925820625
0.04107260625
0.047458275
0.05353061875
0.05576388125
0.05409178125
0.04987309375
0.04628105625
0.0449847375
0.047071875
0.0472726125
0.0517188375
0.06010408125
0.065627775
0.07534425
0.07824948125
0.0722475625
0.06767641875
0.05882185
0.04991333125
0.04591864375
0.0419902375
0.03998629375
0.04125895625
0.0465792375
0.0528034625
0.063362325
0.0716674125
0.07563614375
0.07649121875
0.0688347625
0.06246185625
0.05180689375
0.04380838125
0.04003934375
0.037948125
0.04174860625
0.04503606875
0.050144825
0.0510380625
0.04843525625
0.04864326875
0.04676575625
0.04882160625
0.05465025625
0.05485726875
0.05366456875
0.051823975
0.0483612125
0.0485919125
0.0486286875
0.05150628125
0.0544995625
0.05735796875
0.06403899375
0.06191243125
0.0587618
0.053904525
0.04668688125
0.04562518125
0.04333258125
0.04132731875
0.03978395625
0.03671356875
0.03550688125
0.0355656375
0.040116925
0.045794075
0.05175933125
0.05950334375
0.06066028125
0.06388755625
0.066783775
0.0695597625
0.076392275
0.0777238125
0.08171576875
0.0788302
0.0715081875
0.06597410625
0.0552820875
0.04896811875
0.042598375
0.03878551875
0.039778275
0.0416607375
0.04468506875
0.04695290625
0.0437548
0.0409491875
0.041112425
0.04058219375
0.04371808125
0.044731075
0.04864476875
0.0515882375
0.0556698625
0.06089180625
0.05915810625
0.06028103125
0.06300615
0.06466775
0.066273575
0.06404031875
0.05861274375
0.05740825625
0.05898105
0.06225948125
0.06099045
0.054201175
0.04703229375
0.04042378125
0.037178175
0.03634754375
0.035649475
0.03919689375
0.0496608875
0.064247475
0.0810741625
0.0916118
0.0941649875
0.08786360625
0.0769494625
0.06776555625
0.0578461
0.05514856875
0.05508675625
0.05675518125
0.0630634125
0.06260885
0.0614956125
0.0544226625
0.0475562375
0.04785568125
0.04984895625
0.05575371875
0.06153036875
0.065249
0.06812504375
0.0716370625
0.07168860625
0.06685646875
0.05989278125
0.05481231875
0.04797333125
0.04901793125
0.0537018
0.05462413125
0.0593820875
0.05721026875
0.05103178125
0.04544339375
0.04235201875
0.042941575
0.0477093875
0.05481191875
0.05869065625
0.06469366875
0.06693514375
0.06897818125
0.06957984375
0.06453570625
0.06291024375
0.0569279875
0.05266014375
0.0495854625
0.0439744875
0.04452081875
0.04778015
0.05886911875
0.0703718
0.07660153125
0.07928296875
0.07121136875
0.061204275
0.058062375
0.05425300625
0.0595612625
0.06926896875
0.07216543125
0.0763285
0.0711463125
0.0664368125
0.06003795
0.05860721875
0.0625199
0.05920135625
0.06147136875
0.0591162875
0.05609735625
0.05646403125
0.0551063125
0.050554275
0.04803729375
0.04814348125
0.04839358125
0.0507502625
0.05358695
0.0570033
0.06491218125
0.07396138125
0.07626604375
0.0735745125
0.06312985
0.05198994375
0.04632843125
0.0488524875
0.05776518125
0.06740623125
0.0790995625
0.08101508125
0.075454225
0.0703120625
0.0595674
0.05365830625
0.05058130625
0.04694561875
0.0435012
0.04138966875
0.04646011875
0.05158486875
0.0599630375
0.0673757125
0.06286214375
0.05812611875
0.0510700375
0.04083925625
0.0377565125
0.03720260625
0.04039620625
0.04709058125
0.05807155625
0.0643734875
0.067425325
0.0713652875
0.06572848125
0.06184901875
0.060219775
0.0541260625
0.05207996875
0.05230101875
0.04959390625
0.0495472125
0.0495422125
0.051473975
0.053505325
0.05520561875
0.05935268125
0.05535234375
0.05502288125
0.05502288125
0.05502288125
0.05502288125
