1.02875
1.02875
1.02875
1.02875
1.023125
1.04375
1.048125
1.0475
1.043125
1.029375
1.020625
1.009375
1.014375
1.023125
1.040625
1.061875
1.066875
1.053125
1.035
0.994375
0.9675
0.965625
0.96125
0.97625
0.988125
0.98625
0.9875
0.99875
1.008125
1.026875
1.033125
1.02375
0.99875
0.958125
0.935
0.9225
0.925625
0.936875
0.935625
0.928125
0.919375
0.914375
0.915625
0.91125
0.92
0.925
0.930625
0.94125
0.941875
0.953125
0.978125
1.005625
1.015625
1.006875
0.98125
0.954375
0.943125
0.94
0.941875
0.953125
0.963125
0.980625
0.995625
0.999375
1.00375
0.991875
0.97125
0.94
0.920625
0.9225
0.930625
0.965625
0.983125
0.97875
0.979375
0.951875
0.9425
0.943125
0.943125
0.95625
0.95
0.959375
0.973125
0.9875
1.008125
0.99875
0.975
0.95125
0.95125
0.95125
0.95125
