-0.08125
-0.08125
-0.08125
-0.08125
-0.08125
-0.15625
-0.0875
-0.15
-0.20625
-0.2
-0.275
-0.38125
-0.4125
-0.4
-0.4
-0.23125
-0.18125
-0.14375
-0.20625
-0.2875
-0.3625
-0.45
-0.34375
-0.41875
-0.4
-0.40625
-0.44375
-0.23125
0.0125
0.1375
0.1375
-0.04375
-0.44375
-0.6125
-0.65625
-0.75625
-0.5625
-0.49375
-0.525
-0.29375
-0.29375
-0.2125
-0.03125
-0.09375
1.38777878078e-17
0.00625
-0.1
-0.05625
-0.075
-0.03125
0.03125
-0.075
-0.2
-0.35625
-0.35
-0.13125
0.05
0.23125
0.29375
0.11875
0.025
-0.05625
-0.18125
-0.175
-0.26875
-0.3875
-0.45625
-0.375
-0.225
-0.19375
-0.1875
-0.40625
-0.5875
-0.49375
-0.44375
-0.325
-0.275
-0.44375
-0.43125
-0.4125
-0.475
-0.3875
-0.45625
-0.51875
-0.33125
-0.21875
-0.175
-0.1125
-0.23125
-0.40625
-0.45
-0.475
-0.5
-0.4125
-0.2375
-0.18125
-0.15625
-0.25625
-0.4625
-0.49375
-0.30625
-0.125
0.0375
0.0625
-0.13125
-0.11875
-0.09375
-0.0625
0.10625
0.0125
-0.06875
-0.0875
-0.19375
-0.1
-0.01875
0.04375
0.1
0.1625
0.15625
0.15
0.19375
0.09375
0.05625
-0.05625
-0.175
-0.15625
-0.13125
0.01875
0.09375
0.1
0.14375
0.05
0.06875
0.05
-0.04375
0.025
-0.0125
-0.01875
0.075
-0.0875
-0.21875
-0.375
-0.575
-0.50625
-0.35625
-0.175
-0.01875
0.04375
-0.03125
-0.09375
-0.21875
-0.38125
-0.40625
-0.45625
-0.3625
-0.20625
-0.1
0.0875
0.11875
0.1625
0.075
-0.075
-0.125
-0.21875
-0.125
-0.0875
-0.05625
-0.10625
-0.25
-0.3625
-0.45625
-0.3875
-0.2875
-0.15
-0.025
-0.0625
-0.05
-0.00625
1.38777878078e-17
0.0875
0.06875
0.00625
-0.025
-0.01875
-0.04375
-0.09375
-0.225
-0.35
-0.2375
-0.16875
0.025
0.125
0.04375
0.03125
-0.0375
-6.93889390391e-18
0.1
0.275
0.4625
0.4625
0.325
0.09375
-0.225
-0.26875
-0.1375
-0.0375
0.1625
0.075
-0.1
-0.30625
-0.54375
-0.5875
-0.59375
-0.525
-0.38125
-0.275
-0.25625
-0.1625
-0.15
-0.09375
0.0375
0.1375
0.2125
0.21875
0.10625
-0.09375
-0.21875
-0.3875
-0.3625
-0.39375
-0.45
-0.43125
-0.5
-0.36875
-0.30625
-0.20625
-0.05
-0.06875
0.0125
0.03125
-0.00625
0.15
0.2125
0.24375
0.13125
-0.16875
-0.44375
-0.7625
-0.86875
-0.84375
-0.71875
-0.39375
-0.05625
0.2375
0.41875
0.48125
0.3875
0.2125
0.0625
-0.075
-0.2125
-0.3125
-0.3625
-0.5125
-0.4875
-0.48125
-0.55625
-0.50625
-0.5125
-0.35625
-0.0875
0.18125
0.40625
0.5125
0.5
0.30625
0.04375
-0.29375
-0.6125
-0.63125
-0.55
-0.31875
-0.03125
0.0875
0.15
0.13125
0.06875
-0.05625
-0.16875
-0.34375
-0.43125
-0.44375
-0.5125
-0.55625
-0.675
-0.79375
-0.7125
-0.5875
-0.45625
-0.29375
-0.39375
-0.4375
-0.4875
-0.5625
-0.375
-0.21875
-0.05
0.09375
0.04375
-1.56125112838e-17
-0.04375
-0.05
-0.0375
-0.04375
-0.06875
-0.21875
-0.21875
-0.2375
-0.23125
-0.0375
-0.05625
-0.2125
-0.375
-0.6
-0.59375
-0.35
-0.1375
0.0375
0.08125
0.00625
-0.04375
-0.05
-0.0875
-0.0375
0.0125
-6.93889390391e-18
0.0875
0.1375
0.15625
0.3125
0.34375
0.28125
0.15
-0.11875
-0.325
-0.44375
-0.33125
-0.16875
0.03125
0.19375
0.1875
0.16875
0.0375
-0.1375
-0.2375
-0.3375
-0.275
-0.0875
0.08125
0.2125
0.1
-0.06875
-0.3125
-0.475
-0.375
-0.21875
-0.075
0.01875
-0.025
-0.21875
-0.2125
-0.2375
-0.1625
0.08125
0.11875
0.23125
0.2625
0.0875
0.0375
-0.09375
-0.24375
-0.19375
-0.225
-0.2875
-0.3125
-0.36875
-0.41875
-0.275
-0.175
-0.10625
-0.01875
-0.09375
-0.2
-0.40625
-0.54375
-0.6375
-0.59375
-0.44375
-0.3875
-0.2875
-0.21875
-0.15
0.00625
0.04375
-0.0375
-0.175
-0.45625
-0.64375
-0.64375
-0.675
-0.54375
-0.375
-0.36875
-0.15
1.04083408559e-17
0.03125
0.175
0.03125
-0.26875
-0.44375
-0.725
-0.70625
-0.5375
-0.49375
-0.45625
-0.6
-0.6
-0.61875
-0.5375
-0.43125
-0.475
-0.35625
-0.25625
-0.18125
-0.15
-0.20625
-0.3125
-0.4125
-0.41875
-0.41875
-0.35625
-0.2875
-0.325
-0.3625
-0.475
-0.54375
-0.54375
-0.4875
-0.375
-0.25625
-0.15
-0.20625
-0.23125
-0.4375
-0.6375
-0.6875
-0.79375
-0.75625
-0.63125
-0.59375
-0.6125
-0.5625
-0.675
-0.6375
-0.525
-0.475
-0.325
-0.30625
-0.30625
-0.3125
-0.34375
-0.325
-0.30625
-0.29375
-0.2875
-0.3625
-0.43125
-0.45625
-0.43125
-0.34375
-0.23125
-0.13125
-0.15
-0.1875
-0.275
-0.45
-0.54375
-0.54375
-0.45625
-0.30625
-0.16875
-0.11875
-0.1875
-0.21875
-0.23125
-0.25
-0.18125
-0.125
-0.05625
-2.25514051877e-17
0.025
-6.93889390391e-18
-0.075
-0.1625
-0.225
-0.29375
-0.3125
-0.2875
-0.39375
-0.46875
-0.60625
-0.825
-0.9625
-1.15
-1.36875
-1.44375
-1.35
-1.23125
-1.04375
-0.8625
-0.96875
-0.9125
-0.725
-0.73125
-0.51875
-0.55625
-0.85625
-0.91875
-1.10625
-1.20625
-1.175
-1.2625
-1.175
-0.99375
-0.6625
-0.4125
-0.4375
-0.46875
-0.8
-0.9625
-0.88125
-0.9125
-0.6625
-0.46875
-0.4625
-0.4625
-0.63125
-0.775
-0.71875
-0.5
-0.25
-0.04375
0.09375
0.125
0.21875
0.25625
0.24375
0.20625
-0.00625
-0.175
-0.4625
-0.675
-0.79375
-0.8625
-0.725
-0.6875
-0.53125
-0.3875
-0.2375
-0.0375
0.13125
0.24375
0.19375
0.18125
0.05625
-0.1375
-0.325
-0.5625
-0.725
-0.71875
-0.48125
-0.23125
-0.1375
-0.05
-0.1375
-0.25
-0.23125
-0.3375
-0.5625
-0.86875
-1.10625
-1.28125
-1.1875
-0.9125
-0.75
-0.65625
-0.69375
-0.8125
-0.8375
-0.6625
-0.59375
-0.5625
-0.58125
-0.775
-0.81875
-0.84375
-0.8125
-0.6875
-0.675
-0.56875
-0.5625
-0.675
-0.5875
-0.50625
-0.44375
-0.25
-0.25
-0.3375
-0.28125
-0.41875
-0.5375
-0.6625
-0.975
-1.05
-1.10625
-1.20625
-1.2
-1.40625
-1.5875
-1.54375
-1.5
-1.2
-0.9
-0.7625
-0.55625
-0.65
-0.74375
-0.85625
-1.00625
-0.9125
-0.7125
-0.5625
-0.4125
-0.34375
-0.38125
-0.25625
-0.29375
-0.34375
-0.39375
-0.525
-0.5
-0.5125
-0.4875
-0.4625
-0.41875
-0.3
-0.21875
-0.24375
-0.275
-0.45
-0.7
-0.7
-0.69375
-0.475
-0.14375
-0.025
-0.03125
-0.14375
-0.29375
-0.34375
-0.25
-0.19375
-0.1625
-0.26875
-0.4625
-0.6875
-0.96875
-1.14375
-1.375
-1.5125
-1.54375
-1.46875
-1.26875
-1.04375
-0.7625
-0.625
-0.53125
-0.49375
-0.575
-0.54375
-0.45
-0.3125
-0.10625
-0.025
-0.04375
-0.1
-0.18125
-0.2375
-0.275
-0.3125
-0.33125
-0.2875
-0.16875
-0.05
-0.0125
-0.05
-0.05
-0.05
-0.05
