-0.01875
-0.01875
-0.01875
-0.01875
-0.03125
-0.046875
-0.033125
0.079375
0.12
0.125625
0.149375
0.074375
0.055625
0.10375
0.11875
0.163125
0.098125
-0.005625
-0.133125
-0.240625
-0.203125
-0.15125
-0.043125
0.099375
0.17375
0.231875
0.26
0.25375
0.214375
0.15
0.00375
-0.176875
-0.348125
-0.52
-0.5825
-0.57625
-0.5575
-0.504375
-0.51125
-0.556875
-0.565625
-0.539375
-0.40625
-0.29875
-0.19125
-0.119375
-0.175625
-0.1225
-0.076875
0.004375
0.13125
0.14375
0.14
0.043125
-0.056875
-0.086875
-0.113125
-0.0725
-0.023125
-0.058125
-0.09875
-0.13375
-0.145625
-0.05875
0.019375
0.04875
0.091875
0.0575
0.008125
0.013125
-0.021875
-0.08
-0.15875
-0.208125
-0.2875
-0.220625
0.01875
0.15125
0.3075
0.299375
0.065
-0.046875
-0.16375
-0.1925
-0.101875
-0.07375
-0.0425
-0.023125
-0.041875
-0.07125
-0.089375
-0.0975
-0.04375
0.01625
0.101875
0.1325
0.050625
-0.054375
-0.13125
-0.120625
-0.02875
0.113125
0.121875
0.07875
0.040625
-0.015
0.076875
0.124375
0.185625
0.196875
0.2
0.22
0.21
0.238125
0.089375
-0.029375
-0.23
-0.376875
-0.398125
-0.3425
-0.130625
0.029375
0.180625
0.189375
0.055625
-0.075625
-0.15875
-0.1525
-0.02375
0.09625
0.168125
0.225625
0.22625
0.2025
0.17875
0.13625
0.07
0.07
0.036875
-0.021875
-0.033125
-0.145625
-0.26
-0.27125
-0.30625
-0.238125
-0.058125
0.05375
0.165625
0.284375
0.28375
0.22625
0.111875
-0.053125
-0.198125
-0.2975
-0.35125
-0.429375
-0.42875
-0.405625
-0.294375
-0.159375
-0.14875
-0.125625
-0.23625
-0.3375
-0.359375
-0.405625
-0.38
-0.38
-0.4025
-0.381875
-0.343125
-0.201875
0.01875
0.12
0.12
-0.021875
-0.3
-0.424375
-0.40375
-0.33
-0.12
-0.06375
-0.16125
-0.2025
-0.311875
-0.27625
-0.095625
0.073125
0.250625
0.291875
0.196875
0.061875
-0.15875
-0.31125
-0.3275
-0.3375
-0.270625
-0.16875
-0.16875
-0.16625
-0.12875
-0.16125
-0.125
-0.124375
-0.19375
-0.15125
-0.201875
-0.253125
-0.253125
-0.253125
-0.253125
