0.95
0.95
0.95
0.95
0.875
0.8
0.66875
0.525
0.5125
0.54375
0.675
0.8125
0.93125
1.0
0.99375
0.9875
0.875
0.83125
0.8375
0.91875
1.06875
1.08125
1.03125
0.86875
0.7625
0.7625
0.83125
0.9125
0.89375
0.8625
0.8
0.83125
0.9375
1.05625
1.1125
1.01875
0.94375
0.81875
0.81875
0.9
0.86875
0.8625
0.80625
0.75
0.83125
0.94375
0.96875
1.00625
0.90625
0.7875
0.81875
0.90625
1.1
1.2
1.2125
1.125
1.03125
1.025
0.96875
0.89375
0.73125
0.58125
0.5375
0.59375
0.74375
0.875
0.9625
0.95
0.9
0.89375
0.8875
0.94375
0.975
0.91875
0.8125
0.68125
0.5875
0.55
0.5625
0.6375
0.66875
0.71875
0.79375
0.775
0.79375
0.71875
0.63125
0.65625
0.73125
0.875
1.8875
2.7625
3.5125
4.3125
3.31875
2.4125
1.58125
0.6875
0.76875
0.81875
0.89375
0.95
0.94375
0.9625
0.9625
1.03125
1.1
1.1375
1.18125
1.10625
0.975
0.925
0.8125
1.6875
2.6125
3.48125
5.2875
5.34375
6.31875
7.225
6.325
6.25
4.425
2.675
1.8375
0.98125
0.94375
0.86875
0.8
0.79375
0.75
0.7375
0.75625
0.74375
0.8625
1.05
1.1625
1.2125
1.11875
0.95
0.8875
0.8875
0.95
0.98125
0.94375
0.9
0.86875
0.85625
0.84375
0.8625
0.925
1.0375
1.06875
1.0875
1.075
1.03125
1.075
1.10625
1.10625
1.04375
0.98125
0.90625
1.69375
2.525
3.34375
4.15
3.26875
2.4375
1.63125
0.85625
0.8375
0.7375
0.61875
0.4875
0.5
0.5625
0.65
0.8125
0.91875
1.00625
1.03125
0.9875
0.875
0.84375
0.90625
0.95
1.05625
1.03125
0.88125
0.7
0.55
0.46875
0.48125
0.56875
0.6
0.65
0.65625
0.675
0.73125
0.775
0.86875
0.9125
0.91875
0.86875
0.75625
0.6875
0.68125
0.71875
0.81875
0.8125
0.8
0.7875
0.75625
0.8
0.80625
0.8125
0.76875
0.75625
0.75625
0.7875
0.84375
0.8375
0.7625
0.68125
0.65
0.69375
0.8625
0.98125
1.075
1.0875
1.04375
0.9875
0.95
0.94375
0.86875
0.9
0.9
0.95
1.13125
1.1875
1.23125
1.20625
1.1
1.0875
1.025
0.9625
0.88125
0.7875
0.75
1.65625
2.6375
3.54375
4.50625
3.65625
2.68125
1.79375
0.875
0.8875
0.99375
1.0125
0.99375
0.95
0.89375
0.95625
1.0125
1.03125
1.1125
1.04375
1.025
1.00625
0.85625
0.85
0.83125
0.8125
0.8625
0.86875
0.8
0.7625
0.725
0.5875
0.5125
0.45
0.41875
1.3875
2.39375
3.3625
4.3
3.4375
2.5125
1.68125
0.8625
0.89375
0.94375
0.85
0.7625
0.7
1.55625
2.51875
3.44375
4.4375
3.6625
2.80625
1.91875
0.91875
0.75
0.66875
0.7
0.76875
0.90625
1.86875
2.70625
3.63125
4.5
3.5875
2.7625
1.85625
0.95625
1.03125
1.09375
2.0125
2.9
3.66875
4.45
3.525
2.6125
1.75625
0.8875
0.88125
0.925
1.025
1.0875
1.1125
1.1125
1.1125
1.1125
