1.80625
1.80625
1.80625
1.80625
1.49375
1.35625
1.09375
0.0375
-0.5125
-1.225
-2.025
-2.03125
-1.60625
-0.5625
0.575
1.49375
1.475
0.5125
-0.1375
-1.3625
-1.90625
-1.83125
-2.14375
-1.80625
-1.825
-1.6625
-0.825
-0.20625
0.925
1.28125
0.675
0.0875
-0.89375
-1.41875
-0.9625
-0.6625
-0.20625
0.1875
-0.41875
-0.38125
-0.41875
0.04375
1.18125
1.525
1.2625
0.1875
-1.04375
-2.13125
-2.61875
-2.3375
-2.10625
-1.76875
-1.10625
-1.1125
-1.25
-0.8875
-1.0875
-0.63125
-0.075
-0.1375
0.03125
-0.50625
-0.41875
-0.36875
-0.38125
0.2125
-0.31875
-0.10625
0.11875
-0.39375
-0.28125
-0.69375
-0.70625
-0.2625
0.45625
1.15625
0.95
0.74375
-0.1375
-1.0
-0.83125
-0.33125
0.48125
1.00625
0.48125
-0.5125
-1.51875
-2.2375
-2.15625
-1.675
-1.09375
-0.70625
-0.76875
-1.575
-2.44375
-3.11875
-3.625
-3.43125
-3.3
-2.975
-2.2625
-1.76875
-0.95625
-0.2
0.05
0.04375
-0.21875
-0.46875
-0.375
0.23125
0.8375
0.75
0.2625
-0.7375
-1.7375
-1.9375
-1.63125
-0.8875
-0.14375
0.325
0.18125
-0.325
-0.83125
-1.49375
-1.925
-2.1125
-2.51875
-2.775
-2.95625
-3.00625
-2.875
-2.69375
-2.3
-2.1
-1.825
-1.575
-1.575
-1.575
-1.575
