0.108125
0.108125
0.108125
0.108125
0.09375
0.1
0.09875
0.10375
0.10375
0.078125
0.06875
0.066875
0.06875
0.080625
0.07
0.051875
0.0425
0.036875
0.0425
0.053125
0.04875
0.050625
0.055
0.0525
0.060625
0.060625
0.055625
0.064375
0.08125
0.099375
0.121875
0.126875
0.12125
0.113125
0.10125
0.0975
0.083125
0.06
0.040625
0.030625
0.034375
0.048125
0.069375
0.07
0.074375
0.08375
0.0825
0.105
0.1125
0.121875
0.1225
0.098125
0.095
0.085625
0.08625
0.10125
0.10125
0.098125
0.1
0.108125
0.11125
0.10875
0.09625
0.068125
0.0475
0.033125
0.02375
0.029375
0.04125
0.056875
0.08375
0.095
0.10375
0.11875
0.12125
0.13
0.1225
0.106875
0.09375
0.0825
0.095625
0.11
0.123125
0.14625
0.148125
0.139375
0.130625
0.101875
0.086875
0.079375
0.070625
0.074375
0.06875
0.076875
0.08625
0.101875
0.130625
0.135625
0.1425
0.13125
0.104375
0.098125
0.088125
0.0875
0.091875
0.07875
0.0675
0.055
0.05
0.054375
0.06
0.075
0.08
0.09375
0.10625
0.111875
0.135
0.13875
0.13625
0.134375
0.10875
0.094375
0.09375
0.079375
0.08625
0.100625
0.106875
0.125
0.1225
0.10125
0.07
0.050625
0.04125
0.053125
0.074375
0.071875
0.070625
0.058125
0.058125
0.071875
0.09625
0.111875
0.11
0.113125
0.105
0.114375
0.125
0.13
0.125625
0.10625
0.0925
0.0675
0.050625
0.046875
0.044375
0.060625
0.081875
0.094375
0.1025
0.098125
0.0875
0.070625
0.0675
0.074375
0.0925
0.116875
0.12125
0.119375
0.0975
0.08875
0.08625
0.0725
0.07
0.046875
0.03875
0.041875
0.045
0.066875
0.064375
0.073125
0.093125
0.105
0.139375
0.16375
0.176875
0.17875
0.16125
0.131875
0.093125
0.06375
0.043125
0.043125
0.043125
0.043125
