0.819375
0.819375
0.819375
0.819375
0.815
0.9525
1.068125
1.161875
1.1175
0.935625
0.830625
0.780625
0.858125
1.010625
1.084375
1.091875
1.000625
0.939375
0.925625
0.9275
1.028125
1.045625
0.97875
0.978125
0.956875
0.97375
1.07875
1.150625
1.155625
1.160625
1.1475
1.05375
0.97625
0.89875
0.78625
0.77875
0.815
0.85125
0.929375
1.005625
1.098125
1.190625
1.266875
1.266875
1.190625
1.098125
1.015
0.9425
0.88625
0.823125
0.74125
0.698125
0.736875
0.81625
0.91625
1.02125
1.028125
1.0725
1.094375
1.109375
1.17375
1.183125
1.236875
1.25
1.27375
1.2425
1.1175
1.08375
1.01125
1.015625
1.14625
1.13875
1.143125
1.085625
0.935625
0.87625
0.770625
0.754375
0.731875
0.724375
0.76875
0.7875
0.894375
0.958125
1.044375
1.106875
1.0925
1.07
1.051875
1.03375
1.059375
1.148125
1.15875
1.13625
1.03125
0.911875
0.8425
0.784375
0.774375
0.675
0.60625
0.590625
0.63875
0.774375
0.90125
0.99875
1.025625
1.055
1.085
1.113125
1.215625
1.255625
1.200625
1.106875
0.88375
0.734375
0.73125
0.7875
0.92375
1.01375
0.9975
0.95125
0.89375
0.88375
0.94
1.06
1.25125
1.33875
1.406875
1.355
1.1775
1.065625
0.9025
0.84375
0.891875
1.000625
1.146875
1.22125
1.24875
1.215625
1.15125
1.114375
1.030625
0.925
0.85625
0.84625
0.914375
0.993125
1.129375
1.159375
1.109375
1.10375
0.960625
0.909375
0.94625
0.92625
1.00125
1.035625
1.06375
1.099375
1.099375
1.10125
1.009375
0.924375
0.914375
0.904375
0.943125
0.968125
0.90625
0.795
0.760625
0.781875
0.83
1.014375
1.1175
1.186875
1.205625
1.08375
1.015625
0.9175
0.881875
0.95375
0.974375
1.0575
1.1675
1.193125
1.20875
1.17375
1.073125
1.03375
1.03375
1.0725
1.191875
1.19375
1.115
1.058125
0.935
0.916875
1.00375
1.049375
1.093125
1.151875
1.16375
1.115
1.06125
0.946875
0.879375
0.878125
0.91375
1.02625
1.090625
1.1825
1.23125
1.17
1.0525
0.92875
0.885
0.89
0.99875
1.05375
0.97625
0.95
0.868125
0.761875
0.811875
0.831875
0.9225
1.13
1.199375
1.296875
1.28
1.205
1.20375
1.129375
1.153125
1.128125
1.0575
0.97125
0.846875
0.788125
0.810625
0.9575
1.08125
1.2025
1.225625
1.141875
1.060625
0.891875
0.78375
0.72625
0.7425
0.89875
1.054375
1.155
1.21
1.181875
1.136875
1.145
1.159375
1.116875
1.113125
1.061875
0.983125
0.975625
0.901875
0.899375
0.8775
0.85625
0.928125
0.995
1.055625
1.15875
1.173125
1.104375
1.12375
1.0725
1.0325
1.030625
0.930625
0.8575
0.819375
0.853125
0.936875
0.96
0.91625
0.77875
0.713125
0.7025
0.741875
0.8075
0.77875
0.780625
0.830625
0.94125
1.055625
1.143125
1.219375
1.195
1.1875
1.161875
1.085
1.015625
0.915625
0.851875
0.746875
0.69875
0.755625
0.808125
0.8975
0.99125
0.939375
0.8875
0.89375
0.91125
1.051875
1.15375
1.19375
1.17875
1.061875
0.91625
0.7925
0.66375
0.586875
0.591875
0.656875
0.7975
0.955
1.08875
1.085
1.025
1.01625
1.01
1.15375
1.26375
1.21875
1.114375
0.915625
0.7575
0.685625
0.69625
0.710625
0.78
0.935625
1.07625
1.25125
1.333125
1.333125
1.333125
1.333125
