0.373125
0.373125
0.373125
0.373125
0.330625
0.308125
0.304375
0.275625
0.290625
0.296875
0.270625
0.2775
0.285
0.284375
0.306875
0.298125
0.27
0.249375
0.23875
0.25875
0.27375
0.27625
0.26875
0.246875
0.22
0.20625
0.193125
0.18125
0.193125
0.215625
0.2375
0.265
0.2725
0.25875
0.261875
0.259375
0.28
0.32
0.324375
0.32875
0.324375
0.313125
0.325625
0.32375
0.283125
0.2575
0.22375
0.21875
0.274375
0.31625
0.3725
0.41125
0.40875
0.383125
0.351875
0.326875
0.329375
0.364375
0.39375
0.39625
0.380625
0.3525
0.296875
0.26125
0.22
0.18875
0.208125
0.23125
0.27875
0.310625
0.32375
0.340625
0.33875
0.336875
0.304375
0.2875
0.27375
0.27125
0.2975
0.303125
0.289375
0.2425
0.2125
0.1725
0.179375
0.24125
0.260625
0.305
0.31875
0.288125
0.30375
0.28125
0.24875
0.259375
0.234375
0.266875
0.3325
0.335
0.35
0.29875
0.20125
0.144375
0.078125
0.0725
0.103125
0.14
0.209375
0.25125
0.275625
0.285
0.250625
0.221875
0.211875
0.201875
0.230625
0.25375
0.284375
0.340625
0.3675
0.394375
0.389375
0.35
0.33875
0.294375
0.261875
0.2325
0.169375
0.155625
0.13375
0.133125
0.161875
0.18
0.219375
0.260625
0.279375
0.28125
0.28375
0.259375
0.240625
0.233125
0.19625
0.16875
0.164375
0.165625
0.20875
0.28625
0.345
0.390625
0.406875
0.3975
0.364375
0.33875
0.3075
0.235625
0.190625
0.1675
0.166875
0.22625
0.30875
0.36625
0.390625
0.381875
0.336875
0.2775
0.270625
0.288125
0.314375
0.38125
0.395625
0.369375
0.355625
0.3225
0.31625
0.348125
0.335625
0.2825
0.2175
0.140625
0.124375
0.155625
0.214375
0.27375
0.28875
0.315625
0.3275
0.338125
0.35625
0.331875
0.281875
0.2425
0.233125
0.25375
0.305625
0.335
0.355
0.36625
0.350625
0.37
0.375625
0.36875
0.3825
0.349375
0.296875
0.27
0.238125
0.24375
0.293125
0.328125
0.353125
0.356875
0.309375
0.2575
0.215625
0.171875
0.178125
0.181875
0.209375
0.27625
0.32375
0.38375
0.40625
0.399375
0.39
0.380625
0.381875
0.363125
0.3375
0.289375
0.2425
0.213125
0.181875
0.17
0.164375
0.16125
0.20125
0.23625
0.290625
0.35875
0.37
0.400625
0.398125
0.368125
0.379375
0.37375
0.36625
0.3725
0.330625
0.271875
0.221875
0.18875
0.21375
0.278125
0.35875
0.416875
0.426875
0.391875
0.3375
0.28
0.258125
0.275625
0.29
0.30375
0.29125
0.2675
0.243125
0.2475
0.265625
0.2725
0.28875
0.29
0.303125
0.321875
0.350625
0.384375
0.40375
0.40625
0.385
0.3175
0.22625
0.16875
0.135625
0.15
0.20625
0.245625
0.274375
0.295
0.303125
0.290625
0.300625
0.308125
0.315625
0.36
0.371875
0.3925
0.41125
0.418125
0.439375
0.44
0.413125
0.39125
0.365
0.35375
0.356875
0.31375
0.244375
0.180625
0.153125
0.173125
0.231875
0.270625
0.27375
0.26625
0.2325
0.199375
0.156875
0.13125
0.146875
0.176875
0.23
0.249375
0.2175
0.18875
0.156875
0.144375
0.175
0.188125
0.201875
0.210625
0.19875
0.225
0.24875
0.28875
0.33125
0.3225
0.310625
0.27125
0.229375
0.235
0.246875
0.275
0.304375
0.293125
0.27625
0.245
0.2025
0.16625
0.125625
0.1025
0.090625
0.11125
0.11125
0.11125
0.11125
