0.15
0.15
0.15
0.15
0.109375
0.076875
-0.015
0.038125
0.0825
0.093125
0.2275
0.2875
0.295
0.38125
0.401875
0.41
0.388125
0.253125
0.109375
-0.024375
-0.033125
0.040625
0.134375
0.19375
0.1825
0.210625
0.1925
0.199375
0.20125
0.08125
0.046875
0.030625
-0.03625
0.005
-0.065
-0.143125
-0.154375
-0.12875
-0.076875
-0.04875
-0.014375
-0.105625
-0.09125
-0.05375
-0.06625
-0.089375
-0.20375
-0.27875
-0.3075
-0.296875
-0.2825
-0.289375
-0.29875
-0.268125
-0.176875
-0.12875
-0.089375
-0.07
-0.154375
-0.258125
-0.330625
-0.35375
-0.32625
-0.234375
-0.145625
-0.175625
-0.208125
-0.23625
-0.34625
-0.3075
-0.18625
-0.13375
0.015
0.073125
0.02375
0.086875
0.11625
0.08875
0.106875
0.023125
-0.111875
-0.109375
-0.0325
0.06375
0.18
0.1925
0.0625
-0.001875
-0.02125
-0.04125
0.05625
0.075625
0.068125
0.171875
0.165
0.216875
0.314375
0.33625
0.410625
0.406875
0.290625
0.16625
0.04375
0.005625
0.05
0.066875
0.08125
0.065625
0.09875
0.158125
0.1825
0.201875
0.11
0.069375
0.08875
0.025625
0.005
-0.12625
-0.32625
-0.31875
-0.29375
-0.200625
-0.038125
-0.096875
-0.11625
-0.0675
-0.06125
0.07125
0.1075
0.0275
-0.044375
-0.149375
-0.181875
-0.115
-0.045
-0.031875
-0.0575
-0.170625
-0.246875
-0.233125
-0.16375
0.035
0.18625
0.285625
0.340625
0.25375
0.148125
0.065625
-0.055
-0.18625
-0.2475
-0.266875
-0.200625
-0.018125
0.17375
0.3125
0.370625
0.36625
0.3175
0.20625
0.173125
0.15125
0.06125
0.16875
0.20875
0.191875
0.30125
0.189375
0.12125
0.11375
0.058125
0.095625
0.0575
-0.01375
-0.163125
-0.33625
-0.4525
-0.428125
-0.2675
-0.02625
0.280625
0.3425
0.351875
0.3125
0.203125
0.26625
0.23875
0.15375
0.01375
-0.203125
-0.365
-0.504375
-0.56
-0.569375
-0.5475
-0.454375
-0.340625
-0.19
-0.026875
0.0675
0.038125
-0.03875
-0.14
-0.201875
-0.184375
-0.17
-0.11
-0.08
0.018125
0.165
0.2225
0.305
0.276875
0.14875
0.065
0.010625
0.044375
0.0525
0.036875
-0.0875
-0.29375
-0.41125
-0.436875
-0.358125
-0.278125
-0.145625
-0.0925
-0.089375
0.016875
0.0125
-0.0375
-0.024375
-0.068125
-0.0275
0.09375
0.15
0.126875
0.0925
0.094375
0.094375
0.094375
0.094375
