1.034375
1.034375
1.034375
1.034375
1.056875
1.085625
1.0825
1.120625
1.089375
1.079375
1.108125
1.054375
1.0025
0.96625
0.9125
0.90125
0.940625
0.9625
0.9775
0.98125
0.9575
0.91625
0.880625
0.844375
0.823125
0.838125
0.854375
0.88125
0.88125
0.854375
0.82875
0.803125
0.805
0.81375
0.810625
0.81875
0.82
0.8225
0.844375
0.863125
0.87875
0.885
0.884375
0.916875
0.96
1.03375
1.093125
1.061875
1.02125
0.9375
0.87875
0.86
0.820625
0.80375
0.7825
0.779375
0.796875
0.81375
0.80375
0.7975
0.814375
0.89
1.003125
1.0825
1.13875
1.095
1.0325
1.00875
0.98125
0.9775
0.97625
0.9575
0.9425
0.945
0.92375
0.90625
0.8925
0.9
0.9475
0.99125
1.01
0.996875
0.955625
0.911875
0.948125
0.995
1.063125
1.135
1.0875
1.0275
0.945
0.8625
0.86375
0.888125
0.921875
0.94375
0.92125
0.898125
0.8775
0.875625
0.894375
0.92375
0.96
0.989375
1.04125
1.054375
1.05125
1.048125
1.019375
1.0075
1.010625
0.988125
0.973125
0.960625
0.96125
1.010625
1.0525
1.09875
1.10875
1.094375
1.093125
1.080625
1.081875
1.080625
1.061875
1.0475
1.06
1.095625
1.12
1.134375
1.080625
0.984375
0.966875
0.95
0.976875
1.008125
0.94125
0.924375
0.916875
0.95375
1.028125
1.044375
1.053125
1.0475
1.043125
1.03875
1.03125
0.990625
0.9525
0.9425
0.945625
0.96125
0.974375
0.96875
0.94875
0.953125
0.995
1.0675
1.14125
1.1825
1.1275
1.040625
0.95625
0.920625
0.965
1.009375
1.0525
1.019375
0.94375
0.87875
0.804375
0.783125
0.7825
0.78
0.775625
0.771875
0.7675
0.77625
0.819375
0.844375
0.89375
0.94375
0.975625
1.02625
1.05375
1.106875
1.1475
1.1775
1.205
1.155
1.1025
1.1025
1.1025
1.1025
