-5.35625
-5.35625
-5.35625
-5.35625
-5.45875
-5.771875
-6.025
-5.67125
-4.353125
-3.588125
-3.04625
-3.385
-4.7175
-5.365
-5.57
-5.615625
-4.741875
-4.06875
-3.181875
-3.035
-4.22625
-4.770625
-5.6325
-5.169375
-4.0775
-3.6125
-3.505625
-4.431875
-4.429375
-4.570625
-4.651875
-3.921875
-3.825625
-2.74375
-1.2025
-0.47375
-0.653125
-1.816875
-3.305
-4.65875
-5.256875
-5.3925
-5.5325
-4.57625
-3.66375
-3.575625
-3.38625
-4.94125
-6.171875
-6.3275
-6.4175
-5.586875
-4.9
-4.695625
-4.955625
-4.439375
-4.051875
-3.62375
-2.425
-2.04875
-2.1725
-2.255625
-3.0025
-4.284375
-4.69375
-4.87875
-5.00375
-4.326875
-3.616875
-3.436875
-3.035
-2.493125
-3.135
-3.5525
-3.745625
-4.253125
-3.504375
-3.213125
-3.5625
-3.930625
-4.755
-4.35125
-4.001875
-4.326875
-4.395625
-5.448125
-5.640625
-4.845
-4.29375
-3.466875
-2.5775
-1.98875
-1.44
-0.913125
-1.43
-1.846875
-2.5225
-3.1575
-2.69
-2.885625
-2.675625
-2.675625
-3.990625
-4.941875
-6.61625
-7.951875
-7.904375
-6.92
-5.021875
-3.83375
-3.543125
-4.30875
-5.0575
-4.765625
-3.773125
-2.84375
-2.235
-2.255
-2.771875
-2.60625
-2.495625
-2.625625
-2.7975
-3.07875
-4.10875
-4.15625
-4.448125
-4.971875
-4.5625
-5.2825
-5.583125
-6.456875
-6.868125
-6.489375
-6.599375
-5.516875
-5.68125
-6.393125
-6.3025
-6.8775
-6.435
-5.445
-4.659375
-3.878125
-3.105
-2.819375
-2.764375
-2.534375
-3.60875
-3.85
-4.006875
-4.315625
-3.201875
-3.055625
-3.280625
-3.75625
-4.45375
-4.4275
-4.2025
-3.518125
-3.51875
-4.16
-4.5
-5.54375
-5.82
-6.273125
-6.92875
-6.68
-6.791875
-6.461875
-5.4975
-4.955625
-4.3675
-3.719375
-3.405
-3.12
-2.9275
-2.951875
-4.05625
-5.020625
-5.85875
-6.00125
-4.48125
-2.990625
-2.293125
-2.51625
-4.35
-6.66625
-7.89
-8.0425
-7.4675
-6.450625
-5.479375
-5.545625
-5.656875
-5.185625
-5.128125
-4.85
-3.93625
-4.1275
-4.970625
-5.6875
-7.333125
-7.836875
-7.17875
-6.35
-5.28
-5.066875
-5.563125
-6.61875
-7.525625
-8.235625
-8.085
-7.695
-6.934375
-5.90125
-5.68125
-4.695625
-3.72125
-3.210625
-2.4275
-2.374375
-3.04125
-3.498125
-3.724375
-3.795
-3.7775
-3.410625
-3.754375
-3.90125
-3.09625
-3.265625
-3.269375
-3.483125
-4.231875
-4.12125
-3.736875
-3.37375
-3.536875
-3.743125
-3.8975
-4.719375
-5.01875
-5.528125
-5.434375
-4.67125
-4.251875
-4.14125
-4.99125
-5.635625
-5.776875
-4.87125
-3.381875
-1.7975
-0.485625
-0.24125
-0.623125
-1.495
-2.77
-4.15125
-5.114375
-5.664375
-5.76875
-4.920625
-4.27
-3.805
-3.369375
-3.273125
-3.263125
-3.536875
-3.66
-3.756875
-3.258125
-2.38125
-2.32875
-3.066875
-4.186875
-5.4475
-6.023125
-6.12
-6.59875
-7.608125
-8.014375
-7.468125
-5.920625
-3.621875
-2.625
-3.235625
-4.87125
-6.366875
-6.83375
-5.650625
-3.89375
-3.2275
-2.678125
-3.2825
-4.165625
-4.320625
-5.4475
-6.3075
-7.114375
-7.760625
-6.986875
-5.940625
-5.05875
-3.994375
-3.77375
-3.97625
-3.566875
-3.458125
-3.4
-3.32
-3.35875
-3.438125
-2.90625
-1.798125
-1.401875
-1.544375
-2.616875
-4.444375
-5.52125
-5.44625
-4.37875
-2.66125
-1.32
-1.205
-2.1325
-3.553125
-4.6
-4.495
-4.061875
-3.2
-2.645625
-2.799375
-2.266875
-2.135
-2.925625
-3.759375
-5.51375
-6.988125
-7.38125
-6.98875
-5.820625
-4.723125
-3.1375
-2.045
-1.59125
-1.18375
-1.79875
-2.8275
-3.324375
-3.79375
-3.776875
-3.75375
-3.53625
-4.053125
-4.84875
-4.989375
-5.536875
-4.698125
-3.905
-3.4175
-3.5575
-5.05625
-6.498125
-7.846875
-7.986875
-6.814375
-4.70875
-2.855
-2.3125
-2.984375
-4.710625
-6.348125
-6.6425
-6.504375
-6.0475
-5.05
-5.280625
-5.364375
-5.55125
-6.675
-7.18375
-6.95875
-6.34375
-5.221875
-3.321875
-2.726875
-2.453125
-2.41
-3.19125
-2.943125
-3.013125
-2.915
-3.5025
-4.383125
-4.72
-4.62375
-3.295625
-2.40875
-1.870625
-1.89
-2.409375
-2.535625
-2.311875
-2.215
-1.80625
-1.349375
-1.241875
-0.698125
-0.778125
-1.184375
-2.1075
-3.458125
-4.496875
-5.30625
-4.96625
-4.6575
-4.23375
-3.635
-3.6675
-2.91
-2.2675
-1.940625
-1.520625
-1.731875
-2.0175
-2.576875
-3.590625
-4.44875
-5.04125
-5.355625
-5.19375
-5.0725
-5.72375
-6.305
-6.88625
-8.00625
-8.324375
-8.340625
-8.2
-6.6
-5.219375
-4.71375
-3.745625
-3.88875
-4.246875
-4.04
-4.49875
-4.958125
-5.20375
-4.910625
-4.803125
-4.239375
-3.29375
-2.754375
-2.48125
-2.500625
-2.901875
-3.803125
-4.208125
-5.213125
-6.026875
-6.116875
-5.52375
-4.355
-4.010625
-4.251875
-5.855625
-7.4075
-7.995
-8.07375
-7.320625
-6.295
-5.2525
-4.678125
-4.24625
-3.68
-3.461875
-3.290625
-2.67125
-2.38875
-2.40625
-2.3925
-2.909375
-3.844375
-4.151875
-3.975625
-4.115
-4.255625
-4.98875
-5.6175
-5.85625
-5.164375
-4.74625
-5.509375
-5.6175
-6.498125
-6.06375
-4.018125
-3.2825
-2.39625
-2.39625
-2.39625
-2.39625
