0.81
0.81
0.81
0.81
0.776875
0.768125
0.8075
0.866875
0.941875
1.036875
1.0675
1.076875
1.06125
1.050625
1.065
1.07125
1.0575
1.023125
0.98
0.958125
0.951875
0.950625
0.9725
0.960625
0.959375
0.93625
0.90875
0.925
0.9275
0.97125
0.9975
0.989375
0.974375
0.931875
0.9325
0.9475
0.964375
0.9875
0.955
0.9275
0.95
1.003125
1.115625
1.213125
1.243125
1.20375
1.089375
0.99125
0.955
0.959375
0.989375
1.015
0.98125
0.971875
0.97375
0.969375
0.9825
0.95
0.928125
0.91625
0.9125
0.956875
0.99125
0.98875
0.9875
0.943125
0.8975
0.943125
0.975
1.023125
1.054375
0.991875
0.94375
0.94375
1.02125
1.12375
1.235
1.2375
1.12
1.01625
0.901875
0.889375
0.965625
1.0075
1.07625
1.075
1.040625
1.055625
1.02375
1.02875
1.016875
0.96
0.923125
0.885625
0.88125
0.960625
1.033125
1.0825
1.13125
1.0575
1.0
0.986875
0.959375
1.055625
1.149375
1.171875
1.19
1.098125
1.01
0.994375
0.986875
1.016875
1.025
0.985
0.93375
0.9025
0.899375
0.931875
0.995
1.03875
1.0425
1.011875
0.955
0.935625
0.940625
1.011875
1.138125
1.22875
1.30625
1.295625
1.186875
1.0675
0.971875
0.91625
0.921875
1.005
1.0925
1.166875
1.21
1.144375
1.024375
0.906875
0.828125
0.816875
0.85375
0.92125
0.96875
1.03125
1.085
1.11625
1.141875
1.095
1.046875
0.98
0.91875
0.8975
0.875
0.93125
1.005625
1.071875
1.15
1.136875
1.09
1.040625
0.978125
0.940625
0.91
0.89
0.87625
0.85125
0.8475
0.853125
0.86
0.9125
0.943125
0.9725
1.029375
1.09125
1.20125
1.285625
1.3
1.250625
1.14375
1.113125
1.125
1.1525
1.181875
1.090625
1.026875
0.98625
0.96375
1.0275
1.00875
0.983125
1.016875
1.06375
1.170625
1.270625
1.291875
1.216875
1.11125
1.060625
1.01125
1.03125
1.1
1.07125
1.06625
1.049375
0.995625
1.00875
1.0
1.01
1.009375
0.985625
0.98875
0.958125
0.97
0.96625
0.989375
1.038125
1.0425
1.085625
1.05125
1.00875
0.996875
0.97125
0.985625
0.995
0.994375
0.965625
0.976875
0.983125
0.980625
1.01625
1.011875
1.018125
1.055625
1.0775
1.0675
1.06625
1.048125
1.049375
1.095
1.118125
1.119375
1.085625
1.05875
1.06125
1.080625
1.119375
1.106875
1.07
1.04125
1.0
0.9825
0.9625
0.925625
0.920625
0.903125
0.88375
0.923125
0.919375
0.9475
1.025
1.0125
1.08125
1.13875
1.13
1.153125
1.066875
0.99
0.949375
0.904375
0.900625
0.90625
0.945
0.9975
1.085
1.1425
1.096875
1.06125
0.990625
0.92625
0.92625
0.92625
0.92625
