0.3125
0.3125
0.3125
0.3125
0.32125
0.349375
0.3675
0.358125
0.328125
0.300625
0.296875
0.2725
0.275625
0.284375
0.253125
0.236875
0.208125
0.168125
0.145
0.12625
0.118125
0.1225
0.1625
0.240625
0.31125
0.348125
0.35875
0.30875
0.26375
0.26375
0.273125
0.32625
0.376875
0.4025
0.409375
0.376875
0.37875
0.376875
0.38125
0.3925
0.3475
0.30625
0.2525
0.246875
0.27625
0.296875
0.355
0.35125
0.350625
0.3875
0.380625
0.398125
0.37375
0.28625
0.235
0.19875
0.180625
0.23625
0.2875
0.336875
0.400625
0.418125
0.40625
0.371875
0.325
0.2875
0.2625
0.228125
0.228125
0.2225
0.25
0.33375
0.375625
0.411875
0.38875
0.32375
0.26875
0.2475
0.263125
0.281875
0.2975
0.26625
0.255
0.23
0.2125
0.226875
0.19375
0.17375
0.159375
0.14875
0.185625
0.23
0.275
0.28125
0.24
0.215
0.1925
0.228125
0.320625
0.395625
0.4675
0.491875
0.46
0.405625
0.34125
0.301875
0.30875
0.346875
0.375
0.383125
0.341875
0.275625
0.238125
0.2025
0.1825
0.166875
0.12375
0.104375
0.1175
0.160625
0.208125
0.265
0.305625
0.325625
0.38375
0.4125
0.43875
0.43875
0.43875
0.43875
