-0.113375
-0.113375
-0.113375
-0.113375
-0.09625
-0.0525
0.06075
0.1786875
0.2585625
0.28475
0.2470625
0.16225
0.08075
0.010875
-0.0345
-0.03275
-0.01775
0.07125
0.116875
0.1389375
0.1094375
0.00725
-0.0453125
-0.097875
-0.0504375
0.00825
0.0746875
0.090375
0.0309375
-0.04675
-0.1219375
-0.1380625
-0.147375
-0.087125
-0.078125
-0.048875
0.00025
0.0231875
0.12575
0.1711875
0.19675
0.20575
0.1610625
0.1449375
0.1654375
0.14725
0.1345625
0.1619375
0.157125
0.2105625
0.2428125
0.1923125
0.0996875
0.01175
-0.0338125
-0.0366875
0.0345
0.0370625
-0.00275
0.000125
-0.020125
0.04975
0.114375
0.0879375
0.045
-0.06325
-0.0974375
-0.0653125
-0.0373125
0.0129375
-0.0155
-0.0426875
-0.0154375
0.0098125
0.057125
0.085
0.0469375
0.0035625
0.01475
0.0261875
0.0664375
0.1386875
0.148375
0.1695625
0.1803125
0.143
0.1235625
0.092625
0.072125
0.073
0.0624375
0.057375
0.06275
0.073375
0.105125
0.125875
0.17625
0.2313125
0.28575
0.2980625
0.239875
0.1545625
0.044125
0.0176875
0.0514375
0.0775625
0.1235
0.0959375
0.0280625
-0.0199375
-0.0613125
-0.047625
-0.062625
-0.0356875
-0.0206875
-0.035875
0.0069375
0.02575
-0.0045625
0.0200625
0.0418125
0.0369375
0.1165
0.142125
0.1565
0.19575
0.200375
0.2275
0.2185625
0.1825
0.1094375
0.030625
0.0100625
-0.0098125
0.0495625
0.0820625
0.08775
0.1420625
0.11425
0.1130625
0.130125
0.0901875
0.1399375
0.1974375
0.191625
0.2329375
0.1940625
0.1421875
0.177375
0.1859375
0.2380625
0.2401875
0.152625
0.0509375
-0.04675
-0.0646875
0.01275
0.109375
0.141125
0.1299375
0.0406875
-0.035375
-0.047125
-0.0305
0.0475625
0.0684375
0.06175
-0.0021875
-0.1150625
-0.153875
-0.13975
-0.0560625
0.0323125
0.0780625
0.071875
0.057125
0.086625
0.1174375
0.1211875
0.0963125
0.04275
0.028875
0.052
0.1115
0.1235625
0.0873125
0.0828125
0.02825
0.0130625
0.01575
-0.0089375
-0.00825
0.0064375
0.0383125
0.03725
0.0388125
0.0416875
-0.0036875
-0.023125
-0.0835625
-0.153625
-0.1820625
-0.20525
-0.145125
-0.0490625
0.025875
0.1170625
0.1115
0.05325
0.0373125
0.0236875
0.09975
0.1931875
0.243625
0.2516875
0.219875
0.158
0.086875
0.058125
0.0393125
0.0893125
0.1915625
0.240875
0.2696875
0.22875
0.134875
0.1045
0.09525
0.12625
0.1569375
0.14
0.1155625
0.10175
0.1210625
0.1615
0.1564375
0.0915
0.0345
-0.067625
-0.0879375
-0.0403125
-0.0434375
0.013375
0.02025
-0.0078125
0.0265
0.031125
0.0575625
0.0771875
0.02875
-0.0010625
-0.06
-0.132625
-0.168375
-0.1933125
-0.2135625
-0.166875
-0.0725
0.0133125
0.132125
0.1860625
0.1503125
0.0556875
-0.07925
-0.167875
-0.2223125
-0.199375
-0.1420625
-0.0963125
-0.00375
0.0769375
0.14575
0.215875
0.2578125
0.281875
0.3039375
0.3035
0.29225
0.2383125
0.151875
0.0903125
-0.001625
-0.0081875
0.0081875
-0.012625
-0.020375
-0.0715
-0.0978125
-0.127
-0.0911875
-0.0850625
-0.0825625
-0.0460625
-0.087
-0.0665
-0.0741875
-0.0500625
0.0038125
0.016
0.0765
0.097625
0.0986875
0.072625
0.03
-0.0278125
-0.0309375
0.0044375
0.0146875
0.008375
-0.017375
-0.012125
0.0030625
0.05
0.0711875
0.0758125
0.051
0.043375
0.0599375
0.051375
0.111625
0.13675
0.0975
0.0681875
-0.0113125
-0.077375
-0.0655
-0.043
0.001125
0.102625
0.186625
0.22825
0.2293125
0.1374375
0.0261875
-0.0321875
-0.041875
0.0340625
0.13025
0.19475
0.2339375
0.1736875
0.115875
0.031875
-0.0255
-0.0116875
-0.0559375
-0.0481875
-0.103125
-0.184375
-0.1785625
-0.146
-0.0626875
0.0213125
0.0239375
-0.0574375
-0.126875
-0.150875
-0.1430625
-0.0989375
-0.0814375
-0.1215625
-0.122375
-0.063625
-0.0233125
0.071625
0.1295
0.130375
0.1980625
0.1891875
0.206125
0.2238125
0.1575
0.173
0.128625
0.0561875
0.0571875
0.0195
0.06125
0.152375
0.222625
0.2921875
0.3005
0.250875
0.140875
0.036375
-0.0568125
-0.1005625
-0.07575
-0.102
-0.0988125
-0.076625
-0.0359375
0.0503125
0.078
0.055125
-0.0105
-0.094
-0.1190625
-0.1313125
-0.18075
-0.186125
-0.2010625
-0.1835
-0.120625
-0.0634375
0.0050625
0.01475
0.0314375
0.027375
-0.0379375
-0.071
-0.115
-0.1684375
-0.159625
-0.09625
-0.0425
-0.01075
-0.023375
-0.135875
-0.210625
-0.2435
-0.225375
-0.1056875
-0.0081875
0.079125
0.148875
0.161625
0.1499375
0.1491875
0.1395625
0.0989375
0.0913125
0.0644375
0.0328125
0.0194375
-0.0293125
-0.0773125
-0.1335625
-0.1421875
-0.1465
-0.10625
-0.0751875
-0.1026875
-0.065625
-0.0494375
-0.030625
0.0100625
0.0208125
0.00925
0.044625
0.1146875
0.1198125
0.131125
0.1305625
0.0969375
0.114125
0.12075
0.1095
0.112125
0.1521875
0.174
0.1481875
0.092
-0.0254375
-0.1166875
-0.1239375
-0.0988125
-0.071375
-0.0290625
-0.06025
-0.1171875
-0.136375
-0.15325
-0.1150625
-0.032625
0.0309375
0.0799375
0.0938125
0.0365625
-0.0206875
-0.0620625
-0.087
-0.0318125
0.023375
0.022625
0.071
0.078625
0.0959375
0.1629375
0.1815625
0.1856875
0.159875
0.1121875
0.07
0.0581875
0.0679375
0.11475
0.1399375
0.1499375
0.167875
0.1576875
0.163
0.121375
0.051625
0.0056875
-0.04425
-0.0155
0.0543125
0.0884375
0.1454375
0.1889375
0.1880625
0.1781875
0.0971875
-0.0203125
-0.0755625
-0.0755625
-0.0755625
-0.0755625
