0.3385625
0.3385625
0.3385625
0.3385625
0.3329375
0.3505
0.341375
0.345
0.340125
0.3145
0.3095
0.2955625
0.27675
0.2685625
0.2665625
0.2633125
0.2885625
0.3274375
0.3484375
0.371375
0.3796875
0.3603125
0.347
0.3300625
0.3025
0.3020625
0.31625
0.3355
0.36625
0.3839375
0.36975
0.3564375
0.316125
0.2843125
0.270375
0.266625
0.304375
0.330375
0.351375
0.351625
0.3191875
0.272125
0.2300625
0.214
0.2124375
0.23325
0.258625
0.25175
0.2489375
0.2445
0.2496875
0.284875
0.3321875
0.36425
0.3819375
0.372875
0.3305625
0.305625
0.2851875
0.28125
0.2894375
0.298125
0.290125
0.288625
0.31275
0.34375
0.395375
0.436
0.447
0.440375
0.40675
0.361625
0.312875
0.25725
0.230875
0.222625
0.236625
0.283375
0.3136875
0.3335
0.3364375
0.292625
0.2551875
0.234875
0.2229375
0.25275
0.29475
0.324625
0.3469375
0.355625
0.338625
0.3201875
0.312625
0.29
0.28475
0.26975
0.2579375
0.254625
0.247625
0.2696875
0.292125
0.33675
0.39
0.420125
0.421125
0.413
0.387375
0.365
0.36725
0.3535
0.353125
0.35775
0.354375
0.3585
0.3605
0.359625
0.3734375
0.387375
0.3885625
0.389625
0.3726875
0.341875
0.3119375
0.289375
0.27075
0.2795
0.306625
0.312625
0.326
0.325875
0.324375
0.336625
0.353
0.359375
0.362875
0.380125
0.382125
0.3876875
0.370625
0.3293125
0.295125
0.2834375
0.2861875
0.286375
0.2948125
0.286875
0.2898125
0.322
0.3321875
0.3265625
0.3075
0.2720625
0.263
0.277875
0.30375
0.33
0.352125
0.360375
0.3688125
0.3759375
0.3534375
0.3510625
0.3268125
0.2955625
0.2909375
0.272125
0.2880625
0.3071875
0.3364375
0.3655
0.3663125
0.376375
0.3603125
0.335375
0.31625
0.2944375
0.279875
0.27375
0.282125
0.278375
0.277875
0.269125
0.239125
0.232
0.2286875
0.260375
0.3153125
0.355
0.390875
0.3930625
0.3705
0.343875
0.3166875
0.2835
0.2664375
0.26325
0.2505
0.2691875
0.292
0.317125
0.35575
0.3581875
0.340375
0.2995625
0.256
0.2311875
0.239125
0.2744375
0.3041875
0.3335
0.3255625
0.290375
0.2610625
0.239125
0.2293125
0.2306875
0.24325
0.240625
0.2536875
0.285375
0.2923125
0.32125
0.3323125
0.313
0.3189375
0.2919375
0.28825
0.310375
0.314625
0.3421875
0.353125
0.355
0.3659375
0.36775
0.3610625
0.3516875
0.3311875
0.330875
0.3264375
0.3035
0.2835625
0.251125
0.2368125
0.246125
0.2606875
0.2795
0.2823125
0.275125
0.273875
0.249625
0.25875
0.2885
0.3175625
0.370375
0.393625
0.4085
0.4148125
0.399375
0.3744375
0.324375
0.27925
0.258375
0.2536875
0.28325
0.300375
0.2958125
0.3074375
0.2908125
0.2840625
0.3025625
0.3074375
0.330875
0.3578125
0.3568125
0.344
0.3188125
0.300625
0.2911875
0.293875
0.30925
0.303625
0.325875
0.332875
0.325875
0.317
0.28
0.274125
0.26475
0.26775
0.274
0.2589375
0.273125
0.2928125
0.3034375
0.3109375
0.2809375
0.2585625
0.2476875
0.2495
0.2888125
0.3225
0.3553125
0.3681875
0.362125
0.325
0.29325
0.2884375
0.27025
0.2905625
0.299
0.2774375
0.2749375
0.2425625
0.2200625
0.216
0.2115625
0.242375
0.28225
0.3334375
0.3800625
0.402125
0.4123125
0.40875
0.3934375
0.389875
0.373125
0.3421875
0.3330625
0.3089375
0.3028125
0.3219375
0.3271875
0.3441875
0.3629375
0.3645
0.3830625
0.400625
0.4076875
0.43
0.4179375
0.3926875
0.3614375
0.3200625
0.3199375
0.3323125
0.3695625
0.39475
0.3919375
0.3834375
0.34775
0.3381875
0.32225
0.3166875
0.3339375
0.3205
0.3253125
0.31875
0.2903125
0.302375
0.305
0.298
0.3021875
0.2651875
0.24475
0.2486875
0.26625
0.3163125
0.3541875
0.3814375
0.3869375
0.382375
0.3653125
0.3371875
0.3116875
0.2779375
0.2596875
0.2529375
0.2728125
0.29425
0.323875
0.3668125
0.388625
0.401375
0.387875
0.3595
0.32375
0.3000625
0.318125
0.3196875
0.3260625
0.3365
0.3103125
0.30675
0.292125
0.281125
0.27
0.2514375
0.2489375
0.2383125
0.237875
0.2373125
0.2455
0.240625
0.231625
0.2346875
0.210375
0.2206875
0.240125
0.2405625
0.2660625
0.2615
0.2528125
0.258625
0.25125
0.250375
0.2490625
0.253375
0.2574375
0.258375
0.2804375
0.2924375
0.327625
0.3698125
0.390875
0.4108125
0.3985
0.3875625
0.36
0.322375
0.2979375
0.27225
0.2586875
0.25625
0.2673125
0.276375
0.2954375
0.3135
0.311375
0.296625
0.27825
0.273
0.28
0.3035
0.31825
0.3215
0.304
0.286125
0.279125
0.278375
0.319375
0.3606875
0.414625
0.45125
0.45125
0.45
0.424625
0.3955625
0.377
0.342125
0.32225
0.3184375
0.325125
0.3455625
0.351
0.354
0.3465
0.334
0.326
0.3185
0.311
0.3135
0.308875
0.315875
0.30175
0.295125
0.31925
0.313625
0.3286875
0.31375
0.2615625
0.239375
0.2391875
0.2615
0.2909375
0.3185
0.303375
0.287125
0.285375
0.2548125
0.2665
0.2654375
0.26325
0.291
0.2715
0.26975
0.27275
0.2529375
0.285375
0.3050625
0.303625
0.317875
0.290375
0.287875
0.3090625
0.3208125
0.3426875
0.3434375
0.3273125
0.330125
0.3439375
0.3545
0.3628125
0.3435625
0.3171875
0.2888125
0.2919375
0.3081875
0.3221875
0.3288125
0.311875
0.3064375
0.304875
0.3159375
0.3054375
0.2728125
0.2351875
0.2186875
0.2241875
0.252375
0.2905625
0.2815
0.285625
0.2669375
0.2544375
0.2730625
0.2683125
0.287375
0.2879375
0.289
0.2955
0.28125
0.27
0.268875
0.283125
0.2985625
0.31875
0.2971875
0.2665625
0.2526875
0.238375
0.2763125
0.299625
0.31125
0.3224375
0.29375
0.27725
0.257125
0.243375
0.239875
0.23725
0.2396875
0.2256875
0.2250625
0.234625
0.2450625
0.266
0.2583125
0.2289375
0.194125
0.1755
0.180625
0.209875
0.249125
0.264875
0.2868125
0.2830625
0.2954375
0.31125
0.30425
0.310375
0.2738125
0.2386875
0.220125
0.1955625
0.193
0.2131875
0.2239375
0.2506875
0.277
0.265125
0.2715
0.267375
0.26775
0.286
0.28125
0.271
0.272875
0.292625
0.317125
0.3466875
0.3335
0.2981875
0.278
0.2586875
0.2700625
0.2670625
0.2466875
0.220875
0.2015625
0.205875
0.2341875
0.2725
0.284125
0.3019375
0.281375
0.2684375
0.276125
0.2659375
0.282375
0.2740625
0.273375
0.28225
0.29375
0.311875
0.318375
0.319125
0.298125
0.30875
0.3183125
0.32625
0.3614375
0.353875
0.3328125
0.33
0.2949375
0.2831875
0.285
0.2771875
0.314125
0.3456875
0.389875
0.4331875
0.42925
0.4226875
0.4045
0.3619375
0.344375
0.3348125
0.318
0.321875
0.330625
0.3098125
0.309
0.3216875
0.325625
0.3629375
0.369875
0.351125
0.32425
0.295
0.299
0.315625
0.335875
0.3319375
0.297625
0.262875
0.24325
0.246625
0.269
0.3034375
0.33775
0.360625
0.3695
0.3610625
0.333625
0.3244375
0.320625
0.330625
0.337
0.3270625
0.333625
0.3189375
0.321375
0.3156875
0.2944375
0.2858125
0.2791875
0.28275
0.2901875
0.31925
0.3414375
0.369625
0.3949375
0.3835
0.3648125
0.335125
0.3120625
0.3065
0.300125
0.306625
0.2960625
0.2738125
0.2619375
0.2465
0.238
0.23675
0.232625
0.2130625
0.22
0.2456875
0.2858125
0.3491875
0.382375
0.399375
0.4
0.3989375
0.3935625
0.3775
0.37375
0.3389375
0.318
0.31175
0.2694375
0.24875
0.232125
0.217625
0.244875
0.271625
0.2985
0.3198125
0.33275
0.3401875
0.3430625
0.345375
0.3404375
0.341
0.3404375
0.339875
0.3351875
0.346125
0.342
0.3404375
0.347125
0.3413125
0.369875
0.395875
0.4105
0.424625
0.418875
0.413125
0.41775
0.4169375
0.41525
0.4104375
0.40125
0.3868125
0.367625
0.3448125
0.331875
0.328875
0.346625
0.379875
0.39075
0.4135
0.417
0.42025
0.4425
0.4434375
0.4365625
0.4179375
0.3940625
0.3805625
0.3860625
0.3814375
0.3641875
0.3415
0.307375
0.2933125
0.30975
0.3286875
0.353625
0.3556875
0.3331875
0.3108125
0.3038125
0.318
0.3331875
0.345375
0.3253125
0.30025
0.289125
0.284
0.29575
0.32125
0.32925
0.320625
0.314875
0.289
0.2815
0.30125
0.321125
0.34
0.336125
0.31875
0.2905
0.283375
0.290375
0.2835
0.2885
0.282375
0.28075
0.2904375
0.295
0.29175
0.290625
0.305
0.329875
0.356125
0.37325
0.3705625
0.3554375
0.33725
0.33725
0.33725
0.33725
