1.22
1.22
1.22
1.22
1.2425
1.26875
1.245
1.18875
1.154375
1.0575
0.961875
0.8825
0.79375
0.77125
0.793125
0.87
0.9625
1.08
1.18875
1.19375
1.18625
1.143125
1.066875
1.073125
1.113125
1.131875
1.144375
1.123125
1.019375
0.93375
0.895
0.824375
0.80875
0.825
0.81875
0.8425
0.893125
0.92625
0.983125
1.06125
1.125625
1.181875
1.183125
1.198125
1.21875
1.23125
1.26
1.2225
1.138125
1.055625
1.0125
1.004375
1.04875
1.08125
1.05875
1.034375
0.946875
0.91
0.90375
0.87
0.87125
0.81625
0.81375
0.875625
0.954375
1.053125
1.09375
1.119375
1.14625
1.164375
1.1625
1.133125
1.08
1.039375
0.996875
0.93875
0.89
0.875
0.9275
1.003125
1.106875
1.18
1.213125
1.218125
1.166875
1.075625
0.975
0.93
0.94125
0.996875
1.03125
1.026875
0.970625
0.905625
0.90625
0.919375
0.92125
0.94375
0.928125
0.91875
0.944375
0.925
0.9025
0.830625
0.79875
0.80875
0.8525
0.973125
1.0475
1.129375
1.189375
1.22875
1.299375
1.3225
1.28125
1.17875
1.029375
0.919375
0.923125
0.994375
1.07625
1.110625
1.071875
0.98
0.88625
0.879375
0.879375
0.9375
1.033125
1.055625
1.100625
1.149375
1.195625
1.256875
1.27625
1.23125
1.105625
0.98625
0.89125
0.81
0.819375
0.8475
0.90875
1.023125
1.08
1.115
1.12375
1.09875
1.12
1.113125
1.118125
1.115
1.080625
1.074375
1.074375
1.078125
1.129375
1.18375
1.166875
1.1525
1.10125
1.071875
1.120625
1.1825
1.23125
1.233125
1.203125
1.178125
1.156875
1.179375
1.24125
1.264375
1.303125
1.298125
1.24125
1.21625
1.17875
1.12625
1.105625
1.08875
1.10625
1.160625
1.2075
1.215625
1.149375
1.123125
1.069375
1.050625
1.120625
1.144375
1.193125
1.250625
1.269375
1.300625
1.341875
1.341875
1.319375
1.256875
1.128125
1.006875
0.871875
0.79
0.78875
0.84
0.9225
0.991875
1.043125
1.016875
0.985625
0.969375
0.946875
1.005625
1.105625
1.14375
1.17875
1.173125
1.150625
1.1725
1.2075
1.223125
1.220625
1.25125
1.215625
1.19125
1.145625
1.041875
1.0075
0.955625
0.893125
0.873125
0.820625
0.824375
0.9
0.90125
0.91875
0.928125
0.910625
0.98625
1.0875
1.129375
1.105
1.016875
0.8775
0.811875
0.799375
0.794375
0.83125
0.81
0.84375
0.89375
0.95125
1.03
1.024375
1.0525
1.04875
1.046875
1.065
1.06875
1.079375
1.109375
1.1325
1.089375
1.016875
0.884375
0.768125
0.719375
0.70125
0.721875
0.795625
0.875
0.98625
1.111875
1.13125
1.07125
0.9475
0.77875
0.721875
0.77125
0.8525
1.004375
1.070625
1.038125
1.021875
0.925625
0.831875
0.835
0.813125
0.83125
0.87375
0.8225
0.8125
0.855625
0.89125
1.00625
1.065
1.03
1.034375
0.98875
1.009375
1.065625
1.058125
1.055625
1.010625
0.963125
0.96
0.933125
0.878125
0.870625
0.838125
0.890625
0.97125
1.025
1.1075
1.120625
1.13375
1.10625
1.071875
1.04375
1.0125
1.038125
1.054375
1.084375
1.116875
1.065
0.995
0.924375
0.853125
0.86875
0.925625
0.961875
1.026875
1.055625
1.05625
1.11125
1.13875
1.159375
1.159375
1.075625
1.075625
1.075625
1.075625
