1.1635
1.1635
1.1635
1.1635
1.228875
1.223
1.2013125
1.134875
1.0955
1.0671875
1.058875
1.02725
0.980875
0.943625
0.926375
0.911
0.912375
0.924375
0.9239375
0.9640625
1.0149375
1.052375
1.0546875
1.017875
0.957875
0.9291875
0.955625
1.0068125
1.0469375
1.0663125
1.058125
1.0860625
1.1236875
1.1578125
1.164375
1.10675
1.0755
1.0443125
1.0618125
1.1259375
1.16925
1.2148125
1.219
1.1765625
1.1416875
1.106875
1.115625
1.145375
1.1454375
1.1274375
1.061125
0.9825625
0.925875
0.9048125
0.91475
0.9794375
1.0848125
1.1561875
1.236375
1.276375
1.2503125
1.23575
1.184
1.086625
1.011
0.9339375
0.8868125
0.89075
0.8871875
0.9344375
0.977875
1.034625
1.095625
1.0865
1.061625
0.9946875
0.9341875
0.8818125
0.84925
0.859125
0.87275
0.9255625
0.9658125
1.0125625
1.0554375
1.0755
1.10575
1.062375
1.04175
1.015875
0.979125
0.99275
0.9633125
0.9168125
0.8811875
0.87075
0.886875
0.9453125
1.0014375
1.0033125
0.9935
0.9436875
0.879125
0.840375
0.8095625
0.81875
0.8395625
0.8581875
0.875125
0.8529375
0.8314375
0.8371875
0.8420625
0.8628125
0.9075625
0.9256875
0.963375
1.0278125
1.090875
1.1424375
1.17775
1.2140625
1.1975625
1.19025
1.1645625
1.08875
1.034875
1.031375
1.03625
1.0654375
1.098375
1.048625
1.0275
1.009
1.011875
1.059375
1.0723125
1.060875
1.0095625
0.94
0.899875
0.9100625
0.964875
1.0249375
1.0935625
1.1330625
1.1365
1.14625
1.0910625
1.0163125
0.9553125
0.8934375
0.8676875
0.8625
0.8573125
0.852125
0.848
0.86475
0.8738125
0.879625
0.899625
0.899625
0.934
0.994
1.0345
1.055875
1.023
0.96775
0.948625
0.9753125
1.0751875
1.1750625
1.242125
1.251875
1.1979375
1.145125
1.072875
1.0343125
1.031875
1.03475
1.07325
1.1286875
1.1660625
1.1670625
1.1485625
1.09525
1.0010625
0.9439375
0.900125
0.862875
0.8840625
0.893375
0.892375
0.921375
0.956125
0.99325
1.057875
1.0820625
1.03425
0.9888125
0.9003125
0.846625
0.85325
0.867
0.9010625
0.922875
0.9299375
0.9243125
0.947875
0.9686875
0.9848125
1.0073125
0.9793125
0.9338125
0.90325
0.893
0.898625
0.937
0.9689375
0.9809375
1.0223125
1.03475
1.04025
1.0308125
0.9768125
0.9268125
0.883875
0.8546875
0.86475
0.88425
0.927125
1.0070625
1.048125
1.10975
1.123875
1.0714375
1.061125
1.0079375
0.982625
0.9706875
0.919875
0.889625
0.8735625
0.9011875
0.9543125
1.030625
1.06875
1.0704375
1.0781875
1.0421875
1.0298125
1.0165625
0.988375
0.98075
0.9651875
0.9551875
0.9494375
0.94375
0.956625
0.974375
0.964875
0.978125
0.9765625
0.968875
1.0076875
1.0010625
0.979875
0.9828125
0.9634375
0.99225
1.054375
1.0845625
1.1124375
1.0985
1.0658125
1.040125
1.017875
1.01275
0.9834375
0.985375
0.9650625
0.9851875
1.050625
1.0944375
1.1835625
1.2141875
1.211125
1.22275
1.206
1.17975
1.1544375
1.1110625
1.0975
1.1115
1.1410625
1.125875
1.0403125
0.9539375
0.8903125
0.8714375
0.9420625
1.041875
1.0921875
1.146375
1.1301875
1.0780625
1.089625
1.11125
1.139375
1.182625
1.14025
1.066125
1.0378125
0.9735625
0.9540625
0.997125
0.9868125
1.0104375
1.06075
1.019875
1.0504375
1.07925
1.0546875
1.0985
1.0795
1.048125
1.0625625
1.0315625
1.0366875
1.05125
1.0243125
1.068875
1.0773125
1.084875
1.1171875
1.0834375
1.0858125
1.0873125
1.1075625
1.1230625
1.096
1.0898125
1.061375
1.051875
1.043375
1.016
0.9973125
0.9868125
1.0021875
0.9961875
0.9598125
0.9595625
0.9845
1.0296875
1.1129375
1.1376875
1.1120625
1.1311875
1.142625
1.166875
1.2291875
1.19875
1.1331875
1.0505625
0.9303125
0.8815625
0.8826875
0.906125
0.976625
1.048125
1.0991875
1.15025
1.1590625
1.118875
1.09825
1.09375
1.129625
1.168875
1.14025
1.084125
0.977625
0.8914375
0.8800625
0.8729375
0.9120625
0.980375
1.0169375
1.060625
1.0830625
1.05475
1.00325
0.9595625
0.9070625
0.87175
0.8645625
0.8664375
0.880375
0.9049375
0.9256875
0.9295625
0.9281875
0.9159375
0.906625
0.8835625
0.8641875
0.851125
0.8639375
0.8828125
0.924875
0.97375
0.97275
0.987125
0.956875
0.91125
0.8880625
0.8709375
0.89225
0.920375
0.969375
1.009875
1.0266875
1.0495625
1.0324375
1.0011875
0.9965
0.986875
0.994875
0.9930625
0.949875
0.901875
0.87975
0.8763125
0.9100625
0.9529375
0.9673125
0.99025
0.97925
0.955875
0.9299375
0.886875
0.9076875
0.943875
0.976
1.04425
1.0306875
1.0013125
1.0108125
0.97375
0.99275
1.0230625
1.0230625
1.0389375
1.0324375
1.0220625
1.013625
1.0251875
1.0359375
1.0939375
1.1330625
1.149125
1.1545625
1.067125
1.005125
0.938625
0.927375
0.9909375
1.063625
1.147
1.166625
1.1295
1.066375
1.020125
0.979625
0.9675
1.003875
1.0466875
1.1223125
1.199625
1.215375
1.1621875
1.089875
1.015
0.9635
0.9799375
0.988875
1.0443125
1.1265
1.1840625
1.245875
1.2375625
1.155625
1.0801875
1.0384375
1.0000625
1.0175
1.028875
0.9895
0.9704375
0.942875
0.8918125
0.8658125
0.869
0.8770625
0.9335625
0.9859375
0.9878125
0.9774375
0.9231875
0.88
0.8526875
0.83175
0.841
0.8424375
0.875125
0.9155
0.943375
0.9658125
0.9399375
0.902875
0.86825
0.847625
0.8494375
0.884
0.9345
0.9655
0.9943125
0.9649375
0.9011875
0.8555
0.8245
0.8280625
0.849875
0.8645625
0.856
0.842625
0.84625
0.8674375
0.9194375
0.9965
1.0413125
1.0738125
1.0679375
1.036
1.0363125
1.0199375
1.0258125
1.0164375
0.9724375
0.94375
0.9111875
0.9105625
0.93625
0.9580625
1.002625
1.017125
1.017125
1.017125
1.017125
