0.126396662309
0.126396662309
0.126396662309
0.126396662309
0.0951643033819
0.0650950946676
0.0343158327701
0.0193476145555
0.01958553692
0.0172921974463
0.0236049161027
0.0267410810449
0.0290587930535
0.0332320673852
0.0265813829115
0.0221098351767
0.0201830122039
0.0181628772404
0.0194838686316
0.020075540931
0.0165262034925
0.0134095365783
0.0145104787973
0.0158075618923
0.0190776597167
0.0264256308076
0.040641085873
0.0549958125664
0.0694155326861
0.0893114132171
0.0845822129705
0.0947474169756
0.112769165633
0.108051571355
0.117858847277
0.0997433223896
0.0677807158932
0.0465065104843
0.0402139862139
0.0469498585
0.0578752534744
0.0709686434572
0.0652118507157
0.0596920518611
0.0608547378351
0.0619682145006
0.0711232349643
0.0928326642106
0.105155882091
0.117382538309
0.112797019959
0.082628696269
0.0565883836321
0.0324948562345
0.0190897299244
0.0164379981282
0.0162010042413
0.0138006577335
0.0135033128078
0.0300733868632
0.0573968554323
0.0853150138529
0.128127576525
0.14121632412
0.128455793328
0.128426314167
0.0986080265025
0.0886306070757
0.0903162580128
0.0640791081416
0.0576828265084
0.043259624598
0.0298544982879
0.0313437762295
0.0250431277808
0.0308305602805
0.0418761930936
0.0529218259068
0.0647729129683
0.0588457446019
0.0579850459411
0.0589903549755
0.06208822022
0.0719187080792
0.0569068514213
0.0431094433592
0.0291379457621
0.0220859268805
0.0299283122507
0.0298245548879
0.0309760991317
0.0222997088294
0.0285177227789
0.0395206456261
0.0631464524731
0.0917837167327
0.0906971659152
0.0898109341227
0.0632748144902
0.0515031122567
0.054495827422
0.0590859881601
0.0804207767271
0.0722490139568
0.0750158769655
0.0817106641213
0.0756955225099
0.0841402576711
0.072940729709
0.0507178523944
0.036351519732
0.0224197145489
0.0172585401362
0.0228542420281
0.0228542420281
0.0228542420281
0.0228542420281
