-0.20625
-0.20625
-0.20625
-0.20625
-0.2125
-0.1625
-0.1375
-0.125
-0.0375
-0.025
-0.025
-0.05
-0.10625
-0.0875
-0.15
-0.1875
-0.21875
-0.325
-0.20625
-0.20625
-0.28125
-0.28125
-0.375
-0.23125
0.03125
0.25625
0.40625
0.4375
0.375
0.275
0.2125
0.1
-0.05625
-0.26875
-0.5875
-0.8875
-1.05625
-1.0
-0.73125
-0.43125
-0.15625
-0.05625
-0.0625
-0.075
-0.1375
-0.1125
-0.0875
-0.04375
0.08125
0.1625
0.24375
0.275
0.1875
0.1
0.0125
-0.025
0.025
0.04375
0.025
-0.04375
-0.0875
-0.06875
1.04083408559e-17
0.09375
0.1
0.0375
-0.00625
-0.025
-0.0125
0.04375
0.0625
0.05625
0.0875
0.14375
0.18125
0.21875
0.19375
0.1
0.03125
-0.0375
-0.10625
-0.1625
-0.25625
-0.39375
-0.4375
-0.38125
-0.2875
-0.15
-0.1125
-0.15
-0.125
-0.05
0.1
0.2375
0.18125
0.025
-0.225
-0.51875
-0.59375
-0.6
-0.51875
-0.3875
-0.40625
-0.41875
-0.4625
-0.54375
-0.4375
-0.38125
-0.3375
-0.14375
-0.0875
0.01875
0.14375
0.1625
0.1875
0.1875
0.2125
0.275
0.2375
0.175
0.09375
-0.0875
-0.1625
-0.2125
-0.325
-0.375
-0.375
-0.35
-0.34375
-0.375
-0.4375
-0.55
-0.53125
-0.4125
-0.275
-0.125
0.00625
0.0375
-0.075
-0.1375
-0.28125
-0.35
-0.20625
-0.125
0.03125
0.15
0.1625
0.225
0.2125
0.175
0.1
-0.025
-0.075
-0.075
-0.025
0.04375
0.075
0.08125
0.1125
0.075
-0.06875
-0.2375
-0.5125
-0.5875
-0.4125
-0.225
0.0875
0.21875
0.14375
0.09375
-0.0375
-0.075
-0.05
-0.0375
0.025
0.0125
0.0375
0.0375
0.0375
0.0375
