1.036875
1.036875
1.036875
1.036875
0.988125
0.96625
0.955
0.928125
0.94625
0.961875
0.963125
0.966875
0.935
0.905625
0.88125
0.88375
0.925
0.965
0.984375
0.968125
0.928125
0.886875
0.924375
0.980625
1.039375
1.090625
1.045
1.0175
0.9925
1.02625
1.086875
1.1275
1.203125
1.196875
1.2
1.19625
1.106875
1.033125
0.96
0.903125
0.9025
0.91625
0.939375
0.963125
0.98125
1.05125
1.15375
1.2425
1.325
1.3075
1.21625
1.119375
1.03
1.040625
1.07625
1.13875
1.235
1.24875
1.248125
1.225625
1.13375
1.069375
1.0475
1.01
0.974375
0.94125
0.89125
0.88
0.939375
1.021875
1.096875
1.14625
1.135
1.08125
1.053125
1.04125
1.03
1.041875
0.991875
0.935
0.920625
0.884375
0.90625
0.925625
0.9275
0.973125
0.99375
1.04125
1.0775
1.090625
1.12125
1.101875
1.06375
1.021875
0.968125
0.92
0.899375
0.861875
0.824375
0.823125
0.845625
0.909375
0.973125
1.023125
1.040625
1.04125
1.043125
1.02
1.0025
0.97875
0.976875
0.994375
1.009375
1.029375
1.005625
1.025
1.03875
1.0875
1.158125
1.15875
1.15875
1.15875
1.15875
