1.028125
1.028125
1.028125
1.028125
0.999375
1.01375
1.026875
1.049375
1.05875
1.029375
0.99125
0.925625
0.945
0.96375
1.013125
1.063125
1.033125
1.06625
1.09625
1.14375
1.20125
1.18625
1.126875
1.06125
1.001875
0.983125
0.99
0.97375
0.9625
0.940625
0.919375
0.940625
0.959375
0.978125
0.985625
0.9675
0.93125
0.901875
0.925
0.943125
1.005
1.06
1.063125
1.085
1.08875
1.086875
1.066875
1.044375
1.03
1.02125
1.041875
1.026875
0.980625
0.91
0.85125
0.833125
0.833125
0.8875
0.931875
0.9525
0.96125
0.921875
0.89
0.89
0.903125
0.984375
1.045
1.064375
1.130625
1.088125
1.09125
1.136875
1.075625
1.093125
1.0725
1.008125
1.0025
0.994375
0.988125
1.004375
1.020625
1.040625
1.0625
1.110625
1.15875
1.17
1.14375
1.06375
1.00125
0.950625
0.946875
0.97
1.016875
1.028125
1.020625
1.05625
0.98875
1.019375
1.079375
1.0525
1.0875
1.02375
0.929375
0.87875
0.85125
0.86375
0.93625
1.01875
1.055
1.13125
1.13875
1.185625
1.27625
1.305625
1.33625
1.28
1.185625
1.075
0.960625
0.873125
0.803125
0.788125
0.80625
0.883125
0.98625
1.05375
1.118125
1.0725
0.97125
0.91
0.843125
0.87875
0.94375
0.975
1.00375
0.9525
0.930625
0.93125
0.92125
0.9525
0.946875
0.919375
0.89
0.9175
0.960625
1.005625
1.1025
1.103125
1.06875
1.055
0.984375
0.95
0.96375
0.976875
1.026875
1.058125
1.09
1.099375
1.05
1.040625
0.993125
0.969375
0.994375
0.98875
1.01
1.018125
1.004375
1.029375
1.049375
1.070625
1.12625
1.13375
1.090625
1.05375
0.985
0.94
0.941875
0.93
0.940625
0.9475
0.9525
0.965
0.983125
0.989375
1.016875
1.046875
1.040625
1.054375
1.043125
1.028125
1.03125
1.0175
1.01125
0.995
0.97875
0.97125
0.96
0.95125
0.9425
0.94625
0.9375
0.95875
0.9675
0.96375
0.963125
0.94125
0.9325
0.92375
0.934375
0.933125
0.93125
0.9175
0.89375
0.881875
0.87
0.87
0.87
0.87
0.87
0.87
0.881875
0.884375
0.89875
0.903125
0.895625
0.91875
0.93
0.960625
0.99125
0.97875
0.96625
0.935625
0.905
0.905625
0.894375
0.913125
0.948125
0.948125
0.948125
0.948125
