-0.189375
-0.189375
-0.189375
-0.189375
-0.13125
-0.0925
-0.101875
-0.1425
-0.136875
-0.11625
-0.07125
0.000625
0.0275
0.008125
-0.025625
-0.0825
-0.171875
-0.201875
-0.19125
-0.1525
-0.09375
-0.03125
0.04
0.090625
0.14
0.095625
0.01625
-0.045625
-0.055
0.025625
0.075625
0.0875
0.060625
-0.009375
-0.04875
-0.06125
-0.098125
-0.09625
-0.094375
-0.051875
0.000625
0.01625
0.00125
-0.100625
-0.2175
-0.31125
-0.359375
-0.3775
-0.336875
-0.32875
-0.324375
-0.291875
-0.258125
-0.17875
-0.136875
-0.08375
-0.091875
-0.1475
-0.148125
-0.18375
-0.174375
-0.135
-0.1225
-0.11375
-0.12
-0.1375
-0.173125
-0.170625
-0.141875
-0.124375
-0.04375
0.0025
-0.001875
0.01
-0.0725
-0.135
-0.160625
-0.17125
-0.13375
-0.131875
-0.15375
-0.191875
-0.215625
-0.213125
-0.213125
-0.195
-0.205
-0.21375
-0.13875
-0.085
0.004375
0.101875
0.075625
0.04375
-0.020625
-0.0625
-0.050625
0.01375
0.074375
0.058125
0.0425
-0.015625
-0.104375
-0.14875
-0.168125
-0.206875
-0.171875
-0.1375
-0.10625
-0.07375
-0.03125
0.011875
-0.013125
-0.026875
-0.103125
-0.15375
-0.15875
-0.15625
-0.118125
-0.105625
-0.068125
-0.031875
0.024375
0.070625
0.123125
0.161875
0.121875
0.101875
0.043125
0.038125
0.125625
0.194375
0.224375
0.19
0.0625
-0.028125
-0.0575
-0.060625
-0.000625
-0.0275
-0.058125
-0.09125
-0.1575
-0.150625
-0.155
-0.15125
-0.115625
-0.094375
-0.140625
-0.185625
-0.213125
-0.23375
-0.098125
0.02125
0.0625
0.09
-0.029375
-0.1225
-0.169375
-0.184375
-0.125
-0.08375
-0.020625
0.00875
0.068125
0.146875
0.19375
0.21875
0.151875
0.04625
-0.018125
-0.08125
-0.08375
-0.069375
-0.086875
-0.019375
0.020625
0.02625
-0.029375
-0.15125
-0.245625
-0.264375
-0.1825
-0.09125
0.01625
0.075625
0.0825
0.090625
0.068125
0.084375
0.101875
0.105
0.061875
-0.008125
-0.059375
-0.056875
0.00625
0.02125
0.024375
-0.036875
-0.080625
-0.094375
-0.08
-0.039375
-0.078125
-0.0625
-0.109375
-0.151875
-0.145625
-0.18
-0.13625
-0.105625
-0.120625
-0.111875
-0.11125
-0.1025
-0.005
0.05125
0.046875
0.066875
0.056875
0.0575
0.11
0.1375
0.135625
0.170625
0.13875
0.083125
0.05875
-0.038125
-0.091875
-0.1225
-0.13875
-0.06625
-0.035625
-0.005625
-0.00875
-0.09875
-0.115625
-0.130625
-0.140625
-0.103125
-0.080625
-0.046875
-0.0375
-0.04
-0.056875
-0.14125
-0.243125
-0.29375
-0.343125
-0.24625
-0.04875
0.07625
0.245625
0.263125
0.158125
0.12
0.014375
-0.015
0.05625
0.045625
0.048125
0.079375
0.04625
0.04625
0.05375
-0.026875
-0.08125
-0.083125
-0.098125
-0.061875
-0.011875
-0.001875
0.021875
0.0175
-0.061875
-0.14625
-0.23
-0.2925
-0.239375
-0.18125
-0.11625
0.01
0.075625
0.093125
0.096875
0.015
-0.06875
-0.128125
-0.18
-0.244375
-0.276875
-0.268125
-0.244375
-0.114375
-0.03375
0.0125
0.07125
0.005625
0.010625
0.045
0.02125
0.051875
0.01375
-0.039375
-0.0775
-0.11375
-0.126875
-0.140625
-0.11625
-0.069375
-0.03625
0.01375
0.00375
-0.0425
-0.040625
-0.04625
-0.015
0.02875
-0.01
-0.096875
-0.154375
-0.224375
-0.201875
-0.125
-0.106875
-0.050625
-0.039375
0.01125
0.128125
0.18
0.1875
0.13
0.06
0.055625
0.1425
0.22
0.225625
0.2375
0.14125
0.040625
0.013125
-0.044375
-0.00125
0.0825
0.131875
0.14625
0.09625
-0.000625
-0.090625
-0.176875
-0.236875
-0.226875
-0.205
-0.139375
-0.076875
-0.0625
-0.0675
-0.073125
-0.051875
-0.0525
-0.05875
-0.05
-0.110625
-0.12625
-0.08
-0.100625
-0.045
-0.003125
-0.069375
-0.103125
-0.158125
-0.2025
-0.17125
-0.15125
-0.15
-0.146875
-0.13375
-0.07375
0.005
0.09
0.128125
0.119375
0.075625
-0.006875
-0.068125
-0.088125
-0.07
-0.04125
0.003125
0.0225
0.015625
0.01625
-0.026875
-0.09375
-0.13375
-0.140625
-0.059375
0.044375
0.164375
0.220625
0.22875
0.22375
0.141875
0.101875
-0.018125
-0.065
-0.019375
-0.001875
0.099375
0.098125
0.004375
-0.078125
-0.12
-0.106875
-0.04625
0.021875
-0.01875
-0.0575
-0.09875
-0.125
-0.07375
-0.01625
0.0275
0.025
-0.02625
-0.11625
-0.13
-0.07375
0.0325
0.149375
0.183125
0.1525
0.0575
-0.03
-0.120625
-0.185
-0.179375
-0.1875
-0.155625
-0.125625
-0.130625
-0.105625
-0.125
-0.14375
-0.19
-0.25
-0.280625
-0.2875
-0.195625
-0.114375
-0.018125
0.04625
-0.00375
-0.05125
-0.059375
-0.075
-0.0425
0.013125
-0.039375
-0.051875
-0.040625
-0.045625
0.04875
0.105625
0.158125
0.194375
0.13875
0.109375
0.0625
0.07875
0.155625
0.210625
0.23125
0.114375
-0.04625
-0.17
-0.275
-0.244375
-0.125625
-0.035
-0.035
-0.035
-0.035
