3.7875
3.7875
3.7875
3.7875
3.95
3.75
3.20625
2.75625
2.2
2.19375
2.7875
3.3
4.20625
4.65625
4.7
4.81875
4.5125
4.44375
4.0125
3.7625
3.71875
3.49375
3.5875
3.35625
3.175
2.8875
2.83125
2.725
2.79375
3.19375
3.2125
3.39375
3.09375
2.65
2.6
2.5875
3.1
3.4875
3.8875
4.24375
4.23125
4.55625
4.30625
4.4125
4.875
5.2625
6.125
6.41875
6.10625
5.43125
4.4875
3.96875
3.80625
3.71875
3.78125
3.38125
3.0875
2.89375
2.93125
3.21875
3.49375
3.81875
3.9625
3.95
3.75
3.94375
3.875
4.25
4.96875
5.16875
5.55
5.35625
4.55625
3.875
3.38125
3.225
3.53125
3.70625
3.575
3.5625
3.44375
3.55
3.81875
3.9625
3.95
3.75
3.94375
3.875
4.25
4.825
4.8125
5.2625
5.14375
4.65625
4.1875
3.475
3.19375
3.225
3.53125
3.70625
3.575
3.5625
3.44375
3.3
3.575
3.4625
3.35
3.8
3.76875
4.24375
4.825
4.8125
5.2625
5.14375
4.65625
4.1875
3.475
3.19375
3.225
3.53125
3.70625
3.73125
3.875
3.9125
3.93125
4.05625
3.79375
3.53125
3.7
3.54375
3.825
3.95625
3.80625
3.875
3.76875
3.9625
3.91875
4.09375
4.18125
3.96875
4.1625
4.09375
3.8125
3.675
3.2
2.8375
2.925
3.06875
3.4875
3.70625
3.575
3.5625
3.44375
3.30625
3.5875
3.48125
3.375
3.63125
3.40625
3.6875
4.03125
4.23125
4.6125
4.70625
4.56875
4.48125
4.46875
4.575
4.95625
5.1
5.1625
4.95
4.475
4.11875
3.85
3.70625
3.7625
3.58125
3.46875
3.175
3.0125
3.0
2.725
2.91875
2.71875
2.8
3.43125
3.5875
4.25
4.78125
4.79375
4.9875
4.89375
4.56875
4.3625
4.34375
4.0875
4.10625
3.99375
3.625
3.6625
3.4875
3.2875
3.1875
2.91875
2.8625
3.25
3.8625
4.21875
4.46875
4.14375
3.3875
3.2125
2.925
2.925
3.0875
2.83125
2.8
3.03125
3.53125
3.975
4.3125
4.16875
3.8375
3.65625
3.35625
3.51875
3.80625
4.2125
4.68125
4.66875
4.1
3.4125
2.9625
2.9625
3.7625
4.6625
5.45
6.025
5.84375
5.5625
5.20625
4.775
4.65625
4.5
4.33125
4.20625
4.11875
3.89375
3.48125
3.13125
2.8375
2.825
3.15
3.25625
3.2625
3.16875
2.94375
2.90625
3.1125
3.19375
3.075
3.0
2.5375
2.19375
2.04375
1.85
2.0375
2.3375
2.64375
3.0625
3.15
3.25625
3.35625
3.15
3.04375
2.70625
2.40625
2.34375
2.575
2.98125
3.56875
4.29375
4.525
4.575
4.15
3.3625
2.81875
2.4875
2.4125
2.55625
2.7375
2.8375
3.15
3.64375
4.24375
4.53125
4.6375
4.30625
3.86875
3.76875
3.39375
3.45625
3.25625
3.14375
3.45625
3.29375
3.55
3.525
3.39375
3.7
3.6625
4.0625
4.13125
3.99375
4.00625
3.65
3.5875
3.725
4.0375
4.425
4.7375
4.54375
4.20625
3.79375
3.40625
3.50625
3.54375
3.71875
3.9125
3.83125
3.825
3.75625
3.6875
3.69375
3.8
3.85
4.1375
4.475
4.525
4.48125
3.95
3.36875
2.91875
2.98125
3.2875
3.71875
3.91875
3.35625
3.0375
2.64375
2.4875
2.73125
2.73125
2.71875
2.875
3.275
3.475
3.9
4.1875
4.20625
4.41875
4.36875
4.5125
4.64375
4.78125
4.93125
4.6125
4.33125
4.19375
4.30625
4.7
5.1
5.3625
5.0
4.575
4.16875
3.75
3.9625
4.45625
4.89375
5.55625
5.8125
5.4625
5.14375
4.3875
3.9625
4.00625
4.05
4.13125
4.275
4.14375
3.825
3.93125
3.825
4.06875
4.90625
5.29375
5.275
5.0375
4.175
3.69375
3.90625
4.18125
4.53125
4.75
4.8
4.68125
4.81875
5.05625
4.8125
5.0625
5.45
5.55
6.0125
5.9625
5.2625
4.70625
4.325
3.85625
3.825
3.86875
3.525
3.4625
3.58125
3.69375
4.23125
4.875
5.04375
4.9875
4.69375
4.2625
4.075
3.95
3.6625
3.4625
3.28125
3.0375
3.3125
3.2125
3.1125
3.175
2.5625
2.38125
2.525
2.6625
3.4125
4.10625
4.18125
4.65625
4.64375
4.33125
4.45
3.98125
4.09375
4.4125
4.3875
4.29375
3.8375
3.74375
3.9
4.39375
4.73125
4.4875
4.34375
4.125
3.85625
3.625
3.05625
2.69375
2.78125
3.05
3.5
3.66875
3.55625
3.84375
4.1875
4.45
4.50625
3.91875
3.6375
3.50625
3.65625
3.9375
3.5
3.2375
2.9
2.675
2.95625
2.8875
3.0375
3.3
3.41875
3.83125
3.91875
4.1375
4.3875
4.31875
4.5375
4.29375
4.0625
4.075
3.75625
3.475
3.075
2.66875
2.64375
2.8
2.85
2.8625
2.49375
2.36875
2.60625
2.85
3.31875
3.7
3.71875
4.0875
4.38125
4.375
4.5875
4.3
4.2375
4.30625
4.54375
4.66875
4.41875
4.11875
3.40625
2.95
2.725
2.59375
2.81875
3.0875
3.45625
3.61875
3.7
3.95
3.825
4.01875
3.925
3.4
3.3375
2.94375
3.0125
3.30625
3.18125
3.2875
3.2
3.0625
3.5125
4.28125
4.88125
5.51875
5.75625
5.23125
4.7625
4.34375
3.5625
3.425
3.6
3.65
4.0625
3.9875
3.59375
3.58125
3.53125
3.725
3.69375
3.2875
3.1
3.13125
3.56875
4.15625
4.38125
4.35
4.05
3.4125
3.1375
2.975
3.13125
3.70625
3.91875
3.8375
3.61875
3.09375
2.99375
3.1125
3.025
3.26875
3.01875
2.73125
2.6625
2.38125
2.50625
2.625
2.925
3.1
3.25
3.4875
3.40625
3.525
3.475
3.425
3.5625
3.65625
3.58125
3.4625
3.19375
2.8875
2.93125
2.91875
2.775
3.06875
3.29375
3.63125
4.21875
4.04375
3.79375
3.65625
3.6625
4.0375
4.3375
4.65625
4.53125
4.5375
4.68125
4.6375
4.875
4.83125
4.88125
4.74375
4.51875
4.44375
3.9625
3.7125
3.5125
3.2625
3.15
2.99375
3.06875
3.3375
3.9
4.2
4.09375
3.94375
3.65
4.025
4.525
5.0625
5.30625
5.0
4.9
4.4375
4.5625
4.53125
4.34375
4.23125
3.49375
3.25
2.85625
2.96875
3.525
3.925
4.475
4.25
3.6875
2.94375
2.48125
2.59375
3.08125
3.88125
4.15625
4.15625
3.78125
3.0625
2.80625
2.8375
3.05625
3.6
3.85
3.925
3.95625
3.65
3.6375
3.5625
3.90625
4.4375
4.5375
4.7
4.15625
3.6125
3.3375
3.19375
3.38125
3.56875
3.45
3.06875
2.725
2.59375
2.9625
3.59375
4.19375
4.4125
4.35625
3.925
3.6625
3.525
3.23125
3.3875
3.10625
3.01875
3.06875
2.9125
3.24375
3.275
3.35
3.21875
2.86875
2.9125
2.9625
3.58125
4.00625
3.9
3.9375
3.46875
3.1875
3.28125
3.225
3.05625
3.0375
3.14375
3.5
4.2625
4.7625
4.75
4.26875
3.73125
3.425
3.71875
4.00625
4.10625
4.1875
3.95625
4.18125
4.5
4.50625
4.325
3.7625
3.05
2.50625
2.15625
2.175
2.53125
2.975
3.425
3.4
3.0375
2.91875
3.00625
3.5
4.14375
4.20625
3.8625
3.21875
2.78125
2.81875
3.0
3.33125
3.25
3.05
3.25
3.63125
4.33125
4.73125
4.7125
4.5125
4.0875
3.85625
3.44375
2.85
2.36875
1.8875
1.84375
2.1625
2.59375
3.5125
4.06875
4.475
4.775
4.275
4.2125
3.9
3.70625
4.06875
3.875
4.15
4.16875
3.7
3.85625
3.5125
3.39375
3.64375
3.2875
3.5875
3.55
3.43125
3.775
3.35
3.16875
3.1375
2.74375
2.93125
3.375
3.69375
4.1875
4.45
4.45625
4.625
5.025
5.38125
5.525
5.08125
4.34375
3.625
3.29375
3.4
3.70625
3.9375
3.925
3.825
3.49375
3.49375
3.66875
4.0875
4.575
4.5875
4.275
3.625
3.00625
2.79375
3.1625
3.6375
4.00625
4.475
4.175
4.0625
4.0125
3.49375
3.56875
3.6
3.66875
3.95625
4.05625
3.83125
3.8625
3.70625
3.3625
3.45625
3.05
2.88125
2.9
2.4375
2.4125
2.475
2.58125
2.95
2.99375
2.75625
2.475
2.2
2.41875
3.025
3.59375
4.19375
4.31875
3.95625
3.9625
3.85
3.83125
4.0625
3.81875
3.65625
3.45
3.34375
3.18125
3.2125
3.38125
3.29375
3.75
3.85625
3.6375
3.60625
2.9
2.6
2.8125
2.95
3.60625
3.8125
3.6875
3.93125
3.84375
4.0625
4.2125
3.7
3.2875
2.8
2.7
3.2625
3.9125
4.53125
4.8125
4.43125
4.20625
4.01875
3.775
4.2625
4.5625
4.8875
5.31875
5.1
4.65625
4.26875
3.96875
3.925
4.05
4.05625
4.2375
4.25625
4.65
4.9
4.93125
5.26875
4.94375
4.6875
4.41875
3.85
3.79375
3.63125
3.425
3.40625
3.28125
3.33125
3.4
3.65
3.5625
3.6375
3.78125
3.44375
3.4125
3.35625
3.26875
3.6
4.25
4.66875
4.9
4.81875
4.23125
3.7125
3.5375
3.80625
4.20625
4.53125
4.55
4.28125
3.78125
3.3875
3.425
3.33125
3.7375
4.28125
4.2625
4.21875
3.8125
3.41875
3.49375
3.76875
4.24375
4.275
4.1875
4.16875
4.06875
4.40625
4.675
4.68125
4.575
4.18125
3.525
3.01875
2.6375
2.5125
2.65625
2.79375
2.725
2.43125
2.175
1.96875
1.94375
1.9875
2.15625
2.5
2.84375
3.2375
3.4625
3.2125
2.9625
2.9875
2.95625
3.3625
3.91875
4.125
4.1875
3.8875
3.33125
2.8875
2.73125
2.94375
3.475
3.75
3.93125
3.99375
3.76875
3.86875
3.9375
3.8625
3.9375
3.9875
4.25625
4.675
4.94375
4.91875
4.7125
4.39375
4.11875
4.05
3.84375
3.45625
3.1375
3.0375
3.06875
3.5
4.10625
4.23125
4.325
4.2375
3.5375
3.25625
3.19375
3.19375
3.59375
3.59375
3.59375
3.59375
