0.006808086875
0.006808086875
0.006808086875
0.006808086875
0.007713883125
0.011424726875
0.018914595625
0.025761645
0.03082631875
0.03319308125
0.0328814125
0.04147189375
0.05074415625
0.0624903125
0.07423646875
0.06700955
0.06790560625
0.06595765625
0.0655485875
0.07684671875
0.07674928125
0.07918418125
0.07854131875
0.0741389125
0.0645355375
0.06247075
0.059451468125
0.06418501125
0.078288173125
0.08099576625
0.087423941875
0.08465783
0.077635449375
0.07320388125
0.06978525
0.06343493125
0.065675075
0.07050603125
0.06999960375
0.07650580125
0.0738663675
0.0582535275
0.0478611925
0.03526767
0.02432991
0.02535258125
0.02579086875
0.0315470625
0.0419978125
0.04819229375
0.05062723125
0.044812599375
0.032287280625
0.025118824375
0.029657568125
0.0386668575
0.056558801875
0.07109053375
0.06483759625
0.05770808125
0.0400011925
0.02365786625
0.02731999125
0.035452661875
0.050247325
0.062236941875
0.068110051875
0.06841202375
0.06899644625
0.071918405
0.07224955125
0.07411957875
0.0717820375
0.0684607875
0.05421151625
0.04876700125
0.05366608
0.0620130275
0.08382033
0.09423206375
0.0906380725
0.082242385
0.074138895
0.06241227375
0.05689959625
0.05563344875
0.04830917
0.045143748125
0.039299895
0.037546720625
0.038345365
0.041988014375
0.05196150125
0.048825319375
0.044929435
0.04151080125
0.030787355
0.02918029625
0.0399427425
0.05824377625
0.08129781
0.0990144625
0.10580309375
0.0949822125
0.087872175
0.0847749125
0.07074962875
0.06552910125
0.051581755
0.0436340775
0.046059255
0.04600079625
0.04786106875
0.03815055375
0.0404783925
0.04619566625
0.0581269025
0.07051588875
0.068830875
0.07662265625
0.087463
0.10451730625
0.11794848125
0.11006904125
0.084063883125
0.05997745625
0.042104973125
0.0360176075
0.041267334375
0.04558202375
0.049896713125
0.05194204375
0.0550879625
0.05001356875
0.044939175
0.04147183875
0.0348488275
0.030368545
0.02320983125
0.0176581775
0.01368436125
0.01225261875
0.0134993075
0.0136259225
0.015330375
0.02180730625
0.029482225
0.03579358125
0.041501075
0.04018620625
0.03915379375
0.0398940125
0.0402251625
0.0419491
0.04219259375
0.03881290375
0.030650995
0.02657978
0.022508565
0.02463183
0.0309724075
0.0319561225
0.0329398375
0.02913159375
0.034215725
0.0439749375
0.05246798125
0.05955850375
0.04886427625
0.034731915
0.02245011
0.01579787875
0.0180380225
0.02171965
0.02282024
0.01916783375
0.0186029275
0.0188951175
0.0211839575
0.02621940375
0.025294124375
0.02286892375
0.031926910625
0.0368065475
0.046341785625
0.0584288425
0.050227955625
0.045328843125
0.03775129875
0.026998591875
0.02237221
0.020404779375
0.0218852175
0.024320155625
0.029433525
0.02858616875
0.02208976
0.01902173875
0.01650888375
0.017638695
0.032150955
0.03988435
0.0579906
0.0749865175
0.07285350125
0.073827465
0.05239022
0.032608735
0.0204437625
0.00883395625
0.0087073375
0.00637953125
0.00718793125
0.00999298125
0.01279803125
0.016703675
0.021933925
0.02372604125
0.026716145
0.03279374875
0.0302808875
0.02985233125
0.0270278
0.01802826875
0.01582708625
0.01446352625
0.01851526625
0.02565450625
0.0293556125
0.034809875
0.0318295125
0.03152758125
0.03590073125
0.03704028125
0.04295231
0.0461859075
0.0440626425
0.03712794
0.02963807125
0.0200249375
0.01364540125
0.01688874
0.0195769125
0.0249337775
0.029394584375
0.0231319225
0.019421076875
0.01516480375
0.011035148125
0.015495955
0.021875493125
0.02770960375
0.03967002
0.04627357375
0.04572814625
0.04517298
0.04168612625
0.04509501625
0.0532763875
0.06256809125
0.06139933875
0.0523511275
0.0406342225
0.027992040625
0.02141770875
0.023862388125
0.02490454625
0.026131759375
0.0295406725
0.024183808125
0.02969648625
0.03848172
0.05656845375
0.07575577625
0.077898570625
0.07977839625
0.060931965
0.0472865625
0.04235821875
0.02924847875
0.030826315
0.028927065
0.028021268125
0.03191717
0.0364558775
0.04175427875
0.05076353125
0.069220325
0.074733025625
0.08007041375
0.078999039375
0.0615551775
0.055974314375
0.047900075625
0.03748829875
0.036796778125
0.031381476875
0.029686758125
0.034517671875
0.039368066875
0.042815940625
0.043624345
0.039884286875
0.0279725725
0.01822308125
0.01256428375
0.01424926
0.02775829875
0.045669705
0.06022089875
0.075054561875
0.078687506875
0.0760675325
0.074129339375
0.055351076875
0.044325656875
0.03414759375
0.027884911875
0.03576436875
0.0423094825
0.0526920575
0.053870564375
0.04930262
0.043039956875
0.0314399125
0.024700005625
0.02171964375
0.016752375625
0.01753155875
0.021047615
0.02276181375
0.026112286875
0.02368709
0.016450450625
0.0110448875
0.0065548625
0.0106942575
0.017551045625
0.02260597625
0.03831622625
0.053870656875
0.0714996575
0.098693078125
0.107478304375
0.099403981875
0.08853434625
0.060717579375
0.049049375
0.0490981125
0.0503351
0.059432048125
0.05754249625
0.058253456875
0.055604205
0.05623724875
0.0620519175
0.06137017375
0.063551916875
0.068665309375
0.062383133125
0.0595683075
0.056578165625
0.04310808625
0.0359493875
0.029706226875
0.0234435875
0.020726198125
0.02051192375
0.0184763125
0.01736597875
0.02020998875
0.034332651875
0.06064950625
0.08636249125
0.10389408
0.1011572075
0.0764181925
0.050169520625
0.028936821875
0.018398385625
0.0179893175
0.027456338125
0.03704997625
0.043390539375
0.05212707875
0.043478198125
0.046526779375
0.052088216875
0.05975344125
0.077138916875
0.072327455
0.064301874375
0.04644888125
0.02657976375
0.02256699
0.02303450375
0.03532608
0.04898122
0.06047411
0.06662961625
0.06096106
0.0570553975
0.0439554475
0.0393096025
0.04057578875
0.037663623125
0.038472025625
0.030514650625
0.024553925625
0.031508130625
0.052253843125
0.074460515625
0.0932972325
0.09178756875
0.068051751875
0.05719190875
0.04729630125
0.04489058125
0.053071990625
0.0447542225
0.04254328125
0.042523785
0.042845180625
0.04482235125
0.03884214
0.033095683125
0.02775829625
0.025751903125
0.02657004125
0.02695963
0.02650186
0.02886862125
0.02645316375
0.02403770625
0.023872131875
0.017999063125
0.017541294375
0.01646018125
0.01212599
0.016986125
0.020073629375
0.024553915625
0.034137831875
0.0379947725
0.050695386875
0.0677691575
0.082875500625
0.09283925
0.08763824375
0.07503501875
0.05682169375
0.042981525
0.0399524625
0.04637099375
0.055331600625
0.0692789575
0.07361317625
0.06881142625
0.064973911875
0.05538020375
0.054922384375
0.05117259625
0.047802659375
0.0541335475
0.05928592875
0.066649216875
0.0744800125
0.072200864375
0.061964334375
0.060045553125
0.06297717
0.061642843125
0.07000931125
0.06736985625
0.057746995625
0.05587696
0.046000848125
0.053130365
0.058506725625
0.0670192675
0.079515368125
0.06943468375
0.064710868125
0.0506369275
0.037011015625
0.035102045625
0.030602300625
0.026755100625
0.027768038125
0.030407513125
0.03194639375
0.043225028125
0.043488
0.04790982875
0.05811707125
0.05669504625
0.0667269725
0.0624220175
0.052399830625
0.0490591125
0.03675781875
0.03448845625
0.03564748125
0.03726428125
0.0414329
0.041637438125
0.03701106375
0.040644014375
0.04495874625
0.056617251875
0.070915226875
0.06445775125
0.057415888125
0.042825713125
0.028284238125
0.024992196875
0.024524686875
0.034147583125
0.04822154625
0.06212019375
0.0728047225
0.06782768875
0.056607475
0.045796330625
0.042173105
0.04294252875
0.0447054025
0.0549321025
0.06153567125
0.07277536
0.084657879375
0.090453110625
0.086391654375
0.08393726
0.08250553625
0.07065221875
0.06606477625
0.06334734625
0.062655783125
0.0675548575
0.070915050625
0.06070780625
0.05643209375
0.0560717625
0.06541225625
0.08420029125
0.09459263875
0.103874655
0.10006638375
0.095332835625
0.079310895
0.064983673125
0.05166941375
0.039738196875
0.039085633125
0.033913819375
0.032072999375
0.0287906975
0.029550391875
0.0296867425
0.030095811875
0.03438130625
0.03930960625
0.047549425
0.05767875
0.060357161875
0.05088039875
0.039777098125
0.025040873125
0.022985786875
0.027193345625
0.034595541875
0.045426130625
0.044598275
0.047471523125
0.0522635025
0.05478612
0.0563737
0.05356865
0.04361461875
0.0376733625
0.0356474875
0.0374396
0.04400419375
0.0468871625
0.05199079375
0.061399375
0.065675106875
0.070515745
0.073135720625
0.06332780875
0.057902783125
0.0493805175
0.036835734375
0.028449808125
0.02208001375
0.019664555625
0.0252941325
0.035033883125
0.03794606625
0.049429265625
0.052672635
0.05317913625
0.05751336
0.04579640875
0.03939736375
0.03759548125
0.0370889875
0.04040050625
0.0435074875
0.0426990875
0.04560153125
0.0500915575
0.05224404375
0.05270181125
0.0432055475
0.04362433125
0.04548459875
0.045007328125
0.04909800875
0.036153900625
0.02385261375
0.015398528125
0.007509345625
0.00758726125
0.005824368125
0.004441325625
0.007100279375
0.021427475625
0.041169971875
0.0611462225
0.073057959375
0.064866808125
0.051328531875
0.03736170625
0.031459394375
0.03759543875
0.047685826875
0.05733792625
0.06015271875
0.054016675
0.039329124375
0.030806838125
0.027894651875
0.041988094375
0.065840769375
0.07860960375
0.08454113125
0.07918426625
0.069795144375
0.065392776875
0.065938204375
0.059217756875
0.050958428125
0.047101466875
0.043906805
0.04394576125
0.0459326675
0.048562379375
0.04961425375
0.065996516875
0.08777458625
0.09617027375
0.102082325
0.0853981125
0.054211445
0.0351994475
0.019099635625
0.0153108875
0.02020998
0.020667746875
0.0242909325
0.02992051125
0.03657276125
0.05236093
0.071821005625
0.089956475
0.106504369375
0.104673289375
0.088310459375
0.064535674375
0.04089724375
0.028050486875
0.0202489425
0.021622245625
0.023248781875
0.02732
0.033611880625
0.03279374375
0.032374936875
0.0249142875
0.015651783125
0.01369409125
0.012408444375
0.0163627825
0.030816555625
0.0438775475
0.055136681875
0.06453552375
0.056539205625
0.041471825
0.028235520625
0.01506739875
0.014619374375
0.01807698875
0.01971326625
0.022829985
0.0188074675
0.018174385
0.018437361875
0.01688874125
0.017551040625
0.01415186625
0.016489406875
0.020638545
0.026599280625
0.0445204475
0.05348103875
0.071918425
0.08854421375
0.08530087125
0.08316786375
0.059354130625
0.0368065675
0.024427323125
0.01471677125
0.016674461875
0.01791141
0.027271333125
0.03518003
0.042786794375
0.0517571225
0.041540100625
0.03471251375
0.031410716875
0.02590774
0.032365194375
0.033845636875
0.03019323
0.029151073125
0.024037703125
0.021232653125
0.017482848125
0.0111227925
0.007265851875
0.007811279375
0.010645548125
0.020375561875
0.03189769125
0.036085789375
0.0513090575
0.06083456875
0.06924000625
0.08234
0.079671275
0.08193089375
0.08674233125
0.0887097625
0.09278100625
0.081268586875
0.0632889675
0.054055629375
0.044744378125
0.051815421875
0.061438284375
0.055789253125
0.054854260625
0.0428354275
0.035413756875
0.037361705
0.04141344
0.0513674675
0.0545815825
0.05495169125
0.04817281875
0.0439652375
0.040118031875
0.0450171075
0.0506564075
0.04896167625
0.049292811875
0.03690386625
0.035715615625
0.0476370525
0.06091231625
0.079992455
0.083469549375
0.071840325
0.05819496875
0.0434198
0.0346443
0.0306023
0.03655326875
0.04363405
0.06199348125
0.084287775
0.089011593125
0.0909498425
0.076934341875
0.057435360625
0.04661448
0.039670018125
0.033008025625
0.02893680625
0.026063575
0.02096968125
0.02321956125
0.029939986875
0.034050161875
0.047120930625
0.06629855625
0.0774214075
0.09195317125
0.095498435
0.088933755
0.08760906
0.08594347125
0.08106382
0.07000923125
0.0563249125
0.04154974375
0.030115294375
0.026034345
0.029277689375
0.02883940875
0.033329439375
0.038803181875
0.036670174375
0.0367383475
0.031254865
0.02654082125
0.02295659
0.0260148725
0.032160655
0.03674808125
0.04246532
0.03716689625
0.036085785
0.0351507675
0.030534125
0.03649485625
0.038238275
0.043867854375
0.05151355875
0.0487279825
0.04249453125
0.0293458575
0.0192944275
0.013830428125
0.01123966125
0.012125985
0.01323632125
0.01545698375
0.02227480625
0.029043930625
0.0335923925
0.03701104875
0.032374930625
0.030261406875
0.028147883125
0.029092638125
0.03409886875
0.03513128
0.03394302875
0.03027114125
0.026979105
0.0281868375
0.0298133775
0.0293166525
0.029784163125
0.03190741125
0.039290125625
0.05091937
0.06185709
0.063444685
0.0581170575
0.050666165
0.04095565375
0.03420601125
0.03127435125
0.0371474475
0.0477151
0.05890609
0.069366598125
0.0684315375
0.061263039375
0.053987409375
0.047997428125
0.036475321875
0.038452528125
0.044091879375
0.05039353
0.075531868125
0.07935959125
0.08226203875
0.08146338375
0.058652846875
0.046400220625
0.032608713125
0.02057036
0.019839878125
0.0252064825
0.027456368125
0.03130357125
0.03550140625
0.031712640625
0.030134795
0.026102535625
0.021339794375
0.0153693275
0.01029492
0.00645745875
0.00336021875
0.009457305
0.02129110625
0.03310542875
0.045095068125
0.04563075625
0.0347222325
0.02955042375
0.028644625
0.033465801875
0.04648785125
0.04787089375
0.039153811875
0.039144049375
0.036650650625
0.040264078125
0.0491661925
0.040653668125
0.030086056875
0.022216355625
0.0179406225
0.024183803125
0.03205352125
0.039855065625
0.041841979375
0.04121863625
0.04504636
0.04154978375
0.04027387
0.04059528125
0.032891136875
0.028488773125
0.025742165625
0.02082359
0.022781278125
0.03163471125
0.039397294375
0.048465005
0.051757045625
0.043634093125
0.030728921875
0.02098916875
0.01415186
0.01551542375
0.029988675
0.0391245425
0.04826041
0.05532171
0.0488155725
0.05202969125
0.056159348125
0.06100974875
0.066873065625
0.05904232625
0.0499648925
0.03975764625
0.043497755
0.05386087625
0.066288835
0.074684536875
0.06463308625
0.0512701225
0.034293703125
0.0326476725
0.037585748125
0.049458525
0.066805044375
0.065587556875
0.069064625625
0.06448692
0.052282989375
0.0467800275
0.037030534375
0.031323038125
0.040945930625
0.048679310625
0.055867265625
0.066473873125
0.0569775925
0.048737743125
0.040945924375
0.02661873375
0.018417868125
0.01197015625
0.007334033125
0.007334033125
0.007334033125
0.007334033125
