5.6025
5.6025
5.6025
5.6025
6.134375
6.2725
6.703125
7.049375
6.779375
6.678125
6.085625
6.093125
6.376875
6.6775
7.1025
6.65125
6.345
5.7425
5.2475
5.295625
5.16125
5.244375
5.391875
5.221875
5.42125
5.61875
5.630625
5.8075
5.37125
4.948125
4.488125
4.3825
4.773125
5.2175
5.73875
5.6375
5.16875
4.571875
3.9775
4.1125
4.66
5.48125
6.658125
7.2425
7.435
7.22875
6.7975
6.28625
5.985
6.216875
5.906875
5.8825
6.274375
6.191875
6.54125
6.688125
5.9425
5.350625
4.718125
4.248125
4.298125
4.321875
4.54625
5.221875
5.646875
6.3775
7.070625
7.29875
7.839375
8.0875
7.993125
7.746875
7.655
7.4575
7.455625
7.2925
6.560625
5.575
4.618125
3.974375
3.75875
3.88875
4.15375
4.55375
4.69125
4.85625
4.75125
4.389375
4.0925
3.680625
3.40375
3.264375
3.17875
3.295625
3.665625
3.99125
4.781875
5.830625
6.62625
7.915625
8.275
7.901875
7.261875
5.691875
4.84
4.399375
4.320625
4.72
4.92625
5.07
5.223125
5.5225
5.4775
5.921875
6.105
5.985
6.201875
5.336875
4.65375
4.258125
3.753125
4.098125
4.2125
4.32375
4.826875
5.32875
6.44125
7.27875
7.399375
7.334375
6.78375
6.0875
5.974375
5.48
4.9225
4.645
3.97375
3.46125
3.376875
3.39375
3.465
3.7125
3.8275
3.97625
4.40125
4.82625
4.813125
4.543125
4.14875
3.96
3.96
4.093125
4.2125
4.2125
4.2125
4.2125
