147.66875
147.66875
147.66875
147.66875
148.6
149.06875
147.375
136.625
138.7125
141.4375
146.23125
162.1
167.19375
171.96875
174.03125
166.425
166.10625
165.11875
159.775
159.50625
156.30625
151.5125
152.18125
148.09375
142.71875
141.25
140.5
140.61875
140.38125
139.45
134.7625
134.2
135.28125
132.81875
131.2875
127.69375
124.1
123.1
123.1
123.1
123.1
123.1
123.1
123.1
125.69375
128.2875
130.50625
132.725
129.5625
126.4
123.9875
122.68125
124.35625
127.1375
130.65
133.05625
137.88125
143.0875
142.375
138.75
129.525
115.84375
111.7875
113.55625
120.33125
131.55625
136.4875
137.4
132.5875
124.8125
125.68125
127.0375
137.09375
145.3
135.85
134.425
127.3375
127.2875
142.4375
146.325
151.23125
148.725
140.1375
135.06875
131.4375
135.49375
137.59375
141.79375
146.59375
149.4
160.24375
167.58125
170.1
171.3
169.3875
162.9
159.1125
148.01875
135.0
136.40625
131.1125
135.96875
139.89375
135.9375
142.8125
145.75
153.575
156.175
154.56875
155.65
144.775
142.20625
141.0125
140.3125
152.65
156.6875
157.5875
154.2625
146.23125
146.25625
147.99375
146.4625
141.86875
134.85625
127.03125
132.5375
142.975
152.23125
159.7
149.725
140.66875
130.66875
124.425
131.70625
136.5375
145.81875
155.2875
160.4
161.625
158.2875
155.225
150.01875
147.175
144.55
135.80625
125.975
118.7625
113.3
112.46875
119.2875
124.675
132.475
140.725
142.30625
145.90625
146.525
148.03125
150.09375
148.11875
148.14375
146.875
149.96875
153.65
147.41875
140.725
128.70625
116.21875
118.15625
119.7125
124.33125
133.9375
137.4
140.125
145.525
149.5625
151.6375
156.56875
149.99375
142.85
138.75625
133.06875
141.7875
150.01875
159.35
168.7
171.76875
174.16875
167.775
159.025
154.43125
148.55
147.2
150.50625
142.85
135.8375
138.7875
136.20625
141.4125
149.19375
142.75
142.75
143.3625
143.46875
153.1875
158.0625
161.30625
160.4125
150.71875
144.23125
134.79375
133.2125
143.28125
151.425
161.10625
161.7875
152.95625
145.125
143.14375
144.7
152.35
156.20625
152.65625
149.425
143.98125
141.85625
144.2
144.20625
143.225
144.64375
146.2625
149.325
151.09375
147.3
138.6625
129.475
127.6875
130.24375
140.69375
159.00625
167.53125
171.61875
164.55625
147.825
130.24375
117.59375
114.53125
118.2375
130.5
144.01875
151.2
146.53125
134.45
116.3125
103.40625
102.5375
105.63125
107.95
106.4
99.08125
94.3125
95.15
99.40625
105.725
108.2375
112.3
116.5875
125.86875
136.15
143.95
144.5625
140.18125
138.4125
131.25625
136.0875
138.2625
138.14375
147.18125
149.58125
157.29375
164.35
166.66875
168.9875
168.65
167.7
166.75
167.225
166.4125
162.84375
157.45
148.86875
142.525
143.05625
147.2375
154.94375
161.7
165.825
166.3
163.26875
158.75
153.15625
150.875
148.83125
151.525
154.75625
151.84375
150.4375
145.78125
142.95
149.45
157.45625
162.2125
163.31875
157.4125
150.0
144.5375
137.9875
131.4375
120.2125
110.48125
103.6625
101.51875
105.7375
111.40625
118.50625
119.2875
119.8625
123.9375
126.3375
136.425
145.03125
142.70625
144.175
144.53125
146.7125
153.4875
153.5875
144.79375
133.8375
125.375
121.3375
125.24375
124.83125
123.11875
116.9375
112.28125
114.15
112.85
119.7125
121.925
122.7375
125.075
120.59375
115.90625
111.58125
112.23125
115.24375
123.1125
130.15
137.1625
143.1
144.3875
142.50625
135.49375
130.84375
129.15625
132.975
140.125
143.625
147.46875
148.325
146.16875
144.35625
137.4125
132.49375
127.6
126.20625
129.6
133.2125
136.61875
136.6375
136.68125
132.1625
131.39375
131.525
132.1625
138.75625
144.39375
148.8875
146.74375
141.93125
134.7125
131.1875
128.58125
124.9875
125.5
124.7625
131.7125
133.3625
129.59375
128.2875
120.91875
125.81875
134.4375
137.00625
145.10625
146.90625
146.11875
146.06875
142.03125
135.025
129.5
125.99375
123.025
124.50625
125.9875
127.225
127.35625
125.175
123.36875
123.53125
125.90625
135.625
145.24375
154.625
161.41875
156.01875
150.06875
140.3125
130.35
126.06875
120.25625
116.1125
122.50625
127.6
143.09375
157.80625
155.075
152.03125
140.39375
133.1
137.85
150.41875
156.475
154.80625
149.15
135.48125
128.05
129.4125
126.5
127.15625
130.35
132.21875
145.21875
152.1
155.5625
151.63125
140.4125
137.95
135.5375
140.775
149.7375
148.09375
147.3625
140.80625
129.6875
130.98125
130.85625
131.74375
130.0375
120.31875
115.125
115.5375
123.15625
127.925
128.05625
120.775
107.88125
102.70625
102.46875
107.8375
118.925
122.24375
117.95
113.5625
107.75
110.15625
119.875
129.43125
136.0125
140.38125
138.925
132.375
126.20625
115.825
112.425
113.90625
120.85
130.70625
138.5875
145.21875
144.1375
143.05625
133.4625
122.075
111.2375
102.0125
97.5625
96.15625
101.95625
106.3375
119.0
128.54375
134.025
139.11875
139.0
140.56875
136.80625
133.05625
126.11875
123.8375
129.6125
136.21875
141.99375
143.1125
139.79375
135.55
138.25625
138.64375
138.71875
138.69375
132.8875
131.7375
138.69375
147.4
157.53125
165.325
160.28125
152.4875
144.35625
129.90625
124.2125
118.20625
109.325
115.09375
119.25
129.41875
146.35
152.5875
161.5
163.63125
160.3875
156.86875
148.1625
143.75
139.8625
143.34375
147.64375
155.25
168.70625
171.26875
175.76875
169.44375
155.2125
151.54375
146.90625
143.1375
139.6625
125.4875
115.4875
112.2
113.84375
125.49375
124.11875
122.275
121.36875
121.38125
130.5
138.36875
138.75625
129.275
124.13125
116.9375
120.88125
131.79375
137.91875
145.9125
142.85
133.25
120.875
117.35
121.20625
137.98125
159.20625
164.79375
167.2625
155.41875
137.28125
127.0375
114.4875
116.7375
125.7
136.80625
150.55
150.01875
149.01875
142.675
139.31875
138.475
138.8375
141.64375
141.4625
147.61875
151.46875
154.95
152.1125
143.19375
133.9625
122.15625
124.73125
134.2875
145.6125
157.46875
159.5
153.39375
137.39375
128.45
125.4625
126.54375
143.79375
154.225
158.075
168.13125
166.04375
169.03125
174.3625
165.38125
161.3125
152.23125
143.19375
148.23125
153.94375
158.63125
161.89375
159.51875
155.95625
155.375
157.9125
155.71875
152.86875
154.225
148.8875
150.75625
152.9625
147.36875
148.25625
148.26875
152.475
155.375
160.3125
160.3875
151.74375
152.61875
144.975
138.2
131.625
120.775
119.7
122.55625
131.425
142.5125
147.01875
152.4625
156.59375
156.35625
157.925
155.18125
154.85
154.34375
151.24375
149.65
145.4125
146.31875
147.75625
146.28125
139.66875
121.6375
108.8375
100.1375
101.0875
118.1625
133.225
147.71875
159.5875
161.63125
160.53125
157.00625
157.00625
157.00625
157.00625
