0.6675
0.6675
0.6675
0.6675
0.696875
0.71
0.69375
0.6575
0.61625
0.58875
0.56875
0.55625
0.5675
0.55125
0.56125
0.565
0.57
0.58875
0.59125
0.60625
0.6125
0.625
0.63125
0.63125
0.61625
0.595
0.58625
0.566875
0.5775
0.5775
0.56625
0.57125
0.54625
0.5375
0.53375
0.523125
0.544375
0.54875
0.543125
0.543125
0.531875
0.539375
0.57
0.62
0.67875
0.7325
0.7825
0.780625
0.718125
0.6575
0.57125
0.514375
0.52625
0.529375
0.54875
0.565625
0.56
0.564375
0.575625
0.589375
0.5825
0.555625
0.52375
0.486875
0.486875
0.5275
0.564375
0.596875
0.61875
0.586875
0.54375
0.50125
0.445
0.41625
0.41375
0.436875
0.460625
0.491875
0.51125
0.478125
0.451875
0.426875
0.39625
0.448125
0.5025
0.543125
0.584375
0.529375
0.48125
0.4025
0.295625
0.2725
0.24875
0.299375
0.41625
0.501875
0.585
0.63125
0.633125
0.625
0.58875
0.544375
0.515625
0.496875
0.515
0.529375
0.54875
0.559375
0.5475
0.573125
0.579375
0.59625
0.64125
0.63125
0.63
0.620625
0.555625
0.528125
0.494375
0.455625
0.460625
0.469375
0.506875
0.55125
0.593125
0.6075
0.576875
0.554375
0.535
0.526875
0.515625
0.48625
0.445
0.416875
0.476875
0.5525
0.595625
0.63375
0.585625
0.53875
0.54375
0.526875
0.535625
0.513125
0.498125
0.491875
0.4675
0.489375
0.481875
0.47375
0.491875
0.470625
0.459375
0.47875
0.48375
0.50625
0.501875
0.471875
0.45625
0.45
0.475625
0.5075
0.525
0.54125
0.563125
0.5775
0.60125
0.61125
0.605625
0.601875
0.588125
0.58125
0.570625
0.54875
0.535
0.525
0.5225
0.545625
0.56125
0.55375
0.544375
0.52875
0.513125
0.52875
0.5375
0.545625
0.56875
0.58375
0.595625
0.5875
0.566875
0.500625
0.453125
0.430625
0.396875
0.444375
0.478125
0.4825
0.5225
0.521875
0.535625
0.575
0.579375
0.581875
0.5475
0.53625
0.55
0.5675
0.635625
0.66125
0.66875
0.668125
0.64125
0.63125
0.61
0.584375
0.5625
0.51875
0.506875
0.520625
0.52625
0.56625
0.58625
0.578125
0.57625
0.558125
0.548125
0.55
0.558125
0.56625
0.5725
0.585625
0.5925
0.584375
0.566875
0.5525
0.521875
0.504375
0.49875
0.48
0.4775
0.4775
0.46375
0.45
0.441875
0.44875
0.480625
0.51125
0.546875
0.566875
0.556875
0.558125
0.56
0.544375
0.55875
0.55875
0.55875
0.55875
