3.15
3.15
3.15
3.15
4.09375
4.9
4.94375
4.4125
3.575
2.55
2.14375
2.2875
2.73125
3.6125
4.3
4.50625
4.69375
4.38125
3.84375
3.525
3.0375
3.025
3.1625
3.55625
3.7875
3.5625
3.575
3.40625
3.58125
4.25625
4.75
5.025
5.15625
4.95
4.5875
4.33125
4.14375
3.88125
3.9875
4.01875
3.98125
4.04375
3.875
4.18125
4.26875
4.4375
4.4125
3.84375
3.675
3.675
3.88125
4.09375
4.125
3.95
3.8875
4.175
4.24375
4.10625
3.6625
3.06875
2.9125
2.9625
3.25
3.30625
2.9625
2.76875
2.56875
2.6875
2.99375
3.1125
3.19375
3.1625
3.26875
3.51875
3.6875
3.85625
3.88125
3.58125
3.45
3.4125
3.40625
3.8
4.28125
4.4625
4.43125
4.33125
4.16875
4.16875
4.53125
4.45
3.925
3.45
2.75625
2.6125
2.9875
3.75625
4.6
5.0
5.24375
4.8375
4.13125
3.9375
3.825
3.8125
4.10625
4.05
3.5875
3.31875
3.04375
2.56875
2.75
3.0625
3.51875
4.31875
4.6
4.525
4.26875
4.29375
4.275
4.4375
4.6
4.21875
3.95
3.8875
4.00625
4.125
4.775
5.0125
4.7125
4.59375
3.85
3.45625
3.4125
3.31875
3.375
3.29375
3.4
3.60625
3.69375
3.575
3.1
2.6875
2.64375
2.85
3.3375
3.78125
3.96875
4.2875
4.35
4.36875
4.24375
4.11875
4.18125
4.0125
4.025
3.49375
2.925
2.925
2.925
3.46875
4.375
4.55625
4.7375
4.55625
3.6125
3.03125
2.45
2.225
2.4
2.725
3.05625
3.15
3.4625
3.68125
4.06875
4.55625
4.60625
4.6125
4.40625
3.9625
3.8875
3.94375
4.1375
4.54375
4.65
4.54375
4.3
4.08125
4.05625
3.95
3.675
3.3625
3.0
2.65
2.4625
2.45625
2.63125
3.15625
3.71875
4.28125
4.49375
4.275
4.475
4.35
4.54375
4.875
4.6125
4.275
3.65
3.36875
3.30625
3.825
4.63125
4.94375
5.21875
5.0625
4.61875
4.4625
4.30625
4.14375
4.30625
4.7
5.2375
5.55
5.45625
4.9875
4.0125
3.6
3.63125
3.4625
3.61875
3.5375
3.175
3.33125
3.56875
3.75625
3.9
3.6625
3.375
3.225
3.13125
3.3375
3.55
3.50625
3.775
3.89375
3.9625
4.175
3.90625
3.66875
3.75
3.9
4.26875
4.575
4.54375
4.225
3.825
3.30625
2.70625
2.4375
2.69375
3.10625
3.9625
4.76875
5.13125
5.84375
5.96875
6.0375
5.75
4.6625
3.86875
3.0
2.4375
2.4
2.65625
3.01875
3.425
3.93125
4.09375
4.3125
4.95
5.44375
5.95
6.4125
6.34375
6.2375
6.325
6.2875
6.08125
5.875
5.15
4.28125
4.10625
3.85625
4.2125
5.00625
5.14375
5.575
5.7625
5.75625
6.0
5.84375
5.5875
5.28125
5.225
5.28125
5.5125
5.9125
5.84375
5.975
5.8125
5.325
5.275
4.85
4.79375
4.94375
4.75625
5.01875
5.1875
5.30625
5.50625
5.5125
5.61875
5.71875
5.85625
5.7625
5.44375
5.25
4.9625
5.00625
4.975
4.96875
5.09375
5.10625
5.475
5.54375
5.425
5.55625
5.2625
5.1875
5.50625
5.575
5.95
6.43125
6.425
6.05625
5.56875
4.81875
4.675
5.04375
5.4375
5.95
5.85625
5.64375
5.575
5.50625
5.5625
5.6125
5.15625
4.60625
4.35625
3.83125
4.03125
4.175
4.31875
4.90625
4.975
5.55625
5.59375
5.65
5.875
5.525
5.9
5.70625
5.4
5.3375
4.9125
4.8375
4.925
4.95
4.975
5.00625
4.975
4.9375
4.75625
4.78125
4.9875
5.11875
5.38125
5.23125
4.9
4.83125
4.93125
5.44375
5.8
6.15
6.13125
5.90625
5.925
5.86875
5.83125
5.80625
5.4
4.74375
4.46875
3.9625
3.93125
3.9
3.5375
3.575
3.46875
3.725
4.125
4.34375
4.30625
3.90625
3.75
3.41875
3.4875
3.74375
3.875
4.35625
4.475
4.94375
5.04375
4.7875
5.00625
4.8
4.88125
5.325
5.29375
5.4
5.46875
5.5375
5.675
5.5625
5.6625
5.21875
4.89375
4.7125
3.9625
3.78125
3.80625
3.94375
4.43125
4.86875
5.16875
5.38125
5.75
5.9625
5.9875
5.81875
5.56875
5.175
4.66875
4.6625
4.5875
4.8
5.28125
5.35625
5.3625
5.04375
4.63125
4.1125
3.6625
3.41875
3.275
3.75
4.29375
4.9
5.6375
5.61875
5.675
5.64375
5.25625
5.21875
4.85625
4.35
4.19375
4.04375
4.25625
4.75625
5.10625
5.45625
5.44375
4.95
4.44375
4.23125
4.2375
4.625
5.0
5.00625
4.71875
4.53125
4.125
3.75625
3.925
4.16875
4.59375
4.9875
4.85625
4.14375
3.65
3.31875
3.23125
3.6875
3.9625
4.11875
4.275
4.275
4.13125
4.19375
4.2125
3.95625
3.84375
3.1875
2.625
2.575
2.70625
3.15
3.5375
3.625
3.7125
4.19375
4.975
5.6125
5.70625
5.275
4.2625
3.4375
3.19375
3.01875
3.4875
4.09375
4.625
5.38125
5.38125
5.0875
4.65
4.19375
4.18125
4.31875
4.45625
4.3
4.3875
4.475
4.38125
4.59375
4.3375
4.0
3.6625
3.2875
2.98125
2.9875
3.325
3.325
3.325
3.325
