0.0975
0.0975
0.0975
0.0975
0.108125
0.105625
0.115625
0.1075
0.103125
0.11375
0.104375
0.10875
0.111875
0.095
0.090625
0.07125
0.063125
0.0675
0.064375
0.0675
0.06
0.0575
0.06
0.065
0.07
0.0775
0.09625
0.1275
0.1575
0.18
0.1925
0.18
0.1575
0.1225
0.08625
0.0675
0.07125
0.09
0.09875
0.10875
0.10125
0.090625
0.0975
0.09875
0.10625
0.1125
0.11375
0.11375
0.12125
0.143125
0.155
0.15625
0.139375
0.0975
0.06
0.045
0.04875
0.07
0.1025
0.125
0.141875
0.15875
0.1575
0.1425
0.125
0.1025
0.1025
0.1275
0.15125
0.17625
0.178125
0.1575
0.138125
0.108125
0.086875
0.075
0.05375
0.045
0.038125
0.041875
0.053125
0.06625
0.090625
0.103125
0.1175
0.121875
0.11375
0.10875
0.10875
0.10875
0.11125
0.10625
0.10125
0.1125
0.111875
0.1175
0.108125
0.0875
0.081875
0.0825
0.105625
0.1225
0.14125
0.1475
0.1375
0.12875
0.1125
0.099375
0.08125
0.068125
0.05875
0.063125
0.08125
0.110625
0.126875
0.1325
0.128125
0.10375
0.088125
0.0725
0.061875
0.0575
0.0675
0.07625
0.0975
0.13375
0.145
0.15875
0.1475
0.11125
0.09
0.0675
0.06875
0.095
0.12125
0.1375
0.13125
0.1
0.07375
0.055
0.0475
0.065
0.075
0.09875
0.135
0.14625
0.145
0.13375
0.10875
0.09625
0.09625
0.0875
0.07125
0.055
0.03875
0.0375
0.0425
0.0475
0.055
0.055
0.07
0.0975
0.13125
0.16375
0.17125
0.15375
0.1275
0.10375
0.0925
0.09875
0.09625
0.08
0.06375
0.05
0.0425
0.06
0.09
0.1125
0.1375
0.14
0.1175
0.0825
0.06
0.05
0.0525
0.0725
0.07
0.0725
0.075
0.07
0.0725
0.0675
0.07375
0.08
0.09125
0.09
0.07875
0.0825
0.08125
0.095
0.095
0.0825
0.085
0.0825
0.095
0.095
0.0825
0.085
0.0825
0.095
0.095
0.0825
0.085
0.0825
0.105
0.115
0.1
0.1
0.0875
0.1
0.125
0.125
0.1125
0.1125
0.1125
0.1125
