3.60625
3.60625
3.60625
3.60625
2.9625
2.475
2.15
2.24375
2.59375
2.8625
3.40625
3.825
4.3625
4.79375
5.0
5.1375
5.1
5.1
4.875
4.41875
3.7875
2.9375
2.50625
2.35625
2.375
2.79375
3.01875
3.30625
3.80625
4.09375
4.23125
4.14375
3.75625
3.49375
3.3375
3.5125
3.66875
3.6375
3.875
3.675
3.59375
3.49375
2.94375
2.6125
2.225
2.0625
2.16875
2.425
2.95625
3.4125
3.7875
3.8625
3.53125
3.1625
2.86875
2.725
2.9125
3.0625
3.5375
4.19375
4.73125
5.34375
5.23125
4.975
4.65625
4.3
4.26875
4.13125
4.025
3.73125
3.80625
3.75
3.49375
3.75625
3.6
3.875
4.58125
4.84375
5.16875
5.2625
5.125
5.03125
4.9625
4.89375
4.5625
4.1375
3.68125
2.9625
2.7375
2.725
2.59375
2.80625
2.6375
2.5625
2.64375
2.825
3.30625
3.4625
3.7875
3.66875
3.25
3.26875
3.08125
3.24375
3.7625
3.80625
3.6875
3.5875
3.075
2.7375
2.6375
2.46875
2.65625
2.89375
3.2375
3.3125
3.09375
2.86875
2.4875
2.7125
3.25625
4.01875
4.825
5.14375
5.2875
5.2125
5.2125
5.15
5.0875
4.79375
4.05
3.625
3.01875
2.84375
3.05
2.88125
2.85625
2.48125
2.24375
2.46875
2.76875
3.21875
3.26875
2.9375
2.71875
2.5
2.6875
3.31875
3.83125
4.525
5.03125
5.1
5.1
4.65625
4.28125
3.85
3.53125
3.85
4.0875
4.6875
5.1375
4.875
4.41875
3.80625
3.125
2.96875
3.2375
3.38125
4.03125
4.5
4.64375
5.01875
4.78125
4.3875
3.9875
3.325
2.7625
2.64375
3.0
3.55
4.2375
4.63125
4.21875
3.7625
3.73125
3.40625
3.7875
4.45625
4.30625
4.6
4.45625
3.7375
3.46875
3.04375
2.7875
2.99375
3.51875
4.0875
4.6125
4.7875
4.24375
3.6625
3.1375
2.7375
2.89375
2.875
2.9
3.38125
3.4625
3.85625
4.30625
4.16875
4.40625
4.475
4.54375
4.5625
4.23125
4.1125
3.61875
3.51875
3.7375
3.4
3.55625
3.61875
3.35
3.5
3.49375
3.6
4.1375
4.625
4.98125
5.0375
4.60625
4.1875
3.65
2.9375
2.46875
1.99375
1.7
1.75
1.8
2.03125
2.375
2.8875
3.58125
4.16875
4.45
4.44375
4.25625
4.06875
4.45
4.95625
5.28125
5.24375
4.45625
3.5875
3.08125
3.21875
3.7625
4.35625
4.83125
4.76875
4.93125
4.78125
4.3625
4.2375
3.65625
3.40625
3.725
4.0
4.58125
5.075
5.025
4.54375
3.95625
3.5
3.15625
3.35
3.675
4.01875
4.49375
4.98125
5.3125
5.38125
5.3625
4.90625
4.175
3.60625
3.11875
2.95
3.3125
3.81875
4.425
4.74375
4.79375
4.53125
3.7125
3.35625
3.1
3.05625
3.5625
3.79375
4.03125
4.4375
4.94375
5.48125
5.925
5.9375
5.3375
4.78125
3.95
3.50625
3.5375
3.45
3.69375
3.7875
3.65625
3.4625
3.4
3.25
3.39375
4.03125
4.39375
4.88125
4.96875
4.7
4.54375
4.3
4.3125
4.25625
4.25625
4.25625
4.25625
