-0.139375
-0.139375
-0.139375
-0.139375
-0.130625
-0.179375
-0.071875
0.050625
0.176875
0.408125
0.47125
0.56375
0.519375
0.43
0.366875
0.256875
0.198125
0.16
0.15625
0.089375
0.101875
0.006875
-0.055625
-0.051875
-0.136875
-0.1375
-0.16
-0.169375
-0.176875
-0.1175
-0.071875
-0.03125
0.065625
0.08375
0.10375
0.14875
0.17125
0.17125
0.106875
-0.059375
-0.133125
-0.079375
0.0975
0.419375
0.596875
0.5825
0.535625
0.335
0.185
0.133125
0.0375
0.03
-0.053125
-0.140625
-0.2525
-0.3075
-0.209375
-0.1125
0.071875
0.18
0.21125
0.2725
0.28875
0.271875
0.24625
0.22
0.114375
0.089375
0.04
-0.033125
-0.015
-0.06125
-0.089375
-0.11625
-0.0975
-0.07125
0.018125
0.071875
0.03375
0.030625
-0.020625
-0.02125
0.04875
0.06875
0.14875
0.229375
0.21375
0.244375
0.086875
-0.07625
-0.17875
-0.285625
-0.264375
-0.2625
-0.205
-0.1225
0.028125
0.18375
0.240625
0.22375
0.0975
-0.0425
-0.165625
-0.21
-0.195625
-0.185625
-0.073125
-0.00125
0.136875
0.310625
0.4075
0.4575
0.366875
0.251875
0.095
0.043125
0.053125
0.11
0.17375
0.115625
0.003125
-0.140625
-0.18125
-0.124375
0.05
0.21125
0.305625
0.4025
0.413125
0.396875
0.344375
0.1975
0.003125
-0.180625
-0.32875
-0.368125
-0.225
0.0075
0.224375
0.356875
0.25625
0.033125
-0.115625
-0.1925
-0.088125
0.07875
0.106875
0.09625
0.011875
-0.06875
-0.001875
0.076875
0.164375
0.2275
0.23125
0.225
0.2275
0.294375
0.346875
0.388125
0.370625
0.305625
0.251875
0.16125
0.09375
0.0325
-0.099375
-0.183125
-0.22875
-0.341875
-0.33375
-0.26875
-0.155
0.0425
0.135625
0.095
-0.0075
-0.109375
-0.055
0.09625
0.205625
0.265
0.088125
-0.059375
-0.1175
-0.126875
0.00375
0.045625
0.04
-0.0575
-0.166875
-0.171875
-0.21
-0.18
-0.0925
-0.095625
-0.01875
0.12625
0.195625
0.24125
0.1975
0.086875
0.038125
0.086875
0.21625
0.351875
0.393125
0.395
0.289375
0.14375
0.0725
-0.04
-0.04625
-0.03875
-0.0975
-0.1
-0.146875
-0.180625
-0.128125
-0.1325
-0.133125
-0.148125
-0.196875
-0.23625
-0.213125
-0.075
0.053125
0.19375
0.235
0.11625
-0.0125
-0.095625
-0.15875
-0.11875
-0.06875
-0.019375
0.06625
0.08
0.06875
-0.033125
-0.103125
-0.1025
-0.07
0.085
0.2
0.24125
0.29375
0.248125
0.196875
0.21625
0.1925
0.18375
0.098125
-0.069375
-0.176875
-0.225625
-0.163125
-0.046875
-0.01
-0.070625
-0.130625
-0.21
-0.203125
-0.02375
0.130625
0.35625
0.54
0.55625
0.55125
0.45375
0.35875
0.238125
0.095625
-0.02625
-0.101875
-0.03125
0.049375
0.195625
0.23625
0.168125
0.179375
0.068125
-0.031875
-0.031875
-0.031875
-0.031875
