0.0333184157945
0.0333184157945
0.0333184157945
0.0333184157945
0.0531207522154
0.085654140267
0.121030990723
0.140159716703
0.139783451188
0.11335039256
0.0809934152374
0.0676121972235
0.0609793859421
0.0685121240594
0.0793623123547
0.0649555909202
0.0603468606318
0.0664922212153
0.0811712186824
0.110309628683
0.138710131175
0.140464257329
0.122693661841
0.102827492591
0.0628950671846
0.040974641422
0.0297695425948
0.0303911582943
0.0500317075073
0.0679657150391
0.0892538476108
0.104130842909
0.110107220584
0.110061493066
0.111160810449
0.0952109593772
0.0776664481649
0.0642583043028
0.0386527512645
0.0242903646316
0.0214724353594
0.0189701884438
0.0242049446999
0.0360906175489
0.0335201275357
0.0309890978169
0.0284777982455
0.0211008122321
0.035969683352
0.0508188243246
0.0804033677737
0.106907454932
0.108634190999
0.110360927066
0.082577397886
0.0668819496542
0.0636694174361
0.0681741582423
0.0874143015249
0.0868539653417
0.0871508460286
0.073976910621
0.0607681573063
0.0583910227366
0.0492295029303
0.0545921569647
0.0600639071077
0.0654968933142
0.074322072139
0.071359532493
0.070059431846
0.0686397897183
0.0646851718425
0.063747641667
0.0596983190842
0.0578715395642
0.0557362733882
0.0506909265462
0.0614930661298
0.0714853411969
0.0823376185666
0.0912342901604
0.0708488698572
0.0491703124884
0.0442500779921
0.0590091566453
0.0903986603927
0.12139518603
0.124825446226
0.113442079715
0.103338155227
0.0906890417369
0.0887283293347
0.0730089728068
0.0571192406539
0.049049146172
0.0431470466986
0.0500071028529
0.0465422568688
0.0441231086912
0.0416935151416
0.0479776831143
0.0661814133656
0.0680260660778
0.0697616226815
0.0560429030892
0.0347389863996
0.0283717196889
0.022133279234
0.0269084391179
0.0437716799501
0.053286717572
0.062805469104
0.0675174925165
0.0572947229052
0.0508155746533
0.0459071782454
0.0408021767227
0.0385438872754
0.0328569624672
0.0237360635524
0.0166443522569
0.0216407219098
0.0287558772627
0.0450569249568
0.0607333393994
0.0714229010837
0.0845601616294
0.0839510803764
0.0869407779899
0.0731183010347
0.0700492185933
0.0771365196206
0.0775510848331
0.0890957743131
0.0808112015242
0.0639087325167
0.0612760345096
0.0677194363769
0.0782906171775
0.0935297187084
0.088858084068
0.0689800767293
0.0486343488401
0.0284278925788
0.0155415530829
0.0178632111209
0.0253901462538
0.0333917655186
0.0430558237824
0.0453034357382
0.0424667047961
0.0405466132854
0.0386810698289
0.02980877077
0.0241348446471
0.0300979915174
0.0375648077309
0.0516832368955
0.0691755212473
0.0636914687772
0.0552743558223
0.0475345672181
0.0333005426023
0.0259340019609
0.0277141254856
0.0287303441308
0.0405647185969
0.0536135416588
0.0619621793965
0.0737557008518
0.0700533967421
0.0683563719555
0.0532433112479
0.0321239294654
0.0206976208692
0.0110957705992
0.0129868471874
0.0179618618574
0.0193833609401
0.0172128126184
0.0272740271413
0.0387423493452
0.0520253808615
0.0743185903483
0.0704946556834
0.0670103116713
0.0633305231413
0.0493587934248
0.047941472491
0.0491570816837
0.0652452759063
0.0794166282895
0.0924336509963
0.0931337230462
0.0643037997014
0.0406559415133
0.0183664459366
0.00887995899843
0.014009333056
0.0183088803304
0.0240656730719
0.0348239420927
0.0491176213891
0.066889145355
0.0815096487384
0.0742909681421
0.0607217334304
0.041226955188
0.0233196413848
0.0192468747447
0.0178260720201
0.0241933387309
0.0306998770696
0.0307913321053
0.0340491276025
0.0274947726716
0.0210211952848
0.0264012582727
0.0408086760653
0.0602820993247
0.0874505121481
0.0995000612794
0.0922454021792
0.0848909317456
0.0620434211796
0.0486793799998
0.0461204959555
0.043402610136
0.0591363580655
0.0713969037132
0.0802652567427
0.0922760419376
0.0831535181871
0.0864920912286
0.0790963035454
0.0657749723314
0.0642439129014
0.0441080209316
0.037570378596
0.034091605449
0.0277972242236
0.0293733148133
0.0271853575381
0.0395380545796
0.052992854437
0.0783388980086
0.109963538688
0.113585297373
0.120805834924
0.116135128761
0.0990792288437
0.0938999491194
0.0929215659331
0.0819952424812
0.0794669981951
0.0784076053451
0.0592143501772
0.0468885789837
0.0421791088844
0.0391766447051
0.0466782788255
0.0632509061941
0.0600230540968
0.0610590028893
0.0730558609213
0.0713251788246
0.080781258124
0.0764552492404
0.0579284088123
0.0548755747275
0.0528201576183
0.0600599610781
0.0633497890498
0.0531490707796
0.0397560146773
0.0251566341575
0.0256166947685
0.0331234355153
0.0424857385852
0.0526878495717
0.0473161428815
0.0422016244642
0.0387790242072
0.034219271108
0.0453726073134
0.0649235584457
0.084258174316
0.100806893388
0.106588987142
0.0877460001188
0.0788711477468
0.0726457059772
0.0722404255398
0.0864145633555
0.0791424953018
0.0794075756337
0.0719091911846
0.0659576502833
0.0650883632055
0.0494019676295
0.0356853371116
0.0298245548879
0.0288136749883
0.0352935195983
0.0523939864368
0.0494551229675
0.0469087733697
0.0460148816376
0.0444218463332
0.0552899078207
0.0802339206263
0.101724461297
0.108764177852
0.11715761463
0.0963235075652
0.0919712691916
0.0984241879536
0.100246325086
0.119726944046
0.111424033826
0.0963367383699
0.0812401581383
0.060474062052
0.0529733564091
0.04138340365
0.0296360739514
0.0215931374369
0.0113297469342
0.0160292359001
0.0331998027914
0.0483811065967
0.0656435927623
0.0690789595853
0.0587431478359
0.054359573346
0.0498002844854
0.0525539166894
0.0509098151215
0.0395573204881
0.0282085397648
0.0246631483559
0.0282103967199
0.038331033804
0.0486002272913
0.0500987900081
0.0522417161236
0.0616458006819
0.0729393369928
0.0842328733037
0.109656908987
0.115338959288
0.118820285748
0.111869703036
0.0864456673525
0.0750128594137
0.0698075823188
0.0894868954683
0.104179355859
0.112283804009
0.106660712031
0.0737935363108
0.0480679775531
0.040502974842
0.042658435404
0.0703967013051
0.103397113549
0.107148394848
0.106932755944
0.0791508515996
0.0594710742114
0.0646099651636
0.0737157763187
0.0990455715337
0.0984573810249
0.0874702422955
0.0728383650626
0.0570547114664
0.0552968714022
0.0460615376331
0.0381653005668
0.0281057108795
0.0213624107733
0.0187812432685
0.0213491799687
0.0287862849015
0.0321638539988
0.0462574463897
0.0584341969412
0.0650793105496
0.0788521139575
0.0782174995727
0.0689192614517
0.0765692198559
0.0704370900771
0.0857314360204
0.10481559508
0.0947051712484
0.0957174438643
0.0676328558483
0.041437719585
0.0447923088636
0.0418613374533
0.0554932443976
0.069273707745
0.0642585364223
0.0647592179248
0.0662176239889
0.0676017518514
0.0676017518514
0.0676017518514
0.0676017518514
