0.03959409375
0.03959409375
0.03959409375
0.03959409375
0.0552800375
0.0681551625
0.07502733125
0.07675756875
0.06742144375
0.05808531875
0.05647703125
0.05308273125
0.05520323125
0.0551731
0.04889479375
0.04539376875
0.043071375
0.0425862875
0.04723615625
0.0499372875
0.04899583125
0.04861474375
0.04713531875
0.04729130625
0.051767825
0.05794998125
0.05999371875
0.0658235
0.06665480625
0.0657976625
0.0673487
0.0629630625
0.0635759
0.061773875
0.05782121875
0.05698941875
0.0531361875
0.0559924
0.06099924375
0.0637523125
0.06928000625
0.0650298875
0.06266616875
0.0622286625
0.05491363125
0.0580366
0.0573204875
0.05531905
0.0589792125
0.05516794375
0.0562042125
0.05753628125
0.05654829375
0.05687085
0.051469975
0.04707615
0.04421291875
0.04092708125
0.0404035375
0.03921980625
0.0362199
0.03486124375
0.036463725
0.03995260625
0.04596443125
0.05110941875
0.05080773125
0.04956181875
0.05087226875
0.054972525
0.06417641875
0.0696209125
0.0708772875
0.068376875
0.06082540625
0.0544444
0.0488970875
0.0464639
0.04642306875
0.0524929875
0.0606595875
0.06560518125
0.0707645375
0.07116188125
0.06757655625
0.06576205625
0.06344505625
0.0591179875
0.05622313125
0.05745086875
0.06167105625
0.07253569375
0.08213803125
0.0828858
0.07872864375
0.06501613125
0.05645253125
0.05713911875
0.06024068125
0.06856124375
0.0690111625
0.0648359875
0.06050135
0.05676061875
0.05695890625
0.05259838125
0.0482361375
0.043568725
0.03767521875
0.0408993375
0.043641975
0.0458071375
0.05117684375
0.0477582625
0.04655328125
0.0470678125
0.047311425
0.051455175
0.0522432875
0.05016985
0.0447072375
0.0421045125
0.04432150625
0.0482580125
0.0548907375
0.061021175
0.0611924875
0.0631589875
0.067271175
0.0647962875
0.067013675
0.0669913875
0.0606631125
0.061722225
0.05924234375
0.05476758125
0.0543754875
0.05115481875
0.0522042125
0.0554042375
0.0609052125
0.0654640125
0.06392793125
0.0617316625
0.0538233125
0.04633523125
0.04321855625
0.041355975
0.04685808125
0.051204275
0.05727394375
0.06496661875
0.06811183125
0.0729348625
0.0726525375
0.06734248125
0.0558382
0.04920605625
0.049302625
0.055698775
0.06969693125
0.07882295
0.0790944
0.0758770875
0.0760384375
0.07132765
0.0738387875
0.076349925
0.07407461875
0.07726153125
0.07559781875
0.0713822875
0.06097253125
0.0522264875
0.04828605625
0.04544748125
0.05296909375
0.05592881875
0.05581453125
0.0592936375
0.0582268625
0.061132125
0.06218691875
0.0622786875
0.06515855625
0.06637448125
0.072857925
0.08056914375
0.08587218125
0.08961815625
0.08900519375
0.08598405
0.07840409375
0.0717385375
0.06973138125
0.0624838125
0.06012439375
0.05865468125
0.0494318375
0.046064725
0.04197265625
0.04000620625
0.04448496875
0.050565325
0.05993615625
0.06463929375
0.06589896875
0.065619675
0.059303625
0.0555480125
0.053020125
0.04630411875
0.04297705625
0.040472325
0.039661425
0.042728975
0.04538813125
0.05015386875
0.05219061875
0.05605881875
0.061286225
0.0581003125
0.05655565
0.05120161875
0.04367950625
0.04300680625
0.043931225
0.047553025
0.05214505
0.05644281875
0.05605589375
0.05777555
0.059428925
0.05974614375
0.0634680875
0.05937061875
0.05755634375
0.05480018125
0.05607520625
0.06660041875
0.0773169
0.090141325
0.09346851875
0.08949820625
0.0779007125
0.06293595
0.0515212375
0.0427789375
0.042446375
0.042350275
0.04548843125
0.04608
0.04029009375
0.03946484375
0.03678000625
0.03918834375
0.04733400625
0.05111526875
0.059073425
0.06715740625
0.073636975
0.0833674375
0.088868425
0.08691055625
0.08254643125
0.07896831875
0.06919598125
0.064660175
0.05858854375
0.04521940625
0.04000924375
0.03346635
0.03183553125
0.03482980625
0.03521666875
0.0396769125
0.04650704375
0.053337175
0.06300969375
0.0663007375
0.06305729375
0.05981385
0.05217095625
0.0502653875
0.0482395875
0.04561988125
0.0458425625
0.041565975
0.04225888125
0.0441396
0.04473499375
0.048319575
0.04699923125
0.04351585
0.04554726875
0.05013076875
0.05712924375
0.06948289375
0.07696440625
0.07629851875
0.0780249875
0.0759654125
0.07165340625
0.07420659375
0.0727964625
0.0711221
0.0739526
0.0721703375
0.0730182125
0.07439455
0.0687320125
0.06993466875
0.067663175
0.06753563125
0.07378665625
0.0711968125
0.07257900625
0.07155301875
0.06893490625
0.072628475
0.0711362875
0.0669716875
0.0613763125
0.05137865
0.051097025
0.05193075
0.05523175625
0.06065838125
0.05786251875
0.05561278125
0.05272080625
0.050075875
0.04975723125
0.05106484375
0.05517250625
0.05893330625
0.05925418125
0.06358483125
0.06231298125
0.06660699375
0.07367463125
0.07178081875
0.07267510625
0.06835039375
0.0652980125
0.06668886875
0.06972806875
0.06789513125
0.0648694
0.06277194375
0.05402113125
0.0507325375
0.04773268125
0.0426625125
0.04162353125
0.0394043875
0.039782075
0.0410880375
0.04820690625
0.0565059375
0.0622081375
0.0687649875
0.0658733625
0.06204861875
0.05591578125
0.05021558125
0.0483492375
0.04682593125
0.0477176
0.04810680625
0.0489692625
0.0502273375
0.05560800625
0.05748215625
0.06141795625
0.064315475
0.06298351875
0.064809475
0.06267485625
0.06286071875
0.05817444375
0.05216930625
0.04758984375
0.03930788125
0.03654071875
0.03575260625
0.03639661875
0.04000225625
0.0425696125
0.04634865625
0.04909119375
0.0508424875
0.054420175
0.0578249125
0.0648182375
0.0719201625
0.0785332
0.0810897125
0.075498825
0.06990621875
0.06389391875
0.05737933125
0.05730995625
0.05679238125
0.051288625
0.04763381875
0.0411764375
0.03973976875
0.047231075
0.057450075
0.0721738375
0.07793615
0.0757243
0.074660675
0.0700084625
0.0740289625
0.0847717875
0.08744815625
0.08584246875
0.07567095
0.05976808125
0.04898439375
0.04409240625
0.04278723125
0.04235449375
0.04196345
0.0380877125
0.0351793125
0.0355530875
0.03997448125
0.04762406875
0.05487135
0.0604169375
0.056839725
0.05190936875
0.0499515
0.04834865
0.05312436875
0.05906614375
0.0638433
0.0674276625
0.06805540625
0.0652633
0.058332775
0.05487430625
0.05310966875
0.05168665625
0.05085053125
0.04653023125
0.04155125625
0.03989223125
0.0394118375
0.03819579375
0.0418679
0.0445823125
0.04961720625
0.05691924375
0.05646815
0.05527823125
0.05319663125
0.05512480625
0.0602473
0.06605415
0.0691466875
0.06239513125
0.055643575
0.0484964
0.04305494375
0.04579905625
0.047178675
0.05075950625
0.0544965125
0.05296056875
0.05561769375
0.053476775
0.05335481875
0.05553924375
0.05395291875
0.05691610625
0.05597393125
0.05959056875
0.0621967
0.06096375
0.0617497625
0.0579769625
0.0565524625
0.0598429375
0.06300085
0.0661587625
0.0708981
0.0718666875
0.0726545125
0.068201925
0.05939963125
0.054211925
0.04980704375
0.053854725
0.06027506875
0.058804
0.05657469375
0.0486026875
0.040036775
0.03728376875
0.03758179375
0.04073970625
0.0461219375
0.0509102625
0.05026389375
0.04895885
0.04961198125
0.05055385
0.05420871875
0.0627517375
0.0633698125
0.065627325
0.0673823375
0.060019725
0.05710035
0.05198856875
0.0518975
0.05568364375
0.06186214375
0.06635219375
0.0616583375
0.0585501375
0.05033658125
0.04550648125
0.04712159375
0.049916575
0.0550289375
0.05734603125
0.05611278125
0.0508185625
0.050438175
0.051356
0.0556017125
0.06142885
0.06060263125
0.06273755
0.06154458125
0.065372325
0.0710041625
0.0730632
0.07649744375
0.07327833125
0.06986340625
0.06497579375
0.0650020125
0.066832325
0.06719621875
0.0696444625
0.0674676125
0.06314226875
0.0610326625
0.06094201875
0.0562925625
0.05408205
0.05114658125
0.04371184375
0.04272231875
0.0444950875
0.05128856875
0.0641174
0.07505983125
0.0822315125
0.0821056875
0.07702701875
0.07236833125
0.06929596875
0.06537420625
0.05991661875
0.05456124375
0.04856171875
0.04608400625
0.0510701875
0.052392275
0.0530702125
0.05374815
0.049664075
0.0473998125
0.0422578875
0.040637775
0.035149725
0.0309837625
0.0365338375
0.0350402875
0.04149874375
0.04992195
0.05042069375
0.05822729375
0.0624036
0.0656503125
0.06916318125
0.0651039625
0.0569472
0.044755375
0.031027725
0.02460793125
0.02212993125
0.02643788125
0.0357104875
0.04240345625
0.05303821875
0.0600426875
0.06311765625
0.0607864625
0.05057168125
0.03625935625
0.02391178125
0.01602819375
0.0120864
0.0120864
0.0120864
0.0120864
0.0120864
0.0120864
0.0120864
0.018280625
0.02447485
0.03445511875
0.04822143125
0.05376525625
0.0607168625
0.0630962875
0.0623676125
0.063965225
0.062747275
0.05931555625
0.05520589375
0.05252844375
0.051258775
0.05677505625
0.06161339375
0.0624690625
0.06684654375
0.06665184375
0.06781303125
0.06728485625
0.05971305625
0.0499274875
0.0349999875
0.03020850625
0.033402825
0.04338309375
0.0597921
0.06733446875
0.06989065625
0.0678746625
0.06192916875
0.055134275
0.04491978125
0.03249151875
0.02202800625
0.02128053125
0.02447485
0.03223820625
0.04378760625
0.04711451875
0.054227475
0.061202075
0.0606045875
0.0623333875
0.0564901
0.05068011875
0.05312016875
0.05699243125
0.0646507375
0.07016701875
0.07054136875
0.06693305
0.06684654375
0.06665184375
0.06334904375
0.05835688125
0.04632109375
0.0320715375
0.021608025
0.02128053125
0.02447485
0.03445511875
0.048899375
0.05447699375
0.0613767
0.063704225
0.057103775
0.049653925
0.0395599
0.02725210625
0.0194083
0.01508630625
0.018280625
0.02447485
0.03445511875
0.048899375
0.05447699375
0.06384065625
0.0686321375
0.06449564375
0.05950975
0.04695176875
0.03218001875
0.02187225625
0.01508630625
0.018280625
0.02447485
0.03445511875
0.04600451875
0.04868728125
0.0551560875
0.05502803125
0.0517617125
0.04764599375
0.0359581875
0.026105975
0.01782289375
0.013061625
0.018280625
0.02447485
0.03445511875
0.04822143125
0.04959929375
0.0547632
0.055354925
0.0483745625
0.047588425
0.0392302
0.02865820625
0.02187225625
0.01769194375
0.017297675
0.02368935625
0.03386708125
0.03883353125
0.047586025
0.0517663375
0.0483745625
0.047588425
0.0392302
0.02865820625
0.02187225625
0.01887235
0.0206337125
0.029181025
0.0387035625
0.0406540125
0.0406540125
0.033081925
0.0235593875
0.01782289375
0.0156672625
0.02108371875
0.0300810375
0.0428644
0.05460245
0.0587684125
0.0612449125
0.0596711375
0.052371075
0.05302301875
0.0554312
0.0545818
0.060504
0.06188031875
0.060584225
0.0667517375
0.067707975
0.0668935
0.0615202125
0.0544575625
0.0516473125
0.05098769375
0.053251475
0.04863773125
0.044896425
0.041377575
0.0456883625
0.0543772
0.0577029625
0.0589484
0.04971755625
0.039873875
0.03601596875
0.03565134375
0.04385083125
0.05661395625
0.06529300625
0.0722703625
0.0707361875
0.06752651875
0.0662012
0.0652309
0.068490075
0.06493454375
0.0585784875
0.05053803125
0.04447461875
0.04342528125
0.04579461875
0.050732825
0.051321325
0.05201153125
0.0482975375
0.0443805625
0.04283625
0.04091001875
0.04241774375
0.0419187375
0.046044825
0.0509169625
0.0568086625
0.06380315
0.06617254375
0.069184625
0.073259475
0.079574425
0.0823007875
0.0842131875
0.0807807625
0.07295803125
0.07006004375
0.0638112875
0.05803521875
0.056427
0.05117624375
0.0487540625
0.05073133125
0.04831829375
0.0482116375
0.04843431875
0.04479333125
0.04339244375
0.0441421875
0.0463838875
0.05000079375
0.05368398125
0.05306590625
0.04847590625
0.0470695
0.048259925
0.0518234375
0.05753758125
0.05752829375
0.052391625
0.04934059375
0.0462895625
0.046000825
0.05280145
0.05476343125
0.0592559625
0.06843986875
0.0688354875
0.07459023125
0.075283875
0.06909999375
0.06870265
0.0628706125
0.05984588125
0.0613260125
0.06219125625
0.06680465625
0.07183476875
0.07461245
0.0757700125
0.07724961875
0.07803575625
0.07394975625
0.06773088125
0.0555839375
0.04247811875
0.03478021875
0.03048704375
0.0336577625
0.03777600625
0.04141276875
0.04705245625
0.0496922375
0.05690218125
0.0637147875
0.0679305625
0.0710586
0.06500273125
0.06124258125
0.05748243125
0.059092075
0.067699475
0.0724015125
0.077401575
0.07290058125
0.0650850375
0.0595109125
0.05108694375
0.053100975
0.05605689375
0.05850161875
0.0634438625
0.05794810625
0.04945244375
0.04111295625
0.0309699
0.02663975
0.027167375
0.032386375
0.04109865625
0.048623125
0.05862608125
0.06227370625
0.0642196375
0.071978475
0.07084214375
0.0689368125
0.0670977625
0.05549225
0.0487748875
0.0445567625
0.04496373125
0.0517932125
0.0578977375
0.0665015
0.065855075
0.06166965625
0.0589163625
0.0529858875
0.0542773375
0.059540825
0.06213739375
0.06541190625
0.06586541875
0.0640108375
0.06281144375
0.05914809375
0.05796134375
0.05393071875
0.05087531875
0.050283875
0.04744
0.04803008125
0.052141975
0.0579316875
0.0637214
0.0696145
0.0700993875
0.072100775
0.06976580625
0.06673736875
0.06842390625
0.06229103125
0.0604945125
0.06025831875
0.05429869375
0.0533072
0.05345774375
0.0495174125
0.04690280625
0.043602125
0.03915940625
0.0397777875
0.0464292875
0.05602065625
0.0665539125
0.07391246875
0.0758648625
0.07246224375
0.065745075
0.057719375
0.0533082625
0.0515696375
0.05226995625
0.0578178125
0.0560681625
0.05754610625
0.05992799375
0.059415025
0.0638701875
0.0669136875
0.07257555
0.07534255625
0.0788542625
0.0783833
0.07432375
0.07778415
0.08132286875
0.08695826875
0.0883116125
0.0804924
0.06831639375
0.0544222625
0.04641983125
0.04510414375
0.05046795625
0.0571155625
0.06054388125
0.0615686875
0.0584267875
0.05807469375
0.0600257125
0.06250519375
0.0644822125
0.0626498625
0.0605183125
0.058800475
0.05826304375
0.0636173125
0.0669851875
0.06684654375
0.0702964875
0.0645922375
0.06103708125
0.06261688125
0.05604928125
0.05749571875
0.06036223125
0.05894531875
0.062309675
0.05970355625
0.052153825
0.04855818125
0.0490764375
0.05698208125
0.06783288125
0.07537048125
0.078571725
0.07454174375
0.07114849375
0.0726799875
0.0694250375
0.06688981875
0.06408231875
0.05345675625
0.04785661875
0.04264003125
0.0371329875
0.03805663125
0.04328875625
0.051725425
0.0607504
0.0634082
0.0572890625
0.04946823125
0.0445951
0.04740974375
0.053442925
0.06213921875
0.06262183125
0.05769623125
0.05634956875
0.0527041
0.05343668125
0.0585862125
0.06210991875
0.064393425
0.06717101875
0.06516426875
0.06394558125
0.062005125
0.05988390625
0.06001648125
0.05841881875
0.05859198125
0.05892131875
0.0583137125
0.05314729375
0.04754465625
0.0417195625
0.03885609375
0.0433800125
0.04856260625
0.05605329375
0.060088525
0.05815328125
0.0558887
0.051316025
0.0484628625
0.04934168125
0.0508613875
0.04821513125
0.04694408125
0.04669259375
0.047136375
0.05371086875
0.0566687375
0.0561305625
0.0522791875
0.046133725
0.04297745
0.044238125
0.047080225
0.0502516625
0.05075618125
0.04850598125
0.048082175
0.04862859375
0.0539961625
0.05728151875
0.05810094375
0.05886631875
0.0541328625
0.05163950625
0.050074425
0.04571811875
0.04372420625
0.04186285625
0.04444474375
0.04857700625
0.051718025
0.054132575
0.04697035625
0.0432747125
0.04145295625
0.0402913875
0.04498555
0.04601561875
0.0503908
0.05543751875
0.0599352
0.0625824125
0.06094756875
0.06078046875
0.06048080625
0.0626314375
0.06119348125
0.060024425
0.05995815625
0.06013224375
0.06128928125
0.055479325
0.0476626375
0.0437574375
0.0469218625
0.05717565
0.06833338125
0.07063654375
0.06661736875
0.05850731875
0.04986964375
0.04625268125
0.04808265625
0.04982113125
0.05309045625
0.05660505
0.05165891875
0.04932296875
0.04511313125
0.04026240625
0.04515595625
0.04903685
0.056401275
0.065326025
0.064819825
0.0640791875
0.05918231875
0.05041703125
0.04621055625
0.042045775
0.03890055625
0.03777469375
0.0389552125
0.04062981875
0.04314155
0.0460083
0.0436021
0.0407018125
0.0373074375
0.03573318125
0.03778568125
0.0449573625
0.0545758125
0.0604214625
0.06554064375
0.061228875
0.05471738125
0.05002600625
0.04546719375
0.0454009125
0.04313490625
0.045560275
0.04785308125
0.05027845
0.055439325
0.05163875
0.0479707375
0.04392311875
0.03905098125
0.0385152
0.04247195
0.04841984375
0.05505209375
0.0608017
0.0577104375
0.0534632625
0.04842485
0.0470799
0.0500695875
0.0505846875
0.05386806875
0.05434063125
0.056961825
0.06094179375
0.06057205625
0.0608802625
0.06101551875
0.06696368125
0.07449326875
0.0804027375
0.08428394375
0.07860979375
0.07622611875
0.07504885
0.07119916875
0.0733497875
0.0707472
0.065416425
0.0605583375
0.05214990625
0.044316275
0.04141055625
0.039382475
0.03892746875
0.04029179375
0.03892793125
0.040798325
0.04298204375
0.044407525
0.0460972375
0.04774865625
0.04948576875
0.0533317375
0.05782185625
0.06059385
0.06633635625
0.072864875
0.08077750625
0.08811440625
0.0923951
0.0893782875
0.0843332125
0.0801281
0.0730944125
0.0710814375
0.0648389875
0.057756575
0.05284255
0.04908996875
0.051123925
0.0542220125
0.0570050625
0.05823105
0.056013575
0.05315195
0.0557295375
0.056420725
0.05927506875
0.0624274375
0.0582209625
0.05820726875
0.0586102875
0.05425129375
0.05515981875
0.052820075
0.05337545
0.05996394375
0.0618071125
0.065114075
0.0602736375
0.05386406875
0.05445225625
0.0551626875
0.0625825625
0.06975539375
0.06963071875
0.06915991875
0.06915991875
0.06915991875
0.06915991875
