-0.56875
-0.56875
-0.56875
-0.56875
-0.9625
-1.2
-1.1625
-0.9625
-0.5875
-0.18125
0.09375
0.19375
0.2375
0.16875
0.075
0.09375
0.01875
0.00625
-0.00625
-0.13125
-0.05
-0.1
-0.1375
-0.075
-0.2625
-0.3
-0.31875
-0.5125
-0.5375
-0.60625
-0.7375
-0.60625
-0.51875
-0.5
-0.375
-0.36875
-0.2875
-0.00625
0.1125
0.16875
0.15625
-0.01875
-0.01875
0.08125
0.1
0.20625
0.18125
0.0625
0.05
-0.04375
-0.1
-0.14375
-0.225
-0.30625
-0.36875
-0.325
-0.24375
-0.21875
-0.2625
-0.5
-0.9
-1.1125
-1.1875
-1.1
-0.80625
-0.61875
-0.4375
-0.225
-0.09375
0.0375
-0.025
-0.30625
-0.55
-0.9
-0.96875
-0.7875
-0.6625
-0.3625
-0.20625
-0.15625
-0.05625
-0.0125
-0.0625
-0.1125
-0.18125
-0.3
-0.33125
-0.4
-0.5125
-0.5875
-0.6
-0.575
-0.45
-0.325
-0.29375
-0.2
-0.3
-0.3375
-0.34375
-0.45
-0.4
-0.4
-0.36875
-0.2875
-0.15625
-0.1
-0.1
-0.1125
-0.15
-0.0625
0.075
0.2375
0.275
0.25
0.1625
0.025
-0.00625
-0.04375
-0.1375
-0.24375
-0.4875
-0.73125
-0.88125
-0.93125
-0.80625
-0.70625
-0.5375
-0.5625
-0.59375
-0.5625
-0.66875
-0.54375
-0.48125
-0.5
-0.34375
-0.25
-0.19375
-0.0625
-0.05
-0.08125
-0.06875
-0.05625
-0.125
-0.21875
-0.26875
-0.34375
-0.24375
-0.06875
0.05
0.14375
0.20625
0.08125
-0.075
-0.21875
-0.51875
-0.675
-0.79375
-0.8625
-0.78125
-0.60625
-0.43125
-0.29375
-0.1875
-0.16875
-0.15625
-0.13125
-0.05
0.03125
0.0875
0.0875
-0.0625
-0.25625
-0.41875
-0.50625
-0.475
-0.325
-0.15
-0.00625
0.1375
0.18125
0.2375
0.29375
0.3
0.19375
0.0125
-0.16875
-0.33125
-0.2125
-0.04375
0.125
0.28125
0.20625
0.14375
0.025
-0.1125
-0.13125
-0.2
-0.21875
-0.24375
-0.3125
-0.35625
-0.35625
-0.29375
-0.21875
-0.175
-0.20625
-0.275
-0.38125
-0.38125
-0.34375
-0.26875
-0.2375
-0.3375
-0.4
-0.475
-0.475
-0.41875
-0.375
-0.43125
-0.3375
-0.3375
-0.3625
-0.26875
-0.36875
-0.225
-0.10625
-0.03125
-0.01875
-0.2375
-0.43125
-0.625
-0.58125
-0.5
-0.525
-0.50625
-0.61875
-0.61875
-0.38125
-0.21875
-0.05625
-0.05625
-0.16875
-0.20625
-0.3
-0.15
-0.06875
-0.0625
-0.00625
-0.1
-0.24375
-0.3125
-0.3125
-0.33125
-0.10625
0.04375
0.09375
0.1625
-0.05625
-0.30625
-0.48125
-0.7875
-0.95
-0.975
-1.1
-1.025
-0.88125
-0.79375
-0.64375
-0.525
-0.4375
-0.4
-0.3625
-0.3375
-0.35
-0.325
-0.2625
-0.2875
-0.35
-0.4125
-0.4875
-0.475
-0.3625
-0.1875
-0.06875
-0.04375
-0.10625
-0.29375
-0.4
-0.4625
-0.475
-0.3875
-0.43125
-0.45
-0.46875
-0.4875
-0.425
-0.2125
-0.15625
-0.15
-0.08125
-0.20625
-0.09375
-0.00625
0.01875
-0.01875
-0.1625
-0.2625
-0.4
-0.3
-0.33125
-0.3375
-0.26875
-0.3625
-0.23125
-0.13125
-0.10625
-0.05625
-0.0625
-0.2
-0.2625
-0.28125
-0.3375
-0.1125
0.075
0.2
0.2625
0.125
-0.14375
-0.3625
-0.45625
-0.6
-0.51875
-0.525
-0.65625
-0.6125
-0.65
-0.625
-0.5
-0.41875
-0.35
-0.28125
-0.2875
-0.325
-0.3625
-0.39375
-0.35
-0.34375
-0.375
-0.41875
-0.50625
-0.53125
-0.45625
-0.3125
-0.2625
-0.2
-0.1875
-0.225
-0.09375
1.04083408559e-17
-0.0625
-0.15
-0.26875
-0.3875
-0.3625
-0.35625
-0.3875
-0.48125
-0.425
-0.30625
-0.1625
0.10625
0.18125
0.225
0.20625
0.125
-0.01875
-0.225
-0.38125
-0.575
-0.6375
-0.70625
-0.7625
-0.74375
-0.64375
-0.38125
-0.14375
0.01875
0.0375
3.46944695195e-18
-0.16875
-0.29375
-0.34375
-0.46875
-0.33125
-0.15
-0.00625
0.08125
0.0375
-0.1375
-0.3125
-0.2625
-0.34375
-0.3875
-0.49375
-0.79375
-0.8875
-0.85625
-0.7625
-0.56875
-0.41875
-0.35
-0.28125
-0.2875
-0.325
-0.39375
-0.425
-0.41875
-0.45
-0.45625
-0.475
-0.46875
-0.3625
-0.25
-0.1625
-0.19375
-0.325
-0.41875
-0.5125
-0.5125
-0.4375
-0.4125
-0.45
-0.3375
-0.36875
-0.35
-0.20625
-0.25625
-0.09375
-0.00625
0.01875
-0.01875
-0.225
-0.38125
-0.575
-0.6375
-0.70625
-0.7625
-0.74375
-0.64375
-0.38125
-0.14375
0.01875
0.0375
-0.10625
-0.38125
-0.6125
-0.76875
-0.7875
-0.54375
-0.275
-0.04375
0.09375
0.11875
0.05
3.46944695195e-18
0.0375
-0.09375
-0.1625
-0.33125
-0.625
-0.69375
-0.725
-0.71875
-0.6125
-0.55
-0.525
-0.4125
-0.375
-0.36875
-0.39375
-0.425
-0.4125
-0.48125
-0.525
-0.58125
-0.575
-0.38125
-0.11875
0.125
0.2375
0.24375
0.1875
0.05625
0.05625
-0.075
-0.24375
-0.26875
-0.38125
-0.3625
-0.29375
-0.35
-0.45
-0.4
-0.46875
-0.4875
-0.38125
-0.46875
-0.35
-0.1875
-0.0875
0.0875
0.19375
0.2125
0.24375
0.2375
0.06875
-0.01875
-0.13125
-0.2375
-0.11875
-0.01875
0.05625
0.09375
0.075
-0.1125
-0.20625
-0.225
-0.31875
-0.13125
-0.05
-0.04375
0.0125
-0.0625
-0.11875
-0.08125
-0.03125
-0.1125
-0.1
-0.225
-0.4375
-0.44375
-0.5375
-0.55
-0.4625
-0.41875
-0.35
-0.28125
-0.2875
-0.325
-0.3625
-0.39375
-0.35
-0.30625
-0.29375
-0.23125
-0.24375
-0.2125
-0.13125
-0.1375
-0.04375
0.00625
0.075
0.16875
0.2
0.15
2.42861286637e-17
-0.2375
-0.5
-0.60625
-0.5875
-0.39375
-0.125
0.06875
0.1375
0.175
0.00625
-0.2125
-0.3375
-0.5375
-0.475
-0.3625
-0.25
-0.21875
-0.26875
-0.31875
-0.4375
-0.38125
-0.48125
-0.54375
-0.53125
-0.5625
-0.3125
-0.1
0.09375
0.2375
0.23125
0.09375
-0.08125
-0.23125
-0.53125
-0.60625
-0.65625
-0.7
-0.5125
-0.40625
-0.375
-0.31875
-0.31875
-0.36875
-0.35
-0.3625
-0.4
-0.39375
-0.35
-0.28125
-0.24375
-0.18125
-0.19375
-0.29375
-0.30625
-0.3625
-0.31875
-0.15
-0.03125
0.10625
0.18125
0.19375
0.13125
0.09375
-0.075
-0.28125
-0.35625
-0.45
-0.4125
-0.275
-0.2375
-0.2875
-0.2375
-0.40625
-0.5
-0.41875
-0.44375
-0.3125
-0.35
-0.55625
-0.76875
-0.88125
-0.7625
-0.54375
-0.2875
-0.1
-0.1125
-0.1375
-0.1625
-0.25625
-0.1
-0.0875
-0.08125
4.16333634234e-17
-0.11875
-0.06875
-0.05625
-0.11875
-0.20625
-0.40625
-0.5875
-0.69375
-0.65
-0.40625
-0.19375
-0.04375
0.025
-0.0375
-0.0375
-0.0125
0.03125
0.0375
0.0125
0.03125
0.0625
0.16875
0.275
0.2875
0.2125
-0.00625
-0.2625
-0.4375
-0.55
-0.50625
-0.4125
-0.375
-0.3
-0.24375
-0.2375
-0.24375
-0.2875
-0.39375
-0.425
-0.41875
-0.45
-0.45625
-0.60625
-0.725
-0.74375
-0.68125
-0.38125
-0.0625
0.1625
0.31875
0.34375
0.2375
0.19375
-0.00625
-0.23125
-0.29375
-0.3875
-0.33125
-0.225
-0.20625
-0.25
-0.14375
-0.19375
-0.25
-0.18125
-0.30625
-0.15
-0.01875
0.06875
0.09375
-0.05
-0.14375
-0.2625
-0.14375
-0.06875
0.01875
0.06875
-0.0125
-0.00625
-0.00625
0.08125
0.13125
0.19375
0.0875
-0.10625
-0.225
-0.41875
-0.3625
-0.2125
-0.13125
-0.0375
0.00625
-0.15
-0.24375
-0.3125
-0.58125
-0.63125
-0.775
-0.9125
-0.79375
-0.74375
-0.59375
-0.41875
-0.3875
-0.35625
-0.4
-0.475
-0.50625
-0.5
-0.45625
-0.45
-0.39375
-0.35
-0.24375
-0.0625
0.025
0.0875
0.025
-0.03125
-0.14375
-0.2875
-0.33125
-0.41875
-0.4125
-0.475
-0.58125
-0.76875
-0.825
-0.78125
-0.7
-0.525
-0.51875
-0.38125
-0.275
-0.13125
-0.01875
-0.0375
-0.09375
-0.225
-0.18125
-0.26875
-0.28125
-0.275
-0.35
-0.1875
-0.0625
0.0625
0.1375
-1.73472347598e-17
-0.11875
-0.175
-0.2375
-0.0625
0.075
0.1375
0.2
0.13125
-0.05
-0.275
-0.5125
-0.775
-0.8125
-0.75
-0.66875
-0.51875
-0.55625
-0.64375
-0.6125
-0.625
-0.51875
-0.4125
-0.4
-0.46875
-0.50625
-0.50625
-0.5
-0.33125
-0.15625
0.01875
0.1125
0.10625
-0.0125
-0.15625
-0.14375
-0.09375
0.00625
0.08125
0.11875
0.11875
0.025
-0.01875
-0.10625
-0.175
-0.05
0.05
0.13125
0.15
0.1
-0.0125
-0.1375
-0.1375
-0.20625
-0.2125
-0.21875
-0.34375
-0.41875
-0.43125
-0.375
-0.23125
-0.1375
-0.16875
-0.275
-0.4125
-0.50625
-0.5
-0.45625
-0.45
-0.45625
-0.475
-0.49375
-0.44375
-0.3125
-0.20625
-0.1
0.025
-0.06875
-0.2
-0.29375
-0.45625
-0.475
-0.45
-0.4625
-0.51875
-0.41875
-0.4
-0.35625
-0.1875
-0.1875
-0.00625
0.1125
0.16875
0.09375
-0.15
-0.34375
-0.575
-0.6375
-0.70625
-0.7625
-0.74375
-0.64375
-0.38125
-0.175
-0.04375
-0.05625
-0.125
-0.2625
-0.35625
-0.375
-0.46875
-0.35625
-0.21875
-0.11875
-0.00625
0.025
0.025
-0.10625
-0.2125
-0.4
-0.64375
-0.65
-0.59375
-0.45
-0.21875
-0.09375
-0.09375
-0.1625
-0.2625
-0.39375
-0.425
-0.4125
-0.375
-0.3125
-0.2625
-0.2
-0.1625
-0.05625
0.04375
0.13125
0.19375
0.19375
0.09375
-0.1125
-0.325
-0.5625
-0.70625
-0.64375
-0.625
-0.59375
-0.525
-0.64375
-0.58125
-0.6
-0.7
-0.6
-0.58125
-0.375
-0.10625
-0.00625
0.03125
-0.05
-0.26875
-0.45
-0.5875
-0.7
-0.6
-0.4625
-0.325
-0.1875
-0.18125
-0.2
-0.2625
-0.325
-0.4
-0.4375
-0.4125
-0.3125
-0.14375
-0.0875
1.38777878078e-17
0.025
-0.08125
-0.0875
-0.20625
-0.35
-0.2375
-0.1
0.15
0.34375
0.31875
0.18125
-0.1375
-0.35625
-0.5125
-0.55625
-0.36875
-0.225
-0.04375
0.0875
0.08125
0.0875
0.05625
-0.0375
-0.06875
-0.125
-0.18125
-0.1125
-0.1
-0.03125
-3.46944695195e-18
-0.1375
-0.35625
-0.575
-0.825
-0.8625
-0.6875
-0.60625
-0.375
-0.28125
-0.26875
-0.2375
-0.2875
-0.3
-0.3625
-0.3
-0.275
-0.25625
-0.25
-0.35625
-0.425
-0.525
-0.50625
-0.375
-0.21875
0.025
0.1375
0.08125
0.075
0.025
0.025
0.1375
0.1375
0.1375
0.0625
-0.03125
-0.1375
-0.2625
-0.1875
-0.11875
0.05625
0.18125
0.13125
0.1125
0.00625
-0.04375
-0.11875
-0.2
-0.225
-0.25
-0.225
-0.25
-0.325
-0.35625
-0.23125
-0.08125
0.11875
0.24375
0.2125
0.15625
-0.05625
-0.275
-0.46875
-0.6375
-0.65
-0.5375
-0.425
-0.34375
-0.18125
-0.2625
-0.45
-0.6125
-0.94375
-0.9875
-0.83125
-0.60625
-0.2875
-0.1625
-0.075
-0.075
-0.20625
-0.34375
-0.60625
-0.85625
-0.875
-0.71875
-0.43125
-0.13125
0.05
0.11875
0.05
0.01875
-0.0375
-0.04375
-0.04375
-0.0625
-0.05625
-0.10625
-0.01875
-0.1
-0.20625
-0.325
-0.5125
-0.41875
-0.375
-0.31875
-0.2375
-0.26875
-0.175
-0.1375
-0.11875
-0.2
-0.38125
-0.4125
-0.44375
-0.33125
-0.125
-0.03125
0.05625
0.08125
0.05
0.10625
0.15625
0.21875
0.225
0.175
0.13125
0.0375
-3.46944695195e-18
-0.1
-0.19375
-0.25625
-0.30625
-0.2125
-0.1625
-0.075
-0.10625
-0.2375
-0.3
-0.44375
-0.48125
-0.4875
-0.6
-0.74375
-0.79375
-1.0
-1.0125
-0.85
-0.80625
-0.46875
-0.325
-0.3
-0.1875
-0.275
-0.35625
-0.35
-0.44375
-0.51875
-0.41875
-0.40625
-0.375
-0.30625
-0.34375
-0.39375
-0.425
-0.43125
-0.4375
-0.4
-0.33125
-0.29375
-0.25625
-0.16875
-0.1125
-0.09375
-0.1125
-0.24375
-0.35
-0.41875
-0.3875
-0.28125
-0.2625
-0.18125
-0.1625
-0.25625
-0.25
-0.30625
-0.3875
-0.275
-0.1625
-0.05
0.075
0.1
0.0375
-0.05
-0.19375
-0.3375
-0.45625
-0.55625
-0.46875
-0.33125
-0.16875
-0.03125
-0.05625
-0.15
-0.18125
-0.18125
-0.13125
-0.0875
-0.16875
-0.24375
-0.35625
-0.4
-0.3
-0.15
0.05
0.1625
0.1125
-0.01875
-0.11875
-0.1375
-0.0375
0.1125
0.15625
0.15625
0.1125
0.00625
-1.56125112838e-17
0.00625
0.01875
0.06875
0.075
0.0125
-0.04375
-0.125
-0.20625
-0.2
-0.30625
-0.325
-0.375
-0.4625
-0.44375
-0.475
-0.5
-0.5
-0.39375
-0.35
-0.25
-0.11875
-0.09375
-0.00625
0.04375
0.04375
0.06875
0.10625
0.05
-0.06875
-0.26875
-0.53125
-0.61875
-0.58125
-0.5625
-0.53125
-0.58125
-0.6875
-0.71875
-0.7
-0.675
-0.7125
-0.61875
-0.5125
-0.34375
-0.04375
0.1375
0.25625
0.275
0.0875
-0.15625
-0.35
-0.46875
-0.45
-0.41875
-0.4125
-0.44375
-0.36875
-0.2
-0.0625
0.04375
0.03125
-0.10625
-0.3125
-0.48125
-0.70625
-0.9375
-0.975
-1.125
-1.23125
-1.1375
-1.1
-0.825
-0.44375
-0.23125
-0.11875
-0.1375
-0.2125
-0.24375
-0.1375
-0.03125
0.0875
0.16875
0.1375
0.05625
-0.05
-0.09375
-0.1375
-0.04375
0.025
0.10625
0.2875
0.28125
0.2375
0.1375
-0.0625
-0.0875
-0.075
-0.1125
-0.075
-0.1875
-0.21875
-0.1875
-0.19375
-0.0875
-0.05
0.06875
0.05625
0.05
0.0375
-0.10625
-0.05
-0.04375
-0.03125
6.93889390391e-18
-0.0375
-0.14375
-0.36875
-0.63125
-0.9625
-1.1375
-1.06875
-0.85625
-0.475
-0.225
-0.25
-0.35625
-0.55625
-0.7
-0.66875
-0.7
-0.7125
-0.70625
-0.68125
-0.48125
-0.4125
-0.5
-0.675
-1.0625
-1.225
-1.15
-0.925
-0.51875
-0.30625
-0.2125
-0.225
-0.25625
-0.25625
-0.2375
-0.25625
-0.4375
-0.49375
-0.65625
-0.875
-1.0125
-1.3375
-1.5625
-1.55
-1.38125
-0.975
-0.4375
-0.11875
0.06875
0.125
-0.0125
-0.0125
-0.0375
-0.04375
0.05
0.04375
0.025
-0.1625
-0.39375
-0.575
-0.6875
-0.55
-0.4
-0.36875
-0.3375
-0.50625
-0.65625
-0.7
-0.88125
-0.8875
-1.05
-1.08125
-0.925
-0.7875
-0.44375
-0.2125
-0.16875
-0.24375
-0.46875
-0.8625
-1.01875
-1.18125
-1.1375
-0.8375
-0.65625
-0.275
-0.05
0.03125
0.0875
0.0125
-0.14375
-0.25625
-0.41875
-0.61875
-0.64375
-0.68125
-0.65625
-0.54375
-0.5
-0.51875
-0.475
-0.4875
-0.4375
-0.21875
-0.04375
0.06875
0.11875
0.1
-0.0125
-0.05625
-0.125
-0.275
-0.33125
-0.45625
-0.55625
-0.6875
-0.93125
-1.0375
-1.25
-1.38125
-1.41875
-1.4875
-1.375
-1.2625
-1.125
-1.13125
-1.2875
-1.36875
-1.5
-1.45625
-1.3375
-1.36875
-1.30625
-1.38125
-1.45625
-1.45625
-1.59375
-1.53125
-1.46875
-1.40625
-1.14375
-1.0375
-0.83125
-0.625
-0.60625
-0.5625
-0.65
-0.63125
-0.5375
-0.44375
-0.31875
-0.40625
-0.60625
-0.9125
-1.2875
-1.55625
-1.73125
-1.8
-1.8
-1.7
-1.46875
-1.16875
-0.8
-0.53125
-0.375
-0.375
-0.375
-0.375
