0.05150379375
0.05150379375
0.05150379375
0.05150379375
0.0520728
0.04865058125
0.0474684625
0.050967525
0.054021675
0.06011458125
0.06390110625
0.06338636875
0.06540046875
0.06461404375
0.06174369375
0.06095769375
0.05555893125
0.0494927
0.0449746125
0.0415593125
0.03976879375
0.0393111625
0.03997939375
0.04146946875
0.04465208125
0.050940025
0.0585117625
0.06422515
0.0714268375
0.072971375
0.0727977875
0.07076585
0.0617706875
0.05791048125
0.05127481875
0.04552728125
0.04840969375
0.04856574375
0.051654825
0.05564785
0.05509499375
0.05522635
0.05340896875
0.05172415
0.05079916875
0.04976570625
0.05483164375
0.059517975
0.06157059375
0.06213130625
0.055333175
0.04916169375
0.047795825
0.04816038125
0.05379245625
0.05911120625
0.063608375
0.0684974125
0.06870740625
0.0689174
0.064988975
0.06065433125
0.05862606875
0.0568202625
0.05624223125
0.05275373125
0.0495419875
0.04588533125
0.0426613125
0.0421903
0.04331640625
0.04499430625
0.04719751875
0.05178439375
0.05071135
0.04897963125
0.047747125
0.041079925
0.04080440625
0.04108068125
0.03916803125
0.04197035625
0.041473575
0.04053188125
0.04410799375
0.0441880625
0.04468484375
0.04540408125
0.04223413125
0.04039706875
0.0398069875
0.0394393625
0.0390332
0.03923313125
0.03964324375
0.03929511875
0.04473306875
0.04984168125
0.051552975
0.05694195
0.0569247625
0.0584646375
0.06228770625
0.0601403
0.05541325625
0.04724275
0.03783275625
0.031580675
0.03081515625
0.0329062625
0.03734378125
0.041122625
0.04260738125
0.0421516875
0.0405227875
0.03915694375
0.04267925
0.04717178125
0.05188676875
0.05956289375
0.05780806875
0.0562757
0.05885723125
0.05854390625
0.06374538125
0.06850194375
0.06666971875
0.062285675
0.05694098125
0.05214808125
0.048665725
0.04998898125
0.054149425
0.05733786875
0.06199010625
0.061858
0.0568986
0.052235
0.0439898875
0.03820904375
0.03587833125
0.03911348125
0.04626811875
0.05324199375
0.0577093375
0.05272820625
0.0469728875
0.042107275
0.03860615625
0.03893889375
0.03941356875
0.03860291875
0.04032281875
0.04250461875
0.0490176
0.05582638125
0.0604026375
0.06524195
0.06552245
0.06703245625
0.0654158625
0.06769940625
0.06678863125
0.0649952125
0.068181
0.0625785
0.06017031875
0.05753968125
0.0529141625
0.05421195
0.05603164375
0.05904401875
0.0614806625
0.06050671875
0.05745380625
0.05528901875
0.05396419375
0.0550537375
0.05990155625
0.06142694375
0.060448425
0.059187325
0.0532058125
0.04868838125
0.046254875
0.04397465625
0.04635291875
0.04764344375
0.04864523125
0.04933040625
0.045948125
0.0430635
0.04053389375
0.03837065625
0.0397995375
0.04310205
0.046272
0.048864475
0.05246541875
0.0534992625
0.05499500625
0.05717510625
0.05668279375
0.06031790625
0.06316178125
0.0698395125
0.07478700625
0.074360075
0.07628144375
0.069414525
0.06146061875
0.0588658375
0.05211865
0.05020703125
0.05246578125
0.05159793125
0.05324313125
0.05433481875
0.05367909375
0.05534965625
0.05604670625
0.0570318625
0.05959169375
0.058393025
0.05851473125
0.056978325
0.0523333375
0.04795450625
0.0448018875
0.0448651625
0.04799865
0.05259621875
0.0531076625
0.05494483125
0.05524569375
0.0541820625
0.0577821125
0.05497713125
0.05412674375
0.054327525
0.04991371875
0.0490315
0.04861721875
0.0485162625
0.0498843375
0.0537775875
0.05101748125
0.0504571
0.05408849375
0.0551733
0.062313975
0.067899075
0.06707914375
0.0643841625
0.0607803125
0.0540131125
0.05048380625
0.0491475375
0.0454029625
0.0460526375
0.0474470125
0.052752875
0.05987885625
0.06346584375
0.064287275
0.056597175
0.04837945
0.046162025
0.048242125
0.05426124375
0.061468175
0.06433875
0.0622945875
0.062810375
0.06307529375
0.06108778125
0.062354175
0.05947548125
0.06053580625
0.06155353125
0.06064215625
0.064265075
0.060933525
0.06021499375
0.0597850875
0.0536071625
0.05052163125
0.0513475875
0.05386608125
0.0598398
0.06561770625
0.0671661375
0.0673080125
0.0696671125
0.06949395
0.0631265625
0.05715479375
0.046121925
0.04173350625
0.04510844375
0.053108475
0.06500355
0.06734326875
0.068509475
0.06042549375
0.0489523375
0.04335836875
0.0372619
0.0372213
0.04442438125
0.05327365625
0.06037194375
0.064014775
0.05976619375
0.05112730625
0.0459817
0.04345468125
0.043600075
0.0481374875
0.05240398125
0.05614285
0.05731371875
0.05647451875
0.05746514375
0.0609200375
0.06694293125
0.069839225
0.0675129375
0.061095775
0.059919025
0.0619001875
0.0643492875
0.0683587125
0.06487529375
0.06074455
0.05909030625
0.054830425
0.04888118125
0.043238575
0.03935220625
0.0393935625
0.0478407
0.05623290625
0.0567337
0.057590225
0.05108790625
0.04660455
0.049364875
0.0487695625
0.05106910625
0.05141596875
0.05090420625
0.0549141375
0.0590017
0.065761675
0.07071144375
0.0696051875
0.07071633125
0.06391465
0.05620005625
0.05452984375
0.05014461875
0.05136808125
0.05634981875
0.05823509375
0.0579937625
0.05701588125
0.05107860625
0.048077975
0.0471109125
0.046512125
0.05104978125
0.05066259375
0.05032621875
0.05067144375
0.0468171125
0.04259550625
0.04047151875
0.04019648125
0.04277789375
0.0508228875
0.05723246875
0.06088733125
0.06148235625
0.05670295625
0.0542299375
0.04968605625
0.05035759375
0.0534934
0.05201644375
0.05535371875
0.05485610625
0.0547678125
0.05913653125
0.05867795625
0.05698848125
0.0575077875
0.05304423125
0.055225125
0.06180026875
0.06755383125
0.0813800375
0.088197475
0.0918515625
0.090186825
0.0790522
0.06847595625
0.05802195625
0.05051565625
0.04723883125
0.04861005
0.04913868125
0.054537675
0.06213788125
0.06489769375
0.06924445625
0.066167425
0.059723125
0.0569497
0.0565599375
0.05793371875
0.06047355625
0.0616489
0.060218125
0.06311298125
0.06920215625
0.072291425
0.07538069375
0.074111025
0.067618775
0.0660386
0.0619591875
0.0579793625
0.0535086
0.04899954375
0.0463470625
0.045059075
0.0488094875
0.05309420625
0.062893725
0.07270459375
0.082024525
0.088936275
0.08924565
0.0878969125
0.079647775
0.0671691625
0.0519568
0.0419130125
0.0363730875
0.03703968125
0.046336225
0.04991123125
0.05446983125
0.0561095
0.05241715
0.05117156875
0.0519075
0.0567796375
0.06167579375
0.0663911875
0.06812983125
0.06244468125
0.05982974375
0.05742528125
0.05513650625
0.05606626875
0.0557458
0.05487181875
0.05237566875
0.05190139375
0.05022698125
0.04876304375
0.05171605625
0.05301546875
0.05221736875
0.05123850625
0.0451322625
0.04454081875
0.05144121875
0.05883570625
0.07172188125
0.0765416
0.07475894375
0.0711601125
0.06372425
0.062677025
0.065090275
0.07353664375
0.0810501375
0.0853693125
0.08362189375
0.07451563125
0.06659146875
0.05599489375
0.049734675
0.0463693125
0.04690905
0.05076535
0.05895800625
0.06754628125
0.07039185625
0.07289130625
0.0683819875
0.06292008125
0.062519275
0.06355068125
0.06789865
0.07585979375
0.079089175
0.077394
0.0770829375
0.073037725
0.0736929625
0.078064425
0.07815519375
0.07892390625
0.07469414375
0.070586625
0.0666476125
0.05892255625
0.05567378125
0.04859011875
0.04364468125
0.0460071
0.0454505875
0.0506314
0.05830973125
0.0651386625
0.0734313875
0.079177525
0.08184965
0.07944118125
0.07918321875
0.07635725625
0.07011169375
0.0662743125
0.0573563375
0.0516879625
0.05192613125
0.0521643
0.0525937375
0.0569003875
0.05823135
0.058776175
0.06349059375
0.05902110625
0.05556255625
0.0498902375
0.0422652375
0.04148224375
0.04069925
0.0491103875
0.058165675
0.06741223125
0.0773403875
0.0753423
0.074728325
0.06851185
0.06154749375
0.06171081875
0.05561640625
0.05135181875
0.04721979375
0.0408094625
0.03829926875
0.0370872875
0.03608578125
0.0387777375
0.04148570625
0.04425995625
0.048631325
0.0478136125
0.048592775
0.05132461875
0.05003195625
0.05365156875
0.05957621875
0.0641923375
0.07089280625
0.07207128125
0.06763290625
0.0621704625
0.05618039375
0.05385990625
0.0513138875
0.05155596875
0.05305214375
0.05669529375
0.061142275
0.0605086625
0.0620434375
0.0604516125
0.0617597125
0.0635405
0.06181476875
0.0597429125
0.05730883125
0.05875229375
0.06328188125
0.06939779375
0.07589005
0.08389880625
0.08949938125
0.0915516625
0.0921398625
0.0847473
0.0731252625
0.0684457
0.06087128125
0.0608414875
0.06659823125
0.0637365625
0.06383603125
0.06117731875
0.05507514375
0.05486466875
0.0564743125
0.06011221875
0.065636525
0.0704933625
0.0761362125
0.07655648125
0.0753413375
0.072661825
0.0673099
0.06372151875
0.0634039625
0.0636086
0.059254425
0.05922588125
0.05986830625
0.061032925
0.06675635625
0.0689069875
0.06780935
0.0632946625
0.06014446875
0.0600804
0.0641525375
0.07111953125
0.0753575375
0.0771873625
0.07409263125
0.0733705625
0.0733705625
0.0733705625
0.0733705625
