0.3961875
0.3961875
0.3961875
0.3961875
0.3815
0.3625
0.3435
0.3525
0.38525
0.404
0.40875
0.381625
0.332625
0.2933125
0.27775
0.2805625
0.2870625
0.3161875
0.3293125
0.352625
0.3680625
0.3511875
0.3438125
0.3150625
0.306125
0.3118125
0.3215
0.35925
0.368125
0.371875
0.364125
0.334875
0.334625
0.36
0.3885
0.41475
0.433625
0.423875
0.410125
0.390375
0.36
0.3346875
0.311
0.3085625
0.299
0.2913125
0.297
0.2904375
0.30375
0.3125
0.31025
0.332
0.3435
0.349625
0.351625
0.324375
0.299375
0.284875
0.282
0.27025
0.271625
0.2891875
0.30025
0.3411875
0.35325
0.3379375
0.33025
0.3239375
0.329
0.359
0.36425
0.3341875
0.332
0.3160625
0.327125
0.3738125
0.400875
0.41375
0.41575
0.4006875
0.371875
0.3631875
0.338125
0.316625
0.307625
0.298375
0.32525
0.3515625
0.37575
0.3875625
0.371
0.347125
0.311375
0.2904375
0.289125
0.29175
0.3195
0.331
0.318875
0.315125
0.290125
0.289875
0.316
0.34425
0.380625
0.386625
0.386625
0.386625
0.386625
