1.308125
1.308125
1.308125
1.308125
0.9575
0.7425
0.551875
0.585625
0.795625
1.0025
1.386875
1.49
1.47875
1.475625
1.14875
1.018125
1.025625
1.1275
1.434375
1.583125
1.56375
1.366875
1.13375
0.964375
0.775
0.68
0.585
0.514375
0.52
0.52
0.48625
0.48875
0.488125
0.505
0.63625
0.695
0.76625
0.81625
0.7025
0.708125
0.675625
0.633125
0.756875
0.7975
0.866875
0.98625
0.9725
0.87
0.74875
0.588125
0.46875
0.468125
0.5275
0.59
0.673125
0.785
0.855625
0.906875
0.92375
0.79375
0.651875
0.529375
0.49875
0.5975
0.68375
0.76
0.67875
0.514375
0.391875
0.444375
0.62625
0.869375
1.24625
1.284375
1.239375
1.175
0.785
0.606875
0.47625
0.444375
0.620625
0.720625
0.9275
1.091875
1.211875
1.375
1.315625
1.025625
0.74625
0.498125
0.52625
0.903125
1.265
1.666875
1.77
1.524375
1.3275
0.93625
0.6775
0.635
0.5225
0.53375
0.50875
0.405625
0.363125
0.348125
0.481875
0.655625
0.816875
1.080625
1.1525
1.21125
1.27875
1.210625
1.18875
1.181875
1.180625
1.046875
0.94625
0.84
0.624375
0.499375
0.39875
0.38125
0.446875
0.56
0.64875
0.57125
0.488125
0.42375
0.329375
0.331875
0.4025
0.4575
0.561875
0.663125
0.81375
0.9175
1.0125
1.0675
0.836875
0.651875
0.468125
0.375625
0.495
0.66125
0.821875
0.920625
1.03125
1.20125
1.379375
1.500625
1.5025
1.273125
0.9675
0.73625
0.64375
0.69875
0.815625
0.915
0.875625
0.891875
0.955625
1.035
1.165
1.209375
1.27625
1.298125
1.34375
1.2775
1.085625
0.936875
0.86625
0.963125
1.0725
1.23375
1.311875
1.27875
1.358125
1.33125
1.26375
1.20875
1.025625
0.835
0.66
0.514375
0.439375
0.50125
0.570625
0.736875
0.8575
0.80125
0.875
0.8
0.813125
0.961875
0.88
0.8825
0.856875
0.824375
1.028125
1.179375
1.304375
1.474375
1.470625
1.540625
1.64
1.5475
1.54375
1.47125
1.25125
1.24375
1.203125
1.201875
1.386875
1.465625
1.471875
1.438125
1.4425
1.446875
1.61875
1.849375
1.8
1.63875
1.353125
1.00875
0.8375
0.7575
0.66
0.610625
0.738125
1.01875
1.3275
1.636875
1.635625
1.369375
1.140625
0.8925
0.91125
1.079375
1.216875
1.31625
1.283125
1.19375
1.14875
1.14125
1.055
0.989375
0.9175
0.88
1.0
1.168125
1.263125
1.379375
1.338125
1.260625
1.3625
1.383125
1.42875
1.52625
1.49125
1.461875
1.45
1.373125
1.17
1.008125
1.05125
1.155
1.425625
1.675625
1.756875
1.728125
1.579375
1.46375
1.215625
1.08
1.18875
1.23125
1.403125
1.5375
1.450625
1.50875
1.579375
1.694375
1.78625
1.5925
1.364375
1.03625
0.768125
0.849375
1.106875
1.520625
1.935
2.016875
1.949375
1.66375
1.491875
1.52
1.42875
1.42875
1.28625
1.068125
0.914375
0.745
0.616875
0.665625
0.78125
0.99
1.3375
1.455
1.6575
1.915
1.928125
2.1125
2.121875
1.864375
1.71875
1.38125
1.0975
0.95875
0.758125
0.59625
0.4375
0.3275
0.396875
0.7075
1.0675
1.379375
1.518125
1.483125
1.38875
1.288125
1.356875
1.285
1.3375
1.430625
1.2675
1.27375
1.10875
0.87875
0.825625
0.681875
0.713125
0.824375
0.875
1.025625
0.989375
0.95375
1.076875
1.161875
1.423125
1.650625
1.613125
1.655
1.666875
1.599375
1.68125
1.61375
1.48625
1.45625
1.35625
1.4525
1.550625
1.664375
2.0
2.040625
1.945625
1.75125
1.27625
1.053125
0.960625
0.92
0.938125
0.873125
0.8975
1.08
1.34
1.606875
1.690625
1.471875
1.369375
1.253125
1.311875
1.508125
1.56375
1.556875
1.38625
1.30875
1.233125
1.255625
1.405625
1.406875
1.230625
0.978125
0.643125
0.40625
0.378125
0.42
0.540625
0.646875
0.72
0.755625
0.771875
0.734375
0.696875
0.72875
0.694375
0.744375
0.935
1.126875
1.533125
1.885
1.99
1.940625
1.614375
1.413125
1.291875
1.298125
1.4425
1.326875
1.234375
1.106875
0.87
0.83625
0.94125
1.03375
1.2425
1.478125
1.46625
1.48375
1.468125
1.366875
1.40375
1.419375
1.45875
1.419375
1.360625
1.319375
1.26
1.279375
1.196875
1.251875
1.32875
1.34875
1.51125
1.44375
1.2725
1.2375
1.140625
1.079375
1.249375
1.24125
1.39
1.559375
1.4675
1.550625
1.334375
1.226875
1.331875
1.313125
1.60625
1.905625
1.96625
2.05625
1.85875
1.443125
1.148125
0.93
0.920625
1.0975
1.295
1.4075
1.5
1.481875
1.534375
1.64625
1.701875
1.78125
1.839375
1.886875
1.783125
1.73
1.505
1.139375
1.02
0.868125
0.786875
0.824375
0.6875
0.5875
0.530625
0.64875
0.849375
1.04
1.211875
1.070625
0.98
0.84375
0.84375
0.984375
1.038125
1.213125
1.326875
1.39625
1.610625
1.68375
1.534375
1.488125
1.16375
1.025625
1.06875
0.993125
1.07625
0.94125
0.801875
0.733125
0.67125
0.63625
0.73125
0.855625
0.98625
1.16875
1.210625
1.180625
1.139375
1.25625
1.246875
1.406875
1.578125
1.4575
1.589375
1.415625
1.2725
1.259375
1.034375
0.974375
0.904375
0.9175
0.9575
1.10625
1.199375
1.13
1.26375
1.233125
1.3675
1.625
1.62625
1.683125
1.604375
1.476875
1.573125
1.6075
1.509375
1.521875
1.4225
1.40375
1.48125
1.41375
1.1725
0.955625
0.858125
0.750625
0.85
0.911875
0.82125
0.805625
0.785625
0.715
0.7175
0.85625
1.078125
1.351875
1.599375
1.58375
1.305
0.995
0.715
0.52625
0.554375
0.635
0.795625
1.003125
1.098125
1.150625
1.039375
0.856875
0.69875
0.598125
0.59625
0.734375
0.905625
1.03375
1.139375
1.0375
0.918125
0.759375
0.6475
0.705
0.751875
0.90375
0.97875
0.94
0.91375
0.9075
0.920625
1.004375
1.098125
0.9375
0.769375
0.61625
0.49125
0.70375
0.9525
1.29875
1.606875
1.605625
1.58
1.263125
0.97625
0.815625
0.62
0.754375
0.824375
0.889375
1.014375
0.805625
0.7125
0.661875
0.7475
1.001875
1.18
1.35375
1.228125
1.0975
0.876875
0.615
0.641875
0.67875
0.8
1.09875
1.086875
1.1825
1.3225
1.13875
1.20875
1.04875
0.830625
0.795
0.576875
0.651875
0.815625
0.94625
1.190625
1.08375
0.81875
0.57875
0.300625
0.216875
0.2225
0.24
0.395
0.5125
0.62875
0.87875
1.010625
1.160625
1.485625
1.493125
1.424375
1.398125
1.02875
0.823125
0.651875
0.396875
0.353125
0.311875
0.3425
0.533125
0.675
0.816875
0.918125
0.813125
0.768125
0.891875
1.02625
1.2575
1.51375
1.46875
1.4525
1.408125
1.12
0.9525
0.770625
0.594375
0.57375
0.535
0.425
0.32875
0.241875
0.190625
0.19625
0.201875
0.2375
0.2675
0.2975
0.321875
0.328125
0.370625
0.415625
0.508125
0.5525
0.51875
0.504375
0.40625
0.3775
0.390625
0.440625
0.538125
0.6525
0.796875
0.968125
1.216875
1.365625
1.484375
1.34875
1.215625
1.116875
1.01125
1.243125
1.30375
1.38
1.47
1.255625
1.04375
0.80875
0.5425
0.5475
0.635625
0.746875
1.05125
1.06875
1.255
1.483125
1.37375
1.3925
1.068125
1.068125
1.068125
1.068125
