0.880625
0.880625
0.880625
0.880625
0.893125
0.953125
0.9825
0.959375
0.97875
0.96875
1.018125
1.081875
1.1
1.081875
1.008125
0.933125
0.88375
0.87
0.849375
0.841875
0.851875
0.875
0.95625
0.998125
1.00625
1.016875
0.9825
0.98125
1.006875
0.980625
0.991875
1.00875
0.995625
1.04375
1.02125
0.9875
0.970625
0.913125
0.926875
0.918125
0.9325
0.989375
1.005625
1.06
1.10625
1.079375
1.044375
0.976875
0.880625
0.83375
0.8125
0.85625
0.914375
0.955625
1.03875
1.048125
1.074375
1.110625
1.064375
1.0425
1.00375
1.016875
1.089375
1.14625
1.179375
1.135
1.064375
1.02875
1.050625
1.11
1.160625
1.1875
1.146875
1.080625
1.010625
0.929375
0.866875
0.82375
0.813125
0.83875
0.884375
0.9525
1.030625
1.084375
1.145625
1.14875
1.07875
1.01875
0.93125
0.876875
0.864375
0.84
0.85
0.84375
0.854375
0.9075
0.934375
0.988125
1.03625
1.0075
1.003125
0.98375
0.961875
0.995625
1.015
1.02
1.019375
0.995
0.968125
0.9925
1.01
1.031875
1.049375
1.01
1.005
1.005
1.00875
1.0575
1.05875
1.055
1.065
1.040625
1.040625
1.045625
1.036875
1.051875
1.081875
1.160625
1.215
1.244375
1.23875
1.14625
1.095
1.0375
0.995625
1.0175
1.004375
1.049375
1.11375
1.136875
1.168125
1.124375
1.02625
0.945
0.865625
0.86625
0.933125
0.99875
1.085
1.09375
1.038125
0.978125
0.90125
0.86625
0.88
0.885625
0.92125
0.976875
1.051875
1.183125
1.255
1.271875
1.219375
1.120625
1.075
1.051875
1.089375
1.131875
1.138125
1.14375
1.086875
0.99375
0.948125
0.914375
0.9225
0.964375
0.98875
1.0075
1.058125
1.14
1.20625
1.260625
1.261875
1.221875
1.14875
1.08625
1.016875
0.97
0.950625
0.940625
0.97125
0.976875
0.990625
0.99625
0.990625
0.983125
0.98375
0.960625
0.933125
0.946875
0.9525
0.9875
0.999375
0.97125
0.931875
0.880625
0.86375
0.84375
0.84625
0.853125
0.88375
0.921875
0.938125
1.004375
1.0075
1.029375
1.061875
0.995625
0.939375
0.8575
0.7975
0.809375
0.865625
0.98125
1.075
1.1225
1.11
1.026875
0.921875
0.845
0.849375
0.87625
0.9575
1.03
1.026875
1.013125
0.980625
0.956875
0.93625
0.94875
0.911875
0.89
0.915625
0.923125
0.958125
0.9725
0.9775
0.98125
0.995625
1.036875
1.026875
1.0475
1.06
1.046875
1.093125
1.083125
1.125625
1.1425
1.136875
1.158125
1.09125
1.046875
0.985625
0.9175
0.89625
0.86
0.848125
0.85
0.87125
0.94375
1.018125
1.1125
1.166875
1.17625
1.171875
1.09125
1.04125
1.0
0.958125
0.96875
0.93
0.923125
0.91375
0.935
1.02
1.051875
1.09125
1.05875
1.01
0.96375
0.934375
0.966875
0.975625
1.0425
1.0925
1.11625
1.135625
1.103125
1.05125
0.995
0.93625
0.89
0.85875
0.870625
0.933125
1.01375
1.103125
1.128125
1.113125
1.083125
1.05125
1.026875
0.99375
0.9475
0.91125
0.90625
0.919375
0.936875
0.935
0.93375
0.928125
0.9425
0.999375
1.033125
1.046875
1.0275
0.924375
0.871875
0.864375
0.925
1.048125
1.105625
1.139375
1.098125
1.07625
1.07
1.090625
1.144375
1.14
1.171875
1.176875
1.191875
1.23125
1.24625
1.25875
1.2425
1.209375
1.156875
1.08
1.010625
0.953125
0.901875
0.870625
0.84875
0.831875
0.855
0.891875
0.930625
0.99125
1.01375
1.029375
1.055
1.03625
1.0425
1.029375
0.9875
0.97875
0.93
0.910625
0.91625
0.923125
0.955625
0.968125
0.948125
0.91625
0.91
0.934375
0.968125
0.990625
0.96375
0.9175
0.921875
0.9375
0.966875
0.9925
0.9825
0.971875
0.990625
1.005
1.0
1.0075
0.97875
0.961875
0.961875
0.95
0.971875
0.993125
1.003125
1.001875
0.974375
0.933125
0.914375
0.92875
0.961875
1.0125
1.06625
1.0875
1.08
1.07625
1.0425
1.01
0.9925
0.930625
0.885625
0.855
0.8525
0.92875
0.994375
1.07
1.13625
1.108125
1.0875
1.019375
0.946875
0.945
0.980625
1.070625
1.12375
1.144375
1.09375
1.001875
0.96625
0.951875
0.984375
1.033125
1.024375
0.985
0.94875
0.92625
0.91625
0.923125
0.896875
0.88875
0.89625
0.93875
1.03125
1.06625
1.118125
1.1075
1.063125
1.056875
1.01
1.023125
1.014375
1.013125
1.048125
1.069375
1.10375
1.1175
1.13
1.0925
1.06625
1.0575
1.015
0.99375
1.000625
0.969375
1.01
1.06
1.06375
1.0825
1.02375
0.98625
0.944375
0.938125
0.944375
0.913125
0.91125
0.861875
0.82125
0.82125
0.848125
0.899375
0.959375
1.01125
0.993125
0.970625
0.9925
1.00125
1.08
1.173125
1.2225
1.271875
1.26375
1.231875
1.170625
1.079375
1.01
0.931875
0.87625
0.865625
0.85125
0.9025
0.9625
0.988125
1.050625
1.03875
1.033125
1.06125
1.060625
1.086875
1.091875
1.069375
1.020625
1.0
0.968125
0.970625
1.014375
0.99
1.023125
1.053125
1.05375
1.136875
1.16125
1.1675
1.18
1.11
1.060625
0.994375
0.91875
0.896875
0.8675
0.8325
0.810625
0.76375
0.74875
0.793125
0.85125
0.926875
0.97375
0.946875
0.92
0.910625
0.931875
1.0125
1.08125
1.13375
1.121875
1.068125
1.01
0.905
0.840625
0.79125
0.76125
0.82
0.885625
0.99375
1.103125
1.164375
1.21375
1.199375
1.141875
1.053125
0.9675
0.943125
0.96
1.039375
1.16125
1.223125
1.25375
1.2275
1.121875
1.02375
0.923125
0.8425
0.815625
0.846875
0.918125
1.001875
1.094375
1.12125
1.12875
1.1075
1.0625
1.041875
1.02
1.03
1.023125
1.011875
1.015
1.02
1.025
1.03875
1.0225
1.01875
1.04625
1.065
1.1275
1.151875
1.161875
1.16125
1.08875
0.995625
0.8825
0.80375
0.8125
0.875
0.9575
1.035
1.030625
1.01
1.009375
0.973125
0.969375
0.9625
0.938125
0.96625
1.03375
1.11625
1.191875
1.188125
1.160625
1.104375
1.055625
1.07875
1.075625
1.103125
1.143125
1.1525
1.14375
1.1
1.02625
0.961875
0.931875
0.92125
0.913125
0.93375
0.98875
1.020625
1.056875
1.013125
0.924375
0.86
0.813125
0.86375
0.92375
0.976875
1.025
1.024375
1.02625
1.055
1.06625
1.039375
1.01125
0.938125
0.8825
0.875
0.86625
0.90375
0.93125
0.95
0.966875
0.974375
1.00375
1.015
1.03375
1.0225
1.01125
1.058125
1.099375
1.171875
1.199375
1.16
1.11375
1.048125
0.998125
0.953125
0.925625
0.89125
0.87625
0.8925
0.899375
0.905625
0.9175
0.910625
0.899375
0.909375
0.91125
0.955
1.024375
1.085
1.14
1.17375
1.15
1.125
1.116875
1.068125
1.101875
1.134375
1.136875
1.149375
1.081875
1.0275
0.98625
0.9825
1.019375
1.021875
1.005
0.995625
0.979375
0.985625
1.010625
0.959375
0.9225
0.8975
0.895625
0.9925
1.059375
1.1025
1.126875
1.07375
1.0375
1.018125
0.979375
0.97
0.9375
0.906875
0.905625
0.891875
0.920625
0.91875
0.90875
0.8975
0.843125
0.863125
0.8675
0.906875
0.9925
1.000625
1.058125
1.093125
1.095
1.114375
1.0675
1.021875
0.990625
0.96125
0.96125
0.974375
0.986875
1.0225
1.055625
1.040625
0.99875
0.9425
0.884375
0.878125
0.895
0.90125
0.908125
0.87875
0.8975
0.935
0.981875
1.044375
1.02
0.98625
0.945625
0.9175
0.91625
0.895625
0.875
0.870625
0.9
0.995
1.08875
1.141875
1.196875
1.17875
1.1875
1.22125
1.20625
1.218125
1.18
1.135
1.090625
1.026875
0.9875
0.93
0.91875
0.935
0.95125
0.9725
0.968125
0.99125
1.014375
1.05625
1.11625
1.115
1.09125
1.0725
1.028125
1.00625
1.026875
1.01875
0.999375
0.9875
0.958125
0.9675
1.00125
1.02625
1.04875
1.005625
0.96
0.94
0.910625
0.96375
1.03625
1.05875
1.124375
1.13875
1.144375
1.168125
1.13375
1.095
1.045625
1.006875
1.006875
1.02125
1.0225
1.04625
1.0175
0.965
0.928125
0.856875
0.8475
0.884375
0.909375
0.958125
0.99375
1.01875
1.06125
1.090625
1.076875
1.0675
1.05125
1.035
1.09
1.12875
1.155
1.211875
1.2375
1.263125
1.3
1.295
1.23875
1.131875
1.019375
0.905
0.849375
0.866875
0.906875
0.9375
0.984375
1.000625
0.99875
1.025
0.97625
0.971875
0.94625
0.91375
0.930625
0.875
0.85875
0.864375
0.875625
0.9325
0.979375
1.0
1.0
0.990625
0.97
0.95375
0.93375
0.894375
0.86375
0.840625
0.853125
0.92875
0.980625
1.06125
1.11
1.090625
1.08625
0.9975
0.9275
0.875
0.850625
0.915
0.96875
1.025
1.0575
1.0375
1.015625
1.008125
1.000625
0.99625
0.998125
1.015625
1.033125
1.0875
1.154375
1.151875
1.1325
1.0875
1.0125
0.976875
0.970625
0.95
0.924375
0.926875
0.92125
0.9275
0.953125
0.943125
0.92875
0.91
0.89125
0.874375
0.848125
0.8625
0.885
0.9225
0.97875
0.976875
0.954375
0.9425
0.92125
0.95125
1.01625
1.044375
1.050625
1.003125
0.95875
0.958125
0.984375
1.061875
1.11375
1.13375
1.165625
1.12625
1.0625
1.031875
0.975
0.9875
1.005
0.99875
1.00875
1.010625
1.04875
1.07
1.086875
1.075
1.041875
1.0425
1.065
1.085
1.0925
1.064375
0.970625
0.888125
0.845
0.825
0.89
0.99375
1.07625
1.153125
1.135625
1.08875
1.054375
1.02125
1.0625
1.06875
1.02375
0.970625
0.889375
0.8325
0.86375
0.903125
0.975625
1.093125
1.110625
1.12625
1.0875
0.99375
0.949375
0.90875
0.89375
0.925
1.005625
1.07125
1.11875
1.10875
1.003125
0.933125
0.87875
0.870625
0.92125
0.96
1.03375
1.055625
1.0825
1.065625
1.00125
0.980625
0.930625
0.925
0.9275
0.92
0.92125
0.936875
0.969375
0.989375
1.03125
1.021875
1.0025
1.010625
0.983125
0.97
0.958125
0.958125
0.958125
0.958125
