0.128248742841
0.128248742841
0.128248742841
0.128248742841
0.105513810175
0.0983584981691
0.0986252033366
0.103893384783
0.102308705777
0.0715162130745
0.0413827072919
0.0161956654956
0.00398525763394
0.00639071076811
0.0100157191244
0.0136407274807
0.0130597326727
0.0141866722623
0.0136523334497
0.0239916269897
0.0413803860981
0.0586349802049
0.0738515661559
0.0694238889838
0.0581064443768
0.0442173491595
0.0353044292091
0.0479535426988
0.0599845222797
0.0861810512594
0.10643625259
0.0990056470003
0.0941364787676
0.0614837813547
0.0318342444793
0.0245605515899
0.0187111432158
0.0279193190174
0.0372470362997
0.0365583380995
0.0346823492709
0.046956589962
0.0589917476918
0.0835098214352
0.110634363696
0.110277828328
0.110160375922
0.0853201204792
0.0528094801269
0.0463556328874
0.0417657042688
0.0519703685684
0.0687484215882
0.0594696814951
0.046224021199
0.0332610823077
0.0167664470508
0.0125699607811
0.0151838571184
0.0319479829754
0.0505361029199
0.0688382517882
0.0922614184165
0.0874732598474
0.0826660674892
0.0787555522956
0.0648970968365
0.0670576640249
0.0701949895639
0.0735911282116
0.0769872668593
0.0758626484636
0.0730804655758
0.0808933717847
0.0768150342794
0.0887557194216
0.101357480558
0.0944542501987
0.101385567003
0.0801055586092
0.0587925892638
0.049093713093
0.0329467926672
0.0357572941194
0.0383762970831
0.0366015123042
0.0393314683315
0.0344762272616
0.0297674535204
0.023687550602
0.0173831882432
0.0141592821755
0.0110133682193
0.0104534962749
0.024795224283
0.0373359380223
0.0502120642655
0.0666804700325
0.0569734696834
0.0539489541629
0.0550608059928
0.0499943362871
0.0551329951199
0.0515794795326
0.0386077201049
0.0280827310609
0.0167478775004
0.0130344316603
0.0143324432329
0.0176738017069
0.0252211633452
0.024486041269
0.0344945646926
0.0522393949298
0.0658977634834
0.0835532277593
0.0844728847426
0.0701604037764
0.0607150019684
0.0517442842924
0.0546279033492
0.0693658591388
0.0782170353342
0.0979418438822
0.100865851711
0.086989058821
0.0765571496484
0.04594663854
0.0280757674795
0.0231815303538
0.0248852866024
0.0344646212926
0.0403119405923
0.0438192644229
0.0346714396601
0.0268787278372
0.0318256560622
0.0430001151312
0.0728184027958
0.107592439222
0.12362237148
0.12592476361
0.100779039063
0.0658861575143
0.0392567258912
0.0213805160849
0.0175886138945
0.0334760248535
0.0467100791806
0.0578729322806
0.0741783902428
0.062878818828
0.0601853055434
0.0605689988784
0.053302037451
0.0567234771111
0.0512642614147
0.0525534524508
0.0595295682951
0.0690504089015
0.0811062252561
0.0737350422272
0.0619700714556
0.0497633775041
0.0344762272616
0.0297674535204
0.023687550602
0.0173831882432
0.0172397384664
0.0171742808013
0.0196205869463
0.0369684930438
0.0463544722905
0.0704955841609
0.0999278572967
0.0999081271494
0.109651338122
0.0901867353988
0.0629971997118
0.0509376694471
0.0311532062186
0.032861140616
0.0374125374176
0.0412536489166
0.0479382228197
0.0422046420162
0.0344876011112
0.0419005656285
0.0490765362589
0.0599696666394
0.0727917090671
0.0560094778985
0.0425446969078
0.0303644645656
0.0183130584792
0.0211456112725
0.0178172514837
0.0152753121541
0.0126393644757
0.0173107669967
0.0233358897414
0.0300453004182
0.0382235625311
0.0315584866559
0.026955559352
0.0197549840673
0.00960161815062
0.00740437610025
0.00596570018347
0.00936183883116
0.0171998139331
0.0349620531238
0.0505033740873
0.0597920953138
0.0636141730237
0.0482666717424
0.0385508508568
0.0331478080503
0.0297985575173
0.0365130748204
0.0412578270655
0.043219932184
0.0456567214344
0.043469228398
0.0333683214612
0.0242490473821
0.0155714964829
0.0102250908051
0.0160106663497
0.0221409391735
0.0274527590637
0.0327803630717
0.0393922836089
0.0510156615588
0.0645194386053
0.0790624141158
0.0825467581279
0.079141334705
0.0726635791694
0.0660980825083
0.0545457330887
0.0423752497605
0.0392548689361
0.0364603837212
0.0419432755944
0.0516488832272
0.0479602741608
0.0407181495072
0.0335451964287
0.0334815957186
0.039628116899
0.0518457204614
0.0661157235811
0.0608610050584
0.0535624753953
0.0390754406554
0.0214506161377
0.0219417807456
0.0241248635138
0.0285588079091
0.034836940778
0.0411661399104
0.0476044351514
0.0568309483841
0.0658817472461
0.0530669005192
0.0402952279969
0.0238985471184
0.00954358830564
0.00933885901255
0.0196927760735
0.0339741530428
0.0443083399565
0.0552474299743
0.0447215124528
0.0335250020427
0.0242574036798
0.0147203147167
0.0160464127343
0.0142518978081
0.0125664789904
0.0108480992208
0.023850034168
0.038976789919
0.0573255947827
0.0860733478671
0.0860733478671
0.0860733478671
0.0860733478671
