1.096875
1.096875
1.096875
1.096875
1.0575
1.015625
1.018125
0.984375
0.915625
0.896875
0.85125
0.8775
0.970625
1.004375
1.04875
1.046875
0.98125
0.97
0.931875
0.89375
0.9
0.86125
0.84875
0.815
0.75625
0.7425
0.715
0.768125
0.87375
0.958125
1.071875
1.091875
1.0625
1.04
1.0125
1.046875
1.11875
1.168125
1.163125
1.103125
0.9625
0.816875
0.72375
0.699375
0.7375
0.815625
0.9275
1.0225
1.13125
1.20875
1.22125
1.199375
1.12125
1.074375
1.04625
1.025
1.035
1.02125
1.0025
1.024375
1.08125
1.138125
1.2
1.2025
1.161875
1.09375
1.025625
0.98875
0.9675
1.00875
1.055
1.080625
1.103125
1.078125
1.015625
0.985
0.93875
0.92875
0.98375
1.025625
1.08
1.104375
1.086875
1.063125
1.0375
1.03375
1.04375
1.0575
1.075
1.076875
1.046875
1.018125
0.97625
0.959375
0.994375
1.0375
1.109375
1.134375
1.115625
1.108125
1.089375
1.074375
1.10625
1.105625
1.065
1.033125
0.95
0.875
0.855
0.8825
0.95125
0.99625
1.02
1.00875
0.98625
1.011875
1.05
1.093125
1.115625
1.151875
1.18875
1.239375
1.3375
1.35625
1.32125
1.245625
1.11
1.03375
1.03875
1.02875
1.03
1.00875
0.94875
0.9625
1.0125
1.090625
1.170625
1.204375
1.193125
1.186875
1.155
1.158125
1.21
1.21625
1.2075
1.150625
1.058125
0.963125
0.96
0.980625
1.045625
1.13875
1.1475
1.123125
1.065625
1.025
0.988125
1.02
1.051875
1.063125
1.153125
1.20625
1.206875
1.183125
1.09
0.996875
0.986875
0.98875
1.023125
1.0575
1.06125
1.13625
1.141875
1.123125
1.095
0.949375
0.856875
0.81625
0.810625
0.88
0.961875
1.013125
0.985625
0.95625
0.901875
0.866875
0.94375
1.0125
1.10625
1.130625
1.0775
0.98125
0.890625
0.853125
0.794375
0.83125
0.825625
0.82
0.885
0.89125
0.955625
1.0325
1.085
1.1375
1.175
1.2275
1.26875
1.276875
1.233125
1.15875
1.083125
1.07375
1.130625
1.18875
1.259375
1.271875
1.229375
1.180625
1.09375
1.02375
0.93875
0.89
0.931875
0.993125
1.10375
1.1375
1.090625
1.008125
0.916875
0.905
0.890625
0.915625
0.97375
0.964375
1.00375
1.059375
1.061875
1.10125
1.11625
1.078125
1.0725
1.066875
1.05
1.04875
1.01
1.03
1.075625
1.096875
1.1075
1.00875
0.90875
0.845625
0.85125
0.958125
1.029375
1.128125
1.180625
1.13125
1.08625
0.98375
0.863125
0.8025
0.76375
0.73875
0.74125
0.735
0.70875
0.745
0.834375
0.960625
1.143125
1.226875
1.263125
1.236875
1.1625
1.128125
1.069375
1.040625
1.01375
0.986875
0.955
0.886875
0.811875
0.743125
0.681875
0.68625
0.73125
0.81
0.9325
1.0275
1.0825
1.078125
1.03125
0.950625
0.8675
0.829375
0.82125
0.886875
0.955
1.029375
1.114375
1.128125
1.160625
1.126875
1.030625
0.9625
0.881875
0.841875
0.875625
0.885625
0.93875
0.979375
0.94625
0.9575
0.895
0.845
0.870625
0.8675
0.90125
0.99
1.025
1.066875
1.10875
1.080625
1.058125
0.996875
0.948125
0.91125
0.865625
0.896875
0.915625
0.92625
1.00125
1.02375
1.08875
1.198125
1.215
1.2475
1.2225
1.133125
1.114375
1.116875
1.12
1.154375
1.154375
1.115
1.09625
1.103125
1.13
1.138125
1.13875
1.11375
1.095
1.13125
1.17
1.20875
1.20875
1.19375
1.185625
1.1325
1.13
1.1
1.0525
1.095
1.056875
1.064375
1.090625
1.0775
1.110625
1.119375
1.109375
1.09
1.076875
1.043125
1.023125
0.964375
0.921875
0.914375
0.88375
0.895625
0.89125
0.8725
0.893125
0.935
1.01375
1.101875
1.16625
1.234375
1.225
1.20625
1.1875
1.11875
1.11
1.10125
1.09875
1.0875
1.05875
1.015625
0.96125
0.97125
0.973125
1.01875
1.086875
1.119375
1.158125
1.144375
1.13125
1.125
1.144375
1.18875
1.18875
1.185
1.13625
1.0775
1.0225
0.95125
0.89625
0.854375
0.854375
0.9
0.92625
0.916875
0.905625
0.838125
0.785
0.793125
0.75625
0.77875
0.821875
0.82
0.855
0.8625
0.898125
0.96875
1.05875
1.118125
1.11875
1.09375
1.05125
1.06375
1.118125
1.151875
1.1375
1.090625
0.97375
0.906875
0.92
0.935
1.036875
1.136875
1.165
1.191875
1.14125
1.05
1.008125
0.99625
1.005
1.05
1.0825
1.095
1.1575
1.18875
1.21
1.183125
1.115625
1.0375
0.964375
0.943125
0.941875
0.960625
1.006875
1.058125
1.083125
1.099375
1.035
0.975
0.938125
0.940625
0.99625
0.974375
0.93125
0.850625
0.825
0.88875
0.971875
1.089375
1.131875
1.171875
1.206875
1.178125
1.141875
1.01875
0.8925
0.83375
0.848125
0.974375
1.06375
1.13
1.150625
1.12
1.185
1.266875
1.3275
1.384375
1.35875
1.311875
1.28
1.203125
1.14875
1.04125
0.949375
0.925625
0.9
0.958125
1.011875
1.0475
1.083125
1.07375
1.0725
1.0375
1.00375
1.023125
1.01
1.055
1.0825
1.069375
1.041875
0.999375
1.025
1.015625
1.093125
1.158125
1.1725
1.244375
1.25
1.2475
1.21
1.145625
1.060625
0.968125
0.89625
0.8275
0.82625
0.855
0.94
1.035625
1.088125
1.095625
1.081875
1.07875
1.094375
1.17125
1.170625
1.105
1.04875
0.984375
1.009375
1.1025
1.151875
1.165625
1.14875
1.12
1.1175
1.094375
1.06625
1.045
1.0275
1.090625
1.160625
1.188125
1.183125
1.133125
1.106875
1.11375
1.151875
1.133125
1.06125
0.98875
0.928125
0.95
0.97375
0.983125
0.975625
0.953125
0.9725
1.005
1.043125
1.05625
1.053125
1.04
1.015
1.0025
1.010625
1.0225
1.014375
1.031875
1.045
1.060625
1.11625
1.148125
1.126875
1.08
1.04
0.959375
0.911875
0.918125
0.873125
0.8825
0.91375
0.91375
0.97625
0.99125
0.97375
0.923125
0.845
0.815
0.790625
0.809375
0.81875
0.835625
0.879375
0.919375
0.978125
0.979375
0.99
1.020625
1.051875
1.14125
1.180625
1.211875
1.23
1.233125
1.283125
1.300625
1.318125
1.318125
1.318125
1.318125
