0.518125
0.518125
0.518125
0.518125
0.47125
0.4175
0.348125
0.366875
0.380625
0.3725
0.42
0.411875
0.409375
0.4325
0.425625
0.45
0.478125
0.495625
0.523125
0.529375
0.509375
0.486875
0.414375
0.3475
0.345
0.3375
0.401875
0.431875
0.41625
0.418125
0.395
0.430625
0.4375
0.4625
0.4675
0.471875
0.545
0.5675
0.6075
0.59375
0.545625
0.514375
0.48875
0.505
0.516875
0.53
0.5275
0.50875
0.5125
0.5225
0.50375
0.49375
0.465625
0.44375
0.495
0.54625
0.60125
0.608125
0.56
0.5075
0.441875
0.440625
0.4675
0.46
0.45375
0.42875
0.3975
0.424375
0.455
0.47375
0.47125
0.42125
0.39375
0.3725
0.376875
0.453125
0.4975
0.57
0.598125
0.5525
0.520625
0.45125
0.440625
0.4675
0.46
0.45375
0.42875
0.3975
0.424375
0.459375
0.48125
0.48125
0.458125
0.400625
0.34625
0.308125
0.279375
0.333125
0.4075
0.51
0.568125
0.5525
0.520625
0.40875
0.365625
0.325625
0.285625
0.3275
0.340625
0.4
0.459375
0.48125
0.48125
0.458125
0.400625
0.37625
0.368125
0.369375
0.453125
0.4975
0.57
0.6325
0.62125
0.62375
0.570625
0.5175
0.4675
0.4175
0.394375
0.376875
0.404375
0.421875
0.44
0.4525
0.454375
0.47625
0.5225
0.563125
0.58
0.576875
0.52375
0.464375
0.433125
0.3875
0.393125
0.411875
0.41
0.480625
0.511875
0.57
0.598125
0.5525
0.520625
0.433125
0.414375
0.39875
0.383125
0.393125
0.374375
0.401875
0.4175
0.43625
0.43375
0.4075
0.38875
0.375
0.3925
0.41625
0.460625
0.4925
0.46875
0.45125
0.383125
0.32125
0.339375
0.325
0.385
0.469375
0.525625
0.60375
0.624375
0.61125
0.55875
0.514375
0.465
0.420625
0.409375
0.39375
0.424375
0.4475
0.45875
0.44875
0.415
0.41875
0.42875
0.464375
0.524375
0.545
0.59375
0.61625
0.58875
0.58875
0.50875
0.466875
0.450625
0.406875
0.43875
0.443125
0.46375
0.498125
0.485
0.49125
0.46625
0.446875
0.45125
0.39375
0.353125
0.30125
0.28375
0.336875
0.4025
0.501875
0.5725
0.640625
0.694375
0.705625
0.695
0.651875
0.63125
0.576875
0.563125
0.55625
0.526875
0.5775
0.59
0.61375
0.609375
0.575625
0.555625
0.518125
0.50875
0.496875
0.4825
0.48625
0.49625
0.514375
0.5375
0.53
0.49375
0.455
0.41125
0.44
0.5075
0.553125
0.569375
0.489375
0.42125
0.363125
0.336875
0.384375
0.38125
0.35875
0.37625
0.3425
0.33125
0.345625
0.32
0.351875
0.378125
0.42875
0.47375
0.495
0.51125
0.503125
0.505
0.45875
0.43125
0.419375
0.38875
0.440625
0.486875
0.511875
0.55875
0.545
0.52875
0.508125
0.4725
0.455
0.4375
0.43
0.445625
0.476875
0.4975
0.51625
0.51375
0.4875
0.448125
0.430625
0.424375
0.435
0.5175
0.561875
0.595
0.57875
0.498125
0.443125
0.38375
0.390625
0.421875
0.448125
0.491875
0.524375
0.525
0.513125
0.524375
0.52125
0.56
0.624375
0.611875
0.581875
0.53375
0.454375
0.429375
0.441875
0.451875
0.491875
0.561875
0.591875
0.635
0.625
0.554375
0.515625
0.46625
0.48
0.47625
0.45625
0.419375
0.37625
0.3975
0.4275
0.48875
0.51375
0.52875
0.5475
0.541875
0.554375
0.55375
0.526875
0.504375
0.5
0.5025
0.49875
0.500625
0.484375
0.451875
0.50625
0.57875
0.656875
0.7375
0.725
0.6925
0.641875
0.585
0.556875
0.521875
0.50375
0.506875
0.51625
0.534375
0.54
0.534375
0.521875
0.503125
0.48625
0.44125
0.40125
0.364375
0.34
0.38625
0.425625
0.4775
0.52125
0.519375
0.54
0.55125
0.56625
0.57625
0.5825
0.58875
0.585625
0.596875
0.53125
0.43375
0.361875
0.285625
0.30375
0.38375
0.443125
0.4725
0.4725
0.444375
0.40125
0.411875
0.4175
0.425
0.461875
0.48125
0.519375
0.5525
0.569375
0.585625
0.5675
0.54625
0.53375
0.52
0.536875
0.5525
0.56375
0.553125
0.511875
0.491875
0.45375
0.435
0.45
0.44375
0.469375
0.49125
0.489375
0.483125
0.475625
0.473125
0.4725
0.49625
0.499375
0.498125
0.50125
0.45125
0.375
0.291875
0.21125
0.19375
0.235
0.306875
0.405625
0.471875
0.51375
0.52875
0.506875
0.525
0.54875
0.578125
0.614375
0.59625
0.565
0.526875
0.49125
0.49125
0.515
0.544375
0.56375
0.57125
0.56375
0.56875
0.585625
0.586875
0.595
0.58375
0.563125
0.555625
0.52625
0.491875
0.465
0.415
0.37
0.355625
0.346875
0.410625
0.4975
0.5475
0.624375
0.635
0.63125
0.66125
0.644375
0.655625
0.649375
0.611875
0.58875
0.5475
0.54125
0.558125
0.589375
0.62875
0.673125
0.718125
0.71625
0.705
0.6475
0.57375
0.534375
0.51625
0.5075
0.475
0.433125
0.376875
0.350625
0.381875
0.420625
0.454375
0.4725
0.46375
0.473125
0.4975
0.53
0.579375
0.598125
0.601875
0.579375
0.525625
0.48875
0.475
0.48375
0.509375
0.53875
0.555
0.556875
0.55625
0.536875
0.5125
0.498125
0.50875
0.520625
0.520625
0.514375
0.461875
0.43625
0.43375
0.45375
0.509375
0.539375
0.56625
0.5825
0.5725
0.53875
0.483125
0.4
0.32875
0.325
0.33
0.363125
0.403125
0.401875
0.414375
0.39625
0.3725
0.34875
0.330625
0.376875
0.433125
0.513125
0.576875
0.599375
0.611875
0.588125
0.555
0.51875
0.466875
0.433125
0.436875
0.4425
0.47125
0.51625
0.531875
0.5525
0.558125
0.53875
0.490625
0.405625
0.335625
0.276875
0.315
0.421875
0.51375
0.604375
0.601875
0.555
0.53375
0.515625
0.520625
0.543125
0.505
0.446875
0.411875
0.371875
0.42625
0.510625
0.57375
0.6
0.54625
0.46375
0.415
0.440625
0.513125
0.62375
0.68625
0.704375
0.70125
0.674375
0.656875
0.6325
0.6025
0.563125
0.54125
0.53625
0.541875
0.56625
0.593125
0.624375
0.653125
0.646875
0.625625
0.6025
0.576875
0.584375
0.579375
0.55
0.53375
0.51
0.515625
0.545625
0.5525
0.551875
0.543125
0.534375
0.5425
0.57
0.594375
0.586875
0.57625
0.55375
0.533125
0.54625
0.563125
0.545625
0.53375
0.511875
0.47875
0.51
0.485625
0.456875
0.424375
0.36625
0.390625
0.42125
0.45375
0.48625
0.484375
0.48875
0.525
0.5525
0.57
0.569375
0.530625
0.4875
0.454375
0.44
0.43875
0.46875
0.498125
0.531875
0.568125
0.55625
0.56125
0.536875
0.51
0.521875
0.511875
0.505
0.499375
0.470625
0.445
0.4325
0.434375
0.445
0.45625
0.479375
0.465625
0.453125
0.438125
0.41125
0.415
0.41875
0.44375
0.458125
0.464375
0.470625
0.4175
0.385625
0.365
0.3425
0.405
0.44625
0.48875
0.55875
0.584375
0.636875
0.669375
0.6525
0.636875
0.6075
0.58375
0.61125
0.599375
0.585
0.565625
0.49125
0.456875
0.415625
0.375
0.38
0.409375
0.44
0.475625
0.489375
0.48875
0.498125
0.50875
0.5325
0.56375
0.580625
0.625
0.64625
0.628125
0.63
0.588125
0.564375
0.564375
0.5625
0.60375
0.63625
0.67375
0.695
0.66125
0.64
0.59875
0.565625
0.574375
0.550625
0.554375
0.548125
0.504375
0.506875
0.489375
0.483125
0.524375
0.54375
0.55875
0.5825
0.550625
0.52125
0.511875
0.4925
0.52875
0.568125
0.5875
0.61375
0.616875
0.605
0.603125
0.5875
0.554375
0.508125
0.469375
0.43625
0.444375
0.493125
0.534375
0.5825
0.5825
0.554375
0.51875
0.4775
0.474375
0.48875
0.518125
0.541875
0.5425
0.528125
0.496875
0.499375
0.49875
0.515625
0.519375
0.45625
0.429375
0.396875
0.429375
0.51125
0.565
0.599375
0.54875
0.495625
0.443125
0.40625
0.441875
0.45125
0.468125
0.491875
0.495625
0.5175
0.520625
0.50875
0.48125
0.46375
0.4575
0.434375
0.425
0.405625
0.396875
0.453125
0.484375
0.529375
0.56125
0.56375
0.591875
0.59875
0.626875
0.615625
0.596875
0.579375
0.545
0.546875
0.54625
0.551875
0.551875
0.54625
0.531875
0.523125
0.529375
0.550625
0.609375
0.6525
0.671875
0.64
0.55875
0.4575
0.399375
0.38125
0.386875
0.454375
0.476875
0.46875
0.45875
0.416875
0.398125
0.44625
0.4625
0.446875
0.42
0.308125
0.27625
0.27625
0.2475
0.293125
0.274375
0.295625
0.35125
0.39125
0.45125
0.466875
0.506875
0.5125
0.5025
0.485625
0.46
0.44625
0.460625
0.478125
0.47875
0.49625
0.475625
0.4725
0.470625
0.449375
0.46625
0.486875
0.503125
0.536875
0.544375
0.51625
0.458125
0.38125
0.325625
0.300625
0.3525
0.424375
0.47375
0.51625
0.521875
0.515
0.51125
0.52875
0.526875
0.535625
0.560625
0.539375
0.529375
0.495
0.444375
0.44125
0.440625
0.458125
0.491875
0.49625
0.509375
0.535
0.558125
0.57875
0.57375
0.514375
0.45375
0.415
0.399375
0.46375
0.551875
0.6025
0.646875
0.645625
0.578125
0.52625
0.47875
0.436875
0.443125
0.465625
0.48125
0.505
0.50875
0.511875
0.51
0.483125
0.481875
0.475625
0.4525
0.455
0.43625
0.380625
0.38375
0.375625
0.33875
0.37625
0.36875
0.36375
0.4275
0.44125
0.47375
0.474375
0.40625
0.3525
0.293125
0.3
0.365
0.43375
0.51375
0.549375
0.56125
0.546875
0.51875
0.5
0.491875
0.511875
0.515625
0.520625
0.480625
0.430625
0.38125
0.3325
0.358125
0.391875
0.465
0.545625
0.580625
0.599375
0.58625
0.564375
0.538125
0.548125
0.574375
0.56625
0.568125
0.51125
0.458125
0.46375
0.445
0.449375
0.43
0.38
0.394375
0.41625
0.41
0.414375
0.373125
0.331875
0.355
0.37375
0.388125
0.4025
0.391875
0.42125
0.468125
0.525
0.58125
0.57375
0.55125
0.5325
0.526875
0.554375
0.590625
0.599375
0.61
0.603125
0.60375
0.615625
0.628125
0.633125
0.626875
0.625625
0.59
0.5775
0.57
0.5575
0.5625
0.56
0.56125
0.5675
0.571875
0.5925
0.590625
0.5775
0.5675
0.533125
0.5225
0.525
0.494375
0.45625
0.410625
0.355
0.368125
0.404375
0.45125
0.50375
0.50375
0.50375
0.50375
