1.52875
1.52875
1.52875
1.52875
1.728125
1.929375
1.859375
1.77375
1.72375
1.54125
1.4975
1.45375
1.191875
1.050625
0.953125
0.846875
0.873125
0.949375
0.92
0.908125
0.89625
0.808125
0.77875
0.7075
0.6625
0.6675
0.6725
0.724375
0.70125
0.79875
0.984375
1.15625
1.376875
1.31
1.125625
0.94125
0.7675
0.90375
1.0
1.11875
1.196875
0.95375
0.936875
0.86125
0.904375
1.168125
1.099375
1.109375
1.06
0.901875
0.960625
0.934375
0.760625
0.70125
0.6475
0.6725
0.86375
0.965625
1.020625
1.065625
1.0625
1.05
1.016875
1.0075
0.991875
1.056875
1.11625
1.18375
1.215625
1.211875
1.211875
1.019375
0.964375
1.029375
1.13125
1.3675
1.586875
1.51375
1.3925
1.263125
0.88125
0.69625
0.58375
0.54125
0.71375
0.8175
0.9325
0.890625
0.941875
1.07875
1.1
1.31125
1.26
1.11375
1.09875
0.981875
1.040625
1.146875
1.1875
1.241875
1.15375
1.183125
1.1575
1.03
1.00625
0.809375
0.69625
0.700625
0.72875
0.8125
0.810625
0.76375
0.760625
0.790625
0.895
1.021875
1.0225
0.895
0.765625
0.64125
0.5325
0.51875
0.513125
0.535625
0.58875
0.815625
0.99
1.155
1.389375
1.275625
1.19875
1.13125
0.965
0.9925
0.993125
0.906875
0.810625
0.685
0.578125
0.60125
0.678125
0.77875
0.861875
0.75125
0.6
0.474375
0.47875
0.68875
0.9675
1.16375
1.2475
1.19625
1.075625
0.986875
0.875625
0.865
0.91875
1.02375
1.17375
1.1975
1.15375
1.19625
1.131875
1.13625
1.234375
1.070625
0.9875
0.88875
0.661875
0.5325
0.41875
0.325
0.395
0.565
0.700625
0.8975
1.0775
1.14125
1.3825
1.558125
1.50375
1.49625
1.1675
0.791875
0.606875
0.546875
0.645625
0.82875
0.915625
0.8625
0.911875
0.90875
0.995625
1.18375
1.355625
1.523125
1.795
1.9025
1.845625
1.841875
1.62
1.43375
1.283125
1.11125
0.986875
0.93625
0.945
0.945
0.978125
1.099375
1.251875
1.4075
1.54875
1.451875
1.27375
1.139375
1.1475
1.275625
1.404375
1.445625
1.22125
0.99125
0.84125
0.7225
0.765
0.8375
0.860625
0.916875
0.935
0.925625
0.975625
0.9475
0.948125
0.981875
0.9
0.894375
0.98625
1.030625
1.1175
1.19125
1.0375
0.93125
0.89
0.824375
0.91125
0.96
0.933125
0.946875
0.828125
0.72375
0.819375
0.930625
1.22625
1.53625
1.594375
1.54625
1.41625
1.38375
1.37125
1.443125
1.45125
1.19625
1.01375
0.79375
0.615
0.73875
0.84875
0.9775
1.273125
1.33875
1.41125
1.50875
1.455
1.4075
1.4325
1.4075
1.23125
1.1275
0.85625
0.625625
0.54625
0.4825
0.555
0.66875
0.93375
1.1675
1.406875
1.668125
1.60375
1.620625
1.531875
1.364375
1.43375
1.41125
1.440625
1.47
1.3975
1.3775
1.515625
1.5275
1.644375
1.669375
1.543125
1.543125
1.4775
1.543125
1.523125
1.54375
1.564375
1.519375
1.479375
1.358125
1.3225
1.24625
1.28125
1.483125
1.430625
1.39375
1.3175
1.003125
0.89375
0.904375
0.901875
0.949375
0.919375
0.850625
0.971875
1.154375
1.396875
1.526875
1.3125
1.216875
1.113125
0.953125
0.969375
0.79125
0.578125
0.48125
0.42625
0.41125
0.420625
0.455625
0.4075
0.390625
0.37375
0.384375
0.474375
0.6575
0.876875
0.966875
1.154375
1.206875
1.190625
1.28625
1.11375
0.951875
0.855
0.71875
0.68125
0.6825
0.65125
0.653125
0.79875
0.943125
1.06875
1.16125
1.114375
1.0625
1.029375
1.075
1.084375
1.115
1.145625
0.93125
0.93375
0.90125
0.855
1.14125
1.12125
1.13625
1.17875
1.055
1.24125
1.3925
1.53
1.51625
1.19625
0.926875
0.6575
0.516875
0.593125
0.645625
0.71375
0.826875
0.785625
0.72875
0.640625
0.5125
0.503125
0.50625
0.62
0.775625
0.913125
1.001875
0.886875
0.759375
0.666875
0.653125
0.7775
0.89
0.89
0.841875
0.7675
0.693125
0.684375
0.680625
0.64125
0.678125
0.86625
1.04375
1.283125
1.33375
1.12125
0.92875
0.8425
0.863125
0.933125
1.034375
0.92125
0.81375
0.864375
0.8625
0.866875
0.894375
0.730625
0.73875
0.79625
0.903125
1.105625
0.984375
0.91625
0.703125
0.49
0.471875
0.45625
0.495625
0.540625
0.536875
0.500625
0.594375
0.6825
0.8125
0.885625
0.816875
0.743125
0.629375
0.629375
0.65875
0.755
0.8925
0.9525
0.943125
0.85125
0.740625
0.656875
0.6325
0.62875
0.625
0.60875
0.6125
0.61625
0.62
0.63
0.649375
0.64625
0.624375
0.58
0.496875
0.45875
0.458125
0.5025
0.56625
0.6075
0.640625
0.65125
0.661875
0.63125
0.579375
0.48625
0.383125
0.34
0.28875
0.2975
0.34875
0.38125
0.47375
0.5475
0.58875
0.63
0.59375
0.5575
0.48
0.4025
0.35625
0.3325
0.39125
0.45
0.555
0.629375
0.6625
0.718125
0.69625
0.668125
0.6175
0.59125
0.615
0.639375
0.68625
0.603125
0.4875
0.385625
0.28375
0.2825
0.3
0.3125
0.335625
0.4925
0.6875
0.925625
1.21875
1.205625
1.1575
1.033125
0.795625
0.868125
0.9375
1.106875
1.34375
1.293125
1.24875
1.128125
1.09375
1.20875
1.331875
1.45125
1.313125
1.161875
0.93375
0.694375
0.58375
0.495625
0.518125
0.5925
0.711875
0.71625
0.79875
0.88375
0.93125
1.241875
1.37
1.430625
1.50375
1.34625
1.156875
1.0275
0.990625
0.8975
0.904375
0.96625
0.850625
1.018125
1.2275
1.3075
1.505625
1.37625
1.1275
0.965
0.821875
0.85
0.97625
1.073125
1.2075
1.35625
1.419375
1.43375
1.2075
0.89
0.705
0.6675
0.779375
1.0425
1.311875
1.3875
1.448125
1.505625
1.345
1.298125
1.299375
1.0825
0.99
0.8375
0.72125
0.725625
0.74625
0.808125
0.77125
0.811875
0.803125
0.889375
1.035
1.078125
1.250625
1.406875
1.45625
1.484375
1.365625
1.05625
0.82
0.689375
0.593125
0.58
0.574375
0.49625
0.555
0.6675
0.779375
0.955625
0.90125
0.9375
1.004375
1.031875
1.225625
1.163125
1.13625
1.085625
0.9975
1.021875
0.885625
0.796875
0.639375
0.566875
0.58875
0.524375
0.691875
0.745625
0.83
1.095
1.100625
1.163125
1.195625
1.021875
1.02125
1.110625
1.17
1.310625
1.193125
0.938125
0.775625
0.605
0.6475
0.695
0.67625
0.67
0.62125
0.671875
0.668125
0.703125
0.731875
0.646875
0.658125
0.65375
0.614375
0.631875
0.620625
0.58875
0.620625
0.695
0.76
0.785625
0.8075
0.7775
0.7475
0.7725
0.799375
0.8025
0.758125
0.665
0.536875
0.49875
0.57
0.716875
0.878125
0.943125
0.9725
0.916875
0.875625
0.96875
0.985625
1.078125
1.1325
1.03625
1.04
1.148125
1.415625
1.699375
1.94
1.905625
1.62375
1.446875
1.20625
1.153125
1.211875
1.155
1.164375
1.0975
1.01
1.108125
1.21125
1.316875
1.44
1.341875
1.285
1.251875
1.245625
1.278125
1.313125
1.348125
1.359375
1.414375
1.27375
1.133125
0.96
0.869375
0.919375
0.969375
1.1175
1.106875
1.09
1.073125
0.93375
0.953125
1.11125
1.25
1.495625
1.585625
1.48375
1.39
1.19625
1.07875
0.9225
0.808125
0.74375
0.67625
0.710625
0.79375
1.014375
1.238125
1.46375
1.530625
1.34625
1.161875
0.96875
0.855
0.855
0.87875
0.9025
0.92625
0.92625
0.888125
0.906875
0.925625
0.968125
1.039375
1.020625
1.001875
0.9925
0.948125
1.04875
1.173125
1.263125
1.370625
1.23375
1.185
1.18
1.315625
1.59
1.616875
1.58875
1.295
1.009375
0.82125
0.66375
0.64875
0.586875
0.680625
0.81
0.904375
1.175625
1.27375
1.4075
1.55875
1.42125
1.306875
1.073125
0.86625
0.8625
0.903125
0.96375
1.1125
1.2025
1.286875
1.43875
1.393125
1.433125
1.4575
1.495
1.559375
1.371875
1.2175
1.045625
0.910625
1.0225
1.086875
1.051875
1.03125
0.864375
0.77125
0.705625
0.685625
0.71375
0.60875
0.54125
0.459375
0.428125
0.48375
0.718125
0.961875
1.13375
1.301875
1.145
0.955
0.845625
0.76875
0.85
0.84125
0.756875
0.64625
0.518125
0.51625
0.6025
0.73
0.8875
0.975
0.945625
0.86875
0.775625
0.75
0.795
0.833125
0.915
1.016875
1.276875
1.485
1.5875
1.56375
1.238125
0.98
0.75875
0.649375
0.685
0.715
0.766875
0.75875
0.723125
0.738125
0.919375
1.109375
1.35
1.464375
1.2575
1.07125
0.798125
0.636875
0.653125
0.66375
0.72875
0.73375
0.68
0.676875
0.84
1.011875
1.276875
1.411875
1.245
1.101875
0.8475
0.7125
0.71625
0.708125
0.788125
0.804375
0.805625
0.860625
0.935625
1.078125
1.29125
1.378125
1.354375
1.23375
0.97375
0.85875
0.93625
1.033125
1.210625
1.261875
1.033125
0.9225
0.978125
1.075625
1.383125
1.530625
1.37625
1.2425
0.989375
0.848125
0.845625
0.80375
0.815625
0.7675
0.704375
0.838125
1.104375
1.379375
1.69875
1.851875
1.736875
1.6425
1.46125
1.20125
1.076875
0.913125
0.80375
0.719375
0.62625
0.73
0.888125
1.088125
1.329375
1.253125
1.09875
0.965
0.744375
0.714375
0.708125
0.6625
0.71125
0.696875
0.67375
0.8475
1.1075
1.3825
1.684375
1.66875
1.39125
1.13125
0.89375
0.814375
0.870625
0.9025
0.813125
0.86125
0.909375
0.98875
1.315
1.364375
1.470625
1.56125
1.319375
1.19125
0.93
0.80625
0.879375
0.99625
1.34625
1.42125
1.603125
1.88625
1.83625
1.980625
1.830625
1.41875
1.213125
1.029375
1.07875
1.26375
1.411875
1.395625
1.24625
1.088125
0.9525
0.833125
0.85
0.884375
1.03875
1.33875
1.464375
1.58125
1.418125
1.17875
1.05
0.92125
0.93
0.8625
0.770625
0.735625
0.723125
0.80625
0.906875
0.896875
0.895
1.009375
1.07625
1.196875
1.32
1.3075
1.343125
1.375625
1.331875
1.1525
0.97375
0.789375
0.655
0.735625
0.825625
0.933125
1.031875
0.933125
0.871875
0.88125
0.91125
1.0825
1.14
1.005625
0.836875
0.660625
0.620625
0.861875
1.195
1.5125
1.6625
1.48875
1.18
0.874375
0.689375
0.64
0.64125
0.66
0.631875
0.63125
0.67625
0.64375
0.578125
0.515625
0.479375
0.533125
0.808125
1.0825
1.2125
1.270625
0.98875
0.761875
0.6375
0.575
0.67625
0.64625
0.578125
0.483125
0.385
0.35625
0.37
0.48625
0.646875
0.80875
1.0275
1.035
1.013125
0.966875
0.754375
0.690625
0.665
0.68125
0.80125
0.881875
0.858125
0.80875
0.78875
0.733125
0.758125
0.766875
0.67
0.674375
0.655
0.665625
0.758125
0.764375
0.80375
0.8025
0.80125
0.804375
0.684375
0.624375
0.545
0.495625
0.55
0.583125
0.61625
0.783125
0.916875
1.033125
1.13
0.908125
0.715
0.61875
0.5525
0.68
0.8275
0.8075
0.809375
0.7725
0.763125
0.81375
0.775
0.76375
0.774375
0.8475
0.99125
1.1575
1.100625
1.03375
0.93375
0.77375
0.9025
0.9325
1.00125
1.109375
0.89875
0.733125
0.646875
0.56125
0.768125
0.994375
1.0425
1.055625
0.833125
0.6425
0.55125
0.50875
0.5925
0.62625
0.61125
0.541875
0.5725
0.603125
0.638125
0.7225
0.585625
0.4775
0.4075
0.36125
0.59625
0.85125
1.135625
1.348125
1.2475
1.10875
0.903125
0.693125
0.6275
0.715
0.796875
0.916875
1.0125
0.80875
0.655
0.51
0.501875
0.64875
0.786875
0.921875
0.834375
0.76125
0.65375
0.62375
0.695625
0.758125
0.843125
0.76375
0.7225
0.67625
0.669375
0.705
0.7
0.68625
0.6925
0.754375
0.830625
0.89125
0.836875
0.74
0.635625
0.55
0.575625
0.6125
0.63375
0.68
0.571875
0.4925
0.47125
0.47
0.55375
0.618125
0.628125
0.559375
0.49875
0.438125
0.37
0.321875
0.29875
0.25625
0.355
0.473125
0.670625
0.955625
1.02375
1.0975
1.130625
1.035625
1.05
1.06125
0.8575
0.88
0.891875
0.9125
1.070625
0.9075
0.81
0.705
0.6275
0.73375
0.7375
0.776875
0.83875
0.8625
0.903125
0.85125
0.81875
0.77625
0.7775
0.940625
0.965
1.023125
1.113125
0.981875
0.969375
0.9975
0.9
0.95125
0.965625
0.855625
0.768125
0.6325
0.480625
0.386875
0.4025
0.43875
0.52125
0.669375
0.70125
0.715625
0.689375
0.554375
0.51375
0.4575
0.4325
0.463125
0.494375
0.5675
0.64625
0.753125
0.769375
0.840625
0.8925
0.93875
1.019375
0.94
0.821875
0.65625
0.48875
0.575
0.73375
0.883125
1.045
1.040625
1.016875
1.0625
1.154375
1.08
0.94875
0.835
0.64625
0.61625
0.62875
0.4925
0.42375
0.361875
0.3425
0.48
0.630625
0.781875
0.938125
0.975625
0.919375
0.86875
0.71375
0.6725
0.69875
0.719375
0.8
0.809375
0.74125
0.715625
0.650625
0.581875
0.6125
0.6125
0.6125
0.6125
