-4.285
-4.285
-4.285
-4.285
-2.8775
-1.86
-0.815
-0.703125
-1.658125
-2.156875
-2.98875
-3.880625
-5.40625
-6.35875
-7.005625
-7.3075
-6.053125
-5.67375
-4.871875
-3.87625
-3.58875
-2.65125
-2.62875
-2.120625
-2.0525
-2.610625
-2.328125
-3.3075
-4.244375
-5.2525
-7.386875
-8.41375
-8.451875
-7.92
-6.18
-4.683125
-4.50875
-4.49625
-4.91375
-5.45
-5.316875
-5.1725
-4.61
-4.016875
-3.090625
-2.19375
-2.063125
-2.075625
-2.499375
-3.02625
-2.926875
-2.590625
-2.114375
-1.275625
-1.394375
-1.394375
-1.394375
-1.394375
