1.15875
1.15875
1.15875
1.15875
1.098125
1.05375
1.05375
1.00625
1.033125
1.0875
1.1275
1.12875
1.108125
1.0525
1.003125
0.995
0.99375
1.065625
1.15625
1.236875
1.295
1.2675
1.199375
1.16
1.168125
1.214375
1.265
1.23
1.130625
1.035625
0.963125
0.98
1.034375
1.07125
1.07875
1.078125
1.090625
1.113125
1.150625
1.14625
1.1
1.055
1.035625
1.041875
1.065625
1.076875
1.055625
1.021875
0.993125
0.98625
1.03875
1.07
1.130625
1.16625
1.1225
1.14
1.113125
1.108125
1.110625
1.065
1.0475
1.0175
1.04375
1.0925
1.128125
1.191875
1.22625
1.2775
1.334375
1.3475
1.36125
1.35
1.308125
1.26125
1.204375
1.141875
1.110625
1.114375
1.1375
1.146875
1.141875
1.131875
1.1325
1.150625
1.20375
1.233125
1.2075
1.18375
1.109375
1.0525
1.03
0.988125
0.971875
0.945625
0.921875
0.930625
0.913125
0.899375
0.85125
0.799375
0.79125
0.829375
0.925625
1.01125
1.0825
1.104375
1.108125
1.11125
1.098125
1.089375
1.06
1.0325
1.01625
1.01125
1.031875
1.079375
1.1075
1.13125
1.140625
1.091875
1.081875
1.066875
1.028125
1.00125
0.95625
0.91875
0.91625
0.93125
0.951875
0.973125
0.98625
1.020625
1.020625
1.02875
1.05625
1.07875
1.148125
1.21
1.255
1.285625
1.29875
1.2875
1.251875
1.201875
1.154375
1.113125
1.07625
1.034375
0.981875
0.921875
0.890625
0.87875
0.878125
0.9175
0.928125
0.969375
1.015
1.05
1.110625
1.1625
1.196875
1.211875
1.205625
1.15875
1.115
1.08125
1.070625
1.069375
1.05875
1.0375
1.003125
0.979375
0.9975
1.0225
1.02
1.000625
0.92625
0.89625
0.88875
0.93375
1.024375
1.046875
1.125625
1.173125
1.225
1.315625
1.349375
1.355625
1.34125
1.27875
1.20875
1.16375
1.0875
1.106875
1.125
1.153125
1.24375
1.25375
1.31125
1.36125
1.3725
1.4025
1.353125
1.298125
1.250625
1.23125
1.29875
1.34125
1.3575
1.33
1.2425
1.171875
1.12875
1.09625
1.089375
1.091875
1.0975
1.138125
1.16625
1.20625
1.226875
1.18875
1.158125
1.114375
1.09375
1.118125
1.143125
1.134375
1.085
1.01
0.921875
0.895
0.8925
0.9025
0.898125
0.86
0.85875
0.87
0.965625
1.076875
1.1525
1.234375
1.235625
1.224375
1.245625
1.189375
1.176875
1.164375
1.124375
1.201875
1.19875
1.19875
1.1775
1.075625
1.04875
1.00375
0.981875
1.00375
1.01875
1.079375
1.135
1.15
1.138125
1.06625
1.025625
0.99125
1.019375
1.1125
1.125
1.159375
1.135625
1.051875
1.048125
1.038125
1.05625
1.089375
1.12
1.12
1.0775
1.0475
0.96125
0.93
0.93875
0.978125
1.055
1.10125
1.1025
1.0825
1.08125
1.078125
1.15875
1.24875
1.280625
1.291875
1.228125
1.14
1.118125
1.150625
1.178125
1.193125
1.148125
1.045625
1.024375
1.02
1.016875
1.07625
1.083125
1.0975
1.19
1.235625
1.253125
1.258125
1.210625
1.208125
1.235
1.27125
1.3075
1.308125
1.309375
1.329375
1.34375
1.346875
1.345
1.275
1.210625
1.146875
1.10875
1.116875
1.10875
1.116875
1.076875
1.058125
1.045625
1.04375
1.08
1.095
1.151875
1.19
1.209375
1.22875
1.194375
1.163125
1.144375
1.125625
1.125625
1.12375
1.130625
1.13125
1.138125
1.155
1.12875
1.09375
1.0775
1.07875
1.14
1.229375
1.278125
1.31
1.304375
1.285625
1.280625
1.245
1.189375
1.13875
1.08375
1.02
0.988125
0.960625
0.975625
1.06125
1.146875
1.22
1.254375
1.2425
1.21625
1.19
1.15625
1.144375
1.14375
1.12875
1.12375
1.119375
1.10375
1.0975
1.085
1.01875
0.94625
0.92875
0.925
0.976875
1.058125
1.0775
1.100625
1.08125
1.05
1.030625
0.979375
0.968125
0.978125
0.954375
0.965625
0.9775
0.9375
0.989375
1.0025
1.016875
1.06625
1.045625
1.065
1.07
1.064375
1.0925
1.1325
1.158125
1.195
1.185
1.1725
1.18875
1.196875
1.21875
1.190625
1.141875
1.10625
1.10375
1.13875
1.173125
1.194375
1.195625
1.16
1.139375
1.081875
1.004375
0.981875
0.969375
1.005
1.1025
1.185625
1.2375
1.290625
1.280625
1.244375
1.18125
1.099375
1.021875
0.9575
0.991875
1.02625
1.10625
1.14625
1.105625
1.080625
1.043125
1.09875
1.139375
1.17375
1.171875
1.06375
0.9925
0.905625
0.8225
0.8325
0.90125
0.9825
1.065
1.0675
0.9525
0.845
0.8125
0.873125
1.005
1.121875
1.14875
1.076875
0.98
0.918125
0.8725
0.890625
0.98
1.045625
1.15375
1.258125
1.2575
1.228125
1.161875
1.1
1.10875
1.14875
1.198125
1.22875
1.238125
1.235
1.26
1.26
1.27
1.31125
1.31875
1.35125
1.343125
1.285
1.21625
1.14125
1.108125
1.119375
1.163125
1.23875
1.313125
1.368125
1.390625
1.374375
1.319375
1.21125
1.09875
0.999375
0.910625
0.905625
0.9325
0.959375
1.041875
1.075625
1.086875
1.091875
1.02875
1.024375
1.015
0.990625
0.980625
0.893125
0.8525
0.860625
0.9
0.96
0.975
0.948125
0.899375
0.866875
0.859375
0.89375
0.936875
0.98
0.985625
0.923125
0.855625
0.828125
0.84
0.906875
0.97875
0.986875
0.9825
0.9625
0.928125
0.926875
0.913125
0.8875
0.88375
0.845
0.845625
0.8775
0.873125
0.929375
0.931875
0.885625
0.886875
0.830625
0.81375
0.84
0.81875
0.8075
0.798125
0.80375
0.816875
0.855
0.87875
0.866875
0.8875
0.91
0.905625
0.905
0.871875
0.80375
0.77875
0.730625
0.725625
0.765625
0.789375
0.875625
0.908125
0.898125
0.888125
0.820625
0.833125
0.86375
0.890625
0.9275
0.858125
0.803125
0.77
0.765625
0.849375
0.9175
0.936875
0.954375
0.914375
0.903125
0.935
0.934375
0.95125
0.9275
0.87875
0.848125
0.83125
0.7875
0.76375
0.758125
0.7275
0.749375
0.76875
0.765
0.7775
0.765
0.79375
0.808125
0.83875
0.940625
0.9375
0.9475
0.955625
0.905
0.925625
0.9525
0.934375
0.87375
0.84125
0.82125
0.859375
0.93625
0.931875
0.9025
0.818125
0.765
0.74
0.74
0.78
0.778125
0.81625
0.85625
0.901875
0.94875
0.953125
0.9325
0.863125
0.794375
0.78125
0.775
0.811875
0.8775
0.849375
0.8125
0.750625
0.66875
0.6525
0.665
0.7025
0.768125
0.83625
0.884375
0.933125
0.920625
0.920625
0.920625
0.920625
