-0.10625
-0.10625
-0.10625
-0.10625
-0.7875
-1.85
-2.05
-2.31875
-2.84375
-2.10625
-2.16875
-2.35
-1.575
-1.3375
-0.1625
0.46875
0.54375
0.40625
-0.30625
-0.075
-0.08125
-0.225
-0.36875
-0.73125
-0.75
-0.6
-0.40625
-0.575
-0.75625
-0.55
-0.8875
-1.20625
-1.56875
-2.2625
-1.975
-1.20625
-0.4875
0.1625
0.2
-0.08125
-0.69375
-1.475
-1.7875
-2.65625
-2.85
-2.425
-2.48125
-1.4125
-1.26875
-1.31875
-1.25
-1.89375
-1.6375
-1.66875
-1.9125
-1.8125
-2.1125
-2.2625
-1.175
-0.35625
0.73125
1.45
1.30625
1.35625
1.41875
2.14375
2.70625
3.0875
3.06875
2.69375
2.08125
1.46875
1.25625
1.24375
0.925
0.33125
-0.2
-1.00625
-0.5625
0.29375
0.425
0.04375
-1.01875
-1.5125
-1.56875
-1.0
-0.20625
-0.14375
0.225
0.59375
0.5375
0.35625
0.1
0.1375
0.525
1.00625
1.3625
1.73125
2.05625
2.1625
1.7875
1.24375
0.625
0.2625
0.275
-0.5875
-1.54375
-1.61875
-1.4
0.425
2.625
3.61875
3.85
2.6375
0.43125
-1.05625
-1.8
-1.31875
0.5375
1.13125
1.53125
0.9375
-0.45
-0.15625
-0.11875
0.275
1.36875
1.5625
2.2125
2.975
2.4625
2.1375
1.1125
-0.15
-0.49375
-0.8625
-0.1375
0.8125
1.70625
2.29375
1.2875
0.03125
-1.75
-2.91875
-2.40625
-1.675
0.25625
2.15
3.5125
4.6875
4.0875
2.975
1.45
0.48125
1.36875
2.35625
3.75625
4.1375
3.63125
3.73125
3.625
3.63125
3.29375
1.84375
-0.55
-1.75
-2.3375
-1.625
0.76875
1.94375
3.00625
3.41875
3.225
3.89375
3.75625
3.275
2.05
0.1
-1.0
-1.9
-1.5
-0.10625
1.1125
2.59375
3.18125
2.8
2.16875
1.0625
0.1625
-0.475
-0.625
-0.025
0.40625
1.35
1.99375
2.3125
2.7125
2.1125
1.16875
0.2125
-0.91875
-1.9875
-2.51875
-3.10625
-3.0375
-1.4625
0.31875
2.1
3.35625
3.43125
2.625
1.65625
0.9625
-0.3875
-0.8625
-1.125
-1.9375
-1.61875
-2.0125
-2.5125
-1.88125
-1.31875
0.00625
0.875
0.13125
-0.54375
-1.225
-1.39375
-0.5125
-0.6
-1.54375
-1.80625
-1.85
-1.5375
-0.7125
-1.0875
-1.81875
-1.68125
-1.93125
-1.25625
-0.55
-0.425
-0.04375
-0.125
-0.65
-1.0
-0.55
0.33125
1.7875
3.075
3.6375
3.50625
3.73125
4.0875
4.18125
4.34375
3.50625
2.40625
1.625
1.29375
1.475
1.7875
1.6
1.20625
0.75625
0.59375
0.58125
0.74375
0.91875
0.35
0.36875
-0.4625
-1.8875
-3.425
-5.25625
-5.89375
-5.4375
-3.46875
-1.1125
0.9
2.40625
2.59375
2.2875
1.7125
0.8125
-0.225
-1.73125
-3.20625
-4.01875
-3.775
-2.6625
-1.425
-0.75625
-0.59375
-1.01875
-1.75
-1.95
-2.53125
-2.3375
-1.64375
-1.9375
-1.3125
-1.65
-2.8625
-2.525
-2.60625
-1.2625
1.3875
2.925
3.9625
4.05625
3.73125
3.7625
4.06875
4.375
4.2125
3.8
2.84375
0.94375
-1.1125
-3.3375
-4.325
-3.74375
-2.6
-0.5
0.56875
0.3875
-0.19375
-1.75625
-3.075
-3.0875
-2.65
-2.2
-1.64375
-1.8375
-2.28125
-2.125
-1.5375
-0.925
-0.3625
-0.03125
0.575
0.65625
0.89375
1.1375
0.33125
0.09375
-0.55625
-1.30625
-1.64375
-1.6875
-0.775
0.16875
1.14375
1.5875
1.3
0.4
-1.16875
-2.18125
-3.43125
-3.03125
-1.4625
0.0125
1.18125
1.325
1.19375
1.18125
2.275
2.6375
1.8625
-0.2
-2.74375
-3.98125
-3.6125
-1.35625
0.79375
2.2375
3.23125
2.39375
2.3125
2.225
1.30625
2.1625
2.36875
2.6875
3.64375
3.38125
2.70625
2.21875
2.00625
2.08125
2.69375
3.14375
2.65625
2.2125
1.50625
0.54375
0.34375
0.6
0.96875
1.85
2.70625
3.025
3.0125
2.6875
2.1375
1.29375
1.325
1.75625
2.5875
4.16875
5.51875
5.5
4.59375
3.10625
1.25
1.3625
1.59375
2.03125
2.34375
1.45
1.40625
1.3625
1.08125
1.11875
0.54375
-0.39375
-0.8875
-1.49375
-1.46875
-1.2375
-1.00625
-0.6625
-0.55625
0.0625
0.3875
0.65625
0.25625
-0.475
-0.3375
0.00625
1.275
2.2125
2.29375
1.825
0.51875
-0.48125
-0.86875
-1.5125
-1.86875
-1.89375
-2.1375
-1.3
-0.375
-0.03125
-0.05625
-0.46875
-0.41875
0.1875
0.7875
1.45625
1.74375
1.78125
2.8875
3.69375
4.01875
3.925
2.625
0.91875
-0.4375
-1.80625
-2.775
-2.51875
-2.05
-0.58125
0.8375
1.475
2.2375
2.04375
1.80625
1.0875
-0.375
-1.34375
-1.9625
-2.0
-1.55
-1.09375
-0.6875
0.60625
2.00625
3.55625
4.53125
4.61875
4.125
2.36875
0.625
-2.0625
-3.8625
-3.98125
-3.225
-0.84375
0.35625
0.08125
-0.76875
-1.95625
-1.4625
0.7125
2.875
3.9625
3.38125
1.39375
-0.5625
-1.34375
-1.00625
0.05
1.30625
1.75625
1.8
1.875
1.99375
2.8375
3.3875
3.2
2.475
0.65
-0.5375
-1.16875
-1.05625
0.7375
2.2
3.475
4.05
3.3625
2.26875
1.03125
-0.175
-0.6625
0.0625
1.2625
3.2625
4.40625
4.45625
4.0875
2.63125
1.8
1.0875
0.76875
1.38125
1.6625
2.1125
2.39375
1.99375
1.75625
1.00625
-0.05625
-1.4
-3.025
-3.9
-4.4
-3.5875
-2.1625
-0.7875
0.4375
0.7625
0.73125
0.7125
1.1
2.01875
3.04375
3.1875
2.5875
0.73125
-1.2625
-1.70625
-2.35625
-1.5625
-1.04375
-1.2375
-0.85625
-1.06875
-0.7875
-1.075
-0.49375
-0.19375
0.1125
0.7875
0.01875
0.3375
0.80625
1.04375
2.1875
2.10625
1.44375
1.3875
0.75
0.48125
0.53125
0.25
0.325
0.575
0.325
0.13125
-0.19375
-0.15
0.3
0.06875
0.35
0.09375
0.075
0.84375
1.125
1.28125
1.80625
2.325
2.6375
3.15625
2.65625
2.2375
1.76875
1.13125
1.10625
0.96875
1.0875
1.18125
0.43125
-0.44375
-1.1625
-1.49375
-0.6
0.13125
0.64375
0.9625
1.00625
1.375
1.7125
2.10625
2.3875
2.36875
2.5875
2.80625
2.41875
2.18125
2.11875
1.31875
0.45
-0.3625
-1.8
-1.6125
-0.66875
-0.21875
0.6375
-0.01875
-0.56875
-0.65625
-1.525
-1.90625
-2.24375
-2.2875
-1.025
0.31875
0.9875
1.18125
0.44375
0.4375
0.2375
-0.3
-0.3375
-1.39375
-1.2
0.2125
1.31875
2.55
3.0125
2.625
2.51875
2.56875
1.8125
1.16875
0.33125
-0.5
0.2
0.85
1.49375
2.18125
1.775
1.45625
1.28125
0.70625
-0.075
-1.2125
-2.85
-3.775
-3.75
-3.13125
-1.79375
-0.85
-0.03125
0.31875
0.7375
1.1875
1.7875
2.425
2.0125
1.98125
1.55
1.69375
2.75
3.225
3.275
2.88125
2.2125
1.58125
1.06875
0.9125
0.6
0.5125
1.075
0.975
0.80625
0.9
0.30625
-0.19375
-0.19375
-0.81875
-1.1
-0.95
-1.54375
-2.2125
-2.69375
-3.3
-3.425
-2.6875
-2.61875
-2.3125
-0.98125
-0.24375
0.975
1.51875
0.30625
-1.04375
-2.1
-2.88125
-2.65
-1.93125
-0.85625
0.3125
0.625
0.14375
-1.30625
-3.2375
-3.85625
-2.95
-2.35
-0.53125
0.55
0.0125
0.475
0.14375
-0.3125
0.24375
0.7875
1.1875
1.1
0.59375
-0.44375
-1.15
-0.61875
-0.0875
0.3375
0.5875
0.225
-0.4125
-0.04375
0.4125
0.21875
0.35625
-0.525
-1.38125
-1.34375
-0.8625
-0.21875
0.7
1.325
1.50625
1.25625
0.2125
-0.95625
-2.2625
-2.5875
-2.81875
-2.56875
-2.5625
-2.5625
-2.5625
-2.5625
