0.4215625
0.4215625
0.4215625
0.4215625
0.4063125
0.382625
0.34575
0.3128125
0.298875
0.3088125
0.3286875
0.3734375
0.3855
0.3608125
0.3385
0.2880625
0.26675
0.2615625
0.2443125
0.2543125
0.2521875
0.2738125
0.30125
0.304625
0.319375
0.296625
0.288375
0.29675
0.289125
0.317875
0.3249375
0.314625
0.3158125
0.29125
0.2731875
0.278375
0.276875
0.2845
0.30125
0.303375
0.309375
0.32675
0.335
0.35575
0.3741875
0.366875
0.39025
0.377
0.3605
0.36925
0.334625
0.335
0.3390625
0.33275
0.3535625
0.356625
0.3604375
0.339875
0.3094375
0.3055
0.3015
0.339125
0.3675
0.37825
0.3735625
0.331375
0.3064375
0.2800625
0.265875
0.2880625
0.2873125
0.2823125
0.27675
0.2483125
0.241125
0.25525
0.2769375
0.317625
0.3555
0.37775
0.407625
0.416375
0.41425
0.3965
0.360875
0.32625
0.311625
0.311625
0.322
0.3289375
0.3145
0.3103125
0.309625
0.3349375
0.3786875
0.4205625
0.4453125
0.445625
0.4364375
0.39875
0.368125
0.352875
0.3186875
0.322
0.315125
0.304875
0.313375
0.293625
0.297125
0.293125
0.3015
0.31225
0.2951875
0.282875
0.2645625
0.2745
0.305625
0.3295
0.33875
0.326125
0.3035
0.28525
0.283375
0.2745
0.2868125
0.302875
0.3183125
0.354
0.3628125
0.376125
0.3608125
0.3243125
0.3091875
0.2739375
0.2734375
0.2844375
0.2780625
0.2899375
0.2695625
0.261375
0.2549375
0.260625
0.301125
0.320875
0.35975
0.382
0.38425
0.402625
0.4066875
0.3891875
0.373625
0.3430625
0.316875
0.3338125
0.3583125
0.3843125
0.4019375
0.3904375
0.3831875
0.392625
0.3963125
0.401375
0.3729375
0.3333125
0.3001875
0.266375
0.2630625
0.2621875
0.2853125
0.3203125
0.338875
0.3525625
0.33
0.2974375
0.2905625
0.2960625
0.3295625
0.3749375
0.4108125
0.42925
0.417
0.4016875
0.3755625
0.3433125
0.3424375
0.3444375
0.3423125
0.365
0.372625
0.3693125
0.386625
0.3860625
0.371875
0.3538125
0.323375
0.30575
0.30875
0.325
0.33075
0.323625
0.332625
0.339625
0.363375
0.39
0.388125
0.373875
0.34025
0.314375
0.277125
0.2485
0.2300625
0.209375
0.2230625
0.237375
0.2676875
0.2884375
0.2834375
0.2790625
0.258375
0.2618125
0.287375
0.3215625
0.364125
0.37175
0.3675
0.34475
0.31175
0.308
0.2890625
0.2875
0.2943125
0.285625
0.292
0.282125
0.262875
0.2593125
0.2719375
0.2920625
0.3275625
0.3485625
0.353375
0.3686875
0.3615
0.36325
0.363875
0.346375
0.35525
0.350375
0.347625
0.3611875
0.355375
0.3616875
0.3645625
0.3564375
0.3471875
0.3408125
0.3311875
0.314375
0.3054375
0.287
0.281375
0.299
0.310625
0.328375
0.330875
0.3105
0.2981875
0.28175
0.2763125
0.2905
0.3151875
0.34225
0.3728125
0.387125
0.37775
0.366
0.339625
0.333375
0.34325
0.35225
0.364
0.354625
0.33875
0.328
0.3223125
0.3238125
0.321375
0.3231875
0.347
0.3785625
0.4266875
0.4674375
0.478125
0.464
0.4344375
0.404875
0.3661875
0.34475
0.3335
0.305625
0.313
0.3160625
0.3125625
0.3211875
0.2945625
0.2726875
0.2511875
0.23175
0.2560625
0.2935
0.3281875
0.36775
0.3639375
0.3441875
0.329375
0.32475
0.351375
0.3829375
0.40975
0.410875
0.384
0.3534375
0.3246875
0.3139375
0.3245
0.3240625
0.3085625
0.2831875
0.2466875
0.2354375
0.2398125
0.2620625
0.28075
0.2676875
0.2775
0.2755
0.280875
0.3205
0.323875
0.3125
0.301125
0.2610625
0.2425
0.2554375
0.268375
0.2968125
0.2995
0.2801875
0.274625
0.2641875
0.276875
0.2936875
0.304125
0.3233125
0.3315
0.3333125
0.31725
0.2885625
0.2815625
0.2860625
0.3030625
0.3293125
0.3286875
0.321625
0.3124375
0.3104375
0.3225
0.3320625
0.33475
0.3378125
0.34425
0.347125
0.358875
0.3501875
0.3236875
0.3119375
0.3088125
0.3083125
0.3143125
0.3100625
0.2819375
0.26175
0.255625
0.25175
0.25675
0.264
0.26275
0.265625
0.294125
0.323
0.3665
0.403625
0.411125
0.418375
0.383875
0.35225
0.330125
0.2889375
0.283375
0.2806875
0.263375
0.2645625
0.262375
0.2710625
0.29725
0.342125
0.391375
0.4033125
0.4025
0.3720625
0.32375
0.3088125
0.31325
0.3209375
0.3334375
0.3283125
0.3250625
0.3323125
0.3435625
0.3768125
0.379375
0.3746875
0.3685625
0.3340625
0.3221875
0.2966875
0.2723125
0.2751875
0.291
0.3224375
0.3525625
0.3565625
0.3226875
0.2938125
0.249125
0.2234375
0.239
0.247125
0.2915625
0.3300625
0.3268125
0.3339375
0.324
0.3140625
0.338875
0.36275
0.36775
0.385125
0.3728125
0.35475
0.3679375
0.35475
0.373625
0.390125
0.391
0.423125
0.4206875
0.419375
0.4075625
0.36125
0.359625
0.3665
0.3728125
0.410375
0.40025
0.366
0.34325
0.288625
0.2615
0.25
0.2380625
0.239
0.249625
0.275875
0.306625
0.352875
0.3835
0.377375
0.369625
0.3454375
0.300625
0.2719375
0.254125
0.2638125
0.31475
0.3968125
0.4495
0.4706875
0.468
0.4391875
0.441625
0.4501875
0.449625
0.4279375
0.3690625
0.3245
0.2868125
0.288125
0.3114375
0.306375
0.3068125
0.2715
0.2353125
0.238125
0.2359375
0.257125
0.2791875
0.2645
0.2636875
0.257375
0.27175
0.308875
0.345875
0.38125
0.387
0.386625
0.378625
0.381
0.391875
0.406
0.417875
0.4219375
0.43125
0.4310625
0.424875
0.4080625
0.38075
0.3460625
0.316875
0.306125
0.300625
0.30825
0.3248125
0.341125
0.356
0.3825
0.403125
0.389125
0.378
0.347625
0.3036875
0.2904375
0.281
0.2736875
0.290625
0.3073125
0.301375
0.3135
0.300875
0.2979375
0.3094375
0.307875
0.3326875
0.342
0.3704375
0.384875
0.3896875
0.379625
0.3435
0.3429375
0.333
0.3500625
0.38575
0.37875
0.369875
0.35225
0.31375
0.291375
0.28125
0.25675
0.2545
0.26675
0.26875
0.297
0.3045
0.310625
0.329
0.33775
0.352125
0.366875
0.3725
0.3725
0.395125
0.383125
0.3760625
0.354125
0.3145625
0.32725
0.3360625
0.373875
0.4201875
0.440375
0.46525
0.470375
0.44975
0.420625
0.38925
0.380625
0.390875
0.414875
0.423375
0.399
0.373
0.3214375
0.301125
0.3068125
0.324875
0.37925
0.407875
0.43625
0.4319375
0.4191875
0.3973125
0.3408125
0.3109375
0.247375
0.2275625
0.238875
0.24
0.284875
0.286375
0.288375
0.306875
0.295125
0.309375
0.32525
0.3285
0.357
0.37675
0.3879375
0.399125
0.39625
0.393375
0.3943125
0.40375
0.4160625
0.428375
0.42475
0.396
0.3536875
0.29875
0.26125
0.230875
0.212125
0.206
0.192125
0.205375
0.219125
0.232875
0.2505
0.24175
0.246625
0.26525
0.283875
0.3285
0.345875
0.343125
0.353
0.3245
0.32225
0.340125
0.340125
0.3724375
0.3795
0.3516875
0.32725
0.3015625
0.2885
0.2965625
0.301
0.269375
0.258875
0.2479375
0.255125
0.2934375
0.302125
0.3243125
0.333875
0.3423125
0.3505
0.336875
0.310625
0.29775
0.29525
0.297625
0.33375
0.352625
0.3855
0.443375
0.47275
0.498875
0.48825
0.439875
0.385625
0.31725
0.27
0.234875
0.233625
0.25475
0.275875
0.319375
0.321125
0.307375
0.293625
0.249625
0.247875
0.247875
0.247875
0.247875
