0.063125
0.063125
0.063125
0.063125
0.048125
-0.035625
-0.070625
-0.104375
-0.068125
0.016875
0.0775
0.10125
0.10125
0.0525
-0.02125
-0.04625
-0.080625
-0.07875
-0.026875
-0.02375
-0.026875
-0.054375
-0.131875
-0.184375
-0.195625
-0.16875
-0.10125
-0.035625
-0.004375
0.00125
-0.023125
-0.02125
-0.001875
0.0075
0.055
0.053125
0.0175
0.02375
-0.01625
-0.03
0.03625
0.048125
0.105
0.1825
0.149375
0.114375
0.076875
0.015
0.01125
0.031875
0.004375
-0.02875
-0.06625
-0.103125
-0.103125
-0.09625
-0.0875
-0.079375
-0.060625
-0.033125
0.04125
0.139375
0.173125
0.190625
0.11375
-0.010625
-0.045
-0.08375
-0.03
0.05875
0.080625
0.1125
0.056875
0.000625
-0.03375
-0.040625
0.008125
0.038125
0.068125
0.063125
0.015625
-0.015625
-0.045
-0.05625
-0.0075
0.035
0.10625
0.15375
0.155
0.185
0.184375
0.236875
0.31125
0.315
0.26375
0.155625
0.03375
-0.04875
-0.06125
-0.08
-0.04375
-0.00625
0.001875
0.048125
-0.000625
-0.040625
-0.041875
-0.066875
-0.043125
-0.05125
-0.084375
-0.091875
-0.10125
-0.11
-0.130625
-0.16875
-0.194375
-0.16625
-0.125625
-0.09375
-0.085625
-0.109375
-0.133125
-0.133125
-0.135625
-0.125625
-0.115625
-0.114375
-0.084375
-0.079375
-0.085625
-0.098125
-0.125
-0.149375
-0.15125
-0.1625
-0.17375
-0.175
-0.199375
-0.18625
-0.158125
-0.1325
-0.070625
-0.03375
-0.0025
0.03125
0.030625
0.005
-0.04
-0.0825
-0.12875
-0.133125
-0.1175
-0.081875
-0.008125
0.034375
0.0675
0.054375
0.00625
-0.013125
-0.0725
-0.0925
-0.11625
-0.170625
-0.15625
-0.188125
-0.205625
-0.20625
-0.239375
-0.213125
-0.186875
-0.16125
-0.1
-0.059375
0.028125
0.159375
0.225625
0.275625
0.2175
0.07125
-0.0425
-0.176875
-0.255625
-0.278125
-0.2975
-0.274375
-0.21375
-0.1325
-0.046875
0.080625
0.17625
0.209375
0.22875
0.151875
0.04875
0.005625
-0.023125
-0.01375
0.043125
0.050625
0.01125
-0.023125
-0.063125
-0.05375
0.023125
0.083125
0.12
0.0575
-0.048125
-0.14
-0.2275
-0.17625
-0.110625
-0.02875
0.04625
-0.0175
-0.079375
-0.1475
-0.183125
-0.12
-0.01375
0.044375
0.07
0.07625
0.005625
-0.02625
-0.0475
-0.08875
-0.11375
-0.12375
-0.15
-0.15875
-0.126875
-0.06625
0.01
0.05625
0.03875
-0.050625
-0.1275
-0.181875
-0.226875
-0.205
-0.163125
-0.12125
-0.006875
0.015
-0.039375
-0.07875
-0.14625
-0.149375
-0.11
-0.05625
-0.0325
0.013125
0.075625
0.079375
0.098125
0.039375
-0.050625
-0.126875
-0.1875
-0.203125
-0.1875
-0.15625
-0.11125
-0.065625
-0.05
0.02125
0.019375
0.02875
0.05375
-0.015625
-0.040625
-0.0825
-0.11125
-0.103125
-0.096875
-0.0925
-0.11875
-0.158125
-0.19625
-0.2275
-0.22625
-0.195
-0.151875
-0.084375
-0.026875
0.000625
0.01625
0.03
0.0375
0.075
0.125
0.13
0.136875
0.114375
0.055
0.018125
-0.045625
-0.095625
-0.135625
-0.153125
-0.144375
-0.09
-0.005
-0.00375
-0.0025
-0.07875
-0.17375
-0.14875
-0.071875
0.025
0.14
0.16625
0.13125
0.10875
0.080625
0.0675
0.015
-0.036875
-0.124375
-0.21625
-0.260625
-0.305625
-0.325
-0.28
-0.218125
-0.156875
-0.095625
-0.088125
-0.0975
-0.090625
-0.07125
-0.06
-0.05
-0.07
-0.115
-0.143125
-0.160625
-0.14
-0.08125
-0.01
0.013125
0.004375
-0.043125
-0.09875
-0.10125
-0.1
-0.0975
-0.10375
-0.108125
-0.14
-0.14375
-0.155625
-0.153125
-0.07375
-0.010625
0.081875
0.09625
0.04
-0.033125
-0.0925
-0.091875
-0.05
0.009375
0.015625
0.021875
0.021875
0.045625
0.066875
0.05125
0.02625
-0.0675
-0.11125
-0.10625
-0.10125
-0.04625
-0.01625
-0.010625
-0.029375
-0.015
-0.00875
-0.015
0.003125
-0.04
-0.09125
-0.0975
-0.08875
-0.043125
0.07375
0.13
0.180625
0.215625
0.14125
0.10375
0.0475
0.001875
-0.004375
-0.02
-0.016875
-0.046875
-0.023125
-0.0225
-0.03125
-0.000625
-0.03375
0.01125
0.0175
-0.008125
0.016875
-0.043125
-0.048125
-0.036875
-0.029375
-0.01625
-0.00625
0.005625
-0.026875
-0.033125
-0.0425
-0.040625
-0.060625
-0.070625
-0.11625
-0.183125
-0.205625
-0.206875
-0.18
-0.105
-0.024375
-0.035
-0.03375
-0.095
-0.103125
-0.036875
-0.015625
0.003125
-0.069375
-0.114375
-0.098125
-0.011875
0.12
0.16625
0.21
0.16375
0.094375
0.0775
0.013125
0.010625
0.019375
0.005625
-0.01375
-0.01125
-0.025625
-0.0025
0.0925
0.079375
0.0975
0.068125
-0.055625
-0.070625
-0.0925
-0.108125
-0.060625
-0.065625
-0.11875
-0.140625
-0.19375
-0.20125
-0.110625
-0.035625
0.071875
0.104375
0.048125
0.039375
-0.0025
-0.004375
0.00875
-0.071875
-0.135625
-0.194375
-0.190625
-0.125
-0.045625
0.03125
0.060625
0.059375
0.028125
-0.005625
-0.084375
-0.135
-0.154375
-0.14625
-0.095625
-0.07
-0.06
-0.099375
-0.135625
-0.1575
-0.178125
-0.1275
-0.070625
0.008125
0.11625
0.155625
0.16125
0.11875
0.043125
-0.035625
-0.055625
-0.04
-0.065625
-0.065625
-0.0975
-0.151875
-0.140625
-0.12875
-0.12875
-0.1325
-0.16875
-0.20875
-0.225
-0.21
-0.196875
-0.18
-0.185
-0.20125
-0.189375
-0.17875
-0.145
-0.07625
-0.0525
-0.029375
-0.01
-0.078125
-0.08625
-0.0775
-0.1025
-0.064375
-0.07375
-0.100625
-0.10125
-0.085625
-0.028125
0.040625
0.120625
0.14625
0.145
0.108125
0.045
0.004375
-0.045
-0.05625
-0.031875
-0.0075
0.04
0.0875
0.113125
0.139375
0.129375
0.0825
0.0325
-0.04125
-0.0675
-0.044375
-0.01625
0.03375
0.06
0.060625
0.035625
0.01125
-0.0125
-0.06
-0.061875
-0.01875
0.023125
0.11375
0.1575
0.0925
0.028125
-0.060625
-0.100625
-0.05625
0.008125
0.048125
0.039375
0.010625
-0.0825
-0.12625
-0.145
-0.16375
-0.11375
-0.11375
-0.135
-0.131875
-0.133125
-0.085
0.028125
0.0725
0.053125
0.01
-0.101875
-0.149375
-0.109375
-0.109375
-0.060625
-0.0075
0.004375
0.095
0.136875
0.131875
0.078125
-0.015625
-0.105
-0.149375
-0.12375
-0.12
-0.074375
-0.06875
-0.110625
-0.1075
-0.08375
-0.0475
0.034375
0.069375
0.0175
-0.006875
-0.095625
-0.135625
-0.106875
-0.1
-0.03
0.015625
0.036875
0.034375
-0.009375
-0.076875
-0.144375
-0.14625
-0.083125
0.0275
0.138125
0.141875
0.07875
-0.0325
-0.14375
-0.170625
-0.17625
-0.143125
-0.134375
-0.12125
-0.106875
-0.096875
-0.038125
-0.028125
-0.018125
-0.018125
-0.066875
-0.066875
-0.066875
-0.066875
-0.041875
-0.04125
-0.06125
-0.08125
-0.078125
-0.099375
-0.073125
-0.046875
-0.044375
0.006875
0.04875
0.04625
0.01875
-0.04125
-0.14375
-0.1575
-0.145625
-0.116875
-0.0475
-0.031875
-0.03125
-0.049375
-0.098125
-0.153125
-0.163125
-0.153125
-0.1425
-0.135625
-0.15125
-0.2025
-0.225625
-0.21
-0.2125
-0.203125
-0.1625
-0.09625
-0.011875
0.115625
0.200625
0.220625
0.21
0.18
0.1025
0.035625
-0.00875
-0.07625
-0.100625
-0.10625
-0.089375
-0.09125
-0.079375
-0.085
-0.120625
-0.104375
-0.1125
-0.1275
-0.135
-0.176875
-0.183125
-0.12875
-0.0775
0.0025
0.0225
-0.05
-0.116875
-0.198125
-0.2425
-0.215625
-0.22
-0.224375
-0.198125
-0.20875
-0.17625
-0.11875
-0.108125
-0.095
-0.08125
-0.1175
-0.1225
-0.1175
-0.135625
-0.129375
-0.1525
-0.1775
-0.154375
-0.15
-0.1075
-0.0625
-0.0575
0.001875
0.025
0.061875
0.0375
-0.025
-0.031875
-0.06875
0.016875
0.095625
0.090625
0.10375
0.02375
-0.031875
-0.03625
-0.0225
0.033125
0.04375
0.019375
0.006875
0.014375
0.089375
0.168125
0.16
0.089375
0.00625
-0.035625
-0.02375
0.0
-0.040625
-0.116875
-0.191875
-0.2625
-0.285
-0.27875
-0.229375
-0.1025
0.048125
0.23
0.33875
0.354375
0.354375
0.354375
0.354375
