0.89875
0.89875
0.89875
0.89875
0.8675
0.898125
0.911875
0.934375
0.946875
0.943125
0.99125
1.025
1.1075
1.18375
1.191875
1.195
1.086875
0.991875
0.948125
0.94375
1.021875
1.063125
1.08
1.044375
1.029375
1.06375
1.083125
1.11625
1.05875
0.966875
0.92
0.89875
0.93875
0.981875
1.001875
0.99875
0.9625
0.963125
0.951875
0.951875
0.973125
0.94875
0.945625
0.936875
0.946875
0.985
0.993125
0.995625
0.979375
0.934375
0.931875
0.9225
0.90375
0.914375
0.909375
0.916875
0.935
0.951875
0.95625
0.94875
0.948125
0.938125
0.933125
0.94125
0.931875
0.91125
0.893125
0.895625
0.906875
0.91875
0.92
0.888125
0.85875
0.850625
0.8625
0.935625
1.006875
1.068125
1.124375
1.09875
1.071875
1.045625
1.006875
0.993125
0.99125
1.004375
1.025625
1.05375
1.06
1.02125
0.969375
0.95625
0.966875
1.00625
1.05875
1.013125
0.9925
0.99125
0.978125
1.08375
1.151875
1.183125
1.2425
1.193125
1.14375
1.133125
1.114375
1.154375
1.194375
1.218125
1.215
1.205
1.145625
1.098125
1.0675
1.013125
1.009375
0.964375
0.92875
0.973125
1.00375
1.04875
1.07625
1.013125
1.023125
1.034375
1.085
1.159375
1.131875
1.130625
1.079375
1.026875
1.024375
0.98625
1.00625
1.0475
1.1125
1.215
1.24125
1.26125
1.19
1.101875
1.040625
1.005625
1.046875
1.064375
1.12125
1.084375
1.023125
1.001875
0.97125
1.01625
1.07875
1.113125
1.128125
1.14
1.17875
1.226875
1.225625
1.25125
1.218125
1.195625
1.221875
1.17875
1.139375
1.139375
1.139375
1.139375
