1.021875
1.021875
1.021875
1.021875
1.035
1.0775
1.071875
1.05875
1.031875
0.979375
0.94
0.89375
0.89
0.924375
0.988125
1.11125
1.17
1.2625
1.29875
1.2575
1.2325
1.16125
1.14
1.153125
1.194375
1.216875
1.1925
1.174375
1.17625
1.215625
1.25625
1.273125
1.256875
1.19375
1.16875
1.13875
1.09
1.064375
1.024375
1.023125
1.000625
0.96375
0.886875
0.795625
0.756875
0.784375
0.879375
0.991875
1.119375
1.186875
1.22375
1.185
1.1375
1.1
1.0625
1.111875
1.1425
1.198125
1.239375
1.229375
1.200625
1.121875
1.06875
1.044375
0.99875
0.985625
0.9675
0.965625
1.040625
1.0925
1.104375
1.03375
0.944375
0.888125
0.893125
1.008125
1.086875
1.1575
1.213125
1.195625
1.218125
1.223125
1.175625
1.14625
1.06375
1.00375
1.015625
1.003125
1.053125
1.11375
1.169375
1.264375
1.309375
1.300625
1.24625
1.149375
1.0475
0.963125
0.8925
0.861875
0.891875
0.9825
1.059375
1.1175
1.11125
1.025625
0.97
0.973125
1.005625
1.09875
1.180625
1.20625
1.2575
1.265
1.2525
1.220625
1.165
1.105
1.11625
1.15875
1.175625
1.23375
1.2075
1.17
1.1175
1.039375
0.999375
0.984375
1.033125
1.11375
1.2175
1.274375
1.314375
1.299375
1.234375
1.160625
1.076875
0.996875
0.955
1.005625
1.046875
1.114375
1.1525
1.080625
1.049375
1.048125
1.02
1.094375
1.085
1.035625
1.051875
0.98875
0.984375
0.96875
0.955
0.975625
1.014375
1.07625
1.11625
1.171875
1.22125
1.290625
1.308125
1.25125
1.155
1.05
1.01875
1.04625
1.06125
1.038125
0.9475
0.896875
0.910625
0.943125
1.055625
1.063125
1.04125
1.02375
0.979375
1.030625
1.080625
1.14
1.139375
1.096875
1.054375
0.978125
0.95875
0.97125
0.979375
1.0525
1.13625
1.1875
1.24125
1.24125
1.22375
1.211875
1.235
1.265
1.285625
1.259375
1.178125
1.10625
1.04375
1.049375
1.0525
1.074375
1.0725
1.034375
1.043125
1.001875
0.965
0.946875
0.8775
0.860625
0.913125
0.97625
1.068125
1.088125
1.0325
0.965625
0.919375
0.919375
0.936875
0.9525
0.928125
0.925625
0.96125
1.019375
1.129375
1.198125
1.228125
1.175625
1.0825
1.029375
0.954375
0.944375
0.9475
0.964375
1.041875
1.106875
1.166875
1.188125
1.143125
1.104375
1.06875
1.01125
0.991875
0.9725
0.9375
0.920625
0.926875
0.97
0.998125
1.078125
1.07125
1.049375
1.080625
1.023125
1.024375
0.945
0.820625
0.755625
0.7275
0.78375
0.853125
0.936875
0.953125
0.976875
1.04375
1.083125
1.163125
1.17875
1.148125
1.071875
0.99625
0.931875
0.908125
0.959375
1.008125
1.10625
1.15125
1.185
1.181875
1.138125
1.105
1.00625
1.00625
1.00625
1.00625
