107.14375
107.14375
107.14375
107.14375
99.00625
97.3625
91.44375
90.24375
90.94375
93.54375
98.89375
102.0625
107.13125
110.04375
107.60625
102.2125
94.6625
90.5375
88.475
91.3875
92.9125
88.1
88.6375
87.53125
89.7125
95.0625
94.64375
94.48125
92.675
94.0375
99.525
109.49375
124.1375
137.29375
151.31875
158.675
158.55
154.95625
148.43125
142.64375
139.85625
140.7875
139.89375
143.31875
147.65625
148.2375
153.9375
151.51875
147.8875
144.975
135.475
133.30625
128.4375
122.86875
120.4875
117.1375
120.04375
130.9625
143.91875
154.96875
162.03125
161.1
153.5
148.2625
146.8125
148.9375
160.5375
165.575
165.26875
158.58125
143.85
137.30625
133.1875
134.85625
142.8
148.2625
155.2
157.88125
151.29375
144.05625
133.225
130.1125
139.9375
146.1375
153.15625
152.55
142.18125
138.0875
131.5125
129.925
133.91875
128.64375
131.2375
132.43125
128.53125
130.93125
128.89375
123.78125
122.68125
127.55
132.4375
140.975
149.75
153.225
153.9125
154.05
150.2375
147.18125
147.10625
146.3875
147.35625
144.80625
140.25625
132.0
126.4125
122.3
121.60625
126.95625
128.45
126.85625
120.1375
109.0
100.16875
98.10625
103.06875
111.725
117.83125
118.06875
114.79375
110.1
109.56875
111.84375
114.5875
115.33125
113.525
111.71875
105.4625
101.0125
95.1625
90.925
92.56875
96.29375
103.95
114.5875
121.425
128.5
129.80625
118.4125
115.21875
103.40625
95.3
101.6
96.94375
98.5875
106.53125
103.775
105.93125
114.3875
110.24375
114.9
121.38125
118.775
125.98125
126.46875
129.0
132.70625
134.2
140.33125
139.58125
140.44375
140.54375
138.51875
139.25
146.14375
152.5
158.46875
165.3875
159.98125
153.20625
144.03125
132.41875
131.5625
134.5875
141.20625
149.85
153.725
155.0875
155.55625
154.11875
150.24375
147.98125
145.50625
145.76875
146.8375
144.68125
144.225
138.95
137.5625
135.0
127.875
128.6
129.75625
138.05625
151.34375
160.23125
166.43125
166.70625
161.25625
153.4875
143.28125
133.5
132.275
134.7375
141.45625
150.26875
154.05625
156.475
159.9625
160.18125
157.9625
155.20625
147.99375
141.01875
138.91875
139.0375
140.88125
146.8875
148.64375
145.93125
140.26875
134.8625
133.95625
140.19375
151.41875
157.5
160.875
156.64375
151.34375
146.98125
144.575
144.5875
141.05625
139.39375
134.4
132.75
135.3375
141.09375
148.41875
153.23125
159.1125
160.99375
161.73125
159.30625
154.16875
147.525
142.975
140.15625
133.25625
133.35
131.00625
130.09375
135.6
133.85625
128.7875
121.81875
116.6875
114.425
118.61875
131.0125
136.8
146.39375
159.19375
169.8875
178.4625
178.225
172.9625
158.3625
149.6125
145.96875
142.675
145.475
144.0625
140.2125
131.3375
120.5625
115.6125
116.43125
128.5625
136.29375
136.3
131.23125
115.3
112.825
116.80625
120.075
130.3375
129.09375
126.4625
127.99375
124.14375
120.8875
117.375
107.8
102.3125
97.73125
93.15
97.9
100.24375
106.3875
118.69375
123.8125
131.14375
138.65625
140.00625
143.0125
143.80625
144.8375
141.5125
139.01875
137.63125
135.95625
136.575
136.26875
137.60625
132.09375
128.9
127.625
121.25625
118.09375
114.675
105.90625
100.5875
96.88125
91.275
91.24375
90.95625
90.66875
95.79375
100.24375
103.30625
104.46875
102.11875
97.38125
94.2875
94.99375
95.7
95.73125
97.6625
95.79375
93.925
94.18125
90.6375
94.34375
96.4375
99.8875
108.75
108.55625
111.78125
113.8625
115.21875
123.34375
129.6625
131.53125
129.01875
118.7375
106.39375
99.93125
96.85
106.58125
120.7125
134.55625
143.825
136.88125
130.1125
123.56875
118.00625
126.85
132.9875
137.2875
146.84375
150.11875
150.8
150.94375
146.26875
138.9625
136.28125
135.625
138.85
146.33125
150.60625
153.5875
153.8625
149.04375
143.25625
134.4875
130.10625
133.76875
146.1875
159.5875
164.79375
165.40625
156.8875
150.175
147.26875
139.76875
134.98125
132.275
127.16875
128.0875
129.95625
127.40625
125.3875
123.95625
121.76875
126.76875
138.4875
146.81875
152.44375
150.43125
143.7625
142.5875
141.5875
139.66875
135.43125
122.66875
115.95
119.2375
126.2125
138.69375
147.46875
150.1375
154.15
157.59375
161.0375
164.09375
160.08125
153.69375
150.0625
146.625
149.1875
155.425
157.29375
158.2125
156.11875
150.54375
143.41875
135.40625
131.08125
126.59375
123.58125
125.3875
120.475
119.45
122.175
123.4875
128.94375
134.83125
140.3
137.78125
140.175
139.8625
137.90625
147.04375
150.575
153.35
150.775
143.50625
137.1875
129.98125
134.425
134.23125
132.2
133.30625
123.45625
120.325
115.51875
110.9
115.6125
118.2625
124.425
130.90625
129.90625
128.90625
127.90625
123.29375
117.975
110.59375
109.5125
103.9375
103.775
107.54375
98.7125
96.18125
91.75
83.8375
82.225
84.125
88.10625
91.8
97.39375
99.94375
98.075
101.61875
105.06875
105.96875
112.375
115.7375
117.1
120.54375
119.7125
117.94375
114.5
109.15625
104.725
100.7625
101.8375
108.51875
111.88125
117.7
120.8875
122.0125
134.75625
145.39375
155.49375
163.95
162.6875
161.05625
159.425
154.0875
150.16875
141.6125
127.70625
120.56875
111.30625
108.7625
116.91875
123.60625
133.98125
142.56875
144.1625
142.675
139.175
139.48125
145.83125
154.20625
163.86875
166.7375
163.4
158.9875
153.93125
152.5375
148.55
141.93125
136.45625
123.73125
121.6125
127.31875
129.36875
145.78125
152.69375
150.29375
150.40625
140.69375
134.8125
133.5875
134.68125
137.55625
136.1875
136.6875
128.56875
114.1125
105.05
96.925
99.08125
109.2
115.94375
119.88125
120.66875
126.23125
138.1375
150.025
156.26875
149.93125
137.9875
123.46875
115.6625
115.6625
115.6625
115.6625
