0.82625
0.82625
0.82625
0.82625
0.80125
0.780625
0.78
0.80875
0.801875
0.795
0.788125
0.776875
0.80625
0.824375
0.85375
0.858125
0.8175
0.8375
0.848125
0.888125
0.961875
0.948125
0.940625
0.931875
0.91375
0.935625
0.94125
0.92875
0.914375
0.898125
0.89
0.898125
0.90625
0.914375
0.9225
0.914375
0.90625
0.898125
0.888125
0.894375
0.89875
0.90125
0.894375
0.869375
0.835
0.79125
0.771875
0.77375
0.808125
0.866875
0.93625
1.00875
1.06
1.085
1.0675
1.011875
0.935
0.884375
0.8475
0.834375
0.860625
0.87875
0.9
0.906875
0.87625
0.83375
0.795
0.793125
0.823125
0.84875
0.8775
0.875625
0.868125
0.8775
0.9
0.9175
0.94625
0.981875
0.98125
0.999375
0.999375
0.986875
0.9875
0.995
0.979375
0.95875
0.94125
0.929375
0.94875
0.97125
0.995625
0.976875
0.94
0.906875
0.8625
0.845
0.8375
0.828125
0.84125
0.850625
0.86
0.8675
0.86375
0.8875
0.913125
0.9425
0.97375
0.955625
0.935625
0.911875
0.895625
0.88875
0.88
0.873125
0.85
0.85375
0.85375
0.8625
0.901875
0.918125
0.955625
1.01125
1.0025
1.02625
1.013125
0.959375
0.97
0.936875
0.92375
0.938125
0.9275
0.94375
1.001875
0.998125
0.98
0.97375
0.89875
0.87875
0.918125
0.93125
0.98125
1.031875
1.02625
1.05
1.058125
1.044375
1.053125
1.041875
1.03
1.045
1.02125
0.975
0.94875
0.904375
0.9075
0.935625
0.953125
0.97625
0.990625
1.000625
1.01125
1.021875
0.98125
0.978125
0.9725
0.976875
1.015625
0.975
0.910625
0.82625
0.74875
0.725
0.759375
0.798125
0.8875
0.990625
1.0375
1.1125
1.105625
1.036875
1.028125
0.98
0.994375
1.070625
1.079375
1.121875
1.10625
1.05
1.01375
0.936875
0.8675
0.85625
0.890625
0.953125
1.054375
1.116875
1.095
1.115
1.115625
1.0825
1.135625
1.09875
1.050625
1.036875
0.948125
0.936875
0.92875
0.914375
0.959375
0.936875
0.9325
0.934375
0.940625
1.014375
1.0875
1.183125
1.235625
1.215625
1.196875
1.128125
1.04125
1.003125
0.921875
0.865
0.855
0.8375
0.874375
0.91125
0.945625
0.9675
0.991875
1.01625
1.05625
1.10875
1.123125
1.151875
1.130625
1.1225
1.09375
1.063125
1.04
0.998125
1.03875
1.033125
1.05875
1.085
1.03875
1.033125
0.99625
0.959375
0.946875
0.944375
0.995
1.084375
1.161875
1.20125
1.168125
1.055
0.9925
0.955625
0.9625
1.025625
1.00125
0.965625
0.9175
0.85
0.841875
0.828125
0.860625
0.91125
0.989375
1.11375
1.168125
1.189375
1.13625
1.059375
1.015625
0.99875
1.0275
1.010625
0.9675
0.946875
0.9075
0.915
0.955
0.9525
0.9575
0.961875
0.965625
0.98875
1.01375
1.000625
0.959375
0.9125
0.874375
0.858125
0.86
0.86
0.870625
0.92375
0.976875
1.033125
1.0775
1.095
1.14625
1.201875
1.239375
1.259375
1.226875
1.1675
1.0825
0.964375
0.869375
0.819375
0.828125
0.891875
0.9275
0.93625
0.900625
0.876875
0.89125
0.891875
0.91375
0.919375
0.898125
0.9175
0.97375
0.98375
1.016875
1.018125
0.969375
0.993125
1.010625
1.035625
1.050625
0.995625
0.956875
0.945625
0.9775
1.04875
1.063125
1.064375
1.04375
1.01625
1.038125
1.00125
0.988125
0.955
0.915625
0.93
0.90625
0.9275
0.933125
0.943125
0.999375
1.030625
1.079375
1.11625
1.096875
1.070625
1.036875
1.03
1.064375
1.09375
1.099375
1.075625
1.036875
1.01125
1.0125
1.01625
0.985
0.956875
0.960625
0.91625
0.929375
0.975625
0.945
0.969375
0.971875
0.8975
0.8875
0.911875
0.919375
0.981875
1.018125
0.971875
0.955
0.91625
0.906875
0.93875
0.940625
0.9625
0.933125
0.90375
0.9025
0.91
0.96625
1.035
1.0825
1.069375
1.024375
0.96
0.928125
0.93625
0.935
0.97875
0.97875
0.983125
1.004375
0.960625
0.985
1.02125
1.035625
1.054375
0.99125
0.90875
0.865625
0.894375
0.948125
1.005625
1.028125
0.9525
0.898125
0.84375
0.809375
0.83375
0.836875
0.849375
0.889375
0.945
1.031875
1.075625
1.05625
0.990625
0.883125
0.82875
0.808125
0.815
0.84875
0.85375
0.873125
0.885625
0.908125
0.9625
0.996875
1.03125
1.065625
1.060625
1.065625
1.08125
1.043125
1.03875
1.03625
1.00125
1.005625
0.9525
0.888125
0.8525
0.82125
0.8425
0.87125
0.895
0.956875
1.029375
1.0975
1.16375
1.158125
1.12875
1.08375
1.03875
1.021875
0.98625
0.9675
0.92875
0.88
0.86875
0.89125
0.936875
1.00125
1.046875
1.020625
1.02125
0.991875
0.94375
0.981875
0.99
0.99
0.99
0.99
