107.70625
107.70625
107.70625
107.70625
111.6625
114.9625
121.01875
132.2375
133.0
136.0125
137.1
137.41875
144.15
146.33125
148.54375
145.95
144.8625
151.425
150.85625
150.5375
143.81875
136.975
138.675
143.45625
152.5125
149.4375
136.325
125.85
114.35
115.15
127.39375
135.95625
147.66875
152.65625
148.19375
143.73125
133.6625
124.44375
121.75625
114.34375
112.30625
116.8
122.14375
132.2125
135.2625
133.5875
125.1875
116.7875
112.2625
101.53125
94.86875
92.66875
95.7125
106.8375
122.03125
131.7
136.58125
142.05
139.38125
135.61875
130.53125
124.85
128.5375
137.4625
145.55625
148.8625
144.575
137.60625
131.55
125.125
122.31875
112.90625
111.45625
114.7125
116.7625
128.20625
127.91875
131.11875
134.08125
135.55
140.325
133.86875
127.26875
119.9
116.04375
121.8
126.75625
126.4625
127.28125
124.25
123.34375
125.28125
124.0375
122.05
117.9375
117.4875
113.23125
115.06875
119.29375
125.3625
136.15
139.23125
136.2
125.6625
115.1375
105.6625
105.88125
110.375
112.5
117.6
116.35
114.30625
118.69375
125.775
132.70625
139.30625
142.15
141.075
139.725
138.80625
136.06875
133.1875
137.08125
145.7875
150.89375
156.525
154.2125
140.6625
131.10625
116.5625
103.64375
98.4625
95.60625
95.99375
98.1
96.925
92.0125
90.0625
88.8125
91.2
100.3625
109.85
121.46875
129.6125
129.25
127.3125
122.2375
120.1125
118.8625
115.7375
111.16875
109.50625
112.44375
120.03125
130.3875
132.24375
135.23125
137.50625
135.5375
138.68125
137.125
129.3875
122.7625
118.29375
117.2125
122.675
131.1875
133.7625
132.95
126.725
119.81875
115.26875
117.425
122.4375
125.08125
134.0625
131.3125
126.59375
128.525
122.7875
129.1625
137.46875
140.8125
141.425
132.29375
123.1
114.025
114.51875
125.0375
134.075
142.85
146.6625
138.08125
134.26875
130.98125
123.0875
123.71875
120.9625
113.21875
110.2
105.275
100.78125
101.7125
106.04375
110.475
114.34375
118.61875
117.9
117.9
117.9
117.9
