0.0553606
0.0553606
0.0553606
0.0553606
0.057314575
0.05623573125
0.0517961375
0.0472356300625
0.0441603651875
0.0410021440625
0.0385033666875
0.0442084604375
0.0520406065625
0.0613342339375
0.064454166375
0.054866685125
0.0440766015
0.032888936625
0.027657792875
0.034055536625
0.047231714
0.057945591375
0.0718345800625
0.07694871875
0.07030271875
0.063738475
0.04961423125
0.04236525
0.04096308125
0.04227715625
0.052957825
0.059485025
0.07154484375
0.0826890375
0.08266721875
0.0769454925625
0.0587729839375
0.035980774125
0.0243545768125
0.025082644375
0.0386422018125
0.058478886625
0.0671495589375
0.0643238988125
0.0535216875
0.0432983625
0.03958966875
0.04186799375
0.04822238125
0.05069886875
0.05369609375
0.05903649375
0.05604001875
0.05206633125
0.050316525
0.045555725
0.05161625
0.0594522863125
0.059935835125
0.0574321526875
0.04918987025
0.0445270026875
0.041156391375
0.0405831925625
0.0409875
0.0420899375
0.05163659375
0.06666773125
0.084323075
0.09462593125
0.0951923125
0.09046403125
0.0761096238125
0.069455266375
0.0650485526875
0.05696559525
0.0602622714375
0.058710353875
0.0601293800625
0.06842366875
0.07209825625
0.0710218
0.06828925625
0.0567818625
0.04370029375
0.03857136875
0.0335561875
0.03789325
0.0423210375
0.0443720125
0.04653673125
0.0435254375
0.04462356875
0.0457217
0.04659234375
0.05206160625
0.0591706875
0.0694787875
0.083576875
0.0888929375
0.0831832738125
0.0680974589375
0.0456591565625
0.0327464791875
0.0283852354375
0.030201124125
0.0333092690625
0.03459240775
0.03430227025
0.03401213275
0.03848997025
0.034789964
0.03018927025
0.0255885765
0.022280139
0.0244378065625
0.031455367875
0.0384729291875
0.039537603
0.0457331479375
0.047834217875
0.050529414
0.055501253875
0.0543777175625
0.0490354988125
0.048682160125
0.0493063276875
0.05516537025
0.0724040464375
0.082260297625
0.085783822625
0.079578047625
0.0639051776875
0.047179764
0.0377089839375
0.039867091375
0.0466079863125
0.05527639375
0.0645236875
0.06499613125
0.05729073125
0.0560856125
0.0542016125
0.059192875
0.0766521625
0.0864942125
0.0889610125
0.084075325
0.0701576375
0.05852334375
0.0585179375
0.0592106613125
0.058744003875
0.05365764525
0.042865792875
0.041706411625
0.046828349125
0.058227414
0.062871122625
0.0550640488125
0.0432169
0.0319486375
0.028157
0.03228196875
0.043054125
0.04851978125
0.051847775
0.05625460625
0.05080165
0.04817689375
0.0505635875
0.048110875
0.0498733875
0.05544160625
0.055508575
0.05933354375
0.0638642875
0.0592341050625
0.057562153875
0.0477195339375
0.03916322025
0.0365562526875
0.029721485125
0.0327161863125
0.0312804113125
0.033034097625
0.0390445839375
0.041437689
0.0534632651875
0.060305653875
0.0693956863125
0.07439124375
0.07064323125
0.0719710625
0.06594640625
0.06623400625
0.064646975
0.0593837
0.0548185550625
0.046447997625
0.0459767276875
0.043228814
0.0496361464375
0.059014422625
0.0660976425625
0.07521551875
0.073338825
0.06980604375
0.05905704375
0.04673386875
0.04084655
0.03345455625
0.03541480625
0.03823135
0.039429475
0.042412075
0.0402186625
0.0420031375
0.0437876125
0.0505346375
0.06235750625
0.06831039375
0.0774623
0.0761909375
0.066114725
0.0573647238125
0.0392385714375
0.0256415128125
0.0201840541875
0.01625234675
0.01849777175
0.023892753
0.02328950925
0.0226862655
0.0236325354375
0.019810830375
0.0204049565625
0.02099908275
0.02147229525
0.0237353690625
0.027768861625
0.037979486625
0.044377524125
0.0513696878125
0.05564005775
0.04841409525
0.04711372025
0.0487914589375
0.0433376151875
0.0432029714375
0.0423929214375
0.040981864
0.0481245776875
0.060586491375
0.0654998550625
0.06327501875
0.06162906875
0.04934471875
0.04078285625
0.039366075
0.0319512125
0.0343528375
0.0369559375
0.0383326625
0.04546309375
0.04891815
0.05419325625
0.0585527375
0.05844436875
0.0513369550625
0.042099053875
0.0282414515
0.016353967875
0.015208761625
0.015132386625
0.021333139
0.028563266375
0.0285625175625
0.02856176875
0.02913990625
0.02819408125
0.0280145738125
0.033895297625
0.0395743651875
0.0454105253125
0.0546956128125
0.0518674128125
0.0407095128125
0.0307542151875
0.024354247625
0.0250689925625
0.03432735
0.04298440625
0.041431775
0.03775583125
0.0300469875
0.02611455625
0.03011516875
0.03993135625
0.05591750625
0.0704038875
0.0785422875
0.08274868125
0.08280468125
0.0770215375
0.07803596875
0.07357710625
0.064964775
0.05768101875
0.04453325625
0.035112425
0.0307674375
0.0344528
0.04226671875
0.05658091875
0.06925353125
0.072453475
0.07399733125
0.064389525
0.05320754375
0.0472604375
0.041427075
0.04494595625
0.0494871875
0.0549349625
0.06405898125
0.06956561875
0.07731843125
0.08178128125
0.07743928125
0.0750558625
0.0696016625
0.06497225
0.064803625
0.05645715625
0.0483694113125
0.034705835125
0.0275065026875
0.0263745765
0.0319575651875
0.049517003875
0.0552269613125
0.0603284425625
0.061373841375
0.0505424526875
0.04671233275
0.0496606464375
0.045249591375
0.0491666675625
0.05118731875
0.04144783125
0.03853414375
0.03276849375
0.0319149
0.0390283
0.05019356875
0.06363548125
0.06914253125
0.07342320625
0.06756724375
0.0589574125
0.0537244738125
0.045517760125
0.0463090589375
0.0420017515
0.0428537151875
0.0432022776875
0.0423372026875
0.0494247714375
0.049281464
0.0568129401875
0.055478622625
0.0493835050625
0.04560421875
0.03264024375
0.0260768875
0.02795775
0.03529335625
0.0449326800625
0.058106428875
0.0591668901875
0.04932608275
0.0441028839375
0.031803660125
0.0264819425625
0.0306638625
0.02925619375
0.031390125
0.03545156875
0.038242575
0.04911431875
0.0599932375
0.06424378125
0.0657099875
0.0599812
0.05820908125
0.06097176875
0.0580289625
0.05878735625
0.05187469375
0.04582205625
0.0467706875
0.0405252625
0.03867863125
0.03661318125
0.03661515
0.04326430625
0.054326725
0.06374755625
0.0661817375
0.065644675
0.0539497125
0.042738725
0.03550593125
0.0342162125
0.03897955
0.04612510625
0.05883931875
0.0638403375
0.07055961875
0.07382990625
0.07234915
0.07726643125
0.07900381875
0.079766575
0.0727026238125
0.060827666375
0.0562107651875
0.0498735015
0.0511394589375
0.056106616375
0.048622991375
0.044402516375
0.0398373714375
0.033183014
0.0347325276875
0.042114503875
0.0550362738125
0.0618978125
0.0700380375
0.067019425
0.05386959375
0.04916398125
0.0434295875
0.04933843125
0.0639168625
0.079310325
0.0873213625
0.08961973125
0.08758330625
0.07676485625
0.0739134
0.068090175
0.061789725
0.06107228125
0.05937045
0.0565164125
0.04986188125
0.04714996875
0.03926204375
0.03609874375
0.0396914625
0.03539894375
0.0348756625
0.0385090125
0.0352863488125
0.041589310125
0.0518704651875
0.05452814525
0.0630892901875
0.064427041375
0.0617653738125
0.06202335625
0.06360755
0.06365508125
0.060857225
0.0544813
0.0438538125
0.0416980375
0.046930225
0.060634125
0.0727595113125
0.077313591375
0.0773534964375
0.0724463015
0.0711185214375
0.068283797625
0.0608214550625
0.04898774375
0.04032914375
0.03545413125
0.03983435625
0.05226219375
0.061891125
0.075462675
0.08488383125
0.087656975
0.08641695625
0.08123431875
0.0695214
0.06305689375
0.0643104
0.06802908125
0.083853875
0.0967069
0.09847695
0.0969570375
0.08358764375
0.06804718125
0.06448316875
0.05642474375
0.05466450625
0.05582391875
0.0452303675625
0.0390980839375
0.0354820565625
0.0269282655
0.024551606875
0.027598025625
0.029903069375
0.03972297175
0.0501370003125
0.0530836964375
0.0524546113125
0.04672723125
0.0441893125
0.04425031875
0.041113175
0.04155784375
0.04084313125
0.04524911875
0.05994881875
0.07752168125
0.0924703375
0.0983238375
0.0925844875
0.0758559863125
0.0521255651875
0.0313675753125
0.015548078
0.0093610518125
0.0101759455625
0.0122961268125
0.0222761604375
0.0262999666875
0.035678992875
0.0490290378125
0.0514671003125
0.0574845776875
0.059445972625
0.0534653300625
0.04890419375
0.04466620625
0.03306885
0.03102551875
0.03524915625
0.0415593375
0.05392975
0.0560895375
0.0519946125
0.04491709375
0.0387712
0.0398391375
0.04684118125
0.053786425
0.0628394375
0.0657646375
0.06073674375
0.05417861875
0.04439366875
0.04053430625
0.04649143125
0.0516232
0.05874181875
0.0604983363125
0.055136235125
0.0531135089375
0.04724995775
0.0505416526875
0.0512550526875
0.0540002964375
0.0552453464375
0.04851384525
0.0477095714375
0.042473178875
0.0407855613125
0.04187486875
0.04046645
0.04197620625
0.0470132125
0.0527194125
0.06494965625
0.0756782125
0.08311433125
0.083261525
0.07603346875
0.06489836875
0.0536803125
0.0467447863125
0.038590660125
0.0399478089375
0.042786314
0.0523397339375
0.064911172625
0.0701073613125
0.072022775
0.0662058625
0.06038895
0.0586481
0.060188025
0.0611269425625
0.067708085125
0.0683363401875
0.0617483765
0.0647928839375
0.061370378875
0.0616241175625
0.0712301
0.074181725
0.07237513125
0.0691399375
0.06392775
0.05358695625
0.054412175
0.0582083375
0.0555774625
0.06092715625
0.0551108375
0.04620983125
0.04336504375
0.0394677125
0.04591448125
0.056890825
0.0701148125
0.0769117625
0.08024675625
0.08059451875
0.0776136
0.08227593125
0.0835499125
0.0818129
0.07710411875
0.07181648125
0.065952325
0.06692863125
0.0728057875
0.0715638125
0.07546586875
0.0707773625
0.05775198125
0.05374375
0.0437374375
0.0424348375
0.04891790625
0.04500595
0.0437558425625
0.034620497625
0.0258178651875
0.024007089
0.0292313776875
0.038398285125
0.041129328875
0.045780710125
0.0410559401875
0.0423914015
0.0487058776875
0.050882535125
0.0538813988125
0.04873081875
0.0429717625
0.03693245625
0.03352659375
0.0320225125
0.0365858375
0.04271526875
0.04908983125
0.0518754125
0.0486007625
0.04836550625
0.05292315
0.0620156
0.06743180625
0.07142060625
0.06431831875
0.0564576375
0.0508208375
0.03894443125
0.0365432625
0.0371601125
0.0406816875
0.053935725
0.0651513375
0.07334893125
0.08247126875
0.08437115
0.0825892375
0.0764296113125
0.066915372625
0.0611591339375
0.0548343265
0.0544367464375
0.055175703875
0.0510752550625
0.05103714375
0.0545543625
0.060377725
0.0709871375
0.078691825
0.0752314375
0.0668407
0.0522977863125
0.043858616375
0.0422452464375
0.0431254515
0.0552251589375
0.061033097625
0.064715772625
0.065330653875
0.0541863339375
0.04074695775
0.0348444089375
0.034992247625
0.0453497738125
0.0660433625
0.07973790625
0.09288663125
0.101278075
0.100803725
0.09639019375
0.08311086875
0.06865919375
0.05831308125
0.05878829375
0.07206474375
0.084124575
0.0889610125
0.08773721875
0.07764763125
0.066065025
0.06564843125
0.06012699375
0.05788920625
0.0585845425625
0.050497853875
0.0529684151875
0.05116469525
0.0530541339375
0.056022410125
0.0480858738125
0.04608344375
0.03942305
0.0348828375
0.04042265
0.039700575
0.03961298125
0.0432042
0.03658479375
0.03980920625
0.050025475
0.05820331875
0.077547175
0.085034375
0.08146994375
0.07163750625
0.05442264375
0.042747575
0.03525888125
0.0322079875
0.0271801
0.0284619
0.0342559375
0.04553445625
0.0599880863125
0.062328428875
0.0593745276875
0.045329539
0.0380629839375
0.037788285125
0.0376720175625
0.0470309875
0.04841340625
0.047932575
0.05268605
0.04981809375
0.04850756875
0.04813584375
0.0456051125
0.047017
0.0489128625
0.05637738125
0.059730025
0.06546665625
0.07193880625
0.0720132125
0.0743937625
0.07758934375
0.08145411875
0.08696271875
0.0897783875
0.08476741875
0.0711078300625
0.0504491964375
0.0372939065625
0.0285764166875
0.0314259916875
0.0466298315625
0.0525546714375
0.057309635125
0.053535610125
0.0380014464375
0.02690508275
0.0233455464375
0.028503772625
0.0448280113125
0.06134206875
0.068479975
0.0700738875
0.06690958125
0.066922325
0.0677501
0.06893853125
0.0684773875
0.06196540625
0.06389764375
0.0651016875
0.0650891125
0.06688149375
0.06213641875
0.05712035625
0.050611275
0.045171025
0.03558038125
0.0288469375
0.0250466175625
0.026829303875
0.0322913964375
0.035246189
0.0418941401875
0.037639885125
0.0352820550625
0.036481225
0.03302243125
0.03461903125
0.0398950375
0.03890915625
0.03855775625
0.04241278125
0.03701256875
0.0401570375
0.0498161375
0.05717300625
0.0742623375
0.08182948125
0.07995605
0.070859225
0.0543809125
0.0420695675625
0.032655922625
0.0288324589375
0.0235092265
0.0254344776875
0.033137035125
0.0468854738125
0.0638090238125
0.070401972625
0.0730022714375
0.06442090775
0.05644084525
0.05369565775
0.0446732765
0.043631464
0.0469673651875
0.044802016375
0.0518947800625
0.05328361875
0.05005275625
0.05634751875
0.05645946875
0.06227534375
0.06574699375
0.05805263125
0.0538929875
0.04548178125
0.04119913125
0.04726058125
0.0550306125
0.0673992625
0.08213563125
0.09132083125
0.0976398375
0.09613220625
0.089889725
0.08440891875
0.0764629375
0.073494475
0.0697388125
0.0676519375
0.06658535
0.0632694488125
0.061537135125
0.0563650151875
0.05040385775
0.0525192464375
0.053218147625
0.0575158863125
0.06616773125
0.065443425
0.06924928125
0.0656798875
0.06366655625
0.06246825625
0.05260885
0.05390110625
0.05103989375
0.0566229
0.07418235625
0.084124575
0.0889610125
0.08773721875
0.0772466125
0.0652629875
0.0582682425625
0.046518553875
0.0364774464375
0.029963589
0.0302209901875
0.033935222625
0.0377283675625
0.04793648125
0.0466482625
0.04760636875
0.052121475
0.04382099375
0.04057590625
0.041010225
0.0407656625
0.04692889375
0.05729855
0.0568634550625
0.051429922625
0.0520566214375
0.050858314
0.0624914964375
0.075871335125
0.0773945175625
0.07073985625
0.05232599375
0.0408406625
0.04047095625
0.04616865625
0.0560229875
0.0600535875
0.0587649875
0.06352226875
0.0686264613125
0.070401972625
0.0721774839375
0.06277133275
0.0606208401875
0.059762603875
0.0542767488125
0.05693049375
0.0506532375
0.04675996875
0.0490366625
0.050419975
0.05383794375
0.0572559125
0.060604825
0.05673128125
0.0505135125
0.04429574375
0.0365762875
0.035390275
0.03977770625
0.04892623125
0.06056833125
0.07398085
0.0868713125
0.09582259375
0.1023087
0.10001278125
0.0882497675625
0.0694877089375
0.0499008628125
0.0359041979375
0.0334745979375
0.0417872753125
0.0478394651875
0.053283178875
0.050197903875
0.0395318526875
0.02945334525
0.0261532714375
0.033217660125
0.0484025238125
0.0700561375
0.0823336
0.08738565625
0.08768043125
0.0860934
0.0853214
0.08333278125
0.0801718125
0.07444440625
0.07716121875
0.07944666875
0.0805155
0.07647855
0.06638136875
0.06163074375
0.0553871
0.0547264625
0.04896098125
0.03876308125
0.0314983050625
0.029816535125
0.0322913964375
0.035246189
0.0418941401875
0.037639885125
0.0352820550625
0.036481225
0.0381510375
0.04487624375
0.05528085625
0.05942358125
0.053943575
0.05266999375
0.0411857875
0.03586915625
0.0426729875
0.0471745875
0.063319425
0.0746962875
0.0739598625
0.06695543125
0.051614125
0.0380626800625
0.030564291375
0.0302797339375
0.02849540775
0.0339595651875
0.044999553875
0.0559719613125
0.0701194800625
0.073936397625
0.0689784651875
0.05637329525
0.0443694265
0.033657814
0.02471662025
0.02375599525
0.0271730839375
0.032974160125
0.0440095425625
0.05399238125
0.05935551875
0.06567404375
0.06580975625
0.06234663125
0.05653928125
0.04977654375
0.04694954375
0.0445223625
0.0484871
0.05625754375
0.06493453125
0.0782101375
0.0893267375
0.09745954375
0.103127175
0.10239676875
0.0930177425625
0.0766396714375
0.0538538065625
0.0318901479375
0.0214935541875
0.0234512253125
0.0325822589375
0.043488803875
0.048243172625
0.0436213901875
0.03747564525
0.0364679464375
0.040723522625
0.0467495175625
0.0595869625
0.0647106125
0.06485888125
0.06926395
0.06393971875
0.0604328425625
0.057247597625
0.0474577401875
0.04454314525
0.0435823714375
0.045875747625
0.0519455363125
0.0527749
0.0530101375
0.05049150625
0.0503496875
0.0481135488125
0.048261397625
0.0470870526875
0.0450945265
0.0487634776875
0.053247460125
0.0557544488125
0.054065475
0.05241685625
0.04225001875
0.03680780625
0.036481225
0.0381510375
0.04487624375
0.05528085625
0.05942358125
0.0563275625
0.05743796875
0.0492931375
0.04731588125
0.0526911125
0.05111273125
0.0592668125
0.06643650625
0.0662537125
0.0681502875
0.062665375
0.0514031488125
0.047840972625
0.0452175964375
0.04749507025
0.0608046151875
0.070090353875
0.0854219738125
0.0911274675625
0.084883941375
0.0746166089375
0.053167614
0.038720539
0.02880255775
0.02147978275
0.0207379765
0.0243738839375
0.028775360125
0.0361477800625
0.04526685625
0.04976623125
0.05426560625
0.0611327
0.05922494375
0.05478314375
0.05034134375
0.037965675
0.03512968125
0.04071194375
0.0510553
0.0647639125
0.07612066875
0.079398425
0.079214225
0.080347125
0.07428503125
0.0660945675625
0.0499506089375
0.0363471190625
0.0292582604375
0.0320897666875
0.0482299878125
0.0579721714375
0.0719113363125
0.0757341875
0.07325024375
0.077989125
0.0709450425625
0.072604672625
0.06691482025
0.056853599125
0.057582461625
0.056009092875
0.06441575775
0.0665156276875
0.0647217589375
0.0557044964375
0.0407310065625
0.0385890065625
0.0380044378125
0.0490631065625
0.0676366339375
0.077991622625
0.0809641863125
0.07787651875
0.07025210625
0.061134675
0.0599842375
0.05655715625
0.05157144375
0.0495188550625
0.048281297625
0.0511198026875
0.054438239
0.0628947214375
0.063334747625
0.0581177863125
0.056457825
0.046325675
0.0396512675625
0.040691997625
0.0364024651875
0.0360412015
0.0414173464375
0.037352916375
0.0389924113125
0.0466993125
0.0462449125
0.05743375
0.06275260625
0.0583349875
0.05770095625
0.04873005
0.0414174675625
0.035404316375
0.0293983401875
0.0274684265
0.0335525651875
0.045547941375
0.0614999863125
0.07100123125
0.070171875
0.06465048125
0.0549778125
0.0484307738125
0.045559978875
0.0422283776875
0.03768460775
0.0390443026875
0.044080241375
0.0524667613125
0.0662766875
0.0754669125
0.0758522875
0.0759503875
0.069400475
0.0619349375
0.06105036875
0.0541841675625
0.049942172625
0.0468577901875
0.0393429315625
0.0409015628125
0.0447368378125
0.0501307440625
0.0638579839375
0.075513653875
0.0844154550625
0.08874763125
0.0885465
0.0818563875
0.07006049375
0.0597498425625
0.0424401464375
0.0323532753125
0.0278565854375
0.0310627791875
0.0466232378125
0.0557856589375
0.064339603875
0.061133410125
0.0485510651875
0.039167739
0.0319114651875
0.036645991375
0.0422027238125
0.050958475
0.057264025
0.05469660625
0.06090661875
0.0577404800625
0.059275203875
0.0631160714375
0.055103914
0.0599232464375
0.057182578875
0.0568775863125
0.06665261875
0.06929606875
0.076488675
0.0814046375
0.08005259375
0.07737835625
0.0725788550625
0.065502710125
0.0599079214375
0.0517348378125
0.0510985815625
0.0489625565625
0.0445072628125
0.0475215401875
0.039039485125
0.0352820550625
0.036481225
0.03209080625
0.03276295625
0.0375917375
0.03854261875
0.04593385
0.0545061625
0.0556969875
0.0559106
0.05382198125
0.0508089125
0.05234913125
0.0562589875
0.053877075
0.052947525
0.0474646875
0.0443730125
0.04500826875
0.0427388
0.04454539375
0.04764424375
0.05166754375
0.0617945875
0.06547083125
0.0631941875
0.06329435625
0.0531673125
0.05070264375
0.05051461875
0.04652118125
0.0504803875
0.05126956875
0.0482751625
0.0482517
0.04952766875
0.05072068125
0.05665266875
0.06092856875
0.0548738675625
0.046451178875
0.0370731026875
0.0293674015
0.0289173589375
0.034116685125
0.0431217175625
0.05268573125
0.067224275
0.078695025
0.08718198125
0.08749109375
0.07664136875
0.0612832988125
0.045580541375
0.0419982464375
0.049581964
0.0625603589375
0.075061528875
0.0810252425625
0.0797655625
0.07738414375
0.075002725
0.07392331875
0.0699475550625
0.072295828875
0.0749916651875
0.0760379265
0.0829806276875
0.077802866375
0.0696533363125
0.057700975
0.0445787375
0.03990071875
0.0404711125
0.04947483125
0.05734051875
0.06397983125
0.06158714375
0.0562106625
0.0557178375
0.0499316738125
0.0499591776875
0.0445371503125
0.0336210479375
0.0283901854375
0.0299305815625
0.0415510026875
0.0536513550625
0.0693070375
0.07320975625
0.0669777125
0.06430266875
0.0528465375
0.05254206875
0.060777525
0.0691588875
0.0782383800625
0.079942622625
0.071612164
0.055181330375
0.047905742875
0.038645986625
0.03722632025
0.042735185125
0.0374155363125
0.0376049125
0.0388460875
0.04019353125
0.04920335
0.05476946875
0.0578082625
0.0614060375
0.06445799375
0.07528126875
0.08195326875
0.0842310125
0.0811773875
0.0669421
0.0627237125
0.06078196875
0.05912020625
0.0640394125
0.06062891875
0.05984263125
0.066270175
0.0752691625
0.0888214375
0.0933488875
0.0900497
0.0801025
0.06576104375
0.064220825
0.065879625
0.0727868375
0.0818116625
0.0804120625
0.07663565
0.06988746875
0.0599622375
0.05725983125
0.0569342375
0.050895975
0.0536769875
0.047675975
0.04772801875
0.059900525
0.06478410625
0.081310925
0.08573163125
0.07803905
0.07329230625
0.057356725
0.0484224125
0.0511169875
0.04645936875
0.04838271875
0.04840246875
0.03726338125
0.0359537625
0.03173941875
0.02943585
0.03829829375
0.0431423375
0.05456735
0.0640815875
0.06801281875
0.0686444375
0.0644950125
0.0650845625
0.06009828125
0.06423660625
0.0654031625
0.06138653125
0.06532254375
0.06187613125
0.059654325
0.0620311375
0.059654325
0.05659863125
0.05814155625
0.05090963125
0.04983093125
0.05370883125
0.04973633125
0.0507383613125
0.050240622625
0.04288687025
0.040018442875
0.039300830375
0.034188961625
0.03405610775
0.039383972625
0.0461495550625
0.0521589625
0.05994388125
0.05730553125
0.04869271875
0.04566845
0.03864895
0.03979745
0.0437433625
0.04119810625
0.04556593125
0.0476844375
0.0531982125
0.06324679375
0.06572406875
0.06823318125
0.06753684375
0.071376775
0.07609375
0.07536119375
0.07158924375
0.0602459875
0.0543261375
0.05457625
0.06071771875
0.06889384375
0.06663836875
0.0642854375
0.056062525
0.04530556875
0.04191179375
0.0331376875
0.033023825
0.04098065625
0.0494107
0.0617761875
0.0681518875
0.0671153125
0.06784915625
0.068583
0.0630100488125
0.055619266375
0.0403780839375
0.03118995775
0.0292574901875
0.036836297625
0.0541950925625
0.059447775
0.0634978550625
0.062449328875
0.0502119651875
0.04497587025
0.0465182089375
0.047930885125
0.0593748113125
0.07285775625
0.0745805625
0.0733316
0.0679241875
0.05952954375
0.05910189375
0.06392265625
0.06990835625
0.0728830625
0.077150025
0.0723849875
0.06794158125
0.0695201625
0.06229389375
0.06147541875
0.0570811625
0.0513163
0.0561562125
0.0647797125
0.07189626875
0.07309471875
0.06479319375
0.04893166875
0.04063731875
0.0390989875
0.04478348125
0.0551688375
0.06404725
0.06916150625
0.0648996113125
0.062565228875
0.05129984525
0.039086392875
0.037185799125
0.029415224125
0.0328641515
0.039048766375
0.0414986738125
0.04715641875
0.0480615875
0.04846499375
0.0445319375
0.04021924375
0.03231756875
0.02971055625
0.03661481875
0.0490035625
0.06688698125
0.07719909375
0.0824126
0.0800548
0.08031353125
0.08144930625
0.0770030125
0.07499239375
0.0663703375
0.06030549375
0.0639731125
0.0674817
0.0742444375
0.08271575625
0.0833604375
0.0810178875
0.07687935625
0.06952706875
0.0629969875
0.06204035
0.06034355625
0.05531808125
0.05266941875
0.049953175
0.05038259375
0.057687275
0.06499195625
0.063717775
0.06246855
0.0518431738125
0.046793628875
0.0542121089375
0.058406614
0.0749553839375
0.080352491375
0.0767175988125
0.0701295488125
0.052546928875
0.0414883526875
0.0353306265
0.0343321714375
0.042968591375
0.0561092050625
0.06091294375
0.06890614375
0.0674542875
0.060550025
0.06208998125
0.06247055625
0.07128445625
0.0736905625
0.07487029375
0.067018025
0.0566591875
0.0566507625
0.05287475
0.05789051875
0.06160715
0.05982253125
0.06067165
0.0623358
0.0643475125
0.06683915625
0.06835165
0.061345925
0.04854023125
0.0392915375
0.03272366875
0.03359518125
0.04502394375
0.0565986125
0.0641282800625
0.071096397625
0.066305314
0.052489405375
0.047647417875
0.037311355375
0.04028400775
0.050581728875
0.0505488488125
0.06050446875
0.0615290875
0.067105425
0.07398119375
0.06875085
0.06807379375
0.06157300625
0.05837348125
0.06728006875
0.06785695625
0.06272835
0.05928526875
0.0475124875
0.0411914613125
0.044858935125
0.0433302214375
0.0426785515
0.0470058964375
0.049862972625
0.0568486050625
0.06679246875
0.07211663125
0.0709518125
0.071329925
0.069990375
0.07175900625
0.07755144375
0.074682775
0.0705735375
0.0609739
0.0483961488125
0.046970060125
0.0445667589375
0.04706430775
0.0595418901875
0.066443641375
0.0757222050625
0.07666389375
0.06420304375
0.05256698125
0.04650675
0.0488907375
0.063251175
0.0764392625
0.08241113125
0.083615025
0.0797203125
0.07012010625
0.0621602875
0.0621674625
0.0595798
0.06542200625
0.06732876875
0.05806951875
0.05076885
0.03966276875
0.03626854375
0.0408413125
0.04819731875
0.06078763125
0.06581794375
0.06962188125
0.0708016125
0.06899755
0.07491969375
0.076142625
0.07654076875
0.07053399375
0.063049775
0.06551495
0.06700549375
0.07408621875
0.0735992625
0.06029671875
0.0510702375
0.04561299375
0.04773655625
0.0562750875
0.0558826175625
0.053990378875
0.0458434276875
0.0370880003125
0.0393646440625
0.0356884003125
0.0357885690625
0.0426671714375
0.041391647625
0.0453793988125
0.04936715
0.0425263875
0.0394548625
0.034608875
0.03001951875
0.029413725
0.029580675
0.0301224875
0.03620409375
0.04827271875
0.0648704375
0.081252325
0.08577755625
0.0854608125
0.07379635
0.06060165625
0.05346719375
0.0407506625
0.036464
0.03513556875
0.0338071375
0.04221116875
0.045861575
0.0490898875
0.053249825
0.049583125
0.05206965
0.0482234488125
0.044897985125
0.0433191776875
0.038122989
0.0449363776875
0.050297403875
0.0622393988125
0.076139975
0.0773259625
0.08171096875
0.0749071375
0.06230945
0.061832225
0.0519788488125
0.054245935125
0.0587369026875
0.052176239
0.0559284339375
0.047567341375
0.0404925550625
0.0367462113125
0.0247284151875
0.0187636753125
0.0121994229375
0.0081560604375
0.0152503440625
0.0279204589375
0.0474163738125
0.07137355625
0.0857046125
0.08888400625
0.0799501125
0.062498
0.0494695125
0.0480699125
0.05271619375
0.0637605125
0.0738302
0.07736960625
0.08485880625
0.08357315625
0.07899754375
0.0730997375
0.06310028125
0.05943505
0.05987538125
0.06187314375
0.0615516375
0.0657664
0.06276494375
0.056463875
0.05511940625
0.04480403125
0.0400573125
0.044912425
0.04704725
0.0498802050625
0.056503922625
0.0519625651875
0.0443854015
0.0428782089375
0.033803841375
0.0299477613125
0.02911284375
0.02663095625
0.028698225
0.03336680625
0.0376907175625
0.043034916375
0.0476135464375
0.0496364515
0.0589150151875
0.064903616375
0.0740976675625
0.0799556375
0.07405440625
0.0689779625
0.056732225
0.0463038425625
0.040024916375
0.0291183714375
0.02310012025
0.0228192776875
0.029901616375
0.0431539175625
0.05809174375
0.06840986875
0.06684403125
0.06362210625
0.05803219375
0.05007429375
0.047616325
0.04683073125
0.04842735625
0.0524679
0.0619370875
0.0659122
0.06691554375
0.07337960625
0.073566475
0.0776816125
0.07986766875
0.07242426875
0.07242426875
0.07242426875
0.07242426875
