1.1049375
1.1049375
1.1049375
1.1049375
1.1010625
1.121375
1.15975
1.2285625
1.2536875
1.258
1.2623125
1.247625
1.251
1.251
1.251
1.251
1.251
1.2210625
1.191125
1.1345
1.0511875
1.02775
0.9736875
0.969625
1.037
1.0744375
1.1911875
1.288
1.3400625
1.3654375
1.342125
1.3335
1.324875
1.339
1.3350625
1.2683125
1.1645
1.064625
0.956125
0.892375
0.90275
0.9170625
1.0028125
1.092875
1.145875
1.2396875
1.28875
1.32525
1.36175
1.3320625
1.2809375
1.242
1.1583125
1.07275
0.9853125
0.8930625
0.849875
0.829125
0.8316875
0.835125
0.85325
0.8808125
0.9075
0.9541875
0.9585625
0.9458125
0.9615
0.9371875
0.962875
1.0246875
1.03225
1.087375
1.1124375
1.1035
1.1445625
1.1274375
1.0864375
1.0583125
0.9835625
0.943375
0.9610625
0.9689375
1.0268125
1.08075
1.077375
1.0540625
0.977375
0.927375
0.93075
0.9574375
1.034125
1.084125
1.1074375
1.13075
1.1074375
1.1021875
1.0663125
1.0751875
1.104125
1.115
1.2051875
1.2291875
1.286375
1.3435625
1.303375
1.2613125
1.1893125
1.0725625
1.0531875
1.101875
1.144125
1.23025
1.2229375
1.170875
1.105
1.037625
1.015
0.992375
1.0166875
1.06575
1.1139375
1.162125
1.1560625
1.107625
1.08425
1.060875
1.087375
1.13475
1.15375
1.17275
1.19275
1.256625
1.3503125
1.444
1.514375
1.54
1.4995625
1.459125
1.3930625
1.327
1.3418125
1.3351875
1.3318125
1.282
1.147
1.0368125
0.9505625
0.9124375
0.9638125
1.000375
1.0818125
1.1615625
1.1518125
1.137375
1.0584375
1.02425
1.0795625
1.172125
1.2551875
1.247875
1.1510625
1.0361875
0.9574375
0.9243125
0.9550625
0.9561875
0.9449375
0.96125
0.9584375
0.98975
1.0255625
1.0116875
0.9978125
0.9688125
0.956
0.959875
0.964875
0.97675
0.958375
0.9430625
0.951125
0.9605625
1.0200625
1.1043125
1.1384375
1.1711875
1.13775
1.0595625
0.987875
0.916875
0.864
0.8335
0.8488125
0.872375
0.911125
0.9798125
1.0031875
1.0185625
1.0263125
0.982
0.94825
0.9088125
0.873625
0.856
0.851
0.8725625
0.9108125
0.973875
1.045625
1.079875
1.080125
1.060125
1.0538125
1.05675
1.0763125
1.1023125
1.0526875
1.0095
1.007
0.968125
0.9801875
1.00075
0.932875
0.9184375
0.930125
0.9344375
0.9945625
1.007
0.9876875
0.960375
0.91675
0.900375
0.8640625
0.843125
0.8389375
0.828625
0.8455
0.849125
0.8593125
0.8765
0.8859375
0.89775
0.890875
0.878375
0.888875
0.91025
0.924125
0.9456875
0.929
0.920875
0.9245625
0.9370625
0.97325
0.9728125
0.9943125
1.0085625
1.0128125
1.0820625
1.1289375
1.1415625
1.1605
1.097625
1.03475
1.0433125
1.09575
1.199
1.2746875
1.305625
1.27375
1.214375
1.2036875
1.1685
1.1285625
1.102375
1.0315625
0.9693125
0.92275
0.91325
0.9483125
0.9993125
1.0574375
1.0305
0.991375
0.9470625
0.90275
0.9064375
0.90125
0.946875
1.0003125
1.0836875
1.140375
1.1269375
1.105
1.031
0.988
0.953125
0.92275
0.917625
0.9081875
0.9315
0.9585625
0.9950625
1.0450625
1.0623125
1.0535
1.032125
1.0241875
1.0554375
1.11275
1.173125
1.166375
1.1061875
1.078875
1.0219375
0.9989375
1.0105
0.933625
0.9068125
0.914625
0.917625
1.016625
1.0679375
1.085625
1.1018125
1.0485625
1.02775
0.99075
0.9636875
0.9308125
0.8814375
0.857375
0.8175
0.8088125
0.8275625
0.8424375
0.88975
0.93225
0.944625
0.973375
0.984375
0.997125
1.0148125
1.016125
1.007625
0.99825
1.02325
1.07275
1.125625
1.197625
1.237875
1.2071875
1.1684375
1.0914375
1.0159375
1.01525
1.027625
1.0824375
1.1144375
1.0994375
1.0583125
0.993875
0.9565
0.9288125
0.9498125
0.9475
0.9436875
0.9496875
0.9205625
0.913875
0.913625
0.9125
0.904375
0.91825
0.96225
1.0276875
1.1108125
1.17925
1.1698125
1.1218125
1.10775
1.1053125
1.15925
1.226
1.2311875
1.1735625
1.1064375
1.04275
0.987625
1.0039375
1.0104375
1.0389375
1.0790625
1.0649375
1.0575625
1.0088125
1.009125
1.057
1.0748125
1.157625
1.147
1.09725
1.0725
0.9760625
0.93225
0.93425
0.95875
0.9966875
1.057375
1.091375
1.1301875
1.1973125
1.2078125
1.236375
1.217875
1.2101875
1.262375
1.2965
1.32875
1.30975
1.278875
1.2210625
1.2056875
1.2235
1.197625
1.2075625
1.2006875
1.18625
1.205
1.1865
1.14425
1.073625
0.9954375
0.9473125
0.9166875
0.9428125
0.987
1.0561875
1.13325
1.2
1.2006875
1.1746875
1.165
1.0925
1.07125
1.0680625
1.0476875
1.095375
1.147875
1.160875
1.1458125
1.1108125
1.058
1.026625
1.02025
1.007125
1.00375
0.9761875
0.9503125
0.903625
0.8819375
0.8844375
0.9055
0.948375
0.9876875
1.027875
1.0275625
1.032875
0.99225
0.954625
0.9445625
0.93125
0.9669375
0.9931875
1.000875
1.012875
0.955625
0.905625
0.9155625
0.916
1.0059375
1.0941875
1.0873125
1.105625
1.061125
1.0246875
1.0555
1.0674375
1.0675
1.072875
1.065
1.03575
1.0844375
1.125
1.1760625
1.292125
1.3154375
1.3068125
1.2620625
1.1278125
1.042625
0.9884375
0.94475
0.9649375
1.0031875
1.0328125
1.0775625
1.1043125
1.12675
1.1578125
1.169875
1.1796875
1.1714375
1.1748125
1.1735
1.1989375
1.1756875
1.161
1.19
1.1753125
1.212375
1.1845
1.1015
1.0059375
0.9073125
0.8895625
0.899375
0.962875
1.0315625
1.019375
1.03475
1.0079375
1.016375
1.08425
1.142625
1.216875
1.232625
1.2060625
1.1158125
1.0511875
0.98525
0.9469375
0.999875
1.0560625
1.132
1.226
1.274375
1.249125
1.2349375
1.17
1.1050625
1.1180625
1.1271875
1.166375
1.1608125
1.0969375
1.0179375
0.9575
0.9418125
0.9764375
1.018625
1.0194375
1.065
1.0875
1.11
1.19925
1.199
1.18075
1.143375
1.015625
0.9406875
0.884875
0.8929375
0.944875
1.004
1.08225
1.0976875
1.114875
1.112625
1.0681875
1.0365625
1.0231875
0.9991875
1.00675
1.042875
1.0855
1.15775
1.2169375
1.2271875
1.1861875
1.11125
1.085625
1.0665
1.053
1.058625
0.9790625
0.9146875
0.87925
0.8405625
0.83475
0.844875
0.838
0.8336875
0.866875
0.8760625
0.8900625
0.9078125
0.8689375
0.846
0.8286875
0.8059375
0.854625
0.9074375
0.9854375
1.0843125
1.115125
1.1289375
1.0868125
1.019
0.9521875
0.9185
0.9229375
0.9265
0.95
0.9303125
0.8966875
0.8791875
0.894
0.9280625
0.9815625
1.015
1.0365625
1.049375
1.035875
1.0830625
1.0674375
1.0723125
1.0845
1.0235
1.052
1.0604375
1.0885625
1.128625
1.0791875
1.0416875
0.9723125
0.9045625
0.877625
0.8631875
0.8564375
0.884125
0.9644375
1.0158125
1.124125
1.215375
1.239875
1.26925
1.2243125
1.14625
1.0586875
0.9865
0.925125
0.898125
0.917375
0.917375
0.917375
0.917375
