0.040407875
0.040407875
0.040407875
0.040407875
0.03647243125
0.03122183125
0.03411083125
0.0433063875
0.05437460625
0.0639904625
0.0684777125
0.0629821625
0.0593666
0.06267956875
0.06231629375
0.0658827625
0.06379283125
0.053602525
0.04864709375
0.05032915
0.05638175
0.0673352
0.076329
0.08022419375
0.0794851863125
0.076817097625
0.0749510464375
0.07051855775
0.0733136526875
0.069617197625
0.0653606925625
0.0648053875
0.05895674375
0.05898828125
0.05933788125
0.05855271875
0.0576100125
0.06169220625
0.06564376875
0.063057875
0.0601241800625
0.047675472625
0.0312345214375
0.022579239
0.0171126651875
0.022800628875
0.0324452613125
0.04242260625
0.0508742
0.0521003875
0.05583148125
0.0537280125
0.0537280125
0.0537280125
0.0537280125
