7.2425
7.2425
7.2425
7.2425
7.15125
6.693125
6.45625
6.511875
6.2925
6.585
6.71625
6.70375
6.67125
6.24625
5.75375
5.43
5.29
4.73125
4.325
4.199375
3.990625
4.39875
4.753125
4.42
4.165
3.936875
3.6775
4.2875
4.98375
5.335625
6.334375
6.409375
6.263125
6.323125
5.380625
5.018125
4.770625
4.441875
4.53375
4.495
4.595625
5.036875
5.659375
6.39625
6.845625
6.710625
6.40375
6.12125
5.966875
6.08125
6.164375
5.765625
5.541875
5.374375
5.244375
5.66875
5.93375
6.024375
6.445
6.26125
6.37
6.37
6.37
6.37
