5.38125
5.38125
5.38125
5.38125
6.15625
6.58125
7.10625
6.8375
6.43125
6.1125
5.99375
6.25
6.33125
6.2375
6.25
6.425
6.4625
6.55625
6.21875
5.775
5.71875
5.94375
6.53125
6.9
7.275
7.41875
7.13125
7.23125
7.0
6.81875
6.6875
6.30625
6.14375
5.68125
5.53125
5.275
4.9
5.075
5.075
5.13125
5.4
5.35
5.3625
5.5625
5.59375
5.66875
5.80625
5.8
5.875
5.99375
6.05
6.60625
7.075
7.45625
7.8375
7.36875
6.90625
6.34375
6.11875
6.4625
6.675
7.21875
7.175
7.19375
7.3625
7.15625
7.05625
6.33125
5.75625
5.35
5.08125
5.2
4.85625
4.54375
4.43125
4.475
4.9
5.23125
5.36875
5.4
5.40625
5.975
6.4125
6.78125
7.21875
6.775
6.30625
6.09375
5.925
6.55625
7.44375
7.89375
8.36875
8.04375
7.55625
7.3
6.4125
5.7625
5.4
4.9625
5.175
5.71875
6.01875
6.10625
5.84375
5.6
5.0625
5.075
5.36875
5.23125
5.56875
5.55625
5.43125
5.5875
5.46875
5.28125
5.325
5.40625
5.88125
6.39375
6.65625
6.84375
6.7125
6.675
6.45625
6.36875
6.1875
6.00625
5.85
5.76875
5.9875
6.3625
6.8375
6.85625
6.6
6.25625
6.09375
6.43125
6.9625
7.35625
7.625
7.25
6.83125
6.425
5.875
5.8625
5.6
5.39375
5.74375
6.01875
6.9125
7.99375
8.2625
8.24375
7.54375
6.4625
5.725
5.20625
4.8125
4.5625
4.61875
4.6625
5.05625
5.6125
5.66875
5.91875
5.775
5.375
5.11875
4.70625
4.60625
4.73125
5.075
5.10625
5.05
4.9
4.75
5.15
5.5125
5.7375
5.98125
5.9625
5.68125
5.88125
5.81875
5.9875
6.575
6.6625
6.825
6.50625
5.79375
5.25
4.6625
4.1625
4.475
5.1875
6.0
7.15625
7.7375
7.91875
8.1375
8.175
7.8125
6.875
5.94375
4.83125
4.11875
4.375
4.60625
5.225
6.0375
6.24375
6.4875
6.5
6.31875
6.5125
6.59375
6.5375
6.35
5.75
5.6
5.60625
5.50625
5.86875
5.44375
5.44375
5.44375
5.44375
