0.94875
0.94875
0.94875
0.94875
0.925625
0.966875
0.961875
0.88625
0.933125
0.881875
0.8575
0.9625
0.9725
1.048125
1.05375
0.968125
0.88625
0.8775
0.95875
1.05375
1.183125
1.184375
1.124375
1.01625
0.875625
0.7725
0.69125
0.64
0.605
0.599375
0.599375
0.6675
0.7025
0.736875
0.77375
0.726875
0.77875
0.82
0.839375
0.8975
0.825
0.776875
0.7975
0.78875
0.845
0.8925
0.83625
0.835625
0.835
0.825625
0.864375
0.904375
0.968125
1.016875
1.066875
1.036875
0.990625
0.904375
0.816875
0.809375
0.78625
0.84375
0.87875
0.9075
0.92125
0.901875
0.923125
0.88875
0.90875
0.878125
0.876875
0.855625
0.8275
0.88875
0.83875
0.88625
0.87125
0.778125
0.798125
0.793125
0.8475
0.959375
0.985625
0.980625
0.946875
0.92625
0.963125
1.006875
1.02625
0.983125
0.964375
0.899375
0.89
0.89375
0.786875
0.774375
0.74625
0.809375
0.92625
0.995
1.03625
0.949375
0.906875
0.878125
0.889375
0.986875
1.019375
1.01
0.9475
0.816875
0.758125
0.71875
0.729375
0.764375
0.753125
0.71125
0.67375
0.721875
0.7675
0.918125
1.036875
1.09625
1.165
1.11625
1.1125
1.059375
1.000625
0.9825
0.864375
0.74875
0.63875
0.579375
0.658125
0.77
0.881875
0.939375
0.890625
0.848125
0.805625
0.795
0.850625
0.89375
0.991875
1.083125
1.10125
1.156875
1.1175
1.019375
0.92875
0.78125
0.691875
0.67
0.713125
0.770625
0.759375
0.73625
0.66
0.63875
0.71875
0.824375
0.95625
0.988125
0.99625
0.955625
0.930625
0.995
1.019375
1.021875
1.00375
0.95125
0.886875
0.873125
0.836875
0.819375
0.81875
0.826875
0.916875
0.971875
1.02125
1.035
0.910625
0.771875
0.653125
0.563125
0.6075
0.733125
0.884375
1.01375
1.030625
1.021875
0.925
0.8125
0.75625
0.603125
0.50625
0.433125
0.36
0.36
0.4
0.479375
0.608125
0.77625
0.904375
0.9775
1.003125
0.95
0.856875
0.755625
0.64125
0.60625
0.644375
0.724375
0.84875
0.925
0.95875
0.98
0.913125
0.8875
0.896875
0.92625
1.01625
1.02625
0.993125
0.885
0.765625
0.675
0.61
0.634375
0.64625
0.71625
0.738125
0.68
0.689375
0.636875
0.67375
0.7825
0.825625
0.890625
0.935
0.915625
0.9525
0.97125
0.9075
0.89375
0.796875
0.79625
0.898125
0.988125
1.109375
1.09875
1.053125
0.976875
0.9675
0.988125
0.9575
0.975
0.864375
0.833125
0.863125
0.901875
1.065
1.11625
1.083125
0.979375
0.785625
0.66625
0.613125
0.62
0.74
0.88
1.014375
1.126875
1.118125
1.033125
0.961875
0.875
0.860625
0.86625
0.899375
0.973125
0.97375
1.016875
0.995
0.976875
1.05375
1.1
1.120625
1.034375
0.835
0.6475
0.509375
0.5225
0.60125
0.674375
0.765625
0.76
0.810625
0.855625
0.888125
0.895
0.829375
0.8075
0.805625
0.909375
1.01375
1.075
1.06125
1.000625
0.955
0.9025
0.93875
0.924375
0.916875
0.933125
0.91
0.953125
1.0
1.056875
1.0925
1.09375
1.094375
1.04
1.075625
1.13
1.20375
1.32
1.35375
1.36875
1.35
1.345625
1.355
1.37375
1.39
1.3875
1.39875
1.41
1.44125
1.389375
1.31
1.246875
1.105625
1.115625
1.115625
1.073125
1.115625
1.085
1.060625
1.0325
1.03125
0.9575
0.881875
0.836875
0.740625
0.781875
0.87
0.98125
1.036875
1.04
0.99375
0.950625
0.968125
0.919375
0.898125
0.81125
0.76125
0.74125
0.71
0.77
0.776875
0.85625
0.9725
1.036875
1.1025
1.07
1.04375
0.96375
0.893125
0.923125
0.906875
0.949375
1.018125
1.035625
1.001875
0.945
0.885625
0.82625
0.886875
1.020625
1.116875
1.213125
1.18375
1.06625
0.97625
0.921875
0.95375
1.04375
1.098125
1.030625
0.9875
0.9025
0.919375
1.034375
1.06625
1.113125
1.076875
1.08125
1.115625
1.16875
1.239375
1.1925
1.121875
0.996875
0.849375
0.823125
0.85875
0.9425
1.023125
1.023125
1.05
1.09125
1.18
1.26125
1.19875
1.06125
0.893125
0.8225
0.911875
1.101875
1.26125
1.31375
1.306875
1.215625
1.171875
1.185
1.14875
1.160625
1.100625
1.058125
1.073125
1.0525
1.155625
1.218125
1.198125
1.21
1.09
0.93625
0.9175
0.86375
0.849375
0.90125
0.791875
0.755625
0.775
0.77625
0.8975
0.97625
1.069375
1.150625
1.23875
1.32875
1.3275
1.2925
1.195625
1.056875
1.003125
1.05375
1.12625
1.231875
1.2575
1.1575
1.0575
0.938125
0.84375
0.824375
0.786875
0.805625
0.853125
0.8525
0.855
0.77125
0.665625
0.6175
0.639375
0.7975
1.013125
1.229375
1.335625
1.34125
1.25625
1.0975
1.025
0.905625
0.851875
0.933125
0.934375
1.049375
1.14875
1.108125
1.1475
1.080625
0.94
0.85
0.7625
0.78875
0.92
1.080625
1.2075
1.225
1.195625
1.09625
0.9825
0.944375
0.945
0.9775
1.005
1.0325
1.019375
1.095625
1.2325
1.31375
1.396875
1.364375
1.304375
1.224375
1.18875
1.21625
1.17625
1.2175
1.17375
1.058125
1.0125
0.925625
0.88625
0.9
0.860625
0.83
0.7725
0.685
0.66125
0.7
0.77125
0.878125
0.91875
0.849375
0.75625
0.678125
0.695625
0.72125
0.7775
0.82375
0.830625
0.889375
0.923125
0.916875
0.86
0.818125
0.8125
0.83
0.86
0.861875
0.81625
0.815625
0.89125
0.9675
1.08
1.081875
0.98
0.85125
0.698125
0.66375
0.654375
0.710625
0.790625
0.751875
0.775625
0.7875
0.814375
0.930625
0.96875
0.914375
0.82375
0.736875
0.701875
0.72
0.718125
0.676875
0.64375
0.70125
0.7875
0.846875
0.853125
0.735
0.656875
0.70375
0.815625
0.941875
1.03875
1.001875
0.955625
0.95375
0.8925
0.851875
0.78125
0.725
0.805
0.964375
1.09375
1.235
1.241875
1.218125
1.258125
1.259375
1.26875
1.181875
1.094375
0.98
0.9175
0.9175
0.9125
0.9225
0.908125
0.905625
0.795625
0.69125
0.6375
0.65625
0.79375
0.904375
1.001875
0.993125
0.936875
0.938125
0.84875
0.76625
0.7675
0.759375
0.894375
1.095
1.1525
1.15625
1.043125
0.84
0.738125
0.6925
0.695625
0.7625
0.793125
0.800625
0.76125
0.775
0.7925
0.8425
0.9175
0.898125
0.86
0.82875
0.80875
0.84625
0.9475
0.97375
1.00125
0.95375
0.866875
0.8075
0.759375
0.725625
0.665
0.649375
0.665625
0.786875
0.995625
1.156875
1.258125
1.225625
1.1375
1.071875
1.000625
1.016875
0.983125
0.90375
0.879375
0.81875
0.819375
0.871875
0.858125
0.856875
0.829375
0.795
0.825
0.819375
0.8575
0.91125
0.93375
1.053125
1.06625
1.058125
1.013125
0.856875
0.7725
0.66125
0.6525
0.711875
0.79
0.90625
0.89125
0.9025
0.916875
0.928125
1.031875
1.001875
0.911875
0.794375
0.640625
0.650625
0.71125
0.77875
0.875
0.855
0.81125
0.780625
0.705
0.646875
0.639375
0.630625
0.641875
0.65625
0.631875
0.6575
0.67125
0.703125
0.708125
0.64625
0.640625
0.68625
0.779375
0.870625
0.935
0.93625
0.884375
0.87875
0.828125
0.75
0.71625
0.64625
0.591875
0.589375
0.595625
0.58125
0.623125
0.689375
0.78875
0.958125
1.049375
1.12
1.123125
1.079375
1.115
1.146875
1.143125
1.14625
1.081875
0.96625
0.87625
0.765625
0.743125
0.759375
0.855625
0.9725
0.98
0.960625
0.8525
0.77125
0.76375
0.84375
0.965625
1.053125
1.090625
1.006875
0.910625
0.79
0.709375
0.755
0.813125
0.935
1.080625
1.095
1.090625
1.040625
0.88625
0.834375
0.774375
0.749375
0.801875
0.84625
0.97375
1.105625
1.201875
1.25625
1.24
1.1725
1.140625
1.09
0.995625
0.960625
0.934375
0.93125
0.985625
0.945625
0.885
0.82125
0.78875
0.85375
0.91875
1.0225
1.09125
1.106875
1.089375
1.03875
0.944375
0.8725
0.865625
0.86375
0.879375
0.87375
0.84375
0.84875
0.94375
1.0475
1.104375
1.135
1.049375
0.98375
0.97
0.89375
0.825625
0.745
0.639375
0.64375
0.720625
0.83625
1.05125
1.17
1.254375
1.24375
1.09125
0.9975
0.94625
0.988125
1.07125
1.119375
1.053125
0.941875
0.844375
0.75625
0.814375
0.88625
1.005625
1.1425
1.156875
1.195
1.17125
1.16125
1.25
1.308125
1.341875
1.3475
1.26375
1.11125
1.034375
0.91125
0.873125
0.9725
0.985625
1.05
0.991875
0.85625
0.788125
0.77625
0.874375
0.92125
0.955625
0.90125
0.82125
0.8225
0.8725
1.018125
1.140625
1.215
1.18875
1.090625
1.063125
1.09
1.218125
1.31
1.281875
1.235625
1.0475
0.944375
0.9725
0.954375
1.10125
1.159375
1.151875
1.186875
1.121875
1.154375
1.10875
1.039375
0.95375
0.779375
0.74875
0.74875
0.825
0.9575
1.045625
1.126875
1.1375
1.114375
1.01625
0.906875
0.824375
0.78375
0.796875
0.87625
1.02125
1.125625
1.28375
1.320625
1.231875
1.20625
1.058125
1.03625
1.154375
1.211875
1.406875
1.514375
1.49375
1.4375
1.24375
1.015625
0.864375
0.811875
0.81
0.865
0.891875
0.82
0.815625
0.883125
0.934375
1.084375
1.135625
1.07125
1.0225
0.883125
0.849375
0.915625
1.04125
1.254375
1.355625
1.364375
1.319375
1.199375
1.199375
1.215625
1.1775
1.196875
1.165
1.13875
1.17625
1.106875
0.94625
0.799375
0.649375
0.610625
0.736875
0.863125
0.968125
1.063125
1.07125
1.079375
1.078125
1.021875
0.87875
0.804375
0.8325
0.94125
1.136875
1.195
1.096875
0.95
0.8525
0.82375
0.929375
0.974375
0.933125
0.891875
0.7775
0.71125
0.67
0.634375
0.58875
0.605
0.719375
0.8825
1.06
1.139375
1.11875
0.9975
0.966875
1.0625
1.130625
1.21375
1.14125
1.0
0.868125
0.85375
0.91625
0.90125
0.93625
0.854375
0.85125
0.9225
1.030625
1.13125
1.14125
1.195
1.13875
1.120625
1.073125
0.9525
0.86875
0.779375
0.77375
0.79375
0.88125
1.035
1.154375
1.244375
1.3225
1.34
1.35
1.413125
1.351875
1.235625
1.095625
0.9675
0.92625
1.0
1.060625
1.061875
1.15
1.15125
1.255
1.315625
1.275625
1.260625
1.18
1.204375
1.2475
1.24375
1.174375
1.04875
0.913125
0.875
0.921875
1.0125
1.065
1.075625
1.035
0.955625
0.929375
0.926875
0.980625
1.07875
1.205
1.279375
1.354375
1.379375
1.328125
1.2625
1.146875
1.043125
0.986875
0.969375
1.039375
1.12875
1.171875
1.210625
1.15125
1.09
1.083125
1.058125
1.090625
1.0725
1.0075
0.989375
0.949375
0.985625
1.06875
1.1625
1.195625
1.178125
1.125625
1.0225
0.968125
0.91
0.908125
0.853125
0.8425
0.855
0.87625
1.03625
1.160625
1.2225
1.181875
1.01875
0.878125
0.870625
0.964375
1.156875
1.3125
1.325
1.269375
1.091875
0.965
0.924375
0.889375
0.944375
0.925625
0.92625
0.915625
0.881875
0.894375
0.811875
0.8175
0.840625
0.879375
0.955
0.896875
0.889375
0.8825
0.918125
1.026875
1.018125
0.9325
0.810625
0.775625
0.850625
0.9625
1.125
1.12625
1.01
0.924375
0.749375
0.660625
0.675
0.720625
0.903125
1.0675
1.158125
1.180625
1.03
0.8675
0.784375
0.780625
0.881875
1.050625
1.181875
1.23625
1.266875
1.223125
1.09625
0.92625
0.78125
0.660625
0.62
0.7225
0.81375
0.92125
1.054375
1.055625
1.048125
1.01
0.90375
0.826875
0.75125
0.66625
0.63
0.6425
0.665625
0.78625
0.926875
1.05875
1.128125
1.129375
1.0825
1.053125
1.115
1.111875
1.0975
0.976875
0.809375
0.69625
0.61625
0.6875
0.798125
0.98
1.150625
1.198125
1.20375
1.09
1.025625
1.05125
1.05375
1.109375
1.151875
1.1275
1.111875
1.09125
0.965625
0.83
0.73625
0.708125
0.76
0.90625
1.089375
1.135
1.23
1.199375
1.065
1.03125
0.9025
0.8625
0.870625
0.831875
0.818125
0.77875
0.734375
0.71375
0.73
0.696875
0.7025
0.77375
0.84875
1.04625
1.199375
1.28625
1.315
1.1975
1.129375
1.015
0.900625
0.8775
0.81125
0.839375
0.9725
1.0875
1.1675
1.18375
1.07875
1.005
0.961875
0.936875
1.014375
1.076875
1.17625
1.295625
1.334375
1.309375
1.27875
1.23125
1.16
1.1675
1.13125
1.045
1.081875
1.05625
1.0525
1.085
1.028125
0.985
0.96875
1.015
1.061875
1.138125
1.15875
1.06
0.970625
0.88875
0.825625
0.88875
0.925625
0.9675
1.013125
0.956875
0.951875
0.86625
0.793125
0.741875
0.6875
0.701875
0.683125
0.695
0.69875
0.695625
0.7075
0.724375
0.7125
0.75
0.823125
0.858125
0.896875
0.83125
0.73
0.719375
0.77625
0.936875
1.13
1.19125
1.15375
0.99625
0.84125
0.8125
0.89875
1.094375
1.28875
1.36625
1.325
1.233125
1.10625
1.086875
1.131875
1.185625
1.274375
1.255625
1.2025
1.120625
0.97
0.918125
0.975625
1.085
1.250625
1.37125
1.405625
1.378125
1.31
1.188125
0.991875
0.893125
0.856875
0.868125
0.990625
1.01125
0.95125
0.9525
0.885625
0.8675
0.931875
0.88625
0.86625
0.864375
0.829375
0.918125
1.049375
1.121875
1.239375
1.225
1.1975
1.171875
1.053125
0.97375
0.846875
0.78375
0.811875
0.90375
1.048125
1.15125
1.138125
1.11
1.008125
0.915
0.913125
0.894375
0.953125
1.065625
1.215
1.31625
1.34375
1.26375
1.1425
1.10625
1.16
1.275
1.37625
1.3725
1.2475
1.1075
0.904375
0.766875
0.779375
0.79875
0.944375
1.1475
1.235
1.311875
1.2625
1.063125
0.94875
0.833125
0.79625
0.878125
0.904375
0.943125
0.939375
0.95875
0.941875
0.925
0.97875
0.96375
1.03875
1.131875
1.17625
1.239375
1.219375
1.25
1.234375
1.15375
1.120625
1.005
0.94125
0.9375
0.915
0.856875
0.8375
0.886875
0.92375
1.064375
1.14375
1.0675
1.013125
0.83875
0.74125
0.80375
0.904375
1.145
1.2975
1.304375
1.26625
1.1
0.9275
0.850625
0.7825
0.813125
0.906875
0.9775
1.081875
1.095
1.091875
1.143125
1.12125
1.163125
1.19
1.096875
0.9925
0.908125
0.8725
0.976875
1.21625
1.37125
1.431875
1.37125
1.1375
0.96
0.85625
0.79875
0.86125
0.904375
0.945
1.03375
1.089375
1.115625
1.096875
0.983125
0.869375
0.834375
0.858125
0.908125
0.9375
0.92125
0.829375
0.753125
0.750625
0.76125
0.854375
0.97375
1.014375
1.059375
1.079375
1.096875
1.14
1.120625
1.040625
0.909375
0.81125
0.804375
0.904375
1.0375
1.064375
1.044375
0.89875
0.784375
0.81625
0.8875
1.09
1.251875
1.300625
1.324375
1.216875
1.103125
1.074375
0.98875
1.043125
1.1125
1.108125
1.21625
1.18125
1.146875
1.11625
0.9675
0.909375
0.8275
0.819375
0.85875
0.869375
0.96875
0.970625
1.0425
1.15375
1.135625
1.22875
1.2125
1.11625
1.08375
0.941875
0.84
0.799375
0.76
0.800625
0.880625
0.946875
1.068125
1.1325
1.176875
1.21375
1.15125
1.1125
0.983125
0.91
0.868125
0.82625
0.935625
0.9475
1.045
1.18
1.218125
1.304375
1.2775
1.191875
1.15875
1.168125
1.20875
1.26125
1.25625
1.209375
1.17125
1.104375
1.0175
0.8775
0.74625
0.708125
0.730625
0.83375
0.981875
1.05125
1.114375
1.128125
1.025625
0.91
0.795
0.701875
0.725
0.7725
0.87625
0.985625
0.986875
1.03375
0.97125
0.891875
0.855625
0.818125
0.7875
0.82875
0.89875
0.945
1.109375
1.218125
1.279375
1.271875
1.120625
0.918125
0.82375
0.843125
0.945625
1.135625
1.21875
1.27
1.291875
1.2175
1.146875
0.980625
0.88625
0.901875
0.969375
1.1225
1.215625
1.19875
1.14375
1.085625
0.961875
0.940625
0.915
0.9225
1.023125
1.08375
1.200625
1.2525
1.3025
1.271875
1.148125
1.023125
0.85625
0.775
0.806875
0.9125
1.025
1.161875
1.21625
1.166875
1.11125
0.97
0.82375
0.726875
0.65125
0.673125
0.746875
0.891875
1.066875
1.144375
1.213125
1.17125
1.028125
0.93375
0.77
0.618125
0.605
0.640625
0.74125
0.915
0.991875
1.026875
1.025625
0.99375
0.94875
0.84125
0.83625
0.790625
0.7875
0.895625
0.8475
0.830625
0.823125
0.776875
0.809375
0.875
0.965625
1.015625
1.115625
1.209375
1.190625
1.219375
1.179375
1.08375
1.078125
1.0
0.930625
0.84125
0.740625
0.7425
0.803125
0.976875
1.138125
1.216875
1.1975
1.121875
1.08375
1.065
1.12
1.111875
1.0725
1.089375
1.0975
1.229375
1.385
1.458125
1.48125
1.349375
1.145
0.974375
0.8375
0.804375
0.845
0.90375
0.954375
1.0475
1.090625
1.051875
1.030625
0.88375
0.755625
0.76625
0.758125
0.88125
1.041875
1.1125
1.20875
1.179375
1.081875
1.01
0.8825
0.88375
0.921875
0.959375
1.05375
1.010625
0.955625
0.819375
0.6475
0.613125
0.663125
0.82625
1.02
1.098125
1.10875
1.06375
0.99375
0.98
0.95625
0.93625
0.98
1.004375
0.985
1.051875
1.034375
1.060625
1.11125
1.013125
0.930625
0.74125
0.600625
0.561875
0.564375
0.713125
0.9
1.02
1.121875
1.10125
0.963125
0.8875
0.8275
0.79375
0.815
0.81375
0.79125
0.80375
0.80875
0.866875
0.891875
0.9325
1.0125
0.96125
0.94875
0.8925
0.82125
0.850625
0.890625
0.923125
0.89
0.83375
0.745625
0.754375
0.860625
0.96125
1.14
1.205625
1.205625
1.22625
1.0975
1.0625
1.0375
0.988125
1.075
1.03375
1.00125
1.04125
1.048125
1.15
1.231875
1.16375
1.0375
0.90875
0.82125
0.87
1.01
1.104375
1.20625
1.2825
1.301875
1.358125
1.32875
1.251875
1.129375
0.988125
0.87
0.813125
0.87
0.9425
1.065
1.063125
1.005625
0.93
0.841875
0.90625
0.911875
0.911875
0.960625
0.9025
0.960625
1.085
1.1425
1.235
1.178125
1.04125
0.86375
0.7475
0.79625
0.9075
1.115625
1.2825
1.325
1.310625
1.20875
1.055625
0.946875
0.864375
0.81375
0.8025
0.828125
0.829375
0.9075
0.965625
0.955625
0.986875
0.9
0.849375
0.886875
0.975625
1.123125
1.225
1.234375
1.118125
1.018125
0.955
0.8925
0.908125
0.94875
0.976875
1.0475
1.11125
1.090625
1.10875
1.17625
1.164375
1.191875
1.13625
1.030625
1.054375
1.098125
1.244375
1.380625
1.3875
1.3175
1.15125
0.940625
0.81875
0.799375
0.87625
1.035
1.146875
1.21125
1.166875
1.065625
0.986875
0.875625
0.824375
0.83875
0.926875
1.0325
1.170625
1.24375
1.235625
1.224375
1.114375
1.04375
0.994375
0.986875
1.02125
0.993125
0.946875
0.885
0.890625
0.99
1.094375
1.176875
1.23875
1.20125
1.15625
1.1725
1.105625
1.103125
1.129375
1.108125
1.166875
1.189375
1.10375
0.985625
0.810625
0.678125
0.681875
0.703125
0.79375
0.935
1.009375
1.11375
1.189375
1.1275
1.075
1.0075
0.8775
0.821875
0.82375
0.865625
0.98
1.114375
1.199375
1.17125
1.165
1.09625
1.00375
0.996875
0.899375
0.85
0.853125
0.904375
1.046875
1.205625
1.323125
1.35625
1.333125
1.263125
1.18
1.095
1.04625
1.003125
0.94625
0.969375
0.970625
1.033125
1.1675
1.21875
1.24625
1.1925
1.15125
1.13875
1.17375
1.26
1.28875
1.26875
1.1525
0.9875
0.7875
0.648125
0.65875
0.769375
0.960625
1.176875
1.324375
1.31625
1.296875
1.25625
1.12
1.10375
1.005
0.881875
0.9325
0.95625
1.0775
1.238125
1.24875
1.279375
1.2475
1.13
1.10125
0.993125
0.886875
0.876875
0.87875
0.93375
1.03625
1.05625
1.03875
1.065
1.0675
1.135625
1.135
1.035
0.911875
0.720625
0.653125
0.71875
0.83125
1.015
1.094375
1.074375
1.039375
1.0025
1.009375
1.0475
1.068125
1.021875
1.019375
0.965625
0.974375
1.049375
1.048125
1.13
1.111875
1.059375
1.105
1.13125
1.19625
1.23125
1.1775
1.015
0.90875
0.84125
0.84
0.95875
1.02875
1.165
1.200625
1.235625
1.275625
1.2175
1.276875
1.25625
1.165
1.096875
0.945625
0.824375
0.788125
0.79375
0.79125
0.856875
0.9275
0.9275
1.03
1.1175
1.14875
1.265625
1.271875
1.22875
1.2175
1.125
1.1225
1.1475
1.1975
1.29875
1.32625
1.33125
1.326875
1.306875
1.26625
1.205625
1.115625
1.059375
1.10875
1.155625
1.205
1.15625
1.0075
0.90375
0.849375
0.92
1.0225
1.1575
1.208125
1.175
1.15375
1.095
1.12375
1.159375
1.234375
1.300625
1.2925
1.313125
1.284375
1.23375
1.225625
1.224375
1.235
1.268125
1.275625
1.199375
1.1675
1.081875
1.003125
1.0275
1.005625
1.11125
1.241875
1.3
1.366875
1.29625
1.24875
1.2125
1.15875
1.1775
1.119375
1.09375
1.085625
1.084375
1.105
1.155
1.165625
1.17625
1.18
1.1425
1.1125
1.040625
1.024375
0.955
0.9075
0.91875
0.89625
0.96375
1.07875
1.105625
1.18
1.1925
1.11375
1.123125
1.0575
1.024375
1.033125
0.98125
0.974375
0.94625
0.956875
1.004375
1.043125
1.101875
1.071875
1.02375
0.981875
0.93375
0.999375
1.1225
1.163125
1.179375
1.074375
0.89875
0.791875
0.749375
0.77875
0.851875
0.95625
0.980625
1.043125
1.034375
1.010625
1.06
1.06
1.109375
1.11
1.068125
1.04
1.0375
1.058125
1.1375
1.12875
1.045625
1.035
0.93375
0.96
1.085625
1.12625
1.209375
1.174375
1.070625
0.93625
0.82375
0.84875
0.8825
0.988125
1.038125
0.955
0.881875
0.790625
0.795
0.90375
0.988125
1.10375
1.09375
1.001875
0.9575
0.8275
0.80875
0.883125
0.94125
1.09125
1.159375
1.165
1.155625
1.1075
1.0925
1.0375
0.978125
0.8975
0.82625
0.8625
0.93
1.054375
1.185625
1.244375
1.285
1.236875
1.18
1.0825
0.974375
0.930625
0.884375
0.91875
0.956875
1.01125
1.000625
0.940625
0.94125
0.875625
0.88375
0.895625
0.8525
0.8675
0.893125
0.993125
1.085625
1.166875
1.200625
1.195
1.180625
1.1425
1.094375
1.043125
0.9825
0.99125
1.0825
1.073125
1.13875
1.138125
1.063125
1.075
1.01375
0.9175
0.84
0.763125
0.7475
0.810625
0.88
1.02125
1.10375
1.17125
1.25375
1.26375
1.26125
1.189375
1.069375
0.949375
0.918125
0.9675
1.115
1.19
1.19625
1.153125
0.998125
0.9275
0.798125
0.673125
0.6425
0.653125
0.81375
1.03125
1.175
1.233125
1.16
1.056875
0.953125
0.898125
0.8725
0.86125
0.904375
0.96
1.09625
1.15375
1.161875
1.086875
0.911875
0.805625
0.78125
0.874375
1.05
1.180625
1.26
1.2625
1.240625
1.29875
1.26125
1.23
1.13125
0.9675
0.9775
0.995
1.053125
1.1275
1.0775
1.0275
0.99
0.9525
0.959375
0.9325
0.98375
1.08875
1.2175
1.360625
1.40375
1.30625
1.10375
0.920625
0.77625
0.784375
0.8875
1.034375
1.164375
1.2125
1.258125
1.276875
1.300625
1.29125
1.285625
1.2025
1.068125
1.006875
0.88375
0.874375
0.9125
0.98125
1.135
1.21
1.263125
1.2075
1.05875
0.945
0.88875
0.863125
0.88
0.838125
0.71
0.6925
0.68625
0.780625
0.95625
1.03125
1.095
1.129375
1.173125
1.1575
1.174375
1.09625
0.96
0.92125
0.8775
0.9725
1.04625
1.1275
1.114375
0.994375
0.91875
0.820625
0.794375
0.863125
0.91375
0.940625
1.055
1.069375
1.11625
1.204375
1.15875
1.17875
1.210625
1.186875
1.219375
1.214375
1.198125
1.185
1.13125
1.0925
1.01875
0.9475
0.9625
1.006875
1.004375
1.080625
1.060625
1.03125
1.05
0.98125
1.0
1.001875
1.01625
1.050625
1.016875
0.91
0.854375
0.798125
0.708125
0.764375
0.71875
0.71
0.829375
0.803125
0.9
0.9975
1.015
1.105
1.1225
1.13875
1.120625
1.175
1.188125
1.15375
1.18875
1.1275
1.1075
1.0625
0.96875
0.8825
0.764375
0.706875
0.691875
0.709375
0.845625
1.030625
1.155625
1.301875
1.30625
1.21625
1.153125
1.03875
0.979375
0.965625
0.995
1.038125
1.073125
1.069375
1.05875
1.061875
1.0675
1.14875
1.1825
1.1475
1.173125
1.076875
1.035625
1.066875
0.97
0.97
0.93875
0.865
0.8975
0.895
0.85
0.845
0.846875
0.848125
0.88
0.87
0.798125
0.769375
0.739375
0.7475
0.7825
0.794375
0.85875
0.96625
1.0125
1.02875
1.043125
0.98125
0.988125
1.05
1.008125
1.01875
1.055625
1.064375
1.16625
1.2375
1.27
1.274375
1.22375
1.173125
1.149375
1.165
1.235625
1.2525
1.25125
1.27125
1.23625
1.3
1.308125
1.21625
1.14
0.97375
0.8325
0.753125
0.70875
0.749375
0.83375
0.935
1.07625
1.1775
1.24125
1.273125
1.195
1.04375
0.949375
0.919375
0.896875
0.971875
1.013125
0.9325
0.946875
0.961875
0.983125
1.078125
1.07375
1.01875
0.89625
0.821875
0.77875
0.803125
0.904375
0.994375
1.148125
1.2675
1.32
1.26625
1.183125
1.02
0.88875
0.84125
0.771875
0.8525
1.0175
1.22125
1.364375
1.37625
1.291875
1.079375
0.9275
0.82875
0.728125
0.77625
0.885
0.97125
1.08375
1.0475
0.955625
0.910625
0.91875
1.038125
1.1525
1.236875
1.22125
1.184375
1.11875
1.059375
1.0925
1.118125
1.1475
1.17125
1.094375
0.985625
0.90125
0.83375
0.853125
0.886875
0.930625
1.02625
1.065
1.14625
1.216875
1.1375
1.063125
0.9225
0.824375
0.8525
0.94375
1.0525
1.13375
1.16
1.151875
1.1475
1.091875
1.0775
1.06625
1.055
1.0325
0.935625
0.799375
0.69875
0.64625
0.72
0.8425
0.9175
1.08
1.126875
1.1025
1.133125
1.01375
0.9325
0.955
0.954375
1.025
1.095625
1.06375
1.033125
1.01375
0.955
0.94625
0.9025
0.811875
0.833125
0.8525
0.874375
0.9125
0.805625
0.6675
0.564375
0.546875
0.625
0.77375
0.928125
0.970625
0.966875
0.89625
0.77875
0.700625
0.676875
0.7
0.825
0.97
1.07
1.168125
1.133125
1.026875
0.994375
0.926875
0.92
1.004375
0.98375
0.96125
0.991875
0.97125
1.040625
1.19
1.23875
1.31875
1.27625
1.131875
1.0825
1.00625
1.0075
1.09125
1.08
1.03375
1.005
0.901875
0.8525
0.834375
0.8675
0.89375
0.945625
1.046875
1.01625
1.0575
1.02875
0.895
0.8875
0.82875
0.81375
0.88625
0.88625
0.88625
0.88625
