0.0132407857891
0.0132407857891
0.0132407857891
0.0132407857891
0.0322820027631
0.0510258748115
0.0661572729501
0.0789486756197
0.0620162632122
0.0450838508048
0.0330206066301
0.0193933420734
0.0206112724598
0.0201024667791
0.0137266116513
0.0092260489939
0.0064949323697
0.00541627361118
0.00916523371635
0.012700643992
0.0126655939656
0.0127593701951
0.02368081914
0.0347415397128
0.0496097144746
0.0692502636876
0.0630710136746
0.0587577713568
0.0504000809632
0.0341350117731
0.0308983391394
0.0240689227432
0.0212839544229
0.0198527063263
0.0166947221624
0.0226056421722
0.0273944970994
0.0486652207177
0.0716626804032
0.0799015256742
0.0991314557042
0.0902805116283
0.0862367599106
0.0896252386187
0.0663476108417
0.0697214660289
0.0634612063523
0.05716937844
0.0730143115525
0.0636422594686
0.0610805899917
0.0600383739759
0.0442178133983
0.0451418806497
0.0421187578456
0.0361625745567
0.03767738563
0.0266215395642
0.0175096933053
0.00982723818788
0.00197069353557
0.00216683441161
0.0043661655364
0.0113726890195
0.0187160177228
0.0253142432165
0.0283006911587
0.0236364843384
0.0206407516211
0.0229361801692
0.0284882436176
0.0381769065357
0.0457428377244
0.0435616119112
0.03772984461
0.0272088015955
0.0180619053101
0.0186463819088
0.0216140281811
0.0300808146833
0.0493016920574
0.0591521421833
0.0682807010377
0.0840768890804
0.0751904307393
0.0704477675687
0.0661048139703
0.0425593204288
0.0405758603273
0.0537669725691
0.0776734117464
0.126464441168
0.163092647201
0.170132363755
0.155986080265
0.114061374221
0.0829418253125
0.0813720019461
0.0898731421165
0.111700023769
0.111694220785
0.096913555029
0.082887741497
0.0674128066761
0.0660024493237
0.0498369593476
0.0332446018317
0.0184235473041
0.00383809394707
0.0187629058375
0.0333439489263
0.0472806286164
0.0614761214152
0.0461028548827
0.0388978693298
0.0397520686478
0.0481842693623
0.071488590868
0.0792098099218
0.0714570226323
0.0496990804357
0.03861700488
0.037364488706
0.044171157403
0.0590931838609
0.0673016214932
0.0747651880353
0.0844680102356
0.0910502194921
0.0788565242259
0.0669200172325
0.0512849200395
0.0364086210995
0.0382511847373
0.0340386822304
0.0292365964985
0.0235197282903
0.015839130128
0.014324551174
0.0145367082872
0.0181814467908
0.0246696476985
0.0289622313914
0.034684206226
0.0397158580246
0.0448141280853
0.049319797369
0.0509469542223
0.0627792396139
0.0639098931136
0.0678287646049
0.0749432235997
0.0705594169904
0.0739671616071
0.0736914037837
0.0713718348201
0.0541578616049
0.0517732992149
0.0662245875703
0.081507559664
0.112820696135
0.129304421781
0.116199657949
0.102560555304
0.101544336659
0.0856987071879
0.0953820313603
0.105065355533
0.100990035579
0.112153817157
0.102164559642
0.0905469846764
0.0640350054595
0.0475122837576
0.0430168277266
0.0415115335478
0.0657742759733
0.0692061610055
0.0719098875428
0.0788966808786
0.0660022172043
0.0680444035089
0.0663028118013
0.0533008768541
0.0623349631208
0.0668643085813
0.0762607332001
0.104300986415
0.119312843072
0.129459013288
0.143375266473
0.144263123101
0.130395847106
0.121378473434
0.113645416292
0.0912352186378
0.0835216595236
0.0758784325814
0.0464422134161
0.031585412504
0.0168258696121
0.00489539772263
0.0125272508152
0.0220032923813
0.0334240301124
0.0423541268969
0.0416113448811
0.0393590905377
0.0330853679371
0.0234972127105
0.0188332380096
0.0120465315794
0.00735238135914
0.012961546175
0.0262294899315
0.0412309012173
0.0571939830941
0.0728130640499
0.072997598957
0.0782158747372
0.0887636114804
0.0789477471421
0.0771845683322
0.0660681391082
0.0412638621693
0.0356981036775
0.0311882562449
0.038532049187
0.0532180102354
0.0575129151222
0.06011915152
0.0623813869968
0.0646238923263
0.0713446768527
0.0769136850159
0.0606699708087
0.0461924529633
0.0365683192328
0.0431681695622
0.0793177454337
0.126749251647
0.172344461446
0.188335397648
0.179603530814
0.144517525942
0.0956215785604
0.061490048578
0.037306458861
0.0357535802093
0.0449127788218
0.0546116549926
0.0609327299468
0.0486438657348
0.0442923237193
0.0390721909841
0.0406076606822
0.0548259011802
0.0534703240014
0.0673222801179
0.0877443752832
0.101945206828
0.128670503755
0.140582173974
0.128787259803
0.125589351106
0.127532190316
0.114580625274
0.114693667412
0.101196621827
0.0629767732063
0.0397321063812
0.0183084160916
0.00521595458631
0.00689835585201
0.00848419545566
0.0182480650529
0.0419569706379
0.0656658762228
0.0942720364855
0.104268257582
0.0879535148445
0.0716387721071
0.0455610882499
0.0321661751926
0.0277788867926
0.0248407196815
0.0267998072481
0.0205541710924
0.0279462448655
0.0324400760609
0.0369023390206
0.0535534227396
0.0490185064139
0.0458131698965
0.0574530283223
0.0691439530116
0.0909058412378
0.11465327864
0.123571305217
0.110321234652
0.0994543337617
0.0867214251759
0.0620972728758
0.055092142109
0.0518183303745
0.051624974931
0.0752141069159
0.0930754610818
0.108200359878
0.117164346092
0.100478444466
0.101411564373
0.0888956874076
0.0924886632895
0.116561067823
0.111458619614
0.121292821383
0.118098626596
0.108183647282
0.115216864494
0.112798876913
0.100432949067
0.0803300180495
0.0548149915694
0.0491408333271
0.0485489289083
0.0630559259149
0.080391993924
0.0788128857824
0.0822359502782
0.0786722214382
0.0751630406524
0.0669040009953
0.0584107528838
0.0565802594537
0.0562534353668
0.0626592338946
0.0839376174524
0.0851497448544
0.0981839443954
0.113408422405
0.0994053565725
0.107438311954
0.102145525853
0.0969249288787
0.105796067341
0.109680353044
0.0987352279227
0.0872434616613
0.0838884081439
0.0617377199563
0.0548261332996
0.0482367283422
0.0260957891687
0.020178834055
0.0134424975302
0.0174602518774
0.0296147189685
0.0536458062528
0.0784962749482
0.0925926527717
0.113367801514
0.106003582066
0.0978745292619
0.0793135672849
0.0480974567144
0.0317337367878
0.0157251595124
0.00978754577393
0.0097023579615
0.0128550033797
0.0159688848614
0.0342573386863
0.0503450686702
0.0616260705346
0.0729300522176
0.0694204071931
0.0678159980391
0.0659564896865
0.0719043166777
0.0630227328435
0.0556875283185
0.0501763178809
0.0305856743346
0.0258402257314
0.0181190066776
0.017720921941
0.0225167404497
0.0273355387769
0.0444350771379
0.0541727172452
0.0649713750381
0.0834682720662
0.095193086185
0.114330864821
0.133534565361
0.140147878614
0.13871964807
0.115123320384
0.0911001251588
0.0710301550929
0.0442465962014
0.0370253622919
0.0302367989066
0.0222453928945
0.0250663397188
0.0256150699329
0.0408998989816
0.0603907311946
0.0874428522086
0.119372961992
0.122075527932
0.120789354448
0.118901759651
0.109601200336
0.129206003164
0.161352912448
0.171632551308
0.167492470047
0.134086081008
0.0825458296504
0.0458895371726
0.0281247446687
0.0251577947545
0.0262721998975
0.0276542386856
0.0230141722809
0.0217210352153
0.0239633084254
0.0403360810078
0.0627195849334
0.0784953464706
0.0941121062326
0.0815175407972
0.0644625693572
0.0526676551856
0.0412146528607
0.0502410791878
0.0622845932153
0.0851360498108
0.107440865267
0.115307623172
0.109758345156
0.078389267914
0.0519738503591
0.0332172117449
0.0243848372193
0.0267956290992
0.0270121964807
0.0273457520296
0.0292897518365
0.0330031976766
0.0269174917737
0.0355284244108
0.0423095599759
0.0568980308849
0.0786529555296
0.0786148879512
0.0789486756195
0.0655003751047
0.06692465962
0.0753868037346
0.084132365612
0.0974441799314
0.0826553899976
0.0678666000638
0.0531165740664
0.0394883810322
0.0406204272481
0.0340352004396
0.0382428284396
0.0427331778443
0.0429251405715
0.0527981062773
0.0411241263027
0.0342967989809
0.0303333605687
0.0272496546064
0.0397469620215
0.0425904244256
0.0601890194535
0.0701172295716
0.070411324826
0.0755520727332
0.0659376880167
0.0611114618693
0.0630561580343
0.0649613939047
0.0668666297752
0.0717330125753
0.0774791278254
0.0831904251684
0.0742245819994
0.0594527367803
0.0517853694226
0.0445492798728
0.0626466994481
0.0836277380802
0.0813350949647
0.0783632705435
0.0540007167847
0.0310872843147
0.020050472038
0.0112798412675
0.0131850771379
0.0195539686843
0.0273719815196
0.0315649859985
0.035874978645
0.0416851588439
0.0478175207422
0.0552502154068
0.0773795486114
0.077643236227
0.0790090266585
0.0807745266622
0.0530297614184
0.0393767316106
0.0273798735785
0.030119114381
0.0476914799189
0.0676470151305
0.0796951715455
0.0622133325658
0.0448779609148
0.0238590868238
0.01540413841
0.0265115149781
0.0399558694634
0.0547393206514
0.0540684956435
0.0440857374711
0.0286191589479
0.0282496248951
0.0355776337193
0.051915124156
0.0712137615224
0.0717167642187
0.0742229571638
0.0677196684964
0.0759524786636
0.0803355889148
0.0824982451775
0.0888434605471
0.0763930412467
0.0737563972101
0.0696300109932
0.0806006692466
0.087721627584
0.0880920901143
0.0901695585647
0.077472164244
0.0697616226816
0.0667997793938
0.0686845887587
0.0558142655
0.0458472914454
0.0359775754109
0.0179031356543
0.0193910208796
0.0228229059118
0.0409908897786
0.0630710136746
0.0803439452124
0.0984966092001
0.0919264701513
0.0905755353601
0.0872812971202
0.0870707648425
0.0918617088442
0.0830425651233
0.0752665658959
0.061563398302
0.0528066946943
0.0540095373211
0.0540745307475
0.0482123558075
0.0423501808674
0.0431556351158
0.0459341040935
0.0496932774514
0.0583989147955
0.0474602890165
0.0365866566639
0.0455538925492
0.044628200462
0.0564421484227
0.0683368739276
0.0525457925113
0.0435671827764
0.0338597181885
0.0318472431645
0.0483797138803
0.0611801692056
0.0698403111512
0.0628681413364
0.042285883799
0.0285160979431
0.0177494726247
0.0167053996539
0.0235986488795
0.0227019717148
0.0248084550877
0.0261860836075
0.027402157039
0.0293586912923
0.0253089044708
0.0171188042695
0.00900948161243
0.00300316053748
0.0
0.0
0.0
0.0
0.0
0.0
0.0
0.0148944042517
0.0297888085034
0.0465492204503
0.0651756400924
0.0648868835838
0.0657338872011
0.0707054200804
0.0740479391513
0.0726405993507
0.0689617392983
0.0514357976364
0.0336728620876
0.0374719599789
0.0424068179961
0.0570642283609
0.0714846448388
0.0612224149329
0.0559066490132
0.0547154123554
0.0539981634714
0.0621689977641
0.0604469040844
0.0448777287953
0.0269685580372
0.0269569520682
0.0339948116676
0.0507552236145
0.0696994146878
0.0638012612439
0.0567002651732
0.0537237983644
0.0505857764671
0.0524492308491
0.0504093657383
0.0345224190181
0.0187162498421
0.022750948904
0.0297888085034
0.0448027542357
0.0616827076633
0.0596474849401
0.0594782699121
0.0669265165752
0.0706427478478
0.0696091202489
0.0648434772596
0.0465872880285
0.0323001080747
0.039574961561
0.0487158227425
0.0633732331073
0.075690648003
0.063325416515
0.0559066490132
0.0547154123554
0.0518951618893
0.0579629945999
0.0541378993381
0.0364657224668
0.0206595532908
0.022750948904
0.0297888085034
0.0465492204503
0.0654126339793
0.0594337029912
0.0535197654294
0.0517303571296
0.0457349456654
0.0447410104806
0.0436170884429
0.0286460847959
0.015778082731
0.00785654465231
0.0148944042517
0.0297888085034
0.0465492204503
0.0654126339793
0.0594337029912
0.0553207796983
0.0553323856672
0.0511379884719
0.0519450675559
0.0490201312495
0.0322481133336
0.0175790969998
0.00785654465231
0.0148944042517
0.0297888085034
0.0465492204503
0.0634291738778
0.0554667827883
0.0493703993939
0.0411106633786
0.032611844402
0.0291145017047
0.0218851436169
0.0133844676853
0.00500333323429
0.00156866276954
0.0148944042517
0.0297888085034
0.0465492204503
0.0651756400924
0.0540132512312
0.0447168700651
0.039545018161
0.0306411508664
0.0366316878235
0.0388902093901
0.0273016493474
0.0175790969998
0.0153379843867
0.0149628794688
0.0243103268983
0.0355237820232
0.0317743576792
0.0298909410305
0.0321320536437
0.0306411508664
0.0366316878235
0.0388902093901
0.0273016493474
0.0175790969998
0.00972255234753
0.00530067815997
0.0106013563199
0.0174706972495
0.0206080227885
0.0206080227885
0.0168760073981
0.0100066664686
0.00500333323429
0.00905010250391
0.016828887164
0.0336577743279
0.0523526691871
0.0669583169302
0.0778319492828
0.0786891661529
0.0807608316188
0.0685666721138
0.0691121526566
0.0821405492131
0.0871420254923
0.110498573859
0.113973865215
0.107501216306
0.10897819192
0.0954922880657
0.0892872728015
0.0683271249136
0.0562550602025
0.0550605738734
0.0555928236116
0.0707409343455
0.0592229385942
0.0517862979002
0.0446521087582
0.0525515954958
0.0751713969502
0.0795050657734
0.0830945598646
0.0573699295843
0.0334713824659
0.0224194824295
0.011948577201
0.0303171122121
0.0559512159342
0.0823907739046
0.1086713301
0.105718539468
0.0977494169162
0.0840933695564
0.0707792340432
0.0722787252375
0.0559988004071
0.0479407761329
0.0409553755134
0.0368923578872
0.0455914958887
0.0523043883561
0.0559252185636
0.053740046721
0.0524928692927
0.0370448603199
0.0306362763595
0.0271113114559
0.0240387472238
0.0321845126236
0.0256262116631
0.0338427734738
0.0486721842991
0.0675636842731
0.0938368126481
0.105335078252
0.105348309057
0.110837700273
0.119171250251
0.120091835711
0.124590541414
0.109193366585
0.0883708654896
0.0704830497144
0.0515316629404
0.037646745872
0.0288847035185
0.0217370514525
0.0165531293406
0.0211321483484
0.0202858410892
0.0223034227395
0.0242625103061
0.0168353865066
0.0122524214694
0.00939619249938
0.00838368776414
0.0115537421358
0.0147435266547
0.0144798390391
0.0107041852053
0.00923417317219
0.0185182520111
0.0298315184693
0.0428715209948
0.0519643334646
0.0395686943378
0.0373025128316
0.0350363313254
0.034714149626
0.0598814612751
0.0638825030269
0.0786179055033
0.108147900898
0.108109136962
0.120768463704
0.111959068997
0.0764835678049
0.0606873797622
0.0412661833632
0.0329147601928
0.0483458244509
0.0560677398629
0.0728657551493
0.0963351135342
0.107913228205
0.122097811393
0.123114030038
0.117123493081
0.0963035452985
0.0754232464773
0.0581934891442
0.0368784307244
0.0307695128835
0.0235088186795
0.0262076707099
0.0297349568072
0.0329184741028
0.0483052035593
0.0558353883635
0.0813775728111
0.106531653656
0.120931643628
0.12794977308
0.105437907137
0.0881081063516
0.0707783055657
0.07525008542
0.0973803471021
0.109856763773
0.113562549674
0.0895228739722
0.0674529633288
0.0505321568904
0.0407536637722
0.0576266536184
0.0696462593497
0.0810412318296
0.0940315608077
0.0803704068216
0.0588527081832
0.0376177309494
0.0159739914877
0.00620687221921
0.00473802078304
0.0180637622652
0.0319704985553
0.0487754774232
0.0795914141827
0.0828410855017
0.0859317550454
0.100899044782
0.0866585208239
0.0831871754971
0.0797355603176
0.051459938052
0.0378809543263
0.0263241946386
0.0295422977219
0.0458089917477
0.0621729437937
0.0805591198776
0.0693955704195
0.0521769548166
0.042281473531
0.0301267743205
0.0435010287531
0.0718119331645
0.0868481623573
0.102121385437
0.0987700458297
0.0849867970497
0.075547662465
0.0643075136115
0.0728290802873
0.0705420080369
0.0698235985561
0.070906203344
0.0600975644178
0.0605072551234
0.0658634098151
0.0790111157328
0.0921588216506
0.111903592465
0.121894706935
0.131132129779
0.125916871551
0.11369485772
0.108243766202
0.0809799523134
0.0681688194965
0.0587498792979
0.0453837490437
0.0471476242117
0.0563263208521
0.0513784641496
0.0482945260679
0.0445003026836
0.033291257827
0.0435509344197
0.0560331540752
0.0796246072539
0.0983626763179
0.100439216291
0.103256217085
0.0855812547817
0.0698760575359
0.055271106151
0.0477706326274
0.0489372646309
0.0530072458386
0.0638876096532
0.0500451704313
0.0393115060648
0.0359002796574
0.0305055931486
0.040240912062
0.0607296254893
0.0812891353274
0.0998651850641
0.12546795267
0.126388073892
0.119895230597
0.130160710174
0.136061416931
0.15271621456
0.154951292069
0.130913241204
0.0945531330546
0.0579388541845
0.0402160752884
0.0324614310438
0.0345460951949
0.0376123922037
0.031735129504
0.0304684540478
0.028430445892
0.0316835990017
0.046415287568
0.0549860635524
0.0694092654628
0.0744792169591
0.072917517771
0.0746732687607
0.0708135877113
0.0858454066359
0.0937813361162
0.0995165417554
0.112664711912
0.0965637511235
0.0861285922795
0.0805210522993
0.052745415178
0.0418371970378
0.0349063444726
0.0221892200046
0.0245296797124
0.0228684013103
0.0168502421469
0.0166768489701
0.030653685313
0.0613493842337
0.0921281818925
0.124462875755
0.142344888546
0.135523828447
0.12995644512
0.127323747112
0.11093240498
0.0996620806067
0.088844621144
0.0558005704566
0.0387755424166
0.0264578954014
0.0133911991473
0.025930984409
0.047708656753
0.0697451422057
0.0995761964362
0.107740763506
0.0895934382637
0.0712871112465
0.0529930865564
0.0505191582051
0.0629953427568
0.0862453483276
0.0873075266102
0.0786160485483
0.0745172845376
0.0508937988844
0.0419906279479
0.0486290100944
0.0476947295902
0.0583745422606
0.0691634510396
0.0588190508732
0.0641095157804
0.0620517774774
0.0599592212673
0.068265613278
0.0637806026191
0.0634393871306
0.0633808930468
0.0644163776007
0.0506967295308
0.0373965211804
0.023793861278
0.0153851046208
0.0236952105415
0.0318883282947
0.0505133552205
0.0551134970919
0.0557119008534
0.0563687986987
0.0465937873713
0.0448779609149
0.0456098333198
0.0537423679148
0.0510012701573
0.0524427315066
0.0579462820046
0.0515708911156
0.0561499101233
0.0513972658194
0.0373656493029
0.02488992899
0.0123919252167
0.0120827422026
0.0273151122715
0.0455086292701
0.0636436521849
0.0685039998812
0.0547595150376
0.0487132694293
0.0500091919274
0.0665228609734
0.088043112925
0.0940505945969
0.0901809324142
0.0665743914758
0.0458120092996
0.0331863398673
0.0215453208447
0.0203691719466
0.0192324833431
0.0321875301755
0.0433617571252
0.0555970017604
0.06924190739
0.0537569914357
0.0436412288586
0.0313375090062
0.0176043980123
0.0184507052715
0.0181591633303
0.0333813201465
0.0504309528408
0.0675980379413
0.0809813450297
0.0799449319983
0.0755509121363
0.0711174319798
0.072844168047
0.067157939597
0.0760302386559
0.0922841661158
0.101946135305
0.111539629277
0.0933495940696
0.0604554925016
0.0456903787445
0.040509706304
0.0608185272118
0.0884497860788
0.0864925554673
0.0878107614259
0.0750024140416
0.0636629180934
0.0670595209798
0.0724906502313
0.0740497961063
0.0730658420548
0.0795213141299
0.0637344108624
0.055469103982
0.0493917543768
0.0359137425814
0.0520945524367
0.0679849809476
0.0861592320377
0.107725675746
0.0997075760052
0.091400255517
0.075243353958
0.045262350608
0.0300364798818
0.0150782428006
0.00418209486812
0.00339567440893
0.00547314285927
0.00765970741816
0.0103105107369
0.0133032259023
0.0119975543902
0.0105827867696
0.00905892304036
0.0123225215221
0.0155912266302
0.0337438906179
0.0568325732197
0.070306871105
0.0851908299846
0.0704902454152
0.0509081902859
0.0361135973676
0.0213584647438
0.0213387345966
0.0164375338894
0.0263309261006
0.0361848580172
0.0460782502284
0.0612298427531
0.047153891435
0.0331174004115
0.0189869010392
0.00415749021385
0.00378076046023
0.018139433183
0.0403639353334
0.0628718552466
0.0865067147494
0.0809667215086
0.0647250963759
0.048560999116
0.0315673071923
0.0285994288006
0.0237147085695
0.0216748434587
0.0193376334222
0.0281871847819
0.043312779936
0.05263237304
0.0621889600309
0.0649734641125
0.0796345883874
0.0972568595919
0.117485599314
0.133693567136
0.122123112405
0.112497353839
0.0969476765779
0.0714500590512
0.0649098634024
0.0617646458044
0.0598988702285
0.0630995643583
0.0569883253236
0.0380822018287
0.0227781068715
0.0122904890477
0.00653578538056
0.00857425777506
0.0118921721917
0.0157497641667
0.0196816343433
0.0229343232142
0.0231065557941
0.0241954278053
0.0263550665161
0.0336243491372
0.0468208001248
0.0597630803913
0.0726018354144
0.0905813383447
0.106654444808
0.123533701877
0.13944571749
0.130634930067
0.117803370745
0.101085204525
0.0824033083511
0.0784575110117
0.0596980869649
0.0448252698156
0.033345573762
0.0267703280868
0.0398743955611
0.0569623279531
0.071052206434
0.0802763984729
0.0798277117115
0.0734518565837
0.0707476658076
0.0632362826732
0.060867504401
0.0497280953584
0.0345022246322
0.0269474351737
0.0260639888137
0.031848171642
0.0424994336287
0.0551401908206
0.0681871569275
0.0834566660971
0.0929589371531
0.0946977434282
0.0742684525622
0.0537196202155
0.0508292696967
0.0567761682104
0.0792049354151
0.101579154566
0.0992305706795
0.0821841876565
0.0821841876565
0.0821841876565
0.0821841876565
