0.0075
0.0075
0.0075
0.0075
0.07375
0.06625
-0.00125
-0.01875
-0.01
0.02875
0.115625
0.135625
0.108125
0.095
0.0475
0.02875
0.0275
-0.005
-0.035625
-0.063125
-0.09875
-0.1225
-0.12625
-0.165625
-0.19375
-0.218125
-0.230625
-0.151875
-0.04625
0.05375
0.121875
0.07375
-0.01375
-0.096875
-0.146875
-0.10875
-0.06
-0.018125
-0.019375
-0.049375
-0.081875
-0.0975
-0.065625
-0.030625
0.008125
0.00375
-0.025625
-0.065
-0.096875
-0.065625
-0.064375
-0.05
-0.044375
-0.06125
-0.0475
-0.04875
-0.060625
-0.086875
-0.11
-0.12125
-0.11
-0.089375
-0.076875
-0.068125
-0.066875
-0.070625
-0.065
-0.06375
-0.065625
-0.045625
-0.033125
-0.016875
-0.005
-0.025
-0.038125
-0.046875
-0.049375
-0.01875
-0.006875
0.025625
0.05625
0.058125
0.08875
0.065
0.04125
0.00625
-0.050625
-0.079375
-0.1
-0.07375
-0.036875
0.005625
0.06125
0.081875
0.10375
0.121875
0.09875
0.065625
0.01375
-0.038125
-0.071875
-0.07125
-0.02125
0.053125
0.128125
0.166875
0.15
0.081875
0.018125
0.00125
0.028125
0.076875
0.145625
0.16625
0.13875
0.123125
0.0625
0.01625
0.0175
0.031875
0.064375
0.105
0.123125
0.095625
0.074375
0.0525
0.005625
-0.01625
-0.035625
-0.055
-0.045
-0.030625
0.0025
0.03
0.05125
0.068125
0.034375
0.034375
0.031875
0.0425
0.080625
0.089375
0.10125
0.08
0.063125
0.035625
0.04
0.065
0.08125
0.108125
0.07875
0.053125
0.034375
-0.003125
-0.019375
-0.045625
-0.049375
-0.030625
-0.006875
0.053125
0.065
0.075625
0.0875
0.03875
0.006875
-0.0275
-0.059375
-0.05875
-0.0225
0.01375
0.04125
0.064375
0.02875
-0.00875
-0.025
-0.04
-0.02625
-0.01125
-0.031875
-0.051875
-0.06875
-0.086875
-0.08
-0.073125
-0.070625
-0.049375
-0.01375
0.02625
0.086875
0.13875
0.146875
0.146875
0.109375
0.043125
0.000625
-0.039375
-0.05875
-0.045
-0.03
-0.009375
0.036875
0.058125
0.07
0.07625
0.0275
-0.015
-0.019375
-0.0325
-0.02
0.000625
-0.011875
0.013125
0.05875
0.106875
0.1225
0.120625
0.083125
0.035
0.034375
-0.00625
-0.0325
-0.048125
-0.111875
-0.153125
-0.185
-0.221875
-0.19
-0.113125
-0.02
0.07375
0.13875
0.13875
0.090625
0.041875
-0.0225
-0.031875
-0.02875
-0.00875
0.03375
0.02125
0.029375
0.03125
0.045
0.090625
0.12
0.11625
0.06
0.0225
0.003125
0.005
0.065625
0.08
0.08625
0.09
0.026875
-0.015
-0.043125
-0.098125
-0.080625
-0.03625
-0.025
0.0675
0.09
0.0625
0.05
-0.025
-0.0375
-0.029375
-0.01875
0.004375
0.01
0.02625
0.045
0.0575
0.036875
0.0225
-0.004375
-0.020625
-0.00125
-0.006875
0.005
0.0125
-0.019375
-0.053125
-0.09375
-0.136875
-0.118125
-0.0475
0.024375
0.12375
0.165625
0.17
0.1725
0.141875
0.148125
0.126875
0.1225
0.106875
0.058125
0.035
-0.02375
-0.05625
-0.065625
-0.073125
-0.06
-0.055625
-0.05375
-0.0475
-0.03875
-0.040625
-0.044375
-0.0525
-0.0675
-0.0325
0.015
0.0875
0.1775
0.2275
0.2525
0.223125
0.16625
0.086875
0.01375
-0.025625
-0.059375
-0.065625
-0.06375
-0.04125
-0.01125
0.011875
0.05
0.03375
0.01875
0.01125
-0.0275
-0.045
-0.046875
-0.04875
-0.03625
-0.0075
0.01375
0.00625
0.02375
0.0325
0.00625
0.025
-0.00625
-0.016875
-0.005
-0.008125
0.01375
0.000625
-0.008125
-0.02375
-0.039375
-0.04
-0.016875
0.00625
0.054375
0.101875
0.12375
0.155
0.12375
0.10875
0.06375
0.005
0.010625
0.008125
0.063125
0.131875
0.156875
0.1475
0.0875
0.00625
-0.04125
-0.0325
-0.0025
0.05625
0.098125
0.084375
0.1
0.095
0.09
0.114375
0.11125
0.11375
0.089375
0.055
-0.004375
-0.035625
-0.0025
0.03
0.085
0.085
0.045
0.024375
0.03125
0.065625
0.08
0.07875
0.055
0.031875
0.033125
0.044375
0.02375
0.0025
-0.020625
-0.054375
-0.05875
-0.06375
-0.045625
-0.020625
0.010625
0.046875
0.0225
-0.006875
-0.046875
-0.065625
-0.039375
0.014375
0.089375
0.11125
0.125
0.09125
0.02125
-0.016875
-0.053125
-0.065
-0.056875
-0.0675
-0.075
-0.09125
-0.101875
-0.090625
-0.081875
-0.066875
-0.065
-0.06625
-0.069375
-0.06625
-0.0525
-0.055
-0.064375
-0.091875
-0.13125
-0.15875
-0.179375
-0.175
-0.1575
-0.125625
-0.06625
0.005625
0.07125
0.120625
0.145
0.12125
0.101875
0.071875
0.011875
-0.001875
-0.01625
-0.00375
0.06375
0.070625
0.089375
0.086875
0.026875
0.0125
-0.01625
-0.033125
-0.03875
-0.08375
-0.145625
-0.198125
-0.220625
-0.17625
-0.098125
-0.06125
-0.025625
-0.028125
-0.06625
-0.063125
-0.073125
-0.07875
-0.061875
-0.0625
-0.04
-0.016875
0.000625
0.016875
-0.001875
-0.023125
-0.0425
-0.05
-0.0275
-0.0125
0.005
0.000625
-0.008125
0.01875
0.065625
0.161875
0.218125
0.22125
0.178125
0.091875
0.05375
0.038125
0.035
0.048125
0.028125
0.0175
0.018125
-0.013125
-0.028125
-0.05
-0.06
-0.0575
-0.05875
-0.061875
-0.076875
-0.073125
-0.0675
-0.0725
-0.051875
-0.01125
0.04375
0.125625
0.1525
0.129375
0.0725
0.024375
0.0325
0.088125
0.165625
0.1825
0.145625
0.035
-0.080625
-0.15125
-0.190625
-0.1575
-0.12125
-0.1
-0.058125
-0.015
0.02625
0.081875
0.1125
0.095
0.084375
0.0725
0.035625
0.02
-0.00375
-0.01875
0.01625
0.053125
0.096875
0.109375
0.08625
0.060625
0.030625
0.014375
-0.010625
-0.035
-0.059375
-0.079375
-0.05
-0.01875
0.010625
0.040625
0.003125
-0.034375
-0.075625
-0.11875
-0.111875
-0.100625
-0.0825
-0.061875
-0.05625
-0.055
-0.028125
0.02125
0.070625
0.12
0.115625
0.056875
0.003125
-0.04875
-0.069375
-0.03375
0.024375
0.10125
0.17125
0.15625
0.11875
0.033125
-0.051875
-0.043125
-0.06625
-0.059375
-0.04875
-0.07625
-0.045
-0.01625
0.013125
0.0425
0.019375
-0.005625
-0.033125
-0.028125
0.020625
0.09
0.17375
0.225
0.258125
0.255625
0.23875
0.20125
0.12375
0.065625
-0.009375
-0.035625
0.010625
0.05
0.10625
0.10625
0.04625
0.0175
-0.01125
-0.00375
0.02625
0.00875
-0.011875
-0.050625
-0.081875
-0.118125
-0.15125
-0.195
-0.24625
-0.223125
-0.171875
-0.039375
0.095625
0.17125
0.191875
0.129375
0.07125
0.005
-0.030625
-0.05125
-0.08375
-0.0975
-0.11875
-0.0925
-0.055625
-0.02375
0.011875
-0.013125
-0.043125
-0.063125
-0.05375
-0.035625
0.003125
0.036875
0.04125
0.0725
0.065625
0.063125
0.030625
0.010625
0.010625
0.000625
0.050625
0.045625
0.05875
0.083125
0.0525
0.079375
0.070625
0.0325
0.01875
-0.02
-0.016875
0.03375
0.108125
0.1775
0.199375
0.193125
0.13625
0.059375
0.03
0.034375
0.07125
0.12625
0.145625
0.1125
0.07
0.03125
-0.01375
-0.0375
-0.05375
-0.066875
-0.065625
-0.048125
-0.0375
-0.03125
-0.018125
-0.03625
-0.045625
-0.084375
-0.131875
-0.165625
-0.21
-0.193125
-0.1525
-0.078125
0.003125
0.055
0.068125
0.0275
0.015
0.0025
0.009375
0.033125
0.0025
-0.02875
-0.0325
-0.025625
0.02125
0.095
0.114375
0.116875
0.08875
0.010625
-0.0375
-0.06625
-0.08125
-0.073125
-0.066875
-0.036875
-0.02625
-0.013125
-0.0025
-0.0225
0.004375
0.02875
0.043125
0.03
0.00375
-0.03
-0.044375
-0.026875
-0.06
-0.08125
-0.08125
-0.0925
-0.041875
0.00125
0.015
0.0425
0.04625
0.0575
0.04375
0.00875
-0.03125
-0.078125
-0.105
-0.140625
-0.17125
-0.2025
-0.228125
-0.200625
-0.170625
-0.1325
-0.093125
-0.07625
-0.06
-0.060625
-0.073125
-0.080625
-0.064375
-0.02375
0.038125
0.073125
0.071875
0.053125
0.02625
0.01125
0.006875
0.014375
0.01875
0.028125
0.010625
-0.028125
-0.06875
-0.116875
-0.128125
-0.110625
-0.09375
-0.068125
-0.035625
-0.005
0.03
0.058125
0.05375
0.02125
-0.015
-0.048125
-0.064375
-0.064375
-0.064375
-0.064375
-0.040625
-0.016875
0.013125
0.045
0.02875
0.036875
0.005
-0.02875
-0.045625
-0.115
-0.113125
-0.10875
-0.10625
-0.05125
-0.009375
0.03
0.054375
0.025625
-0.025625
-0.075
-0.06625
-0.009375
0.024375
0.05
0.036875
0.014375
0.010625
0.0175
0.055
0.05625
0.061875
0.078125
0.07
0.064375
0.05875
0.020625
-0.0575
-0.086875
-0.11625
-0.100625
-0.04
-0.009375
0.028125
0.008125
-0.0125
-0.03125
-0.056875
-0.0475
-0.049375
-0.01875
0.005
0.019375
0.038125
-0.003125
-0.036875
-0.0625
-0.063125
-0.03125
0.01875
0.088125
0.1075
0.121875
0.105
0.04125
0.0275
0.020625
0.01875
0.041875
0.0425
0.026875
0.024375
0.01625
-0.0175
-0.029375
-0.021875
-0.008125
0.02875
0.06
0.03625
0.0125
-0.018125
-0.053125
-0.05875
-0.07
-0.0675
-0.1025
-0.136875
-0.175625
-0.198125
-0.125
-0.031875
0.081875
0.1725
0.178125
0.144375
0.085625
-0.010625
-0.075625
-0.11625
-0.109375
-0.03
0.046875
0.133125
0.16375
0.113125
0.08375
0.0275
-0.015625
0.013125
0.01625
0.03
0.055625
0.055625
0.030625
0.0225
0.03625
0.05
0.095625
0.105625
0.06625
0.0125
-0.02
-0.024375
-0.008125
0.036875
0.033125
0.045
0.03625
0.03625
0.053125
-0.001875
0.015
0.00625
0.005625
0.1
0.115625
0.101875
0.103125
0.035625
0.028125
0.02625
-0.01125
-0.02625
-0.12
-0.154375
-0.16375
-0.185625
-0.14
-0.123125
-0.126875
-0.080625
-0.050625
-0.039375
-0.00125
-0.02375
-0.05125
-0.05
-0.07375
-0.1
-0.09375
-0.101875
-0.09
-0.033125
-0.00875
0.028125
0.0625
0.08125
0.0675
0.014375
-0.04375
-0.11
-0.12875
-0.10625
-0.08875
-0.06625
-0.03125
-0.016875
0.0075
0.060625
0.06125
0.074375
0.1075
0.100625
0.14875
0.183125
0.1625
0.163125
0.0875
0.025
-0.038125
-0.136875
-0.165625
-0.2125
-0.193125
-0.14875
-0.12125
-0.06875
-0.0575
-0.046875
-0.0475
-0.060625
-0.0675
-0.078125
-0.081875
-0.060625
-0.035
-1.04083408559e-17
0.0275
0.03
0.023125
0.00875
0.001875
-0.015625
0.000625
0.0175
0.06125
0.096875
0.103125
0.1175
0.0925
0.078125
0.02625
-0.038125
-0.09625
-0.119375
-0.0675
-0.00625
0.060625
0.10875
0.089375
0.065625
0.061875
0.029375
0.026875
0.023125
-0.019375
-0.048125
-0.076875
-0.075625
-0.048125
-0.00875
0.03125
0.035625
0.033125
0.04
0.075625
0.1025
0.121875
0.135
0.08875
0.060625
0.070625
0.051875
0.065625
0.079375
0.0625
0.064375
0.060625
0.043125
0.0025
-0.03625
-0.070625
-0.084375
-0.054375
-0.02875
-0.005
0.029375
-0.003125
-0.001875
0.03
0.019375
0.07875
0.10625
0.07375
0.074375
0.07625
0.06
0.080625
0.0875
0.044375
0.0175
-0.030625
-0.068125
-0.07875
-0.095
-0.08875
-0.07625
-0.06875
-0.01375
0.039375
0.053125
0.07
0.024375
-0.034375
-0.05375
-0.0575
-0.03625
-0.005625
0.014375
0.00625
-0.004375
-0.03875
-0.081875
-0.1125
-0.13625
-0.09
-0.036875
0.009375
0.074375
0.06
0.04625
0.00875
-0.051875
-0.07875
-0.101875
-0.05875
-0.040625
-0.02125
-0.00875
-0.03625
-0.036875
-0.04875
-0.055625
-0.05875
-0.068125
-0.070625
-0.050625
-0.025
-0.001875
0.02625
0.029375
0.05
0.084375
0.10125
0.115625
0.11
0.095625
0.108125
0.09625
0.05875
0.029375
-0.014375
-0.028125
-0.033125
-0.050625
-0.0825
-0.09375
-0.053125
-0.014375
0.04625
0.060625
0.01
-0.024375
-0.046875
-0.021875
0.02875
0.051875
0.02875
-0.049375
-0.12125
-0.125
-0.089375
-0.023125
0.053125
0.07
0.07625
0.088125
0.09625
0.1025
0.099375
0.113125
0.086875
0.07
0.0425
-0.01875
-0.05125
-0.079375
-0.07
-0.064375
-0.028125
-0.005625
0.00375
0.015
-0.033125
-0.041875
-0.06375
-0.073125
-0.04875
-0.05125
-0.044375
1.73472347598e-18
0.0625
0.110625
0.14625
0.119375
0.0425
-0.02
-0.035
-0.023125
0.04625
0.11125
0.11375
0.108125
0.035
-0.0275
-0.063125
-0.100625
-0.0925
-0.078125
-0.06875
-0.01375
0.039375
0.053125
0.07
0.024375
-0.034375
-0.05375
-0.0575
-0.04125
-0.018125
-0.005625
-0.02125
-0.039375
-0.056875
-0.0825
-0.101875
-0.086875
-0.043125
0.00625
0.06125
0.1
0.07875
0.063125
0.0175
-0.061875
-0.1075
-0.158125
-0.1425
-0.108125
-0.0725
-0.036875
-0.04125
-0.036875
-0.04375
-0.050625
-0.05375
-0.065625
-0.070625
-0.050625
-0.025
0.03
0.09
0.125
0.1775
0.18
0.171875
0.16125
0.130625
0.123125
0.12875
0.11
0.065625
0.041875
0.010625
-0.001875
-0.005625
-0.046875
-0.125625
-0.16125
-0.170625
-0.169375
-0.11875
-0.125625
-0.14625
-0.150625
-0.12875
-0.059375
0.01
0.051875
0.03625
-0.034375
-0.09875
-0.095
-0.066875
-0.00625
0.045625
0.038125
0.0275
0.01875
0.04375
0.066875
0.080625
0.0825
0.024375
-0.024375
-0.064375
-0.076875
-0.058125
-0.035
-0.013125
-0.025625
-0.00875
-0.005625
0.00375
0.015
-0.03375
-0.055625
-0.08625
-0.104375
-0.0925
-0.0825
-0.071875
-0.02375
0.051875
0.123125
0.19875
0.211875
0.17
0.0975
0.0475
0.024375
0.035625
0.065
0.044375
0.015625
-0.034375
-0.07375
-0.08625
-0.100625
-0.093125
-0.079375
-0.070625
-0.01625
0.0375
0.051875
0.069375
0.024375
-0.034375
-0.05375
-0.0575
-0.04125
-0.018125
-0.005625
-0.02125
-0.03125
-0.040625
-0.058125
-0.069375
-0.0625
-0.026875
0.014375
0.06125
0.1
0.060625
0.026875
-0.036875
-0.134375
-0.161875
-0.196875
-0.165625
-0.113125
-0.0775
-0.039375
-0.04125
-0.039375
-0.04875
-0.055625
-0.05875
-0.068125
-0.070625
-0.053125
-0.0075
0.045
0.1025
0.14
0.1225
0.1025
0.065
0.001875
-0.00375
0.013125
0.056875
0.1175
0.123125
0.10875
0.08
0.049375
0.04125
0.00125
-0.053125
-0.061875
-0.040625
0.001875
0.06625
0.068125
0.0125
-0.025
-0.050625
-0.049375
-0.018125
0.000625
-0.019375
-0.048125
-0.07
-0.059375
-0.02875
0.01375
0.061875
0.069375
0.0825
0.0925
0.100625
0.1025
0.090625
0.074375
0.018125
-0.02
-0.0225
-0.02
0.01125
0.038125
0.039375
0.03625
0.06375
0.08625
0.083125
0.081875
0.02125
-0.023125
-0.04875
-0.07875
-0.08
-0.070625
-0.056875
-0.009375
0.06625
0.10375
0.14375
0.154375
0.11
0.115
0.119375
0.12375
0.15625
0.13375
0.1075
0.04375
-0.014375
-0.045625
-0.0875
-0.08375
-0.07375
-0.08
-0.03625
0.005625
0.008125
0.03625
0.001875
-0.045625
-0.05375
-0.07625
-0.109375
-0.135625
-0.1725
-0.176875
-0.11
-0.043125
0.015
0.01375
-0.02125
-0.02625
-0.024375
0.0075
0.060625
0.053125
0.04625
0.00875
-0.054375
-0.08375
-0.109375
-0.06875
-0.04625
-0.024375
-0.01125
-0.031875
-0.03875
-0.048125
-0.05375
-0.065625
-0.068125
-0.045625
-0.0175
0.0175
0.05
0.0575
0.0825
0.1025
0.1125
0.12
0.1075
0.095625
0.108125
0.09625
0.05875
0.029375
-0.014375
-0.028125
-0.021875
-0.028125
-0.04875
-0.04875
-0.019375
0.043125
0.1275
0.165625
0.15
0.080625
0.023125
0.013125
0.02875
0.051875
0.03625
-0.034375
-0.09875
-0.095
-0.066875
-0.008125
0.041875
0.015625
-0.00125
-0.0125
0.01
0.061875
0.079375
0.10375
0.069375
0.0325
-0.0025
-0.05125
-0.07125
-0.089375
-0.07
-0.064375
-0.028125
-0.005625
0.00375
0.015
-0.03375
-0.055625
-0.08625
-0.104375
-0.0925
-0.0825
-0.071875
-0.02375
0.051875
0.123125
0.18625
0.186875
0.1325
0.0475
0.01
-0.000625
0.04625
0.11125
0.11375
0.108125
0.035
-0.0275
-0.063125
-0.100625
-0.0925
-0.078125
-0.06875
-0.01375
0.039375
0.053125
0.07
0.024375
-0.034375
-0.03125
-0.0125
0.02625
0.071875
0.061875
0.02375
-0.006875
-0.05625
-0.091875
-0.1175
-0.14125
-0.0975
-0.046875
0.0025
0.070625
0.060625
0.05125
0.014375
-0.045625
-0.074375
-0.101875
-0.0625
-0.048125
-0.03125
-0.01375
-0.03
0.00375
0.030625
0.055
0.07125
0.035
-0.000625
-0.01125
0.01125
0.08625
0.153125
0.195
0.1825
0.12
0.0675
0.004375
-0.00125
0.01625
0.060625
0.096875
0.103125
0.1175
0.0925
0.078125
0.02625
-0.038125
-0.09625
-0.119375
-0.0675
-0.0175
0.038125
0.0525
-0.000625
-0.035625
-0.050625
-0.049375
-0.018125
0.000625
-0.019375
-0.048125
-0.076875
-0.103125
-0.103125
-0.09125
-0.079375
-0.048125
-0.02375
0.01
0.07375
0.10125
0.103125
0.10125
0.04
-0.003125
-0.020625
-0.071875
-0.091875
-0.111875
-0.083125
-0.033125
0.011875
0.043125
0.0025
-0.03875
-0.075625
-0.091875
-0.089375
-0.094375
-0.10125
-0.0975
-0.089375
-0.03375
0.05
0.100625
0.14125
0.141875
0.0875
0.0475
0.055
0.056875
0.11625
0.173125
0.169375
0.155
0.085625
0.023125
-0.01625
-0.045
-0.053125
-0.053125
-0.05625
-0.044375
-0.021875
-0.03875
-0.0525
-0.0675
-0.095625
-0.084375
-0.074375
-0.075
-0.06875
-0.05
-0.025625
0.00625
0.019375
-0.0225
-0.07125
-0.118125
-0.0975
-0.046875
0.001875
0.069375
0.05875
0.050625
0.066875
0.0575
0.0775
0.095
0.0775
0.04
0.00875
-0.0325
-0.063125
-0.069375
-0.08875
-0.085625
-0.07875
-0.078125
-0.068125
-0.045625
-0.0175
0.0175
0.0525
0.0625
0.09
0.1125
0.12
0.125
0.11
0.095625
0.108125
0.095625
0.0575
0.0275
-0.016875
-0.03
-0.034375
-0.05125
-0.07125
-0.07125
-0.019375
0.043125
0.105
0.120625
0.07125
0.013125
-0.021875
-0.009375
0.02875
0.051875
0.03625
-0.034375
-0.09875
-0.095
-0.066875
-0.008125
0.041875
0.0325
0.02
0.013125
0.04
0.065
0.080625
0.0875
0.035
-0.008125
-0.050625
-0.075625
-0.070625
-0.06125
-0.036875
-0.041875
-0.016875
-0.005625
0.00375
0.0275
-0.00375
0.004375
0.00375
-0.009375
0.0025
-0.0125
-0.026875
-0.016875
0.015625
0.05625
0.08875
0.11
0.08125
0.044375
0.055
0.066875
0.13625
0.17875
0.15875
0.130625
0.035
-0.0275
-0.063125
-0.100625
-0.093125
-0.079375
-0.070625
-0.01875
0.0325
0.044375
0.059375
0.016875
-0.039375
-0.05625
-0.1075
-0.14125
-0.16125
-0.194375
-0.1575
-0.115625
-0.0875
-0.05625
-0.05875
-0.03125
0.003125
0.028125
0.074375
0.090625
0.10625
0.12125
0.0525
-0.01625
-0.08125
-0.12625
-0.075
-0.05125
-0.02625
-0.01375
-0.04125
-0.036875
-0.04375
-0.050625
-0.05375
-0.06375
-0.066875
-0.045
-0.0175
0.035625
0.09375
0.126875
0.1775
0.18
0.165
0.15
0.115
0.103125
0.118125
0.10375
0.06375
0.031875
-0.014375
-0.028125
-0.033125
-0.050625
-0.07125
-0.07125
-0.019375
0.030625
0.08
0.083125
0.02125
-0.024375
-0.046875
-0.021875
0.02875
0.051875
0.03625
-0.034375
-0.09875
-0.095
-0.07125
-0.016875
0.02875
0.015
0.006875
0.004375
0.035625
0.065
0.080625
0.0875
0.035
-0.008125
-0.0425
-0.059375
-0.04625
-0.02875
-0.0125
-0.02375
-0.005
0.0
0.01125
0.020625
-0.0375
-0.05625
-0.08375
-0.096875
-0.06
-0.05
-0.039375
0.00875
0.066875
0.133125
0.20375
0.211875
0.17
0.0975
0.0475
0.024375
0.05875
0.11125
0.13875
0.158125
0.11
0.0725
0.011875
-0.050625
-0.0675
-0.078125
-0.06875
-0.01375
0.039375
0.053125
0.07
0.024375
-0.034375
-0.05375
-0.0575
-0.04125
-0.018125
-0.005625
-0.02125
-0.029375
-0.05625
-0.091875
-0.115
-0.13625
-0.09
-0.0375
0.008125
0.049375
0.0125
-0.020625
-0.0775
-0.11125
-0.11375
-0.116875
-0.05375
-0.03875
-0.02125
-0.00625
-0.03125
-0.00625
0.0075
0.02125
0.03875
0.00375
-0.021875
-0.0225
-0.0175
0.04
0.085
0.105
0.114375
0.07375
0.043125
0.001875
-0.003125
0.015
0.06
0.096875
0.103125
0.1175
0.0925
0.08625
0.0425
-0.009375
-0.055
-0.081875
-0.03375
0.00375
0.046875
0.056875
-0.000625
-0.035625
-0.050625
-0.02625
0.028125
0.07
0.078125
0.03125
-0.015625
-0.0325
-0.033125
-0.00375
0.02625
0.020625
0.013125
0.025
0.065625
0.0975
0.121875
0.1375
0.094375
0.069375
0.0825
0.061875
0.0725
0.07875
0.054375
0.05125
0.025
-0.00625
-0.060625
-0.113125
-0.125
-0.116875
-0.0725
-0.01375
0.025
0.066875
0.056875
0.02
0.01125
-0.03625
-0.02125
0.026875
0.02
0.04625
0.07375
0.06
0.080625
0.0875
0.044375
0.0175
-0.030625
-0.068125
-0.07875
-0.095
-0.08875
-0.07625
-0.06875
-0.01375
0.039375
0.053125
0.07
0.024375
-0.034375
-0.05375
-0.07
-0.06625
-0.055625
-0.055625
-0.05875
-0.054375
-0.05
-0.054375
-0.05875
-0.06125
-0.03375
0.000625
0.028125
0.074375
0.06
0.04625
0.00875
-0.051875
-0.07875
-0.101875
-0.05875
-0.040625
-0.02125
-0.00875
-0.055625
-0.075625
-0.106875
-0.133125
-0.116875
-0.106875
-0.09
-0.053125
-0.0075
0.0675
0.1475
0.2075
0.2125
0.17
0.11
0.036875
0.02125
0.050625
0.106875
0.15375
0.14125
0.085625
0.015625
-0.04125
-0.066875
-0.078125
-0.10375
-0.085
-0.065625
-0.048125
-0.00875
-0.031875
-0.0625
-0.0775
-0.1
-0.1025
-0.093125
-0.06125
-0.02875
0.01375
0.061875
0.056875
0.0575
0.055
0.050625
0.081875
0.099375
0.1125
0.085625
0.030625
0.01125
-0.003125
0.01125
0.038125
0.039375
0.03625
0.06375
0.08625
0.083125
0.081875
0.02125
-0.023125
-0.04875
-0.07875
-0.08
-0.070625
-0.056875
-0.009375
0.06625
0.10875
0.15375
0.166875
0.125
0.0975
0.0925
0.081875
0.12875
0.17125
0.16375
0.15
0.06875
-0.001875
-0.045625
-0.0875
-0.08375
-0.07375
-0.08
-0.03625
0.005625
0.008125
0.03625
0.001875
-0.045625
-0.05375
-0.0775
-0.111875
-0.139375
-0.1775
-0.180625
-0.1125
-0.044375
0.015
0.01375
-0.02125
-0.02625
-0.024375
0.0075
0.060625
0.053125
0.04625
0.00875
-0.054375
-0.08375
-0.109375
-0.06875
-0.048125
-0.02625
-0.00875
-0.03125
-0.016875
-0.01375
-0.010625
-0.00375
-0.03125
-0.048125
-0.04
-0.02625
0.013125
0.0475
0.056875
0.08375
0.1025
0.1125
0.12
0.1075
0.095625
0.108125
0.09625
0.05875
0.029375
-0.014375
-0.029375
-0.035625
-0.054375
-0.0875
-0.0975
-0.055625
0.019375
0.11625
0.165625
0.15
0.080625
0.023125
0.013125
0.02875
0.051875
0.043125
-0.020625
-0.078125
-0.0675
-0.04625
0.005625
0.0675
0.07
0.07625
0.088125
0.09625
0.1025
0.08125
0.076875
0.0325
-0.0025
-0.011875
-0.055
-0.069375
-0.079375
-0.07
-0.064375
-0.028125
-0.005625
0.00375
0.015
-0.02875
-0.033125
-0.04625
-0.046875
-0.0225
-0.025
-0.026875
0.00875
0.066875
0.10125
0.14
0.11625
0.0425
0.001875
-0.01625
-0.0075
0.05875
0.11125
0.11375
0.108125
0.035
-0.0275
-0.063125
-0.100625
-0.0925
-0.078125
-0.06875
-0.01375
0.039375
0.053125
0.07
0.024375
-0.034375
-0.05375
-0.0575
-0.04125
-0.01125
0.03125
0.04375
0.06125
0.065
0.020625
-0.0075
-0.005625
0.003125
0.028125
0.074375
0.06
0.04625
0.00875
-0.051875
-0.07875
-0.101875
-0.05875
-0.040625
-0.02125
-0.00625
-0.03125
-0.029375
-0.03875
-0.048125
-0.053125
-0.064375
-0.06875
-0.048125
-0.023125
0.03125
0.090625
0.125
0.1775
0.181875
0.16875
0.153125
0.1175
0.10125
0.111875
0.098125
0.05875
0.029375
-0.014375
-0.028125
-0.033125
-0.050625
-0.0825
-0.09375
-0.053125
0.020625
0.11625
0.165625
0.15
0.080625
0.023125
0.013125
0.02875
0.051875
0.043125
-0.020625
-0.078125
-0.0675
-0.04625
0.005625
0.04875
0.015625
-0.01375
-0.0375
-0.0275
0.011875
0.041875
0.063125
0.025
-0.015625
-0.0475
-0.074375
-0.07125
-0.06625
-0.0625
-0.063125
-0.03375
-0.018125
0.00375
0.015
-0.04125
-0.058125
-0.08375
-0.096875
-0.06
-0.05
-0.039375
0.00875
0.066875
0.110625
0.15875
0.144375
0.08
0.03
0.0025
0.001875
0.05875
0.11125
0.115625
0.111875
0.040625
-0.02
-0.0575
-0.096875
-0.090625
-0.078125
-0.06875
-0.01375
0.039375
0.053125
0.07
0.024375
-0.034375
-0.05375
-0.0575
-0.04125
-0.018125
-0.005625
-0.02125
-0.029375
-0.05625
-0.091875
-0.115
-0.13625
-0.09
-0.0375
0.008125
0.049375
0.0125
-0.020625
-0.0775
-0.11125
-0.11375
-0.116875
-0.05375
-0.03875
-0.02125
-0.00875
-0.033125
-0.0075
0.006875
0.02375
0.065625
0.055
0.05375
0.08
0.06
0.0925
0.1125
0.105
0.114375
0.07625
0.048125
-0.009375
-0.030625
-0.03375
-0.0225
-0.00125
-0.010625
-0.009375
-0.0225
0.0075
-6.93889390391e-18
-0.02
-0.04625
-0.09875
-0.07625
-0.055625
-0.029375
0.024375
0.010625
0.015
0.039375
0.018125
0.026875
0.023125
-0.014375
-0.038125
-0.061875
-0.083125
-0.088125
-0.08125
-0.074375
-0.048125
-0.02375
-0.006875
0.04
0.050625
0.05375
0.086875
0.060625
0.0525
0.0825
0.061875
0.0725
0.083125
0.063125
0.064375
0.060625
0.043125
0.0025
-0.03625
-0.070625
-0.084375
-0.079375
-0.07875
-0.08
-0.070625
-0.056875
-0.011875
0.06125
0.10125
0.13125
0.134375
0.0825
0.0675
0.1
0.111875
0.18125
0.20125
0.18125
0.175625
0.1025
0.0625
0.004375
-0.055625
-0.07
-0.090625
-0.09375
-0.05125
-0.010625
0.015625
0.045
0.009375
-0.03875
-0.06
-0.065625
-0.04625
-0.02125
-0.006875
-0.020625
-0.029375
-0.05625
-0.091875
-0.1225
-0.15125
-0.1125
-0.0625
-0.004375
0.0725
0.07
0.06375
0.02625
-0.034375
-0.06125
-0.08875
-0.05
-0.03625
-0.02125
-0.01875
-0.056875
-0.068125
-0.090625
-0.0925
-0.089375
-0.0925
-0.08875
-0.06375
-0.01125
0.0125
0.04125
0.040625
-0.015
0.020625
0.05125
0.079375
0.165
0.171875
0.174375
0.181875
0.13625
0.11125
0.0825
0.02375
-0.018125
-0.06625
-0.091875
-0.065
-0.04
-0.009375
0.005
-0.033125
-0.053125
-0.053125
-0.05125
-0.019375
3.46944695195e-18
-0.019375
-0.04375
-0.073125
-0.07
-0.040625
-0.00125
0.04125
0.02625
0.016875
0.004375
-0.0025
0.035
0.04
0.06625
0.08
0.05
0.070625
0.043125
0.04875
0.089375
0.099375
0.159375
0.195
0.226875
0.233125
0.189375
0.11375
0.035625
-0.014375
-0.0375
-0.026875
-0.0225
0.0
0.04125
0.100625
0.166875
0.2125
0.210625
0.16375
0.139375
0.094375
0.105625
0.135
0.114375
0.1125
0.04375
-0.014375
-0.045625
-0.0875
-0.08375
-0.07375
-0.06875
-0.04375
-0.020625
-0.036875
-0.05125
-0.06625
-0.094375
-0.085625
-0.05875
-0.045625
-0.025625
-0.013125
-0.03
-0.0375
-0.0525
-0.075
-0.09125
-0.093125
-0.05
-0.00125
0.053125
0.10125
0.08125
0.065
0.01875
-0.06125
-0.1075
-0.158125
-0.1425
-0.118125
-0.0925
-0.07125
-0.09
-0.08
-0.08125
-0.07875
-0.071875
-0.08375
-0.08875
-0.063125
-0.010625
0.04375
0.090625
0.105
0.065
0.055
0.060625
0.04625
0.089375
0.078125
0.063125
0.06625
0.039375
0.045625
0.049375
0.061875
0.046875
0.019375
-0.01625
-0.03125
-0.0175
0.001875
0.031875
0.006875
-0.020625
-0.028125
-0.038125
-0.018125
0.000625
-0.0125
-0.03375
-0.048125
-0.03
0.000625
0.041875
0.07
0.0575
0.045
0.03
0.050625
0.081875
0.105625
0.150625
0.136875
0.09625
0.09375
0.045
0.0275
0.045
0.031875
0.04
0.04375
0.04375
0.014375
-0.013125
-0.0375
-0.070625
-0.0725
-0.07875
-0.08625
-0.070625
-0.056875
-0.011875
0.06125
0.12375
0.18875
0.226875
0.210625
0.16375
0.136875
0.089375
0.070625
0.07
0.024375
-0.006875
-0.043125
-0.06875
-0.07
-0.073125
-0.071875
-0.064375
-0.061875
-0.01375
0.039375
0.065625
0.091875
0.05125
0.016875
-0.008125
-0.030625
-0.0175
-0.029375
-0.03375
-0.05625
-0.091875
-0.115
-0.13625
-0.09
-0.036875
0.009375
0.074375
0.06
0.050625
0.0175
-0.03875
-0.06125
-0.09125
-0.055
-0.041875
-0.041875
-0.035
-0.061875
-0.0725
-0.065
-0.06875
-0.07875
-0.079375
-0.05875
-0.00375
0.080625
0.165
0.2175
0.215
0.1875
0.153125
0.09875
0.101875
0.078125
0.065
0.07
0.045
0.053125
0.055
0.053125
0.01375
-0.038125
-0.09625
-0.119375
-0.0675
-0.0175
0.038125
0.0525
-0.000625
-0.035625
-0.050625
-0.049375
-0.018125
0.000625
-0.019375
-0.048125
-0.07
-0.059375
-0.0225
0.02625
0.061875
0.056875
0.045
0.0425
0.075625
0.119375
0.15625
0.189375
0.16375
0.1225
0.118125
0.078125
0.071875
0.078125
0.054375
0.078125
0.1225
0.161875
0.178125
0.145
0.06375
0.005
-0.036875
-0.053125
-0.03375
-0.033125
0.000625
0.06375
0.1
0.143125
0.159375
0.120625
0.09625
0.094375
0.071875
0.105625
0.135
0.114375
0.1125
0.04375
-0.014375
-0.045625
-0.0875
-0.08375
-0.090625
-0.1025
-0.089375
-0.078125
-0.0725
-0.065
-0.07
-0.088125
-0.08375
-0.06125
-0.04375
-0.019375
-0.005625
-0.02125
-0.039375
-0.056875
-0.07875
-0.075625
-0.056875
-0.03875
-0.015625
-0.021875
-0.033125
-0.045
-0.06375
-0.0675
-0.073125
-0.048125
-0.01625
0.016875
0.04875
0.0275
0.00125
-0.005
0.01375
0.05375
0.08625
0.11
0.078125
0.045625
0.058125
0.0575
0.08875
0.1125
0.10125
0.065625
0.033125
0.048125
0.03625
0.0575
0.074375
0.024375
0.02
0.009375
-0.005625
0.00875
-0.0125
-0.040625
-0.0375
-0.028125
0.000625
0.036875
0.04875
0.05
0.04875
0.04875
0.04625
0.048125
0.049375
0.04625
0.015625
-0.025
-0.064375
-0.09625
-0.110625
-0.1025
-0.09625
-0.07
0.00125
0.074375
0.164375
0.21875
0.240625
0.235625
0.215
0.188125
0.129375
0.07625
0.023125
-0.015625
0.004375
0.05875
0.08625
0.14375
0.11125
0.005
-0.061875
-0.183125
-0.208125
-0.16125
-0.125
-0.063125
-0.04125
-0.045
-0.050625
-0.061875
-0.064375
-0.073125
-0.08625
-0.055
-0.003125
0.059375
0.15125
0.17625
0.146875
0.113125
0.054375
0.025
0.051875
0.093125
0.136875
0.1825
0.17625
0.143125
0.0825
0.018125
-0.023125
-0.059375
-0.094375
-0.098125
-0.073125
-0.0375
0.033125
0.071875
0.05625
0.0375
0.015625
-0.00125
0.036875
0.071875
0.105
0.110625
0.061875
0.02375
-0.020625
-0.0525
-0.05375
-0.066875
-0.0825
-0.07125
-0.086875
-0.070625
-0.05625
-0.05875
0.010625
0.029375
0.059375
0.0875
0.066875
0.055
0.034375
0.025
-0.011875
-0.02625
-0.03875
-0.058125
-0.048125
-0.016875
0.02875
0.066875
0.10125
0.06875
0.03
0.001875
0.000625
0.071875
0.1125
0.151875
0.16875
0.123125
0.101875
0.075
0.0225
0.0025
-0.02125
-0.0425
-0.0475
-0.055625
-0.06625
-0.07125
-0.06875
-0.0825
-0.091875
-0.1025
-0.086875
-0.05
-0.006875
0.025625
0.008125
0.011875
0.006875
0.016875
0.075625
0.10875
0.145
0.148125
0.125625
0.070625
0.0125
0.00375
-0.028125
-0.04875
-0.0625
-0.105625
-0.1275
-0.1075
-0.09375
-0.066875
-0.03625
-0.01375
0.00625
0.039375
0.09375
0.11875
0.146875
0.131875
0.09125
0.066875
0.074375
0.1
0.100625
0.099375
0.041875
0.018125
0.049375
0.043125
0.050625
0.02625
-0.050625
-0.05875
-0.02
-0.00125
0.044375
0.065
0.025625
0.00625
-0.014375
-0.043125
-0.019375
0.005
0.024375
0.0475
0.02
-0.00375
-0.004375
0.005625
0.036875
0.09375
0.115
0.105
0.121875
0.081875
0.04875
0.015
-0.06875
-0.119375
-0.1475
-0.1075
-0.028125
0.073125
0.17625
0.2075
0.205625
0.1675
0.1
0.05125
0.0275
-0.0025
-0.040625
-0.1075
-0.195
-0.240625
-0.241875
-0.151875
-0.01
0.079375
0.175
0.1875
0.1375
0.12
0.045625
-0.005625
-0.034375
-0.073125
-0.090625
-0.1
-0.106875
-0.07875
-0.0325
0.00125
0.0375
0.04125
0.033125
0.030625
0.048125
0.043125
0.04
0.0675
0.0725
0.069375
0.06625
0.01
-0.069375
-0.08
-0.06125
0.00375
0.088125
0.13875
0.136875
0.08625
0.039375
-0.046875
-0.11625
-0.134375
-0.123125
-0.044375
0.0675
0.12375
0.148125
0.145625
0.08875
0.089375
0.071875
0.05125
0.065
0.030625
0.009375
0.009375
0.009375
0.009375
