1.0125
1.0125
1.0125
1.0125
1.025
1.07125
1.17875
1.239375
1.27125
1.29375
1.245
1.1875
1.1
1.0125
0.946875
0.9125
0.945
0.968125
1.000625
1.029375
1.029375
1.008125
0.94375
0.898125
0.814375
0.77375
0.77
0.725
0.74875
0.775
0.8075
0.89
0.92125
0.965
1.00375
1.03
1.085
1.0975
1.131875
1.12375
1.076875
1.036875
0.978125
0.959375
0.974375
0.999375
1.016875
1.036875
1.084375
1.13
1.17875
1.185
1.1175
1.041875
0.934375
0.843125
0.798125
0.769375
0.798125
0.85375
0.903125
0.9475
0.9675
0.970625
0.97375
0.943125
0.911875
0.881875
0.851875
0.88625
0.918125
0.95125
1.011875
1.005
1.014375
1.006875
0.97
1.000625
1.0075
1.039375
1.0475
1.01375
0.995625
0.95875
0.94875
0.9225
0.886875
0.903125
0.94125
1.03625
1.134375
1.165
1.181875
1.158125
1.13125
1.150625
1.126875
1.119375
1.084375
0.979375
0.9325
0.8775
0.908125
1.013125
1.063125
1.09875
1.051875
0.9475
0.91375
0.88125
0.84875
0.885
0.85375
0.878125
0.98875
1.084375
1.226875
1.30875
1.31
1.26125
1.20125
1.1625
1.14875
1.163125
1.169375
1.1325
1.060625
1.01125
0.9525
0.9675
1.014375
1.044375
1.07875
1.0825
1.136875
1.185625
1.24875
1.30375
1.308125
1.279375
1.238125
1.206875
1.150625
1.141875
1.131875
1.111875
1.141875
1.13375
1.13625
1.165
1.11
1.094375
1.069375
1.023125
1.0625
1.08625
1.11625
1.151875
1.164375
1.16125
1.148125
1.076875
1.005
0.99125
0.96375
1.013125
1.060625
1.034375
1.0625
1.069375
1.071875
1.118125
1.149375
1.18375
1.189375
1.17
1.10375
1.044375
1.016875
1.033125
1.105625
1.151875
1.256875
1.325
1.34625
1.353125
1.268125
1.148125
1.061875
1.02125
1.028125
1.09
1.121875
1.130625
1.110625
1.089375
1.075
1.0675
1.0825
1.07
1.06125
1.081875
1.06875
1.060625
1.088125
1.065625
1.0925
1.143125
1.13125
1.138125
1.105625
1.061875
1.080625
1.085
1.11625
1.118125
1.07
1.044375
1.033125
1.074375
1.12125
1.12625
1.0525
0.93125
0.79625
0.726875
0.7475
0.789375
0.870625
0.900625
0.91
0.934375
0.94625
0.98125
0.946875
0.8825
0.805625
0.725
0.71
0.71
0.7625
0.81125
0.8475
0.93
0.96
1.018125
1.0975
1.09875
1.125
1.143125
1.136875
1.194375
1.239375
1.268125
1.296875
1.25125
1.2025
1.15375
1.10625
1.125
1.135625
1.11875
1.10875
1.060625
1.031875
1.06375
1.1
1.18375
1.253125
1.2675
1.24875
1.196875
1.1575
1.143125
1.166875
1.159375
1.128125
1.079375
1.0125
1.008125
1.035625
1.079375
1.13375
1.138125
1.128125
1.12875
1.1475
1.185
1.225625
1.250625
1.2225
1.19125
1.156875
1.1475
1.141875
1.134375
1.126875
1.07875
1.101875
1.15125
1.194375
1.269375
1.27
1.20875
1.179375
1.109375
1.094375
1.115
1.0825
1.079375
1.054375
1.066875
1.10875
1.13375
1.134375
1.088125
1.07125
1.09375
1.148125
1.1975
1.1825
1.136875
1.08375
1.069375
1.1025
1.17
1.213125
1.27
1.3125
1.284375
1.260625
1.153125
1.0425
1.016875
1.016875
1.099375
1.175
1.176875
1.16125
1.10125
1.059375
1.02875
1.010625
1.030625
1.033125
1.103125
1.18875
1.254375
1.34375
1.35625
1.346875
1.300625
1.20625
1.1475
1.061875
1.02
1.0375
1.075625
1.125
1.15875
1.188125
1.186875
1.225
1.288125
1.335625
1.365625
1.371875
1.31375
1.244375
1.215625
1.1725
1.20875
1.223125
1.165
1.123125
1.028125
0.965625
0.983125
1.03
1.09625
1.185625
1.258125
1.299375
1.30375
1.26125
1.205625
1.13125
1.12125
1.1025
1.09
1.09625
1.061875
1.07
1.078125
1.105
1.155
1.19
1.2075
1.175
1.105625
1.03625
0.9925
0.989375
1.019375
1.05375
1.09875
1.15625
1.21875
1.285
1.329375
1.351875
1.32625
1.3075
1.260625
1.195
1.215625
1.198125
1.23125
1.276875
1.248125
1.244375
1.1775
1.138125
1.09
1.065
1.080625
1.073125
1.116875
1.116875
1.104375
1.0725
1.051875
1.05
1.119375
1.211875
1.25375
1.268125
1.201875
1.10625
1.0425
1.02125
1.025
1.0625
1.06125
1.070625
1.049375
1.035
1.055625
1.01
1.014375
1.010625
0.995625
1.0675
1.121875
1.146875
1.1975
1.15125
1.113125
1.105625
1.028125
1.01875
0.975
0.9525
1.000625
1.045625
1.13875
1.20125
1.26125
1.273125
1.233125
1.171875
1.07
1.029375
0.9925
0.98375
0.985625
0.96
0.943125
0.94625
0.95125
0.95
1.014375
1.0275
1.06125
1.104375
1.08125
1.131875
1.186875
1.220625
1.2275
1.169375
1.070625
0.985625
0.940625
0.933125
0.950625
1.023125
1.1325
1.223125
1.276875
1.248125
1.179375
1.091875
1.044375
1.03875
1.039375
1.050625
1.101875
1.143125
1.184375
1.235625
1.198125
1.1575
1.11375
1.093125
1.124375
1.18375
1.24
1.24625
1.23
1.13625
1.0425
0.9675
0.933125
1.00375
1.06
1.135
1.155
1.1225
1.15
1.165
1.226875
1.255625
1.241875
1.225
1.215625
1.2475
1.260625
1.27375
1.21375
1.139375
1.09875
1.08625
1.12375
1.18
1.203125
1.195625
1.195625
1.18
1.19875
1.195625
1.1875
1.1775
1.135
1.121875
1.10875
1.1275
1.159375
1.220625
1.2725
1.26625
1.25625
1.19625
1.10875
1.050625
1.025625
1.034375
1.099375
1.153125
1.1675
1.1375
1.10875
1.10625
1.089375
1.11
1.075625
1.015
0.981875
0.965625
1.0
1.060625
1.16375
1.22
1.228125
1.228125
1.189375
1.1725
1.2125
1.223125
1.208125
1.209375
1.160625
1.156875
1.171875
1.13375
1.105
1.045
1.013125
1.055
1.081875
1.103125
1.0775
1.001875
0.956875
0.961875
0.991875
1.05375
1.131875
1.20125
1.264375
1.275625
1.263125
1.206875
1.14375
1.11375
1.07875
1.0625
1.088125
1.121875
1.1875
1.25
1.280625
1.30625
1.253125
1.225
1.16375
1.115625
1.179375
1.199375
1.266875
1.32375
1.28875
1.2975
1.291875
1.255625
1.2525
1.20875
1.15875
1.15875
1.191875
1.21
1.200625
1.133125
1.01375
0.975
0.995625
1.060625
1.135
1.125625
1.0775
1.02125
1.0025
1.020625
1.0925
1.1375
1.154375
1.191875
1.16625
1.206875
1.241875
1.259375
1.3275
1.32125
1.32625
1.300625
1.221875
1.148125
1.05
1.000625
0.9825
1.05
1.1025
1.125625
1.11875
1.034375
1.003125
0.99125
0.999375
1.02625
1.035625
1.013125
1.021875
1.024375
1.00375
1.018125
0.9775
0.949375
0.97
0.985625
1.075
1.118125
1.14
1.17125
1.123125
1.1425
1.121875
1.060625
1.040625
1.005625
1.025625
1.08375
1.15875
1.1875
1.2075
1.216875
1.1825
1.20125
1.193125
1.160625
1.1375
1.128125
1.12375
1.153125
1.186875
1.16375
1.15
1.07875
1.003125
0.953125
0.926875
0.98375
1.0675
1.1675
1.2625
1.289375
1.32375
1.29125
1.215
1.174375
1.09
1.106875
1.140625
1.19125
1.2575
1.27125
1.32625
1.3375
1.340625
1.321875
1.2175
1.1225
1.040625
0.98375
1.013125
1.058125
1.126875
1.1925
1.184375
1.17
1.11375
1.03
1.045
1.04875
1.071875
1.16875
1.188125
1.205625
1.1875
1.098125
1.0
0.933125
0.90375
0.91875
1.0075
1.05375
1.1225
1.144375
1.10125
1.11
1.085
1.074375
1.0825
1.088125
1.07875
1.0825
1.05875
0.978125
0.943125
0.911875
0.929375
0.968125
0.985625
1.041875
1.055625
1.1225
1.18625
1.14875
1.17875
1.1475
1.135
1.234375
1.2875
1.345
1.35875
1.319375
1.26125
1.2175
1.190625
1.138125
1.104375
1.10375
1.13875
1.211875
1.270625
1.2775
1.256875
1.19
1.165
1.1525
1.126875
1.1875
1.1675
1.173125
1.210625
1.17375
1.2175
1.214375
1.170625
1.165
1.144375
1.184375
1.243125
1.29125
1.3175
1.305
1.295625
1.261875
1.265625
1.25875
1.245625
1.248125
1.200625
1.1725
1.163125
1.17875
1.21625
1.269375
1.323125
1.333125
1.331875
1.293125
1.22
1.165625
1.130625
1.105
1.1275
1.159375
1.18625
1.219375
1.22
1.205
1.19
1.178125
1.14625
1.105625
1.038125
0.99625
0.989375
1.028125
1.086875
1.12
1.1375
1.14625
1.183125
1.225625
1.25625
1.235
1.205625
1.151875
1.13125
1.155
1.168125
1.2
1.2425
1.2625
1.22625
1.175625
1.07375
1.010625
1.043125
1.064375
1.120625
1.13625
1.090625
1.129375
1.161875
1.22625
1.306875
1.2975
1.25125
1.153125
1.045625
0.981875
0.961875
0.98625
1.02625
1.044375
1.0525
1.043125
1.020625
1.03
1.04875
1.059375
1.09
1.06125
1.01375
1.004375
0.9675
1.01
1.073125
1.1125
1.17125
1.16875
1.18625
1.200625
1.219375
1.25375
1.210625
1.1675
1.10875
1.05625
1.05
1.025625
1.0325
1.03625
1.055
1.119375
1.14
1.133125
1.1175
1.099375
1.1
1.174375
1.245625
1.266875
1.248125
1.164375
1.046875
0.9525
0.956875
0.98
1.0675
1.174375
1.1975
1.239375
1.235
1.20375
1.17625
1.07125
0.96375
0.86875
0.79875
0.824375
0.86
0.905
0.961875
0.985
1.064375
1.0975
1.10875
1.083125
1.00625
0.97875
0.985
1.05875
1.110625
1.15375
1.1325
1.0775
1.060625
1.07875
1.154375
1.24875
1.3325
1.359375
1.360625
1.315
1.245
1.19625
1.179375
1.213125
1.259375
1.3175
1.34875
1.363125
1.386875
1.39375
1.354375
1.290625
1.193125
1.07
1.014375
0.9775
1.02375
1.084375
1.14875
1.213125
1.2
1.2425
1.24125
1.236875
1.260625
1.245625
1.2175
1.214375
1.1875
1.138125
1.138125
1.09125
1.055
1.03125
0.964375
0.9475
0.934375
0.9275
0.973125
0.975
1.016875
1.03125
1.004375
0.99125
0.9475
0.951875
0.958125
0.9875
0.976875
0.955625
0.963125
0.9525
1.031875
1.076875
1.11625
1.13625
1.05
1.0125
0.99625
1.01875
1.12625
1.1725
1.128125
1.01125
0.8575
0.7775
0.815
0.95875
1.096875
1.21625
1.276875
1.27125
1.3
1.28125
1.234375
1.1975
1.124375
1.080625
1.0875
1.0925
1.14125
1.204375
1.250625
1.295625
1.256875
1.17
1.071875
1.0075
1.029375
1.1125
1.20125
1.268125
1.298125
1.300625
1.29
1.255
1.223125
1.21625
1.21625
1.235
1.250625
1.209375
1.180625
1.170625
1.14625
1.160625
1.135
1.0625
1.0075
0.946875
0.92625
0.915625
0.9225
0.925
0.94875
0.994375
1.02875
1.068125
1.076875
1.099375
1.088125
1.094375
1.101875
1.098125
1.143125
1.174375
1.199375
1.184375
1.130625
1.02875
0.948125
0.92875
0.926875
0.985
1.00625
1.019375
1.053125
1.075625
1.139375
1.16125
1.184375
1.1675
1.111875
1.064375
0.97625
0.928125
0.90125
0.90625
0.9025
0.933125
1.004375
1.064375
1.155625
1.20625
1.196875
1.14875
1.096875
1.031875
0.9925
1.011875
1.02125
1.030625
1.020625
0.966875
0.97
0.99625
1.0675
1.15625
1.20375
1.210625
1.185625
1.156875
1.10375
1.10875
1.080625
1.0775
1.086875
1.09375
1.141875
1.175
1.196875
1.188125
1.190625
1.154375
1.178125
1.2075
1.204375
1.26625
1.260625
1.229375
1.198125
1.153125
1.12625
1.1375
1.135
1.07125
1.0275
0.958125
0.974375
1.0425
1.09125
1.13875
1.121875
1.12875
1.115625
1.163125
1.21625
1.2175
1.269375
1.241875
1.195
1.15375
1.06875
0.999375
0.955625
0.935
0.9375
0.989375
1.021875
1.033125
1.030625
0.99625
1.006875
1.043125
1.141875
1.2275
1.259375
1.295625
1.260625
1.211875
1.206875
1.15
1.09875
1.074375
0.996875
0.981875
0.993125
1.04125
1.11875
1.14875
1.17875
1.19375
1.225
1.29625
1.36
1.36875
1.381875
1.35125
1.286875
1.27
1.191875
1.115
1.094375
1.045
1.080625
1.17375
1.22
1.28875
1.29
1.26
1.2425
1.20875
1.1825
1.098125
1.039375
1.003125
1.02125
1.140625
1.1875
1.23875
1.20625
1.10375
1.08
1.01875
1.02375
1.01625
1.01625
1.035
1.03625
1.096875
1.09625
1.061875
1.033125
0.993125
0.9775
1.01625
1.04625
1.061875
1.09125
1.073125
1.08125
1.056875
1.044375
1.1175
1.146875
1.228125
1.281875
1.245
1.203125
1.151875
1.111875
1.116875
1.16625
1.185
1.151875
1.105625
1.008125
0.92125
0.92125
0.915
0.973125
1.09375
1.160625
1.20625
1.20375
1.121875
1.046875
1.04625
1.06
1.10375
1.1475
1.15
1.166875
1.1825
1.235625
1.258125
1.253125
1.243125
1.159375
1.121875
1.098125
1.075625
1.091875
1.071875
1.04
1.015
1.02125
1.03
1.04
1.035
0.970625
0.95
0.973125
1.019375
1.101875
1.12
1.104375
1.0725
1.02375
0.98875
0.95375
0.94375
1.005
1.138125
1.2375
1.283125
1.238125
1.121875
1.073125
1.041875
1.049375
1.0675
1.045625
1.065625
1.085
1.093125
1.1075
1.088125
1.02875
1.01
1.0125
1.0275
1.11
1.19625
1.24
1.24375
1.22875
1.18875
1.1425
1.160625
1.1675
1.149375
1.16
1.13
1.09625
1.1125
1.15375
1.215
1.25125
1.21125
1.143125
1.055625
0.99625
1.020625
1.02125
1.056875
1.0925
1.08125
1.115
1.096875
1.0725
1.095625
1.110625
1.165
1.244375
1.290625
1.325625
1.339375
1.3275
1.284375
1.238125
1.175625
1.09875
1.060625
0.999375
0.9825
0.946875
0.86875
0.809375
0.739375
0.743125
0.81875
0.908125
0.978125
1.00625
0.9925
0.96625
0.97625
0.99625
1.0425
1.135
1.17875
1.2175
1.221875
1.178125
1.163125
1.11125
1.069375
1.040625
1.0275
1.05125
1.05375
1.04
1.004375
0.994375
1.03625
1.100625
1.11875
1.101875
1.048125
0.97375
0.945625
0.910625
0.854375
0.811875
0.790625
0.825625
0.95
1.050625
1.10875
1.114375
1.0025
0.950625
0.92
0.874375
0.940625
0.96625
0.991875
1.07875
1.059375
1.026875
1.0075
0.933125
0.945625
0.984375
1.043125
1.116875
1.123125
1.090625
0.9825
0.874375
0.853125
0.87
0.913125
0.975
0.936875
0.854375
0.84125
0.861875
0.981875
1.15125
1.241875
1.280625
1.235
1.1525
1.068125
0.94875
0.865
0.794375
0.788125
0.81
0.7975
0.79125
0.73875
0.73875
0.80625
0.87375
0.96
0.991875
0.95
0.920625
0.845
0.785
0.7875
0.765
0.791875
0.830625
0.845625
0.89875
0.943125
0.961875
1.004375
1.008125
1.008125
1.020625
0.994375
1.021875
1.088125
1.1525
1.2025
1.190625
1.085
0.968125
0.925
0.91125
0.9525
1.006875
0.981875
0.925
0.87625
0.8275
0.8025
0.7975
0.829375
0.865
0.91
0.9625
0.97
0.9575
0.94125
0.91125
0.840625
0.8025
0.755625
0.744375
0.814375
0.8775
0.98
1.025
0.97625
0.918125
0.8225
0.795625
0.821875
0.83
0.83875
0.78625
0.76125
0.774375
0.7975
0.8725
0.900625
0.94
0.973125
0.95125
0.980625
0.97875
1.018125
1.13125
1.203125
1.21625
1.165625
1.036875
0.9125
0.880625
0.87875
0.9125
0.938125
0.921875
0.896875
0.85
0.81625
0.805
0.86
0.933125
1.00625
1.050625
0.98375
0.920625
0.8575
0.795625
0.78625
0.769375
0.7525
0.73625
0.75375
0.76875
0.81125
0.903125
0.92125
0.951875
0.9275
0.888125
0.9225
0.978125
1.075625
1.0925
1.0675
0.9875
0.925
0.93375
0.96
1.01375
0.989375
0.99875
0.99125
1.01125
1.096875
1.0775
1.050625
0.981875
0.889375
0.895625
0.9575
1.024375
1.108125
1.111875
1.0475
1.035
1.023125
1.06375
1.1225
1.08
0.97125
0.863125
0.754375
0.7575
0.85375
0.91125
0.998125
1.005625
0.991875
1.01125
0.985625
0.999375
0.935625
0.8825
0.86125
0.786875
0.77125
0.751875
0.72
0.761875
0.8625
0.90875
1.014375
1.08625
1.0775
1.134375
1.085
1.018125
0.989375
0.909375
0.8825
0.864375
0.8075
0.77625
0.775625
0.801875
0.82
0.84625
0.82375
0.810625
0.840625
0.854375
0.88625
0.85
0.8475
0.908125
0.986875
1.11
1.168125
1.175
1.191875
1.22375
1.274375
1.32125
1.34
1.3175
1.26125
1.171875
1.03625
0.923125
0.8375
0.775625
0.774375
0.788125
0.824375
0.85375
0.854375
0.820625
0.78
0.783125
0.815625
0.899375
0.988125
1.034375
1.065625
1.0325
0.98
0.955625
0.940625
1.00375
1.049375
1.08375
1.071875
0.96125
0.91375
0.86875
0.860625
0.905625
0.890625
0.839375
0.788125
0.736875
0.67125
0.690625
0.746875
0.84
1.025625
1.105
1.16375
1.185625
1.145
1.1575
1.116875
1.045625
0.958125
0.90125
0.918125
0.959375
1.001875
1.01375
0.9725
0.9925
1.068125
1.16625
1.24375
1.2275
1.13375
1.023125
0.949375
0.92375
0.92625
0.904375
0.919375
0.899375
0.891875
0.896875
0.835625
0.830625
0.8625
0.866875
0.899375
0.905625
0.86375
0.895625
0.93875
1.00125
1.1025
1.1825
1.289375
1.31375
1.2575
1.13625
0.955625
0.886875
0.87125
0.915
0.984375
1.000625
1.050625
1.061875
1.03625
0.99125
0.89125
0.856875
0.86875
0.90625
0.9525
0.944375
0.91125
0.8575
0.85
0.884375
0.93125
0.9975
0.99625
0.914375
0.885625
0.83375
0.8425
0.9575
0.96625
1.03375
1.06
1.005625
1.016875
0.9875
0.9725
0.999375
1.01375
1.000625
1.028125
1.03625
1.044375
1.094375
1.10375
1.095625
1.128125
1.13375
1.12625
1.16875
1.143125
1.155625
1.15375
1.084375
1.016875
0.929375
0.91
0.93875
1.03
1.090625
1.11625
1.138125
1.08625
1.059375
1.005
0.97375
0.979375
1.004375
1.014375
1.015625
1.07
1.091875
1.150625
1.131875
1.0325
0.965
0.91375
0.92125
0.943125
0.914375
0.869375
0.864375
0.89375
0.940625
0.97125
0.975
0.92375
0.874375
0.85375
0.779375
0.765625
0.776875
0.803125
0.910625
0.99
1.103125
1.174375
1.168125
1.1375
1.041875
0.965625
0.91
0.916875
0.955625
0.95875
0.990625
0.96125
0.87375
0.850625
0.8025
0.76625
0.766875
0.7
0.67125
0.6675
0.6975
0.76125
0.81375
0.86875
0.88875
0.934375
0.95125
0.960625
0.975625
0.979375
1.025
1.028125
1.0225
0.999375
0.954375
1.003125
1.09
1.183125
1.265
1.229375
1.1825
1.119375
1.0425
1.036875
1.03
1.025625
1.06
1.069375
1.065625
1.088125
1.09125
1.123125
1.155
1.139375
1.12375
1.075625
1.0275
1.064375
1.10125
1.2075
1.260625
1.22
1.12625
0.93875
0.810625
0.723125
0.7225
0.79
0.885
0.994375
1.07125
1.093125
1.04125
1.00125
0.978125
1.023125
1.108125
1.166875
1.2075
1.18
1.16875
1.14125
1.060625
1.01875
0.9975
0.955625
0.966875
0.955625
0.866875
0.815
0.821875
0.845
0.949375
1.07
1.105
1.120625
1.0425
0.9625
0.903125
0.895
0.94
0.98
1.013125
0.99625
0.991875
0.996875
1.0025
1.00875
0.99
0.924375
0.87125
0.803125
0.78125
0.756875
0.740625
0.764375
0.779375
0.825
0.894375
0.93875
0.9525
1.003125
0.994375
0.998125
0.954375
0.8625
0.798125
0.73375
0.75
0.791875
0.874375
0.956875
1.01125
1.05125
0.9975
0.969375
0.968125
0.966875
1.0775
1.164375
1.18
1.168125
1.064375
0.93125
0.8475
0.809375
0.79125
0.8375
0.879375
0.885
0.89125
0.876875
0.8625
0.85375
0.91625
0.909375
0.89
0.883125
0.78625
0.7425
0.745
0.76375
0.816875
0.901875
0.926875
0.978125
1.003125
0.964375
0.9525
0.87
0.87
0.87
0.87
