-0.03125
-0.03125
-0.03125
-0.03125
-0.078125
-0.125
-0.290625
-0.4375
-0.521875
-0.528125
-0.4375
-0.228125
-0.01875
0.125
0.3125
0.23125
0.065625
-0.184375
-0.5
-0.6
-0.603125
-0.503125
-0.478125
-0.590625
-0.65
-0.740625
-0.753125
-0.5625
-0.36875
-0.15625
0.121875
0.265625
0.265625
0.33125
0.278125
0.221875
0.19375
0.015625
-0.04375
-0.24375
-0.421875
-0.521875
-0.771875
-0.78125
-0.6875
-0.59375
-0.396875
-0.375
-0.509375
-0.5625
-0.621875
-0.61875
-0.43125
-0.40625
-0.41875
-0.4375
-0.590625
-0.66875
-0.709375
-0.64375
-0.55
-0.43125
-0.325
-0.375
-0.490625
-0.565625
-0.575
-0.45
-0.1875
0.021875
0.08125
0.06875
0.04375
-0.071875
0.040625
0.09375
-0.04375
-0.01875
-0.275
-0.471875
-0.54375
-0.69375
-0.60625
-0.5125
-0.365625
-0.290625
-0.415625
-0.4625
-0.55625
-0.5
-0.2625
-0.115625
-0.021875
-0.071875
-0.146875
-0.203125
-0.20625
-0.08125
-0.1125
-0.08125
-0.04375
-0.14375
-0.103125
-0.134375
-0.165625
-0.121875
-0.184375
-0.30625
-0.36875
-0.41875
-0.421875
-0.365625
-0.365625
-0.378125
-0.346875
-0.371875
-0.49375
-0.634375
-0.746875
-0.671875
-0.425
-0.153125
-0.00625
-0.05625
-0.19375
-0.325
-0.384375
-0.434375
-0.45625
-0.45625
-0.44375
-0.31875
-0.253125
-0.26875
-0.315625
-0.45625
-0.4875
-0.390625
-0.25625
-0.10625
-0.159375
-0.375
-0.54375
-0.6875
-0.64375
-0.41875
-0.3375
-0.2625
-0.325
-0.446875
-0.490625
-0.509375
-0.371875
-0.3375
-0.284375
-0.121875
-0.0375
0.171875
0.390625
0.334375
0.253125
0.040625
-0.171875
-0.13125
-0.040625
0.1875
0.390625
0.465625
0.515625
0.38125
0.159375
-0.040625
-0.234375
-0.259375
-0.146875
-0.1
-0.14375
-0.31875
-0.515625
-0.6125
-0.540625
-0.396875
-0.35
-0.30625
-0.378125
-0.359375
-0.209375
-0.090625
0.0375
0.140625
0.146875
0.121875
0.234375
0.14375
0.11875
0.15625
0.0375
0.075
0.04375
-0.078125
-0.159375
-0.2125
-0.20625
-0.0875
0.003125
0.0125
-0.028125
-0.146875
-0.296875
-0.4
-0.44375
-0.4375
-0.371875
-0.246875
-0.165625
-0.1
-0.034375
-0.03125
-0.025
-0.03125
-0.05
-0.10625
-0.228125
-0.346875
-0.440625
-0.446875
-0.328125
-0.215625
-0.08125
-0.1
-0.08125
0.0125
0.096875
0.31875
0.384375
0.240625
0.0125
-0.24375
-0.440625
-0.425
-0.315625
-0.184375
-0.10625
-0.125
-0.146875
-0.284375
-0.290625
-0.271875
-0.290625
-0.171875
-0.209375
-0.3
-0.45625
-0.634375
-0.709375
-0.584375
-0.375
-0.2625
-0.1625
-0.284375
-0.365625
-0.346875
-0.328125
-0.2
-0.178125
-0.190625
-0.234375
-0.340625
-0.359375
-0.346875
-0.2375
-0.1
-0.0375
-0.071875
-0.178125
-0.284375
-0.278125
-0.146875
-0.09375
-0.034375
-0.059375
-0.221875
-0.30625
-0.396875
-0.4625
-0.371875
-0.203125
0.028125
0.25
0.3875
0.39375
0.275
0.065625
-0.178125
-0.309375
-0.384375
-0.2875
-0.1375
0.0125
0.121875
0.075
0.025
-0.15
-0.225
-0.234375
-0.1625
-0.025
-0.01875
0.134375
0.059375
0.0125
0.18125
0.14375
0.25625
0.253125
-0.025
-0.29375
-0.515625
-0.584375
-0.478125
-0.2625
-0.103125
-0.09375
-0.165625
-0.325
-0.525
-0.56875
-0.5625
-0.49375
-0.43125
-0.428125
-0.33125
-0.328125
-0.28125
-0.253125
-0.346875
-0.29375
-0.228125
-0.1625
-0.015625
0.046875
0.103125
0.240625
0.28125
0.384375
0.48125
0.375
0.20625
-0.0875
-0.38125
-0.48125
-0.34375
-0.2125
0.046875
0.15625
0.13125
0.25625
0.184375
0.209375
0.090625
-0.046875
-0.115625
-0.203125
-0.15625
-0.16875
-0.228125
-0.275
-0.309375
-0.4875
-0.565625
-0.578125
-0.515625
-0.303125
-0.08125
0.071875
0.075
0.071875
-0.05625
-0.275
-0.4375
-0.521875
-0.54375
-0.459375
-0.35
-0.384375
-0.43125
-0.4625
-0.50625
-0.359375
-0.253125
-0.153125
0.00625
-0.090625
-0.146875
-0.228125
-0.428125
-0.4375
-0.428125
-0.4875
-0.4875
-0.6
-0.659375
-0.6
-0.4875
-0.2875
-0.146875
-0.1125
-0.059375
-0.0625
-0.053125
0.009375
-0.090625
-0.115625
-0.2375
-0.325
-0.321875
-0.45
-0.440625
-0.434375
-0.4625
-0.41875
-0.428125
-0.5
-0.55
-0.575
-0.546875
-0.4875
-0.3375
-0.153125
-0.096875
0.05
0.11875
0.134375
0.19375
0.0375
-0.059375
-0.196875
-0.25
-0.14375
-0.221875
-0.278125
-0.440625
-0.603125
-0.578125
-0.49375
-0.303125
-0.18125
-0.15
-0.19375
-0.290625
-0.3875
-0.45625
-0.4375
-0.440625
-0.34375
-0.221875
-0.225
-0.184375
-0.275
-0.415625
-0.465625
-0.5375
-0.55
-0.571875
-0.6
-0.596875
-0.56875
-0.50625
-0.434375
-0.4
-0.33125
-0.25625
-0.184375
-0.0375
-0.015625
0.01875
0.046875
0.003125
0.03125
-0.003125
-0.0625
-0.178125
-0.3
-0.371875
-0.490625
-0.55625
-0.475
-0.353125
-0.153125
-0.025
-0.184375
-0.35625
-0.559375
-0.6125
-0.440625
-0.309375
-0.178125
-0.10625
-0.184375
-0.31875
-0.446875
-0.528125
-0.54375
-0.509375
-0.396875
-0.38125
-0.359375
-0.3125
-0.384375
-0.453125
-0.521875
-0.55
-0.471875
-0.2875
0.040625
0.390625
0.603125
0.60625
0.4
0.05625
-0.071875
0.015625
0.175
0.325
0.2
0.05625
-0.171875
-0.334375
-0.21875
-0.234375
-0.153125
-0.01875
-0.025
0.1125
0.225
0.25625
0.146875
-0.178125
-0.471875
-0.665625
-0.6375
-0.384375
-0.053125
0.2125
0.39375
0.55625
0.553125
0.55
0.484375
0.2375
0.053125
-0.1375
-0.19375
-0.078125
-0.040625
-0.021875
-0.140625
-0.371875
-0.446875
-0.471875
-0.434375
-0.271875
-0.228125
-0.203125
-0.171875
-0.271875
-0.228125
-0.128125
0.03125
0.321875
0.509375
0.571875
0.528125
0.3875
0.14375
-0.06875
-0.20625
-0.21875
-0.153125
-0.103125
-0.08125
-0.246875
-0.321875
-0.209375
-0.10625
0.121875
0.20625
0.009375
-0.14375
-0.359375
-0.425
-0.271875
-0.2125
-0.090625
-0.034375
-0.128125
-0.103125
-0.140625
-0.121875
0.0625
0.128125
0.178125
0.090625
-0.11875
-0.234375
-0.23125
-0.21875
-0.171875
-0.128125
-0.15
-0.028125
0.15
0.296875
0.440625
0.428125
0.290625
0.09375
-0.175
-0.284375
-0.3625
-0.321875
-0.146875
-0.0625
0.0875
0.171875
0.15
0.1125
0.03125
-0.0375
-0.03125
0.09375
0.228125
0.35
0.371875
0.2375
0.171875
0.10625
0.2
0.35
0.290625
0.21875
-0.040625
-0.265625
-0.278125
-0.246875
-0.08125
0.034375
0.01875
-0.08125
-0.26875
-0.475
-0.615625
-0.6625
-0.615625
-0.540625
-0.496875
-0.4875
-0.565625
-0.609375
-0.54375
-0.478125
-0.353125
-0.296875
-0.409375
-0.55625
-0.665625
-0.68125
-0.540625
-0.378125
-0.359375
-0.3625
-0.503125
-0.6375
-0.678125
-0.74375
-0.70625
-0.590625
-0.4875
-0.35625
-0.2875
-0.35625
-0.334375
-0.415625
-0.40625
-0.265625
-0.2625
-0.071875
0.040625
0.09375
0.240625
0.15
0.15
0.15
0.15
