0.791875
0.791875
0.791875
0.791875
0.635
0.63125
0.76625
0.9325
0.893125
0.869375
0.77625
0.665625
0.71375
0.708125
0.661875
0.7125
0.76875
0.95125
1.215
1.34375
1.3425
1.165
0.86625
0.591875
0.425
0.384375
0.435625
0.490625
0.52125
0.505
0.4775
0.530625
0.649375
0.835625
1.04125
1.123125
1.044375
0.906875
0.730625
0.678125
0.7825
0.82125
0.883125
0.84375
0.680625
0.734375
0.761875
0.80625
0.92
0.8825
0.8725
0.946875
1.035625
1.045625
1.064375
0.959375
0.803125
0.725625
0.620625
0.58625
0.580625
0.541875
0.57375
0.76375
0.955
1.205625
1.37875
1.250625
1.163125
1.135
1.124375
1.206875
1.206875
1.12125
1.08875
1.27125
1.66875
1.8925
2.06625
1.930625
1.535625
1.314375
1.005
0.793125
0.608125
0.51125
0.590625
0.79625
1.119375
1.31375
1.373125
1.2975
1.075
0.893125
0.755
0.66375
0.66375
0.66375
0.66375
