-0.0804375
-0.0804375
-0.0804375
-0.0804375
-0.090125
-0.052375
-0.036125
-0.0093125
-0.001375
-0.00175
0.0136875
-0.010875
-0.00875
-0.04925
-0.0469375
0.013625
0.0413125
0.1010625
0.13425
0.138625
0.138625
0.1836875
0.1878125
0.1503125
0.084125
-0.04075
-0.125375
-0.12675
-0.049625
0.00475
0.0591875
0.072
0.0455625
0.0604375
0.079
0.07775
0.0450625
0.0494375
-0.00225
-0.0506875
-0.073375
-0.15525
-0.1725
-0.12625
-0.0735625
-0.0285
0.01225
-0.0045
0.0249375
0.110625
0.1625625
0.235625
0.2095625
0.1149375
0.0361875
-0.1008125
-0.1645
-0.173125
-0.1635
-0.079
-0.0149375
0.0311875
0.0566875
0.0335
-0.0076875
-0.0363125
-0.0731875
-0.0885625
-0.035875
0.027625
0.0911875
0.166375
0.18775
0.1590625
0.162125
0.173125
0.172
0.1975625
0.18075
0.1075
0.044125
-0.0093125
-0.0783125
-0.06275
-0.0313125
-0.01975
0.038875
0.052875
0.04575
0.016875
0.004125
-0.0299375
-0.0633125
-0.023375
-0.031375
-0.0453125
-0.0295625
-0.0548125
-0.010375
0.1038125
0.16675
0.199625
0.13875
0.0161875
-0.08275
-0.1066875
-0.0395
0.014375
0.0781875
0.09025
0.05125
0.0513125
0.0575625
0.07
0.0879375
0.0783125
0.07925
0.0801875
0.0410625
0.019875
-0.0300625
-0.119375
-0.1285625
-0.083875
-0.016125
0.130375
0.20575
0.1816875
0.141125
0.046
-0.0081875
0.02325
0.0613125
0.1145625
0.1364375
0.070625
0.00875
-0.055125
-0.094875
-0.033875
-0.0121875
-0.0133125
0.023
-0.0310625
-0.0315625
-0.0225
-0.06475
-0.0806875
-0.128
-0.113375
-0.1163125
-0.077125
-0.0085
0.0068125
0.091
0.1244375
0.1383125
0.1790625
0.1685
0.1601875
0.1323125
0.081125
0.0365625
0.0461875
0.0905625
0.098625
0.0766875
0.018125
-0.09025
-0.1298125
-0.1243125
-0.1054375
-0.0415
-0.01425
-6.25e-05
-0.0598125
-0.111125
-0.1551875
-0.2023125
-0.152375
-0.09775
-0.072875
-0.024375
-0.0390625
-0.0773125
-0.059375
-0.0404375
0.0041875
0.0488125
0.048125
-0.012875
-0.03625
-0.109625
-0.1216875
-0.051
-0.026875
0.083375
0.106125
0.0410625
-0.011
-0.118125
-0.1685625
-0.16225
-0.1814375
-0.16275
-0.1253125
-0.0481875
0.0799375
0.200625
0.281
0.2663125
0.2364375
0.1771875
0.1173125
0.114125
0.0834375
0.0484375
0.005125
-0.0399375
-0.0603125
-0.0585
-0.0378125
-0.0003125
0.0111875
0.0515
0.114
0.123125
0.1656875
0.1748125
0.16175
0.1655
0.1085625
0.0416875
-0.0556875
-0.1605
-0.2145625
-0.2415
-0.1840625
-0.0926875
0.022125
0.1210625
0.1179375
0.0995
0.0016875
-0.12
-0.20875
-0.28425
-0.29625
-0.2303125
-0.1070625
-0.030875
0.0605
0.0775625
0.0200625
0.0321875
-0.0336875
-0.0975
-0.0983125
-0.13625
-0.1100625
-0.020375
0.0355
0.08475
0.14725
0.1179375
0.06475
-0.0115625
-0.1183125
-0.135375
-0.09475
0.012
0.108125
0.14325
0.147875
0.1266875
0.116125
0.11575
0.13875
0.1306875
0.1028125
0.1170625
0.0845625
0.0725625
0.110125
0.0975625
0.0945
0.09475
0.02325
-0.0415625
-0.07225
-0.086
-0.0309375
0.057875
0.1075
0.1338125
0.1491875
0.1338125
0.13675
0.103375
0.0236875
-0.0108125
-0.0536875
-0.0598125
-0.0229375
-0.0486875
-0.0465625
-0.04675
-0.0595
-0.0455625
-0.0505
-0.02075
0.032375
0.0960625
0.123
0.1265625
0.0800625
-0.0064375
-0.0095
-0.0385
-0.0408125
-0.0163125
-0.0673125
-0.110375
-0.150125
-0.1445625
-0.0913125
0.0155625
0.1363125
0.1615
0.1489375
0.0974375
0.0294375
0.027125
0.0410625
0.0495625
0.025625
0.00775
0.0345
0.0331875
0.0553125
0.069125
-0.0010625
-0.0408125
-0.053375
-0.08375
-0.0453125
0.0290625
0.108125
0.1944375
0.248625
0.2455
0.176375
0.10725
0.067
0.0239375
0.015
-0.007125
-0.0528125
-0.02875
0.0308125
0.1339375
0.2346875
0.27375
0.264125
0.166875
0.0415625
-0.0970625
-0.219875
-0.243375
-0.21725
-0.1395
-0.03875
0.035125
0.1010625
0.1448125
0.181125
0.1916875
0.142625
0.071375
-0.028625
-0.1226875
-0.137875
-0.1014375
-0.00675
0.0600625
0.1135625
0.1055625
0.0581875
0.0738125
0.0224375
0.0458125
0.0394375
0.0025625
0.0355625
-0.02175
-0.0615625
-0.101375
-0.1284375
-0.0913125
-0.047625
-0.0344375
-0.0676875
-0.116875
-0.1546875
-0.1143125
-0.0466875
0.0203125
0.1128125
0.12725
0.06775
-0.0118125
-0.11175
-0.15025
-0.0705
0.0314375
0.075625
0.070875
0.0105625
-0.0461875
-0.0484375
-0.057625
-0.11425
-0.1739375
-0.201125
-0.191875
-0.094875
0.0085
0.03175
0.0585625
0.0426875
0.0276875
0.0444375
0.067375
0.0419375
-0.014875
-0.0454375
-0.1333125
-0.154875
-0.109875
-0.102875
-0.047375
-0.0098125
-0.0375625
-0.0258125
-0.0299375
-0.052
-0.0835625
-0.1345625
-0.192125
-0.2138125
-0.176
-0.1283125
-0.07075
-0.021875
0.0045
0.0415
0.0590625
0.067375
0.0473125
-0.032625
-0.0853125
-0.1326875
-0.169875
-0.1455
-0.08075
-0.048125
0.02025
0.041625
-0.021125
-0.0570625
-0.0975625
-0.1189375
-0.0715625
-0.0241875
0.0029375
0.0440625
0.052375
0.091875
0.081375
0.091375
0.051375
-0.039375
-0.050375
-0.0901875
-0.043
0.0435625
0.107
0.1340625
0.124125
0.08775
0.040125
0.0454375
0.0309375
-0.0066875
-0.0743125
-0.1453125
-0.16675
-0.1053125
0.023375
0.108375
0.1698125
0.125
0.0149375
-0.0473125
-0.11575
-0.1235
-0.0488125
0.0085625
0.0120625
0.017
-0.0384375
-0.0573125
-0.0268125
0.0250625
0.09875
0.130375
0.2035
0.22575
0.2056875
0.1510625
0.0640625
0.0075
0.0154375
0.0823125
0.113125
0.1025625
0.0446875
-0.0085
-0.018625
0.033875
0.093875
0.1173125
0.1173125
0.1173125
0.1173125
