0.97375
0.97375
0.97375
0.97375
0.97825
0.9778125
0.946
0.9220625
0.9679375
1.02925
1.09775
1.1303125
1.11725
1.06825
1.055
1.0700625
1.0446875
1.0395625
0.983
0.9141875
0.9048125
0.9
0.919375
0.943625
0.9223125
0.8999375
0.899875
0.917875
0.96175
1.00175
0.997125
0.9495625
0.90575
0.8506875
0.8179375
0.8179375
0.8234375
0.848375
0.87875
0.913125
0.9385625
0.97375
1.0028125
1.02575
1.0463125
1.0359375
1.0184375
0.9669375
0.9314375
0.9165
0.920625
0.9499375
0.9715
0.96975
0.9485625
0.9563125
0.9395625
0.938125
0.9690625
0.9768125
1.003125
1.0310625
1.0115
0.9851875
0.9554375
0.9524375
0.9804375
1.00875
1.0376875
1.0084375
0.98525
0.944
0.928375
0.954625
0.9448125
0.956125
0.9226875
0.87875
0.8813125
0.8890625
0.9671875
1.0325625
1.05475
1.0635
0.9871875
0.9259375
0.8839375
0.85325
0.8510625
0.8458125
0.834875
0.82175
0.8148125
0.807875
0.8286875
0.8469375
0.8910625
0.9360625
0.9364375
0.9393125
0.9023125
0.8605
0.8596875
0.8780625
0.90725
0.9634375
0.9874375
0.9875625
0.9940625
0.9761875
0.986625
1.0048125
1.0269375
1.028625
1.011625
0.97075
0.9415
0.9581875
0.962625
0.9870625
0.974875
0.937375
0.936
0.9588125
1.001
1.032875
1.022375
0.961125
0.90075
0.844125
0.809875
0.8045625
0.8215625
0.845375
0.8715625
0.9140625
0.9095625
0.905125
0.9183125
0.8995625
0.9130625
0.9481875
0.965625
1.0095625
1.0455
1.06175
1.0585625
1.0234375
1.0115625
0.9974375
1.0194375
1.0655625
1.0665
1.0696875
1.0753125
1.0700625
1.082
1.0928125
1.04175
0.996125
0.96425
0.927375
0.92575
0.925
0.9040625
0.892
0.8933125
0.9204375
0.9898125
1.04075
1.07225
1.0718125
1.04075
1.018
1.037125
1.0391875
1.0145625
0.9939375
0.9240625
0.8854375
0.8778125
0.8996875
0.93125
0.9610625
0.981375
0.95025
0.9335
0.912125
0.9415625
1.0408125
1.1491875
1.2371875
1.2550625
1.2028125
1.116
1.06225
1.0110625
0.9601875
0.9285
0.884125
0.863375
0.8940625
0.972
1.05625
1.1388125
1.166875
1.1005
1.003125
0.909625
0.843375
0.8329375
0.844375
0.8683125
0.9164375
0.9713125
1.0435625
1.0994375
1.11
1.102125
1.0735
1.0285
1.02075
1.0055
0.972125
0.9589375
0.9135
0.898875
0.9145
0.9225
0.966625
0.9640625
0.9675625
1.01575
1.0439375
1.099375
1.125
1.064125
0.9801875
0.9193125
0.8689375
0.8853125
0.93325
0.938125
0.9664375
0.9725
0.969375
1.031875
1.0624375
1.0983125
1.1355625
1.090125
1.0525
0.9865
0.914375
0.8699375
0.8520625
0.8745
0.907125
0.955125
0.960875
0.93525
0.91625
0.913625
0.9313125
0.983375
1.03025
1.0433125
1.0631875
1.049375
1.01225
0.9704375
0.926
0.8915625
0.8666875
0.8665
0.85525
0.852875
0.8604375
0.867
0.88125
0.89075
0.917875
0.9260625
0.933375
0.934
0.9133125
0.91925
0.948375
0.987875
1.01
1.0054375
0.9531875
0.9168125
0.9
0.908375
0.9651875
0.987625
1.0083125
1.011625
0.9941875
1.0148125
1.0363125
1.0475
1.031
0.9610625
0.891125
0.828
0.8175
0.8383125
0.859125
0.898
0.8901875
0.9051875
0.944375
0.9695
1.017875
1.021625
0.977
0.927
0.869375
0.8383125
0.8323125
0.83875
0.86425
0.878875
0.8969375
0.9313125
0.9304375
0.956125
0.9923125
0.991875
1.0090625
1.000125
0.956375
0.9211875
0.8959375
0.8806875
0.9310625
0.99775
1.0516875
1.0995
1.0760625
1.0434375
1.02075
1.003375
1.0005625
1.0148125
1.047125
1.0721875
1.10025
1.1108125
1.0896875
1.066625
1.0783125
1.0703125
1.0525
1.0691875
1.02925
1.0109375
1.0089375
0.937
0.9196875
0.9105
0.9108125
0.9549375
0.9529375
0.9330625
0.9060625
0.8913125
0.94275
1.023125
1.09875
1.15875
1.174
1.1679375
1.21225
1.2485
1.2476875
1.2286875
1.1193125
1.023
0.9560625
0.9094375
0.905875
0.8961875
0.8925
0.888
0.9046875
0.918625
0.9350625
0.952375
0.9515
0.9570625
0.986
1.0140625
1.048375
1.089
1.0781875
1.067375
1.0214375
0.9366875
0.90225
0.875875
0.904625
0.9656875
0.9836875
0.981625
0.9253125
0.866625
0.8279375
0.80975
0.815
0.825
0.8404375
0.841125
0.8474375
0.8718125
0.9095
0.9511875
0.9990625
1.02075
1.0080625
1.0054375
1.0068125
0.9865625
0.971
0.964
0.9285
0.9196875
0.9218125
0.891625
0.8698125
0.8430625
0.842875
0.8534375
0.8786875
0.9306875
0.95425
0.983
1.0240625
1.0205
0.997375
0.975125
0.9084375
0.8714375
0.875
0.8929375
0.9566875
1.030875
1.0659375
1.089625
1.07725
1.0175
0.9825
0.9423125
0.9178125
0.9225
0.914625
0.9055
0.8876875
0.8666875
0.88075
0.88125
0.902
0.9326875
0.917375
0.915125
0.900875
0.9195
0.950625
0.9855
1.0161875
0.96625
0.969
0.978875
0.9929375
1.0503125
1.0208125
1.0236875
1.044125
1.074
1.16025
1.16925
1.1353125
1.09525
1.0150625
0.9603125
0.934
0.870625
0.855625
0.8795
0.9003125
0.979
1.0399375
1.0470625
1.06275
1.0359375
0.979875
0.998375
1.0083125
1.02975
1.070125
1.01775
0.9568125
0.8944375
0.8405
0.8504375
0.8689375
0.892625
0.928625
0.9246875
0.92075
0.92225
0.89
0.88025
0.87525
0.8679375
0.89625
0.967625
1.030375
1.080625
1.1079375
1.0690625
1.06075
1.067375
1.063375
1.07275
1.0255
0.9679375
0.9441875
0.9399375
0.988
1.0408125
1.0960625
1.1334375
1.1484375
1.1634375
1.1168125
1.071625
1.0111875
0.9555
0.9545625
0.9648125
0.9864375
0.9955
0.9886875
0.9720625
0.986
1.0564375
1.1295
1.1875
1.1904375
1.0990625
0.986375
0.89325
0.8504375
0.8501875
0.8675625
0.8808125
0.872125
0.8671875
0.8661875
0.8684375
0.84875
0.8393125
0.8260625
0.8608125
0.9383125
0.9963125
1.059625
1.0493125
1.0181875
0.995625
0.9785625
0.9913125
1.006375
1.049
1.0745
1.09275
1.1105625
1.070875
1.03975
0.9905625
0.9314375
0.9055
0.8795625
0.87475
0.866625
0.8598125
0.8771875
0.8921875
0.9594375
1.0175625
1.0484375
1.08925
1.0405
0.9930625
0.9275625
0.876875
0.8979375
0.924625
1.0180625
1.083875
1.10425
1.1214375
1.067375
0.997125
0.951625
0.9166875
0.887375
0.9009375
0.913
0.9115625
0.9576875
0.9600625
0.96925
0.997
0.9688125
0.9605625
0.944625
0.9028125
0.89875
0.9450625
0.982
1.018
1.04125
0.970875
0.909875
0.869375
0.8246875
0.825625
0.827375
0.8351875
0.8985625
0.986125
1.0915625
1.1624375
1.1853125
1.1606875
1.0986875
1.061875
0.984625
0.935
0.90925
0.893125
0.93225
0.9860625
1.075125
1.129375
1.176375
1.204375
1.1674375
1.151375
1.1201875
1.087125
1.0574375
1.0535625
1.05725
1.041375
1.04425
1.0170625
0.9668125
0.937125
0.9121875
0.871625
0.8733125
0.8844375
0.9388125
1.028125
1.082125
1.1244375
1.096625
1.0559375
1.03225
1.027375
1.047
1.04025
1.0365
1.0006875
0.9491875
0.920125
0.8824375
0.8533125
0.831375
0.8150625
0.8124375
0.843
0.885125
0.9453125
0.9928125
1.0168125
1.083375
1.105
1.143875
1.1614375
1.0966875
1.0571875
0.9909375
0.985
1.0268125
1.0616875
1.1129375
1.083125
1.023125
0.986375
0.9655
1.0005
1.054625
1.08625
1.0721875
1.0669375
1.1064375
1.1735
1.2715625
1.3195
1.299375
1.22525
1.1425
1.06625
0.9879375
0.9199375
0.85625
0.8308125
0.8538125
0.896
0.9615
0.9848125
0.962
0.9391875
0.8658125
0.8155
0.7889375
0.774
0.79025
0.8095625
0.839125
0.8685
0.89225
0.93525
0.97875
1.0119375
1.0561875
1.064375
1.0634375
1.0371875
1.014125
0.9931875
0.99325
1.042875
1.067375
1.115125
1.0915625
1.0179375
0.975875
0.93475
0.9409375
0.971125
0.9599375
0.9198125
0.9290625
0.9468125
1.027375
1.1195625
1.1174375
1.1269375
1.0690625
1.0206875
1.0179375
0.993875
0.9756875
0.948
0.92575
0.88225
0.8598125
0.8390625
0.8274375
0.8445
0.8639375
0.9095
0.9428125
0.988125
1.0521875
1.0943125
1.136
1.162
1.161875
1.1484375
1.1175
1.0574375
0.9854375
0.9143125
0.8725625
0.8696875
0.89
0.9515625
0.9770625
0.982375
1.021625
1.003375
1.0050625
1.0364375
0.98675
0.964625
0.9748125
0.94275
0.9924375
1.0644375
1.0789375
1.1601875
1.1596875
1.13875
1.1445625
1.10475
1.1221875
1.1335625
1.1474375
1.1165625
1.057125
0.9904375
0.9220625
0.8951875
0.8724375
0.880125
0.8845625
0.9035625
0.9351875
0.94025
0.9556875
0.950875
0.9571875
0.9510625
0.9530625
0.980125
0.9673125
1.020125
1.043125
1.0315
1.047125
0.9800625
0.9190625
0.9065
0.890875
0.90375
0.93675
0.91225
0.9119375
0.9401875
0.953
0.993375
1.005375
0.997375
0.9884375
0.9764375
0.99425
0.9920625
1.01075
1.04075
1.045125
1.07425
1.0680625
1.0684375
1.0688125
1.08725
1.1555
1.2089375
1.214375
1.1694375
1.0663125
0.948375
0.87775
0.8346875
0.8200625
0.824
0.8325625
0.8686875
0.925375
0.967
1.0046875
1.0114375
0.9753125
0.974
0.9718125
0.9688125
0.98725
0.969625
0.95375
0.9431875
0.977375
1.0155625
1.052
1.0823125
1.023125
0.9725
0.943875
0.905
0.910875
0.932875
0.9135
0.9271875
0.94475
0.9300625
0.93475
0.902125
0.8585
0.847125
0.85775
0.897625
0.9521875
0.972125
0.977375
0.9725
0.974875
0.9950625
0.986
0.9739375
0.9470625
0.9286875
0.948375
0.963875
0.9816875
0.9955
0.98225
1.0065
1.026125
1.0419375
1.061375
1.050875
1.0226875
1.0059375
0.995
0.9565
0.958
0.9335
0.91375
0.9415625
0.9379375
0.9434375
0.96525
0.956
0.969625
0.9886875
0.968
0.957625
0.91275
0.887875
0.9075625
0.9174375
0.9534375
0.9494375
0.9208125
0.905125
0.8953125
0.926625
0.9846875
1.0626875
1.1428125
1.1806875
1.1929375
1.1805625
1.1646875
1.178875
1.144375
1.091375
1.0308125
0.9609375
0.9436875
0.97225
0.97325
0.974625
0.976625
0.9294375
0.9074375
0.9225
0.933
0.991875
1.0524375
1.03575
1.0145
0.9724375
0.95525
0.9939375
1.044875
1.0924375
1.12225
1.1206875
1.1080625
1.087875
1.057875
1.0656875
1.068625
1.0676875
1.070125
1.0504375
1.0429375
1.0391875
1.0388125
1.030875
1.018125
1.036375
1.0245625
1.0203125
1.0380625
1.016875
1.0490625
1.06125
1.0311875
1.005125
0.952375
0.924375
0.9450625
0.9804375
1.0124375
1.0625
1.081625
1.1188125
1.1351875
1.1020625
1.09375
1.0431875
1.01375
1.03125
1.005875
0.9985625
1.043
1.0671875
1.0895
1.1379375
1.11625
1.0934375
1.0985
1.0880625
1.0803125
1.0736875
1.0625
1.0209375
1.0138125
1.0323125
1.04625
1.07825
1.0743125
1.0
0.9345625
0.878625
0.8475
0.8688125
0.885375
0.897875
0.946
0.977875
1.0054375
1.046875
1.003375
0.9884375
0.99825
0.9786875
1.003
1.014875
0.9919375
0.9795
0.9679375
0.922125
0.882875
0.8470625
0.8104375
0.8271875
0.85525
0.8841875
0.912375
0.89175
0.8680625
0.8533125
0.840125
0.8711875
0.92225
1.0010625
1.079875
1.1141875
1.1170625
1.0428125
0.976125
0.946625
0.936125
0.977
1.006
1.0010625
0.9924375
0.977875
0.987875
1.03725
1.063625
1.1095
1.135125
1.165
1.214
1.19375
1.1575625
1.07125
1.0051875
0.983875
0.9933125
1.00925
0.9838125
0.978625
0.9440625
0.92775
0.9325625
0.917125
0.91625
0.9438125
0.971375
0.9978125
1.027
1.009625
1.037875
1.092875
1.1825625
1.301375
1.3500625
1.373125
1.33425
1.3121875
1.2986875
1.23875
1.187375
1.0634375
0.971375
0.92575
0.8900625
0.90475
0.8913125
0.8986875
0.9105
0.940375
0.9726875
0.9853125
1.021875
1.0536875
1.0960625
1.1161875
1.093125
1.0305625
0.964125
0.924
0.9109375
0.9138125
0.9684375
1.031375
1.09875
1.1529375
1.1128125
1.0405
0.9499375
0.8835
0.861875
0.8589375
0.8639375
0.8780625
0.921375
0.99225
1.0699375
1.135375
1.14575
1.101
1.032125
0.9355625
0.8859375
0.8630625
0.88025
0.9340625
0.947375
0.9623125
0.9518125
0.921875
0.938875
0.982625
1.014125
1.0514375
1.080125
1.0513125
1.051625
1.053625
1.0195
1.0176875
0.97825
0.9586875
0.949625
0.962375
1.00125
1.0504375
1.111375
1.1515
1.2096875
1.2203125
1.1995
1.1469375
1.052125
0.972
0.9230625
0.9115
0.9210625
0.9098125
0.89375
0.858125
0.8194375
0.810375
0.8021875
0.8045625
0.835375
0.9009375
0.987625
1.0978125
1.1579375
1.13225
1.06125
0.965625
0.9426875
0.9815
1.0675625
1.13475
1.1539375
1.14175
1.0919375
1.062125
1.0323125
1.0444375
1.09325
1.1396875
1.1490625
1.1265
1.0534375
1.03075
1.045125
1.041625
1.0873125
1.04025
0.984625
0.958125
0.89
0.86575
0.8476875
0.8160625
0.8271875
0.84775
0.8785
0.9200625
0.9194375
0.900875
0.8901875
0.8843125
0.9025625
0.9364375
0.9558125
0.9581875
0.960125
0.9726875
0.9669375
0.9755625
1.0181875
1.021625
1.0424375
1.05
0.9931875
0.98625
1.0011875
1.0315
1.0700625
1.054375
0.9859375
0.92475
0.88225
0.8655625
0.8834375
0.87125
0.8590625
0.8566875
0.865625
0.8898125
0.914
0.9255
0.9331875
0.9330625
0.9785625
1.02025
1.0276875
1.0511875
0.980375
0.9246875
0.8870625
0.856
0.882125
0.8924375
0.9129375
0.8955625
0.8918125
0.919375
0.94125
1.0168125
1.039625
1.0163125
1.01225
0.971125
0.99125
1.0460625
1.054625
1.0454375
1.005625
0.9731875
0.9910625
1.041375
1.0693125
1.047625
1.0285
1.0045
0.9953125
1.042125
1.02625
1.007
1.00625
0.9578125
0.9464375
0.9350625
0.9041875
0.895625
0.9026875
0.9011875
0.9358125
0.969625
0.98475
1.013625
0.9843125
0.97275
0.944
0.904875
0.896375
0.8556875
0.834375
0.81825
0.8275
0.87225
0.937875
1.024625
1.0636875
1.0583125
1.0215
0.9433125
0.9085625
0.898
0.909
0.939375
0.9275
0.9398125
0.9394375
0.9855625
1.0984375
1.211625
1.316
1.329125
1.2785625
1.1854375
1.0965625
1.0509375
1.001
0.96575
0.94
0.939
0.9551875
0.9705625
0.9805
0.945
0.938875
0.9255
0.91825
0.937125
0.9128125
0.89225
0.873375
0.8523125
0.8450625
0.864625
0.8746875
0.9105625
0.9601875
0.994875
1.0390625
1.074625
1.0930625
1.1073125
1.120625
1.0754375
1.0396875
0.9766875
0.9213125
0.9468125
0.9675
1.0154375
1.0295625
0.9585
0.903375
0.8565
0.8398125
0.8639375
0.8640625
0.8476875
0.815
0.7945
0.7945
0.8066875
0.835625
0.8480625
0.852
0.8596875
0.850875
0.8503125
0.84125
0.812875
0.7966875
0.789
0.8018125
0.8293125
0.8489375
0.8600625
0.8494375
0.8443125
0.870375
0.891875
0.948125
1.032875
1.0661875
1.100125
1.0934375
1.02825
0.9841875
0.947125
0.93325
0.93775
0.9475625
0.9754375
1.0038125
1.03525
1.06525
1.053
1.054125
1.0616875
1.077375
1.113375
1.0984375
1.0495
0.9826875
0.9416875
0.911
0.907875
0.9593125
0.98575
1.0555625
1.123
1.117875
1.09375
1.0219375
0.9638125
0.938125
0.92625
0.945
0.9435
0.9334375
0.9294375
0.9183125
0.9215625
0.9119375
0.922875
0.956625
0.980375
1.0390625
1.0726875
1.061125
1.0774375
1.0505625
1.013375
0.993375
0.9313125
0.902
0.8795
0.8598125
0.87575
0.883125
0.897625
0.9250625
0.91025
0.88775
0.8685
0.8546875
0.8669375
0.886
0.9056875
0.890625
0.878125
0.867375
0.848
0.8875625
0.923
0.9778125
1.0585
1.073375
1.1133125
1.133
1.115875
1.1255
1.084375
1.042125
1.0070625
0.9579375
0.9425
0.9281875
0.934
0.9445625
0.944125
0.9448125
0.9253125
0.959625
1.0055
1.03
1.0830625
1.0671875
1.0350625
1.0231875
0.9924375
0.967875
0.956625
0.9445
0.910125
0.8876875
0.876875
0.8669375
0.878125
0.8936875
0.8686875
0.840625
0.8125625
0.7915625
0.7978125
0.8558125
0.92275
0.978875
1.040125
1.0046875
0.949
0.8939375
0.8425
0.8614375
0.921625
0.9935625
1.0336875
1.05375
1.0139375
0.9615625
0.9339375
0.887125
0.872625
0.862875
0.8405625
0.8273125
0.8093125
0.799875
0.8469375
0.913125
0.9840625
1.0464375
1.015375
0.9649375
0.9175625
0.8585625
0.852
0.8580625
0.8501875
0.854625
0.851375
0.85925
0.9243125
0.9965
1.0683125
1.1080625
1.074625
1.0735625
1.0623125
1.0626875
1.0664375
0.984375
0.92
0.8845625
0.8694375
0.918625
0.952875
0.9441875
0.95825
0.9358125
0.929
0.9555
0.9589375
0.98475
1.0031875
0.99225
0.9633125
0.9329375
0.8969375
0.8916875
0.910125
0.9355625
0.9661875
0.9683125
0.9804375
0.9860625
1.0116875
1.063625
1.1033125
1.12525
1.112375
1.071625
1.0054375
0.969375
0.967125
0.976
1.0288125
1.069
1.0711875
1.079375
1.0556875
1.0210625
1.0189375
1.025625
1.0353125
1.0525625
1.0599375
1.0578125
1.082875
1.1090625
1.1140625
1.118625
1.1040625
1.068125
1.0531875
1.017625
0.9820625
0.9934375
0.990125
1.02125
1.052375
1.026875
1.020875
0.97725
0.93475
0.9254375
0.93025
0.963
0.9786875
0.9954375
0.9809375
0.976375
0.9801875
0.9830625
0.9753125
0.951625
0.959
0.9544375
0.9678125
0.968625
0.9224375
0.907125
0.8926875
0.8791875
0.9126875
0.929125
0.971625
1.034
1.0569375
1.0926875
1.078375
1.050625
1.033625
0.9740625
0.9415625
0.91425
0.8973125
0.881375
0.9086875
0.9411875
0.9633125
1.033625
1.018125
1.0145625
1.0361875
1.01625
1.053375
1.0710625
1.0710625
1.1100625
1.1184375
1.1060625
1.0690625
0.9793125
0.9001875
0.8683125
0.85875
0.8798125
0.8955
0.885875
0.8816875
0.8775
0.884875
0.8975625
0.904125
0.9191875
0.936375
0.930625
0.91775
0.91325
0.9038125
0.93525
0.999875
1.0495
1.1145625
1.1755625
1.188875
1.177
1.1283125
1.012875
0.93975
0.9101875
0.9240625
1.0108125
1.0545
1.06225
1.0223125
0.9581875
0.9401875
0.9324375
0.9500625
0.9435
0.915
0.897375
0.8875625
0.9325625
0.95225
0.9658125
0.9668125
0.914375
0.89775
0.904625
0.91625
0.9670625
0.994625
0.996
0.997375
0.958875
0.9561875
0.9303125
0.9044375
0.9091875
0.8738125
0.86825
0.871625
0.86075
0.880625
0.896375
0.89425
0.9291875
0.9269375
0.9711875
1.022
1.0395
1.127375
1.1481875
1.194875
1.22075
1.169125
1.115625
1.038625
0.9858125
0.9515625
0.93975
0.91575
0.89175
0.8786875
0.8665
0.8786875
0.8960625
0.9324375
0.9849375
1.0095625
1.0425
1.033125
0.9915
0.960125
0.89575
0.8546875
0.8266875
0.804125
0.8073125
0.829625
0.8791875
0.9339375
0.977
0.9856875
0.9490625
0.924375
0.905125
0.9175
0.9595625
0.9821875
1.0248125
1.0575
1.07225
1.091625
1.0985625
1.0706875
1.074125
1.0985625
1.087875
1.104
1.0981875
1.0234375
0.97625
0.933
0.8738125
0.876375
0.8836875
0.893375
0.91075
0.9200625
0.9655
1.010375
1.0876875
1.13275
1.0965
1.06325
1.0058125
0.9725625
0.9715
0.9525625
0.910125
0.8653125
0.837
0.8339375
0.857625
0.8869375
0.9239375
0.946375
0.99225
1.034875
1.068
1.101125
1.101125
1.121375
1.127625
1.1414375
1.1381875
1.0911875
1.05175
1.00475
1.003625
1.028375
1.0606875
1.0854375
1.073
1.055125
1.006875
0.9685
0.9584375
0.95925
0.978125
0.9775625
0.9424375
0.89475
0.879375
0.9215625
0.9880625
1.0601875
1.086125
1.0311875
0.9944375
1.0015625
1.0425625
1.1235625
1.16
1.1271875
1.051875
0.969875
0.9126875
0.8811875
0.8889375
0.915125
0.9435
0.9535625
0.9474375
0.9219375
0.8878125
0.91125
0.935
1.0115625
1.0980625
1.1260625
1.1770625
1.16525
1.1641875
1.1545
1.1256875
1.1115625
1.0845625
1.0803125
1.05525
1.0063125
0.9524375
0.9055625
0.8855
0.9005
0.9005
0.925
0.9839375
1.052625
1.133625
1.157125
1.103125
1.00925
0.9166875
0.861875
0.8566875
0.8949375
0.9844375
1.0606875
1.1086875
1.1600625
1.1378125
1.166625
1.2056875
1.22025
1.2380625
1.169375
1.15175
1.1126875
1.1195
1.1671875
1.1290625
1.085125
0.9941875
0.90325
0.86575
0.88275
0.925625
0.96375
0.99225
0.9701875
0.94575
0.9269375
0.8830625
0.8803125
0.8936875
0.9061875
0.984875
1.024
1.0278125
1.031625
0.96925
0.937125
0.94725
0.9806875
1.057
1.1248125
1.1951875
1.245625
1.226625
1.2021875
1.127625
1.0306875
0.9810625
0.9345
0.918875
0.92225
0.929375
0.94125
0.9276875
0.92975
0.92875
0.9529375
1.01175
1.0549375
1.09575
1.100125
1.07325
1.03075
1.0116875
0.988
0.991375
1.0018125
0.993625
0.9989375
0.981375
0.992375
0.9998125
1.02625
1.05475
1.0674375
1.082375
1.0626875
1.0731875
1.082875
1.0695
1.0831875
1.0608125
1.0298125
1.0415625
1.0304375
1.0274375
1.0065625
0.94575
0.8886875
0.8653125
0.8934375
0.9406875
1.01475
1.0591875
1.044625
1.0503125
1.036875
1.00625
1.0293125
1.0385625
1.0489375
1.0986875
1.1139375
1.12275
1.10625
1.0515
1.019625
0.9813125
1.015875
1.065625
1.080875
1.1014375
1.032875
0.9955
1.0118125
1.0146875
1.05825
1.0745625
1.038125
1.00775
0.99925
0.99075
1.004125
1.0299375
1.0260625
0.9949375
0.9558125
0.9394375
0.9160625
0.9315625
0.9638125
0.969375
0.9895
1.017
1.0505625
1.062
1.113625
1.1186875
1.0891875
1.122
1.090125
1.1058125
1.162625
1.138375
1.1175
1.0618125
0.963875
0.9020625
0.86225
0.829
0.816875
0.807125
0.8008125
0.8258125
0.8695
0.9155625
0.9796875
1.0055
0.9948125
1.007625
0.9705
0.948625
0.9445625
0.9181875
0.9380625
0.9731875
1.026125
1.0766875
1.0875
1.090625
1.0658125
1.0410625
1.0366875
0.9971875
0.964
0.917375
0.8714375
0.87725
0.8910625
0.934
0.977625
0.972875
0.955875
0.9035
0.8504375
0.8215625
0.8240625
0.8643125
0.9069375
0.9495625
0.9903125
1.014125
1.0566875
1.1078125
1.1141875
1.1053125
1.051125
1.004
0.9633125
0.9611875
1.0074375
1.0595
1.123875
1.14075
1.1131875
1.02375
0.938
0.875625
0.832625
0.82575
0.83975
0.855375
0.87275
0.8944375
0.877
0.8863125
0.913875
0.968125
1.06175
1.1244375
1.148875
1.127625
1.062625
0.9776875
0.911
0.852375
0.8419375
0.850875
0.8583125
0.8845
0.8645625
0.8525
0.8451875
0.8521875
0.8849375
0.91375
0.9401875
0.9178125
0.8859375
0.8540625
0.819125
0.83
0.8671875
0.9004375
0.94525
0.9670625
0.9475
0.940125
0.9188125
0.8938125
0.8890625
0.8685
0.853375
0.8461875
0.842875
0.85425
0.885625
0.9288125
0.968125
0.9955625
0.9799375
0.951
0.92625
0.951875
1.023625
1.097625
1.1785
1.188125
1.153875
1.1160625
1.0671875
1.0439375
1.0431875
1.0473125
1.0323125
1.00275
0.99175
0.96575
0.974125
1.0139375
1.0399375
1.0699375
1.090875
1.0949375
1.06975
1.057875
1.0226875
0.9651875
0.9249375
0.8751875
0.8428125
0.8381875
0.8675
0.9015625
0.9275625
0.965
0.9706875
0.976375
0.993125
0.975875
0.9354375
0.940625
0.9578125
1.0069375
1.085
1.096
1.075625
1.0404375
1.022875
1.0481875
1.1119375
1.1556875
1.1603125
1.1201875
1.0565625
1.0105625
1.005125
1.0015625
0.9789375
0.9610625
0.904875
0.914875
0.94425
0.9681875
1.0246875
0.9908125
0.9778125
0.976125
0.942375
0.951875
0.9436875
0.930625
0.9748125
1.04375
1.1080625
1.1604375
1.1255
1.07575
1.0283125
0.994875
1.0286875
1.02825
1.0278125
1.0365
1.0098125
1.03125
1.038125
1.0304375
1.0288125
0.992
0.9885
0.965875
0.963375
0.993625
0.9818125
1.00825
1.0230625
1.0155
1.050375
1.066125
1.0933125
1.122
1.120125
1.1068125
1.08625
1.090875
1.1259375
1.1608125
1.2129375
1.2236875
1.1848125
1.1615
1.0680625
0.96275
0.8996875
0.82875
0.8065
0.84075
0.8709375
0.9323125
0.994375
1.0268125
1.044125
1.031125
1.01675
0.9819375
0.947
0.9181875
0.9206875
0.97325
1.037375
1.07425
1.077125
1.0568125
1.0248125
1.017875
0.9870625
0.9464375
0.940875
0.9535625
0.9941875
1.01775
0.994625
0.93325
0.901125
0.9034375
0.9660625
1.043875
1.0618125
1.06025
0.9921875
0.951125
0.9509375
0.95625
0.9671875
0.943625
0.8981875
0.8558125
0.85575
0.8555
0.8685625
0.881625
0.87425
0.8815625
0.89125
0.9281875
0.936
0.94075
0.936
0.87675
0.853
0.8534375
0.8861875
0.9768125
1.074
1.150375
1.1939375
1.1993125
1.191
1.1565
1.1096875
1.0480625
0.9841875
0.9435625
0.93575
0.98025
1.0028125
1.0439375
1.04675
1.0120625
1.0120625
0.9658125
0.969875
0.959125
0.9281875
0.9275625
0.8996875
0.8935
0.89675
0.9425625
0.9841875
1.051875
1.1178125
1.1125
1.0999375
1.0405625
1.0020625
0.9903125
0.9814375
1.0016875
0.9828125
0.964
0.9589375
0.9345625
0.952625
0.9671875
0.971375
1.0125625
1.011
0.99175
1.001875
1.0099375
1.029625
1.0935
1.1059375
1.046375
0.994625
0.910625
0.8780625
0.9058125
0.9335625
0.9501875
0.9456875
0.941
0.959375
1.0275625
1.0885
1.1403125
1.146
1.1176875
1.0705
1.022875
1.0255625
1.0274375
1.064
1.0986875
1.078875
1.0401875
0.97825
0.8890625
0.827125
0.78825
0.761
0.78825
0.8155
0.84275
0.89725
0.9245
0.963375
1.00225
1.013875
1.0255
1.013875
1.032875
1.024625
0.989125
0.995875
0.968625
0.968625
1.023125
1.043625
1.0675
1.118625
1.1425
1.173125
1.1995625
1.1715
1.11925
1.033
0.9309375
0.883375
0.8569375
0.888375
0.9585
1.0228125
1.1174375
1.160625
1.18875
1.1506875
1.0811875
1.0815
1.055875
1.07175
1.077
0.9901875
0.922625
0.865875
0.8179375
0.8414375
0.87625
0.89525
0.94525
0.97025
0.9818125
1.0094375
0.992625
0.9485625
0.908875
0.8808125
0.88975
0.929
0.9690625
0.9855
0.9820625
0.9764375
0.99275
1.0174375
1.0291875
1.0848125
1.143
1.1928125
1.29875
1.341875
1.3371875
1.3214375
1.2648125
1.2198125
1.1969375
1.2006875
1.2044375
1.1935
1.162625
1.101875
1.0006875
0.93675
0.8948125
0.8979375
0.9524375
0.9946875
1.0551875
1.0649375
1.06875
1.0486875
1.0170625
1.029625
1.043625
1.097625
1.1365
1.1565
1.163625
1.1359375
1.0958125
1.0545625
1.0071875
0.997
1.0115625
1.0325625
1.06275
1.063
1.0623125
1.0328125
1.022625
1.0
0.9701875
0.966125
0.925
0.925
0.9240625
0.9335
0.9851875
1.0221875
1.07875
1.120375
1.1245
1.11075
1.06325
1.0119375
0.9909375
1.010875
1.07925
1.1588125
1.2109375
1.1965
1.1701875
1.1376875
1.159125
1.2546875
1.2865625
1.300875
1.229125
1.08325
0.9881875
0.9059375
0.8693125
0.88875
0.9434375
1.022875
1.1031875
1.1378125
1.08725
1.020875
0.9575
0.9199375
0.9348125
0.9213125
0.9191875
0.9379375
0.9604375
1.007125
1.0641875
1.08125
1.0754375
1.089625
1.03775
1.0334375
1.0371875
1.0018125
1.006875
0.9568125
0.9049375
0.8689375
0.8553125
0.8915625
0.9571875
1.052625
1.09575
1.110375
1.081375
1.006375
0.9645625
0.918
0.906125
0.933125
0.9801875
1.0299375
1.0444375
1.0153125
0.962875
0.9459375
0.9481875
0.9738125
0.991375
0.9816875
0.9821875
1.0043125
1.0395
1.051375
1.0664375
1.0606875
1.037375
1.037375
1.03125
1.02625
1.02525
1.043375
1.0475
1.034125
1.0749375
1.09775
1.109
1.131875
1.084625
1.0203125
0.9824375
0.9704375
0.95875
0.95475
0.9441875
0.8968125
0.8743125
0.863125
0.8664375
0.880875
0.8939375
0.9239375
0.9145
0.924875
0.9631875
0.9704375
0.9995
1.0171875
0.9810625
0.9446875
0.9185
0.8660625
0.8625625
0.8775
0.8768125
0.9231875
0.9433125
0.9515625
0.9669375
0.9345
0.8898125
0.8550625
0.84825
0.8623125
0.8894375
0.9061875
0.8684375
0.8329375
0.80875
0.7949375
0.808375
0.8303125
0.844
0.8525
0.8695
0.881125
0.8875625
0.8896875
0.8748125
0.8451875
0.8176875
0.81475
0.8288125
0.8623125
0.9230625
0.966625
1.0016875
1.05175
1.0619375
1.0418125
1.0404375
0.994125
0.955
0.9685
0.94425
0.960875
0.997625
1.0066875
1.0304375
1.0198125
0.9979375
0.9795
0.965375
0.9783125
0.987375
0.9941875
1.0224375
1.0434375
1.0825
1.1238125
1.1183125
1.093
1.0554375
0.995625
0.98425
1.004125
1.0269375
1.092
1.159625
1.1874375
1.2280625
1.250625
1.2219375
1.236125
1.23225
1.22225
1.239
1.264
1.263375
1.2646875
1.264875
1.2166875
1.175
1.1153125
1.055625
1.0131875
0.9859375
0.9969375
0.99225
0.9686875
0.97325
0.9386875
0.9419375
0.9924375
0.997625
1.031375
1.0354375
1.0141875
1.022625
1.0225
1.0185
1.04125
1.068
1.0861875
1.152875
1.1694375
1.1979375
1.280625
1.2815
1.28575
1.2474375
1.1148125
1.0236875
0.9993125
0.974
0.997375
1.026375
0.9726875
0.9494375
0.974875
0.9988125
1.0788125
1.1243125
1.1030625
1.107625
1.085625
1.10975
1.1455
1.1355625
1.1131875
1.04775
0.967625
0.9435625
0.937125
0.947625
1.024875
1.016375
1.0095625
1.008875
0.9445
0.9775
1.035375
1.095375
1.1915
1.2133125
1.217375
1.208
1.1358125
1.0661875
0.9836875
0.933625
0.936
0.9645
0.97525
0.9406875
0.909875
0.921625
0.9615
1.068125
1.1644375
1.17425
1.200375
1.15525
1.087875
1.076625
1.069625
1.0651875
1.0870625
1.0745625
0.988875
0.9535
0.92775
0.9444375
1.01375
1.031625
1.0358125
0.993375
0.94375
0.9383125
0.930625
0.9539375
0.982875
0.96875
0.9633125
0.961625
1.0031875
1.070875
1.127625
1.1740625
1.14925
1.141375
1.1126875
1.062625
1.0381875
0.9826875
0.9725
0.9816875
0.9678125
0.953
0.8968125
0.839125
0.835125
0.870375
0.946125
1.046625
1.0898125
1.0824375
1.06125
1.0176875
1.0199375
1.0415625
1.03775
1.0595625
1.0474375
1.0431875
1.0769375
1.0594375
1.0715625
1.1
1.1275
1.1881875
1.23825
1.2478125
1.2393125
1.2413125
1.2158125
1.2073125
1.1540625
1.0340625
0.934125
0.848375
0.8340625
0.8766875
0.9449375
1.017875
1.064125
1.1169375
1.1549375
1.1500625
1.137625
1.09125
1.0183125
1.0213125
1.0575
1.108875
1.194875
1.2065625
1.167
1.1800625
1.1989375
1.2243125
1.2753125
1.252
1.1585625
1.103375
1.0481875
1.018625
1.0619375
1.0713125
1.084875
1.0984375
1.0675625
1.0439375
0.9928125
0.9264375
0.8994375
0.9099375
0.94375
1.01225
1.061625
1.0586875
1.0824375
1.0673125
1.0321875
1.0111875
0.932875
0.914875
0.916875
0.9758125
1.0884375
1.1356875
1.2029375
1.195875
1.1426875
1.0898125
0.993875
0.92775
0.933375
0.96625
1.026125
1.0851875
1.0546875
1.041125
1.02275
1.0190625
1.0484375
1.065375
1.0808125
1.05675
1.0891875
1.1065
1.12775
1.14625
1.0713125
0.9848125
0.8975625
0.880125
0.93075
1.0238125
1.1208125
1.13175
1.100375
1.0184375
0.924625
0.8660625
0.829875
0.8463125
0.8808125
0.9205
0.9758125
0.9881875
0.98625
1.0299375
1.0726875
1.149375
1.2294375
1.239375
1.1865
1.14175
1.1118125
1.106375
1.167125
1.17775
1.1735625
1.149125
1.1265625
1.1105
1.0720625
1.050625
0.9878125
0.9655625
1.0136875
1.095
1.1644375
1.21125
1.161375
1.051625
0.9941875
0.9624375
0.979375
1.0278125
1.033875
0.9706875
0.9114375
0.8514375
0.8570625
0.9521875
1.043375
1.1385
1.1509375
1.0699375
0.985
0.8881875
0.819875
0.8041875
0.8040625
0.822
0.8536875
0.8814375
0.8859375
0.8795
0.87125
0.8673125
0.88325
0.8875625
0.8799375
0.8636875
0.8425625
0.8584375
0.88375
0.9325
0.9893125
1.022625
1.0753125
1.1345
1.16225
1.188125
1.21825
1.17475
1.172375
1.145
1.05225
1.0184375
0.9635
0.934375
0.987
1.040125
1.0963125
1.1516875
1.12575
1.0735625
1.014125
0.9523125
0.92575
0.90575
0.894125
0.88725
0.8825
0.91325
0.935625
0.95325
0.977
0.9501875
0.9051875
0.8649375
0.86725
0.937625
1.0569375
1.178625
1.2099375
1.15175
1.03975
0.919125
0.8509375
0.8275
0.834375
0.8494375
0.8534375
0.8535
0.8590625
0.8520625
0.844125
0.848375
0.8440625
0.85625
0.8804375
0.8911875
0.893375
0.89825
0.8838125
0.87975
0.88425
0.860875
0.87975
0.904375
0.949
1.031375
1.0766875
1.1149375
1.1140625
1.072375
1.036
0.976625
0.94025
0.923875
0.8938125
0.902
0.9471875
0.99325
1.048125
1.085
1.055375
1.0291875
1.0098125
0.9881875
0.99975
1.024125
1.052875
1.0903125
1.09025
1.0593125
1.0366875
1.0000625
1.0009375
1.007
0.98175
0.9394375
0.8929375
0.8601875
0.8719375
0.937125
1.0115
1.0746875
1.0921875
1.0521875
1.0060625
0.9943125
1.013
1.07925
1.1315
1.1439375
1.14725
1.11575
1.1174375
1.1344375
1.154375
1.2039375
1.2045625
1.1789375
1.1446875
1.09675
1.0498125
1.027625
0.9898125
0.92975
0.8971875
0.8898125
0.9014375
0.9341875
0.9565625
0.9238125
0.9100625
0.9124375
0.9169375
0.949875
0.939625
0.917125
0.9096875
0.9005
0.9155
0.90425
0.8720625
0.84075
0.808625
0.798875
0.82225
0.8425625
0.910125
0.9855
1.0125
1.0679375
1.0524375
1.0436875
1.0643125
1.03725
1.0296875
0.99275
0.9430625
0.9156875
0.882375
0.881
0.8895625
0.9070625
0.949
0.967625
0.98475
0.9925625
0.9893125
0.9813125
0.9876875
0.9940625
0.9745
0.9654375
0.9301875
0.907125
0.9099375
0.9084375
0.9326875
0.929875
0.9246875
0.9328125
0.9113125
0.9203125
0.9493125
0.958125
0.9965625
0.9966875
0.9568125
0.9405625
0.89425
0.871
0.888875
0.9314375
0.9899375
1.0515
1.0919375
1.0711875
1.0643125
1.0513125
1.014125
0.98575
0.950375
0.9265625
0.9354375
0.9745625
0.9985625
1.0140625
1.035625
1.0315625
1.042625
1.06825
1.0793125
1.1125
1.1266875
1.10325
1.082125
1.035125
1.0290625
1.049125
1.06875
1.098
1.052125
1.0193125
0.965875
0.917625
0.9119375
0.894
0.8948125
0.915625
0.9625625
1.0079375
1.0564375
1.0649375
1.050375
1.019375
0.9766875
0.974
0.9489375
0.9498125
0.95925
0.952875
0.972125
0.9604375
0.94875
0.93625
0.9285625
0.9443125
0.9811875
1.0094375
1.0254375
1.031125
1.003125
0.9628125
0.9305
0.9101875
0.913875
0.9579375
1.0171875
1.0704375
1.0976875
1.0906875
1.05825
1.0175625
0.9914375
0.97675
0.94825
0.9510625
0.976
1.012375
1.088125
1.1419375
1.1436875
1.1225625
1.0670625
1.0054375
1.02175
1.0419375
1.0735
1.0948125
1.068125
1.0380625
1.008625
1.0025
0.9559375
0.9388125
0.9249375
0.8940625
0.922625
0.9376875
0.955125
0.98625
0.98275
0.953125
0.922
0.8868125
0.8563125
0.846125
0.8798125
0.927375
1.004375
1.0821875
1.09075
1.0733125
1.0298125
0.9923125
0.9793125
0.974625
0.965875
0.9670625
0.9694375
0.9784375
0.9990625
1.002625
1.006875
1.003875
1.000875
0.9841875
0.969
0.9746875
0.988875
1.0135625
1.01625
0.9995
1.0144375
1.04175
1.09875
1.1580625
1.140125
1.1251875
1.0991875
1.0731875
1.0956875
1.1146875
1.1184375
1.111125
1.0935
1.0649375
1.0460625
1.0375
1.030875
1.0034375
0.982375
0.9515
0.8988125
0.8703125
0.8651875
0.8953125
0.93875
1.0045
1.0195
1.0075
1.006125
0.9655625
0.9815
0.9851875
1.0008125
1.047875
1.0350625
1.0368125
1.019125
0.9645
0.9878125
1.0033125
1.021125
1.0645625
1.0419375
1.0570625
1.049125
1.064625
1.0675625
1.034125
1.0468125
1.050875
1.1073125
1.1690625
1.18775
1.1396875
1.0520625
0.9655625
0.9446875
0.9755625
1.0509375
1.114875
1.0875625
1.0571875
0.994875
0.9354375
0.921625
0.9278125
0.9330625
0.9925
1.0495625
1.071375
1.0884375
1.0194375
0.9751875
0.9614375
0.9534375
0.9806875
0.9866875
0.954375
0.9326875
0.9161875
0.8774375
0.87
0.8516875
0.833375
0.8561875
0.8655625
0.885125
0.9246875
0.929
0.939375
0.94025
0.94675
0.9606875
0.9951875
1.039875
1.0109375
1.012875
0.968
0.913125
0.9171875
0.8790625
0.8916875
0.928
0.972375
1.055
1.1175
1.14175
1.1394375
1.118
1.084875
1.091125
1.1060625
1.101875
1.104125
1.085
1.06475
1.083875
1.101875
1.122125
1.142375
1.142375
1.144625
1.14575
1.126625
1.08725
1.045625
1.004
1.002875
1.06675
1.132875
1.2235
1.318375
1.344
1.34825
1.328
1.25875
1.2385
1.23525
1.2075
1.203125
1.1295
1.107125
1.089
1.052
1.0565
0.96825
0.90025
0.873375
0.853
0.88125
0.928625
0.954875
0.98175
0.997625
0.972
0.926125
0.8725
0.848375
0.870125
0.932375
0.99525
1.036875
1.055
1.077375
1.1265
1.1745
1.20225
1.181
1.13625
1.0915
1.06375
1.059375
1.038625
1.01675
1.046125
1.07775
1.142125
1.1930625
1.1779375
1.1605625
1.111125
1.0908125
1.106625
1.1044375
1.1179375
1.0945
1.027375
1.0026875
1.000125
1.049875
1.12525
1.173125
1.1913125
1.173125
1.159125
1.1285
1.090875
1.0385625
0.9555
0.9140625
0.90175
0.938125
1.0034375
1.0490625
1.0570625
1.03225
1.013625
0.97275
0.9665625
0.9433125
0.9229375
0.9213125
0.8964375
0.8915
0.855125
0.844625
0.8688125
0.913875
0.9989375
1.0483125
1.074625
1.06325
1.0088125
0.9851875
0.9415625
0.917125
0.943
0.9235625
0.925
0.9518125
0.9248125
0.923625
0.9206875
0.878625
0.8655
0.87325
0.8870625
0.933625
1.002
1.050375
1.1159375
1.1560625
1.153
1.154125
1.1264375
1.0816875
1.05075
0.996875
0.9283125
0.885625
0.848125
0.84625
0.8930625
0.938375
0.988875
1.0163125
0.988625
0.98675
0.9931875
1.0108125
1.056
1.055875
1.029
0.9845625
0.944875
0.9424375
0.9689375
0.9994375
1.0204375
0.996125
0.9319375
0.8763125
0.830625
0.8076875
0.8306875
0.876
0.9109375
0.9498125
0.9568125
0.92775
0.9090625
0.898625
0.890625
0.896375
0.9006875
0.8885
0.90425
0.9114375
0.9259375
0.997375
1.051625
1.142
1.2013125
1.2119375
1.19225
1.114375
1.0650625
1.01575
1.0053125
1.0496875
1.0980625
1.10625
1.09425
1.042375
0.984375
0.9665625
0.9573125
0.966875
0.9624375
0.95775
0.95225
0.95925
0.9538125
0.9443125
0.933375
0.9049375
0.894125
0.884375
0.8846875
0.8621875
0.8453125
0.8540625
0.8588125
0.8960625
0.934375
0.9759375
1.005125
1.048625
1.1101875
1.1056875
1.1066875
1.058
0.9679375
0.913125
0.9100625
0.9545625
1.0095
1.089625
1.0754375
1.02125
0.99675
0.95225
0.9588125
1.0065
1.0319375
1.0585
1.08275
1.0701875
1.0379375
0.982625
0.915625
0.8640625
0.83175
0.8221875
0.82975
0.83
0.8389375
0.8518125
0.856125
0.870375
0.8779375
0.9001875
0.9380625
0.9946875
1.050875
1.068625
1.0474375
1.0063125
0.9654375
0.9438125
0.9455
0.929125
0.915625
0.9175625
0.9461875
0.9914375
1.025
1.0493125
1.039375
1.0445
1.08575
1.093
1.115375
1.1229375
1.07625
1.077125
1.062875
1.033375
1.03825
1.004
0.9581875
0.9205
0.87175
0.8498125
0.846125
0.848875
0.8506875
0.8331875
0.8174375
0.829625
0.846125
0.8820625
0.921
0.9170625
0.91225
0.8925
0.8693125
0.850125
0.859375
0.8866875
0.9135625
0.956
0.9485
0.9266875
0.90825
0.8935625
0.904625
0.91475
0.9138125
0.91775
0.92975
0.942125
0.9813125
1.0068125
1.0094375
1.0390625
1.0265
0.9959375
0.98825
0.935125
0.9133125
0.9149375
0.8820625
0.870875
0.86625
0.89775
0.955375
1.0409375
1.0893125
1.0758125
1.0678125
1.054
1.0849375
1.15875
1.2354375
1.2459375
1.222625
1.1564375
1.0799375
1.055875
1.0546875
1.0555
1.0349375
1.018125
0.9940625
1.01225
1.0709375
1.1438125
1.196875
1.227125
1.2129375
1.1329375
1.0569375
0.9588125
0.884875
0.842625
0.82025
0.8601875
0.9488125
1.0459375
1.129625
1.173125
1.1223125
1.0745625
1.052
0.98075
0.9636875
0.9435625
0.9034375
0.9150625
0.93375
0.949375
0.945
0.94575
0.930875
0.922125
0.933375
0.9558125
0.951
0.9520625
0.953125
0.9126875
0.8995
0.8684375
0.8343125
0.8138125
0.816375
0.844
0.9019375
0.98
1.031125
1.050875
1.0168125
0.9625625
0.8936875
0.8391875
0.8221875
0.859375
0.9183125
0.97575
1.010625
0.955125
0.8946875
0.8381875
0.796375
0.7960625
0.814375
0.8328125
0.8693125
0.908375
0.9195625
0.925125
0.9084375
0.9009375
0.9448125
1.0413125
1.1165625
1.1830625
1.1876875
1.119125
1.0805
1.033875
1.0045
0.9870625
0.956875
0.938875
0.9211875
0.91225
0.9139375
0.935
0.94075
0.9911875
1.076375
1.1596875
1.26525
1.3043125
1.3031875
1.235875
1.211125
1.192
1.148375
1.19425
1.14975
1.146375
1.192
1.16725
1.206375
1.20325
1.1541875
1.156375
1.118625
1.1011875
1.101
1.03475
0.9870625
0.986625
0.990375
1.049375
1.1136875
1.1020625
1.0751875
1.0335
1.00875
1.017375
1.0365
1.08125
1.131625
1.1823125
1.258875
1.27275
1.2208125
1.1396875
1.0163125
0.926625
0.870875
0.8418125
0.8308125
0.839125
0.870625
0.90475
0.966125
0.9880625
0.9769375
0.978625
0.9435625
0.939125
0.9508125
0.92825
0.91825
0.916375
0.935625
0.9879375
1.0478125
1.0724375
1.0556875
1.0260625
1.0003125
1.0401875
1.098625
1.1306875
1.121375
1.0208125
0.920375
0.8665625
0.86375
0.9113125
0.968
0.9748125
0.941875
0.923625
0.8918125
0.913125
0.95075
0.9501875
0.961625
0.92775
0.9173125
0.919375
0.9154375
0.933375
0.9085
0.8906875
0.864625
0.8320625
0.8243125
0.8399375
0.8638125
0.9134375
0.96
0.963375
0.97525
0.934125
0.9171875
0.9140625
0.897875
0.913
0.895875
0.8815625
0.876125
0.8775625
0.895125
0.9335625
0.960125
0.973125
0.9508125
0.9180625
0.91525
0.9379375
0.996125
1.019
0.9995
0.9579375
0.908125
0.8940625
0.92
0.978
1.02775
1.0605
1.05325
0.9763125
0.933
0.9064375
0.899875
0.94675
0.9506875
0.9388125
0.926125
0.8784375
0.871125
0.8706875
0.8688125
0.9193125
0.928
0.964625
1.0074375
1.019625
1.0698125
1.0685625
1.0625
1.0340625
0.956
0.9103125
0.8841875
0.87525
0.90475
0.922625
0.923125
0.934
0.92925
0.9231875
0.895
0.87875
0.919
0.964
1.0493125
1.0960625
1.0485
1.000125
0.91875
0.8790625
0.905
0.9781875
1.08725
1.179125
1.2361875
1.1988125
1.132625
1.057875
1.013875
1.025
1.04375
1.0949375
1.1290625
1.1713125
1.2061875
1.1774375
1.152125
1.1371875
1.134625
1.1759375
1.192625
1.1580625
1.1136875
1.0451875
1.0044375
0.9685
0.915125
0.9070625
0.8933125
0.9059375
0.939625
0.91825
0.897375
0.8670625
0.83675
0.8509375
0.883625
0.941625
1.0071875
1.03625
1.022375
0.9616875
0.8971875
0.8700625
0.8663125
0.912125
0.9504375
0.971375
0.993125
0.98825
0.987375
0.9813125
0.9808125
0.9640625
0.9691875
0.9675
0.9755
0.9998125
0.979625
0.983375
0.973
0.9915625
1.0273125
1.0280625
1.0265625
0.97125
0.9453125
0.962875
0.9776875
1.022
1.036625
1.019375
1.0174375
1.0140625
0.995125
0.9964375
0.95875
0.92025
0.902125
0.8775
0.904625
0.929375
0.977875
1.0215625
1.016875
1.0445
1.04775
1.05525
1.0869375
1.08225
1.059375
1.02925
1.02025
0.9935
0.9846875
0.968625
0.90725
0.8723125
0.868875
0.8659375
0.8991875
0.9279375
0.8968125
0.8841875
0.8748125
0.87075
0.9044375
0.971
1.0204375
1.094375
1.1559375
1.15375
1.135875
1.062875
0.9911875
0.941625
0.9018125
0.8865
0.899125
0.89725
0.9116875
0.9291875
0.918375
0.9154375
0.9146875
0.917
0.901875
0.905875
0.891625
0.8743125
0.885625
0.8766875
0.887875
0.926625
0.9535
0.9940625
1.006125
0.9685
0.942875
0.90775
0.88425
0.8783125
0.8553125
0.8370625
0.8191875
0.8325625
0.8553125
0.89675
0.942125
0.938
0.9394375
0.949125
0.9673125
1.00875
1.039875
1.0031875
0.9725625
0.9410625
0.9135
0.9431875
0.93525
0.9315625
0.9264375
0.8838125
0.86425
0.8323125
0.8056875
0.8049375
0.82725
0.8856875
0.9410625
1.0325625
1.102125
1.1213125
1.1646875
1.1263125
1.089875
1.0956875
1.053125
1.052125
1.043875
1.0143125
1.0300625
1.036625
1.0460625
1.0511875
1.0195
1.0180625
1.0078125
1.007625
1.04
1.0519375
1.0701875
1.073125
1.041625
0.997375
0.960375
0.9254375
0.9115
0.905625
0.889
0.8825625
0.8696875
0.875
0.8859375
0.92025
0.9609375
0.9676875
1.001125
0.991375
0.9705625
0.9734375
0.9263125
0.893
0.8750625
0.8463125
0.841
0.862
0.8943125
0.9548125
1.03925
1.086875
1.0855625
1.0868125
1.0456875
1.023375
1.0609375
1.0275625
1.0150625
0.99175
0.9109375
0.8743125
0.8635
0.8595
0.905375
0.984125
1.013375
1.0520625
1.0515625
0.9920625
0.9591875
0.9139375
0.89625
0.9129375
0.9414375
0.9931875
1.0233125
1.06225
1.0825
1.0833125
1.0950625
1.072
1.0765
1.0768125
1.0728125
1.1049375
1.0880625
1.0643125
1.0431875
1.012125
0.993
0.976
0.9856875
0.966875
0.9976875
1.0383125
1.0484375
1.0778125
1.0445
1.008625
0.9565
0.9159375
0.881
0.85375
0.8674375
0.8671875
0.8869375
0.8955
0.86875
0.8483125
0.832625
0.8306875
0.8418125
0.860125
0.8889375
0.8975625
0.939875
0.964375
0.9811875
1.0126875
0.986875
0.986875
0.986875
0.986875
