0.009375
0.009375
0.009375
0.009375
0.0225
0.0275
0.0325
0.020625
0.02625
0.01125
-0.006875
0.021875
0.001875
-0.025
-0.050625
-0.086875
-0.084375
-0.049375
0.021875
0.07375
0.113125
0.115
0.05
-0.011875
-0.064375
-0.090625
-0.08625
-0.06875
-0.054375
-0.023125
0.011875
0.05
0.086875
0.064375
0.045625
0.000625
-0.03875
-0.043125
-0.055625
-0.0575
-0.06375
-0.07
-0.07125
-0.060625
-0.058125
-0.056875
-0.06375
-0.08125
-0.090625
-0.1
-0.098125
-0.078125
-0.05375
-0.019375
0.01
0.005
-0.004375
-0.030625
-0.065
-0.070625
-0.080625
-0.075625
-0.061875
-0.065
-0.05875
-0.069375
-0.081875
-0.08125
-0.08875
-0.083125
-0.076875
-0.0825
-0.086875
-0.096875
-0.103125
-0.099375
-0.091875
-0.083125
-0.08125
-0.084375
-0.09125
-0.095
-0.09375
-0.093125
-0.08125
-0.075625
-0.0575
-0.03
-0.016875
0.001875
-0.006875
-0.02875
-0.048125
-0.06625
-0.066875
-0.060625
-0.04625
-0.030625
-0.026875
-0.0275
-0.03625
-0.054375
-0.0575
-0.04625
-0.03
-0.00375
0.0075
0.00375
-0.005
-0.023125
-0.031875
-0.044375
-0.054375
-0.060625
-0.0675
-0.06375
-0.06125
-0.061875
-0.0675
-0.073125
-0.071875
-0.06375
-0.04375
-0.033125
-0.0325
-0.03375
-0.05125
-0.0625
-0.066875
-0.0725
-0.07125
-0.068125
-0.07
-0.071875
-0.0675
-0.066875
-0.06375
-0.0575
-0.056875
-0.051875
-0.05125
-0.060625
-0.06625
-0.069375
-0.06125
-0.0425
-0.0325
-0.029375
-0.040625
-0.053125
-0.06
-0.059375
-0.031875
-0.031875
-0.02625
-0.02625
-0.02625
-0.02625
