-0.825
-0.825
-0.825
-0.825
-0.85
-0.778125
-0.615625
-0.4375
-0.2
0.0125
0.165625
0.3
0.353125
0.28125
0.190625
-0.021875
-0.1875
-0.21875
-0.321875
-0.253125
-0.190625
-0.33125
-0.30625
-0.35
-0.325
-0.09375
-0.00625
0.009375
-0.125
-0.334375
-0.4875
-0.584375
-0.525
-0.525
-0.55
-0.509375
-0.571875
-0.590625
-0.484375
-0.465625
-0.459375
-0.403125
-0.471875
-0.378125
-0.184375
0.09375
0.4
0.509375
0.571875
0.390625
0.26875
0.28125
0.28125
0.496875
0.546875
0.4
0.25625
-0.0625
-0.25
-0.265625
-0.346875
-0.215625
-0.165625
-0.190625
-0.03125
-0.05625
0.0375
0.165625
0.03125
0.015625
-0.13125
-0.290625
-0.24375
-0.315625
-0.196875
-0.053125
-0.034375
-0.028125
-0.20625
-0.309375
-0.346875
-0.30625
-0.184375
-0.16875
-0.146875
-0.125
-0.0875
-0.1
-0.15
-0.146875
-0.24375
-0.265625
-0.1625
-0.15
-0.0125
0.171875
0.15625
0.190625
0.165625
0.040625
0.08125
0.109375
0.09375
0.1125
0.046875
-0.05
-0.20625
-0.28125
-0.24375
-0.090625
0.175
0.315625
0.215625
-0.065625
-0.378125
-0.578125
-0.6125
-0.5375
-0.4
-0.328125
-0.2875
-0.19375
-0.08125
-0.03125
0.096875
0.153125
0.184375
0.2875
0.259375
0.175
0.05625
-0.0375
-0.053125
-0.015625
-0.115625
-0.1875
-0.146875
-0.109375
0.134375
0.346875
0.36875
0.396875
0.28125
0.0375
-0.1875
-0.471875
-0.6125
-0.628125
-0.55625
-0.4
-0.4
-0.43125
-0.49375
-0.49375
-0.49375
-0.49375
