-0.068625
-0.068625
-0.068625
-0.068625
-0.1359375
-0.1208125
-0.016
0.0600625
0.0988125
0.0400625
-0.0424375
-0.081875
-0.04725
0.053
0.1309375
0.1500625
0.0974375
0.02625
-0.0356875
-0.0131875
0.019
0.07225
0.1085625
0.047375
0.0140625
-0.0396875
-0.11075
-0.1168125
-0.1184375
-0.1200625
-0.0636875
-0.0419375
-0.050375
-0.106125
-0.1673125
-0.2111875
-0.2099375
-0.1539375
-0.146
-0.1003125
-0.109
-0.074625
-0.01025
0.011125
0.0965625
0.083125
0.0415625
-0.0368125
-0.16175
-0.211125
-0.2435
-0.1970625
-0.1515
-0.1119375
-0.054125
-0.0095
0.07675
0.0913125
0.117625
0.0753125
0.0019375
-0.013125
-0.050375
-0.0399375
-0.059875
-0.075375
-0.1235
-0.155375
-0.147
-0.141625
-0.103625
-0.12125
-0.158625
-0.2019375
-0.2348125
-0.2130625
-0.1904375
-0.1744375
-0.1394375
-0.092875
-0.0373125
0.0026875
-0.0065625
-0.04525
-0.0915
-0.0966875
-0.063125
-0.0348125
0.048
0.078125
0.0503125
0.043625
-0.0271875
-0.013625
0.04675
0.09125
0.128125
0.0745625
0.038
-0.0144375
0.000625
0.0328125
0.027625
0.0115
-0.0473125
-0.0474375
-0.0529375
-0.0048125
0.0254375
0.0331875
0.109625
0.15725
0.2194375
0.21175
0.119875
-0.0100625
-0.166
-0.26125
-0.307875
-0.2776875
-0.1855625
-0.101
-0.0369375
0.0009375
-0.007
-0.0059375
-0.0094375
-0.03075
-0.03825
-0.024375
-0.01225
-0.022625
-0.0210625
-0.070375
-0.1054375
-0.0638125
-0.03475
0.0148125
0.059125
0.0413125
0.0235
0.009
-0.00025
0.0103125
-0.009625
-0.009625
-0.009625
-0.009625
