0.971875
0.971875
0.971875
0.971875
0.993125
1.0175
1.05125
1.0975
1.115625
1.104375
1.094375
1.068125
1.04125
1.0375
1.023125
1.00125
0.991875
0.975625
0.951875
0.9475
0.93875
0.93375
0.955
0.968125
0.994375
1.0275
1.038125
1.036875
1.02375
0.989375
0.961875
0.960625
0.963125
0.990625
1.005
1.009375
1.01875
1.01125
1.031875
1.02625
1.01
0.99375
0.951875
0.95
0.950625
0.95375
0.968125
0.9725
0.97375
0.97875
0.98375
0.96125
0.95
0.935
0.92625
0.939375
0.954375
0.978125
1.005625
1.024375
1.035
1.038125
1.03125
1.03125
1.03125
1.029375
1.02625
1.031875
1.02
1.02
1.02
1.02
