1.34
1.34
1.34
1.34
1.38
1.305
1.19125
1.07
1.004375
0.985625
1.005625
1.100625
1.190625
1.353125
1.420625
1.353125
1.280625
1.05125
0.973125
0.949375
0.9125
1.015625
0.975625
0.93375
0.901875
0.80125
0.765625
0.79875
0.904375
1.054375
1.20125
1.304375
1.34375
1.28125
1.211875
1.12375
1.040625
1.013125
1.02125
0.995625
0.958125
0.921875
0.86
0.911875
1.01
1.199375
1.45875
1.57125
1.570625
1.435625
1.14875
0.9025
0.726875
0.69125
0.8325
1.015625
1.243125
1.37875
1.338125
1.37625
1.398125
1.398125
1.398125
1.398125
