-0.178125
-0.178125
-0.178125
-0.178125
-0.240625
-0.1375
-0.053125
-0.034375
0.13125
0.24375
0.5
0.7
0.725
0.58125
0.309375
0.01875
-0.05625
-0.003125
-0.0875
-0.06875
-0.3
-0.53125
-0.640625
-0.659375
-0.475
-0.225
0.11875
0.21875
0.275
0.265625
0.1125
0.08125
0.0125
-0.109375
-0.16875
-0.215625
-0.3
-0.33125
-0.328125
-0.265625
-0.125
0.06875
0.19375
0.221875
0.06875
-0.203125
-0.315625
-0.4375
-0.4125
-0.315625
-0.340625
-0.30625
-0.2375
-0.11875
-0.003125
0.0875
0.228125
0.375
0.521875
0.721875
0.6875
0.453125
0.096875
-0.359375
-0.653125
-0.796875
-0.84375
-0.771875
-0.71875
-0.590625
-0.365625
-0.20625
0.01875
0.075
6.93889390391e-18
-0.078125
-0.30625
-0.30625
-0.30625
-0.30625
