-0.064375
-0.064375
-0.064375
-0.064375
-0.060625
-0.06
-0.054375
-0.053125
-0.029375
-0.005625
0.04375
0.093125
0.1275
0.156875
0.13125
0.108125
0.0725
0.026875
-0.0025
-0.025
-0.02625
-0.024375
0.00375
0.02
0.008125
0.02
-0.00375
-0.025
-0.045625
-0.088125
-0.110625
-0.09875
-0.0475
-0.0025
0.073125
0.10125
0.1225
0.16125
0.13375
0.081875
-0.00375
-0.10375
-0.16625
-0.16875
-0.11875
-0.0425
0.04375
0.126875
0.14375
0.125625
0.11
0.093125
0.106875
0.11875
0.098125
0.06125
0.060625
0.105625
0.149375
0.160625
0.104375
0.02
-0.0475
-0.080625
-0.0475
-0.04125
-0.01625
0.003125
-0.010625
-0.010625
-0.010625
-0.010625
