0.1225
0.1225
0.1225
0.1225
0.130625
0.15
0.161875
0.150625
0.133125
0.09625
0.078125
0.08
0.09375
0.12875
0.14375
0.138125
0.1225
0.096875
0.080625
0.0875
0.099375
0.11
0.12
0.118125
0.1225
0.123125
0.126875
0.12125
0.103125
0.0875
0.07875
0.0775
0.0875
0.105625
0.10875
0.124375
0.13625
0.141875
0.16125
0.160625
0.149375
0.139375
0.109375
0.0875
0.085625
0.08
0.086875
0.09625
0.089375
0.08625
0.085
0.0925
0.10875
0.1125
0.125
0.128125
0.129375
0.155625
0.16125
0.1625
0.15625
0.124375
0.11125
0.104375
0.09875
0.108125
0.1025
0.094375
0.10125
0.11
0.1325
0.14625
0.151875
0.144375
0.119375
0.109375
0.0875
0.076875
0.085
0.08
0.085
0.09375
0.084375
0.08
0.074375
0.051875
0.045625
0.04125
0.0425
0.05375
0.058125
0.065
0.075
0.083125
0.095
0.114375
0.115625
0.119375
0.118125
0.106875
0.116875
0.135625
0.146875
0.145625
0.1325
0.105
0.08375
0.086875
0.081875
0.08875
0.1
0.1
0.11875
0.13125
0.151875
0.16
0.16
0.16
0.16
