-3.99375
-3.99375
-3.99375
-3.99375
-4.235625
-5.14875
-5.583125
-5.231875
-4.421875
-3.20625
-2.548125
-1.661875
-0.926875
-0.721875
-1.284375
-2.29375
-3.08125
-3.4125
-3.196875
-3.280625
-3.44875
-3.808125
-4.015
-3.604375
-3.97
-4.90875
-5.35125
-6.111875
-6.193125
-5.081875
-4.5975
-4.54
-4.4825
-5.016875
-5.015625
-4.175625
-2.62875
-1.3
-0.54125
-0.815625
-2.1025
-3.715
-5.23875
-5.48
-5.0675
-3.55625
-1.970625
-1.04
-0.765
-1.021875
-1.138125
-1.445
-1.37
-1.536875
-1.7475
-1.576875
-1.665625
-1.48875
-1.33875
-2.02625
-2.480625
-3.124375
-3.880625
-3.370625
-2.84625
-2.55625
-2.22375
-3.138125
-4.65375
-5.1925
-5.73125
-5.73125
-5.73125
-5.73125
