0.06479865625
0.06479865625
0.06479865625
0.06479865625
0.0875020375
0.0903947
0.0915536625
0.0962481375
0.087365435
0.08767708625
0.07811266875
0.06492512
0.06260711375
0.06449668125
0.07550263625
0.0783466225
0.076194119375
0.0661621575
0.051104483125
0.035890989375
0.02273258125
0.01397654125
0.006798344375
0.005376341875
0.01006116625
0.015573866875
0.022752063125
0.03168341625
0.03322229375
0.036767564375
0.045163233125
0.0534322825
0.060279331875
0.06108773125
0.052107675
0.03801425125
0.02670639
0.017434140625
0.011434453125
0.012349988125
0.023667616875
0.047237871875
0.075502684375
0.097212645625
0.100689725625
0.08409313625
0.06237344
0.0451924675
0.03714741375
0.0364266725
0.03958235
0.04351720625
0.04302047625
0.043429546875
0.03795580875
0.031956126875
0.03343657375
0.03508259375
0.05067596875
0.061341025
0.06396104625
0.070428269375
0.0568705025
0.045864554375
0.04459836
0.04459836
0.04459836
0.04459836
