0.07912515
0.07912515
0.07912515
0.07912515
0.080239225
0.07320385625
0.0602156
0.05653010625
0.0628758625
0.0682952
0.07313921875
0.067756025
0.05025236875
0.0373066875
0.032341575
0.0393529125
0.058832275
0.08033179375
0.0944260625
0.09664354375
0.0860526125
0.07189918125
0.05862279375
0.05065651875
0.05305470625
0.05333528125
0.0590392625
0.06509911875
0.0626299863125
0.058343022625
0.0496846901875
0.042265139
0.0402686651875
0.044584447625
0.0471585800625
0.05150313125
0.060786175
0.06769240625
0.07510081875
0.077698225
0.07320006875
0.0663251
0.062194775
0.06176565
0.0586401375
0.0572901363125
0.057301153875
0.0552229589375
0.0619577265
0.0754709276875
0.085988272625
0.0943880050625
0.09592889375
0.091769875
0.08891286875
0.08423803125
0.0790183875
0.0666671613125
0.051844447625
0.0448926214375
0.043514239
0.0533269589375
0.066085516375
0.0718976363125
0.07250534375
0.0646408625
0.051801
0.04104050625
0.0363547625
0.036552675
0.03830665
0.04657525625
0.04566709375
0.04523931875
0.05272815
0.0551112
0.0664922625
0.07482630625
0.07225908125
0.06709701875
0.0580971125
0.053892675
0.05479308125
0.05463405
0.05691069375
0.05445165625
0.055798325
0.06513948125
0.06513948125
0.06513948125
0.06513948125
