3.1
3.1
3.1
3.1
2.7625
1.65
1.11875
0.825
0.90625
0.675
0.28125
-0.1
-0.5625
-0.46875
-0.43125
-0.2125
-0.04375
0.5125
0.875
0.8
1.05625
0.8875
0.25625
0.2375
-0.40625
-0.99375
-0.3
0.225
1.3625
2.73125
3.3625
3.325
2.98125
1.325
-0.9
-2.25625
-3.875
-4.175
-3.36875
-2.4125
-1.5
-0.4375
-0.04375
0.0375
0.99375
1.39375
2.63125
3.8125
4.50625
5.325
5.03125
4.2875
2.73125
1.2625
-0.225
-1.3375
-1.375
-1.675
-0.46875
0.78125
1.30625
2.3625
1.96875
1.65625
1.46875
0.025
-1.3
-3.19375
-4.775
-4.5
-3.6125
-1.8375
0.76875
2.325
2.975
3.3875
2.99375
2.7625
3.13125
2.35
0.4625
-2.475
-4.93125
-5.9625
-5.025
-2.4375
-0.13125
1.50625
2.28125
2.275
2.125
2.49375
2.2375
2.46875
2.125
1.30625
1.23125
-9.71445146547e-17
-0.675
-0.95
-1.5375
-0.875
0.175
1.25625
2.1
2.325
1.925
0.2125
-0.8875
-1.8125
-2.28125
-1.24375
-0.375
0.3
0.58125
0.275
-0.075
-0.53125
-0.96875
-1.675
-3.05625
-4.39375
-6.09375
-6.78125
-6.84375
-5.74375
-4.1625
-3.8
-3.4375
-4.90625
-6.375
-7.31875
-7.525
-6.3
-4.78125
-3.20625
-2.50625
-2.575
-2.65625
-1.79375
-0.65625
0.3875
1.51875
1.3625
0.33125
0.3
-0.46875
-0.46875
0.90625
1.34375
2.14375
2.4375
2.19375
2.66875
3.2625
3.73125
3.9375
3.30625
2.45
1.31875
-0.225
-1.9625
-3.13125
-3.50625
-2.7375
-0.375
1.24375
2.925
3.46875
1.9625
0.0625
-3.15625
-5.80625
-7.43125
-7.4875
-6.6
-5.7125
-4.76875
-5.65625
-6.54375
-7.43125
-7.69375
-6.75625
-5.81875
-3.85625
-2.575
-1.75
0.1
-0.1
-0.6625
-0.7875
-2.3875
-2.5875
-2.175
-1.725
-1.10625
-0.55625
-0.4
-0.45
0.125
0.35
0.80625
1.18125
0.575
-0.16875
-1.35
-2.4625
-2.68125
-3.175
-2.9125
-2.75
-2.3625
-1.0375
-0.11875
0.5
0.925
1.0125
1.15625
1.40625
0.6375
-0.64375
-2.18125
-3.31875
-3.075
-2.14375
-1.11875
0.15
-0.11875
-0.64375
-0.75625
-0.95625
0.2875
0.83125
1.06875
0.68125
-0.875
-1.79375
-2.45
-2.8
-2.08125
-0.88125
-0.63125
-0.075
0.1375
0.4125
1.9875
1.9875
1.9875
1.9875
