0.95
0.95
0.95
0.95
1.03125
1.18125
0.85
0.55
0.08125
0.2625
0.33125
0.71875
1.21875
1.00625
0.89375
-0.06875
-1.25625
-1.24375
-1.83125
-1.06875
-0.025
-0.33125
0.84375
1.18125
1.20625
1.775
1.18125
0.30625
-0.36875
-0.9125
-1.0
-0.48125
-0.3875
-1.0375
-2.5875
-4.26875
-4.84375
-4.18125
-2.04375
0.45
1.58125
2.0625
1.125
-0.675
-1.55625
-2.71875
-3.0
-3.48125
-3.8125
-3.65
-3.2625
-1.8875
-0.84375
-0.09375
0.575
0.86875
0.94375
1.00625
0.38125
-0.4
-1.3375
-2.15625
-2.83125
-2.99375
-2.49375
-1.5125
-0.13125
0.375
0.9625
0.93125
0.65625
1.1375
0.4625
-0.41875
-1.15625
-2.05
-2.2125
-2.23125
-2.51875
-2.6375
-3.05
-2.68125
-2.41875
-2.7375
-2.50625
-2.46875
-1.7125
-0.29375
1.55625
2.36875
2.05625
1.4
-0.66875
-2.0875
-2.5875
-3.00625
-2.91875
-2.56875
-2.15
-2.0
-1.575
-1.425
-1.925
-1.96875
-1.4875
-1.00625
0.24375
0.24375
0.24375
0.24375
