-0.196875
-0.196875
-0.196875
-0.196875
-0.234375
-0.234375
-0.11875
-0.08125
0.0125
0.03125
-0.0625
-0.06875
-0.0875
-0.06875
0.009375
0.040625
0.0125
-0.034375
-0.11875
-0.19375
-0.19375
-0.175
-0.121875
-0.103125
-0.153125
-0.203125
-0.265625
-0.2875
-0.2625
-0.25625
-0.20625
-0.18125
-0.234375
-0.20625
-0.190625
-0.13125
0.046875
0.11875
0.121875
0.09375
-0.034375
-0.11875
-0.11875
-0.128125
-0.109375
-0.05
-0.071875
-0.10625
-0.128125
-0.24375
-0.278125
-0.265625
-0.21875
-0.0875
-0.05625
-0.09375
-0.178125
-0.2625
-0.25
-0.2125
-0.121875
-0.06875
-0.071875
-0.05625
-0.13125
-0.215625
-0.234375
-0.234375
-0.234375
-0.234375
-0.234375
