-2.715
-2.715
-2.715
-2.715
-4.07375
-6.04375
-6.976875
-7.445625
-6.625625
-5.385
-4.6425
-3.891875
-4.116875
-4.699375
-5.781875
-6.880625
-7.9625
-8.801875
-8.64125
-8.250625
-7.1275
-6.218125
-5.576875
-5.379375
-5.9325
-6.28
-7.440625
-8.379375
-8.96875
-9.55
-9.55
-9.200625
-8.85125
-7.920625
-7.140625
-7.059375
-6.7575
-6.956875
-6.846875
-6.538125
-6.670625
-6.916875
-6.865625
-6.66375
-6.233125
-6.546875
-7.833125
-9.1175
-9.63875
-8.65
-7.24375
-5.16
-4.775625
-5.75625
-6.63625
-8.446875
-8.519375
-7.245625
-5.97375
-4.380625
-4.380625
-4.380625
-4.380625
