-0.365625
-0.365625
-0.365625
-0.365625
-0.365625
-0.2875
-0.128125
0.009375
0.075
0.096875
-0.025
-0.103125
-0.1375
-0.1875
-0.125
-0.15625
-0.171875
-0.11875
-0.121875
-0.021875
-0.0125
-0.08125
-0.134375
-0.215625
-0.221875
-0.215625
-0.153125
-0.15625
-0.190625
-0.228125
-0.3375
-0.3375
-0.3125
-0.20625
-0.103125
-0.08125
-0.003125
-0.01875
1.38777878078e-17
0.075
0.0375
0.0625
0.09375
0.025
-0.00625
-0.06875
-0.209375
-0.234375
-0.2375
-0.259375
-0.19375
-0.215625
-0.234375
-0.265625
-0.325
-0.321875
-0.359375
-0.334375
-0.309375
-0.315625
-0.25625
-0.271875
-0.240625
-0.240625
-0.240625
-0.240625
