-3.6875
-3.6875
-3.6875
-3.6875
-4.440625
-5.403125
-6.354375
-7.844375
-7.793125
-7.454375
-7.329375
-6.0525
-6.63375
-7.23125
-7.04
-7.978125
-7.984375
-7.974375
-8.480625
-8.569375
-8.161875
-7.443125
-6.839375
-5.706875
-5.0725
-4.305625
-3.383125
-3.221875
-2.945625
-4.05125
-5.73625
-6.57375
-7.9825
-8.459375
-7.899375
-7.970625
-7.585625
-6.774375
-6.155625
-5.421875
-4.748125
-4.3175
-4.998125
-5.56375
-6.168125
-7.0725
-6.630625
-6.48875
-6.0975
-6.089375
-7.011875
-7.749375
-8.78625
-8.396875
-7.609375
-7.153125
-5.935
-6.575
-6.84125
-6.445
-6.904375
-5.7525
-5.023125
-4.555
-3.786875
-3.76625
-4.205
-4.435625
-4.421875
-4.341875
-3.761875
-3.738125
-4.5975
-5.456875
-6.31625
-6.591875
-5.936875
-5.281875
-4.626875
-4.5425
-4.62625
-4.95375
-4.6
-3.98125
-3.61
-3.36625
-3.87
-4.914375
-6.0075
-6.25125
-6.238125
-5.003125
-3.723125
-2.718125
-2.094375
-2.833125
-3.833125
-5.345
-6.549375
-6.7
-6.0775
-4.58875
-3.946875
-3.12
-3.176875
-4.719375
-5.435
-6.8325
-7.728125
-7.59875
-7.663125
-8.0375
-8.62875
-9.415625
-9.375625
-8.8425
-7.995625
-6.95125
-7.27
-7.345625
-7.578125
-7.4675
-6.14125
-4.92625
-3.87
-3.6975
-4.28875
-5.18125
-5.764375
-5.22625
-4.275
-4.025
-4.07625
-5.585
-7.516875
-8.136875
-7.794375
-5.895625
-4.34625
-2.99125
-3.258125
-4.46625
-5.13375
-6.371875
-6.8
-7.529375
-7.526875
-7.185
-6.304375
-4.495
-4.149375
-3.878125
-4.68625
-5.841875
-5.765625
-5.804375
-4.62125
-3.671875
-3.2225
-2.235625
-2.133125
-1.8475
-1.689375
-2.26125
-3.009375
-4.34625
-5.92625
-7.19875
-7.509375
-7.305625
-6.303125
-5.1375
-4.864375
-4.864375
-4.864375
-4.864375
