0.0790624141158
0.0790624141158
0.0790624141158
0.0790624141158
0.0825467581279
0.079141334705
0.0726635791694
0.0660980825083
0.0545457330887
0.0423752497605
0.0392548689361
0.0364603837212
0.0419432755944
0.0516488832272
0.0479602741608
0.0407181495072
0.0335451964287
0.0334815957186
0.039628116899
0.0518457204614
0.0661157235811
0.0608610050584
0.0535624753953
0.0390754406554
0.0214506161377
0.0219417807456
0.0241248635138
0.0285588079091
0.034836940778
0.0411661399104
0.0476044351514
0.0568309483841
0.0658817472461
0.0530669005192
0.0402952279969
0.0238985471184
0.00954358830564
0.00933885901255
0.0196927760735
0.0339741530428
0.0443083399565
0.0552474299743
0.0447215124528
0.0335250020427
0.0242574036798
0.0147203147167
0.0160464127343
0.0142518978081
0.0142518978081
0.0142518978081
0.0142518978081
