-0.144375
-0.144375
-0.144375
-0.144375
-0.13875
-0.12625
-0.094375
-0.06875
-0.04375
-0.01625
-0.02
-0.000625
-0.016875
-0.06125
-0.03875
-0.046875
-0.035
0.008125
0.000625
-0.00375
-0.008125
-0.019375
-0.019375
-0.03125
-0.04375
-0.08125
-0.125625
-0.125625
-0.13125
-0.114375
-0.0875
-0.07
-0.04375
-0.043125
-0.045
-0.07375
-0.1075
-0.096875
-0.091875
-0.048125
-0.003125
-0.003125
0.0025
-0.045625
-0.094375
-0.095625
-0.09375
-0.09
-0.073125
-0.080625
-0.11625
-0.105625
-0.1225
-0.14625
-0.143125
-0.16375
-0.1725
-0.1425
-0.096875
-0.045
-0.045
-0.045
-0.045
