0.114095433255
0.114095433255
0.114095433255
0.114095433255
0.0850409836064
0.0697453161591
0.0556937939109
0.0563524590164
0.0570111241218
0.0576697892273
0.0432523419204
0.042593676815
0.0419350117096
0.0412763466041
0.0693793911006
0.0843091334893
0.100702576112
0.11731557377
0.119584309133
0.106923302108
0.0913348946135
0.0900175644027
0.0890661592505
0.102459016393
0.131074355972
0.130488875878
0.129244730679
0.12800058548
0.0997511709602
0.0862119437939
0.0585480093677
0.0455942622951
0.04537470726
0.0451551522248
0.0593530444965
0.0578893442622
0.05693793911
0.0559865339578
0.0693793911006
0.0699648711943
0.084894613583
0.114534543325
0.130196135831
0.173960772834
0.189036885246
0.174692622951
0.145491803279
0.0876024590163
0.0440573770491
0.0299326697892
0.0300790398126
0.0445696721311
0.0734777517564
0.0867242388759
0.114607728337
0.143515807963
0.143588992974
0.130854800937
0.103703161593
0.0759660421546
0.0769906323186
0.0917740046839
0.0921399297424
0.0906030444965
0.075087822014
0.075087822014
0.075087822014
0.075087822014
