-0.820625
-0.820625
-0.820625
-0.820625
-2.51
-4.325
-5.75875
-5.886875
-5.789375
-5.03875
-5.2425
-5.714375
-5.399375
-5.358125
-4.030625
-2.744375
-2.081875
-1.791875
-1.783125
-2.3875
-3.25125
-2.964375
-3.063125
-2.809375
-2.07625
-2.74875
-3.276875
-3.2425
-3.1125
-2.346875
-2.20875
-3.113125
-4.473125
-5.62875
-5.575625
-4.915
-4.528125
-3.876875
-3.61625
-3.343125
-1.83375
-0.87125
-0.591875
-0.070625
-1.085
-2.43625
-3.725
-5.359375
-5.95875
-5.981875
-5.2025
-4.626875
-4.211875
-3.70125
-3.563125
-3.298125
-3.003125
-3.4075
-3.684375
-3.358125
-3.48125
-2.735625
-2.1175
-2.233125
-2.261875
-3.52875
-4.56375
-5.888125
-5.888125
-5.888125
-5.888125
