-0.455
-0.455
-0.455
-0.455
-0.314375
-0.10125
-0.060625
-0.04875
-0.044375
-0.085625
-0.161875
-0.180625
-0.36875
-0.611875
-0.745625
-0.930625
-0.82125
-0.61
-0.47
-0.359375
-0.314375
-0.285625
-0.305625
-0.258125
-0.30625
-0.37
-0.3725
-0.361875
-0.27875
-0.228125
-0.145
-0.169375
-0.23
-0.26375
-0.37
-0.366875
-0.37875
-0.354375
-0.22375
-0.113125
-0.005625
0.00625
-0.131875
-0.344375
-0.584375
-0.73875
-0.92
-1.158125
-1.305
-1.445
-1.356875
-1.155625
-1.02875
-0.97125
-1.010625
-0.880625
-0.66
-0.51
-0.428125
-0.5625
-0.820625
-0.838125
-0.805625
-0.805625
-0.805625
-0.805625
