-0.089375
-0.089375
-0.089375
-0.089375
-0.113125
-0.165625
-0.190625
-0.205
-0.199375
-0.171875
-0.160625
-0.13875
-0.12
-0.075
-0.033125
0.01125
0.01875
-0.003125
-0.015
-0.02875
0.01625
0.0375
0.055625
0.088125
0.10125
0.138125
0.171875
0.129375
0.10125
0.05875
0.054375
0.125625
0.12875
0.155625
0.095625
0.000625
-0.04375
-0.094375
-0.089375
-0.0825
-0.071875
-0.070625
-0.068125
-0.054375
-0.051875
-0.04
-0.038125
-0.034375
0.011875
0.051875
0.091875
0.1625
0.16625
0.205
0.290625
0.300625
0.33625
0.32625
0.228125
0.21
0.1775
0.184375
0.184375
0.184375
0.184375
