0.09625
0.09625
0.09625
0.09625
0.10875
0.11375
0.11125
0.125
0.12375
0.12875
0.12125
0.105
0.1025
0.10625
0.12625
0.145
0.1575
0.155
0.139375
0.12875
0.108125
0.105
0.111875
0.1125
0.130625
0.13375
0.130625
0.13
0.119375
0.12
0.130625
0.14125
0.143125
0.13125
0.10625
0.0725
0.06
0.055
0.05625
0.06875
0.07
0.075
0.09
0.10625
0.12375
0.14625
0.155
0.16375
0.1725
0.165625
0.155625
0.139375
0.120625
0.10875
0.114375
0.125
0.134375
0.144375
0.13125
0.104375
0.07
0.0475
0.044375
0.06125
0.099375
0.115
0.116875
0.101875
0.07625
0.06375
0.06375
0.06375
0.06375
