-0.0856875
-0.0856875
-0.0856875
-0.0856875
-0.0378125
-0.0025625
0.025125
-0.0230625
0.011875
0.0110625
0.0344375
0.0739375
0.0145625
-0.067
-0.1995625
-0.3140625
-0.3430625
-0.2685625
-0.1750625
-0.0525625
0.0440625
0.023375
0.0183125
-0.0290625
-0.1360625
-0.17125
-0.211625
-0.2516875
-0.205625
-0.1629375
-0.0835
0.0501875
0.1256875
0.184625
0.2041875
0.1711875
0.189
0.2088125
0.1816875
0.1184375
-0.022125
-0.184875
-0.311
-0.383
-0.3604375
-0.2915
-0.1488125
0.0263125
0.1425625
0.2194375
0.179
0.06925
-0.0391875
-0.1440625
-0.1625625
-0.142
-0.1379375
-0.11
-0.1165625
-0.1506875
-0.1114375
-0.102375
-0.074125
0.0025625
0.022375
0.0774375
0.067625
0.0345625
0.0345625
0.0345625
0.0345625
